3401 1809
3401 1810
3401 1811
3401 1812
3401 1813
3401 1814
3401 1815
3401 1816
3401 1817
3401 1818
3401 1819
3401 1820
3401 1821
3401 1822
3401 1823
3401 1824
3401 1825
3401 1826
3401 1827
3401 1828
3401 1829
3401 1830
3400 1831
3400 1832
3400 1833
3400 1834
3400 1835
3400 1836
3400 1837
3400 1838
3400 1839
3400 1840
3400 1841
3400 1842
3400 1843
3400 1844
3399 1845
3398 1846
3397 1847
3397 1848
3397 1849
3396 1850
3395 1851
3394 1852
3393 1852
3392 1853
3391 1853
3390 1853
3389 1854
3388 1854
3387 1854
3386 1854
3385 1854
3384 1854
3383 1854
3382 1854
3381 1854
3380 1854
3379 1855
3378 1855
3377 1855
3376 1856
3375 1856
3374 1857
3373 1857
3372 1858
3371 1858
3370 1859
3369 1859
3368 1860
3367 1861
3366 1861
3365 1862
3364 1862
3363 1863
3362 1863
3361 1864
3360 1864
3359 1864
3358 1864
3357 1864
3356 1865
3355 1865
3354 1865
3353 1865
3352 1865
3351 1865
3350 1865
3349 1865
3348 1865
3347 1865
3346 1865
3345 1865
3344 1865
3343 1865
3342 1865
3341 1865
3340 1865
3339 1865
3338 1865
3337 1865
3336 1866
3335 1866
3334 1866
3333 1866
3332 1866
3331 1866
3330 1866
3329 1866
3328 1866
3327 1866
3326 1866
3325 1866
3324 1866
3323 1866
3322 1866
3321 1866
3320 1866
3319 1866
3318 1866
3317 1866
3316 1866
3315 1866
3314 1866
3313 1865
3312 1865
3311 1865
3310 1865
3309 1865
3308 1864
3307 1864
3306 1864
3305 1863
3304 1863
3303 1863
3302 1862
3301 1861
3300 1861
3299 1860
3298 1860
3297 1859
3296 1858
3295 1858
3294 1858
3293 1857
3292 1857
3291 1857
3290 1857
3289 1856
3288 1856
3287 1856
3286 1856
3285 1855
3284 1855
3283 1854
3282 1853
3281 1853
3280 1852
3279 1852
3278 1851
3277 1851
3276 1851
3275 1851
3274 1850
3273 1850
3272 1850
3271 1850
3270 1850
3269 1850
3268 1850
3267 1850
3266 1850
3265 1850
3264 1850
3263 1849
3262 1849
3261 1849
3260 1849
3259 1849
3258 1849
3257 1849
3256 1849
3255 1849
3254 1849
3253 1849
3252 1849
3251 1849
3250 1849
3249 1849
3248 1849
3247 1849
3246 1849
3245 1849
3244 1849
3243 1849
3242 1849
3241 1849
3240 1849
3239 1848
3238 1848
3237 1847
3236 1847
3235 1847
3234 1846
3233 1846
3232 1846
3231 1846
3230 1845
3229 1845
3228 1845
3227 1844
3226 1844
3225 1844
3224 1843
3223 1843
3222 1842
3221 1842
3220 1842
3219 1841
3218 1841
3217 1841
3216 1840
3215 1840
3214 1840
3213 1840
3212 1840
3211 1839
3210 1839
3209 1838
3208 1838
3207 1837
3206 1836
3205 1836
3204 1836
3203 1835
3202 1835
3201 1835
3200 1834
3199 1834
3198 1834
3197 1834
3196 1834
3195 1834
3194 1834
3193 1833
3192 1833
3191 1833
3190 1833
3189 1833
3188 1833
3187 1833
3186 1833
3185 1833
3184 1833
3183 1833
3182 1833
3181 1833
3180 1833
3179 1833
3178 1833
3177 1833
3176 1833
3175 1833
3174 1833
3173 1833
3172 1833
3171 1833
3170 1833
3169 1833
3168 1833
3167 1833
3166 1833
3165 1833
3164 1833
3163 1833
3162 1833
3161 1833
3160 1833
3159 1833
3158 1833
3157 1833
3156 1833
3155 1833
3154 1833
3153 1833
3152 1833
3151 1833
3150 1833
3149 1833
3148 1833
3147 1833
3146 1833
3145 1833
3144 1833
3143 1833
3142 1833
3141 1833
3140 1833
3139 1833
3138 1833
3137 1833
3136 1833
3135 1833
3134 1834
3133 1834
3132 1835
3131 1836
3131 1837
3130 1838
3130 1839
3129 1840
3129 1841
3129 1842
3128 1843
3128 1844
3128 1845
3128 1846
3128 1847
3128 1848
3127 1849
3126 1850
3126 1851
3125 1852
3124 1853
3124 1854
3123 1855
3122 1856
3121 1856
3120 1857
3120 1858
3119 1859
3118 1860
3117 1861
3116 1862
3115 1863
3114 1864
3114 1865
3113 1866
3112 1867
3111 1867
3110 1868
3109 1868
3108 1869
3107 1869
3106 1870
3105 1871
3104 1871
3103 1872
3102 1873
3101 1874
3100 1875
3099 1876
3098 1877
3097 1877
3096 1878
3095 1879
3094 1879
3093 1880
3092 1881
3091 1881
3090 1882
3089 1883
3088 1884
3087 1884
3086 1885
3085 1885
3084 1885
3083 1885
3082 1886
3081 1886
3080 1887
3079 1887
3078 1888
3077 1889
3076 1890
3075 1891
3074 1892
3073 1893
3072 1894
3072 1895
3071 1896
3071 1897
3070 1898
3069 1899
3068 1900
3067 1901
3066 1902
3066 1903
3065 1904
3064 1905
3063 1905
3062 1906
3061 1906
3060 1907
3059 1907
3058 1908
3057 1908
3056 1909
3055 1910
3054 1910
3053 1911
3052 1912
3051 1912
3050 1913
3049 1913
3048 1914
3047 1915
3046 1916
3045 1916
3044 1916
3043 1917
3042 1917
3041 1917
3040 1918
3039 1918
3038 1918
3037 1918
3036 1919
3035 1919
3034 1919
3033 1919
3032 1919
3031 1920
3030 1920
3029 1921
3028 1922
3027 1923
3026 1924
3025 1924
3024 1925
3023 1926
3022 1927
3021 1928
3020 1928
3019 1929
3018 1930
3017 1930
3016 1931
3015 1932
3014 1932
3013 1932
3012 1933
3011 1934
3010 1934
3009 1935
3008 1936
3007 1937
3006 1937
3005 1938
3004 1939
3003 1939
3002 1940
3001 1941
3000 1942
2999 1943
2998 1944
2997 1944
2996 1945
2996 1946
2995 1947
2994 1948
2993 1949
2992 1950
2991 1950
2990 1951
2989 1952
2988 1953
2987 1954
2986 1955
2985 1955
2984 1956
2983 1956
2982 1956
2981 1957
2980 1957
2979 1958
2978 1959
2978 1960
2977 1961
2976 1962
2975 1962
2974 1963
2973 1963
2972 1963
2971 1963
2970 1963
2969 1963
2968 1963
2967 1963
2966 1963
2965 1963
2964 1963
2963 1964
2962 1964
2961 1964
2960 1964
2959 1964
2958 1964
2957 1964
2956 1964
2955 1964
2954 1964
2953 1964
2952 1964
2951 1964
2950 1964
2949 1964
2948 1964
2947 1964
2946 1964
2945 1964
2944 1964
2943 1964
2942 1964
2941 1964
2940 1964
2939 1964
2938 1964
2937 1964
2936 1964
2935 1964
2934 1964
2933 1964
2932 1964
2931 1964
2930 1964
2929 1964
2928 1964
2927 1964
2926 1964
2925 1964
2924 1964
2923 1964
2922 1964
2921 1964
2920 1964
2919 1964
2918 1964
2917 1964
2916 1964
2915 1964
2914 1964
2913 1964
2912 1964
2911 1964
2910 1964
2909 1964
2908 1964
2907 1964
2906 1964
2905 1964
2904 1964
2903 1964
2902 1964
2901 1964
2900 1964
2899 1964
2898 1964
2897 1964
2896 1964
2895 1964
2894 1964
2893 1964
2892 1964
2891 1964
2890 1963
2889 1963
2888 1963
2887 1963
2886 1963
2885 1962
2884 1962
2883 1962
2882 1961
2881 1961
2880 1961
2879 1960
2878 1960
2877 1960
2876 1960
2875 1960
2874 1960
2873 1960
2872 1959
2871 1959
2870 1959
2869 1959
2868 1959
2867 1959
2866 1959
2865 1959
2864 1959
2863 1959
2862 1959
2861 1959
2860 1959
2859 1959
2858 1959
2857 1959
2856 1959
2855 1959
2854 1959
2853 1959
2852 1959
2851 1959
2850 1959
2849 1959
2848 1958
2847 1958
2846 1958
2845 1958
2844 1958
2843 1958
2842 1958
2841 1958
2840 1958
2839 1958
2838 1958
2837 1958
2836 1958
2835 1958
2834 1958
2833 1958
2832 1958
2831 1958
2830 1958
2829 1958
2828 1958
2827 1958
2826 1959
2825 1959
2824 1959
2823 1960
2822 1960
2821 1961
2820 1961
2819 1961
2818 1962
2817 1962
2816 1962
2815 1963
2814 1963
2813 1964
2812 1964
2811 1965
2810 1965
2809 1966
2808 1967
2807 1968
2806 1969
2805 1970
2804 1971
2803 1971
2802 1972
2801 1972
2800 1973
2799 1974
2798 1975
2797 1976
2796 1977
2795 1978
2794 1978
2794 1979
2793 1980
2792 1981
2792 1982
2791 1983
2791 1984
2790 1985
2789 1986
2788 1987
2787 1988
2786 1989
2786 1990
2785 1991
2784 1991
2783 1992
2782 1993
2781 1994
2780 1995
2779 1995
2778 1996
2777 1996
2776 1997
2775 1998
2774 1999
2773 1999
2772 2000
2771 2001
2770 2002
2769 2003
2768 2003
2767 2004
2766 2004
2765 2005
2764 2005
2763 2005
2762 2006
2761 2006
2760 2007
2759 2007
2758 2008
2757 2009
2756 2009
2755 2010
2754 2011
2753 2011
2752 2011
2751 2012
2750 2012
2749 2012
2748 2012
2747 2012
2746 2013
2745 2013
2744 2014
2743 2014
2742 2015
2741 2015
2740 2016
2739 2016
2738 2016
2737 2017
2736 2017
2735 2017
2734 2017
2733 2017
2732 2018
2731 2018
2730 2018
2729 2018
2728 2018
2727 2018
2726 2019
2725 2019
2724 2019
2723 2020
2722 2020
2721 2020
2720 2021
2719 2021
2718 2021
2717 2022
2716 2022
2715 2022
2714 2022
2713 2023
2712 2023
2711 2023
2710 2023
2709 2023
2708 2023
2707 2024
2706 2024
2705 2025
2704 2026
2703 2026
2702 2027
2701 2027
2700 2027
2699 2028
2698 2028
2697 2028
2696 2028
2695 2029
2694 2029
2693 2029
2692 2029
2691 2029
2690 2029
2689 2029
2688 2029
2687 2029
2686 2029
2685 2029
2684 2029
2683 2029
2682 2029
2681 2029
2680 2029
2679 2029
2678 2029
2677 2029
2676 2029
2675 2029
2674 2029
2673 2029
2672 2029
2671 2029
2670 2029
2669 2029
2668 2029
2667 2029
2666 2029
2665 2029
2664 2029
2663 2029
2662 2029
2661 2029
2660 2029
2659 2030
2658 2030
2657 2031
2656 2031
2655 2031
2654 2032
2653 2032
2652 2032
2651 2033
2650 2033
2649 2034
2648 2034
2647 2035
2646 2035
2645 2036
2644 2037
2643 2037
2642 2038
2641 2038
2640 2039
2639 2039
2638 2040
2637 2041
2636 2042
2635 2042
2634 2043
2633 2043
2632 2044
2631 2044
2630 2045
2629 2045
2628 2046
2627 2047
2626 2047
2625 2048
2624 2048
2623 2048
2622 2049
2621 2049
2620 2049
2619 2050
2618 2051
2617 2051
2616 2052
2615 2053
2614 2053
2613 2054
2612 2055
2611 2056
2610 2057
2609 2058
2608 2058
2607 2059
2606 2059
2605 2060
2604 2060
2603 2060
2602 2061
2601 2061
2600 2061
2599 2061
2598 2061
2597 2062
2596 2062
2595 2062
2594 2062
2593 2062
2592 2062
2591 2062
2590 2062
2589 2062
2588 2062
2587 2062
2586 2062
2585 2062
2584 2062
2583 2063
2582 2063
2581 2064
2580 2064
2579 2065
2578 2065
2577 2066
2576 2066
2575 2066
2574 2066
2573 2066
2572 2067
2571 2067
2570 2067
2569 2067
2568 2067
2567 2067
2566 2067
2565 2067
2564 2067
2563 2067
2562 2067
2561 2067
2560 2067
2559 2068
2558 2068
2557 2068
2556 2069
2555 2069
2554 2069
2553 2070
2552 2070
2551 2070
2550 2071
2549 2071
2548 2071
2547 2072
2546 2072
2545 2073
2544 2073
2543 2073
2542 2074
2541 2074
2540 2075
2539 2075
2538 2076
2537 2076
2536 2076
2535 2077
2534 2078
2533 2078
2532 2079
2531 2080
2530 2080
2529 2081
2528 2081
2527 2082
2526 2083
2525 2084
2524 2084
2523 2085
2522 2085
2521 2086
2520 2086
2519 2086
2518 2087
2517 2087
2516 2088
2515 2088
2514 2089
2513 2089
2512 2090
2511 2091
2510 2091
2509 2092
2508 2092
2507 2093
2506 2093
2505 2093
2504 2093
2503 2094
2502 2094
2501 2094
2500 2095
2499 2095
2498 2096
2497 2097
2496 2097
2495 2098
2494 2098
2493 2098
2492 2099
2491 2099
2490 2099
2489 2099
2488 2099
2487 2099
2486 2099
2485 2100
2484 2100
2483 2100
2482 2100
2481 2100
2480 2100
2479 2100
2478 2100
2477 2100
2476 2100
2475 2100
2474 2100
2473 2100
2472 2100
2471 2100
2470 2100
2469 2100
2468 2100
2467 2100
2466 2100
2465 2100
2464 2100
2463 2100
2462 2100
2461 2100
2460 2100
2459 2100
2458 2100
2457 2100
2456 2100
2455 2100
2454 2100
2453 2100
2452 2100
2451 2100
2450 2100
2449 2100
2448 2100
2447 2100
2446 2100
2445 2100
2444 2100
2443 2100
2442 2100
2441 2100
2440 2100
2439 2100
2438 2100
2437 2100
2436 2100
2435 2100
2434 2100
2433 2100
2432 2100
2431 2101
2430 2101
2429 2101
2428 2102
2427 2102
2426 2103
2425 2104
2424 2104
2423 2105
2422 2106
2421 2106
2420 2107
2419 2108
2418 2108
2417 2109
2416 2110
2415 2111
2414 2112
2413 2112
2412 2113
2411 2114
2410 2114
2409 2115
2408 2116
2407 2116
2406 2116
2405 2116
2404 2116
2403 2116
2402 2116
2401 2116
2400 2116
2399 2116
2398 2116
2397 2116
2396 2117
2395 2117
2394 2117
2393 2117
2392 2117
2391 2117
2390 2117
2389 2117
2388 2117
2387 2117
2386 2117
2385 2117
2384 2118
2383 2119
2382 2119
2381 2120
2380 2121
2379 2121
2379 2122
2378 2123
2378 2124
2377 2125
2376 2126
2375 2127
2374 2128
2373 2129
2373 2130
2372 2131
2372 2132
2371 2133
2370 2134
2369 2135
2368 2136
2367 2137
2367 2138
2366 2139
2365 2140
2364 2141
2364 2142
2363 2143
2362 2144
2361 2145
2360 2146
2359 2146
2358 2147
2357 2148
2356 2149
2355 2150
2354 2151
2353 2151
2352 2152
2351 2153
2350 2153
2349 2154
2348 2155
2347 2156
2346 2156
2345 2157
2344 2158
2343 2158
2342 2159
2341 2159
2340 2160
2339 2161
2338 2161
2337 2162
2336 2163
2335 2163
2334 2164
2333 2164
2332 2164
2331 2165
2330 2166
2329 2166
2328 2167
2327 2168
2326 2168
2325 2169
2324 2170
2323 2171
2323 2172
2322 2173
2321 2174
2320 2174
2319 2174
2318 2175
2317 2175
2316 2176
2315 2176
2314 2177
2313 2177
2312 2178
2311 2178
2310 2179
2309 2179
2308 2180
2307 2180
2306 2180
2305 2180
2304 2181
2303 2181
2302 2181
2301 2181
2300 2181
2299 2181
2298 2182
2297 2182
2296 2182
2295 2182
2294 2182
2293 2183
2292 2183
2291 2183
2290 2184
2289 2184
2288 2185
2287 2185
2286 2185
2285 2186
2284 2186
2283 2186
2282 2186
2281 2187
2280 2187
2279 2187
2278 2187
2277 2187
2276 2187
2275 2187
2274 2187
2273 2187
2272 2187
2271 2187
2270 2187
2269 2187
2268 2188
2267 2188
2266 2188
2265 2188
2264 2188
2263 2188
2262 2188
2261 2188
2260 2188
2259 2188
2258 2188
2257 2188
2256 2188
2255 2188
2254 2188
2253 2188
2252 2188
2251 2188
2250 2188
2249 2188
2248 2188
2247 2188
2246 2188
2245 2188
2244 2188
2243 2188
2242 2188
2241 2188
2240 2188
2239 2188
2238 2188
2237 2188
2236 2188
2235 2188
2234 2188
2233 2188
2232 2188
2231 2188
2230 2188
2229 2188
2228 2188
2227 2188
2226 2188
2225 2188
2224 2188
2223 2188
2222 2188
2221 2189
2220 2189
2219 2190
2218 2190
2217 2191
2216 2191
2215 2191
2214 2192
2213 2192
2212 2193
2211 2193
2210 2194
2209 2194
2208 2194
2207 2195
2206 2195
2205 2196
2204 2196
2203 2196
2202 2196
2201 2196
2200 2197
2199 2197
2198 2197
2197 2198
2196 2198
2195 2199
2194 2199
2193 2200
2192 2200
2191 2201
2190 2202
2189 2202
2188 2203
2187 2203
2186 2204
2185 2204
2184 2205
2183 2205
2182 2205
2181 2206
2180 2206
2179 2206
2178 2207
2177 2207
2176 2207
2175 2208
2174 2208
2173 2208
2172 2208
2171 2208
2170 2208
2169 2209
2168 2210
2167 2211
2166 2211
2165 2212
2164 2212
2163 2213
2162 2213
2161 2214
2160 2215
2159 2215
2158 2216
2157 2216
2156 2217
2155 2218
2154 2218
2153 2219
2152 2219
2151 2219
2150 2219
2149 2220
2148 2220
2147 2220
2146 2221
2145 2222
2144 2222
2143 2223
2142 2223
2141 2224
2140 2224
2139 2224
2138 2224
2137 2224
2136 2225
2135 2225
2134 2225
2133 2225
2132 2225
2131 2225
2130 2225
2129 2225
2128 2226
2127 2226
2126 2226
2125 2226
2124 2226
2123 2226
2122 2226
2121 2226
2120 2226
2119 2226
2118 2226
2117 2226
2116 2226
2115 2226
2114 2226
2113 2226
2112 2226
2111 2226
2110 2226
2109 2226
2108 2226
2107 2226
2106 2226
2105 2226
2104 2226
2103 2226
2102 2226
2101 2226
2100 2226
2099 2226
2098 2226
2097 2226
2096 2226
2095 2226
2094 2226
2093 2226
2092 2226
2091 2226
2090 2226
2089 2226
2088 2226
2087 2226
2086 2226
2085 2226
2084 2226
2083 2226
2082 2226
2081 2226
2080 2226
2079 2226
2078 2226
2077 2226
2076 2226
2075 2226
2074 2226
2073 2226
2072 2226
2071 2226
2070 2226
2069 2226
2068 2226
2067 2226
2066 2226
2065 2226
2064 2226
2063 2226
2062 2226
2061 2226
2060 2226
2059 2226
2058 2226
2057 2226
2056 2226
2055 2226
2054 2226
2053 2226
2052 2226
2051 2226
2050 2225
2049 2225
2048 2224
2047 2223
2046 2223
2045 2222
2044 2222
2043 2221
2042 2220
2041 2220
2040 2219
2039 2219
2038 2218
2037 2218
2036 2217
2035 2217
2034 2216
2033 2215
2032 2215
2031 2214
2030 2213
2029 2213
2028 2212
2027 2211
2026 2210
2025 2209
2024 2209
2023 2208
2022 2208
2021 2207
2020 2207
2019 2207
2018 2206
2017 2206
2016 2206
2015 2206
2014 2206
2013 2206
2012 2206
2011 2206
2010 2206
2009 2205
2008 2205
2007 2204
2006 2204
2005 2203
2004 2202
2003 2202
2002 2202
2001 2201
2000 2201
1999 2201
1998 2201
1997 2201
1996 2201
1995 2201
1994 2200
1993 2200
1992 2200
1991 2200
1990 2200
1989 2200
1988 2200
1987 2200
1986 2200
1985 2200
1984 2200
1983 2200
1982 2200
1981 2200
1980 2200
1979 2200
1978 2200
1977 2200
1976 2200
1975 2200
1974 2200
1973 2200
1972 2200
1971 2200
1970 2200
1969 2200
1968 2200
1967 2200
1966 2200
1965 2200
1964 2200
1963 2200
1962 2200
1961 2201
1960 2201
1959 2201
1958 2201
1957 2202
1956 2202
1955 2202
1954 2203
1953 2203
1953 2204
1952 2205
1951 2205
1950 2205
1949 2205
1948 2204
1947 2204
1946 2204
1945 2204
1944 2204
1943 2203
1944 2204
1944 2205
1944 2206
1943 2207
1942 2207
1941 2207
1940 2206
1940 2205
1939 2205
1938 2205
1937 2205
1937 2206
1937 2207
1936 2208
1935 2208
1934 2208
1933 2208
1932 2208
1932 2209
1931 2210
1930 2210
1929 2210
1928 2209
1927 2209
1926 2209
1925 2210
1924 2210
1923 2210
1923 2211
1922 2212
1921 2212
1920 2212
1919 2211
1919 2210
1919 2211
1919 2212
1918 2213
1917 2214
1916 2215
1915 2215
1914 2215
1913 2214
1913 2213
1913 2212
1913 2211
1912 2211
1911 2210
1911 2211
1911 2212
1910 2213
1910 2214
1910 2215
1909 2216
1908 2216
1907 2216
1906 2215
1905 2215
1904 2215
1904 2216
1904 2217
1904 2218
1904 2219
1903 2220
1903 2221
1903 2222
1903 2223
1903 2224
1903 2225
1902 2226
1901 2227
1900 2227
1899 2227
1898 2226
1897 2226
1896 2226
1895 2226
1894 2225
1894 2226
1894 2227
1894 2228
1894 2229
1894 2230
1894 2231
1893 2232
1892 2232
1891 2232
1890 2231
1890 2230
1890 2229
1890 2228
1890 2227
1890 2228
1890 2229
1889 2230
1889 2231
1889 2232
1888 2233
1887 2233
1886 2233
1885 2234
1884 2234
1883 2234
1882 2233
1881 2234
1880 2235
1879 2235
1879 2236
1879 2237
1878 2238
1877 2238
1876 2238
1875 2237
1874 2238
1873 2238
1872 2239
1871 2239
1870 2239
1869 2238
1869 2237
1868 2237
1867 2237
1868 2238
1868 2239
1868 2240
1867 2241
1867 2242
1866 2243
1865 2243
1864 2243
1863 2243
1862 2243
1861 2244
1860 2244
1859 2244
1858 2244
1857 2244
1856 2244
1855 2244
1854 2244
1853 2244
1853 2245
1852 2246
1851 2246
1850 2247
1849 2247
1848 2247
1847 2246
1846 2247
1845 2248
1844 2249
1844 2250
1844 2251
1843 2252
1842 2252
1841 2252
1840 2252
1839 2252
1838 2252
1837 2252
1836 2252
1835 2252
1834 2252
1833 2252
1832 2252
1832 2253
1832 2254
1832 2255
1831 2256
1830 2257
1829 2257
1828 2257
1827 2258
1827 2259
1826 2260
1825 2260
1824 2260
1823 2260
1822 2260
1821 2259
1820 2259
1819 2259
1818 2259
1817 2260
1817 2261
1816 2262
1816 2263
1815 2264
1814 2264
1813 2264
1812 2263
1812 2262
1811 2263
1811 2264
1810 2265
1810 2266
1810 2267
1809 2268
1808 2268
1807 2268
1806 2267
1805 2268
1804 2268
1804 2269
1803 2270
1802 2270
1801 2271
1800 2272
1799 2272
1798 2272
1797 2273
1796 2273
1795 2273
1794 2273
1794 2274
1794 2275
1793 2276
1792 2276
1791 2276
1790 2275
1789 2275
1788 2275
1788 2276
1787 2277
1786 2278
1785 2278
1784 2278
1783 2277
1783 2276
1783 2277
1782 2278
1781 2278
1780 2279
1779 2280
1778 2280
1777 2280
1777 2281
1776 2282
1775 2282
1774 2282
1773 2281
1773 2282
1772 2283
1772 2284
1771 2285
1770 2285
1769 2285
1768 2284
1768 2283
1768 2282
1767 2282
1766 2281
1765 2281
1765 2282
1765 2283
1765 2284
1764 2285
1763 2286
1762 2286
1761 2286
1760 2286
1759 2286
1759 2287
1758 2288
1757 2288
1756 2288
1755 2288
1754 2289
1753 2289
1752 2289
1751 2289
1750 2288
1750 2287
1750 2288
1749 2289
1748 2289
1747 2290
1746 2290
1745 2290
1744 2289
1743 2289
1742 2289
1741 2289
1740 2289
1740 2290
1739 2291
1739 2292
1738 2293
1737 2293
1736 2293
1735 2293
1734 2293
1733 2293
1732 2293
1731 2293
1730 2292
1729 2292
1728 2292
1728 2293
1727 2294
1727 2295
1726 2296
1725 2296
1724 2296
1723 2295
1723 2294
1722 2294
1721 2295
1720 2295
1719 2295
1718 2295
1718 2296
1717 2297
1717 2298
1716 2299
1715 2299
1714 2299
1713 2298
1713 2297
1712 2297
1711 2297
1710 2297
1709 2297
1709 2298
1708 2299
1707 2299
1706 2299
1705 2299
1704 2298
1703 2299
1702 2299
1701 2299
1700 2299
1700 2300
1699 2301
1698 2301
1697 2301
1696 2300
1696 2299
1695 2300
1695 2301
1695 2302
1695 2303
1695 2304
1694 2305
1693 2305
1692 2305
1691 2305
1690 2304
1690 2303
1690 2302
1690 2303
1690 2304
1689 2305
1688 2305
1687 2305
1686 2305
1685 2304
1685 2303
1685 2302
1684 2302
1683 2302
1683 2303
1683 2304
1683 2305
1682 2306
1681 2306
1680 2306
1679 2305
1679 2304
1678 2304
1677 2304
1676 2304
1675 2304
1674 2305
1673 2305
1672 2305
1672 2306
1672 2307
1671 2308
1671 2309
1670 2310
1669 2311
1668 2311
1667 2311
1667 2312
1666 2313
1665 2313
1664 2313
1663 2312
1663 2311
1663 2310
1663 2309
1663 2308
1662 2308
1661 2308
1660 2308
1659 2307
1659 2306
1659 2307
1659 2308
1659 2309
1658 2310
1658 2311
1658 2312
1658 2313
1657 2314
1656 2314
1655 2314
1654 2313
1653 2314
1652 2314
1651 2314
1650 2314
1649 2314
1648 2315
1647 2315
1646 2315
1645 2314
1644 2314
1643 2314
1642 2314
1641 2315
1641 2316
1640 2317
1639 2317
1638 2317
1637 2317
1636 2316
1636 2315
1636 2316
1636 2317
1635 2318
1634 2319
1633 2319
1632 2319
1631 2318
1630 2318
1629 2318
1628 2318
1627 2318
1627 2319
1626 2320
1625 2321
1624 2321
1623 2321
1622 2320
1622 2319
1622 2318
1622 2317
1622 2318
1622 2319
1621 2320
1620 2320
1619 2320
1618 2320
1617 2320
1616 2320
1615 2321
1614 2321
1613 2321
1612 2321
1611 2320
1611 2319
1611 2320
1610 2321
1609 2321
1608 2321
1607 2320
1606 2320
1606 2321
1606 2322
1606 2323
1605 2324
1604 2324
1603 2325
1602 2326
1601 2326
1600 2326
1599 2325
1599 2324
1599 2323
1598 2324
1598 2325
1598 2326
1598 2327
1597 2328
1596 2328
1595 2328
1594 2327
1593 2326
1592 2327
1591 2327
1590 2327
1589 2327
1588 2326
1588 2325
1587 2325
1586 2325
1585 2324
1584 2324
1583 2325
1583 2326
1582 2327
1582 2328
1582 2329
1581 2330
1580 2330
1579 2330
1578 2330
1578 2331
1578 2332
1578 2333
1577 2334
1576 2334
1575 2334
1574 2333
1573 2333
1572 2334
1571 2334
1570 2334
1569 2333
1569 2334
1569 2335
1568 2336
1567 2336
1566 2336
1565 2335
1565 2334
1564 2334
1563 2334
1562 2333
1562 2332
1562 2333
1561 2334
1560 2334
1559 2334
1558 2335
1557 2335
1557 2336
1557 2337
1557 2338
1556 2339
1555 2339
1554 2339
1553 2338
1553 2337
1552 2336
1551 2336
1550 2336
1550 2337
1550 2338
1550 2339
1549 2340
1548 2340
1547 2340
1546 2339
1546 2340
1545 2341
1544 2341
1543 2341
1542 2342
1541 2342
1540 2342
1539 2341
1539 2340
1539 2339
1538 2338
1537 2338
1536 2338
1536 2339
1536 2340
1536 2341
1535 2342
1534 2342
1533 2342
1532 2342
1531 2342
1530 2342
1529 2342
1528 2342
1527 2342
1526 2342
1525 2342
1524 2341
1524 2340
1524 2341
1523 2342
1522 2342
1521 2342
1520 2342
1519 2342
1518 2342
1517 2342
1516 2343
1515 2343
1514 2343
1513 2343
1512 2343
1511 2343
1510 2343
1509 2343
1508 2343
1507 2343
1506 2343
1505 2343
1504 2343
1503 2343
1502 2343
1502 2344
1501 2345
1501 2346
1500 2347
1499 2347
1498 2347
1497 2346
1496 2347
1495 2347
1494 2347
1493 2348
1492 2348
1491 2348
1490 2347
1489 2347
1488 2347
1487 2347
1486 2347
1485 2347
1484 2347
1483 2347
1483 2348
1482 2349
1482 2350
1482 2351
1481 2352
1480 2352
1479 2352
1478 2352
1477 2351
1476 2351
1475 2351
1474 2350
1474 2349
1473 2349
1472 2349
1471 2349
1470 2349
1469 2348
1469 2349
1469 2350
1469 2351
1468 2352
1467 2353
1466 2353
1465 2353
1464 2352
1463 2352
1462 2352
1461 2352
1460 2353
1459 2353
1458 2353
1457 2353
1456 2353
1455 2353
1454 2353
1453 2354
1452 2355
1451 2355
1450 2355
1449 2356
1448 2357
1447 2357
1446 2357
1446 2358
1445 2359
1445 2360
1444 2361
1443 2361
1442 2361
1441 2360
1441 2359
1440 2359
1439 2359
1438 2358
1437 2358
1437 2359
1437 2360
1436 2361
1435 2362
1434 2363
1433 2363
1432 2363
1431 2363
1430 2362
1430 2361
1429 2361
1428 2360
1427 2359
1427 2360
1427 2361
1427 2362
1426 2363
1425 2364
1424 2364
1423 2364
1422 2363
1421 2364
1420 2364
1419 2364
1418 2364
1417 2363
1416 2363
1416 2364
1415 2365
1414 2365
1413 2365
1412 2365
1412 2366
1411 2367
1411 2368
1410 2369
1409 2369
1408 2369
1407 2369
1406 2369
1405 2369
1404 2369
1403 2368
1403 2367
1402 2367
1401 2367
1400 2367
1399 2366
1399 2367
1399 2368
1398 2369
1397 2369
1396 2369
1395 2369
1394 2370
1394 2371
1394 2372
1393 2373
1392 2373
1391 2373
1390 2372
1389 2372
1388 2371
1387 2372
1386 2373
1385 2373
1384 2373
1383 2373
1382 2374
1381 2374
1380 2374
1379 2375
1379 2376
1378 2377
1377 2377
1376 2377
1375 2376
1375 2375
1375 2374
1375 2373
1374 2373
1373 2373
1372 2374
1371 2375
1370 2375
1369 2375
1368 2374
1367 2375
1366 2376
1365 2376
1364 2376
1363 2376
1362 2377
1361 2378
1360 2378
1359 2378
1358 2379
1357 2379
1356 2379
1355 2378
1355 2377
1354 2378
1353 2379
1352 2379
1351 2379
1350 2379
1349 2379
1348 2379
1347 2379
1346 2379
1345 2379
1344 2379
1343 2379
1342 2379
1341 2380
1340 2380
1339 2380
1338 2380
1337 2380
1336 2381
1335 2381
1334 2381
1333 2381
1332 2382
1331 2382
1330 2382
1329 2383
1328 2383
1327 2383
1326 2383
1325 2384
1324 2384
1323 2384
1322 2384
1321 2385
1320 2385
1319 2385
1318 2386
1317 2386
1316 2387
1315 2387
1314 2388
1313 2388
1312 2388
1311 2388
1310 2389
1309 2389
1308 2389
1307 2389
1306 2389
1305 2389
1304 2389
1303 2390
1302 2390
1301 2390
1300 2390
1299 2390
1298 2390
1297 2390
1296 2390
1295 2390
1294 2390
1293 2390
1292 2390
1291 2390
1290 2390
1289 2390
1288 2390
1287 2390
1286 2390
1285 2390
1284 2391
1283 2391
1282 2391
1281 2392
1280 2392
1279 2393
1278 2393
1277 2393
1276 2393
1275 2394
1274 2394
1273 2394
1272 2394
1271 2394
1270 2394
1269 2394
1268 2395
1267 2395
1266 2395
1265 2394
1264 2395
1263 2395
1262 2395
1261 2395
1260 2395
1259 2395
1258 2395
1257 2396
1256 2396
1255 2396
1254 2395
1253 2396
1252 2396
1251 2396
1250 2397
1249 2397
1248 2397
1247 2397
1246 2398
1245 2398
1244 2399
1243 2399
1242 2398
1241 2398
1240 2399
1239 2399
1238 2399
1237 2399
1236 2399
1235 2399
1234 2400
1233 2400
1232 2400
1231 2400
1230 2400
1229 2400
1228 2400
1227 2400
1226 2400
1225 2400
1224 2400
1223 2400
1222 2400
1221 2400
1220 2400
1219 2400
1218 2401
1217 2401
1216 2401
1215 2401
1214 2402
1213 2402
1212 2402
1211 2402
1210 2403
1209 2403
1208 2403
1207 2404
1206 2404
1205 2404
1204 2404
1203 2404
1202 2405
1201 2405
1200 2405
1199 2405
1198 2405
1197 2405
1196 2405
1195 2405
1194 2405
1193 2405
1192 2405
1191 2406
1190 2406
1189 2406
1188 2407
1187 2407
1186 2407
1185 2408
1184 2408
1183 2408
1182 2409
1181 2409
1180 2410
1179 2410
1178 2410
1177 2411
1176 2411
1175 2412
1174 2412
1173 2413
1172 2413
1171 2414
1170 2414
1169 2414
1168 2415
1167 2415
1166 2415
1165 2415
1164 2415
1163 2416
1162 2416
1161 2416
1160 2416
1159 2416
1158 2416
1157 2416
1156 2416
1155 2416
1154 2417
1153 2417
1152 2417
1151 2417
1150 2417
1149 2417
1148 2417
1147 2417
1146 2417
1145 2417
1144 2417
1143 2417
1142 2417
1141 2417
1140 2418
1139 2418
1138 2419
1137 2419
1136 2419
1135 2420
1134 2420
1133 2420
1132 2420
1131 2421
1130 2421
1129 2421
1128 2421
1127 2421
1126 2421
1125 2421
1124 2421
1123 2422
1122 2422
1121 2422
1120 2422
1119 2422
1118 2423
1117 2423
1116 2423
1115 2424
1114 2424
1113 2425
1112 2425
1111 2425
1110 2426
1109 2426
1108 2426
1107 2426
1106 2426
1105 2427
1104 2427
1103 2427
1102 2427
1101 2427
1100 2427
1099 2427
1098 2427
1097 2427
1096 2428
1095 2428
1094 2429
1093 2429
1092 2429
1091 2430
1090 2430
1089 2430
1088 2431
1087 2431
1086 2431
1085 2432
1084 2432
1083 2432
1082 2433
1081 2433
1080 2434
1079 2434
1078 2435
1077 2435
1076 2435
1075 2436
1074 2436
1073 2436
1072 2437
1071 2437
1070 2437
1069 2437
1068 2438
1067 2438
1066 2438
1065 2438
1064 2438
1063 2438
1062 2439
1061 2439
1060 2439
1059 2439
1058 2440
1057 2440
1056 2441
1055 2441
1054 2441
1053 2442
1052 2442
1051 2442
1050 2442
1049 2443
1048 2443
1047 2443
1046 2443
1045 2443
1044 2443
1043 2444
1042 2444
1041 2444
1040 2444
1039 2445
1038 2445
1037 2446
1036 2446
1035 2446
1034 2447
1033 2447
1032 2447
1031 2448
1030 2448
1029 2448
1028 2449
1027 2449
1026 2450
1025 2451
1024 2451
1023 2452
1022 2453
1021 2453
1020 2453
1019 2454
1018 2454
1017 2455
1017 2456
1016 2457
1016 2458
1015 2459
1016 2460
1017 2461
1018 2462
1019 2462
1020 2463
1021 2463
1022 2463
1023 2464
1024 2464
1025 2464
1026 2464
1027 2464
1028 2464
1029 2465
1030 2465
1031 2466
1032 2466
1033 2466
1034 2467
1035 2467
1036 2468
1037 2468
1038 2468
1039 2468
1040 2469
1041 2469
1042 2469
1043 2470
1044 2471
1045 2471
1046 2472
1047 2472
1048 2473
1049 2473
1050 2474
1051 2474
1052 2475
1053 2476
1054 2476
1055 2477
1056 2477
1057 2478
1058 2478
1059 2478
1060 2479
1061 2479
1062 2479
1063 2479
1064 2480
1065 2480
1066 2480
1067 2480
1068 2480
1069 2481
1070 2481
1071 2481
1072 2481
1073 2481
1074 2482
1075 2482
1076 2483
1077 2483
1078 2483
1079 2483
1080 2484
1081 2484
1082 2484
1083 2485
1084 2485
1085 2485
1086 2485
1087 2486
1088 2486
1089 2486
1090 2486
1091 2486
1092 2486
1093 2487
1094 2486
1095 2486
1096 2486
1097 2486
1098 2486
1099 2486
1100 2486
1101 2487
1102 2487
1103 2487
1104 2487
1105 2487
1106 2487
1107 2487
1108 2487
1109 2487
1110 2487
1111 2487
1112 2487
1113 2487
1114 2487
1115 2487
1116 2487
1117 2487
1118 2487
1119 2487
1120 2487
1121 2487
1122 2487
1123 2487
1124 2487
1125 2487
1126 2487
1127 2487
1128 2487
1129 2487
1130 2487
1131 2487
1132 2488
1133 2488
1134 2488
1135 2488
1136 2488
1137 2488
1138 2488
1139 2488
1140 2488
1141 2488
1142 2488
1143 2488
1144 2488
1145 2488
1146 2488
1147 2487
1148 2487
1149 2486
1150 2486
1151 2485
1152 2485
1153 2485
1154 2485
1155 2484
1156 2484
1157 2484
1158 2484
1159 2484
1160 2483
1161 2483
1162 2483
1163 2483
1164 2483
1165 2483
1166 2483
1167 2483
1168 2483
1169 2483
1170 2483
1171 2483
1172 2482
1173 2482
1174 2482
1175 2482
1176 2482
1177 2482
1178 2482
1179 2482
1180 2482
1181 2482
1182 2482
1183 2482
1184 2482
1185 2482
1186 2482
1187 2482
1188 2482
1189 2482
1190 2482
1191 2482
1192 2482
1193 2482
1194 2482
1195 2482
1196 2482
1197 2482
1198 2482
1199 2482
1200 2482
1201 2482
1202 2482
1203 2482
1204 2482
1205 2482
1206 2482
1207 2482
1208 2482
1209 2482
1210 2482
1211 2482
1212 2482
1213 2482
1214 2482
1215 2482
1216 2482
1217 2482
1218 2482
1219 2482
1220 2482
1221 2482
1222 2482
1223 2482
1224 2482
1225 2482
1226 2482
1227 2482
1228 2482
1229 2482
1230 2482
1231 2482
1232 2482
1233 2482
1234 2482
1235 2482
1236 2482
1237 2482
1238 2482
1239 2482
1240 2482
1241 2482
1242 2482
1243 2482
1244 2482
1245 2482
1246 2482
1247 2482
1248 2482
1249 2482
1250 2482
1251 2482
1252 2482
1253 2482
1254 2482
1255 2482
1256 2482
1257 2482
1258 2482
1259 2482
1260 2482
1261 2482
1262 2482
1263 2482
1264 2482
1265 2482
1266 2482
1267 2482
1268 2482
1269 2482
1270 2482
1271 2482
1272 2482
1273 2482
1274 2482
1275 2482
1276 2482
1277 2482
1278 2482
1279 2482
1280 2482
1281 2482
1282 2482
1283 2482
1284 2482
1285 2482
1286 2482
1287 2482
1288 2482
1289 2482
1290 2482
1291 2482
1292 2482
1293 2482
1294 2482
1295 2482
1296 2482
1297 2482
1298 2482
1299 2482
1300 2482
1301 2482
1302 2482
1303 2482
1304 2482
1305 2482
1306 2482
1307 2482
1308 2483
1309 2483
1310 2483
1311 2484
1312 2484
1313 2484
1314 2485
1315 2485
1316 2486
1317 2486
1318 2486
1319 2486
1320 2487
1321 2487
1322 2487
1323 2487
1324 2487
1325 2488
1326 2488
1327 2489
1328 2489
1329 2490
1330 2490
1331 2490
1332 2491
1333 2491
1334 2491
1335 2492
1336 2492
1337 2492
1338 2493
1339 2493
1340 2493
1341 2494
1342 2494
1343 2495
1344 2495
1345 2495
1346 2496
1347 2496
1348 2496
1349 2496
1350 2497
1351 2497
1352 2497
1353 2497
1354 2497
1355 2497
1356 2497
1357 2498
1358 2498
1359 2498
1360 2498
1361 2498
1362 2498
1363 2498
1364 2498
1365 2498
1366 2498
1367 2498
1368 2498
1369 2498
1370 2498
1371 2498
1372 2498
1373 2498
1374 2498
1375 2498
1376 2499
1377 2499
1378 2500
1379 2500
1380 2501
1381 2501
1382 2501
1383 2502
1384 2502
1385 2502
1386 2502
1387 2502
1388 2503
1389 2503
1390 2503
1391 2503
1392 2503
1393 2503
1394 2504
1395 2504
1396 2504
1397 2504
1398 2505
1399 2505
1400 2506
1401 2506
1402 2507
1403 2507
1404 2507
1405 2507
1406 2508
1407 2508
1408 2508
1409 2508
1410 2508
1411 2508
1412 2508
1413 2509
1414 2509
1415 2509
1416 2509
1417 2509
1418 2509
1419 2509
1420 2509
1421 2509
1422 2509
1423 2509
1424 2509
1425 2509
1426 2509
1427 2509
1428 2509
1429 2509
1430 2509
1431 2509
1432 2509
1433 2509
1434 2509
1435 2509
1436 2509
1437 2509
1438 2509
1439 2509
1440 2509
1441 2509
1442 2509
1443 2509
1444 2509
1445 2509
1446 2509
1447 2510
1448 2510
1449 2510
1450 2511
1451 2511
1452 2511
1453 2511
1454 2512
1455 2512
1456 2512
1457 2512
1458 2513
1459 2513
1460 2513
1461 2513
1462 2513
1463 2513
1464 2514
1465 2514
1466 2514
1467 2514
1468 2514
1469 2514
1470 2514
1471 2515
1472 2515
1473 2515
1474 2515
1475 2515
1476 2516
1477 2516
1478 2517
1479 2517
1480 2517
1481 2517
1482 2518
1483 2518
1484 2518
1485 2518
1486 2518
1487 2518
1488 2519
1489 2519
1490 2519
1491 2519
1492 2519
1493 2519
1494 2519
1495 2519
1496 2519
1497 2519
1498 2520
1499 2520
1500 2520
1501 2520
1502 2520
1503 2520
1504 2520
1505 2520
1506 2520
1507 2520
1508 2520
1509 2520
1510 2520
1511 2520
1512 2520
1513 2520
1514 2520
1515 2520
1516 2520
1517 2520
1518 2520
1519 2520
1520 2520
1521 2520
1522 2520
1523 2520
1524 2520
1525 2520
1526 2521
1527 2521
1528 2521
1529 2521
1530 2521
1531 2522
1532 2522
1533 2522
1534 2522
1535 2523
1536 2523
1537 2523
1538 2523
1539 2523
1540 2524
1541 2524
1542 2524
1543 2524
1544 2525
1545 2525
1546 2525
1547 2526
1548 2526
1549 2526
1550 2527
1551 2527
1552 2527
1553 2528
1554 2528
1555 2528
1556 2528
1557 2529
1558 2529
1559 2529
1560 2529
1561 2529
1562 2529
1563 2529
1564 2530
1565 2530
1566 2530
1567 2530
1568 2530
1569 2530
1570 2530
1571 2530
1572 2530
1573 2530
1574 2530
1575 2531
1576 2531
1577 2531
1578 2531
1579 2531
1580 2531
1581 2531
1582 2531
1583 2531
1584 2531
1585 2531
1586 2531
1587 2531
1588 2531
1589 2531
1590 2531
1591 2532
1592 2532
1593 2532
1594 2532
1595 2533
1596 2533
1597 2533
1598 2533
1599 2533
1600 2534
1601 2534
1602 2534
1603 2534
1604 2535
1605 2535
1606 2535
1607 2535
1608 2535
1609 2535
1610 2536
1611 2536
1612 2536
1613 2537
1614 2537
1615 2537
1616 2538
1617 2538
1618 2538
1619 2538
1620 2538
1621 2539
1622 2539
1623 2539
1624 2540
1625 2539
1626 2539
1627 2540
1628 2540
1629 2540
1630 2540
1631 2540
1632 2540
1633 2540
1634 2540
1635 2540
1636 2540
1637 2541
1638 2541
1639 2541
1640 2541
1641 2541
1642 2542
1643 2542
1644 2542
1645 2543
1646 2543
1647 2544
1648 2544
1649 2544
1650 2544
1651 2545
1652 2545
1653 2545
1654 2545
1655 2545
1656 2545
1657 2545
1658 2545
1659 2545
1660 2545
1661 2545
1662 2546
1663 2546
1664 2545
1665 2545
1666 2545
1667 2546
1668 2546
1669 2546
1670 2546
1671 2546
1672 2546
1673 2546
1674 2546
1674 2545
1674 2544
1675 2543
1676 2543
1677 2543
1678 2544
1678 2545
1678 2546
1678 2545
1679 2544
1680 2544
1681 2544
1682 2545
1682 2546
1683 2546
1684 2547
1685 2547
1686 2547
1687 2547
1688 2547
1689 2547
1690 2547
1691 2547
1692 2547
1693 2547
1694 2547
1695 2547
1696 2547
1697 2546
1698 2546
1699 2546
1700 2547
1701 2547
1702 2547
1703 2547
1704 2546
1705 2546
1706 2546
1707 2547
1708 2547
1709 2547
1710 2547
1711 2547
1712 2547
1713 2547
1714 2547
1715 2546
1716 2546
1717 2546
1718 2547
1719 2546
1720 2546
1721 2546
1722 2547
1723 2547
1724 2547
1725 2547
1726 2547
1727 2547
1728 2547
1729 2547
1730 2546
1731 2546
1732 2546
1733 2547
1734 2547
1735 2547
1736 2547
1737 2547
1738 2547
1739 2547
1740 2547
1741 2547
1742 2547
1743 2546
1744 2546
1745 2546
1746 2547
1747 2547
1748 2547
1749 2547
1750 2547
1751 2547
1752 2547
1753 2547
1754 2547
1755 2547
1756 2547
1757 2546
1758 2546
1759 2546
1760 2547
1761 2547
1762 2547
1763 2547
1764 2547
1765 2547
1766 2547
1767 2547
1768 2547
1769 2547
1770 2547
1771 2547
1772 2547
1773 2547
1774 2547
1775 2547
1776 2548
1777 2548
1778 2548
1779 2549
1780 2549
1781 2549
1782 2549
1783 2550
1784 2550
1785 2550
1786 2551
1787 2551
1788 2551
1789 2551
1790 2551
1791 2551
1792 2551
1793 2551
1794 2551
1795 2551
1796 2552
1797 2552
1798 2552
1799 2551
1800 2551
1801 2551
1802 2552
1803 2552
1804 2552
1805 2552
1806 2552
1807 2552
1808 2552
1809 2552
1810 2552
1811 2552
1812 2552
1813 2552
1814 2552
1815 2552
1816 2552
1817 2552
1818 2552
1819 2552
1820 2552
1821 2552
1822 2552
1823 2552
1824 2553
1825 2552
1826 2552
1827 2552
1828 2553
1829 2553
1830 2553
1831 2553
1832 2553
1833 2553
1834 2553
1835 2553
1836 2553
1837 2553
1838 2553
1839 2553
1840 2553
1841 2553
1842 2553
1843 2553
1844 2553
1845 2553
1846 2553
1847 2553
1848 2553
1849 2553
1850 2553
1851 2553
1852 2553
1853 2553
1854 2553
1855 2553
1856 2554
1857 2554
1858 2554
1859 2554
1860 2555
1861 2555
1862 2555
1863 2556
1864 2556
1865 2556
1866 2556
1867 2556
1868 2557
1869 2557
1870 2557
1871 2557
1872 2557
1873 2557
1874 2558
1875 2558
1876 2558
1877 2558
1878 2558
1879 2559
1880 2559
1881 2559
1882 2560
1883 2560
1884 2561
1885 2561
1886 2562
1887 2562
1888 2563
1889 2563
1890 2564
1891 2564
1892 2565
1893 2565
1894 2566
1895 2566
1896 2566
1897 2567
1898 2567
1899 2567
1900 2567
1901 2568
1902 2568
1903 2568
1904 2568
1905 2568
1906 2568
1907 2569
1908 2569
1909 2569
1910 2569
1911 2569
1912 2569
1913 2569
1914 2569
1915 2569
1916 2569
1917 2569
1918 2569
1919 2569
1920 2569
1921 2570
1922 2570
1923 2570
1924 2570
1925 2571
1926 2571
1927 2571
1928 2572
1929 2572
1930 2572
1931 2573
1932 2573
1933 2573
1934 2573
1935 2573
1936 2573
1937 2574
1938 2574
1939 2574
1940 2574
1941 2574
1942 2574
1943 2574
1944 2574
1945 2574
1946 2574
1947 2574
1948 2574
1949 2574
1950 2574
1951 2575
1952 2575
1953 2575
1954 2575
1955 2575
1956 2575
1957 2575
1958 2575
1959 2575
1960 2575
1961 2575
1962 2575
1963 2575
1964 2575
1965 2575
1966 2575
1967 2575
1968 2575
1969 2575
1970 2575
1971 2575
1972 2575
1973 2575
1974 2575
1975 2575
1976 2575
1977 2575
1978 2575
1979 2575
1980 2575
1981 2575
1982 2575
1983 2575
1984 2575
1985 2575
1986 2575
1987 2575
1988 2575
1989 2575
1990 2575
1991 2575
1992 2575
1993 2575
1994 2575
1995 2575
1996 2575
1997 2575
1998 2575
1999 2575
2000 2575
2001 2575
2002 2575
2003 2575
2004 2575
2005 2575
2006 2575
2007 2575
2008 2575
2009 2575
2010 2575
2011 2575
2012 2575
2013 2575
2014 2575
2015 2575
2016 2575
2017 2575
2018 2575
2019 2575
2020 2575
2021 2575
2022 2575
2023 2575
2024 2575
2025 2575
2026 2575
2027 2575
2028 2575
2029 2575
2030 2575
2031 2575
2032 2575
2033 2575
2034 2575
2035 2575
2036 2575
2037 2575
2038 2575
2039 2575
2040 2575
2041 2575
2042 2575
2043 2575
2044 2575
2045 2575
2046 2575
2047 2575
2048 2575
2049 2575
2050 2575
2051 2575
2052 2575
2053 2575
2054 2575
2055 2575
2056 2575
2057 2575
2058 2575
2059 2575
2060 2575
2061 2575
2062 2575
2063 2575
2064 2575
2065 2575
2066 2575
2067 2575
2068 2575
2069 2576
2070 2576
2071 2576
2072 2576
2073 2576
2074 2577
2075 2577
2076 2577
2077 2577
2078 2578
2079 2578
2080 2578
2081 2578
2082 2579
2083 2579
2084 2579
2085 2579
2086 2579
2087 2579
2088 2579
2089 2580
2090 2580
2091 2580
2092 2580
2093 2580
2094 2580
2095 2580
2096 2580
2097 2580
2098 2580
2099 2580
2100 2580
2101 2580
2102 2580
2103 2580
2104 2580
2105 2580
2106 2580
2107 2580
2108 2580
2109 2580
2110 2580
2111 2580
2112 2580
2113 2580
2114 2580
2115 2580
2116 2580
2117 2580
2118 2580
2119 2580
2120 2580
2121 2580
2122 2580
2123 2580
2124 2580
2125 2580
2126 2580
2127 2580
2128 2580
2129 2580
2130 2580
2131 2580
2132 2580
2133 2580
2134 2580
2135 2580
2136 2580
2137 2580
2138 2580
2139 2580
2140 2580
2141 2580
2142 2580
2143 2580
2144 2580
2145 2580
2146 2580
2147 2580
2148 2580
2149 2580
2150 2580
2151 2580
2152 2580
2153 2580
2154 2580
2155 2580
2156 2580
2157 2580
2158 2580
2159 2580
2160 2580
2161 2580
2162 2580
2163 2580
2164 2580
2165 2580
2166 2580
2167 2580
2168 2580
2169 2580
2170 2580
2171 2580
2172 2580
2173 2580
2174 2580
2175 2580
2176 2580
2177 2580
2178 2580
2179 2580
2180 2580
2181 2580
2182 2580
2183 2580
2184 2580
2185 2580
2186 2580
2187 2580
2188 2580
2189 2580
2190 2580
2191 2580
2192 2580
2193 2580
2194 2580
2195 2580
2196 2580
2197 2580
2198 2580
2199 2580
2200 2580
2201 2580
2202 2580
2203 2580
2204 2580
2205 2580
2206 2580
2207 2580
2208 2580
2209 2580
2210 2580
2211 2580
2212 2580
2213 2580
2214 2580
2215 2580
2216 2580
2217 2580
2218 2580
2219 2580
2220 2580
2221 2580
2222 2580
2223 2580
2224 2580
2225 2580
2226 2580
2227 2580
2228 2580
2229 2580
2230 2580
2231 2580
2232 2580
2233 2580
2234 2580
2235 2580
2236 2580
2237 2580
2238 2580
2239 2580
2240 2580
2241 2580
2242 2580
2243 2580
2244 2580
2245 2580
2246 2580
2247 2580
2248 2580
2249 2580
2250 2580
2251 2580
2252 2580
2253 2580
2254 2580
2255 2580
2256 2580
2257 2580
2258 2580
2259 2580
2260 2580
2261 2580
2262 2580
2263 2580
2264 2580
2265 2580
2266 2580
2267 2580
2268 2580
2269 2580
2270 2581
2271 2581
2272 2581
2273 2581
2274 2581
2275 2582
2276 2582
2277 2582
2278 2582
2279 2583
2280 2583
2281 2583
2282 2584
2283 2584
2284 2585
2285 2585
2286 2585
2287 2586
2288 2586
2289 2587
2290 2587
2291 2587
2292 2588
2293 2588
2294 2589
2295 2589
2296 2589
2297 2589
2298 2589
2299 2590
2300 2590
2301 2590
2302 2590
2303 2590
2304 2590
2305 2590
2306 2591
2307 2591
2308 2591
2309 2591
2310 2591
2311 2591
2312 2591
2313 2591
2314 2591
2315 2591
2316 2591
2317 2591
2318 2591
2319 2591
2320 2591
2321 2591
2322 2591
2323 2591
2324 2591
2325 2591
2326 2591
2327 2591
2328 2591
2329 2592
2330 2592
2331 2592
2332 2592
2333 2593
2334 2593
2335 2593
2336 2593
2337 2594
2338 2594
2339 2594
2340 2594
2341 2594
2342 2595
2343 2595
2344 2595
2345 2595
2346 2595
2347 2595
2348 2595
2349 2595
2350 2596
2351 2596
2352 2596
2353 2596
2354 2596
2355 2596
2356 2596
2357 2596
2358 2596
2359 2596
2360 2596
2361 2596
2362 2596
2363 2597
2364 2597
2365 2597
2366 2598
2367 2598
2368 2598
2369 2599
2370 2599
2371 2599
2372 2600
2373 2600
2374 2600
2375 2600
2376 2600
2377 2601
2378 2601
2379 2601
2380 2601
2381 2602
2382 2602
2383 2602
2384 2602
2385 2603
2386 2603
2387 2604
2388 2604
2389 2604
2390 2605
2391 2605
2392 2605
2393 2605
2394 2605
2395 2605
2396 2605
2397 2606
2398 2606
2399 2606
2400 2606
2401 2606
2402 2606
2403 2606
2404 2606
2405 2607
2406 2607
2407 2607
2408 2607
2409 2607
2410 2607
2411 2607
2412 2607
2413 2607
2414 2607
2415 2607
2416 2607
2417 2607
2418 2607
2419 2607
2420 2607
2421 2607
2422 2607
2423 2607
2424 2607
2425 2607
2426 2607
2427 2607
2428 2607
2429 2607
2430 2607
2431 2608
2432 2608
2433 2608
2434 2608
2435 2608
2436 2608
2437 2608
2438 2608
2439 2608
2440 2608
2441 2608
2442 2608
2443 2608
2444 2608
2445 2608
2446 2608
2447 2608
2448 2608
2449 2608
2450 2608
2451 2608
2452 2608
2453 2608
2454 2608
2455 2608
2456 2608
2457 2608
2458 2608
2459 2608
2460 2608
2461 2608
2462 2608
2463 2608
2464 2608
2465 2608
2466 2608
2467 2608
2468 2608
2469 2608
2470 2608
2471 2608
2472 2608
2473 2608
2474 2608
2475 2608
2476 2608
2477 2608
2478 2608
2479 2608
2480 2608
2481 2608
2482 2608
2483 2608
2484 2608
2485 2608
2486 2608
2487 2608
2488 2608
2489 2608
2490 2608
2491 2608
2492 2608
2493 2608
2494 2608
2495 2608
2496 2608
2497 2608
2498 2608
2499 2608
2500 2608
2501 2608
2502 2608
2503 2607
2504 2607
2505 2607
2506 2607
2507 2607
2508 2606
2509 2606
2510 2606
2511 2606
2512 2605
2513 2605
2514 2605
2515 2605
2516 2605
2517 2604
2518 2604
2519 2604
2520 2604
2521 2604
2522 2604
2523 2604
2524 2603
2525 2603
2526 2603
2527 2603
2528 2603
2529 2603
2530 2602
2531 2602
2532 2602
2533 2602
2534 2601
2535 2601
2536 2601
2537 2600
2538 2600
2539 2600
2540 2599
2541 2599
2542 2599
2543 2599
2544 2599
2545 2599
2546 2598
2547 2598
2548 2598
2549 2598
2550 2598
2551 2598
2552 2598
2553 2598
2554 2598
2555 2598
2556 2597
2557 2597
2558 2597
2559 2597
2560 2597
2561 2597
2562 2597
2563 2597
2564 2597
2565 2597
2566 2597
2567 2597
2568 2597
2569 2597
2570 2597
2571 2597
2572 2597
2573 2597
2574 2597
2575 2597
2576 2597
2577 2597
2578 2597
2579 2597
2580 2597
2581 2597
2582 2597
2583 2597
2584 2597
2585 2597
2586 2597
2587 2597
2588 2597
2589 2597
2590 2597
2591 2597
2592 2597
2593 2597
2594 2597
2595 2597
2596 2597
2597 2597
2598 2597
2599 2597
2600 2597
2601 2597
2602 2597
2603 2597
2604 2597
2605 2597
2606 2597
2607 2597
2608 2597
2609 2597
2610 2597
2611 2597
2612 2597
2613 2597
2614 2597
2615 2597
2616 2597
2617 2597
2618 2597
2619 2597
2620 2597
2621 2596
2622 2596
2623 2596
2624 2596
2625 2596
2626 2596
2627 2595
2628 2595
2629 2595
2630 2595
2631 2595
2632 2595
2633 2594
2634 2594
2635 2594
2636 2594
2637 2594
2638 2594
2639 2594
2640 2593
2641 2593
2642 2593
2643 2593
2644 2593
2645 2593
2646 2593
2647 2593
2648 2593
2649 2593
2650 2593
2651 2592
2652 2592
2653 2592
2654 2592
2655 2592
2656 2592
2657 2592
2658 2592
2659 2592
2660 2592
2661 2592
2662 2592
2663 2592
2664 2592
2665 2592
2666 2592
2667 2592
2668 2592
2669 2592
2670 2592
2671 2592
2672 2592
2673 2592
2674 2592
2675 2592
2676 2592
2677 2592
2678 2591
2679 2591
2680 2591
2681 2591
2682 2591
2683 2591
2684 2591
2685 2591
2686 2591
2687 2591
2688 2591
2689 2591
2690 2591
2691 2591
2692 2591
2693 2591
2694 2591
2695 2591
2696 2591
2697 2591
2698 2591
2699 2591
2700 2591
2701 2591
2702 2591
2703 2591
2704 2591
2705 2591
2706 2591
2707 2591
2708 2591
2709 2591
2710 2591
2711 2591
2712 2591
2713 2591
2714 2591
2715 2591
2716 2591
2717 2591
2718 2591
2719 2591
2720 2591
2721 2591
2722 2591
2723 2591
2724 2591
2725 2591
2726 2591
2727 2590
2728 2589
2729 2589
2730 2589
2731 2588
2732 2588
2733 2588
2734 2588
2735 2588
2736 2587
2737 2587
2738 2587
2739 2587
2740 2587
2741 2587
2742 2587
2743 2587
2744 2587
2745 2587
2746 2587
2747 2586
2748 2586
2749 2586
2750 2586
2751 2586
2752 2586
2753 2586
2754 2586
2755 2586
2756 2586
2757 2586
2758 2586
2759 2586
2760 2586
2761 2586
2762 2586
2763 2586
2764 2586
2765 2586
2766 2586
2767 2586
2768 2586
2769 2586
2770 2586
2771 2586
2772 2586
2773 2586
2774 2586
2775 2586
2776 2586
2777 2586
2778 2586
2779 2586
2780 2586
2781 2586
2782 2586
2783 2586
2784 2586
2785 2586
2786 2586
2787 2586
2788 2586
2789 2586
2790 2586
2791 2586
2792 2586
2793 2586
2794 2586
2795 2586
2796 2586
2797 2586
2798 2586
2799 2586
2800 2586
2801 2586
2802 2586
2803 2586
2804 2586
2805 2586
2806 2586
2807 2586
2808 2586
2809 2586
2810 2586
2811 2586
2812 2586
2813 2586
2814 2586
2815 2587
2816 2587
2817 2588
2818 2588
2819 2589
2820 2589
2821 2589
2822 2590
2823 2590
2824 2590
2825 2590
2826 2591
2827 2591
2828 2591
2829 2592
2830 2593
2830 2594
2831 2595
2832 2596
2833 2597
2834 2598
2835 2599
2836 2600
2836 2601
2837 2602
2837 2603
2837 2604
2837 2605
2837 2606
2837 2607
2837 2608
2838 2609
2838 2610
2838 2611
2838 2612
2838 2613
2838 2614
2838 2615
2838 2616
2838 2617
2838 2618
2838 2619
2838 2620
2838 2621
2838 2622
2838 2623
2838 2624
2838 2625
2838 2626
2838 2627
2838 2628
2838 2629
2838 2630
2838 2631
2838 2632
2838 2633
2838 2634
2837 2635
2836 2636
2836 2637
2835 2638
2835 2639
2835 2640
2834 2641
2833 2642
2832 2643
2831 2643
2830 2644
2829 2645
2830 2645
2831 2645
2832 2645
2833 2645
2834 2646
2835 2646
2836 2646
2837 2646
2838 2646
2839 2646
2840 2646
2841 2646
2842 2646
2843 2646
2844 2646
2845 2646
2846 2646
2847 2646
2848 2646
2849 2646
2850 2646
2851 2646
2852 2645
2853 2645
2854 2645
2855 2644
2856 2644
2857 2643
2858 2643
2859 2642
2860 2642
2861 2641
2861 2640
2862 2639
2863 2638
2864 2638
2865 2637
2866 2637
2867 2636
2868 2636
2869 2635
2870 2634
2871 2633
2872 2633
2873 2632
2874 2631
2875 2632
2875 2633
2876 2634
2876 2635
2877 2636
2877 2637
2878 2638
2878 2639
2879 2640
2879 2641
2880 2642
2880 2643
2880 2644
2880 2645
2881 2646
2881 2647
2881 2648
2881 2649
2881 2650
2881 2651
2881 2652
2881 2653
2881 2654
2881 2655
2881 2656
2881 2657
2881 2658
2881 2659
2882 2660
2882 2661
2882 2662
2882 2663
2882 2664
2882 2665
2882 2666
2882 2667
2882 2668
2882 2669
2882 2670
2882 2671
2882 2672
2882 2673
2882 2674
2882 2675
2882 2676
2882 2677
2882 2678
2882 2679
2882 2680
2882 2681
2882 2682
2882 2683
2882 2684
2882 2685
2882 2686
2882 2687
2883 2688
2884 2688
2885 2688
2886 2688
2887 2688
2888 2688
2889 2687
2890 2687
2891 2686
2892 2685
2893 2685
2894 2684
2895 2683
2896 2683
2897 2682
2898 2681
2899 2681
2900 2680
2901 2679
2902 2679
2903 2678
2904 2678
2905 2677
2906 2677
2907 2676
2908 2676
2909 2675
2910 2675
2911 2674
2912 2674
2913 2673
2914 2672
2915 2672
2916 2671
2917 2671
2918 2670
2919 2669
2920 2669
2921 2668
2922 2667
2923 2667
2924 2666
2925 2665
2926 2664
2927 2663
2928 2662
2929 2661
2930 2660
2931 2660
2932 2660
2933 2659
2934 2659
2935 2659
2936 2658
2937 2658
2938 2658
2939 2658
2940 2658
2941 2658
2942 2657
2943 2657
2944 2657
2945 2657
2946 2657
2947 2657
2948 2657
2949 2657
2950 2657
2951 2657
2952 2657
2953 2657
2954 2657
2955 2657
2956 2657
2957 2657
2958 2657
2959 2657
2960 2658
2961 2658
2962 2658
2963 2659
2964 2660
2965 2660
2966 2660
2967 2660
2968 2661
2969 2661
2970 2662
2971 2663
2972 2664
2973 2665
2974 2665
2975 2666
2976 2667
2977 2667
2978 2668
2979 2669
2980 2670
2980 2671
2981 2672
2981 2673
2982 2674
2982 2675
2983 2676
2984 2677
2984 2678
2985 2679
2986 2680
2986 2681
2987 2682
2987 2683
2988 2684
2988 2685
2988 2686
2989 2687
2989 2688
2989 2689
2990 2690
2990 2691
2990 2692
2990 2693
2990 2694
2991 2695
2991 2696
2991 2697
2991 2698
2991 2699
2992 2699
2993 2699
2994 2698
2995 2698
2996 2698
2997 2697
2998 2697
2999 2697
3000 2697
3001 2696
3002 2696
3003 2695
3004 2695
3005 2694
3006 2694
3007 2693
3008 2693
3009 2693
3010 2692
3011 2692
3012 2692
3013 2691
3014 2691
3015 2691
3016 2690
3017 2690
3018 2690
3019 2690
3020 2690
3021 2690
3022 2690
3023 2690
3024 2690
3025 2690
3026 2690
3027 2690
3028 2690
3029 2690
3030 2690
3031 2690
3032 2690
3033 2690
3034 2690
3035 2690
3036 2690
3037 2690
3038 2690
3039 2690
3040 2690
3041 2690
3042 2690
3043 2690
3044 2690
3045 2690
3046 2690
3047 2690
3048 2690
3049 2690
3050 2690
3051 2691
3052 2691
3053 2691
3054 2692
3055 2692
3056 2693
3057 2693
3058 2693
3059 2694
3060 2694
3061 2694
3062 2695
3063 2696
3064 2697
3065 2698
3066 2698
3067 2698
3068 2699
3069 2699
3070 2700
3071 2700
3072 2700
3073 2700
3074 2700
3075 2700
3076 2700
3077 2700
3078 2700
3079 2700
3080 2700
3081 2699
3082 2699
3083 2698
3084 2698
3085 2697
3086 2696
3087 2695
3088 2694
3089 2693
3090 2693
3091 2693
3092 2692
3093 2692
3094 2692
3095 2691
3096 2690
3097 2690
3098 2689
3099 2688
3100 2688
3101 2687
3102 2686
3103 2685
3104 2685
3105 2684
3106 2684
3107 2683
3108 2683
3109 2682
3110 2682
3111 2682
3112 2681
3113 2681
3114 2681
3115 2681
3116 2681
3117 2680
3118 2680
3119 2680
3120 2680
3121 2680
3122 2680
3123 2680
3124 2679
3125 2679
3126 2679
3127 2679
3128 2679
3129 2679
3130 2679
3131 2679
3132 2679
3133 2679
3134 2679
3135 2679
3136 2679
3137 2679
3138 2679
3139 2679
3140 2679
3141 2679
3142 2679
3143 2679
3144 2679
3145 2679
3146 2679
3147 2679
3148 2679
3149 2679
3150 2679
3151 2679
3152 2679
3153 2679
3154 2680
3155 2680
3156 2680
3157 2680
3158 2680
3159 2680
3160 2681
3161 2681
3162 2681
3163 2682
3164 2682
3165 2682
3166 2682
3167 2682
3168 2682
3169 2683
3170 2683
3171 2683
3172 2683
3173 2683
3174 2683
3175 2683
3176 2683
3177 2684
3178 2684
3179 2684
3180 2684
3181 2685
3182 2685
3183 2685
3184 2686
3185 2686
3186 2687
3187 2687
3188 2687
3189 2687
3190 2688
3191 2688
3192 2688
3193 2688
3194 2688
3195 2688
3196 2689
3197 2690
3198 2691
3199 2691
3200 2692
3201 2693
3202 2694
3203 2695
3204 2695
3205 2696
3206 2696
3207 2697
3208 2697
3209 2697
3210 2698
3211 2698
3212 2698
3213 2698
3214 2698
3215 2699
3216 2699
3217 2699
3218 2699
3219 2699
3220 2699
3221 2700
3222 2700
3223 2700
3224 2700
3225 2700
3226 2700
3227 2700
3228 2701
3229 2701
3230 2702
3231 2702
3232 2703
3233 2703
3234 2704
3235 2704
3236 2704
3237 2704
3238 2705
3239 2705
3240 2705
3241 2705
3242 2705
3243 2705
3244 2705
3245 2705
3246 2705
3247 2705
3248 2705
3249 2706
3250 2706
3251 2706
3252 2706
3253 2706
3254 2706
3255 2706
3256 2706
3257 2706
3258 2706
3259 2706
3260 2706
3261 2706
3262 2706
3263 2706
3264 2706
3265 2706
3266 2706
3267 2706
3268 2706
3269 2706
3270 2706
3271 2706
3272 2706
3273 2706
3274 2706
3275 2707
3276 2707
3277 2707
3278 2707
3279 2707
3280 2708
3281 2708
3282 2708
3283 2708
3284 2708
3285 2709
3286 2709
3287 2709
3288 2709
3289 2710
3290 2710
3291 2711
3292 2711
3293 2712
3294 2712
3295 2713
3296 2713
3297 2713
3298 2714
3299 2714
3300 2714
3301 2714
3302 2715
3303 2715
3304 2715
3305 2715
3306 2715
3307 2716
3308 2716
3309 2716
3310 2716
3311 2717
3312 2717
3313 2718
3314 2718
3315 2718
3316 2719
3317 2719
3318 2719
3319 2720
3320 2720
3321 2720
3322 2720
3323 2721
3324 2721
3325 2721
3326 2721
3327 2721
3328 2721
3329 2722
3330 2722
3331 2722
3332 2722
3333 2722
3334 2722
3335 2722
3336 2722
3337 2722
3338 2723
3339 2723
3340 2723
3341 2724
3342 2724
3343 2725
3344 2725
3345 2725
3346 2725
3347 2726
3348 2726
3349 2726
3350 2726
3351 2726
3352 2726
3353 2727
3354 2727
3355 2727
3356 2727
3357 2727
3358 2727
3359 2727
3360 2727
3361 2727
3362 2727
3363 2727
3364 2727
3365 2727
3366 2727
3367 2727
3368 2728
3369 2728
3370 2728
3371 2728
3372 2728
3373 2728
3374 2728
3375 2728
3376 2728
3377 2728
3378 2728
3379 2728
3380 2728
3381 2728
3382 2728
3383 2728
3384 2728
3385 2728
3386 2728
3387 2728
3388 2728
3389 2728
3390 2728
3391 2728
3392 2728
3393 2728
3394 2728
3395 2728
3396 2729
3397 2729
3398 2730
3399 2730
3400 2731
3401 2732
3402 2732
3403 2733
3404 2733
3405 2734
3406 2734
3407 2735
3408 2735
3409 2736
3410 2737
3411 2737
3412 2738
3413 2738
3414 2739
3415 2740
3416 2740
3417 2741
3418 2742
3419 2743
3420 2744
3421 2744
3422 2745
3423 2745
3424 2746
3425 2746
3426 2747
3427 2747
3428 2747
3429 2748
3430 2748
3431 2749
3432 2750
3433 2750
3434 2751
3435 2752
3436 2752
3437 2752
3438 2753
3439 2753
3440 2754
3441 2754
3442 2754
3443 2754
3444 2754
3445 2754
3446 2754
3447 2754
3448 2755
3449 2755
3450 2755
3451 2755
3452 2755
3453 2755
3454 2755
3455 2755
3456 2755
3457 2755
3458 2755
3459 2755
3460 2755
3461 2755
3462 2755
3463 2755
3464 2755
3465 2755
3466 2755
3467 2755
3468 2755
3469 2755
3470 2755
3471 2755
3472 2755
3473 2755
3474 2755
3475 2756
3476 2756
3477 2756
3478 2756
3479 2757
3480 2757
3481 2758
3482 2758
3483 2758
3484 2759
3485 2759
3486 2760
3487 2760
3488 2760
3489 2761
3490 2761
3491 2762
3492 2762
3493 2763
3494 2763
3495 2763
3496 2764
3497 2764
3498 2764
3499 2764
3500 2765
3501 2765
3502 2765
3503 2765
3504 2766
3505 2766
3506 2767
3507 2768
3508 2768
3509 2768
3510 2769
3511 2769
3512 2769
3513 2769
3514 2770
3515 2770
3516 2770
3517 2770
3518 2770
3519 2770
3520 2770
3521 2771
3522 2771
3523 2771
3524 2771
3525 2771
3526 2771
3527 2771
3528 2771
3529 2771
3530 2771
3531 2771
3532 2771
3533 2771
3534 2771
3535 2771
3536 2771
3537 2771
3538 2771
3539 2771
3540 2771
3541 2771
3542 2771
3543 2771
3544 2771
3545 2771
3546 2771
3547 2771
3548 2771
3549 2771
3550 2771
3551 2771
3552 2771
3553 2771
3554 2771
3555 2771
3556 2771
3557 2771
3558 2771
3559 2771
3560 2772
3561 2772
3562 2772
3563 2772
3564 2772
3565 2773
3566 2773
3567 2773
3568 2774
3569 2774
3570 2774
3571 2775
3572 2775
3573 2775
3574 2776
3575 2777
3576 2777
3577 2778
3578 2778
3579 2779
3580 2779
3581 2780
3582 2780
3583 2780
3584 2781
3585 2781
3586 2782
3587 2782
3588 2783
3589 2783
3590 2784
3591 2784
3592 2785
3593 2785
3594 2786
3595 2786
3596 2787
3597 2787
3598 2788
3599 2788
3600 2789
3601 2789
3602 2790
3603 2790
3604 2790
3605 2791
3606 2791
3607 2791
3608 2791
3609 2791
3610 2792
3611 2792
3612 2792
3613 2792
3614 2792
3615 2792
3616 2792
3617 2792
3618 2793
3619 2793
3620 2793
3621 2793
3622 2793
3623 2793
3624 2793
3625 2793
3626 2793
3627 2793
3628 2793
3629 2793
3630 2793
3631 2793
3632 2793
3633 2793
3634 2793
3635 2793
3636 2793
3637 2793
3638 2793
3639 2793
3640 2793
3641 2793
3642 2793
3643 2793
3644 2793
3645 2793
3646 2793
3647 2793
3648 2793
3649 2793
3650 2793
3651 2793
3652 2793
3653 2793
3654 2793
3655 2793
3656 2793
3657 2793
3658 2793
3659 2793
3660 2793
3661 2793
3662 2793
3663 2793
3664 2793
3665 2793
3666 2793
3667 2794
3668 2794
3669 2794
3670 2795
3671 2795
3672 2795
3673 2795
3674 2796
3675 2796
3676 2796
3677 2797
3678 2797
3679 2797
3680 2797
3681 2797
3682 2798
3683 2798
3684 2798
3685 2798
3686 2799
3687 2799
3688 2799
3689 2800
3690 2800
3691 2800
3692 2801
3693 2801
3694 2801
3695 2801
3696 2802
3697 2802
3698 2802
3699 2802
3700 2802
3701 2803
3702 2803
3703 2803
3704 2803
3705 2803
3706 2803
3707 2803
3708 2803
3709 2803
3710 2804
3711 2804
3712 2804
3713 2804
3714 2804
3715 2804
3716 2804
3717 2804
3718 2804
3719 2804
3720 2804
3721 2804
3722 2804
3723 2804
3724 2804
3725 2804
3726 2804
3727 2804
3728 2804
3729 2804
3730 2804
3731 2804
3732 2804
3733 2804
3734 2804
3735 2804
3736 2804
3737 2804
3738 2804
3739 2804
3740 2804
3741 2804
3742 2804
3743 2804
3744 2804
3745 2804
3746 2804
3747 2804
3748 2804
3749 2804
3750 2804
3751 2804
3752 2804
3753 2803
3754 2803
3755 2803
3756 2803
3757 2802
3758 2802
3759 2802
3760 2802
3761 2801
3762 2801
3763 2801
3764 2801
3765 2801
3766 2801
3767 2800
3768 2800
3769 2800
3770 2800
3771 2800
3772 2800
3773 2799
3774 2799
3775 2798
3776 2798
3777 2797
3778 2797
3779 2797
3780 2796
3781 2796
3782 2796
3783 2795
3784 2795
3785 2794
3786 2794
3787 2793
3788 2792
3789 2792
3790 2791
3791 2791
3792 2790
3793 2790
3794 2789
3795 2788
3796 2787
3797 2786
3798 2785
3799 2784
3800 2783
3800 2782
3801 2781
3802 2780
3803 2780
3803 2779
3804 2778
3805 2777
3806 2776
3807 2776
3808 2775
3809 2775
3810 2774
3811 2774
3812 2774
3813 2773
3814 2772
3815 2772
3816 2771
3817 2770
3818 2769
3819 2769
3820 2768
3821 2767
3822 2766
3823 2765
3824 2764
3825 2764
3826 2763
3827 2762
3828 2762
3829 2761
3830 2760
3831 2759
3832 2759
3833 2758
3833 2757
3834 2756
3835 2756
3836 2755
3837 2754
3838 2753
3839 2752
3840 2752
3841 2751
3842 2750
3843 2749
3844 2748
3845 2747
3846 2746
3847 2745
3848 2744
3849 2743
3850 2742
3851 2741
3852 2740
3853 2739
3854 2738
3855 2737
3856 2736
3856 2735
3856 2734
3857 2733
3858 2732
3859 2731
3859 2730
3860 2729
3861 2728
3861 2727
3862 2726
3862 2725
3863 2724
3864 2723
3864 2722
3865 2721
3866 2720
3866 2719
3867 2718
3867 2717
3868 2716
3868 2715
3869 2714
3870 2713
3870 2712
3871 2711
3872 2710
3872 2709
3873 2708
3873 2707
3874 2706
3875 2705
3876 2704
3877 2703
3877 2702
3878 2701
3879 2700
3880 2700
3881 2699
3882 2698
3882 2697
3883 2696
3883 2695
3884 2694
3885 2693
3885 2692
3886 2691
3887 2690
3888 2689
3889 2688
3889 2687
3890 2686
3891 2685
3892 2684
3893 2683
3894 2682
3895 2681
3896 2680
3897 2679
3898 2678
3899 2677
3900 2676
3901 2675
3902 2674
3903 2673
3904 2672
3905 2671
3906 2670
3907 2669
3908 2668
3909 2667
3910 2666
3911 2665
3912 2664
3913 2663
3914 2662
3915 2661
3916 2660
3916 2659
3917 2658
3918 2657
3918 2656
3919 2655
3920 2654
3920 2653
3921 2652
3922 2651
3922 2650
3923 2649
3924 2648
3925 2647
3925 2646
3926 2645
3927 2644
3928 2643
3929 2642
3929 2641
3930 2640
3931 2639
3931 2638
3932 2637
3932 2636
3932 2635
3933 2634
3933 2633
3933 2632
3934 2631
3935 2630
3935 2629
3936 2628
3937 2627
3937 2626
3938 2625
3939 2624
3940 2623
3941 2622
3941 2621
3942 2620
3943 2619
3944 2618
3945 2617
3946 2616
3946 2615
3947 2614
3947 2613
3948 2612
3948 2611
3948 2610
3949 2609
3949 2608
3949 2607
3949 2606
3949 2605
3950 2604
3950 2603
3950 2602
3950 2601
3950 2600
3951 2599
3951 2598
3952 2597
3952 2596
3953 2595
3953 2594
3953 2593
3954 2592
3954 2591
3954 2590
3954 2589
3955 2588
3955 2587
3955 2586
3955 2585
3956 2584
3956 2583
3956 2582
3957 2581
3957 2580
3957 2579
3958 2578
3958 2577
3958 2576
3959 2575
3959 2574
3959 2573
3959 2572
3960 2571
3960 2570
3960 2569
3960 2568
3960 2567
3960 2566
3961 2565
3961 2564
3961 2563
3962 2562
3962 2561
3962 2560
3963 2559
3963 2558
3963 2557
3963 2556
3964 2555
3964 2554
3964 2553
3965 2552
3965 2551
3965 2550
3966 2549
3966 2548
3966 2547
3967 2546
3967 2545
3967 2544
3968 2543
3968 2542
3968 2541
3969 2540
3969 2539
3970 2538
3970 2537
3970 2536
3970 2535
3970 2534
3971 2533
3971 2532
3971 2531
3972 2530
3972 2529
3972 2528
3973 2527
3973 2526
3973 2525
3973 2524
3974 2523
3974 2522
3974 2521
3975 2520
3975 2519
3975 2518
3975 2517
3976 2516
3976 2515
3976 2514
3976 2513
3976 2512
3976 2511
3977 2510
3977 2509
3977 2508
3977 2507
3977 2506
3977 2505
3977 2504
3977 2503
3978 2502
3978 2501
3978 2500
3978 2499
3978 2498
3978 2497
3978 2496
3978 2495
3979 2494
3979 2493
3979 2492
3979 2491
3980 2490
3980 2489
3980 2488
3981 2487
3981 2486
3981 2485
3981 2484
3982 2483
3982 2482
3982 2481
3982 2480
3982 2479
3983 2478
3983 2477
3983 2476
3983 2475
3983 2474
3983 2473
3983 2472
3983 2471
3983 2470
3983 2469
3983 2468
3983 2467
3983 2466
3983 2465
3983 2464
3983 2463
3984 2462
3984 2461
3984 2460
3984 2459
3984 2458
3984 2457
3984 2456
3984 2455
3984 2454
3984 2453
3984 2452
3984 2451
3984 2450
3984 2449
3984 2448
3984 2447
3984 2446
3984 2445
3984 2444
3984 2443
3984 2442
3984 2441
3984 2440
3984 2439
3984 2438
3984 2437
3984 2436
3984 2435
3984 2434
3984 2433
3984 2432
3984 2431
3984 2430
3984 2429
3984 2428
3984 2427
3984 2426
3984 2425
3984 2424
3984 2423
3984 2422
3984 2421
3984 2420
3984 2419
3984 2418
3984 2417
3984 2416
3984 2415
3984 2414
3984 2413
3984 2412
3984 2411
3984 2410
3984 2409
3984 2408
3984 2407
3984 2406
3984 2405
3984 2404
3984 2403
3984 2402
3984 2401
3984 2400
3984 2399
3984 2398
3984 2397
3984 2396
3984 2395
3984 2394
3984 2393
3984 2392
3984 2391
3984 2390
3984 2389
3984 2388
3984 2387
3984 2386
3984 2385
3984 2384
3984 2383
3984 2382
3984 2381
3984 2380
3984 2379
3984 2378
3984 2377
3984 2376
3984 2375
3984 2374
3984 2373
3984 2372
3984 2371
3984 2370
3984 2369
3984 2368
3984 2367
3984 2366
3984 2365
3984 2364
3984 2363
3984 2362
3984 2361
3984 2360
3984 2359
3984 2358
3984 2357
3984 2356
3984 2355
3984 2354
3984 2353
3984 2352
3984 2351
3984 2350
3984 2349
3984 2348
3984 2347
3984 2346
3984 2345
3984 2344
3984 2343
3984 2342
3984 2341
3984 2340
3984 2339
3984 2338
3984 2337
3984 2336
3984 2335
3984 2334
3984 2333
3984 2332
3984 2331
3984 2330
3984 2329
3984 2328
3984 2327
3984 2326
3984 2325
3984 2324
3984 2323
3984 2322
3984 2321
3984 2320
3983 2319
3983 2318
3983 2317
3982 2316
3982 2315
3982 2314
3982 2313
3981 2312
3981 2311
3981 2310
3981 2309
3981 2308
3980 2307
3980 2306
3980 2305
3980 2304
3980 2303
3980 2302
3979 2301
3979 2300
3979 2299
3978 2298
3978 2297
3977 2296
3977 2295
3977 2294
3976 2293
3976 2292
3976 2291
3976 2290
3975 2289
3975 2288
3974 2287
3974 2286
3973 2285
3973 2284
3972 2283
3972 2282
3971 2281
3971 2280
3970 2279
3970 2278
3970 2277
3969 2276
3969 2275
3968 2274
3968 2273
3967 2272
3967 2271
3966 2270
3966 2269
3965 2268
3965 2267
3964 2266
3963 2265
3963 2264
3962 2263
3962 2262
3961 2261
3961 2260
3960 2259
3960 2258
3959 2257
3959 2256
3958 2255
3958 2254
3957 2253
3956 2252
3956 2251
3955 2250
3954 2249
3953 2248
3953 2247
3952 2246
3952 2245
3951 2244
3951 2243
3950 2242
3949 2241
3949 2240
3948 2239
3947 2238
3947 2237
3946 2236
3945 2235
3944 2234
3943 2233
3942 2232
3941 2231
3940 2230
3940 2229
3939 2228
3938 2227
3938 2226
3937 2225
3936 2224
3935 2223
3935 2222
3934 2221
3934 2220
3933 2219
3932 2218
3932 2217
3931 2216
3930 2215
3930 2214
3929 2213
3928 2212
3927 2211
3927 2210
3926 2209
3925 2208
3924 2207
3923 2206
3923 2205
3922 2204
3921 2203
3920 2202
3920 2201
3919 2200
3919 2199
3918 2198
3917 2197
3917 2196
3916 2195
3915 2194
3914 2193
3914 2192
3913 2191
3912 2190
3912 2189
3911 2188
3910 2187
3910 2186
3909 2185
3908 2184
3908 2183
3907 2182
3906 2181
3906 2180
3905 2179
3904 2178
3903 2177
3903 2176
3902 2175
3901 2174
3900 2173
3899 2172
3898 2171
3897 2170
3896 2169
3896 2168
3896 2167
3895 2166
3895 2165
3894 2164
3894 2163
3894 2162
3893 2161
3893 2160
3893 2159
3892 2158
3892 2157
3891 2156
3890 2155
3889 2154
3888 2153
3888 2152
3887 2151
3886 2150
3885 2149
3884 2148
3884 2147
3883 2146
3882 2145
3882 2144
3881 2143
3881 2142
3880 2141
3879 2140
3879 2139
3878 2138
3877 2137
3876 2136
3876 2135
3875 2134
3874 2133
3873 2132
3872 2131
3871 2130
3871 2129
3870 2128
3870 2129
3870 2130
3870 2131
3870 2132
3870 2133
3870 2134
3870 2135
3870 2136
3870 2137
3870 2138
3870 2139
3870 2140
3870 2141
3870 2142
3869 2143
3868 2142
3868 2141
3867 2140
3867 2139
3866 2138
3866 2137
3865 2136
3865 2135
3864 2134
3864 2133
3863 2132
3863 2131
3862 2130
3862 2129
3861 2128
3861 2127
3860 2126
3860 2125
3860 2124
3859 2123
3859 2122
3858 2121
3858 2120
3858 2119
3858 2118
3858 2117
3857 2116
3857 2115
3857 2114
3856 2113
3856 2112
3855 2111
3855 2110
3854 2109
3854 2108
3854 2107
3854 2106
3854 2105
3854 2104
3853 2103
3852 2102
3851 2101
3850 2100
3849 2100
3848 2099
3847 2099
3846 2098
3845 2097
3844 2097
3843 2096
3842 2095
3841 2094
3840 2093
3839 2093
3838 2093
3837 2092
3836 2091
3835 2091
3834 2090
3833 2089
3832 2088
3831 2088
3830 2087
3829 2086
3828 2085
3827 2085
3826 2084
3825 2083
3824 2083
3823 2082
3822 2082
3821 2081
3820 2081
3819 2080
3818 2080
3817 2080
3816 2080
3815 2079
3814 2079
3813 2080
3812 2080
3811 2081
3810 2081
3809 2082
3808 2083
3808 2084
3807 2085
3807 2086
3807 2087
3806 2088
3806 2089
3806 2090
3806 2091
3805 2092
3805 2093
3805 2094
3805 2095
3805 2096
3804 2097
3803 2098
3802 2099
3801 2100
3800 2101
3799 2102
3798 2103
3797 2103
3796 2104
3795 2104
3794 2105
3793 2105
3792 2105
3791 2105
3790 2105
3789 2105
3788 2105
3787 2104
3786 2104
3785 2103
3784 2102
3783 2102
3782 2101
3781 2100
3781 2099
3780 2098
3779 2097
3778 2096
3777 2095
3776 2094
3775 2093
3774 2092
3773 2092
3772 2091
3771 2091
3770 2091
3769 2091
3768 2090
3767 2090
3766 2090
3765 2090
3764 2090
3763 2090
3762 2090
3761 2090
3760 2090
3759 2090
3758 2090
3757 2090
3756 2090
3755 2090
3754 2090
3753 2090
3752 2090
3751 2090
3750 2090
3749 2090
3748 2090
3747 2090
3746 2090
3745 2090
3744 2090
3743 2090
3742 2090
3741 2090
3740 2090
3739 2090
3738 2090
3737 2090
3736 2090
3735 2090
3734 2090
3733 2090
3732 2090
3731 2090
3730 2090
3729 2090
3728 2090
3727 2090
3726 2089
3725 2089
3724 2088
3723 2088
3722 2087
3721 2086
3720 2086
3719 2085
3718 2085
3717 2084
3716 2084
3715 2083
3714 2083
3713 2082
3712 2082
3711 2081
3710 2080
3709 2079
3708 2079
3707 2078
3706 2077
3705 2077
3704 2076
3703 2076
3702 2075
3701 2074
3700 2073
3699 2072
3698 2071
3697 2070
3696 2069
3695 2068
3694 2067
3693 2066
3693 2065
3692 2064
3692 2063
3691 2062
3691 2061
3690 2061
3689 2060
3688 2060
3687 2059
3686 2058
3685 2057
3684 2056
3683 2056
3682 2055
3681 2055
3680 2054
3679 2054
3678 2053
3677 2053
3676 2052
3675 2051
3674 2051
3673 2050
3672 2049
3672 2048
3671 2047
3670 2046
3670 2045
3669 2044
3668 2043
3667 2042
3666 2041
3665 2040
3664 2039
3663 2039
3662 2038
3661 2037
3661 2036
3660 2035
3660 2034
3659 2033
3659 2032
3659 2031
3658 2030
3657 2029
3657 2028
3656 2027
3656 2026
3655 2025
3655 2024
3654 2023
3654 2022
3654 2021
3653 2020
3653 2019
3652 2018
3651 2017
3650 2016
3650 2015
3649 2014
3648 2013
3648 2012
3647 2011
3646 2010
3646 2009
3645 2008
3644 2007
3643 2006
3642 2005
3641 2004
3641 2003
3640 2002
3639 2001
3639 2000
3638 1999
3638 1998
3637 1997
3637 1996
3637 1995
3637 1994
3636 1993
3636 1992
3635 1991
3634 1990
3634 1989
3633 1988
3633 1987
3632 1986
3631 1985
3630 1984
3629 1983
3628 1982
3627 1981
3627 1980
3626 1979
3626 1978
3625 1977
3625 1976
3624 1975
3623 1974
3622 1973
3621 1972
3620 1971
3619 1970
3618 1969
3617 1968
3616 1967
3615 1966
3614 1965
3613 1964
3612 1963
3611 1962
3610 1961
3609 1960
3608 1959
3607 1958
3606 1957
3606 1956
3605 1955
3605 1954
3604 1953
3603 1952
3602 1951
3601 1951
3600 1950
3599 1949
3598 1949
3597 1948
3596 1947
3595 1947
3594 1946
3593 1946
3592 1945
3591 1945
3590 1945
3589 1944
3588 1944
3587 1944
3586 1943
3585 1943
3584 1943
3583 1942
3582 1942
3581 1941
3580 1941
3579 1941
3578 1940
3577 1940
3576 1939
3575 1939
3574 1938
3573 1937
3572 1936
3571 1935
3570 1935
3569 1934
3568 1933
3567 1932
3567 1931
3566 1930
3565 1930
3564 1929
3563 1928
3562 1928
3561 1927
3560 1926
3559 1926
3558 1925
3557 1925
3556 1924
3555 1924
3554 1923
3553 1923
3552 1923
3551 1922
3550 1922
3549 1922
3548 1921
3547 1921
3546 1920
3545 1920
3544 1919
3543 1919
3542 1918
3541 1918
3540 1917
3539 1917
3538 1916
3537 1916
3536 1915
3535 1914
3534 1913
3533 1913
3532 1913
3531 1912
3530 1912
3529 1911
3528 1911
3527 1910
3526 1910
3525 1909
3524 1908
3523 1907
3522 1906
3521 1905
3520 1904
3519 1903
3518 1902
3517 1902
3516 1901
3515 1901
3514 1901
3513 1901
3512 1900
3511 1900
3510 1899
3509 1899
3508 1898
3507 1898
3506 1898
3505 1897
3504 1897
3503 1896
3502 1896
3501 1896
3500 1895
3499 1894
3498 1893
3497 1893
3496 1892
3495 1891
3494 1890
3493 1889
3492 1888
3491 1887
3490 1886
3489 1885
3488 1884
3487 1883
3486 1882
3485 1881
3484 1881
3483 1880
3482 1880
3481 1879
3480 1879
3479 1878
3478 1878
3477 1878
3476 1877
3475 1876
3474 1876
3473 1875
3472 1874
3471 1873
3470 1872
3469 1872
3468 1871
3467 1870
3466 1869
3465 1869
3464 1868
3463 1867
3462 1866
3461 1865
3460 1864
3460 1863
3459 1862
3458 1861
3457 1860
3456 1859
3455 1858
3454 1858
3453 1857
3452 1856
3451 1855
3450 1854
3449 1854
3448 1853
3447 1852
3446 1852
3445 1851
3444 1851
3443 1850
3442 1849
3441 1849
3440 1848
3439 1848
3438 1847
3437 1846
3436 1845
3435 1844
3434 1844
3433 1843
3432 1842
3431 1841
3431 1840
3430 1839
3429 1838
3428 1837
3427 1836
3427 1835
3426 1834
3425 1833
3424 1832
3423 1831
3422 1831
3421 1830
3420 1829
3419 1828
3418 1828
3417 1827
3416 1826
3415 1825
3414 1824
3413 1823
3412 1822
3411 1821
3410 1820
3409 1819
3408 1818
3407 1817
3406 1816
3405 1815
3404 1814
3403 1813
3402 1812
3402 1811
3402 1810
3401 1809
