2753 1921
2752 1922
2751 1922
2750 1922
2749 1923
2748 1923
2747 1923
2746 1923
2745 1924
2744 1924
2743 1924
2742 1924
2741 1924
2740 1924
2739 1924
2738 1924
2737 1924
2736 1924
2735 1924
2734 1924
2733 1925
2732 1924
2731 1924
2730 1925
2729 1925
2728 1925
2727 1925
2726 1924
2725 1924
2724 1924
2723 1924
2722 1924
2721 1924
2720 1924
2719 1924
2718 1925
2717 1925
2716 1926
2715 1927
2714 1927
2713 1928
2712 1929
2711 1930
2710 1930
2709 1931
2708 1932
2707 1932
2706 1933
2705 1934
2704 1935
2703 1936
2702 1937
2701 1937
2700 1938
2699 1939
2698 1939
2697 1940
2696 1940
2695 1941
2694 1941
2693 1941
2692 1942
2691 1943
2690 1944
2689 1945
2688 1945
2687 1945
2686 1946
2685 1946
2684 1947
2683 1948
2682 1948
2681 1949
2680 1949
2679 1949
2678 1950
2677 1950
2676 1950
2675 1951
2674 1951
2673 1952
2672 1953
2671 1953
2670 1954
2669 1954
2668 1955
2667 1955
2666 1956
2665 1956
2664 1957
2663 1957
2662 1958
2661 1958
2660 1958
2659 1959
2658 1959
2657 1959
2656 1959
2655 1959
2654 1960
2653 1960
2652 1961
2651 1961
2650 1962
2649 1962
2648 1962
2647 1963
2646 1963
2645 1963
2644 1963
2643 1964
2642 1964
2641 1964
2640 1964
2639 1964
2638 1964
2637 1964
2636 1964
2635 1965
2634 1965
2633 1965
2632 1965
2631 1965
2630 1965
2629 1965
2628 1965
2627 1965
2626 1965
2625 1965
2624 1965
2623 1965
2622 1965
2621 1966
2620 1966
2619 1967
2618 1967
2617 1967
2616 1967
2615 1967
2614 1968
2613 1968
2612 1968
2611 1968
2610 1968
2609 1968
2608 1968
2607 1968
2606 1968
2605 1968
2604 1968
2603 1968
2602 1969
2601 1969
2600 1970
2599 1970
2598 1970
2597 1971
2596 1971
2595 1971
2594 1971
2593 1971
2592 1972
2591 1972
2590 1972
2589 1972
2588 1972
2587 1972
2586 1972
2585 1972
2584 1972
2583 1972
2582 1972
2581 1972
2580 1972
2579 1972
2578 1972
2577 1972
2576 1972
2575 1973
2574 1973
2573 1973
2572 1973
2571 1974
2570 1974
2569 1975
2568 1975
2567 1975
2566 1975
2565 1975
2564 1976
2563 1976
2562 1977
2561 1977
2560 1978
2559 1978
2558 1978
2557 1979
2556 1979
2555 1979
2554 1979
2553 1980
2552 1980
2551 1980
2550 1980
2549 1980
2548 1980
2547 1981
2546 1981
2545 1982
2544 1982
2543 1983
2542 1983
2541 1984
2540 1984
2539 1984
2538 1984
2537 1985
2536 1985
2535 1985
2534 1986
2533 1986
2532 1987
2531 1987
2530 1988
2529 1989
2528 1989
2527 1990
2526 1991
2525 1991
2524 1992
2523 1992
2522 1993
2521 1993
2520 1993
2519 1993
2518 1993
2517 1993
2516 1994
2515 1994
2514 1994
2513 1995
2512 1995
2511 1995
2510 1996
2509 1996
2508 1996
2507 1997
2506 1997
2505 1997
2504 1997
2503 1998
2502 1998
2501 1998
2500 1998
2499 1998
2498 1998
2497 1998
2496 1998
2495 1998
2494 1998
2493 1998
2492 1998
2491 1998
2490 1998
2489 1998
2488 1998
2487 1998
2486 1998
2485 1998
2484 1998
2483 1998
2482 1998
2481 1998
2480 1998
2479 1998
2478 1998
2477 1998
2476 1998
2475 1998
2474 1998
2473 1998
2472 1998
2471 1998
2470 1998
2469 1998
2468 1998
2467 1998
2466 1998
2465 1998
2464 1998
2463 1998
2462 1997
2461 1997
2460 1997
2459 1997
2458 1997
2457 1997
2456 1997
2455 1997
2454 1997
2453 1997
2452 1997
2451 1997
2450 1997
2449 1997
2448 1997
2447 1997
2446 1997
2445 1997
2444 1997
2443 1997
2442 1997
2441 1997
2440 1997
2439 1997
2438 1997
2437 1996
2436 1996
2435 1996
2434 1996
2433 1996
2432 1996
2431 1996
2430 1996
2429 1996
2428 1996
2427 1996
2426 1996
2425 1996
2424 1996
2423 1997
2422 1997
2421 1997
2420 1998
2419 1998
2418 1998
2417 1998
2416 1999
2415 1999
2414 1999
2413 1999
2412 1999
2411 1999
2410 1999
2409 1999
2408 1999
2407 1999
2406 1999
2405 1999
2404 1999
2403 1999
2402 1999
2401 1999
2400 1999
2399 1999
2398 1999
2397 1999
2396 1999
2395 1999
2394 1999
2393 1999
2392 1999
2391 1999
2390 1999
2389 1999
2388 1999
2387 1999
2386 1999
2385 1999
2384 1999
2383 1999
2382 1999
2381 1999
2380 1999
2379 1999
2378 1999
2377 1999
2376 1999
2375 1999
2374 1999
2373 1999
2372 1998
2371 1998
2370 1998
2369 1998
2368 1998
2367 1998
2366 1998
2365 1998
2364 1998
2363 1998
2362 1998
2361 1998
2360 1998
2359 1998
2358 1998
2357 1998
2356 1998
2355 1998
2354 1998
2353 1998
2352 1998
2351 1998
2350 1998
2349 1998
2348 1998
2347 1998
2346 1997
2345 1997
2344 1997
2343 1997
2342 1997
2341 1997
2340 1997
2339 1997
2338 1997
2337 1997
2336 1997
2335 1997
2334 1997
2333 1997
2332 1997
2331 1997
2330 1997
2329 1998
2328 1998
2327 1998
2326 1999
2325 1999
2324 1999
2323 1999
2322 2000
2321 2001
2320 2001
2319 2002
2318 2002
2317 2003
2316 2004
2315 2005
2314 2006
2313 2006
2312 2007
2311 2008
2310 2008
2309 2008
2308 2009
2307 2009
2306 2009
2305 2009
2304 2009
2303 2009
2302 2010
2301 2010
2300 2010
2299 2011
2298 2011
2297 2012
2296 2012
2295 2013
2294 2013
2293 2013
2292 2013
2291 2014
2290 2014
2289 2014
2288 2015
2287 2015
2286 2016
2285 2016
2284 2017
2283 2017
2282 2017
2281 2018
2280 2018
2279 2018
2278 2018
2277 2018
2276 2018
2275 2018
2274 2018
2273 2018
2272 2018
2271 2019
2270 2019
2269 2018
2268 2019
2267 2019
2266 2019
2265 2019
2264 2019
2263 2019
2262 2018
2261 2018
2260 2018
2259 2018
2258 2018
2257 2018
2256 2018
2255 2018
2254 2018
2253 2019
2252 2019
2251 2020
2250 2020
2249 2020
2248 2021
2247 2021
2246 2022
2245 2022
2244 2023
2243 2023
2242 2024
2241 2024
2240 2025
2239 2025
2238 2025
2237 2025
2236 2025
2235 2026
2234 2026
2233 2026
2232 2026
2231 2026
2230 2026
2229 2026
2228 2027
2227 2027
2226 2027
2225 2027
2224 2028
2223 2028
2222 2029
2221 2029
2220 2029
2219 2030
2218 2030
2217 2030
2216 2030
2215 2030
2214 2030
2213 2030
2212 2030
2211 2030
2210 2030
2209 2030
2208 2030
2207 2031
2206 2031
2205 2031
2204 2031
2203 2031
2202 2032
2201 2032
2200 2032
2199 2033
2198 2033
2197 2033
2196 2033
2195 2034
2194 2034
2193 2034
2192 2034
2191 2034
2190 2034
2189 2034
2188 2034
2187 2034
2186 2034
2185 2034
2184 2035
2183 2035
2182 2036
2181 2036
2180 2037
2179 2037
2178 2038
2177 2039
2176 2039
2175 2040
2174 2041
2173 2041
2172 2041
2171 2042
2170 2042
2169 2042
2168 2042
2167 2042
2166 2042
2165 2043
2164 2043
2163 2043
2162 2044
2161 2044
2160 2045
2159 2045
2158 2046
2157 2046
2156 2046
2155 2047
2154 2047
2153 2047
2152 2047
2151 2047
2150 2047
2149 2048
2148 2048
2147 2048
2146 2047
2145 2047
2144 2047
2143 2047
2142 2048
2141 2048
2140 2048
2139 2048
2138 2048
2137 2048
2136 2048
2135 2049
2134 2049
2133 2049
2132 2049
2131 2050
2130 2050
2129 2050
2128 2050
2127 2050
2126 2051
2125 2051
2124 2051
2123 2051
2122 2051
2121 2051
2120 2051
2119 2051
2118 2051
2117 2051
2116 2051
2115 2051
2114 2051
2113 2051
2112 2051
2111 2051
2110 2051
2109 2051
2108 2051
2107 2051
2106 2051
2105 2051
2104 2051
2103 2051
2102 2051
2101 2051
2100 2051
2099 2051
2098 2051
2097 2051
2096 2051
2095 2051
2094 2051
2093 2051
2092 2051
2091 2051
2090 2051
2089 2051
2088 2051
2087 2051
2086 2051
2085 2051
2084 2051
2083 2051
2082 2051
2081 2051
2080 2051
2079 2050
2078 2050
2077 2050
2076 2050
2075 2050
2074 2050
2073 2050
2072 2050
2071 2050
2070 2050
2069 2050
2068 2050
2067 2050
2066 2050
2065 2050
2064 2050
2063 2050
2062 2050
2061 2050
2060 2050
2059 2050
2058 2050
2057 2050
2056 2050
2055 2050
2054 2050
2053 2050
2052 2050
2051 2050
2050 2051
2049 2051
2048 2051
2047 2051
2046 2051
2045 2052
2044 2052
2043 2052
2042 2052
2041 2053
2040 2053
2039 2054
2038 2054
2037 2055
2036 2055
2035 2056
2034 2056
2033 2056
2032 2057
2031 2057
2030 2057
2029 2057
2028 2057
2027 2057
2026 2057
2025 2057
2024 2057
2023 2057
2022 2057
2021 2058
2020 2058
2019 2059
2018 2060
2017 2060
2016 2061
2015 2061
2014 2061
2013 2061
2012 2061
2011 2061
2010 2062
2009 2062
2008 2062
2007 2062
2006 2062
2005 2062
2004 2062
2003 2062
2002 2062
2001 2062
2000 2062
1999 2062
1998 2062
1997 2062
1996 2062
1995 2063
1994 2063
1993 2063
1992 2064
1991 2064
1990 2064
1989 2064
1988 2065
1987 2065
1986 2065
1985 2065
1984 2065
1983 2065
1982 2065
1981 2065
1980 2065
1979 2065
1978 2065
1977 2065
1976 2065
1975 2066
1974 2066
1973 2066
1972 2066
1971 2067
1970 2067
1969 2067
1968 2068
1967 2068
1966 2069
1965 2069
1964 2069
1963 2070
1962 2070
1961 2071
1960 2071
1959 2072
1958 2072
1957 2072
1956 2072
1955 2073
1954 2073
1953 2073
1952 2073
1951 2073
1950 2073
1949 2074
1948 2074
1947 2074
1946 2074
1945 2075
1944 2075
1943 2075
1942 2076
1941 2076
1940 2076
1939 2076
1938 2077
1937 2077
1936 2077
1935 2077
1934 2077
1933 2077
1932 2078
1931 2078
1930 2078
1929 2078
1928 2078
1927 2078
1926 2078
1925 2078
1924 2078
1923 2079
1922 2079
1921 2079
1920 2080
1919 2080
1918 2080
1917 2081
1916 2081
1915 2081
1914 2081
1913 2081
1912 2081
1911 2081
1910 2082
1909 2082
1908 2082
1907 2082
1906 2082
1905 2082
1904 2082
1903 2082
1902 2082
1901 2082
1900 2082
1899 2082
1898 2082
1897 2082
1896 2082
1895 2082
1894 2082
1893 2082
1892 2082
1891 2083
1890 2083
1889 2083
1888 2083
1887 2084
1886 2084
1885 2084
1884 2084
1883 2084
1882 2085
1881 2085
1880 2085
1879 2085
1878 2085
1877 2085
1876 2085
1875 2085
1874 2085
1873 2085
1872 2085
1871 2085
1870 2085
1869 2085
1868 2085
1867 2086
1866 2086
1865 2086
1864 2086
1863 2087
1862 2087
1861 2087
1860 2088
1859 2088
1858 2088
1857 2088
1856 2089
1855 2089
1854 2090
1853 2090
1852 2091
1851 2091
1850 2092
1849 2092
1848 2093
1847 2093
1846 2093
1845 2093
1844 2093
1843 2093
1842 2093
1841 2094
1840 2094
1839 2094
1838 2094
1837 2094
1836 2094
1835 2094
1834 2094
1833 2094
1832 2095
1831 2095
1830 2096
1829 2096
1828 2097
1827 2097
1826 2097
1825 2097
1824 2097
1823 2097
1822 2097
1821 2098
1820 2098
1819 2098
1818 2098
1817 2098
1816 2098
1815 2098
1814 2098
1813 2099
1812 2099
1811 2100
1810 2100
1809 2101
1808 2101
1807 2101
1806 2101
1805 2101
1804 2102
1803 2102
1802 2102
1801 2102
1800 2102
1799 2102
1798 2102
1797 2102
1796 2102
1795 2102
1794 2102
1793 2102
1792 2102
1791 2102
1790 2102
1789 2102
1788 2102
1787 2102
1786 2102
1785 2102
1784 2102
1783 2102
1782 2102
1781 2102
1780 2102
1779 2102
1778 2102
1777 2102
1776 2102
1775 2102
1774 2102
1773 2102
1772 2101
1771 2101
1770 2101
1769 2101
1768 2101
1767 2101
1766 2101
1765 2101
1764 2101
1763 2101
1762 2101
1761 2101
1760 2101
1759 2101
1758 2101
1757 2101
1756 2101
1755 2101
1754 2101
1753 2101
1752 2101
1751 2101
1750 2101
1749 2101
1748 2100
1747 2100
1746 2100
1745 2100
1744 2100
1743 2100
1742 2100
1741 2100
1740 2100
1739 2100
1738 2100
1737 2100
1736 2100
1735 2100
1734 2100
1733 2101
1732 2101
1731 2101
1730 2102
1729 2102
1728 2102
1727 2103
1726 2103
1725 2104
1724 2105
1723 2105
1722 2106
1721 2106
1720 2106
1719 2107
1718 2107
1717 2107
1716 2107
1715 2108
1714 2108
1713 2108
1712 2108
1711 2108
1710 2108
1709 2108
1708 2108
1707 2108
1706 2108
1705 2109
1704 2109
1703 2109
1702 2110
1701 2110
1700 2110
1699 2111
1698 2111
1697 2111
1696 2111
1695 2112
1694 2112
1693 2113
1692 2113
1691 2114
1690 2115
1689 2115
1688 2115
1687 2116
1686 2116
1685 2116
1684 2117
1683 2117
1682 2117
1681 2118
1680 2118
1679 2118
1678 2119
1677 2119
1676 2119
1675 2119
1674 2120
1673 2120
1672 2121
1671 2121
1670 2121
1669 2122
1668 2122
1667 2122
1666 2123
1665 2123
1664 2124
1663 2124
1662 2124
1661 2124
1660 2124
1659 2125
1658 2125
1657 2125
1656 2125
1655 2125
1654 2125
1653 2125
1652 2125
1651 2126
1650 2126
1649 2126
1648 2127
1647 2127
1646 2127
1645 2128
1644 2128
1643 2128
1642 2129
1641 2129
1640 2129
1639 2129
1638 2129
1637 2129
1636 2129
1635 2129
1634 2130
1633 2130
1632 2131
1631 2131
1630 2132
1629 2132
1628 2132
1627 2133
1626 2133
1625 2134
1624 2134
1623 2135
1622 2136
1621 2136
1620 2137
1619 2137
1618 2138
1617 2139
1616 2139
1615 2140
1614 2141
1613 2141
1612 2142
1611 2142
1610 2142
1609 2143
1608 2143
1607 2144
1606 2144
1605 2145
1604 2145
1603 2146
1602 2146
1601 2147
1600 2147
1599 2148
1598 2148
1597 2148
1596 2149
1595 2149
1594 2150
1593 2150
1592 2150
1591 2151
1590 2151
1589 2152
1588 2152
1587 2153
1586 2154
1585 2154
1584 2155
1583 2156
1583 2157
1582 2158
1581 2158
1580 2159
1579 2160
1578 2160
1577 2160
1576 2161
1575 2161
1574 2161
1573 2161
1572 2161
1571 2162
1570 2162
1569 2163
1568 2163
1567 2164
1566 2164
1565 2165
1564 2165
1563 2165
1562 2166
1561 2167
1560 2167
1559 2168
1558 2168
1557 2169
1556 2169
1555 2170
1554 2170
1553 2171
1552 2172
1551 2172
1550 2173
1549 2174
1548 2174
1547 2175
1546 2176
1545 2177
1544 2178
1543 2178
1542 2179
1541 2179
1540 2180
1539 2181
1538 2181
1537 2182
1536 2183
1535 2183
1534 2184
1533 2184
1532 2184
1531 2184
1530 2185
1529 2185
1528 2186
1527 2187
1526 2187
1525 2187
1524 2188
1523 2188
1522 2188
1521 2189
1520 2189
1519 2190
1518 2190
1517 2191
1516 2192
1515 2192
1514 2192
1513 2193
1512 2193
1511 2194
1510 2194
1509 2195
1508 2195
1507 2196
1506 2197
1505 2197
1504 2197
1503 2197
1502 2198
1501 2198
1500 2198
1499 2198
1498 2198
1497 2199
1496 2199
1495 2200
1494 2201
1493 2201
1492 2202
1491 2202
1490 2202
1489 2202
1488 2202
1487 2202
1486 2203
1485 2203
1484 2203
1483 2203
1482 2203
1481 2203
1480 2203
1479 2203
1478 2203
1477 2203
1476 2203
1475 2203
1474 2203
1473 2203
1472 2203
1471 2203
1470 2203
1469 2203
1468 2202
1467 2202
1466 2202
1465 2202
1464 2202
1463 2202
1462 2202
1461 2202
1460 2202
1459 2202
1458 2202
1457 2202
1456 2202
1455 2202
1454 2203
1454 2204
1453 2205
1453 2206
1453 2207
1453 2208
1452 2209
1452 2210
1452 2211
1452 2212
1452 2213
1452 2214
1452 2215
1452 2216
1452 2217
1452 2218
1451 2219
1450 2220
1449 2221
1448 2222
1447 2223
1447 2224
1446 2225
1445 2226
1445 2227
1444 2228
1443 2229
1442 2230
1442 2231
1441 2232
1440 2233
1439 2234
1439 2235
1438 2236
1438 2237
1437 2238
1437 2239
1436 2240
1435 2241
1434 2242
1433 2243
1432 2243
1431 2244
1430 2245
1429 2246
1428 2247
1427 2248
1426 2249
1425 2250
1424 2251
1423 2251
1422 2252
1421 2252
1420 2253
1419 2254
1418 2254
1417 2255
1416 2256
1415 2257
1414 2257
1413 2258
1412 2258
1411 2258
1410 2259
1409 2260
1408 2260
1407 2261
1406 2261
1405 2262
1404 2262
1403 2262
1402 2262
1401 2263
1400 2263
1399 2263
1398 2263
1397 2263
1396 2263
1395 2264
1394 2264
1393 2264
1392 2265
1391 2265
1390 2266
1389 2267
1388 2268
1387 2268
1386 2269
1385 2269
1384 2270
1383 2270
1382 2270
1381 2271
1380 2271
1379 2271
1378 2272
1377 2272
1376 2272
1375 2273
1374 2273
1373 2274
1372 2274
1371 2275
1370 2275
1369 2276
1368 2276
1367 2277
1366 2277
1365 2278
1364 2278
1363 2279
1362 2279
1361 2280
1360 2280
1359 2281
1358 2282
1357 2282
1356 2283
1355 2284
1354 2285
1353 2286
1352 2287
1351 2288
1350 2288
1349 2289
1348 2290
1347 2291
1346 2291
1345 2292
1344 2292
1343 2293
1342 2293
1341 2294
1340 2294
1339 2294
1338 2295
1337 2296
1336 2296
1335 2297
1334 2298
1333 2298
1332 2299
1331 2299
1330 2300
1329 2300
1328 2301
1327 2301
1326 2302
1325 2303
1324 2303
1323 2304
1322 2305
1321 2305
1320 2306
1319 2307
1318 2307
1317 2307
1316 2308
1315 2308
1314 2309
1313 2310
1312 2310
1311 2311
1310 2312
1309 2312
1308 2312
1307 2313
1306 2313
1305 2313
1304 2314
1303 2314
1302 2315
1301 2315
1300 2316
1299 2316
1298 2317
1297 2317
1296 2317
1295 2318
1294 2318
1293 2318
1292 2318
1291 2318
1290 2318
1289 2318
1288 2318
1287 2318
1286 2319
1285 2319
1284 2320
1283 2320
1282 2320
1281 2321
1280 2321
1279 2321
1278 2321
1277 2322
1276 2322
1275 2322
1274 2323
1273 2323
1272 2323
1271 2324
1270 2324
1269 2325
1268 2325
1267 2325
1266 2326
1265 2326
1264 2326
1263 2326
1262 2326
1261 2326
1260 2326
1259 2326
1258 2327
1257 2327
1256 2327
1255 2327
1254 2327
1253 2327
1252 2327
1251 2327
1250 2327
1249 2328
1248 2328
1247 2328
1246 2329
1245 2329
1244 2329
1243 2330
1242 2330
1241 2330
1240 2330
1239 2330
1238 2330
1237 2331
1236 2331
1235 2331
1234 2331
1233 2331
1232 2331
1231 2331
1230 2331
1229 2331
1228 2332
1227 2332
1226 2333
1225 2333
1224 2334
1223 2334
1222 2334
1221 2334
1220 2334
1219 2334
1218 2335
1217 2335
1216 2335
1215 2335
1214 2335
1213 2335
1212 2335
1211 2335
1210 2335
1209 2336
1208 2336
1207 2337
1206 2337
1205 2337
1204 2338
1203 2338
1202 2338
1201 2338
1200 2338
1199 2339
1198 2339
1197 2339
1196 2339
1195 2340
1194 2340
1193 2341
1192 2342
1191 2342
1190 2343
1190 2344
1189 2345
1189 2346
1188 2347
1187 2347
1186 2348
1185 2349
1184 2350
1183 2350
1182 2350
1181 2351
1180 2351
1179 2352
1178 2352
1177 2352
1176 2352
1175 2353
1174 2353
1173 2353
1172 2353
1171 2354
1170 2354
1169 2355
1168 2355
1167 2356
1166 2356
1165 2357
1164 2358
1163 2358
1162 2359
1161 2359
1160 2360
1159 2360
1158 2361
1157 2361
1156 2362
1155 2362
1154 2363
1153 2363
1152 2364
1151 2364
1150 2365
1149 2365
1148 2366
1147 2367
1146 2368
1145 2368
1144 2369
1143 2369
1142 2370
1141 2370
1140 2370
1139 2370
1138 2371
1137 2371
1136 2371
1135 2372
1134 2372
1133 2373
1132 2373
1131 2374
1130 2374
1129 2375
1128 2375
1127 2375
1126 2376
1125 2377
1124 2378
1123 2378
1122 2378
1121 2379
1120 2379
1119 2380
1118 2381
1117 2381
1116 2382
1115 2383
1114 2383
1113 2384
1112 2384
1111 2384
1110 2384
1109 2385
1108 2385
1107 2385
1106 2386
1105 2386
1104 2387
1103 2388
1102 2388
1101 2388
1100 2388
1099 2389
1098 2389
1097 2390
1096 2390
1095 2391
1094 2391
1093 2392
1092 2392
1091 2393
1090 2394
1089 2394
1088 2395
1087 2395
1086 2396
1085 2397
1084 2397
1083 2398
1082 2398
1081 2399
1080 2399
1079 2400
1078 2400
1077 2401
1076 2401
1075 2401
1074 2402
1073 2402
1072 2402
1071 2403
1070 2403
1069 2404
1068 2405
1067 2405
1066 2406
1065 2406
1064 2406
1063 2407
1062 2407
1061 2408
1060 2409
1059 2409
1058 2410
1057 2410
1056 2410
1055 2411
1054 2411
1053 2412
1052 2412
1051 2413
1050 2414
1049 2414
1048 2415
1047 2415
1046 2416
1045 2417
1044 2417
1043 2418
1042 2419
1041 2420
1040 2420
1039 2421
1038 2422
1037 2422
1036 2423
1035 2423
1034 2424
1033 2424
1032 2424
1031 2424
1030 2425
1029 2425
1028 2425
1027 2425
1026 2426
1025 2426
1024 2427
1023 2427
1022 2428
1021 2428
1020 2429
1019 2429
1018 2429
1017 2429
1016 2429
1015 2429
1014 2430
1013 2430
1012 2430
1011 2430
1010 2430
1009 2430
1008 2430
1007 2431
1006 2432
1005 2433
1004 2434
1003 2435
1002 2436
1001 2436
1000 2437
999 2437
998 2437
997 2438
996 2438
995 2439
994 2439
993 2440
992 2440
991 2441
990 2441
989 2442
988 2442
987 2443
986 2443
985 2444
984 2444
983 2445
982 2445
981 2446
980 2447
979 2447
978 2448
977 2449
977 2450
976 2451
975 2452
974 2453
973 2454
972 2455
971 2456
970 2457
969 2458
968 2459
967 2459
966 2460
965 2461
964 2461
963 2462
962 2463
961 2463
960 2464
959 2465
958 2466
957 2467
957 2468
956 2469
955 2470
954 2471
953 2472
952 2472
951 2473
950 2474
949 2474
948 2475
947 2476
946 2476
945 2477
944 2478
943 2479
942 2479
941 2480
940 2481
939 2482
938 2483
937 2483
936 2484
935 2485
934 2486
933 2486
932 2487
931 2488
930 2488
929 2489
928 2490
927 2491
926 2491
925 2492
924 2492
923 2493
922 2494
921 2494
920 2495
919 2495
918 2496
917 2496
916 2497
915 2497
914 2498
913 2498
912 2499
911 2499
910 2500
909 2500
908 2500
907 2501
906 2501
905 2502
904 2502
903 2503
902 2504
901 2504
900 2505
899 2506
898 2506
897 2507
896 2507
895 2508
894 2509
893 2509
892 2510
891 2510
890 2511
889 2511
888 2512
887 2513
886 2513
885 2514
884 2515
883 2515
882 2516
881 2516
880 2517
879 2518
878 2518
877 2519
876 2519
875 2520
874 2520
873 2521
872 2521
871 2521
870 2522
869 2522
868 2523
867 2523
866 2524
865 2524
864 2525
863 2526
862 2526
861 2527
860 2527
859 2528
858 2529
857 2529
856 2530
855 2530
854 2531
853 2531
852 2532
851 2532
850 2533
849 2533
848 2534
847 2534
846 2534
845 2535
844 2536
843 2536
842 2537
841 2537
840 2538
839 2538
838 2539
837 2539
836 2540
835 2540
834 2541
833 2541
832 2542
831 2542
830 2543
829 2544
828 2544
827 2545
826 2546
825 2546
824 2547
823 2548
822 2548
821 2549
820 2549
819 2550
818 2550
817 2551
816 2552
815 2552
814 2553
813 2553
812 2554
811 2554
810 2554
809 2554
808 2555
807 2555
806 2556
805 2556
804 2557
803 2557
802 2558
801 2558
800 2559
799 2559
798 2559
798 2560
799 2560
800 2560
801 2560
802 2560
803 2560
804 2560
805 2560
806 2559
807 2559
808 2559
809 2558
810 2558
811 2558
812 2557
813 2557
814 2556
815 2556
816 2555
817 2555
818 2554
819 2554
820 2553
821 2553
822 2552
823 2552
824 2551
825 2551
826 2550
827 2550
828 2549
829 2549
830 2548
831 2548
832 2547
833 2547
834 2546
835 2546
836 2546
837 2545
838 2545
839 2545
840 2545
841 2545
842 2544
843 2544
844 2544
845 2544
846 2544
847 2544
848 2543
849 2543
850 2543
851 2542
852 2542
853 2541
854 2541
855 2541
856 2540
857 2540
858 2539
859 2539
860 2538
861 2538
862 2537
863 2537
864 2536
865 2536
866 2535
867 2535
868 2534
869 2534
870 2533
871 2533
872 2532
873 2532
874 2532
875 2531
876 2531
877 2531
878 2531
879 2531
880 2531
881 2531
882 2530
883 2530
884 2530
885 2530
886 2530
887 2530
888 2529
889 2529
890 2529
891 2529
892 2528
893 2528
894 2528
895 2528
896 2527
897 2527
898 2527
899 2527
900 2527
901 2527
902 2527
903 2526
904 2526
905 2526
906 2526
907 2526
908 2526
909 2526
910 2526
911 2526
912 2526
913 2526
914 2526
915 2526
916 2526
917 2526
918 2526
919 2526
920 2526
921 2526
922 2526
923 2526
924 2526
925 2526
926 2526
927 2526
928 2526
929 2526
930 2526
931 2526
932 2526
933 2527
934 2527
935 2527
936 2527
937 2527
938 2527
939 2527
940 2527
941 2527
942 2527
943 2527
944 2527
945 2527
946 2527
947 2527
948 2527
949 2527
950 2527
951 2527
952 2527
953 2527
954 2527
955 2527
956 2527
957 2528
958 2528
959 2528
960 2528
961 2528
962 2528
963 2528
964 2528
965 2528
966 2528
967 2528
968 2528
969 2528
970 2528
971 2528
972 2528
973 2528
974 2528
975 2528
976 2528
977 2528
978 2528
979 2528
980 2529
981 2529
982 2529
983 2529
984 2529
985 2529
986 2529
987 2529
988 2529
989 2529
990 2529
991 2529
992 2529
993 2529
994 2529
995 2529
996 2529
997 2529
998 2529
999 2529
1000 2529
1001 2529
1002 2529
1003 2529
1004 2529
1005 2529
1006 2529
1007 2529
1008 2529
1009 2529
1010 2528
1011 2528
1012 2528
1013 2527
1014 2527
1015 2527
1016 2527
1017 2527
1018 2526
1019 2526
1020 2526
1021 2526
1022 2526
1023 2526
1024 2526
1025 2526
1026 2526
1027 2526
1028 2525
1029 2525
1030 2525
1031 2525
1032 2524
1033 2524
1034 2524
1035 2523
1036 2523
1037 2523
1038 2523
1039 2523
1040 2522
1041 2522
1042 2522
1043 2522
1044 2522
1045 2522
1046 2522
1047 2522
1048 2521
1049 2521
1050 2521
1051 2521
1052 2520
1053 2520
1054 2520
1055 2519
1056 2519
1057 2519
1058 2519
1059 2518
1060 2518
1061 2518
1062 2518
1063 2518
1064 2518
1065 2518
1066 2518
1067 2518
1068 2518
1069 2518
1070 2518
1071 2518
1072 2517
1073 2517
1074 2517
1075 2516
1076 2516
1077 2516
1078 2515
1079 2514
1080 2514
1081 2513
1082 2513
1083 2512
1084 2512
1085 2511
1086 2511
1087 2511
1088 2510
1089 2510
1090 2510
1091 2509
1092 2509
1093 2509
1094 2508
1095 2508
1096 2507
1097 2507
1098 2507
1099 2507
1100 2506
1101 2506
1102 2506
1103 2506
1104 2506
1105 2506
1106 2505
1107 2505
1108 2505
1109 2505
1110 2504
1111 2504
1112 2504
1113 2503
1114 2503
1115 2503
1116 2503
1117 2502
1118 2502
1119 2502
1120 2502
1121 2502
1122 2502
1123 2501
1124 2501
1125 2501
1126 2501
1127 2501
1128 2501
1129 2500
1130 2500
1131 2500
1132 2499
1133 2499
1134 2499
1135 2498
1136 2498
1137 2498
1138 2498
1139 2498
1140 2497
1141 2497
1142 2497
1143 2497
1144 2497
1145 2497
1146 2497
1147 2497
1148 2497
1149 2497
1150 2497
1151 2497
1152 2497
1153 2497
1154 2497
1155 2497
1156 2496
1157 2496
1158 2495
1159 2495
1160 2495
1161 2494
1162 2494
1163 2494
1164 2494
1165 2493
1166 2493
1167 2493
1168 2492
1169 2492
1170 2492
1171 2491
1172 2491
1173 2490
1174 2490
1175 2490
1176 2490
1177 2490
1178 2489
1179 2489
1180 2489
1181 2489
1182 2488
1183 2488
1184 2488
1185 2487
1186 2487
1187 2487
1188 2486
1189 2486
1190 2486
1191 2485
1192 2485
1193 2484
1194 2484
1195 2483
1196 2483
1197 2482
1198 2482
1199 2481
1200 2481
1201 2481
1202 2480
1203 2480
1204 2479
1205 2478
1206 2478
1207 2477
1208 2477
1209 2477
1210 2476
1211 2476
1212 2475
1213 2475
1214 2475
1215 2474
1216 2474
1217 2473
1218 2473
1219 2473
1220 2472
1221 2472
1222 2472
1223 2472
1224 2471
1225 2471
1226 2471
1227 2471
1228 2471
1229 2471
1230 2471
1231 2471
1232 2471
1233 2471
1234 2471
1235 2471
1236 2470
1237 2470
1238 2470
1239 2470
1240 2469
1241 2469
1242 2469
1243 2468
1244 2468
1245 2468
1246 2468
1247 2467
1248 2467
1249 2467
1250 2467
1251 2467
1252 2467
1253 2467
1254 2467
1255 2467
1256 2467
1257 2467
1258 2467
1259 2467
1260 2467
1261 2467
1262 2467
1263 2467
1264 2467
1265 2467
1266 2467
1267 2467
1268 2467
1269 2467
1270 2467
1271 2467
1272 2466
1273 2466
1274 2466
1275 2466
1276 2465
1277 2465
1278 2465
1279 2465
1280 2465
1281 2464
1282 2464
1283 2464
1284 2464
1285 2464
1286 2464
1287 2464
1288 2464
1289 2463
1290 2463
1291 2463
1292 2463
1293 2463
1294 2463
1295 2463
1296 2463
1297 2463
1298 2462
1299 2462
1300 2462
1301 2461
1302 2461
1303 2461
1304 2460
1305 2460
1306 2459
1307 2459
1308 2458
1309 2458
1310 2457
1311 2457
1312 2457
1313 2457
1314 2456
1315 2456
1316 2456
1317 2456
1318 2456
1319 2456
1320 2455
1321 2455
1322 2455
1323 2455
1324 2454
1325 2454
1326 2454
1327 2454
1328 2453
1329 2453
1330 2453
1331 2453
1332 2452
1333 2452
1334 2452
1335 2452
1336 2452
1337 2452
1338 2451
1339 2451
1340 2451
1341 2451
1342 2451
1343 2451
1344 2451
1345 2451
1346 2451
1347 2450
1348 2450
1349 2450
1350 2450
1351 2450
1352 2449
1353 2449
1354 2449
1355 2448
1356 2448
1357 2448
1358 2448
1359 2448
1360 2447
1361 2447
1362 2447
1363 2447
1364 2447
1365 2447
1366 2447
1367 2447
1368 2447
1369 2447
1370 2447
1371 2447
1372 2447
1373 2447
1374 2447
1375 2447
1376 2447
1377 2447
1378 2447
1379 2447
1380 2447
1381 2447
1382 2447
1383 2447
1384 2447
1385 2447
1386 2447
1387 2447
1388 2447
1389 2447
1390 2447
1391 2447
1392 2446
1393 2446
1394 2446
1395 2446
1396 2446
1397 2445
1398 2445
1399 2445
1400 2445
1401 2445
1402 2444
1403 2444
1404 2444
1405 2444
1406 2444
1407 2444
1408 2444
1409 2444
1410 2444
1411 2444
1412 2444
1413 2444
1414 2444
1415 2444
1416 2444
1417 2444
1418 2444
1419 2444
1420 2444
1421 2444
1422 2444
1423 2443
1424 2443
1425 2443
1426 2443
1427 2443
1428 2442
1429 2442
1430 2442
1431 2441
1432 2441
1433 2441
1434 2441
1435 2441
1436 2440
1437 2440
1438 2440
1439 2440
1440 2440
1441 2439
1442 2439
1443 2439
1444 2438
1445 2438
1446 2438
1447 2438
1448 2437
1449 2437
1450 2437
1451 2437
1452 2437
1453 2436
1454 2436
1455 2436
1456 2436
1457 2436
1458 2436
1459 2436
1460 2436
1461 2436
1462 2435
1463 2435
1464 2435
1465 2434
1466 2434
1467 2434
1468 2434
1469 2434
1470 2433
1471 2433
1472 2433
1473 2433
1474 2433
1475 2433
1476 2433
1477 2432
1478 2432
1479 2432
1480 2432
1481 2432
1482 2432
1483 2432
1484 2432
1485 2432
1486 2432
1487 2432
1488 2432
1489 2432
1490 2432
1491 2432
1492 2432
1493 2432
1494 2432
1495 2432
1496 2432
1497 2432
1498 2432
1499 2432
1500 2432
1501 2432
1502 2432
1503 2432
1504 2432
1505 2432
1506 2432
1507 2432
1508 2432
1509 2432
1510 2432
1511 2433
1512 2433
1513 2433
1514 2433
1515 2433
1516 2433
1517 2433
1518 2433
1519 2433
1520 2433
1521 2433
1522 2433
1523 2433
1524 2433
1525 2433
1526 2433
1527 2433
1528 2433
1529 2433
1530 2433
1531 2433
1532 2433
1533 2433
1534 2433
1535 2434
1536 2434
1537 2434
1538 2434
1539 2434
1540 2434
1541 2434
1542 2434
1543 2434
1544 2434
1545 2434
1546 2434
1547 2434
1548 2434
1549 2434
1550 2434
1551 2434
1552 2434
1553 2434
1554 2434
1555 2434
1556 2434
1557 2434
1558 2435
1559 2435
1560 2435
1561 2435
1562 2435
1563 2435
1564 2435
1565 2435
1566 2435
1567 2435
1568 2435
1569 2435
1570 2435
1571 2435
1572 2435
1573 2435
1574 2435
1575 2435
1576 2435
1577 2435
1578 2435
1579 2435
1580 2435
1581 2436
1582 2436
1583 2436
1584 2436
1585 2436
1586 2436
1587 2436
1588 2436
1589 2436
1590 2436
1591 2436
1592 2436
1593 2436
1594 2436
1595 2436
1596 2436
1597 2436
1598 2436
1599 2436
1600 2436
1601 2436
1602 2436
1603 2436
1604 2436
1605 2437
1606 2437
1607 2437
1608 2437
1609 2437
1610 2437
1611 2437
1612 2437
1613 2437
1614 2437
1615 2437
1616 2437
1617 2437
1618 2437
1619 2437
1620 2437
1621 2437
1622 2437
1623 2437
1624 2437
1625 2437
1626 2438
1627 2438
1628 2438
1629 2439
1630 2439
1631 2440
1632 2440
1633 2440
1634 2441
1635 2441
1636 2441
1637 2442
1638 2442
1639 2443
1640 2443
1641 2444
1642 2444
1643 2445
1644 2445
1645 2446
1646 2446
1647 2446
1648 2446
1649 2447
1650 2447
1651 2447
1652 2447
1653 2447
1654 2448
1655 2448
1656 2448
1657 2448
1658 2448
1659 2448
1660 2448
1661 2448
1662 2449
1663 2449
1664 2449
1665 2450
1666 2450
1667 2450
1668 2451
1669 2451
1670 2451
1671 2452
1672 2452
1673 2452
1674 2453
1675 2453
1676 2453
1677 2453
1678 2453
1679 2454
1680 2454
1681 2454
1682 2454
1683 2454
1684 2455
1685 2455
1686 2455
1687 2456
1688 2456
1689 2456
1690 2457
1691 2457
1692 2458
1693 2458
1694 2458
1695 2459
1696 2459
1697 2459
1698 2459
1699 2459
1700 2460
1701 2460
1702 2460
1703 2460
1704 2460
1705 2460
1706 2460
1707 2460
1708 2460
1709 2460
1710 2461
1711 2461
1712 2461
1713 2461
1714 2461
1715 2461
1716 2461
1717 2461
1718 2461
1719 2461
1720 2461
1721 2461
1722 2461
1723 2462
1724 2462
1725 2462
1726 2462
1727 2462
1728 2463
1728 2464
1729 2465
1730 2465
1731 2466
1732 2467
1733 2468
1734 2469
1734 2470
1735 2471
1735 2472
1736 2473
1737 2474
1737 2475
1738 2476
1739 2476
1740 2476
1741 2476
1742 2476
1743 2475
1744 2475
1745 2474
1746 2474
1747 2473
1748 2473
1749 2472
1750 2472
1751 2471
1752 2471
1753 2470
1754 2469
1755 2468
1756 2467
1757 2467
1758 2466
1759 2465
1760 2464
1761 2463
1762 2462
1763 2461
1764 2460
1765 2459
1766 2458
1767 2457
1768 2456
1769 2455
1770 2454
1771 2453
1772 2453
1773 2452
1774 2452
1775 2451
1776 2451
1777 2450
1778 2450
1779 2450
1780 2450
1781 2450
1782 2450
1783 2450
1784 2450
1785 2450
1786 2450
1787 2450
1788 2450
1789 2450
1790 2450
1791 2450
1792 2450
1793 2450
1794 2450
1795 2450
1796 2450
1797 2450
1798 2450
1799 2450
1800 2451
1801 2452
1802 2452
1803 2453
1804 2454
1805 2455
1806 2456
1807 2457
1808 2458
1809 2458
1810 2459
1811 2460
1812 2461
1813 2462
1814 2462
1815 2463
1816 2464
1817 2465
1818 2466
1819 2467
1820 2468
1821 2469
1821 2470
1822 2471
1823 2472
1824 2473
1824 2474
1825 2475
1826 2476
1827 2477
1828 2477
1829 2478
1830 2478
1831 2479
1832 2479
1833 2480
1834 2481
1835 2481
1836 2482
1837 2483
1838 2484
1839 2484
1840 2485
1841 2485
1842 2484
1843 2483
1844 2482
1844 2481
1845 2480
1846 2479
1847 2478
1848 2477
1849 2476
1850 2475
1851 2474
1852 2473
1853 2472
1854 2471
1855 2470
1856 2469
1857 2468
1858 2467
1859 2466
1860 2465
1861 2465
1862 2464
1863 2464
1864 2464
1865 2464
1866 2464
1867 2464
1868 2464
1869 2464
1870 2464
1871 2464
1872 2464
1873 2464
1874 2464
1875 2465
1876 2465
1877 2466
1878 2466
1879 2466
1880 2467
1881 2467
1882 2468
1883 2468
1884 2469
1885 2469
1886 2469
1887 2470
1888 2470
1889 2471
1890 2471
1891 2471
1892 2472
1893 2472
1894 2473
1895 2474
1896 2475
1897 2475
1898 2476
1899 2477
1900 2478
1901 2479
1902 2480
1903 2481
1904 2482
1905 2482
1906 2483
1907 2484
1907 2485
1908 2486
1909 2486
1910 2487
1911 2487
1912 2488
1913 2489
1914 2490
1915 2491
1916 2491
1917 2492
1918 2492
1919 2493
1920 2493
1921 2493
1922 2494
1923 2495
1923 2496
1924 2497
1925 2498
1926 2498
1927 2499
1928 2499
1929 2499
1930 2499
1931 2499
1932 2499
1933 2499
1934 2498
1935 2498
1936 2498
1937 2498
1938 2497
1939 2497
1940 2497
1941 2496
1942 2496
1943 2496
1944 2495
1945 2495
1946 2494
1947 2493
1948 2492
1949 2491
1950 2490
1951 2489
1952 2488
1953 2487
1954 2486
1955 2486
1956 2485
1957 2484
1958 2484
1959 2483
1959 2482
1959 2481
1960 2480
1961 2479
1962 2479
1963 2479
1964 2478
1965 2478
1966 2478
1967 2478
1968 2478
1969 2478
1970 2478
1971 2478
1972 2478
1973 2478
1974 2478
1975 2478
1976 2479
1977 2479
1978 2479
1979 2480
1980 2481
1981 2481
1982 2482
1983 2482
1984 2483
1985 2484
1986 2484
1987 2485
1988 2486
1989 2486
1990 2487
1991 2487
1992 2488
1993 2489
1994 2489
1995 2490
1996 2490
1997 2491
1998 2492
1999 2492
2000 2493
2001 2494
2002 2495
2003 2496
2004 2497
2005 2498
2006 2499
2006 2500
2007 2501
2008 2502
2009 2503
2010 2504
2011 2505
2012 2505
2013 2506
2014 2506
2015 2507
2016 2508
2017 2509
2018 2510
2019 2511
2020 2511
2021 2512
2022 2512
2023 2513
2024 2513
2025 2514
2026 2514
2027 2515
2028 2515
2029 2516
2030 2516
2031 2517
2032 2517
2033 2518
2034 2519
2035 2520
2036 2520
2037 2521
2038 2522
2039 2523
2040 2524
2041 2525
2042 2526
2043 2527
2044 2528
2045 2528
2046 2529
2047 2529
2048 2529
2048 2528
2048 2527
2048 2526
2049 2525
2050 2524
2051 2523
2051 2522
2052 2521
2052 2520
2053 2519
2053 2518
2053 2517
2054 2516
2054 2515
2055 2514
2056 2513
2057 2512
2058 2511
2059 2510
2060 2509
2061 2509
2061 2508
2062 2507
2063 2506
2064 2505
2065 2505
2066 2504
2067 2504
2068 2503
2069 2503
2070 2503
2071 2502
2072 2501
2073 2500
2073 2499
2074 2498
2075 2498
2076 2497
2077 2497
2078 2497
2079 2497
2080 2497
2081 2497
2082 2497
2083 2497
2084 2498
2085 2498
2086 2499
2087 2499
2088 2500
2089 2500
2090 2501
2091 2502
2092 2502
2093 2503
2094 2504
2095 2505
2096 2505
2097 2506
2098 2507
2099 2508
2100 2509
2101 2510
2102 2510
2103 2511
2104 2512
2105 2513
2106 2514
2107 2514
2108 2515
2109 2515
2110 2516
2111 2517
2112 2517
2113 2518
2114 2519
2115 2519
2116 2520
2117 2520
2118 2521
2119 2521
2120 2521
2121 2522
2122 2522
2123 2522
2124 2522
2125 2522
2126 2523
2127 2523
2128 2523
2129 2523
2130 2523
2131 2523
2132 2523
2133 2524
2134 2524
2135 2524
2136 2524
2137 2524
2138 2524
2139 2524
2140 2524
2141 2524
2142 2524
2143 2524
2144 2524
2145 2524
2146 2524
2147 2524
2148 2525
2149 2525
2150 2525
2151 2525
2152 2525
2153 2525
2154 2525
2155 2525
2156 2525
2157 2525
2158 2525
2159 2525
2160 2525
2161 2525
2162 2525
2163 2525
2164 2525
2165 2525
2166 2525
2167 2525
2168 2525
2169 2525
2170 2526
2171 2526
2172 2526
2173 2526
2174 2526
2175 2526
2176 2526
2177 2526
2178 2526
2179 2526
2180 2526
2181 2526
2182 2526
2183 2526
2184 2526
2185 2526
2186 2526
2187 2526
2188 2526
2189 2527
2190 2527
2191 2528
2192 2528
2193 2529
2194 2530
2195 2530
2196 2531
2197 2532
2198 2533
2199 2533
2200 2534
2201 2534
2202 2535
2203 2536
2204 2537
2205 2538
2206 2539
2207 2539
2208 2540
2209 2541
2209 2542
2210 2543
2211 2544
2212 2544
2213 2545
2213 2546
2214 2547
2215 2548
2215 2549
2215 2550
2216 2551
2216 2552
2216 2553
2217 2554
2218 2555
2219 2556
2220 2557
2221 2558
2222 2559
2223 2560
2224 2561
2224 2562
2225 2563
2225 2564
2225 2565
2225 2566
2225 2567
2225 2568
2226 2569
2227 2570
2228 2571
2229 2571
2230 2572
2231 2572
2232 2572
2233 2572
2234 2572
2235 2572
2236 2572
2237 2573
2238 2573
2239 2573
2240 2573
2241 2573
2242 2573
2243 2572
2244 2572
2245 2572
2246 2572
2247 2572
2248 2572
2249 2571
2250 2571
2251 2570
2252 2569
2253 2568
2254 2567
2255 2567
2256 2566
2257 2566
2257 2565
2258 2564
2259 2563
2260 2563
2261 2562
2262 2561
2262 2560
2263 2559
2264 2558
2265 2557
2266 2556
2267 2556
2268 2556
2269 2556
2270 2556
2271 2556
2272 2556
2273 2556
2274 2556
2275 2556
2276 2557
2277 2557
2278 2558
2279 2558
2280 2559
2281 2559
2282 2560
2283 2560
2284 2561
2285 2561
2286 2562
2287 2562
2288 2563
2289 2563
2290 2564
2291 2564
2292 2565
2293 2566
2294 2567
2295 2567
2296 2568
2297 2569
2298 2570
2299 2570
2300 2571
2301 2572
2302 2573
2303 2574
2304 2575
2305 2576
2306 2577
2307 2577
2308 2578
2309 2579
2310 2580
2311 2581
2312 2581
2313 2582
2314 2583
2315 2583
2316 2584
2317 2584
2318 2584
2319 2585
2320 2586
2321 2586
2322 2587
2323 2588
2324 2588
2325 2589
2326 2590
2327 2591
2328 2591
2329 2592
2330 2593
2331 2594
2332 2594
2333 2595
2334 2596
2335 2597
2336 2597
2337 2598
2338 2599
2339 2600
2340 2600
2341 2601
2342 2602
2343 2603
2344 2604
2345 2605
2346 2605
2347 2606
2348 2606
2349 2606
2350 2607
2351 2607
2352 2607
2353 2607
2354 2607
2355 2607
2356 2607
2357 2608
2358 2608
2359 2608
2360 2608
2361 2608
2362 2608
2363 2608
2364 2608
2365 2608
2366 2608
2367 2609
2368 2609
2369 2609
2370 2609
2371 2609
2372 2609
2373 2609
2374 2609
2375 2609
2376 2609
2377 2609
2378 2609
2379 2609
2380 2609
2381 2609
2382 2609
2383 2609
2384 2608
2385 2608
2386 2607
2387 2607
2388 2606
2389 2606
2390 2605
2391 2604
2392 2604
2393 2603
2394 2603
2395 2602
2396 2602
2397 2602
2398 2602
2399 2601
2400 2601
2401 2601
2402 2601
2403 2601
2404 2601
2405 2601
2406 2601
2407 2601
2408 2601
2409 2601
2410 2601
2411 2601
2412 2601
2413 2601
2414 2601
2415 2601
2416 2601
2417 2601
2418 2602
2419 2602
2420 2602
2421 2602
2422 2602
2423 2603
2424 2603
2425 2603
2426 2604
2427 2604
2428 2604
2429 2605
2430 2605
2431 2605
2432 2606
2433 2606
2434 2606
2435 2607
2436 2607
2437 2608
2438 2608
2439 2608
2440 2609
2441 2609
2442 2609
2443 2610
2444 2610
2445 2610
2446 2610
2447 2610
2448 2611
2449 2611
2450 2611
2451 2611
2452 2611
2453 2612
2454 2612
2455 2612
2456 2612
2457 2612
2458 2612
2459 2612
2460 2612
2461 2613
2462 2613
2463 2614
2464 2615
2465 2616
2466 2617
2467 2617
2468 2617
2469 2617
2470 2617
2471 2618
2472 2618
2473 2618
2474 2618
2475 2618
2476 2618
2477 2618
2478 2618
2479 2618
2480 2618
2481 2618
2482 2618
2483 2618
2484 2619
2485 2619
2486 2619
2487 2619
2488 2619
2489 2619
2490 2619
2491 2619
2492 2618
2493 2618
2494 2618
2495 2618
2496 2618
2497 2618
2498 2618
2499 2618
2500 2618
2501 2617
2502 2617
2503 2617
2504 2617
2505 2617
2506 2616
2507 2616
2508 2616
2509 2616
2510 2616
2511 2616
2512 2616
2513 2616
2514 2616
2515 2615
2516 2615
2517 2615
2518 2615
2519 2614
2520 2614
2521 2614
2522 2614
2523 2614
2524 2613
2525 2613
2526 2613
2527 2613
2528 2613
2529 2613
2530 2612
2531 2612
2532 2612
2533 2612
2534 2612
2535 2612
2536 2612
2537 2612
2538 2612
2539 2612
2540 2612
2541 2612
2542 2612
2543 2612
2544 2612
2545 2612
2546 2612
2547 2612
2548 2612
2549 2612
2550 2612
2551 2612
2552 2612
2553 2612
2554 2612
2555 2612
2556 2612
2557 2612
2558 2612
2559 2612
2560 2612
2561 2612
2562 2612
2563 2612
2564 2612
2565 2612
2566 2612
2567 2612
2568 2613
2569 2613
2570 2613
2571 2613
2572 2613
2573 2614
2574 2614
2575 2615
2576 2615
2577 2615
2578 2616
2579 2617
2580 2617
2581 2618
2582 2619
2583 2619
2584 2620
2585 2620
2586 2621
2587 2621
2588 2622
2589 2623
2590 2624
2591 2625
2592 2626
2593 2627
2593 2628
2594 2629
2594 2630
2595 2631
2595 2632
2596 2633
2596 2634
2597 2635
2598 2636
2598 2637
2599 2638
2599 2639
2599 2640
2599 2641
2600 2642
2600 2643
2600 2644
2600 2645
2600 2646
2600 2647
2600 2648
2600 2649
2600 2650
2600 2651
2600 2652
2600 2653
2601 2654
2602 2655
2602 2656
2602 2657
2603 2658
2603 2659
2603 2660
2603 2661
2604 2662
2604 2663
2604 2664
2604 2665
2604 2666
2604 2667
2604 2668
2604 2669
2604 2670
2604 2671
2604 2672
2604 2673
2604 2674
2604 2675
2604 2676
2604 2677
2604 2678
2604 2679
2604 2680
2604 2681
2604 2682
2604 2683
2604 2684
2604 2685
2604 2686
2604 2687
2605 2687
2606 2688
2607 2688
2608 2688
2609 2688
2610 2688
2611 2688
2612 2688
2613 2688
2614 2689
2615 2689
2616 2689
2617 2689
2618 2689
2619 2689
2620 2689
2621 2689
2622 2689
2623 2689
2624 2689
2625 2689
2626 2689
2627 2689
2628 2689
2629 2689
2630 2689
2631 2689
2632 2690
2633 2690
2634 2690
2635 2690
2636 2690
2637 2690
2638 2690
2639 2690
2640 2690
2641 2690
2642 2690
2643 2690
2644 2690
2645 2690
2646 2690
2647 2690
2648 2690
2649 2690
2650 2691
2651 2691
2652 2691
2653 2691
2654 2691
2655 2690
2656 2690
2657 2690
2658 2689
2659 2689
2660 2689
2661 2688
2662 2688
2663 2688
2664 2688
2665 2688
2666 2687
2667 2687
2668 2687
2669 2687
2670 2687
2671 2687
2672 2687
2673 2687
2674 2687
2675 2687
2676 2687
2677 2687
2678 2687
2679 2687
2680 2687
2681 2687
2682 2687
2683 2687
2684 2687
2685 2687
2686 2687
2687 2687
2688 2687
2689 2687
2690 2687
2691 2687
2692 2687
2693 2687
2694 2687
2695 2688
2696 2688
2697 2688
2698 2688
2699 2688
2700 2688
2701 2688
2702 2688
2703 2688
2704 2688
2705 2688
2706 2688
2707 2688
2708 2688
2709 2688
2710 2688
2711 2688
2712 2688
2713 2688
2714 2688
2715 2688
2716 2688
2717 2688
2718 2688
2719 2689
2720 2689
2721 2689
2722 2689
2723 2689
2724 2689
2725 2689
2726 2689
2727 2689
2728 2689
2729 2689
2730 2689
2731 2689
2732 2689
2733 2689
2734 2689
2735 2689
2736 2689
2737 2688
2738 2688
2739 2688
2740 2687
2741 2687
2742 2686
2743 2686
2744 2685
2745 2685
2746 2684
2747 2684
2748 2683
2749 2683
2750 2683
2751 2683
2752 2682
2753 2682
2754 2682
2755 2682
2756 2682
2757 2682
2758 2682
2759 2682
2760 2681
2761 2681
2762 2681
2763 2681
2764 2680
2765 2680
2766 2680
2767 2679
2768 2679
2769 2679
2770 2678
2771 2678
2772 2678
2773 2678
2774 2677
2775 2677
2776 2677
2777 2677
2778 2677
2779 2677
2780 2677
2781 2677
2782 2677
2783 2677
2784 2677
2785 2677
2786 2677
2787 2677
2788 2677
2789 2677
2790 2678
2791 2678
2792 2678
2793 2679
2794 2679
2795 2680
2796 2681
2797 2681
2798 2682
2799 2682
2800 2683
2801 2684
2802 2685
2803 2685
2804 2686
2805 2687
2806 2687
2807 2688
2808 2688
2809 2689
2810 2690
2811 2690
2812 2691
2813 2691
2814 2692
2815 2692
2816 2693
2817 2693
2818 2694
2819 2694
2820 2695
2821 2695
2822 2695
2823 2696
2824 2696
2825 2696
2826 2697
2827 2697
2828 2697
2829 2697
2830 2697
2831 2697
2832 2698
2833 2698
2834 2698
2835 2698
2836 2698
2837 2698
2838 2698
2839 2698
2840 2698
2841 2699
2842 2699
2843 2699
2844 2699
2845 2699
2846 2699
2847 2699
2848 2699
2849 2699
2850 2699
2851 2699
2852 2699
2853 2699
2854 2699
2855 2699
2856 2699
2857 2699
2858 2700
2859 2700
2860 2700
2861 2700
2862 2700
2863 2700
2864 2700
2865 2700
2866 2700
2867 2700
2868 2700
2869 2700
2870 2700
2871 2700
2872 2700
2873 2700
2874 2700
2875 2700
2876 2700
2877 2700
2878 2700
2879 2700
2880 2701
2881 2701
2882 2701
2883 2701
2884 2701
2885 2701
2886 2701
2887 2701
2888 2701
2888 2700
2887 2699
2886 2698
2885 2697
2885 2696
2884 2695
2883 2694
2883 2693
2882 2692
2881 2691
2880 2690
2880 2689
2879 2688
2878 2687
2877 2686
2876 2685
2875 2684
2874 2683
2873 2682
2872 2681
2871 2680
2871 2679
2870 2678
2870 2677
2870 2676
2869 2675
2869 2674
2869 2673
2870 2672
2871 2671
2872 2671
2873 2671
2874 2671
2875 2671
2876 2671
2877 2671
2878 2671
2879 2671
2880 2671
2881 2671
2882 2671
2883 2671
2884 2671
2885 2671
2886 2671
2887 2671
2888 2671
2889 2671
2890 2671
2891 2671
2892 2671
2893 2671
2894 2671
2895 2671
2896 2671
2897 2672
2898 2672
2899 2672
2900 2672
2901 2672
2902 2672
2903 2672
2904 2672
2905 2672
2906 2672
2907 2672
2908 2672
2909 2672
2910 2672
2911 2672
2912 2672
2913 2672
2914 2672
2915 2672
2916 2672
2917 2672
2918 2672
2919 2672
2920 2672
2921 2672
2922 2673
2923 2672
2924 2672
2925 2672
2926 2672
2927 2671
2928 2671
2929 2671
2930 2670
2931 2670
2932 2670
2933 2669
2934 2669
2935 2668
2936 2668
2937 2667
2938 2667
2939 2666
2940 2666
2941 2666
2942 2666
2943 2665
2944 2665
2945 2665
2946 2665
2947 2665
2948 2665
2949 2665
2950 2665
2951 2665
2952 2665
2953 2664
2954 2664
2955 2664
2956 2664
2957 2665
2958 2665
2959 2665
2960 2665
2961 2665
2962 2665
2963 2665
2964 2665
2965 2665
2966 2665
2967 2665
2968 2665
2969 2665
2970 2665
2971 2665
2972 2665
2973 2665
2974 2665
2975 2665
2976 2665
2977 2665
2978 2665
2979 2665
2980 2665
2981 2665
2982 2665
2983 2665
2984 2665
2985 2665
2986 2665
2987 2665
2988 2665
2989 2666
2990 2666
2991 2666
2992 2666
2993 2666
2994 2666
2995 2666
2996 2666
2997 2666
2998 2666
2999 2666
3000 2666
3001 2666
3002 2666
3003 2666
3004 2666
3005 2666
3006 2666
3007 2666
3008 2666
3009 2666
3010 2666
3011 2666
3012 2666
3013 2665
3014 2664
3015 2664
3016 2664
3017 2663
3018 2663
3019 2663
3020 2663
3021 2663
3022 2662
3023 2662
3024 2662
3025 2662
3026 2662
3027 2662
3028 2663
3029 2663
3030 2663
3031 2663
3032 2663
3033 2663
3034 2663
3035 2663
3036 2663
3037 2663
3038 2663
3039 2663
3040 2663
3041 2663
3042 2663
3043 2663
3044 2663
3045 2663
3046 2663
3047 2663
3048 2662
3049 2662
3050 2661
3051 2661
3052 2661
3053 2661
3054 2660
3055 2660
3056 2660
3057 2660
3058 2660
3059 2660
3060 2659
3061 2659
3062 2659
3063 2659
3064 2659
3065 2659
3066 2659
3067 2659
3068 2659
3069 2659
3070 2659
3071 2659
3072 2659
3073 2659
3074 2659
3075 2659
3076 2659
3077 2660
3078 2660
3079 2660
3080 2660
3081 2660
3082 2660
3083 2660
3084 2660
3085 2660
3086 2660
3087 2660
3088 2660
3089 2660
3090 2660
3091 2660
3092 2660
3093 2660
3094 2660
3095 2661
3096 2661
3097 2661
3098 2662
3099 2662
3100 2662
3101 2663
3102 2663
3103 2664
3104 2664
3105 2665
3106 2666
3107 2666
3108 2667
3109 2668
3110 2669
3111 2670
3112 2670
3113 2671
3114 2672
3115 2673
3116 2673
3117 2674
3118 2675
3119 2676
3120 2677
3121 2677
3122 2678
3123 2679
3124 2680
3125 2681
3126 2682
3127 2682
3128 2683
3129 2684
3130 2684
3131 2684
3132 2685
3133 2685
3134 2685
3135 2686
3136 2686
3137 2686
3138 2686
3139 2686
3140 2686
3141 2687
3142 2687
3143 2687
3144 2687
3145 2687
3146 2687
3147 2687
3148 2687
3149 2687
3150 2687
3151 2687
3152 2687
3153 2686
3154 2686
3155 2686
3156 2686
3157 2685
3158 2685
3159 2685
3160 2685
3161 2685
3162 2684
3163 2684
3164 2684
3165 2684
3166 2684
3167 2684
3168 2684
3169 2684
3170 2684
3171 2684
3172 2684
3173 2684
3174 2684
3175 2684
3176 2684
3177 2684
3178 2684
3179 2684
3180 2684
3181 2684
3182 2684
3183 2684
3184 2684
3185 2684
3186 2684
3187 2684
3188 2684
3189 2684
3190 2684
3191 2684
3192 2684
3193 2684
3194 2684
3195 2684
3196 2685
3197 2685
3198 2685
3199 2685
3200 2685
3201 2685
3202 2685
3203 2685
3204 2685
3205 2685
3206 2685
3207 2685
3208 2685
3209 2685
3210 2685
3211 2685
3212 2685
3213 2685
3214 2685
3215 2685
3216 2685
3217 2685
3218 2685
3219 2685
3220 2685
3221 2685
3222 2686
3223 2686
3224 2686
3225 2686
3226 2686
3227 2686
3228 2686
3229 2686
3230 2686
3231 2686
3232 2686
3233 2685
3234 2685
3235 2684
3236 2684
3237 2684
3238 2684
3239 2683
3240 2683
3241 2682
3242 2681
3243 2680
3244 2680
3245 2679
3246 2679
3247 2679
3248 2679
3249 2678
3250 2677
3251 2677
3252 2676
3253 2676
3254 2675
3255 2675
3256 2674
3257 2674
3258 2673
3259 2673
3260 2673
3261 2672
3262 2672
3263 2672
3264 2671
3265 2671
3266 2671
3267 2671
3268 2670
3269 2670
3270 2670
3271 2669
3272 2669
3273 2668
3274 2668
3275 2667
3276 2667
3277 2667
3278 2666
3279 2666
3280 2666
3281 2665
3282 2665
3283 2665
3284 2664
3285 2664
3286 2664
3287 2664
3288 2663
3289 2663
3290 2663
3291 2662
3292 2662
3293 2662
3294 2662
3295 2661
3296 2661
3297 2661
3298 2661
3299 2661
3300 2661
3301 2661
3302 2661
3303 2661
3304 2661
3305 2661
3306 2661
3307 2661
3308 2660
3309 2660
3310 2660
3311 2660
3312 2660
3313 2660
3314 2660
3315 2660
3316 2660
3317 2660
3318 2660
3319 2660
3320 2660
3321 2660
3322 2660
3323 2660
3324 2660
3325 2660
3326 2661
3327 2661
3328 2661
3329 2661
3330 2661
3331 2661
3332 2661
3333 2661
3334 2661
3335 2661
3336 2661
3337 2661
3338 2661
3339 2661
3340 2661
3341 2661
3342 2661
3343 2661
3344 2661
3345 2660
3346 2660
3347 2660
3348 2660
3349 2659
3350 2659
3351 2659
3352 2659
3353 2658
3354 2658
3355 2658
3356 2657
3357 2657
3358 2657
3359 2656
3360 2656
3361 2655
3362 2655
3363 2655
3364 2655
3365 2654
3366 2654
3367 2654
3368 2654
3369 2654
3370 2654
3371 2654
3372 2654
3373 2654
3374 2654
3375 2654
3376 2653
3377 2653
3378 2653
3379 2653
3380 2653
3381 2653
3382 2653
3383 2653
3384 2653
3385 2653
3386 2653
3387 2653
3388 2653
3389 2653
3390 2653
3391 2653
3392 2653
3393 2653
3394 2654
3395 2654
3396 2654
3397 2654
3398 2654
3399 2654
3400 2654
3401 2654
3402 2654
3403 2654
3404 2654
3405 2654
3406 2654
3407 2654
3408 2654
3409 2654
3410 2654
3411 2654
3412 2654
3413 2654
3414 2654
3415 2654
3416 2654
3417 2654
3418 2654
3419 2654
3420 2653
3421 2653
3422 2653
3423 2652
3424 2652
3425 2652
3426 2652
3427 2651
3428 2651
3429 2651
3430 2650
3431 2650
3432 2649
3433 2649
3434 2648
3435 2647
3436 2647
3436 2646
3437 2645
3438 2644
3439 2644
3440 2643
3441 2643
3442 2642
3443 2642
3444 2641
3445 2640
3446 2639
3447 2638
3447 2637
3448 2636
3449 2635
3450 2634
3451 2633
3452 2632
3453 2631
3454 2630
3455 2630
3456 2629
3457 2629
3458 2628
3459 2627
3460 2627
3461 2626
3462 2625
3463 2624
3464 2623
3465 2622
3465 2621
3466 2620
3467 2619
3467 2618
3468 2617
3469 2616
3469 2615
3469 2614
3470 2613
3470 2612
3470 2611
3471 2610
3471 2609
3471 2608
3472 2607
3472 2606
3473 2605
3474 2604
3475 2603
3476 2602
3477 2601
3478 2600
3479 2599
3479 2598
3480 2597
3481 2596
3482 2595
3483 2594
3484 2593
3485 2592
3486 2591
3486 2590
3487 2589
3488 2588
3489 2588
3490 2587
3491 2586
3492 2586
3493 2585
3494 2584
3495 2584
3496 2583
3497 2582
3498 2582
3499 2581
3500 2580
3501 2580
3502 2579
3503 2579
3504 2578
3505 2578
3506 2577
3507 2577
3508 2576
3509 2576
3510 2575
3511 2575
3512 2574
3513 2573
3514 2572
3515 2571
3516 2570
3517 2569
3518 2569
3519 2568
3520 2567
3521 2566
3522 2565
3523 2564
3524 2563
3525 2562
3526 2562
3527 2561
3528 2561
3529 2560
3530 2560
3531 2559
3532 2559
3533 2559
3534 2558
3535 2558
3536 2557
3537 2557
3538 2556
3539 2556
3540 2555
3541 2554
3542 2554
3543 2554
3544 2553
3545 2553
3546 2553
3547 2552
3548 2551
3549 2551
3550 2550
3550 2549
3551 2548
3552 2547
3553 2546
3554 2545
3555 2544
3556 2543
3556 2542
3557 2541
3557 2540
3558 2539
3559 2538
3559 2537
3560 2536
3561 2535
3561 2534
3562 2533
3563 2532
3563 2531
3564 2530
3565 2529
3565 2528
3566 2527
3566 2526
3567 2525
3567 2524
3568 2523
3569 2522
3569 2521
3570 2520
3571 2519
3571 2518
3572 2517
3573 2516
3573 2515
3573 2514
3574 2513
3574 2512
3574 2511
3574 2510
3575 2509
3575 2508
3575 2507
3575 2506
3576 2505
3576 2504
3577 2503
3578 2502
3578 2501
3579 2500
3579 2499
3580 2498
3580 2497
3580 2496
3581 2495
3581 2494
3581 2493
3581 2492
3581 2491
3581 2490
3581 2489
3581 2488
3581 2487
3581 2486
3582 2485
3582 2484
3582 2483
3582 2482
3582 2481
3582 2480
3582 2479
3582 2478
3582 2477
3582 2476
3582 2475
3582 2474
3582 2473
3582 2472
3582 2471
3582 2470
3582 2469
3582 2468
3582 2467
3583 2466
3583 2465
3583 2464
3583 2463
3583 2462
3583 2461
3583 2460
3583 2459
3583 2458
3583 2457
3583 2456
3583 2455
3583 2454
3583 2453
3583 2452
3583 2451
3583 2450
3584 2449
3584 2448
3584 2447
3585 2446
3585 2445
3586 2444
3586 2443
3586 2442
3586 2441
3587 2440
3587 2439
3588 2438
3588 2437
3589 2436
3589 2435
3590 2434
3590 2433
3591 2432
3591 2431
3591 2430
3592 2429
3592 2428
3592 2427
3592 2426
3593 2425
3593 2424
3594 2423
3594 2422
3594 2421
3595 2420
3595 2419
3596 2418
3597 2417
3597 2416
3598 2415
3598 2414
3599 2413
3599 2412
3600 2411
3600 2410
3601 2409
3602 2408
3602 2407
3603 2406
3604 2405
3605 2404
3606 2403
3607 2402
3608 2401
3609 2400
3610 2399
3611 2398
3612 2397
3613 2396
3613 2395
3614 2394
3615 2393
3616 2392
3616 2391
3617 2390
3617 2389
3618 2388
3618 2387
3619 2386
3620 2385
3620 2384
3621 2383
3622 2382
3622 2381
3623 2380
3623 2379
3623 2378
3624 2377
3624 2376
3624 2375
3624 2374
3625 2373
3625 2372
3625 2371
3625 2370
3625 2369
3626 2368
3626 2367
3626 2366
3626 2365
3626 2364
3626 2363
3626 2362
3626 2361
3626 2360
3626 2359
3627 2358
3627 2357
3627 2356
3627 2355
3627 2354
3627 2353
3627 2352
3627 2351
3627 2350
3627 2349
3627 2348
3627 2347
3628 2346
3628 2345
3628 2344
3628 2343
3628 2342
3628 2341
3628 2340
3628 2339
3628 2338
3628 2337
3628 2336
3628 2335
3628 2334
3628 2333
3628 2332
3628 2331
3628 2330
3628 2329
3628 2328
3628 2327
3628 2326
3629 2325
3629 2324
3629 2323
3629 2322
3629 2321
3629 2320
3629 2319
3629 2318
3629 2317
3629 2316
3629 2315
3629 2314
3628 2313
3628 2312
3628 2311
3628 2310
3627 2309
3627 2308
3627 2307
3627 2306
3626 2305
3626 2304
3626 2303
3626 2302
3626 2301
3626 2300
3626 2299
3626 2298
3626 2297
3626 2296
3626 2295
3626 2294
3626 2293
3626 2292
3626 2291
3626 2290
3626 2289
3626 2288
3626 2287
3626 2286
3626 2285
3626 2284
3626 2283
3626 2282
3626 2281
3626 2280
3626 2279
3626 2278
3625 2277
3625 2276
3625 2275
3625 2274
3624 2273
3624 2272
3624 2271
3624 2270
3624 2269
3623 2268
3623 2267
3623 2266
3623 2265
3623 2264
3623 2263
3623 2262
3623 2261
3622 2260
3622 2259
3622 2258
3622 2257
3622 2256
3622 2255
3622 2254
3621 2253
3621 2252
3621 2251
3620 2250
3620 2249
3620 2248
3619 2247
3619 2246
3619 2245
3619 2244
3619 2243
3619 2242
3619 2241
3619 2240
3618 2239
3618 2238
3618 2237
3617 2236
3617 2235
3617 2234
3616 2233
3616 2232
3616 2231
3616 2230
3615 2229
3615 2228
3615 2227
3615 2226
3615 2225
3615 2224
3615 2223
3614 2222
3614 2221
3614 2220
3613 2219
3613 2218
3612 2217
3612 2216
3611 2215
3611 2214
3611 2213
3611 2212
3610 2211
3610 2210
3610 2209
3610 2208
3610 2207
3610 2206
3610 2205
3610 2204
3610 2203
3610 2202
3610 2201
3610 2200
3610 2199
3610 2198
3610 2197
3610 2196
3610 2195
3610 2194
3610 2193
3610 2192
3610 2191
3610 2190
3610 2189
3610 2188
3610 2187
3610 2186
3610 2185
3610 2184
3610 2183
3610 2182
3610 2181
3610 2180
3610 2179
3610 2178
3610 2177
3610 2176
3610 2175
3610 2174
3610 2173
3610 2172
3610 2171
3610 2170
3610 2169
3611 2168
3611 2167
3611 2166
3611 2165
3611 2164
3611 2163
3611 2162
3611 2161
3611 2160
3612 2159
3613 2160
3613 2161
3613 2162
3614 2163
3614 2164
3614 2165
3615 2166
3615 2167
3615 2168
3616 2169
3616 2170
3616 2171
3617 2172
3617 2173
3617 2174
3618 2175
3618 2176
3618 2177
3619 2178
3619 2179
3619 2180
3619 2181
3620 2182
3620 2183
3620 2184
3621 2185
3621 2186
3621 2187
3622 2188
3622 2189
3622 2190
3623 2191
3623 2192
3623 2193
3624 2194
3624 2195
3624 2194
3624 2193
3624 2192
3624 2191
3624 2190
3624 2189
3625 2188
3625 2187
3625 2186
3625 2185
3625 2184
3625 2183
3625 2182
3625 2181
3625 2180
3625 2179
3625 2178
3625 2177
3625 2176
3625 2175
3625 2174
3625 2173
3625 2172
3625 2171
3624 2170
3624 2169
3623 2168
3623 2167
3623 2166
3623 2165
3623 2164
3622 2163
3622 2162
3622 2161
3622 2160
3622 2159
3622 2158
3622 2157
3622 2156
3622 2155
3622 2154
3621 2153
3621 2152
3621 2151
3621 2150
3620 2149
3620 2148
3619 2147
3619 2146
3619 2145
3619 2144
3619 2143
3618 2142
3618 2141
3618 2140
3618 2139
3618 2138
3618 2137
3618 2136
3618 2135
3618 2134
3618 2133
3618 2132
3617 2131
3617 2130
3617 2129
3617 2128
3616 2127
3616 2126
3615 2125
3615 2124
3615 2123
3614 2122
3614 2121
3614 2120
3614 2119
3614 2118
3614 2117
3614 2116
3614 2115
3614 2114
3614 2113
3614 2112
3614 2111
3614 2110
3613 2109
3613 2108
3613 2107
3612 2106
3612 2105
3611 2104
3611 2103
3611 2102
3611 2101
3610 2100
3610 2099
3609 2098
3609 2097
3609 2096
3608 2095
3608 2094
3608 2093
3607 2092
3607 2091
3607 2090
3607 2089
3606 2088
3606 2087
3606 2086
3606 2085
3606 2084
3605 2083
3604 2082
3604 2081
3603 2080
3603 2079
3602 2078
3602 2077
3601 2076
3600 2075
3600 2074
3599 2073
3599 2072
3598 2071
3598 2070
3597 2069
3596 2068
3596 2067
3595 2066
3594 2066
3593 2065
3592 2064
3591 2063
3590 2062
3589 2061
3588 2060
3587 2060
3586 2059
3585 2058
3584 2057
3583 2056
3582 2055
3581 2054
3580 2054
3579 2053
3578 2052
3577 2051
3576 2050
3575 2050
3574 2049
3573 2048
3572 2048
3571 2048
3570 2047
3569 2047
3568 2047
3567 2047
3566 2047
3565 2046
3564 2046
3563 2046
3562 2045
3561 2044
3560 2044
3559 2043
3558 2043
3557 2042
3556 2042
3555 2042
3554 2041
3553 2041
3552 2041
3551 2041
3550 2041
3549 2040
3548 2040
3547 2041
3546 2041
3545 2042
3544 2042
3543 2042
3542 2043
3541 2044
3540 2044
3539 2045
3538 2046
3537 2046
3536 2047
3535 2047
3534 2048
3534 2049
3533 2050
3532 2050
3531 2051
3530 2051
3529 2052
3528 2052
3527 2052
3526 2052
3525 2052
3524 2052
3523 2053
3522 2053
3521 2053
3520 2053
3519 2053
3518 2053
3517 2053
3516 2053
3515 2053
3514 2053
3513 2053
3512 2053
3511 2053
3510 2053
3509 2053
3508 2053
3507 2053
3506 2053
3505 2053
3504 2053
3503 2053
3502 2053
3501 2052
3500 2052
3499 2052
3498 2052
3497 2052
3496 2052
3495 2052
3494 2052
3493 2052
3492 2052
3491 2052
3490 2052
3489 2052
3488 2052
3487 2052
3486 2052
3485 2052
3484 2052
3483 2052
3482 2052
3481 2052
3480 2052
3479 2052
3478 2052
3477 2051
3476 2051
3475 2051
3474 2051
3473 2051
3472 2051
3471 2051
3470 2051
3469 2051
3468 2051
3467 2051
3466 2051
3465 2051
3464 2051
3463 2051
3462 2051
3461 2051
3460 2051
3459 2051
3458 2051
3457 2051
3456 2050
3455 2050
3454 2049
3454 2048
3453 2047
3453 2046
3453 2045
3453 2044
3453 2043
3453 2042
3453 2041
3453 2040
3452 2039
3452 2038
3451 2037
3451 2036
3450 2035
3449 2034
3449 2033
3448 2032
3447 2032
3446 2031
3446 2030
3445 2029
3444 2029
3443 2028
3442 2027
3441 2027
3440 2026
3439 2025
3439 2024
3438 2023
3437 2022
3436 2021
3435 2020
3434 2019
3433 2018
3432 2017
3431 2016
3430 2015
3429 2014
3428 2013
3427 2012
3426 2011
3425 2010
3424 2009
3423 2008
3422 2007
3421 2006
3420 2005
3419 2004
3419 2003
3418 2002
3418 2001
3417 2000
3416 1999
3415 1998
3414 1998
3413 1997
3412 1996
3411 1995
3410 1995
3409 1995
3408 1995
3407 1995
3406 1995
3405 1995
3404 1995
3403 1995
3402 1996
3401 1996
3400 1997
3399 1997
3398 1998
3397 1998
3396 1999
3395 1999
3394 1999
3393 2000
3392 2000
3391 2001
3390 2001
3389 2001
3388 2002
3387 2002
3386 2003
3385 2003
3384 2004
3383 2004
3382 2004
3381 2005
3380 2005
3379 2005
3378 2005
3377 2006
3376 2006
3375 2006
3374 2006
3373 2006
3372 2006
3371 2006
3370 2006
3369 2007
3368 2007
3367 2007
3366 2007
3365 2008
3364 2008
3363 2008
3362 2009
3361 2009
3360 2009
3359 2009
3358 2010
3357 2010
3356 2010
3355 2010
3354 2010
3353 2010
3352 2011
3351 2011
3350 2011
3349 2011
3348 2011
3347 2011
3346 2011
3345 2011
3344 2011
3343 2011
3342 2011
3341 2011
3340 2011
3339 2011
3338 2011
3337 2010
3336 2010
3335 2010
3334 2010
3333 2009
3332 2009
3331 2009
3330 2009
3329 2008
3328 2008
3327 2008
3326 2008
3325 2007
3324 2006
3323 2006
3322 2005
3321 2004
3320 2004
3319 2003
3318 2003
3317 2003
3316 2002
3315 2002
3314 2002
3313 2001
3312 2001
3311 2000
3310 1999
3309 1999
3308 1998
3307 1997
3306 1996
3305 1995
3304 1995
3303 1994
3302 1993
3301 1993
3300 1992
3299 1992
3298 1992
3297 1991
3296 1991
3295 1991
3294 1990
3293 1990
3292 1989
3291 1989
3290 1989
3289 1988
3288 1988
3287 1987
3286 1986
3285 1986
3284 1986
3283 1985
3282 1985
3281 1985
3280 1984
3279 1984
3278 1983
3277 1982
3276 1982
3275 1981
3274 1980
3273 1980
3272 1980
3271 1979
3270 1979
3269 1979
3268 1979
3267 1979
3266 1979
3265 1979
3264 1978
3263 1978
3262 1978
3261 1978
3260 1978
3259 1978
3258 1978
3257 1978
3256 1978
3255 1978
3254 1977
3253 1977
3252 1977
3251 1977
3250 1978
3249 1978
3248 1978
3247 1978
3246 1979
3245 1979
3244 1979
3243 1979
3242 1980
3241 1980
3240 1980
3239 1980
3238 1980
3237 1980
3236 1980
3235 1981
3234 1981
3233 1981
3232 1981
3231 1981
3230 1981
3229 1981
3228 1981
3227 1981
3226 1981
3225 1981
3224 1981
3223 1981
3222 1981
3221 1981
3220 1981
3219 1981
3218 1981
3217 1981
3216 1981
3215 1981
3214 1981
3213 1981
3212 1981
3211 1981
3210 1980
3209 1980
3208 1980
3207 1980
3206 1980
3205 1980
3204 1980
3203 1980
3202 1980
3201 1980
3200 1980
3199 1980
3198 1980
3197 1980
3196 1981
3195 1981
3194 1981
3193 1982
3192 1982
3191 1982
3190 1983
3189 1983
3188 1983
3187 1983
3186 1983
3185 1983
3184 1983
3183 1983
3182 1984
3181 1984
3180 1985
3179 1986
3178 1987
3177 1987
3176 1987
3175 1988
3174 1988
3173 1988
3172 1988
3171 1988
3170 1988
3169 1988
3168 1988
3167 1988
3166 1987
3165 1987
3164 1987
3163 1986
3162 1986
3161 1986
3160 1985
3159 1985
3158 1984
3157 1984
3156 1983
3155 1983
3154 1982
3153 1981
3152 1981
3151 1981
3150 1980
3149 1980
3148 1979
3147 1979
3146 1978
3145 1978
3144 1977
3143 1976
3142 1976
3141 1975
3140 1975
3139 1974
3138 1973
3137 1972
3136 1971
3135 1971
3134 1970
3133 1970
3132 1969
3131 1969
3130 1968
3129 1968
3128 1967
3127 1966
3126 1966
3125 1965
3124 1965
3123 1964
3122 1964
3121 1963
3120 1962
3119 1962
3118 1961
3117 1960
3116 1960
3115 1959
3114 1959
3113 1958
3112 1958
3111 1958
3110 1958
3109 1958
3108 1957
3107 1957
3106 1957
3105 1957
3104 1957
3103 1957
3102 1957
3101 1956
3100 1956
3099 1956
3098 1956
3097 1956
3096 1956
3095 1956
3094 1956
3093 1956
3092 1956
3091 1955
3090 1955
3089 1955
3088 1955
3087 1955
3086 1955
3085 1955
3084 1955
3083 1955
3082 1955
3081 1955
3080 1955
3079 1954
3079 1953
3078 1953
3077 1952
3077 1951
3076 1950
3076 1949
3075 1948
3074 1947
3073 1946
3072 1945
3072 1944
3072 1943
3071 1942
3071 1941
3070 1940
3069 1939
3068 1938
3068 1937
3067 1936
3066 1935
3065 1934
3064 1933
3063 1932
3062 1931
3062 1930
3061 1929
3061 1928
3060 1927
3059 1927
3058 1926
3057 1926
3056 1925
3055 1925
3054 1925
3053 1925
3052 1925
3051 1925
3050 1924
3049 1924
3048 1925
3047 1925
3046 1925
3045 1926
3044 1926
3043 1926
3042 1927
3041 1927
3040 1928
3039 1929
3038 1930
3037 1930
3036 1931
3035 1932
3034 1933
3033 1934
3032 1935
3031 1935
3030 1936
3029 1936
3028 1936
3027 1937
3026 1937
3025 1937
3024 1937
3023 1937
3022 1937
3021 1937
3020 1937
3019 1937
3018 1937
3017 1937
3016 1937
3015 1937
3014 1937
3013 1937
3012 1937
3011 1937
3010 1937
3009 1937
3008 1937
3007 1937
3006 1937
3005 1937
3004 1937
3003 1937
3002 1937
3001 1936
3000 1936
2999 1936
2998 1936
2997 1936
2996 1936
2995 1935
2994 1935
2993 1935
2992 1934
2991 1934
2990 1934
2989 1933
2988 1933
2987 1933
2986 1933
2985 1932
2984 1932
2983 1932
2982 1932
2981 1932
2980 1932
2979 1931
2978 1931
2977 1931
2976 1931
2975 1931
2974 1931
2973 1931
2972 1930
2971 1930
2970 1929
2969 1928
2968 1928
2967 1928
2966 1927
2965 1927
2964 1927
2963 1926
2962 1926
2961 1926
2960 1926
2959 1926
2958 1926
2957 1925
2956 1925
2955 1925
2954 1925
2953 1925
2952 1925
2951 1925
2950 1925
2949 1925
2948 1924
2947 1924
2946 1924
2945 1924
2944 1924
2943 1924
2942 1924
2941 1924
2940 1924
2939 1924
2938 1924
2937 1924
2936 1924
2935 1924
2934 1924
2933 1924
2932 1924
2931 1924
2930 1924
2929 1924
2928 1924
2927 1924
2926 1924
2925 1925
2924 1925
2923 1925
2922 1926
2921 1926
2920 1926
2919 1926
2918 1927
2917 1927
2916 1928
2915 1928
2914 1928
2913 1929
2912 1929
2911 1930
2910 1930
2909 1930
2908 1930
2907 1930
2906 1930
2905 1930
2904 1931
2903 1931
2902 1931
2901 1931
2900 1931
2899 1931
2898 1931
2897 1931
2896 1931
2895 1931
2894 1932
2893 1932
2892 1932
2891 1933
2890 1933
2889 1933
2888 1934
2887 1934
2886 1934
2885 1934
2884 1934
2883 1934
2882 1935
2881 1935
2880 1935
2879 1935
2878 1935
2877 1935
2876 1935
2875 1935
2874 1935
2873 1935
2872 1935
2871 1935
2870 1935
2869 1935
2868 1935
2867 1935
2866 1935
2865 1935
2864 1935
2863 1935
2862 1935
2861 1935
2860 1935
2859 1935
2858 1935
2857 1935
2856 1935
2855 1935
2854 1935
2853 1935
2852 1935
2851 1935
2850 1935
2849 1935
2848 1935
2847 1935
2846 1935
2845 1935
2844 1935
2843 1935
2842 1935
2841 1935
2840 1935
2839 1934
2838 1934
2837 1934
2836 1934
2835 1934
2834 1934
2833 1934
2832 1934
2831 1934
2830 1934
2829 1934
2828 1933
2827 1933
2826 1933
2825 1933
2824 1932
2823 1932
2822 1931
2821 1931
2820 1931
2819 1930
2818 1930
2817 1929
2816 1929
2815 1928
2814 1927
2813 1926
2812 1926
2811 1926
2810 1925
2809 1925
2808 1925
2807 1925
2806 1925
2805 1924
2804 1924
2803 1924
2802 1924
2801 1924
2800 1924
2799 1924
2798 1923
2797 1923
2796 1923
2795 1923
2794 1923
2793 1923
2792 1923
2791 1923
2790 1923
2789 1923
2788 1922
2787 1922
2786 1922
2785 1922
2784 1922
2783 1922
2782 1922
2781 1922
2780 1922
2779 1922
2778 1922
2777 1922
2776 1922
2775 1922
2774 1922
2773 1922
2772 1922
2771 1922
2770 1922
2769 1922
2768 1921
2767 1921
2766 1921
2765 1921
2764 1921
2763 1921
2762 1921
2761 1921
2760 1921
2759 1921
2758 1921
2757 1921
2756 1921
2755 1921
2754 1921
2753 1921
