2837 2178
2836 2179
2835 2179
2834 2179
2833 2180
2832 2180
2831 2180
2830 2180
2829 2180
2828 2181
2827 2181
2826 2182
2825 2182
2824 2183
2823 2183
2822 2183
2821 2184
2820 2184
2819 2184
2818 2184
2817 2184
2816 2184
2815 2184
2814 2184
2813 2184
2812 2184
2811 2184
2810 2184
2809 2184
2808 2184
2807 2184
2806 2184
2805 2184
2804 2184
2803 2184
2802 2184
2801 2184
2800 2184
2799 2184
2798 2184
2797 2184
2796 2184
2795 2184
2794 2184
2793 2184
2792 2183
2791 2183
2790 2183
2789 2183
2788 2183
2787 2183
2786 2183
2785 2183
2784 2183
2783 2183
2782 2183
2781 2183
2780 2183
2779 2183
2778 2183
2777 2183
2776 2183
2775 2184
2774 2184
2773 2185
2772 2185
2771 2185
2770 2185
2769 2186
2768 2186
2767 2186
2766 2186
2765 2186
2764 2186
2763 2185
2762 2185
2761 2185
2760 2185
2759 2185
2758 2185
2757 2185
2756 2185
2755 2185
2754 2185
2753 2185
2752 2185
2751 2185
2750 2185
2749 2185
2748 2185
2747 2185
2746 2185
2745 2185
2744 2185
2743 2185
2742 2185
2741 2185
2740 2185
2739 2185
2738 2185
2737 2185
2736 2185
2735 2185
2734 2185
2733 2185
2732 2184
2731 2184
2730 2184
2729 2184
2728 2184
2727 2184
2726 2184
2725 2184
2724 2184
2723 2184
2722 2184
2721 2184
2720 2184
2719 2184
2718 2184
2717 2184
2716 2184
2715 2184
2714 2184
2713 2184
2712 2184
2711 2184
2710 2184
2709 2184
2708 2183
2707 2183
2706 2183
2705 2183
2704 2183
2703 2183
2702 2183
2701 2183
2700 2183
2699 2183
2698 2183
2697 2183
2696 2183
2695 2183
2694 2183
2693 2183
2692 2183
2691 2183
2690 2183
2689 2183
2688 2183
2687 2183
2686 2183
2685 2183
2684 2182
2683 2182
2682 2182
2681 2182
2680 2182
2679 2182
2678 2182
2677 2182
2676 2182
2675 2182
2674 2182
2673 2182
2672 2182
2671 2182
2670 2182
2669 2182
2668 2182
2667 2182
2666 2182
2665 2182
2664 2182
2663 2182
2662 2182
2661 2182
2660 2181
2659 2181
2658 2181
2657 2181
2656 2181
2655 2181
2654 2181
2653 2181
2652 2182
2651 2182
2650 2182
2649 2183
2648 2183
2647 2184
2646 2184
2645 2184
2644 2184
2643 2184
2642 2184
2641 2184
2640 2184
2639 2184
2638 2184
2637 2184
2636 2184
2635 2184
2634 2184
2633 2184
2632 2185
2631 2185
2630 2186
2629 2186
2628 2187
2627 2187
2626 2187
2625 2187
2624 2187
2623 2187
2622 2187
2621 2187
2620 2187
2619 2187
2618 2187
2617 2187
2616 2187
2615 2187
2614 2187
2613 2187
2612 2187
2611 2187
2610 2187
2609 2187
2608 2187
2607 2187
2606 2187
2605 2187
2604 2187
2603 2187
2602 2187
2601 2187
2600 2187
2599 2187
2598 2187
2597 2187
2596 2187
2595 2186
2594 2186
2593 2186
2592 2186
2591 2186
2590 2186
2589 2186
2588 2186
2587 2186
2586 2186
2585 2186
2584 2186
2583 2186
2582 2186
2581 2186
2580 2186
2579 2186
2578 2186
2577 2186
2576 2186
2575 2186
2574 2186
2573 2186
2572 2186
2571 2185
2570 2185
2569 2185
2568 2185
2567 2185
2566 2185
2565 2185
2564 2185
2563 2185
2562 2186
2561 2186
2560 2187
2559 2187
2558 2187
2557 2188
2556 2188
2555 2189
2554 2190
2553 2190
2552 2191
2551 2191
2550 2192
2549 2192
2548 2192
2547 2193
2546 2193
2545 2193
2544 2194
2543 2194
2542 2194
2541 2194
2540 2194
2539 2194
2538 2195
2537 2196
2536 2196
2535 2196
2534 2197
2533 2197
2532 2197
2531 2197
2530 2198
2529 2198
2528 2198
2527 2198
2526 2198
2525 2198
2524 2198
2523 2198
2522 2198
2521 2198
2520 2198
2519 2198
2518 2198
2517 2198
2516 2198
2515 2198
2514 2198
2513 2198
2512 2198
2511 2198
2510 2198
2509 2198
2508 2198
2507 2198
2506 2198
2505 2198
2504 2198
2503 2198
2502 2198
2501 2198
2500 2198
2499 2198
2498 2197
2497 2197
2496 2197
2495 2197
2494 2197
2493 2197
2492 2197
2491 2197
2490 2197
2489 2197
2488 2197
2487 2197
2486 2197
2485 2197
2484 2197
2483 2197
2482 2197
2481 2197
2480 2197
2479 2197
2478 2197
2477 2197
2476 2197
2475 2197
2474 2196
2473 2196
2472 2196
2471 2196
2470 2196
2469 2196
2468 2196
2467 2196
2466 2196
2465 2196
2464 2197
2463 2197
2462 2197
2461 2198
2460 2198
2459 2198
2458 2198
2457 2199
2456 2199
2455 2200
2454 2200
2453 2201
2452 2201
2451 2201
2450 2201
2449 2201
2448 2201
2447 2201
2446 2202
2445 2202
2444 2202
2443 2202
2442 2202
2441 2202
2440 2202
2439 2202
2438 2202
2437 2202
2436 2202
2435 2202
2434 2202
2433 2202
2432 2202
2431 2202
2430 2202
2429 2202
2428 2202
2427 2202
2426 2202
2425 2202
2424 2202
2423 2201
2422 2201
2421 2201
2420 2201
2419 2201
2418 2201
2417 2201
2416 2201
2415 2201
2414 2201
2413 2201
2412 2201
2411 2201
2410 2201
2409 2201
2408 2201
2407 2201
2406 2201
2405 2201
2404 2201
2403 2201
2402 2201
2401 2201
2400 2201
2399 2200
2398 2200
2397 2200
2396 2200
2395 2200
2394 2200
2393 2200
2392 2200
2391 2200
2390 2200
2389 2200
2388 2200
2387 2200
2386 2200
2385 2200
2384 2200
2383 2200
2382 2200
2381 2200
2380 2200
2379 2200
2378 2200
2377 2200
2376 2200
2375 2199
2374 2199
2373 2199
2372 2199
2371 2199
2370 2199
2369 2199
2368 2199
2367 2199
2366 2198
2365 2198
2364 2197
2363 2197
2362 2197
2361 2197
2360 2196
2359 2196
2358 2196
2357 2196
2356 2196
2355 2196
2354 2196
2353 2195
2352 2195
2351 2195
2350 2195
2349 2195
2348 2195
2347 2195
2346 2195
2345 2195
2344 2195
2343 2195
2342 2195
2341 2195
2340 2195
2339 2195
2338 2194
2337 2194
2336 2194
2335 2194
2334 2194
2333 2194
2332 2194
2331 2194
2330 2194
2329 2194
2328 2194
2327 2194
2326 2194
2325 2194
2324 2194
2323 2194
2322 2194
2321 2194
2320 2194
2319 2194
2318 2194
2317 2194
2316 2194
2315 2194
2314 2194
2313 2194
2312 2194
2311 2194
2310 2194
2309 2194
2308 2193
2307 2194
2306 2193
2305 2193
2304 2193
2303 2193
2302 2193
2301 2193
2300 2193
2299 2193
2298 2193
2297 2193
2296 2194
2295 2194
2294 2194
2293 2194
2292 2194
2291 2195
2290 2195
2289 2195
2288 2195
2287 2195
2286 2195
2285 2195
2284 2195
2283 2196
2282 2196
2281 2196
2280 2196
2279 2196
2278 2196
2277 2197
2276 2197
2275 2197
2274 2197
2273 2198
2272 2198
2271 2198
2270 2198
2269 2198
2268 2198
2267 2198
2266 2198
2265 2199
2264 2199
2263 2199
2262 2199
2261 2199
2260 2200
2259 2200
2258 2200
2257 2200
2256 2200
2255 2200
2254 2200
2253 2201
2252 2201
2251 2201
2250 2201
2249 2201
2248 2201
2247 2201
2246 2201
2245 2202
2244 2202
2243 2202
2242 2202
2241 2203
2240 2203
2239 2203
2238 2203
2237 2204
2236 2204
2235 2204
2234 2204
2233 2204
2232 2204
2231 2204
2230 2204
2229 2204
2228 2204
2227 2204
2226 2204
2225 2204
2224 2204
2223 2204
2222 2204
2221 2204
2220 2204
2219 2204
2218 2204
2217 2204
2216 2204
2215 2204
2214 2204
2213 2204
2212 2204
2211 2204
2210 2204
2209 2204
2208 2204
2207 2204
2206 2204
2205 2204
2204 2204
2203 2204
2202 2204
2201 2204
2200 2203
2199 2203
2198 2203
2197 2203
2196 2203
2195 2203
2194 2203
2193 2203
2192 2203
2191 2203
2190 2203
2189 2203
2188 2203
2187 2203
2186 2203
2185 2203
2184 2203
2183 2203
2182 2203
2181 2203
2180 2203
2179 2203
2178 2203
2177 2203
2176 2202
2175 2202
2174 2202
2173 2202
2172 2202
2171 2202
2170 2202
2169 2201
2168 2201
2167 2200
2166 2200
2165 2200
2164 2199
2163 2199
2162 2199
2161 2199
2160 2199
2159 2199
2158 2199
2157 2199
2156 2199
2155 2199
2154 2199
2153 2199
2152 2199
2151 2199
2150 2198
2150 2197
2149 2198
2149 2199
2148 2200
2147 2201
2146 2201
2145 2200
2145 2199
2145 2198
2146 2197
2145 2196
2144 2196
2143 2196
2142 2196
2141 2197
2140 2198
2139 2198
2138 2197
2137 2197
2136 2197
2135 2196
2135 2195
2135 2196
2134 2197
2133 2197
2132 2197
2132 2198
2133 2199
2132 2200
2131 2200
2130 2201
2129 2201
2128 2201
2127 2200
2127 2199
2126 2200
2125 2201
2124 2201
2123 2201
2122 2201
2121 2200
2121 2199
2121 2200
2120 2201
2119 2201
2118 2200
2118 2199
2118 2198
2117 2198
2117 2199
2117 2200
2117 2201
2116 2202
2115 2202
2114 2202
2113 2201
2112 2201
2111 2201
2110 2201
2109 2200
2109 2199
2108 2200
2108 2201
2109 2202
2109 2203
2109 2204
2108 2205
2107 2205
2106 2205
2105 2204
2105 2203
2104 2202
2103 2201
2103 2200
2102 2200
2101 2200
2100 2200
2099 2200
2098 2200
2097 2199
2097 2198
2096 2199
2097 2200
2097 2201
2097 2202
2097 2203
2096 2204
2095 2205
2094 2205
2093 2205
2092 2204
2092 2203
2092 2202
2091 2203
2091 2204
2091 2205
2090 2206
2089 2206
2088 2205
2088 2204
2087 2205
2086 2205
2085 2205
2084 2205
2083 2205
2082 2206
2081 2206
2080 2206
2079 2206
2078 2205
2077 2206
2076 2205
2075 2205
2074 2205
2073 2205
2072 2205
2071 2206
2070 2206
2069 2206
2068 2205
2068 2204
2068 2203
2068 2204
2067 2205
2066 2206
2065 2206
2064 2206
2063 2205
2063 2204
2064 2203
2065 2203
2065 2202
2064 2201
2064 2200
2064 2199
2064 2198
2064 2197
2064 2196
2064 2195
2064 2194
2065 2193
2066 2193
2067 2193
2066 2193
2065 2192
2064 2191
2063 2190
2062 2190
2061 2189
2060 2189
2059 2189
2058 2189
2057 2189
2056 2189
2055 2188
2055 2189
2054 2190
2053 2191
2052 2191
2051 2191
2052 2192
2052 2193
2052 2194
2052 2195
2053 2196
2053 2197
2053 2198
2053 2199
2052 2200
2051 2200
2051 2201
2051 2202
2050 2203
2049 2203
2048 2203
2047 2202
2046 2201
2046 2202
2046 2203
2046 2204
2045 2205
2044 2206
2043 2207
2042 2207
2041 2206
2041 2205
2040 2205
2039 2206
2038 2206
2037 2206
2036 2205
2036 2204
2035 2205
2035 2206
2036 2207
2035 2208
2034 2208
2033 2208
2032 2207
2032 2206
2032 2205
2031 2205
2030 2205
2029 2204
2028 2205
2027 2206
2026 2206
2025 2205
2025 2206
2025 2207
2025 2208
2024 2209
2023 2209
2022 2209
2021 2208
2021 2209
2020 2210
2020 2211
2019 2212
2018 2211
2017 2210
2017 2209
2017 2208
2017 2207
2016 2208
2017 2209
2017 2210
2016 2211
2015 2211
2014 2211
2013 2210
2013 2209
2012 2208
2012 2207
2012 2208
2012 2209
2012 2210
2011 2211
2010 2211
2009 2210
2008 2209
2008 2208
2008 2209
2007 2210
2006 2210
2005 2210
2004 2210
2003 2210
2003 2211
2003 2212
2002 2213
2001 2214
2000 2213
1999 2212
1999 2211
1999 2210
1998 2210
1997 2210
1996 2211
1995 2212
1994 2213
1993 2214
1992 2214
1991 2213
1990 2212
1989 2212
1988 2212
1987 2212
1986 2212
1985 2212
1985 2213
1984 2214
1983 2214
1982 2214
1981 2214
1980 2215
1979 2215
1979 2216
1978 2217
1977 2217
1976 2216
1976 2215
1976 2214
1975 2214
1975 2215
1975 2216
1975 2217
1975 2218
1974 2219
1973 2219
1972 2219
1971 2218
1970 2218
1970 2219
1969 2220
1968 2220
1967 2219
1966 2218
1965 2218
1964 2218
1963 2219
1962 2220
1961 2220
1960 2220
1959 2219
1959 2218
1959 2219
1958 2220
1957 2221
1956 2221
1955 2221
1954 2221
1953 2220
1953 2219
1953 2220
1954 2221
1954 2222
1954 2223
1953 2224
1952 2224
1951 2224
1950 2224
1949 2224
1948 2223
1948 2222
1948 2221
1947 2221
1946 2221
1945 2221
1944 2222
1944 2223
1943 2224
1942 2224
1941 2224
1940 2224
1939 2225
1938 2225
1937 2225
1936 2225
1935 2225
1934 2225
1933 2225
1933 2226
1933 2227
1932 2228
1931 2228
1930 2228
1929 2228
1928 2228
1927 2228
1927 2229
1926 2230
1925 2230
1924 2229
1923 2228
1922 2228
1921 2229
1920 2229
1919 2229
1919 2230
1918 2231
1917 2232
1916 2232
1915 2231
1915 2230
1915 2229
1914 2229
1914 2230
1914 2231
1915 2232
1914 2233
1913 2233
1912 2233
1911 2234
1910 2234
1909 2234
1908 2235
1907 2235
1906 2235
1905 2235
1904 2235
1903 2235
1902 2235
1901 2236
1900 2237
1899 2237
1898 2238
1897 2239
1896 2239
1896 2240
1895 2241
1894 2242
1893 2243
1892 2243
1891 2242
1891 2243
1890 2244
1889 2244
1888 2244
1887 2244
1887 2245
1887 2246
1887 2247
1886 2248
1885 2249
1884 2248
1883 2247
1882 2248
1881 2248
1880 2248
1879 2249
1879 2250
1878 2251
1877 2251
1876 2251
1875 2251
1874 2251
1873 2251
1872 2250
1871 2250
1871 2251
1871 2252
1870 2253
1869 2254
1868 2255
1867 2255
1866 2256
1865 2256
1865 2257
1864 2258
1863 2258
1863 2259
1862 2260
1861 2260
1860 2259
1859 2260
1858 2261
1857 2261
1857 2262
1857 2263
1856 2264
1855 2264
1854 2264
1853 2264
1852 2263
1853 2262
1852 2263
1852 2264
1853 2265
1853 2266
1852 2267
1851 2267
1850 2267
1849 2266
1849 2265
1848 2265
1848 2266
1848 2267
1848 2268
1847 2269
1846 2270
1845 2270
1844 2271
1843 2271
1842 2271
1842 2272
1841 2273
1840 2273
1839 2273
1838 2273
1837 2273
1836 2272
1836 2273
1836 2274
1836 2275
1835 2276
1834 2277
1833 2277
1832 2277
1831 2277
1831 2278
1830 2279
1829 2280
1828 2280
1827 2280
1826 2280
1826 2281
1825 2282
1824 2283
1823 2284
1822 2284
1821 2284
1820 2285
1819 2286
1818 2286
1818 2287
1818 2288
1817 2289
1816 2289
1815 2288
1815 2287
1815 2286
1815 2287
1815 2288
1815 2289
1814 2290
1813 2290
1812 2290
1812 2291
1811 2292
1810 2292
1809 2291
1808 2292
1807 2292
1806 2292
1806 2293
1805 2294
1804 2294
1803 2294
1803 2295
1803 2296
1803 2297
1802 2298
1801 2297
1800 2298
1799 2298
1798 2298
1797 2298
1796 2298
1796 2299
1795 2300
1794 2300
1793 2300
1793 2301
1792 2302
1791 2303
1790 2303
1789 2304
1788 2305
1787 2305
1786 2306
1785 2306
1784 2306
1783 2307
1782 2308
1782 2309
1781 2310
1780 2310
1779 2310
1778 2311
1777 2311
1777 2312
1776 2313
1775 2313
1774 2313
1773 2313
1773 2314
1773 2315
1772 2316
1771 2317
1770 2317
1769 2317
1768 2317
1767 2318
1766 2318
1765 2319
1765 2320
1765 2321
1764 2322
1763 2323
1762 2323
1761 2323
1760 2322
1760 2323
1760 2324
1760 2325
1759 2326
1758 2326
1757 2326
1756 2326
1755 2326
1755 2327
1755 2328
1754 2329
1753 2329
1752 2329
1751 2328
1750 2328
1749 2328
1748 2329
1747 2329
1746 2329
1746 2330
1746 2331
1745 2332
1744 2332
1743 2332
1743 2333
1743 2334
1742 2335
1741 2335
1740 2335
1739 2336
1738 2336
1738 2337
1737 2338
1737 2339
1736 2340
1735 2340
1735 2341
1734 2342
1733 2343
1732 2343
1732 2344
1732 2345
1731 2346
1730 2346
1729 2347
1729 2348
1728 2349
1727 2349
1726 2350
1726 2351
1725 2352
1724 2353
1723 2353
1722 2354
1722 2355
1721 2356
1720 2357
1720 2358
1719 2359
1718 2360
1717 2360
1717 2361
1716 2362
1715 2363
1714 2364
1713 2365
1712 2366
1712 2367
1711 2368
1710 2369
1709 2370
1708 2370
1707 2371
1706 2372
1705 2373
1704 2374
1703 2375
1702 2376
1702 2377
1701 2378
1700 2379
1700 2380
1699 2381
1698 2382
1697 2382
1697 2383
1696 2384
1695 2385
1694 2386
1693 2387
1692 2388
1691 2389
1690 2389
1689 2390
1688 2390
1687 2391
1686 2392
1685 2393
1684 2394
1683 2395
1682 2396
1681 2397
1680 2398
1679 2398
1678 2399
1677 2399
1676 2400
1675 2400
1674 2401
1673 2401
1672 2402
1671 2403
1670 2404
1669 2405
1668 2406
1667 2406
1666 2407
1665 2407
1664 2408
1663 2409
1662 2409
1661 2410
1660 2411
1659 2412
1658 2413
1657 2413
1656 2414
1655 2414
1654 2415
1653 2415
1652 2416
1651 2416
1650 2417
1649 2417
1648 2418
1647 2419
1646 2419
1645 2420
1644 2420
1643 2420
1642 2421
1641 2421
1640 2422
1639 2423
1638 2424
1637 2425
1636 2426
1635 2427
1634 2428
1633 2428
1632 2429
1631 2430
1630 2430
1629 2431
1628 2431
1627 2432
1626 2432
1625 2433
1624 2433
1623 2434
1622 2434
1621 2435
1620 2435
1619 2435
1618 2436
1617 2437
1616 2438
1615 2439
1614 2440
1613 2441
1612 2441
1611 2442
1610 2443
1610 2444
1609 2445
1608 2446
1607 2447
1606 2448
1605 2449
1604 2450
1603 2451
1602 2452
1601 2453
1601 2454
1600 2455
1599 2456
1598 2457
1597 2458
1596 2459
1595 2460
1594 2460
1593 2461
1593 2462
1592 2463
1591 2464
1591 2465
1591 2466
1591 2467
1591 2468
1591 2469
1591 2470
1591 2471
1591 2472
1592 2473
1592 2474
1593 2475
1594 2476
1595 2477
1596 2478
1597 2479
1598 2480
1598 2481
1599 2482
1600 2483
1601 2483
1602 2483
1603 2483
1604 2484
1605 2484
1606 2484
1607 2484
1608 2485
1608 2486
1609 2486
1610 2486
1611 2486
1612 2487
1613 2487
1614 2487
1615 2487
1616 2487
1617 2487
1618 2487
1619 2487
1619 2486
1620 2485
1621 2485
1622 2485
1623 2486
1623 2487
1624 2487
1625 2486
1626 2486
1627 2486
1628 2487
1628 2488
1629 2487
1630 2487
1631 2487
1632 2488
1632 2487
1632 2486
1633 2485
1634 2485
1635 2485
1636 2486
1637 2487
1637 2486
1637 2485
1638 2484
1639 2484
1640 2483
1641 2483
1642 2482
1643 2482
1644 2482
1645 2482
1646 2482
1647 2482
1648 2482
1648 2481
1648 2480
1649 2479
1650 2479
1651 2479
1652 2480
1653 2481
1653 2482
1653 2481
1653 2480
1654 2479
1655 2479
1656 2479
1657 2480
1658 2479
1659 2479
1660 2479
1661 2479
1662 2479
1663 2478
1664 2478
1665 2479
1666 2479
1667 2479
1668 2479
1669 2478
1670 2479
1671 2480
1671 2481
1671 2480
1672 2479
1673 2479
1674 2479
1675 2479
1676 2479
1677 2479
1678 2479
1679 2478
1680 2478
1681 2479
1682 2479
1683 2478
1684 2478
1685 2478
1685 2477
1685 2476
1686 2475
1687 2475
1688 2476
1688 2477
1689 2476
1690 2475
1691 2475
1692 2475
1693 2475
1694 2476
1695 2477
1696 2476
1697 2476
1698 2477
1699 2476
1700 2476
1701 2476
1702 2477
1703 2476
1704 2476
1705 2476
1706 2476
1707 2476
1708 2476
1709 2476
1710 2476
1711 2477
1711 2478
1712 2477
1713 2477
1714 2478
1714 2477
1715 2476
1716 2476
1717 2477
1717 2478
1718 2478
1719 2477
1720 2477
1721 2477
1722 2478
1723 2478
1724 2478
1725 2478
1726 2478
1727 2478
1728 2478
1729 2478
1730 2478
1731 2478
1732 2478
1733 2478
1734 2479
1735 2479
1736 2479
1737 2478
1738 2479
1739 2479
1740 2479
1741 2479
1742 2479
1743 2479
1744 2479
1745 2478
1746 2478
1747 2478
1748 2477
1749 2477
1750 2477
1751 2477
1752 2477
1753 2477
1754 2477
1755 2477
1756 2477
1757 2476
1758 2475
1759 2475
1760 2474
1761 2474
1762 2474
1763 2474
1764 2474
1765 2473
1766 2473
1767 2472
1768 2471
1769 2471
1770 2470
1771 2470
1772 2470
1773 2470
1774 2470
1775 2470
1776 2470
1777 2470
1778 2469
1779 2469
1780 2469
1781 2468
1782 2468
1783 2468
1784 2467
1785 2467
1786 2467
1787 2467
1788 2467
1789 2467
1790 2467
1791 2467
1792 2467
1793 2467
1794 2467
1795 2467
1796 2467
1797 2467
1798 2467
1799 2467
1800 2467
1801 2467
1802 2467
1803 2467
1804 2467
1805 2468
1806 2469
1807 2469
1808 2470
1809 2471
1809 2472
1810 2473
1811 2474
1812 2475
1813 2476
1814 2477
1815 2478
1815 2479
1816 2480
1816 2481
1817 2482
1817 2483
1818 2484
1818 2485
1819 2486
1819 2487
1820 2488
1821 2489
1821 2488
1821 2487
1822 2486
1822 2485
1823 2484
1823 2483
1823 2482
1824 2481
1824 2480
1824 2479
1825 2478
1825 2477
1826 2476
1826 2475
1827 2474
1827 2473
1827 2472
1828 2471
1828 2470
1829 2469
1830 2468
1831 2467
1832 2466
1832 2465
1833 2464
1833 2463
1834 2462
1835 2461
1835 2460
1836 2459
1837 2458
1838 2457
1838 2456
1839 2455
1840 2454
1840 2453
1841 2452
1841 2451
1842 2450
1843 2450
1844 2450
1845 2450
1846 2450
1847 2450
1848 2450
1849 2450
1850 2450
1851 2451
1852 2450
1853 2450
1854 2450
1855 2449
1856 2449
1857 2449
1858 2448
1859 2448
1860 2448
1861 2448
1862 2447
1863 2447
1864 2446
1865 2446
1866 2445
1867 2445
1868 2445
1869 2445
1870 2445
1871 2444
1872 2444
1873 2444
1874 2445
1875 2444
1876 2444
1877 2444
1878 2444
1879 2444
1880 2444
1881 2444
1882 2444
1883 2444
1884 2444
1885 2444
1886 2444
1887 2444
1888 2444
1889 2444
1890 2444
1891 2445
1892 2445
1893 2445
1894 2446
1895 2446
1896 2447
1897 2447
1898 2448
1899 2448
1900 2448
1901 2448
1902 2449
1903 2450
1904 2451
1905 2451
1906 2451
1907 2452
1908 2452
1909 2453
1910 2454
1911 2455
1912 2455
1913 2456
1914 2456
1915 2456
1916 2456
1917 2456
1918 2456
1919 2456
1920 2456
1921 2457
1922 2457
1923 2457
1924 2457
1925 2457
1926 2457
1927 2457
1928 2457
1929 2457
1930 2457
1931 2457
1932 2457
1933 2456
1934 2456
1935 2455
1936 2455
1937 2455
1938 2455
1939 2454
1940 2454
1941 2454
1942 2454
1943 2454
1944 2454
1945 2454
1946 2454
1947 2455
1948 2455
1949 2455
1950 2455
1951 2455
1952 2455
1953 2455
1954 2455
1955 2455
1956 2455
1957 2456
1958 2456
1959 2457
1960 2457
1961 2457
1962 2458
1963 2458
1964 2458
1965 2459
1966 2459
1967 2459
1968 2459
1969 2459
1970 2459
1971 2459
1972 2459
1973 2459
1974 2459
1975 2459
1976 2459
1977 2459
1978 2459
1979 2459
1980 2459
1981 2459
1982 2459
1983 2459
1984 2460
1985 2460
1986 2460
1987 2460
1988 2460
1989 2460
1990 2460
1991 2460
1992 2460
1993 2460
1994 2460
1995 2460
1996 2460
1997 2460
1998 2460
1999 2460
2000 2460
2001 2460
2002 2460
2003 2460
2004 2460
2005 2460
2006 2460
2007 2460
2008 2460
2009 2461
2010 2461
2011 2461
2012 2461
2013 2461
2014 2461
2015 2461
2016 2461
2017 2461
2018 2461
2019 2462
2020 2462
2021 2463
2021 2464
2022 2465
2023 2466
2024 2467
2025 2467
2026 2468
2027 2469
2028 2470
2029 2471
2030 2471
2031 2472
2032 2473
2033 2473
2034 2474
2035 2475
2036 2475
2037 2475
2038 2476
2039 2476
2040 2477
2041 2477
2042 2478
2043 2479
2044 2480
2045 2481
2046 2482
2047 2483
2048 2484
2049 2485
2049 2486
2049 2487
2049 2488
2050 2488
2051 2488
2052 2489
2052 2490
2053 2491
2053 2492
2054 2493
2054 2494
2055 2493
2056 2493
2057 2493
2058 2493
2059 2493
2060 2493
2061 2494
2061 2495
2061 2496
2062 2497
2063 2497
2064 2497
2065 2498
2066 2499
2066 2500
2066 2501
2067 2502
2067 2503
2068 2502
2069 2502
2070 2502
2069 2501
2069 2500
2069 2499
2070 2498
2071 2498
2072 2498
2073 2498
2074 2499
2075 2500
2076 2500
2077 2500
2078 2499
2079 2499
2080 2499
2081 2500
2081 2501
2081 2502
2082 2502
2083 2503
2083 2504
2083 2505
2083 2504
2083 2503
2084 2502
2085 2502
2086 2503
2087 2504
2087 2505
2087 2506
2088 2506
2089 2505
2090 2505
2091 2505
2092 2506
2093 2506
2094 2506
2095 2506
2096 2506
2097 2506
2098 2506
2099 2506
2100 2507
2100 2508
2100 2509
2101 2509
2102 2509
2103 2509
2104 2510
2104 2511
2105 2511
2105 2510
2105 2509
2106 2508
2107 2508
2108 2509
2108 2510
2108 2511
2109 2512
2110 2513
2111 2513
2112 2513
2113 2513
2114 2514
2114 2515
2115 2516
2115 2517
2115 2516
2116 2515
2117 2515
2118 2515
2119 2515
2120 2516
2120 2517
2121 2516
2122 2516
2123 2516
2124 2517
2125 2518
2125 2519
2126 2518
2127 2518
2128 2518
2129 2518
2130 2519
2131 2519
2132 2518
2133 2518
2134 2519
2134 2520
2135 2520
2136 2521
2137 2521
2138 2521
2139 2521
2140 2521
2141 2521
2142 2521
2143 2521
2144 2521
2145 2522
2146 2523
2147 2522
2148 2522
2149 2522
2150 2522
2151 2523
2151 2524
2151 2525
2151 2524
2152 2523
2153 2523
2154 2523
2155 2524
2155 2525
2156 2525
2156 2524
2157 2523
2158 2523
2159 2524
2160 2525
2159 2526
2160 2527
2160 2526
2161 2525
2162 2524
2163 2525
2164 2526
2164 2527
2164 2528
2164 2529
2165 2528
2165 2527
2166 2526
2167 2526
2168 2527
2168 2528
2168 2529
2168 2530
2169 2530
2170 2529
2171 2528
2172 2528
2173 2529
2173 2530
2173 2531
2174 2531
2175 2530
2176 2530
2177 2530
2178 2530
2179 2531
2180 2531
2181 2531
2182 2531
2183 2532
2183 2533
2184 2532
2185 2531
2186 2532
2187 2533
2188 2533
2189 2533
2190 2534
2190 2535
2191 2535
2192 2534
2193 2533
2194 2533
2195 2534
2196 2534
2197 2534
2198 2534
2198 2533
2199 2532
2200 2533
2201 2534
2202 2534
2203 2534
2204 2534
2205 2534
2206 2534
2207 2535
2208 2534
2209 2533
2210 2533
2211 2534
2212 2533
2213 2533
2214 2534
2214 2535
2214 2536
2214 2535
2215 2534
2216 2533
2217 2533
2218 2534
2218 2535
2219 2535
2220 2534
2221 2534
2222 2534
2223 2535
2224 2535
2225 2536
2225 2537
2226 2538
2226 2539
2226 2540
2226 2541
2227 2540
2228 2541
2229 2542
2229 2543
2230 2544
2230 2543
2230 2542
2230 2541
2230 2540
2231 2539
2232 2539
2233 2539
2234 2540
2234 2541
2235 2542
2235 2543
2235 2544
2235 2545
2236 2545
2237 2545
2237 2544
2237 2543
2238 2542
2239 2543
2240 2542
2241 2542
2242 2543
2242 2544
2243 2545
2244 2545
2245 2545
2246 2545
2247 2546
2247 2547
2247 2548
2248 2549
2249 2549
2250 2549
2251 2550
2251 2549
2250 2548
2251 2547
2252 2547
2253 2547
2254 2548
2254 2549
2255 2549
2254 2548
2255 2547
2256 2547
2257 2547
2258 2548
2259 2549
2259 2550
2259 2551
2259 2550
2259 2549
2260 2548
2261 2547
2262 2547
2263 2547
2264 2548
2264 2549
2264 2550
2265 2550
2265 2549
2265 2548
2266 2547
2267 2547
2268 2547
2269 2548
2269 2549
2269 2550
2268 2551
2269 2552
2269 2551
2269 2550
2269 2549
2270 2548
2271 2548
2272 2548
2273 2549
2273 2550
2273 2551
2273 2552
2273 2553
2274 2553
2275 2554
2276 2555
2277 2555
2277 2554
2277 2553
2278 2552
2279 2552
2280 2552
2281 2552
2282 2552
2283 2552
2284 2551
2285 2551
2286 2551
2287 2551
2288 2552
2288 2553
2289 2553
2290 2553
2291 2554
2291 2553
2292 2552
2293 2552
2294 2552
2295 2553
2296 2553
2296 2552
2297 2551
2297 2550
2297 2549
2297 2548
2298 2547
2299 2547
2300 2547
2301 2548
2301 2549
2301 2550
2301 2551
2301 2552
2301 2553
2301 2554
2301 2555
2302 2555
2303 2555
2304 2556
2305 2556
2305 2555
2305 2554
2305 2553
2305 2552
2306 2551
2307 2551
2308 2551
2309 2552
2309 2553
2310 2553
2311 2553
2312 2554
2312 2555
2313 2554
2314 2554
2315 2554
2316 2554
2317 2555
2318 2554
2319 2554
2320 2555
2320 2556
2320 2557
2321 2557
2322 2556
2323 2556
2324 2556
2325 2557
2326 2556
2326 2555
2327 2554
2328 2554
2329 2554
2330 2555
2330 2556
2331 2555
2332 2555
2333 2555
2334 2556
2334 2557
2334 2558
2334 2557
2334 2556
2335 2555
2336 2555
2337 2555
2338 2555
2339 2555
2340 2554
2341 2554
2342 2553
2343 2553
2344 2554
2344 2555
2343 2556
2344 2556
2345 2556
2346 2557
2347 2556
2348 2556
2349 2556
2350 2556
2351 2557
2352 2557
2353 2557
2354 2558
2355 2558
2356 2558
2357 2558
2358 2558
2359 2559
2359 2560
2359 2559
2360 2558
2361 2558
2362 2558
2363 2558
2364 2559
2365 2559
2366 2559
2367 2559
2368 2559
2369 2559
2370 2559
2371 2558
2372 2558
2373 2558
2374 2559
2375 2560
2375 2559
2376 2558
2377 2558
2378 2558
2379 2559
2379 2560
2380 2560
2381 2560
2382 2559
2383 2559
2384 2559
2385 2559
2386 2559
2387 2559
2388 2559
2389 2559
2390 2559
2391 2559
2392 2559
2393 2560
2394 2560
2395 2560
2396 2560
2397 2560
2398 2560
2399 2561
2399 2562
2400 2562
2401 2562
2402 2561
2403 2561
2404 2561
2405 2561
2406 2562
2406 2563
2406 2562
2407 2561
2408 2560
2409 2559
2410 2559
2411 2559
2412 2560
2412 2561
2411 2562
2411 2563
2411 2564
2411 2565
2411 2566
2411 2565
2411 2564
2411 2563
2412 2562
2412 2561
2413 2560
2413 2559
2414 2558
2415 2558
2416 2559
2416 2560
2416 2561
2416 2562
2416 2563
2416 2564
2417 2563
2417 2562
2418 2561
2419 2561
2420 2561
2421 2562
2422 2562
2423 2563
2423 2564
2423 2565
2423 2564
2423 2563
2424 2562
2425 2562
2426 2562
2427 2563
2427 2564
2428 2565
2429 2565
2430 2565
2431 2566
2431 2565
2432 2564
2433 2564
2434 2564
2435 2565
2435 2566
2435 2567
2434 2568
2435 2567
2436 2567
2437 2567
2438 2568
2438 2567
2439 2566
2440 2566
2441 2567
2442 2567
2443 2567
2444 2567
2445 2568
2445 2569
2445 2570
2446 2570
2447 2569
2448 2569
2449 2569
2450 2569
2451 2570
2452 2570
2453 2570
2454 2569
2455 2569
2456 2569
2457 2570
2458 2570
2459 2571
2460 2571
2461 2570
2462 2569
2463 2569
2464 2569
2465 2569
2466 2570
2467 2570
2468 2570
2469 2570
2470 2570
2470 2569
2470 2568
2470 2567
2471 2566
2472 2566
2472 2565
2473 2564
2474 2564
2475 2564
2476 2564
2477 2565
2477 2566
2477 2567
2477 2568
2476 2569
2475 2570
2476 2570
2477 2570
2478 2570
2479 2570
2480 2570
2481 2570
2482 2570
2483 2570
2484 2570
2485 2570
2486 2570
2487 2570
2487 2569
2487 2568
2488 2567
2489 2566
2490 2566
2491 2566
2492 2566
2493 2566
2494 2566
2494 2565
2495 2564
2496 2564
2497 2564
2498 2564
2499 2563
2500 2563
2501 2563
2502 2564
2503 2565
2503 2566
2504 2566
2505 2566
2505 2565
2506 2564
2507 2563
2508 2563
2509 2563
2510 2564
2510 2565
2510 2566
2510 2565
2511 2564
2512 2564
2513 2564
2514 2564
2515 2565
2515 2566
2515 2567
2515 2568
2514 2569
2515 2568
2516 2568
2517 2568
2518 2568
2519 2568
2519 2567
2519 2566
2520 2565
2521 2565
2522 2565
2523 2564
2524 2564
2525 2564
2526 2563
2527 2563
2528 2563
2529 2564
2530 2564
2531 2565
2531 2566
2531 2565
2532 2564
2533 2564
2534 2564
2535 2564
2536 2565
2536 2566
2537 2565
2538 2565
2539 2565
2540 2565
2540 2564
2540 2563
2540 2562
2540 2561
2541 2560
2542 2560
2543 2560
2544 2561
2544 2562
2544 2563
2544 2564
2545 2563
2544 2562
2545 2561
2546 2561
2547 2561
2548 2562
2548 2563
2549 2563
2550 2563
2551 2563
2552 2563
2553 2563
2554 2563
2555 2563
2556 2563
2557 2564
2558 2563
2559 2563
2560 2563
2561 2563
2562 2563
2563 2562
2562 2562
2561 2562
2560 2561
2560 2560
2560 2559
2560 2558
2561 2557
2562 2557
2563 2557
2564 2558
2565 2558
2566 2559
2566 2560
2566 2561
2566 2562
2566 2563
2567 2563
2567 2562
2566 2561
2567 2560
2568 2560
2569 2560
2570 2560
2571 2561
2571 2562
2571 2563
2571 2564
2572 2564
2572 2563
2572 2562
2573 2561
2572 2560
2573 2559
2574 2559
2575 2559
2576 2560
2576 2561
2576 2562
2576 2563
2577 2564
2577 2563
2577 2562
2577 2561
2578 2560
2579 2560
2580 2560
2581 2560
2581 2559
2582 2558
2583 2557
2584 2557
2585 2558
2585 2559
2585 2560
2585 2561
2586 2560
2587 2560
2588 2560
2589 2560
2590 2560
2591 2560
2592 2560
2593 2560
2594 2560
2595 2560
2596 2560
2597 2560
2598 2560
2599 2561
2600 2560
2601 2559
2602 2559
2603 2560
2604 2560
2605 2559
2606 2559
2607 2559
2608 2560
2609 2560
2610 2560
2611 2560
2612 2560
2613 2560
2614 2560
2615 2560
2616 2560
2617 2560
2618 2561
2619 2561
2620 2561
2620 2560
2621 2559
2622 2559
2623 2559
2624 2559
2625 2560
2624 2561
2625 2561
2625 2560
2625 2559
2625 2558
2626 2557
2627 2557
2628 2557
2629 2558
2629 2559
2629 2560
2630 2560
2631 2560
2632 2559
2633 2559
2634 2560
2635 2561
2636 2560
2637 2560
2638 2560
2639 2560
2640 2560
2641 2559
2642 2559
2643 2559
2644 2560
2645 2559
2646 2559
2647 2559
2648 2560
2649 2561
2649 2560
2650 2559
2651 2559
2652 2559
2653 2560
2654 2560
2655 2560
2656 2560
2657 2559
2657 2558
2657 2557
2657 2556
2658 2555
2659 2555
2660 2555
2661 2556
2661 2557
2661 2558
2661 2559
2662 2559
2662 2558
2663 2557
2664 2557
2665 2556
2666 2555
2667 2554
2668 2554
2669 2554
2670 2554
2671 2553
2672 2553
2673 2552
2674 2553
2675 2553
2676 2552
2677 2552
2678 2552
2679 2552
2680 2551
2680 2550
2681 2549
2682 2549
2683 2550
2684 2549
2685 2549
2686 2548
2687 2548
2688 2549
2689 2548
2690 2548
2691 2549
2692 2548
2693 2547
2694 2547
2695 2548
2696 2548
2697 2547
2698 2547
2699 2547
2700 2547
2701 2547
2702 2547
2703 2546
2704 2546
2705 2546
2706 2545
2707 2545
2708 2544
2709 2544
2710 2543
2711 2543
2712 2543
2713 2543
2714 2542
2715 2542
2716 2542
2717 2542
2717 2541
2718 2540
2719 2540
2720 2540
2721 2539
2722 2539
2723 2540
2724 2539
2725 2538
2726 2538
2727 2538
2728 2538
2729 2537
2730 2537
2731 2536
2732 2536
2733 2535
2734 2534
2735 2534
2736 2533
2737 2532
2738 2532
2739 2531
2740 2531
2741 2531
2742 2530
2743 2530
2744 2530
2745 2529
2746 2529
2747 2528
2748 2528
2749 2527
2750 2527
2751 2526
2752 2526
2753 2525
2754 2525
2755 2524
2756 2524
2757 2523
2758 2523
2759 2523
2760 2522
2761 2521
2762 2520
2763 2519
2764 2518
2765 2518
2766 2517
2767 2517
2768 2516
2769 2516
2770 2515
2771 2515
2772 2514
2773 2514
2774 2513
2775 2513
2776 2512
2777 2512
2778 2511
2779 2510
2780 2510
2781 2509
2782 2508
2783 2508
2784 2507
2785 2506
2786 2505
2787 2505
2788 2504
2789 2503
2790 2503
2791 2503
2792 2503
2793 2502
2794 2502
2795 2502
2796 2502
2797 2502
2798 2501
2799 2501
2800 2501
2801 2501
2802 2501
2803 2500
2804 2500
2805 2499
2806 2499
2807 2499
2808 2499
2809 2498
2810 2498
2811 2498
2812 2498
2813 2497
2814 2497
2815 2496
2816 2496
2817 2496
2818 2496
2819 2495
2820 2495
2821 2495
2822 2495
2823 2495
2824 2495
2825 2495
2826 2495
2827 2495
2828 2495
2829 2494
2830 2494
2831 2494
2832 2493
2833 2493
2834 2493
2835 2492
2836 2492
2837 2492
2838 2492
2839 2492
2840 2491
2841 2491
2842 2490
2843 2490
2844 2490
2845 2489
2846 2489
2847 2489
2848 2489
2849 2489
2850 2489
2851 2489
2852 2489
2853 2488
2854 2488
2855 2488
2856 2487
2857 2487
2858 2487
2859 2486
2860 2486
2861 2486
2862 2486
2863 2486
2864 2486
2865 2486
2866 2486
2867 2486
2868 2486
2869 2485
2870 2485
2871 2485
2872 2484
2873 2483
2874 2483
2875 2482
2876 2481
2877 2481
2878 2480
2879 2479
2880 2479
2881 2478
2882 2477
2883 2477
2884 2476
2885 2476
2886 2476
2887 2475
2888 2474
2889 2474
2890 2473
2891 2473
2892 2473
2893 2473
2894 2472
2895 2472
2896 2471
2897 2471
2898 2471
2899 2470
2900 2470
2901 2470
2902 2469
2903 2469
2904 2469
2905 2469
2906 2469
2907 2469
2908 2469
2909 2469
2910 2468
2911 2468
2912 2468
2913 2467
2914 2467
2915 2467
2916 2467
2917 2466
2918 2466
2919 2466
2920 2466
2921 2466
2922 2466
2923 2465
2924 2465
2925 2465
2926 2465
2927 2465
2928 2465
2929 2465
2930 2465
2931 2465
2932 2465
2933 2464
2934 2464
2935 2464
2936 2464
2937 2464
2938 2463
2939 2463
2940 2462
2941 2462
2942 2462
2943 2461
2944 2461
2945 2460
2946 2460
2947 2460
2948 2460
2949 2460
2950 2459
2951 2459
2952 2459
2953 2459
2954 2458
2955 2458
2956 2457
2957 2457
2958 2457
2959 2457
2960 2457
2961 2457
2962 2456
2963 2456
2964 2456
2965 2456
2966 2456
2967 2456
2968 2455
2969 2455
2970 2455
2971 2454
2972 2454
2973 2454
2974 2454
2975 2453
2976 2453
2977 2452
2978 2451
2979 2450
2980 2449
2981 2449
2982 2448
2983 2448
2984 2447
2985 2447
2986 2447
2987 2446
2988 2446
2989 2445
2990 2445
2991 2444
2992 2444
2993 2443
2994 2442
2995 2441
2996 2441
2997 2440
2998 2439
2999 2438
3000 2438
3001 2437
3002 2437
3003 2436
3004 2435
3005 2434
3006 2434
3007 2433
3008 2433
3009 2432
3010 2432
3011 2431
3012 2430
3013 2429
3014 2428
3014 2427
3015 2426
3016 2426
3016 2425
3017 2424
3017 2423
3018 2422
3018 2421
3019 2420
3020 2420
3021 2419
3022 2418
3023 2418
3024 2417
3025 2416
3026 2415
3027 2415
3028 2414
3029 2414
3030 2413
3031 2412
3032 2411
3033 2411
3034 2410
3035 2409
3036 2408
3037 2407
3038 2406
3039 2405
3040 2404
3040 2403
3041 2402
3042 2401
3043 2400
3044 2399
3044 2398
3045 2397
3046 2396
3046 2395
3047 2394
3048 2393
3048 2392
3049 2391
3049 2390
3050 2389
3050 2388
3051 2387
3052 2386
3052 2385
3053 2384
3054 2383
3055 2382
3056 2381
3056 2380
3056 2379
3057 2378
3058 2377
3058 2376
3059 2375
3060 2374
3060 2373
3061 2372
3061 2371
3061 2370
3061 2369
3062 2368
3062 2367
3063 2366
3063 2365
3064 2364
3064 2363
3065 2362
3065 2361
3065 2360
3066 2359
3066 2358
3066 2357
3066 2356
3066 2355
3066 2354
3067 2353
3067 2352
3067 2351
3067 2350
3067 2349
3067 2348
3067 2347
3067 2346
3067 2345
3067 2344
3067 2343
3067 2342
3067 2341
3067 2340
3067 2339
3067 2338
3067 2337
3068 2336
3068 2335
3068 2334
3068 2333
3068 2332
3068 2331
3068 2330
3068 2329
3068 2328
3068 2327
3068 2326
3068 2325
3068 2324
3068 2323
3068 2322
3068 2321
3068 2320
3067 2319
3067 2318
3067 2317
3067 2316
3066 2315
3066 2314
3066 2313
3066 2312
3065 2311
3064 2310
3064 2309
3063 2308
3062 2307
3061 2306
3061 2305
3060 2304
3060 2303
3059 2302
3058 2301
3058 2300
3057 2299
3057 2298
3056 2297
3055 2296
3055 2295
3054 2294
3054 2293
3053 2292
3052 2291
3051 2291
3050 2290
3049 2289
3048 2288
3047 2287
3046 2286
3045 2285
3044 2284
3043 2283
3042 2282
3041 2282
3040 2281
3039 2281
3038 2281
3037 2280
3036 2280
3035 2280
3034 2280
3033 2280
3032 2280
3031 2280
3030 2279
3029 2279
3028 2278
3027 2278
3026 2277
3025 2277
3024 2277
3023 2276
3022 2276
3021 2276
3020 2276
3019 2276
3018 2275
3017 2275
3016 2275
3015 2275
3014 2275
3013 2275
3012 2275
3011 2275
3010 2275
3009 2275
3008 2275
3007 2275
3006 2275
3005 2275
3004 2274
3003 2274
3002 2274
3001 2274
3000 2274
2999 2274
2998 2274
2997 2274
2996 2274
2995 2274
2994 2274
2993 2274
2992 2274
2991 2274
2990 2274
2989 2274
2988 2274
2987 2274
2986 2274
2985 2274
2984 2274
2983 2273
2982 2273
2981 2273
2980 2273
2979 2273
2978 2273
2977 2273
2976 2273
2975 2273
2974 2273
2973 2273
2972 2273
2971 2273
2970 2273
2969 2273
2968 2273
2967 2272
2966 2272
2965 2272
2964 2271
2963 2271
2962 2270
2961 2269
2960 2268
2959 2267
2958 2266
2957 2265
2956 2265
2955 2264
2954 2263
2953 2262
2952 2261
2951 2260
2950 2260
2949 2259
2948 2258
2947 2257
2946 2256
2945 2256
2944 2255
2943 2254
2942 2253
2942 2252
2941 2251
2940 2250
2939 2249
2938 2248
2938 2247
2937 2246
2936 2245
2936 2244
2935 2243
2934 2242
2934 2241
2933 2240
2933 2239
2932 2238
2932 2237
2932 2236
2931 2235
2931 2234
2931 2233
2931 2232
2930 2231
2930 2230
2929 2229
2929 2228
2929 2227
2928 2226
2928 2225
2928 2224
2928 2223
2928 2222
2928 2221
2927 2220
2927 2219
2927 2218
2927 2217
2927 2216
2927 2215
2927 2214
2927 2213
2927 2212
2927 2211
2927 2210
2928 2209
2928 2208
2928 2207
2928 2206
2928 2205
2927 2204
2927 2203
2926 2202
2925 2201
2924 2200
2923 2199
2922 2198
2921 2197
2920 2196
2919 2195
2918 2194
2917 2193
2916 2192
2915 2192
2914 2192
2913 2192
2912 2192
2911 2192
2910 2192
2909 2192
2908 2192
2907 2192
2906 2192
2905 2192
2904 2192
2903 2192
2902 2192
2901 2191
2900 2191
2899 2191
2898 2191
2897 2191
2896 2191
2895 2191
2894 2190
2893 2190
2892 2189
2891 2189
2890 2189
2889 2188
2888 2188
2887 2187
2886 2186
2885 2186
2884 2185
2883 2185
2882 2185
2881 2184
2880 2184
2879 2184
2878 2184
2877 2184
2876 2183
2875 2183
2874 2183
2873 2183
2872 2183
2871 2182
2870 2182
2869 2181
2868 2181
2867 2181
2866 2181
2865 2180
2864 2180
2863 2180
2862 2180
2861 2179
2860 2179
2859 2179
2858 2179
2857 2179
2856 2179
2855 2179
2854 2179
2853 2178
2852 2178
2851 2178
2850 2178
2849 2178
2848 2178
2847 2178
2846 2178
2845 2178
2844 2178
2843 2178
2842 2178
2841 2178
2840 2178
2839 2178
2838 2178
2837 2178
