2608 2038
2607 2039
2606 2039
2605 2039
2604 2039
2603 2040
2602 2040
2601 2040
2600 2040
2599 2040
2598 2040
2597 2040
2596 2041
2595 2041
2594 2041
2593 2041
2592 2041
2591 2041
2590 2041
2589 2041
2588 2042
2587 2042
2586 2043
2585 2043
2584 2043
2583 2043
2582 2043
2581 2043
2580 2043
2579 2044
2578 2044
2577 2044
2576 2044
2575 2044
2574 2044
2573 2044
2572 2044
2571 2045
2570 2045
2569 2046
2568 2046
2567 2046
2566 2046
2565 2047
2564 2047
2563 2047
2562 2047
2561 2047
2560 2048
2559 2048
2558 2049
2557 2049
2556 2049
2555 2050
2554 2051
2553 2051
2552 2052
2551 2052
2550 2053
2549 2053
2548 2053
2547 2053
2546 2053
2545 2053
2544 2054
2543 2054
2542 2054
2541 2055
2540 2055
2539 2056
2538 2056
2537 2057
2536 2057
2535 2058
2534 2058
2533 2059
2532 2059
2531 2059
2530 2060
2529 2060
2528 2061
2527 2061
2526 2062
2525 2063
2524 2063
2523 2063
2522 2064
2521 2064
2520 2065
2519 2066
2518 2066
2517 2067
2516 2067
2515 2067
2514 2068
2513 2069
2512 2069
2511 2070
2510 2070
2509 2071
2508 2072
2507 2072
2506 2073
2505 2074
2504 2074
2503 2075
2502 2076
2501 2077
2500 2078
2499 2079
2498 2079
2497 2079
2496 2078
2495 2078
2494 2079
2493 2079
2492 2079
2491 2079
2490 2079
2489 2079
2488 2079
2487 2080
2486 2080
2485 2080
2484 2081
2483 2081
2482 2081
2481 2081
2480 2081
2479 2081
2478 2081
2477 2081
2476 2082
2475 2082
2474 2082
2473 2082
2472 2083
2471 2083
2470 2083
2469 2084
2468 2084
2467 2084
2466 2084
2465 2084
2464 2084
2463 2084
2462 2084
2461 2084
2460 2084
2459 2085
2458 2085
2457 2085
2456 2085
2455 2086
2454 2086
2453 2086
2452 2087
2451 2088
2450 2088
2449 2088
2448 2088
2447 2088
2446 2089
2445 2090
2444 2090
2443 2091
2442 2091
2441 2091
2440 2092
2439 2092
2438 2092
2437 2093
2436 2093
2435 2093
2434 2093
2433 2094
2432 2094
2431 2094
2430 2094
2429 2094
2428 2094
2427 2094
2426 2094
2425 2095
2424 2095
2423 2095
2422 2096
2421 2096
2420 2096
2419 2096
2418 2096
2417 2096
2416 2096
2415 2096
2414 2096
2413 2097
2412 2097
2411 2097
2410 2097
2409 2098
2408 2099
2407 2099
2406 2099
2405 2100
2404 2100
2403 2100
2402 2100
2401 2100
2400 2101
2399 2101
2398 2101
2397 2102
2396 2102
2395 2102
2394 2102
2393 2102
2392 2102
2391 2102
2390 2102
2389 2102
2388 2102
2387 2102
2386 2103
2385 2103
2384 2103
2383 2104
2382 2104
2381 2104
2380 2105
2379 2105
2378 2105
2377 2105
2376 2105
2375 2105
2374 2105
2373 2105
2372 2105
2371 2106
2370 2106
2369 2106
2368 2107
2367 2107
2366 2108
2365 2108
2364 2108
2363 2109
2362 2109
2361 2109
2360 2110
2359 2110
2358 2111
2357 2111
2356 2112
2355 2112
2354 2113
2353 2113
2352 2114
2351 2115
2350 2115
2349 2115
2348 2116
2347 2116
2346 2117
2345 2117
2344 2118
2343 2118
2342 2118
2341 2118
2340 2118
2339 2119
2338 2119
2337 2120
2336 2121
2335 2121
2334 2122
2333 2122
2332 2122
2331 2123
2330 2123
2329 2124
2328 2124
2327 2125
2326 2125
2325 2126
2324 2126
2323 2127
2322 2127
2321 2127
2320 2127
2319 2127
2318 2127
2317 2127
2316 2127
2315 2127
2314 2127
2313 2128
2312 2128
2311 2128
2310 2128
2309 2129
2308 2129
2307 2129
2306 2130
2305 2130
2304 2130
2303 2130
2302 2130
2301 2130
2300 2131
2299 2131
2298 2131
2297 2131
2296 2132
2295 2132
2294 2133
2293 2133
2292 2133
2291 2133
2290 2134
2289 2134
2288 2135
2287 2136
2287 2137
2286 2138
2285 2138
2284 2139
2283 2140
2282 2140
2281 2141
2280 2141
2279 2141
2278 2141
2277 2142
2276 2142
2275 2143
2274 2143
2273 2143
2272 2144
2271 2144
2270 2144
2269 2145
2268 2145
2267 2146
2266 2146
2265 2147
2264 2147
2263 2147
2262 2147
2261 2148
2260 2148
2259 2149
2258 2149
2257 2150
2256 2151
2255 2152
2254 2153
2253 2154
2252 2154
2251 2155
2250 2156
2249 2157
2248 2158
2247 2158
2246 2159
2245 2159
2244 2160
2243 2160
2242 2161
2241 2161
2240 2162
2239 2162
2238 2163
2237 2164
2236 2164
2235 2165
2234 2165
2233 2165
2232 2166
2231 2166
2230 2167
2229 2167
2228 2167
2227 2167
2226 2167
2225 2167
2224 2168
2223 2168
2222 2169
2221 2169
2220 2170
2219 2170
2218 2170
2217 2170
2216 2170
2215 2170
2214 2171
2213 2171
2212 2172
2211 2173
2210 2173
2209 2174
2208 2174
2207 2175
2206 2175
2205 2176
2204 2177
2203 2177
2202 2178
2201 2178
2200 2179
2199 2179
2198 2179
2197 2179
2196 2179
2195 2179
2194 2180
2193 2180
2192 2180
2191 2181
2190 2181
2189 2182
2188 2182
2187 2182
2186 2182
2185 2182
2184 2183
2183 2183
2182 2183
2181 2183
2180 2183
2179 2184
2178 2185
2177 2185
2176 2186
2175 2186
2174 2187
2173 2187
2172 2187
2171 2188
2170 2189
2169 2189
2168 2190
2167 2190
2166 2191
2165 2191
2164 2192
2163 2192
2162 2192
2161 2192
2160 2193
2159 2193
2158 2193
2157 2194
2156 2195
2155 2195
2154 2195
2153 2195
2152 2195
2151 2195
2150 2195
2149 2195
2148 2195
2147 2196
2146 2196
2145 2196
2144 2197
2143 2197
2142 2198
2141 2198
2140 2198
2139 2198
2138 2198
2137 2198
2136 2198
2135 2198
2134 2198
2133 2199
2132 2199
2131 2200
2130 2200
2129 2200
2128 2200
2127 2201
2126 2201
2125 2201
2124 2201
2123 2201
2122 2201
2121 2201
2120 2201
2119 2201
2118 2202
2117 2202
2116 2203
2115 2203
2114 2204
2113 2204
2112 2204
2111 2205
2110 2205
2109 2205
2108 2206
2107 2206
2106 2206
2105 2206
2104 2206
2103 2207
2102 2207
2101 2206
2100 2207
2099 2207
2098 2207
2097 2207
2096 2207
2095 2207
2094 2207
2093 2208
2092 2208
2091 2208
2090 2208
2089 2209
2088 2209
2087 2209
2086 2210
2085 2210
2084 2210
2083 2211
2082 2211
2081 2211
2080 2212
2079 2212
2078 2212
2077 2212
2076 2212
2075 2212
2074 2212
2073 2212
2072 2212
2071 2212
2070 2212
2069 2213
2068 2213
2067 2213
2066 2213
2065 2214
2064 2215
2063 2215
2062 2215
2061 2215
2060 2215
2059 2216
2058 2216
2057 2216
2056 2216
2055 2216
2054 2216
2053 2217
2052 2217
2051 2218
2050 2218
2049 2218
2048 2218
2047 2218
2046 2218
2045 2218
2044 2218
2043 2218
2042 2218
2041 2218
2040 2218
2039 2219
2038 2219
2037 2219
2036 2219
2035 2220
2034 2220
2033 2220
2032 2221
2031 2221
2030 2221
2029 2221
2028 2221
2027 2221
2026 2221
2025 2221
2024 2221
2023 2221
2022 2221
2021 2222
2020 2222
2019 2222
2018 2223
2017 2223
2016 2223
2015 2223
2014 2223
2013 2223
2012 2223
2011 2223
2010 2223
2009 2223
2008 2223
2007 2222
2006 2222
2005 2222
2004 2222
2003 2222
2002 2222
2001 2222
2000 2222
1999 2222
1998 2222
1997 2222
1996 2222
1995 2222
1994 2222
1993 2221
1992 2221
1991 2221
1990 2221
1989 2221
1988 2221
1987 2221
1986 2221
1985 2221
1984 2221
1983 2221
1982 2221
1981 2221
1980 2221
1979 2221
1978 2221
1977 2221
1976 2220
1975 2220
1974 2220
1973 2220
1972 2220
1971 2220
1970 2220
1969 2220
1968 2221
1967 2221
1966 2221
1965 2221
1964 2221
1963 2221
1962 2222
1961 2222
1960 2222
1959 2223
1958 2224
1957 2224
1956 2225
1955 2225
1954 2225
1953 2225
1952 2226
1951 2226
1950 2226
1949 2227
1948 2226
1947 2226
1946 2226
1945 2226
1944 2227
1943 2227
1942 2227
1941 2227
1940 2227
1939 2228
1938 2228
1937 2229
1936 2229
1935 2229
1934 2229
1933 2229
1932 2229
1931 2229
1930 2229
1929 2229
1928 2229
1927 2229
1926 2229
1925 2229
1924 2229
1923 2229
1922 2230
1921 2230
1920 2230
1919 2230
1918 2231
1917 2231
1916 2232
1915 2232
1914 2232
1913 2232
1912 2232
1911 2232
1910 2232
1909 2232
1908 2232
1907 2232
1906 2232
1905 2232
1904 2233
1903 2233
1902 2233
1901 2234
1900 2235
1899 2235
1898 2236
1897 2236
1896 2237
1895 2237
1894 2237
1893 2238
1892 2238
1891 2238
1890 2238
1889 2238
1888 2238
1887 2238
1886 2238
1885 2238
1884 2238
1883 2238
1882 2238
1881 2238
1880 2238
1879 2238
1878 2238
1877 2239
1876 2239
1875 2240
1874 2240
1873 2240
1872 2241
1871 2241
1870 2241
1869 2241
1868 2241
1867 2241
1866 2242
1865 2243
1864 2244
1863 2244
1862 2245
1861 2245
1860 2245
1859 2246
1858 2247
1857 2247
1856 2248
1855 2248
1854 2249
1853 2249
1852 2250
1851 2250
1850 2251
1849 2251
1848 2251
1847 2251
1846 2251
1845 2252
1844 2252
1843 2253
1842 2253
1841 2254
1840 2254
1839 2254
1838 2255
1837 2255
1836 2255
1835 2256
1834 2257
1833 2258
1832 2259
1831 2259
1830 2260
1829 2261
1828 2262
1827 2262
1826 2263
1825 2263
1824 2264
1823 2264
1822 2264
1821 2264
1820 2264
1819 2264
1818 2265
1817 2266
1816 2266
1815 2267
1814 2267
1813 2267
1812 2268
1811 2268
1810 2268
1809 2269
1808 2269
1807 2270
1806 2270
1805 2271
1804 2271
1803 2271
1802 2272
1801 2272
1800 2273
1799 2274
1798 2275
1797 2276
1796 2277
1795 2277
1794 2278
1793 2278
1792 2278
1791 2279
1790 2279
1789 2280
1788 2280
1787 2281
1786 2281
1785 2281
1784 2282
1783 2283
1782 2284
1781 2284
1780 2285
1779 2285
1778 2286
1777 2286
1776 2287
1775 2287
1774 2287
1773 2288
1772 2288
1771 2289
1770 2290
1769 2291
1768 2291
1767 2292
1766 2293
1765 2293
1764 2293
1763 2294
1762 2294
1761 2294
1760 2294
1759 2294
1758 2295
1757 2295
1756 2296
1755 2297
1754 2297
1753 2298
1752 2299
1751 2299
1750 2300
1749 2301
1748 2301
1747 2302
1746 2302
1745 2303
1744 2303
1743 2304
1742 2305
1741 2306
1740 2307
1739 2307
1738 2307
1737 2307
1736 2308
1735 2308
1734 2308
1733 2309
1732 2309
1731 2310
1730 2310
1729 2310
1728 2310
1727 2310
1726 2310
1725 2310
1724 2310
1723 2310
1722 2311
1721 2311
1720 2312
1719 2312
1718 2312
1717 2313
1716 2313
1715 2313
1714 2313
1713 2314
1712 2314
1711 2314
1710 2315
1709 2315
1708 2316
1707 2317
1706 2318
1705 2318
1704 2319
1703 2319
1702 2320
1701 2320
1700 2321
1699 2321
1698 2321
1697 2322
1696 2322
1695 2323
1694 2323
1693 2324
1692 2324
1691 2325
1690 2325
1689 2326
1688 2326
1687 2327
1686 2327
1685 2328
1684 2328
1683 2329
1682 2329
1681 2330
1680 2330
1679 2331
1678 2331
1677 2332
1676 2332
1675 2333
1674 2333
1673 2333
1672 2333
1671 2333
1670 2334
1669 2334
1668 2335
1667 2335
1666 2336
1665 2336
1664 2336
1663 2336
1662 2336
1661 2336
1660 2336
1659 2337
1658 2337
1657 2338
1656 2339
1655 2339
1654 2339
1653 2339
1652 2340
1651 2340
1650 2341
1649 2341
1648 2341
1647 2342
1646 2342
1645 2342
1644 2342
1643 2343
1642 2343
1641 2344
1640 2344
1639 2344
1638 2345
1637 2345
1636 2345
1635 2345
1634 2345
1633 2345
1632 2345
1631 2345
1630 2345
1629 2345
1628 2345
1627 2345
1626 2346
1625 2346
1624 2347
1623 2347
1622 2347
1621 2347
1620 2347
1619 2347
1618 2347
1617 2347
1616 2347
1615 2347
1614 2348
1613 2348
1612 2348
1611 2348
1610 2348
1609 2349
1608 2349
1607 2350
1606 2350
1605 2350
1604 2350
1603 2350
1602 2350
1601 2350
1600 2350
1599 2350
1598 2350
1597 2351
1596 2351
1595 2351
1594 2351
1593 2352
1592 2353
1591 2353
1590 2353
1589 2354
1588 2354
1587 2354
1586 2354
1585 2355
1584 2355
1583 2356
1582 2357
1581 2357
1580 2357
1579 2358
1578 2359
1577 2360
1576 2360
1575 2360
1574 2361
1573 2361
1572 2361
1571 2362
1570 2363
1569 2364
1568 2364
1567 2365
1566 2365
1565 2366
1564 2367
1563 2368
1562 2368
1561 2368
1560 2369
1559 2369
1558 2370
1557 2370
1556 2371
1555 2371
1554 2372
1553 2372
1552 2373
1551 2373
1550 2373
1549 2373
1548 2374
1547 2374
1546 2375
1545 2375
1544 2376
1543 2376
1542 2377
1541 2378
1540 2379
1539 2380
1539 2381
1538 2382
1537 2383
1536 2384
1535 2385
1534 2386
1533 2386
1532 2387
1531 2388
1530 2388
1529 2389
1528 2390
1527 2390
1526 2391
1525 2391
1524 2391
1523 2392
1522 2393
1521 2393
1520 2394
1519 2394
1518 2395
1517 2395
1516 2396
1515 2397
1514 2398
1513 2399
1512 2400
1511 2400
1510 2401
1509 2401
1508 2402
1507 2402
1506 2402
1505 2403
1504 2404
1503 2405
1502 2405
1501 2406
1500 2407
1499 2408
1498 2408
1497 2409
1496 2409
1495 2410
1494 2411
1493 2412
1492 2413
1491 2413
1490 2414
1489 2415
1488 2415
1487 2415
1486 2416
1485 2416
1484 2417
1483 2418
1482 2418
1481 2419
1480 2420
1479 2420
1478 2421
1477 2422
1476 2423
1475 2424
1474 2425
1474 2426
1473 2427
1472 2428
1471 2429
1470 2430
1470 2431
1469 2432
1468 2433
1467 2434
1466 2435
1465 2436
1464 2437
1463 2437
1462 2438
1461 2439
1460 2439
1459 2440
1458 2440
1457 2441
1456 2442
1455 2443
1454 2443
1453 2444
1452 2445
1451 2446
1450 2447
1449 2447
1448 2448
1447 2449
1446 2450
1445 2451
1444 2452
1443 2453
1443 2454
1442 2455
1441 2456
1441 2457
1440 2458
1439 2458
1438 2459
1438 2460
1437 2461
1436 2462
1435 2463
1435 2464
1434 2465
1434 2466
1433 2467
1432 2468
1431 2469
1430 2469
1429 2470
1428 2471
1427 2472
1426 2473
1425 2474
1424 2475
1423 2476
1422 2477
1421 2478
1420 2479
1419 2480
1419 2481
1418 2482
1418 2483
1417 2484
1417 2485
1416 2486
1415 2486
1414 2487
1413 2488
1413 2489
1412 2490
1411 2491
1411 2492
1410 2493
1410 2494
1410 2495
1409 2496
1408 2497
1407 2497
1407 2498
1407 2499
1407 2500
1407 2501
1407 2502
1406 2503
1406 2504
1406 2505
1406 2506
1406 2507
1405 2508
1405 2509
1404 2510
1404 2511
1403 2512
1403 2513
1402 2514
1402 2515
1402 2516
1402 2517
1402 2518
1402 2519
1402 2520
1402 2521
1402 2522
1402 2523
1402 2524
1402 2525
1402 2526
1402 2527
1402 2528
1401 2529
1401 2530
1401 2531
1401 2532
1401 2533
1401 2534
1401 2535
1401 2536
1401 2537
1401 2538
1401 2539
1401 2540
1400 2541
1400 2542
1400 2543
1400 2544
1400 2545
1400 2546
1400 2547
1399 2548
1399 2549
1399 2550
1399 2551
1398 2552
1398 2553
1397 2554
1397 2555
1397 2556
1396 2557
1396 2558
1396 2559
1396 2560
1396 2561
1396 2562
1396 2563
1396 2564
1395 2565
1395 2566
1395 2567
1395 2568
1395 2569
1395 2570
1395 2571
1395 2572
1395 2573
1395 2574
1395 2575
1395 2576
1395 2577
1395 2578
1395 2579
1395 2580
1394 2581
1394 2582
1394 2583
1394 2584
1394 2585
1394 2586
1394 2587
1394 2588
1394 2589
1394 2590
1394 2591
1394 2592
1394 2593
1394 2594
1394 2595
1393 2596
1393 2597
1393 2598
1393 2599
1393 2600
1393 2601
1393 2602
1393 2603
1393 2604
1392 2605
1392 2606
1392 2607
1392 2608
1391 2609
1390 2610
1389 2611
1388 2612
1388 2613
1388 2614
1388 2615
1387 2616
1387 2617
1387 2618
1386 2619
1385 2620
1384 2621
1384 2622
1384 2623
1383 2624
1383 2625
1382 2626
1382 2627
1381 2628
1380 2628
1379 2629
1379 2630
1379 2631
1378 2632
1377 2633
1376 2634
1376 2635
1375 2636
1375 2637
1374 2638
1373 2639
1372 2640
1371 2641
1370 2642
1369 2643
1368 2644
1368 2645
1367 2646
1366 2647
1366 2648
1365 2649
1364 2650
1363 2651
1362 2652
1362 2653
1361 2654
1360 2655
1359 2656
1358 2656
1357 2656
1356 2657
1355 2657
1354 2657
1353 2658
1352 2659
1351 2660
1350 2660
1349 2660
1348 2661
1347 2662
1346 2663
1346 2664
1345 2665
1344 2665
1343 2666
1342 2667
1341 2667
1340 2668
1339 2669
1338 2669
1337 2670
1336 2670
1335 2670
1334 2671
1333 2672
1332 2673
1331 2673
1330 2674
1329 2674
1328 2675
1327 2675
1326 2676
1325 2677
1324 2678
1323 2678
1322 2679
1321 2679
1320 2680
1319 2680
1318 2680
1317 2680
1316 2680
1315 2680
1314 2680
1313 2681
1312 2682
1311 2682
1310 2683
1309 2683
1308 2684
1307 2684
1306 2684
1305 2685
1304 2686
1303 2687
1302 2688
1301 2688
1300 2689
1299 2690
1298 2691
1298 2692
1297 2693
1296 2694
1295 2695
1294 2696
1293 2697
1292 2698
1291 2698
1290 2699
1289 2700
1288 2701
1288 2702
1287 2703
1286 2704
1286 2705
1286 2706
1285 2707
1285 2708
1285 2709
1285 2710
1285 2711
1285 2712
1285 2713
1285 2714
1285 2715
1285 2716
1285 2717
1285 2718
1285 2719
1285 2720
1285 2721
1285 2722
1285 2723
1285 2724
1285 2725
1285 2726
1285 2727
1285 2728
1285 2729
1285 2730
1286 2731
1287 2732
1287 2733
1288 2734
1289 2735
1290 2736
1291 2737
1292 2737
1293 2738
1294 2739
1295 2739
1296 2740
1297 2741
1298 2741
1299 2741
1300 2742
1301 2742
1302 2742
1303 2743
1304 2744
1305 2745
1306 2745
1307 2746
1308 2746
1309 2747
1310 2747
1311 2748
1312 2749
1313 2750
1314 2750
1315 2751
1316 2751
1317 2752
1318 2753
1318 2754
1319 2755
1319 2756
1320 2757
1321 2758
1322 2758
1323 2759
1323 2760
1323 2761
1323 2762
1323 2763
1323 2764
1323 2765
1323 2766
1323 2767
1322 2768
1322 2769
1322 2770
1322 2771
1322 2772
1322 2773
1322 2774
1321 2775
1321 2776
1321 2777
1320 2778
1320 2779
1320 2780
1319 2781
1319 2782
1318 2783
1318 2784
1318 2785
1318 2786
1318 2787
1318 2788
1318 2789
1317 2790
1317 2791
1317 2792
1317 2793
1317 2794
1317 2795
1317 2796
1317 2797
1317 2798
1317 2799
1317 2800
1317 2801
1317 2802
1317 2803
1317 2804
1317 2805
1317 2806
1317 2807
1317 2808
1316 2809
1316 2810
1316 2811
1316 2812
1317 2813
1318 2813
1319 2813
1320 2813
1321 2812
1322 2812
1323 2812
1324 2811
1325 2811
1326 2810
1326 2809
1327 2808
1328 2808
1329 2807
1330 2806
1331 2806
1332 2805
1333 2805
1334 2804
1335 2803
1336 2802
1337 2801
1338 2800
1339 2799
1339 2798
1339 2797
1339 2796
1339 2795
1339 2794
1339 2793
1339 2792
1339 2791
1339 2790
1339 2789
1339 2788
1339 2787
1339 2786
1339 2785
1338 2784
1338 2783
1337 2782
1337 2781
1337 2780
1336 2779
1337 2778
1337 2777
1337 2776
1336 2775
1336 2774
1336 2773
1336 2772
1336 2771
1336 2770
1336 2769
1336 2768
1336 2767
1335 2766
1335 2765
1334 2764
1334 2763
1334 2762
1333 2761
1333 2760
1333 2759
1333 2758
1332 2757
1332 2756
1331 2755
1331 2754
1330 2753
1330 2752
1331 2751
1331 2750
1330 2749
1330 2748
1330 2747
1330 2746
1330 2745
1330 2744
1329 2743
1328 2742
1328 2741
1327 2740
1327 2739
1327 2738
1327 2737
1326 2736
1325 2735
1324 2734
1323 2733
1322 2732
1322 2731
1321 2730
1320 2730
1319 2729
1318 2729
1317 2728
1316 2728
1315 2727
1314 2727
1313 2727
1312 2727
1311 2727
1310 2727
1309 2727
1308 2727
1307 2727
1306 2727
1305 2727
1304 2726
1303 2726
1302 2726
1301 2726
1300 2725
1301 2724
1302 2723
1303 2722
1304 2721
1304 2720
1305 2719
1306 2718
1307 2717
1308 2717
1308 2716
1309 2715
1310 2714
1311 2713
1312 2712
1313 2712
1314 2711
1315 2711
1316 2711
1317 2711
1318 2710
1319 2710
1320 2709
1321 2709
1322 2708
1323 2707
1324 2707
1325 2707
1326 2706
1327 2705
1328 2705
1329 2704
1330 2704
1331 2704
1332 2704
1333 2703
1334 2703
1335 2702
1336 2702
1337 2701
1338 2701
1339 2701
1340 2700
1341 2700
1342 2699
1343 2698
1344 2698
1345 2697
1346 2697
1347 2697
1348 2696
1348 2695
1349 2694
1350 2694
1351 2693
1352 2693
1352 2692
1353 2691
1354 2690
1355 2690
1356 2689
1357 2688
1358 2687
1359 2686
1360 2685
1361 2685
1362 2684
1363 2683
1364 2683
1365 2682
1366 2681
1367 2680
1368 2680
1369 2680
1370 2679
1371 2678
1372 2677
1373 2676
1374 2676
1375 2676
1376 2675
1377 2675
1378 2674
1379 2673
1380 2672
1381 2672
1382 2671
1383 2671
1384 2670
1385 2670
1386 2670
1387 2669
1388 2668
1389 2667
1390 2667
1391 2667
1392 2667
1393 2666
1394 2665
1395 2665
1396 2664
1397 2663
1398 2663
1399 2662
1399 2661
1400 2660
1401 2659
1401 2658
1402 2657
1403 2656
1404 2655
1405 2655
1406 2654
1407 2653
1408 2652
1409 2651
1410 2651
1410 2650
1411 2649
1412 2648
1413 2647
1414 2646
1414 2645
1415 2644
1416 2643
1416 2642
1417 2641
1418 2640
1419 2639
1419 2638
1420 2637
1421 2636
1422 2635
1422 2634
1423 2633
1423 2632
1424 2631
1425 2630
1425 2629
1426 2628
1427 2627
1427 2626
1428 2625
1428 2624
1429 2623
1429 2622
1429 2621
1429 2620
1429 2619
1429 2618
1429 2617
1429 2616
1429 2615
1429 2614
1430 2613
1430 2612
1430 2611
1430 2610
1430 2609
1430 2608
1430 2607
1430 2606
1430 2605
1430 2604
1430 2603
1430 2602
1430 2601
1430 2600
1430 2599
1430 2598
1430 2597
1430 2596
1430 2595
1431 2594
1431 2593
1431 2592
1431 2591
1431 2590
1431 2589
1431 2588
1431 2587
1431 2586
1431 2585
1431 2584
1431 2583
1431 2582
1430 2581
1430 2580
1430 2579
1430 2578
1429 2577
1429 2576
1429 2575
1428 2574
1428 2573
1428 2572
1428 2571
1428 2570
1428 2569
1427 2568
1427 2567
1427 2566
1427 2565
1427 2564
1427 2563
1426 2562
1426 2561
1425 2560
1425 2559
1426 2558
1426 2557
1426 2556
1426 2555
1426 2554
1426 2553
1426 2552
1426 2551
1426 2550
1426 2549
1426 2548
1426 2547
1427 2546
1427 2545
1427 2544
1427 2543
1427 2542
1427 2541
1427 2540
1428 2539
1429 2538
1430 2537
1431 2536
1431 2535
1431 2534
1431 2533
1432 2532
1432 2531
1432 2530
1432 2529
1433 2528
1433 2527
1434 2526
1435 2525
1435 2524
1435 2523
1435 2522
1435 2521
1435 2520
1435 2519
1436 2518
1436 2517
1436 2516
1436 2515
1436 2514
1436 2513
1436 2512
1436 2511
1437 2510
1437 2509
1437 2508
1437 2507
1438 2506
1438 2505
1439 2504
1440 2503
1441 2502
1441 2501
1442 2500
1443 2499
1443 2498
1444 2497
1445 2496
1446 2495
1447 2494
1447 2493
1448 2492
1449 2491
1450 2490
1451 2489
1452 2488
1453 2488
1454 2487
1455 2486
1456 2485
1457 2485
1458 2484
1459 2483
1460 2483
1461 2482
1462 2482
1463 2482
1464 2482
1465 2482
1466 2482
1467 2481
1468 2481
1469 2481
1470 2481
1471 2480
1472 2479
1472 2478
1473 2477
1474 2476
1475 2475
1476 2475
1477 2474
1478 2474
1479 2474
1480 2473
1481 2473
1482 2472
1483 2472
1484 2472
1485 2472
1486 2472
1487 2472
1488 2472
1489 2472
1490 2471
1491 2471
1492 2471
1493 2470
1494 2470
1495 2469
1496 2469
1497 2469
1498 2469
1499 2469
1500 2468
1501 2468
1502 2468
1503 2467
1504 2467
1505 2466
1506 2466
1507 2465
1508 2465
1509 2464
1510 2464
1511 2464
1512 2463
1513 2463
1514 2462
1515 2462
1516 2462
1517 2462
1518 2461
1519 2461
1520 2460
1521 2460
1522 2460
1523 2460
1524 2460
1525 2460
1526 2460
1527 2460
1528 2459
1529 2459
1530 2459
1531 2459
1532 2458
1533 2458
1534 2457
1535 2457
1536 2457
1537 2457
1538 2457
1539 2456
1540 2456
1541 2456
1542 2456
1543 2456
1544 2456
1545 2455
1546 2455
1547 2454
1548 2454
1549 2454
1550 2454
1551 2454
1552 2454
1553 2454
1554 2454
1555 2454
1556 2454
1557 2454
1558 2455
1559 2455
1560 2455
1561 2454
1562 2454
1563 2454
1564 2454
1565 2454
1566 2454
1567 2454
1568 2454
1569 2453
1570 2453
1571 2453
1572 2452
1573 2452
1574 2452
1575 2452
1576 2452
1577 2452
1578 2452
1579 2451
1580 2451
1581 2451
1582 2451
1583 2450
1584 2450
1585 2449
1586 2449
1587 2449
1588 2449
1589 2449
1590 2449
1591 2449
1592 2449
1593 2449
1594 2449
1595 2449
1596 2449
1597 2449
1598 2448
1599 2448
1600 2448
1601 2448
1602 2447
1603 2447
1604 2446
1605 2446
1606 2446
1607 2446
1608 2446
1609 2446
1610 2446
1611 2446
1612 2446
1613 2446
1614 2445
1615 2445
1616 2445
1617 2444
1618 2444
1619 2443
1620 2443
1621 2443
1622 2443
1623 2443
1624 2443
1625 2442
1626 2442
1627 2442
1628 2441
1629 2441
1630 2440
1631 2440
1632 2440
1633 2440
1634 2440
1635 2440
1636 2440
1637 2440
1638 2440
1639 2440
1640 2439
1641 2439
1642 2439
1643 2438
1644 2438
1645 2438
1646 2438
1647 2438
1648 2438
1649 2438
1650 2438
1651 2437
1652 2437
1653 2437
1654 2437
1655 2436
1656 2436
1657 2436
1658 2435
1659 2435
1660 2435
1661 2435
1662 2435
1663 2435
1664 2435
1665 2435
1666 2434
1667 2434
1668 2434
1669 2434
1670 2433
1671 2433
1672 2432
1673 2432
1674 2431
1675 2431
1676 2430
1677 2430
1678 2429
1679 2428
1680 2428
1681 2427
1682 2427
1683 2426
1684 2426
1685 2425
1686 2425
1687 2424
1688 2424
1689 2424
1690 2424
1691 2423
1692 2422
1693 2422
1694 2421
1695 2421
1696 2420
1697 2419
1698 2419
1699 2418
1700 2418
1701 2417
1702 2417
1703 2416
1704 2415
1705 2415
1706 2415
1707 2414
1708 2414
1709 2413
1710 2413
1711 2412
1712 2412
1713 2412
1714 2412
1715 2412
1716 2412
1717 2412
1718 2412
1719 2412
1720 2412
1721 2412
1722 2412
1723 2411
1724 2411
1725 2411
1726 2410
1727 2410
1728 2410
1729 2410
1730 2410
1731 2410
1732 2410
1733 2410
1734 2410
1735 2410
1736 2410
1737 2410
1738 2410
1739 2410
1740 2410
1741 2410
1742 2410
1743 2410
1744 2410
1745 2409
1746 2409
1747 2409
1748 2408
1749 2408
1750 2408
1751 2407
1752 2407
1753 2407
1754 2407
1755 2407
1756 2407
1757 2407
1758 2407
1759 2407
1760 2407
1761 2407
1762 2407
1763 2407
1764 2406
1765 2406
1766 2406
1767 2406
1768 2405
1769 2405
1770 2405
1771 2405
1772 2405
1773 2405
1774 2405
1775 2405
1776 2405
1777 2405
1778 2404
1779 2404
1780 2404
1781 2404
1782 2403
1783 2403
1784 2403
1785 2402
1786 2402
1787 2402
1788 2402
1789 2402
1790 2402
1791 2402
1792 2402
1793 2402
1794 2402
1795 2402
1796 2403
1797 2403
1798 2402
1799 2402
1800 2402
1801 2402
1802 2402
1803 2402
1804 2402
1805 2401
1806 2401
1807 2401
1808 2400
1809 2400
1810 2400
1811 2400
1812 2400
1813 2400
1814 2400
1815 2400
1816 2400
1817 2400
1818 2400
1819 2401
1820 2401
1821 2401
1822 2401
1823 2401
1824 2401
1825 2401
1826 2401
1827 2401
1828 2401
1829 2401
1830 2401
1831 2401
1832 2401
1833 2401
1834 2401
1835 2400
1836 2400
1837 2400
1838 2399
1839 2399
1840 2399
1841 2398
1842 2398
1843 2398
1844 2398
1845 2398
1846 2398
1847 2398
1848 2398
1849 2398
1850 2398
1851 2397
1852 2397
1853 2397
1854 2396
1855 2396
1856 2395
1857 2395
1858 2395
1859 2394
1860 2394
1861 2394
1862 2394
1863 2393
1864 2393
1865 2392
1866 2392
1867 2392
1868 2392
1869 2392
1870 2392
1871 2392
1872 2392
1873 2392
1874 2392
1875 2392
1876 2392
1877 2392
1878 2391
1879 2391
1880 2391
1881 2390
1882 2390
1883 2389
1884 2389
1885 2389
1886 2389
1887 2389
1888 2389
1889 2390
1890 2390
1891 2389
1892 2389
1893 2389
1894 2389
1895 2388
1896 2388
1897 2387
1898 2387
1899 2387
1900 2387
1901 2387
1902 2387
1903 2387
1904 2387
1905 2386
1906 2386
1907 2386
1908 2386
1909 2386
1910 2385
1911 2385
1912 2384
1913 2384
1914 2383
1915 2383
1916 2383
1917 2383
1918 2383
1919 2382
1920 2382
1921 2381
1922 2381
1923 2381
1924 2381
1925 2381
1926 2381
1927 2381
1928 2381
1929 2381
1930 2380
1931 2380
1932 2380
1933 2379
1934 2379
1935 2379
1936 2379
1937 2379
1938 2379
1939 2379
1940 2379
1941 2379
1942 2379
1943 2379
1944 2379
1945 2379
1946 2379
1947 2379
1948 2379
1949 2379
1950 2379
1951 2379
1952 2379
1953 2379
1954 2379
1955 2379
1956 2379
1957 2379
1958 2380
1959 2380
1960 2380
1961 2380
1962 2380
1963 2380
1964 2380
1965 2380
1966 2380
1967 2380
1968 2380
1969 2380
1970 2380
1971 2380
1972 2380
1973 2380
1974 2380
1975 2380
1976 2379
1977 2379
1978 2379
1979 2378
1980 2378
1981 2377
1982 2377
1983 2377
1984 2377
1985 2378
1986 2378
1987 2378
1988 2378
1989 2378
1990 2378
1991 2378
1992 2378
1993 2378
1994 2377
1995 2377
1996 2377
1997 2377
1998 2377
1999 2377
2000 2376
2001 2375
2002 2375
2003 2374
2004 2374
2005 2374
2006 2373
2007 2373
2008 2372
2009 2372
2010 2371
2011 2371
2012 2370
2013 2370
2014 2370
2015 2370
2016 2369
2017 2369
2018 2368
2019 2367
2020 2367
2021 2366
2022 2366
2023 2365
2024 2365
2025 2364
2026 2364
2027 2363
2028 2363
2029 2363
2030 2363
2031 2362
2032 2362
2033 2362
2034 2361
2035 2361
2036 2361
2037 2361
2038 2360
2039 2360
2040 2360
2041 2360
2042 2359
2043 2359
2044 2359
2045 2359
2046 2359
2047 2359
2048 2359
2049 2359
2050 2359
2051 2359
2052 2359
2053 2360
2054 2360
2055 2360
2056 2360
2057 2360
2058 2360
2059 2360
2060 2360
2061 2360
2062 2360
2063 2360
2064 2360
2065 2361
2066 2361
2067 2361
2068 2361
2069 2361
2070 2361
2071 2361
2072 2361
2073 2361
2074 2362
2075 2362
2076 2362
2077 2362
2078 2363
2079 2363
2080 2364
2081 2365
2082 2366
2083 2366
2084 2366
2085 2366
2086 2366
2087 2367
2088 2367
2089 2368
2090 2368
2091 2369
2092 2370
2093 2371
2094 2372
2095 2373
2096 2374
2097 2374
2098 2374
2099 2374
2100 2375
2101 2375
2102 2375
2103 2376
2104 2376
2105 2377
2106 2377
2107 2378
2108 2378
2109 2379
2110 2380
2111 2381
2112 2382
2113 2382
2114 2383
2115 2383
2116 2384
2117 2384
2118 2385
2119 2385
2120 2386
2121 2386
2122 2387
2123 2387
2124 2387
2125 2388
2126 2388
2127 2388
2128 2389
2129 2389
2130 2390
2131 2391
2132 2392
2133 2392
2134 2392
2135 2393
2136 2394
2137 2394
2138 2395
2139 2396
2140 2396
2141 2397
2142 2398
2143 2399
2144 2400
2145 2400
2146 2401
2147 2402
2148 2403
2149 2404
2150 2404
2151 2405
2152 2405
2153 2406
2154 2407
2155 2408
2156 2408
2157 2409
2158 2410
2159 2410
2160 2411
2160 2412
2161 2412
2162 2413
2163 2413
2164 2414
2165 2415
2166 2416
2167 2416
2168 2417
2169 2418
2170 2418
2171 2419
2172 2420
2173 2421
2174 2421
2175 2422
2176 2423
2177 2424
2178 2425
2179 2426
2180 2426
2181 2427
2182 2428
2183 2429
2184 2429
2185 2430
2186 2430
2187 2431
2188 2431
2189 2432
2189 2433
2190 2434
2191 2434
2192 2435
2193 2436
2194 2437
2195 2437
2196 2437
2197 2438
2198 2439
2199 2439
2200 2440
2201 2441
2202 2441
2203 2442
2204 2443
2205 2443
2206 2444
2207 2445
2208 2446
2209 2446
2210 2447
2211 2448
2212 2448
2213 2449
2214 2449
2215 2450
2216 2450
2217 2450
2218 2451
2219 2452
2220 2453
2221 2454
2222 2454
2223 2455
2224 2455
2225 2456
2226 2457
2227 2457
2228 2458
2229 2458
2230 2459
2231 2460
2232 2461
2233 2462
2234 2462
2235 2463
2236 2463
2237 2464
2238 2465
2239 2465
2240 2466
2241 2466
2242 2466
2243 2466
2244 2467
2245 2468
2246 2468
2247 2469
2248 2469
2249 2470
2250 2470
2251 2470
2252 2470
2253 2470
2254 2470
2255 2470
2256 2471
2257 2471
2258 2471
2259 2472
2260 2472
2261 2473
2262 2474
2263 2474
2264 2474
2265 2474
2266 2474
2267 2474
2268 2474
2269 2474
2270 2475
2271 2475
2272 2475
2273 2475
2274 2475
2275 2476
2276 2476
2277 2476
2278 2477
2279 2477
2280 2477
2281 2478
2282 2479
2283 2479
2284 2479
2285 2479
2286 2479
2287 2479
2288 2479
2289 2479
2290 2479
2291 2480
2292 2480
2293 2480
2294 2480
2295 2480
2296 2481
2297 2481
2298 2481
2299 2482
2300 2482
2301 2483
2302 2483
2303 2484
2304 2484
2305 2485
2306 2485
2307 2485
2308 2485
2309 2485
2310 2485
2311 2486
2312 2486
2313 2486
2314 2487
2315 2488
2316 2488
2317 2489
2318 2489
2319 2489
2320 2489
2321 2489
2322 2489
2323 2490
2324 2490
2325 2491
2326 2491
2327 2492
2328 2492
2329 2493
2330 2493
2331 2493
2332 2493
2333 2493
2334 2493
2335 2493
2336 2493
2337 2494
2338 2494
2339 2494
2340 2494
2341 2494
2342 2494
2343 2494
2344 2494
2345 2494
2346 2494
2347 2495
2348 2495
2349 2495
2350 2495
2351 2495
2352 2495
2353 2496
2354 2496
2355 2497
2356 2498
2357 2499
2358 2500
2359 2501
2360 2502
2361 2503
2362 2503
2363 2503
2364 2504
2365 2504
2366 2504
2367 2505
2368 2506
2369 2507
2370 2508
2371 2509
2372 2509
2373 2510
2374 2511
2375 2512
2376 2512
2377 2513
2378 2513
2379 2514
2380 2514
2381 2515
2382 2516
2383 2517
2384 2517
2385 2518
2386 2518
2387 2519
2388 2520
2389 2521
2390 2521
2391 2522
2392 2522
2393 2523
2394 2524
2395 2524
2396 2525
2397 2525
2398 2526
2399 2527
2400 2528
2401 2529
2402 2530
2402 2531
2403 2532
2404 2533
2405 2534
2406 2535
2407 2536
2408 2537
2409 2537
2410 2538
2411 2539
2412 2540
2413 2540
2414 2541
2415 2542
2416 2542
2417 2543
2418 2544
2419 2545
2420 2546
2421 2546
2422 2547
2423 2548
2424 2549
2425 2550
2426 2551
2427 2552
2428 2553
2429 2554
2430 2555
2431 2556
2432 2557
2433 2558
2434 2558
2435 2559
2436 2560
2437 2561
2438 2561
2439 2561
2440 2562
2441 2562
2442 2563
2443 2564
2444 2565
2444 2566
2445 2567
2446 2568
2447 2569
2448 2570
2449 2570
2450 2571
2451 2572
2452 2572
2453 2573
2454 2573
2455 2574
2456 2575
2457 2575
2458 2576
2459 2577
2460 2578
2461 2579
2462 2580
2463 2581
2464 2582
2465 2582
2466 2583
2467 2584
2468 2584
2469 2585
2470 2586
2471 2587
2472 2587
2473 2588
2474 2589
2475 2590
2476 2591
2477 2591
2478 2592
2479 2593
2480 2593
2481 2594
2482 2594
2483 2594
2484 2595
2485 2596
2486 2596
2487 2597
2488 2598
2489 2599
2490 2600
2491 2600
2492 2601
2493 2602
2494 2603
2495 2603
2496 2604
2497 2604
2498 2605
2499 2606
2500 2606
2501 2607
2502 2607
2503 2608
2504 2609
2505 2610
2506 2610
2507 2611
2508 2612
2509 2613
2510 2614
2511 2614
2512 2615
2513 2615
2514 2616
2515 2617
2516 2618
2517 2619
2518 2620
2519 2621
2520 2622
2521 2622
2522 2622
2523 2622
2524 2622
2525 2622
2526 2623
2527 2623
2528 2623
2529 2624
2530 2624
2531 2625
2532 2625
2533 2625
2534 2626
2535 2626
2536 2626
2537 2626
2538 2626
2539 2626
2540 2626
2541 2627
2542 2627
2543 2627
2544 2627
2545 2627
2546 2627
2547 2628
2548 2628
2549 2628
2550 2629
2551 2629
2552 2630
2553 2631
2554 2631
2555 2631
2556 2631
2557 2631
2558 2632
2559 2632
2560 2632
2561 2632
2562 2632
2563 2632
2564 2633
2565 2633
2566 2634
2567 2634
2568 2635
2569 2635
2570 2635
2571 2636
2572 2636
2573 2636
2574 2636
2575 2636
2576 2637
2577 2637
2578 2637
2579 2637
2580 2637
2581 2638
2582 2638
2583 2638
2584 2639
2585 2640
2586 2640
2587 2640
2588 2640
2589 2641
2590 2641
2591 2641
2592 2641
2593 2641
2594 2641
2595 2641
2596 2641
2597 2641
2598 2642
2599 2642
2600 2642
2601 2642
2602 2642
2603 2642
2604 2643
2605 2643
2606 2643
2607 2644
2608 2644
2609 2645
2610 2645
2611 2645
2612 2646
2613 2646
2614 2646
2615 2646
2616 2646
2617 2646
2618 2646
2619 2646
2620 2646
2621 2646
2622 2646
2623 2646
2624 2646
2625 2646
2626 2646
2627 2646
2628 2647
2629 2647
2630 2647
2631 2647
2632 2647
2633 2647
2634 2647
2635 2647
2636 2647
2637 2647
2638 2647
2639 2647
2640 2647
2641 2647
2642 2647
2643 2647
2644 2648
2645 2648
2646 2648
2647 2648
2648 2648
2649 2648
2650 2648
2651 2648
2652 2648
2653 2648
2654 2648
2655 2648
2656 2648
2657 2648
2658 2648
2659 2648
2660 2648
2661 2648
2662 2647
2663 2647
2664 2647
2665 2647
2666 2647
2667 2647
2668 2646
2669 2646
2670 2646
2671 2646
2672 2646
2673 2646
2674 2646
2675 2646
2676 2646
2677 2646
2678 2646
2679 2646
2680 2646
2681 2646
2682 2646
2683 2646
2684 2646
2685 2647
2686 2647
2687 2647
2688 2647
2689 2647
2690 2647
2691 2647
2692 2647
2693 2647
2694 2647
2695 2647
2696 2647
2697 2647
2698 2647
2699 2647
2700 2647
2701 2647
2702 2648
2703 2648
2704 2648
2705 2648
2706 2648
2707 2648
2708 2648
2709 2648
2710 2648
2711 2648
2712 2648
2713 2648
2714 2649
2715 2649
2716 2649
2717 2649
2718 2649
2719 2649
2720 2649
2721 2649
2722 2649
2723 2649
2724 2649
2725 2649
2726 2649
2727 2649
2728 2649
2729 2649
2730 2649
2731 2649
2732 2650
2733 2650
2734 2650
2735 2650
2736 2650
2737 2650
2738 2650
2739 2650
2740 2650
2741 2650
2742 2650
2743 2650
2744 2650
2745 2650
2746 2650
2747 2650
2748 2650
2749 2650
2750 2650
2751 2650
2752 2650
2753 2650
2754 2650
2755 2650
2756 2650
2757 2651
2758 2651
2759 2650
2760 2650
2761 2650
2762 2650
2763 2650
2764 2649
2765 2649
2766 2649
2767 2648
2768 2648
2769 2648
2770 2648
2771 2648
2772 2648
2773 2648
2774 2649
2775 2649
2776 2649
2777 2649
2778 2649
2779 2649
2780 2649
2781 2649
2782 2649
2783 2649
2784 2649
2785 2649
2786 2649
2787 2649
2788 2649
2789 2650
2790 2650
2791 2650
2792 2650
2793 2650
2794 2650
2795 2650
2796 2650
2797 2650
2798 2650
2799 2650
2800 2650
2801 2650
2802 2650
2803 2650
2804 2650
2805 2651
2806 2651
2807 2651
2808 2651
2809 2651
2810 2651
2811 2651
2812 2651
2813 2651
2814 2651
2815 2651
2816 2651
2817 2651
2818 2651
2819 2651
2820 2652
2821 2652
2822 2652
2823 2652
2824 2652
2825 2652
2826 2652
2827 2652
2828 2652
2829 2652
2830 2652
2831 2652
2832 2652
2833 2652
2834 2652
2835 2652
2836 2652
2837 2652
2838 2652
2839 2653
2840 2653
2841 2653
2842 2653
2843 2653
2844 2653
2845 2653
2846 2652
2847 2652
2848 2652
2849 2652
2850 2652
2851 2652
2852 2652
2853 2652
2854 2652
2855 2652
2856 2651
2857 2651
2858 2651
2859 2650
2860 2650
2861 2649
2862 2649
2863 2649
2864 2649
2865 2648
2866 2648
2867 2648
2868 2647
2869 2647
2870 2647
2871 2647
2872 2646
2873 2646
2874 2646
2875 2646
2876 2646
2877 2646
2878 2646
2879 2645
2880 2645
2881 2644
2882 2644
2883 2643
2884 2643
2885 2643
2886 2643
2887 2642
2888 2642
2889 2641
2890 2641
2891 2640
2892 2640
2893 2640
2894 2639
2895 2639
2896 2638
2897 2638
2898 2637
2899 2637
2900 2636
2901 2635
2902 2634
2903 2633
2904 2633
2905 2632
2906 2632
2907 2631
2907 2630
2908 2629
2909 2628
2910 2627
2911 2626
2912 2625
2913 2624
2914 2623
2915 2622
2915 2621
2916 2620
2916 2619
2917 2618
2917 2617
2918 2616
2918 2615
2919 2614
2920 2613
2921 2612
2922 2611
2923 2610
2924 2609
2925 2608
2925 2607
2926 2606
2927 2606
2927 2605
2928 2604
2929 2603
2929 2602
2930 2601
2931 2600
2931 2599
2932 2598
2932 2597
2933 2596
2934 2595
2934 2594
2935 2593
2935 2592
2935 2591
2936 2590
2936 2589
2936 2588
2937 2587
2937 2586
2938 2585
2939 2584
2940 2583
2940 2582
2941 2581
2941 2580
2942 2579
2942 2578
2943 2577
2944 2576
2944 2575
2945 2574
2945 2573
2946 2572
2946 2571
2947 2570
2947 2569
2948 2568
2948 2567
2948 2566
2949 2565
2949 2564
2950 2563
2950 2562
2951 2561
2951 2560
2952 2559
2952 2558
2952 2557
2952 2556
2952 2555
2952 2554
2952 2553
2953 2552
2953 2551
2953 2550
2953 2549
2954 2548
2954 2547
2954 2546
2955 2545
2955 2544
2956 2543
2957 2542
2957 2541
2958 2540
2959 2539
2959 2538
2960 2537
2961 2536
2962 2535
2963 2534
2964 2533
2964 2532
2965 2531
2966 2530
2966 2529
2967 2528
2968 2527
2969 2526
2969 2525
2970 2524
2971 2523
2971 2522
2972 2521
2973 2520
2974 2519
2975 2519
2976 2518
2977 2517
2978 2516
2979 2515
2980 2514
2981 2513
2982 2512
2982 2511
2983 2510
2984 2509
2984 2508
2985 2507
2986 2507
2987 2506
2988 2506
2989 2505
2990 2504
2990 2503
2991 2502
2991 2501
2992 2500
2992 2499
2993 2498
2994 2497
2995 2496
2995 2495
2996 2494
2996 2493
2997 2492
2998 2491
2999 2490
3000 2489
3001 2488
3002 2487
3003 2486
3004 2485
3005 2485
3006 2484
3007 2483
3008 2482
3009 2481
3010 2480
3010 2479
3011 2478
3012 2477
3013 2476
3014 2475
3015 2474
3016 2473
3017 2472
3018 2472
3019 2472
3020 2471
3021 2471
3022 2470
3023 2470
3024 2469
3025 2468
3026 2468
3027 2467
3028 2466
3029 2465
3030 2464
3031 2464
3032 2463
3033 2462
3034 2462
3035 2461
3036 2461
3037 2460
3038 2459
3039 2459
3040 2458
3041 2458
3042 2458
3043 2457
3044 2456
3045 2456
3046 2455
3047 2455
3048 2455
3049 2454
3050 2454
3051 2453
3052 2453
3053 2452
3054 2452
3055 2452
3056 2452
3057 2451
3058 2451
3059 2451
3060 2450
3061 2450
3062 2450
3063 2450
3064 2450
3065 2451
3066 2451
3067 2451
3068 2451
3069 2451
3070 2451
3071 2451
3072 2451
3073 2451
3074 2451
3075 2451
3076 2451
3077 2451
3078 2451
3079 2451
3080 2451
3081 2451
3082 2451
3083 2451
3084 2451
3085 2450
3086 2450
3086 2449
3087 2448
3087 2447
3088 2446
3088 2445
3089 2444
3090 2443
3090 2442
3090 2441
3090 2440
3090 2439
3090 2438
3090 2437
3090 2436
3090 2435
3090 2434
3090 2433
3090 2432
3090 2431
3090 2430
3090 2429
3091 2428
3091 2427
3091 2426
3091 2425
3091 2424
3091 2423
3091 2422
3091 2421
3091 2420
3091 2419
3091 2418
3091 2417
3091 2416
3092 2415
3092 2414
3092 2413
3092 2412
3092 2411
3092 2410
3092 2409
3092 2408
3092 2407
3092 2406
3092 2405
3092 2404
3092 2403
3092 2402
3092 2401
3092 2400
3092 2399
3092 2398
3092 2397
3093 2396
3093 2395
3093 2394
3093 2393
3093 2392
3093 2391
3093 2390
3093 2389
3093 2388
3093 2387
3093 2386
3093 2385
3093 2384
3093 2383
3093 2382
3093 2381
3093 2380
3093 2379
3093 2378
3093 2377
3092 2376
3092 2375
3091 2374
3091 2373
3091 2372
3090 2371
3090 2370
3090 2369
3090 2368
3090 2367
3090 2366
3090 2365
3090 2364
3090 2363
3090 2362
3090 2361
3090 2360
3089 2359
3089 2358
3089 2357
3088 2356
3088 2355
3088 2354
3088 2353
3088 2352
3088 2351
3088 2350
3088 2349
3088 2348
3088 2347
3088 2346
3089 2345
3089 2344
3089 2343
3089 2342
3089 2341
3089 2340
3089 2339
3089 2338
3089 2337
3089 2336
3089 2335
3089 2334
3089 2333
3089 2332
3089 2331
3089 2330
3089 2329
3090 2328
3090 2327
3090 2326
3090 2325
3090 2324
3090 2323
3090 2322
3090 2321
3090 2320
3090 2319
3090 2318
3090 2317
3090 2316
3090 2315
3090 2314
3090 2313
3091 2312
3091 2311
3090 2310
3089 2309
3088 2308
3087 2308
3086 2307
3086 2306
3086 2305
3086 2304
3085 2303
3085 2302
3084 2301
3084 2300
3083 2299
3082 2298
3081 2297
3081 2296
3080 2295
3079 2294
3078 2294
3077 2293
3076 2292
3075 2292
3074 2291
3074 2290
3073 2289
3072 2288
3071 2287
3070 2287
3069 2286
3068 2285
3067 2285
3066 2284
3065 2284
3064 2283
3063 2282
3062 2281
3061 2280
3060 2279
3059 2278
3058 2277
3057 2277
3056 2276
3055 2276
3054 2275
3053 2274
3052 2273
3051 2272
3050 2271
3049 2271
3048 2270
3047 2269
3046 2268
3045 2267
3044 2266
3043 2265
3042 2264
3041 2264
3040 2263
3039 2262
3038 2261
3037 2260
3036 2259
3035 2259
3034 2258
3033 2257
3032 2257
3031 2256
3030 2256
3029 2255
3028 2254
3027 2253
3026 2252
3025 2252
3024 2251
3023 2250
3022 2249
3021 2248
3020 2247
3019 2246
3018 2245
3017 2245
3016 2244
3015 2243
3014 2243
3013 2242
3012 2241
3011 2240
3010 2240
3009 2239
3008 2238
3007 2237
3006 2236
3005 2235
3004 2234
3003 2234
3002 2233
3001 2233
3000 2232
2999 2232
2998 2231
2997 2231
2996 2230
2995 2229
2994 2228
2993 2227
2992 2226
2992 2225
2991 2224
2990 2223
2989 2222
2988 2221
2987 2220
2986 2219
2985 2219
2984 2218
2983 2217
2982 2216
2981 2215
2980 2214
2979 2213
2978 2212
2977 2211
2976 2210
2975 2209
2974 2208
2973 2207
2972 2206
2971 2205
2970 2204
2969 2203
2968 2202
2967 2201
2967 2200
2966 2199
2965 2198
2964 2198
2963 2197
2962 2196
2961 2195
2960 2195
2959 2194
2958 2193
2957 2192
2956 2191
2955 2191
2954 2190
2953 2189
2952 2188
2951 2188
2950 2187
2949 2186
2949 2185
2948 2184
2947 2183
2946 2182
2945 2181
2944 2180
2943 2179
2942 2178
2942 2177
2941 2176
2940 2175
2939 2175
2938 2174
2937 2173
2936 2172
2935 2171
2935 2170
2934 2169
2933 2168
2932 2167
2931 2166
2930 2165
2929 2165
2928 2164
2927 2163
2927 2162
2926 2161
2926 2160
2925 2159
2925 2158
2924 2157
2924 2156
2923 2155
2922 2154
2922 2153
2922 2152
2921 2151
2921 2150
2920 2149
2919 2148
2918 2147
2917 2146
2916 2145
2915 2145
2914 2144
2913 2143
2912 2143
2911 2142
2910 2141
2909 2140
2908 2139
2907 2138
2906 2137
2905 2136
2904 2135
2903 2135
2902 2134
2901 2133
2900 2132
2899 2132
2898 2131
2897 2130
2896 2130
2895 2129
2894 2128
2893 2127
2892 2126
2891 2125
2890 2124
2889 2123
2888 2123
2887 2122
2886 2121
2885 2121
2884 2120
2883 2120
2882 2120
2881 2119
2880 2119
2879 2118
2878 2118
2877 2117
2876 2116
2875 2115
2874 2115
2873 2114
2872 2113
2871 2112
2870 2112
2869 2111
2868 2111
2867 2110
2866 2110
2865 2109
2864 2108
2863 2107
2862 2106
2861 2105
2861 2104
2860 2103
2859 2102
2858 2101
2857 2101
2856 2100
2855 2100
2854 2099
2853 2098
2852 2098
2851 2097
2850 2097
2849 2097
2848 2096
2847 2095
2846 2094
2845 2093
2844 2092
2843 2091
2842 2090
2841 2090
2840 2089
2839 2088
2838 2087
2837 2087
2836 2086
2835 2086
2834 2085
2833 2085
2832 2084
2831 2084
2830 2084
2829 2083
2828 2083
2827 2082
2826 2082
2825 2081
2824 2081
2823 2080
2822 2079
2821 2079
2820 2078
2819 2078
2818 2077
2817 2077
2816 2076
2815 2076
2814 2075
2813 2075
2812 2074
2811 2074
2810 2074
2809 2073
2808 2073
2807 2072
2806 2072
2805 2072
2804 2071
2803 2071
2802 2071
2801 2071
2800 2071
2799 2071
2798 2071
2797 2070
2796 2070
2795 2070
2794 2070
2793 2069
2792 2069
2791 2068
2790 2068
2789 2068
2788 2067
2787 2067
2786 2066
2785 2066
2784 2066
2783 2066
2782 2065
2781 2065
2780 2065
2779 2065
2778 2064
2777 2064
2776 2064
2775 2063
2774 2063
2773 2062
2772 2062
2771 2062
2770 2061
2769 2061
2768 2061
2767 2060
2766 2060
2765 2060
2764 2060
2763 2059
2762 2059
2761 2058
2760 2058
2759 2057
2758 2056
2757 2055
2756 2055
2755 2054
2754 2054
2753 2053
2752 2053
2751 2053
2750 2052
2749 2052
2748 2052
2747 2051
2746 2051
2745 2050
2744 2050
2743 2049
2742 2049
2741 2049
2740 2048
2739 2048
2738 2048
2737 2048
2736 2047
2735 2047
2734 2047
2733 2047
2732 2046
2731 2046
2730 2046
2729 2045
2728 2045
2727 2045
2726 2044
2725 2044
2724 2044
2723 2044
2722 2044
2721 2044
2720 2044
2719 2044
2718 2044
2717 2044
2716 2044
2715 2044
2714 2043
2713 2043
2712 2043
2711 2043
2710 2043
2709 2043
2708 2043
2707 2043
2706 2043
2705 2043
2704 2043
2703 2043
2702 2043
2701 2043
2700 2043
2699 2042
2698 2042
2697 2042
2696 2042
2695 2042
2694 2042
2693 2042
2692 2042
2691 2042
2690 2042
2689 2042
2688 2042
2687 2042
2686 2042
2685 2042
2684 2042
2683 2041
2682 2041
2681 2041
2680 2041
2679 2041
2678 2041
2677 2041
2676 2041
2675 2041
2674 2041
2673 2041
2672 2041
2671 2041
2670 2041
2669 2040
2668 2040
2667 2040
2666 2040
2665 2040
2664 2040
2663 2040
2662 2040
2661 2040
2660 2040
2659 2040
2658 2040
2657 2040
2656 2040
2655 2040
2654 2040
2653 2040
2652 2040
2651 2039
2650 2039
2649 2039
2648 2039
2647 2039
2646 2039
2645 2039
2644 2039
2643 2039
2642 2039
2641 2039
2640 2039
2639 2039
2638 2039
2637 2039
2636 2039
2635 2039
2634 2039
2633 2038
2632 2038
2631 2038
2630 2038
2629 2038
2628 2038
2627 2038
2626 2038
2625 2038
2624 2038
2623 2038
2622 2038
2621 2038
2620 2038
2619 2038
2618 2038
2617 2038
2616 2038
2615 2038
2614 2038
2613 2038
2612 2038
2611 2038
2610 2038
2609 2038
2608 2038
