3050 1533
3049 1534
3048 1534
3047 1534
3046 1534
3045 1534
3044 1535
3043 1535
3042 1536
3041 1536
3040 1537
3039 1538
3038 1539
3038 1540
3037 1541
3037 1542
3036 1543
3035 1543
3034 1544
3033 1544
3032 1544
3031 1544
3030 1544
3029 1544
3028 1544
3027 1544
3026 1544
3025 1544
3024 1544
3023 1544
3022 1544
3021 1544
3020 1544
3019 1544
3018 1544
3017 1544
3016 1544
3015 1544
3014 1544
3013 1545
3012 1545
3011 1545
3010 1545
3009 1545
3008 1545
3007 1546
3006 1546
3005 1547
3004 1547
3003 1548
3002 1548
3001 1549
3000 1549
2999 1549
2998 1549
2997 1549
2996 1549
2995 1549
2994 1549
2993 1550
2992 1550
2991 1550
2990 1550
2989 1550
2988 1550
2987 1550
2986 1550
2985 1550
2984 1551
2983 1551
2982 1551
2981 1551
2980 1552
2979 1552
2978 1553
2977 1553
2976 1554
2975 1554
2974 1554
2973 1555
2972 1555
2971 1555
2970 1556
2969 1556
2968 1556
2967 1557
2966 1557
2965 1557
2964 1557
2963 1558
2962 1559
2961 1559
2960 1560
2959 1560
2958 1560
2957 1561
2956 1561
2955 1561
2954 1562
2953 1562
2952 1562
2951 1563
2950 1563
2949 1564
2948 1564
2947 1565
2946 1565
2945 1565
2944 1565
2943 1566
2942 1566
2941 1566
2940 1566
2939 1566
2938 1567
2937 1567
2936 1567
2935 1567
2934 1568
2933 1568
2932 1568
2931 1569
2930 1569
2929 1569
2928 1570
2927 1570
2926 1570
2925 1571
2924 1571
2923 1571
2922 1571
2921 1571
2920 1571
2919 1572
2918 1572
2917 1572
2916 1573
2915 1573
2914 1573
2913 1574
2912 1574
2911 1574
2910 1574
2909 1575
2908 1575
2907 1575
2906 1574
2905 1574
2904 1574
2903 1574
2902 1574
2901 1574
2900 1574
2899 1574
2898 1574
2897 1574
2896 1574
2895 1574
2894 1574
2893 1574
2892 1574
2891 1573
2890 1573
2889 1573
2888 1573
2887 1573
2886 1573
2885 1573
2884 1573
2883 1573
2882 1573
2881 1573
2880 1573
2879 1572
2878 1572
2877 1572
2876 1572
2875 1571
2874 1571
2873 1570
2872 1569
2871 1569
2870 1568
2869 1568
2868 1569
2867 1569
2866 1570
2865 1570
2864 1571
2863 1571
2862 1572
2861 1573
2860 1573
2859 1574
2858 1575
2857 1575
2856 1576
2855 1576
2854 1577
2853 1577
2852 1578
2851 1579
2850 1579
2849 1579
2848 1579
2847 1580
2846 1580
2845 1580
2844 1580
2843 1581
2842 1581
2841 1582
2840 1583
2839 1583
2838 1584
2837 1584
2836 1585
2835 1585
2834 1586
2833 1586
2832 1586
2831 1586
2830 1587
2829 1587
2828 1587
2827 1588
2826 1588
2825 1588
2824 1588
2823 1589
2822 1589
2821 1590
2820 1590
2819 1590
2818 1590
2817 1590
2816 1590
2815 1590
2814 1591
2813 1591
2812 1591
2811 1591
2810 1592
2809 1592
2808 1593
2807 1593
2806 1594
2805 1594
2804 1595
2803 1596
2802 1596
2801 1597
2800 1598
2799 1599
2798 1600
2797 1601
2796 1601
2795 1602
2794 1602
2793 1603
2792 1603
2791 1603
2790 1604
2789 1604
2788 1605
2787 1605
2786 1606
2785 1606
2784 1607
2783 1607
2782 1608
2781 1608
2780 1608
2779 1609
2778 1609
2777 1609
2776 1609
2775 1610
2774 1610
2773 1611
2772 1611
2771 1612
2770 1612
2769 1612
2768 1613
2767 1613
2766 1613
2765 1613
2764 1614
2763 1614
2762 1615
2761 1615
2760 1615
2759 1616
2758 1617
2757 1617
2756 1618
2755 1618
2754 1619
2753 1620
2752 1621
2751 1621
2750 1622
2749 1623
2748 1623
2747 1624
2746 1625
2745 1625
2744 1626
2743 1626
2742 1627
2741 1627
2740 1628
2739 1629
2738 1629
2737 1630
2736 1630
2735 1631
2734 1631
2733 1632
2732 1632
2731 1633
2730 1633
2729 1633
2728 1634
2727 1634
2726 1635
2725 1635
2724 1636
2723 1636
2722 1637
2721 1637
2720 1637
2719 1638
2718 1638
2717 1639
2716 1639
2715 1640
2714 1641
2713 1641
2712 1642
2711 1643
2710 1643
2709 1644
2708 1644
2707 1645
2706 1645
2705 1645
2704 1646
2703 1646
2702 1646
2701 1646
2700 1646
2699 1647
2698 1647
2697 1647
2696 1648
2695 1648
2694 1649
2693 1649
2692 1650
2691 1651
2690 1652
2689 1652
2688 1653
2687 1654
2686 1655
2685 1655
2684 1656
2683 1656
2682 1657
2681 1657
2680 1658
2679 1659
2678 1659
2677 1660
2676 1660
2675 1661
2674 1662
2673 1662
2672 1663
2671 1664
2670 1664
2669 1665
2668 1665
2667 1666
2666 1667
2665 1667
2664 1668
2663 1669
2662 1669
2661 1669
2660 1670
2659 1670
2658 1670
2657 1671
2656 1672
2655 1672
2654 1673
2653 1673
2652 1673
2651 1674
2650 1674
2649 1674
2648 1674
2647 1675
2646 1675
2645 1675
2644 1676
2643 1676
2642 1677
2641 1677
2640 1678
2639 1678
2638 1678
2637 1679
2636 1679
2635 1680
2634 1680
2633 1681
2632 1681
2631 1681
2630 1682
2629 1682
2628 1683
2627 1684
2626 1684
2625 1685
2624 1686
2623 1686
2622 1687
2621 1687
2620 1688
2619 1689
2618 1690
2617 1690
2616 1691
2615 1691
2614 1692
2613 1692
2612 1692
2611 1693
2610 1694
2609 1694
2608 1695
2607 1696
2606 1696
2605 1696
2604 1697
2603 1697
2602 1697
2601 1698
2600 1698
2599 1699
2598 1700
2597 1701
2596 1702
2595 1703
2594 1704
2593 1704
2592 1705
2591 1706
2590 1706
2589 1707
2588 1708
2587 1709
2586 1709
2585 1710
2584 1710
2583 1711
2582 1712
2581 1712
2580 1713
2579 1714
2578 1714
2577 1715
2576 1715
2575 1716
2574 1716
2573 1717
2572 1718
2571 1718
2570 1719
2569 1719
2568 1719
2567 1720
2566 1721
2565 1722
2564 1723
2563 1723
2562 1724
2561 1724
2560 1725
2559 1725
2558 1726
2557 1726
2556 1726
2555 1727
2554 1727
2553 1728
2552 1729
2551 1729
2550 1730
2549 1730
2548 1731
2547 1731
2546 1732
2545 1733
2544 1733
2543 1734
2542 1735
2541 1735
2540 1736
2539 1737
2538 1738
2537 1739
2536 1740
2535 1740
2534 1741
2533 1742
2532 1742
2531 1743
2530 1743
2529 1743
2528 1744
2527 1744
2526 1745
2525 1745
2524 1745
2523 1746
2522 1746
2521 1746
2520 1746
2519 1746
2518 1747
2517 1747
2516 1748
2515 1748
2514 1749
2513 1750
2512 1751
2511 1752
2510 1753
2509 1753
2508 1754
2507 1754
2506 1755
2505 1755
2504 1756
2503 1757
2502 1758
2501 1759
2501 1760
2500 1761
2499 1762
2499 1763
2498 1764
2497 1765
2496 1766
2495 1767
2494 1768
2493 1769
2492 1769
2491 1770
2490 1771
2489 1771
2488 1772
2487 1773
2486 1773
2485 1774
2484 1775
2483 1776
2482 1776
2481 1776
2480 1777
2479 1777
2478 1778
2477 1778
2476 1779
2475 1779
2474 1780
2473 1781
2472 1782
2471 1783
2470 1784
2469 1784
2468 1785
2467 1786
2466 1786
2465 1786
2464 1786
2463 1787
2462 1787
2461 1787
2460 1788
2459 1788
2458 1789
2457 1789
2456 1790
2455 1790
2454 1791
2453 1792
2452 1792
2451 1792
2450 1793
2449 1793
2448 1794
2447 1795
2446 1795
2445 1796
2444 1797
2443 1797
2442 1798
2441 1798
2440 1799
2439 1800
2438 1800
2437 1801
2436 1801
2435 1802
2434 1803
2433 1804
2432 1805
2431 1806
2430 1806
2429 1806
2428 1807
2427 1807
2426 1808
2425 1808
2424 1809
2423 1809
2422 1809
2421 1810
2420 1810
2419 1810
2418 1811
2417 1811
2416 1812
2415 1812
2414 1813
2413 1813
2412 1814
2411 1814
2410 1814
2409 1815
2408 1815
2407 1815
2406 1815
2405 1816
2404 1817
2403 1817
2402 1818
2401 1818
2400 1819
2399 1820
2398 1820
2397 1821
2396 1821
2395 1822
2394 1823
2393 1824
2392 1825
2391 1825
2390 1826
2389 1827
2388 1827
2387 1828
2386 1828
2385 1829
2384 1829
2383 1830
2382 1830
2381 1831
2380 1831
2379 1832
2378 1832
2377 1833
2376 1833
2375 1834
2374 1834
2373 1835
2372 1835
2371 1835
2370 1836
2369 1836
2368 1836
2367 1837
2366 1837
2365 1837
2364 1838
2363 1838
2362 1839
2361 1840
2360 1840
2359 1841
2358 1841
2357 1842
2356 1842
2355 1842
2354 1843
2353 1843
2352 1844
2351 1844
2350 1845
2349 1845
2348 1846
2347 1847
2346 1848
2345 1848
2344 1849
2343 1850
2342 1850
2341 1851
2340 1852
2339 1852
2338 1853
2337 1853
2336 1853
2335 1853
2334 1854
2333 1854
2332 1855
2331 1855
2330 1856
2329 1856
2328 1857
2327 1857
2326 1858
2325 1858
2324 1859
2323 1860
2322 1860
2321 1861
2320 1861
2319 1861
2318 1862
2317 1862
2316 1863
2315 1863
2314 1863
2313 1863
2312 1863
2311 1864
2310 1864
2309 1864
2308 1864
2307 1865
2306 1865
2305 1865
2304 1866
2303 1866
2302 1867
2301 1867
2300 1868
2299 1869
2298 1870
2297 1871
2296 1872
2295 1873
2294 1874
2293 1874
2292 1875
2291 1876
2290 1876
2289 1876
2288 1877
2287 1877
2286 1877
2285 1878
2284 1879
2283 1879
2282 1880
2281 1881
2280 1881
2279 1882
2278 1882
2277 1883
2276 1883
2275 1884
2274 1885
2273 1885
2272 1886
2271 1886
2270 1887
2269 1888
2268 1888
2267 1889
2266 1890
2265 1891
2264 1892
2263 1893
2262 1893
2261 1894
2260 1895
2259 1895
2258 1896
2257 1896
2256 1897
2255 1897
2254 1898
2253 1898
2252 1899
2251 1899
2250 1899
2249 1900
2248 1901
2247 1901
2246 1902
2245 1903
2244 1903
2243 1904
2242 1904
2241 1905
2240 1905
2239 1906
2238 1907
2237 1907
2236 1908
2235 1908
2234 1909
2233 1910
2232 1910
2231 1911
2230 1911
2229 1911
2228 1912
2227 1913
2226 1914
2225 1914
2224 1915
2223 1916
2222 1917
2221 1917
2220 1918
2219 1919
2218 1920
2217 1921
2216 1922
2215 1922
2214 1923
2213 1923
2212 1924
2211 1924
2210 1925
2209 1925
2208 1926
2207 1926
2206 1926
2205 1927
2204 1927
2203 1927
2202 1928
2201 1928
2200 1929
2199 1930
2198 1930
2197 1931
2196 1931
2195 1931
2194 1932
2193 1932
2192 1933
2191 1933
2190 1934
2189 1935
2188 1935
2187 1936
2186 1936
2185 1937
2184 1938
2183 1938
2182 1938
2181 1939
2180 1939
2179 1940
2178 1941
2177 1941
2176 1942
2175 1943
2174 1943
2173 1944
2172 1944
2171 1945
2170 1945
2169 1946
2168 1947
2167 1947
2166 1948
2165 1948
2164 1949
2163 1949
2162 1950
2161 1950
2160 1950
2159 1951
2158 1951
2157 1952
2156 1952
2155 1953
2154 1953
2153 1954
2152 1954
2151 1955
2150 1955
2149 1956
2148 1956
2147 1957
2146 1957
2145 1958
2144 1959
2143 1960
2142 1960
2141 1960
2140 1961
2139 1961
2138 1962
2137 1962
2136 1963
2135 1964
2134 1965
2133 1966
2132 1967
2131 1968
2130 1969
2129 1969
2128 1970
2127 1970
2126 1970
2125 1971
2124 1971
2123 1972
2122 1972
2121 1973
2120 1974
2119 1975
2118 1976
2117 1976
2116 1976
2115 1976
2114 1977
2113 1977
2112 1978
2111 1978
2110 1979
2109 1979
2108 1980
2107 1980
2106 1981
2105 1982
2104 1983
2103 1983
2102 1984
2101 1984
2100 1985
2100 1986
2099 1987
2098 1988
2098 1989
2097 1990
2096 1991
2095 1992
2094 1992
2093 1993
2092 1993
2091 1993
2090 1994
2089 1994
2088 1995
2087 1995
2086 1996
2085 1996
2084 1997
2083 1998
2082 1998
2081 1999
2080 1999
2079 2000
2078 2000
2077 2000
2076 2001
2075 2001
2074 2002
2073 2003
2072 2004
2071 2004
2070 2005
2069 2006
2068 2006
2067 2007
2066 2007
2065 2008
2064 2009
2063 2010
2062 2011
2061 2012
2060 2013
2059 2014
2058 2014
2057 2015
2056 2015
2055 2016
2054 2016
2053 2016
2052 2017
2051 2017
2050 2018
2049 2018
2048 2019
2047 2020
2046 2020
2045 2021
2044 2021
2043 2022
2042 2022
2041 2023
2040 2024
2039 2024
2038 2025
2037 2026
2036 2026
2035 2027
2034 2027
2033 2028
2032 2029
2031 2029
2030 2030
2029 2030
2028 2031
2027 2032
2026 2033
2025 2033
2025 2034
2024 2035
2023 2036
2022 2037
2021 2038
2020 2038
2019 2039
2018 2040
2017 2041
2016 2042
2015 2043
2014 2044
2013 2044
2012 2045
2011 2046
2010 2046
2009 2047
2008 2048
2007 2049
2007 2050
2006 2051
2005 2052
2004 2053
2003 2053
2002 2054
2001 2055
2000 2056
1999 2057
1998 2058
1997 2059
1996 2060
1995 2060
1994 2061
1993 2061
1992 2062
1991 2062
1990 2062
1989 2063
1988 2064
1987 2064
1986 2065
1985 2066
1984 2066
1983 2067
1982 2067
1981 2068
1980 2068
1979 2068
1978 2069
1977 2070
1976 2071
1975 2072
1974 2072
1973 2073
1972 2074
1971 2075
1971 2076
1970 2077
1969 2077
1968 2078
1967 2079
1966 2079
1965 2080
1964 2081
1963 2081
1962 2082
1961 2083
1960 2083
1959 2084
1958 2084
1957 2085
1956 2085
1955 2086
1954 2087
1953 2088
1952 2089
1952 2090
1952 2091
1951 2092
1951 2093
1950 2094
1949 2095
1948 2095
1947 2096
1946 2096
1945 2097
1944 2097
1943 2098
1943 2099
1942 2100
1941 2101
1941 2102
1940 2103
1939 2104
1938 2105
1938 2106
1937 2107
1936 2108
1935 2109
1934 2110
1933 2111
1932 2111
1931 2111
1930 2111
1929 2111
1928 2112
1927 2112
1926 2112
1925 2112
1924 2113
1923 2113
1922 2113
1921 2114
1920 2114
1919 2114
1918 2115
1917 2116
1916 2117
1915 2117
1914 2118
1913 2119
1912 2120
1911 2120
1910 2121
1909 2122
1908 2123
1907 2124
1906 2125
1905 2125
1904 2126
1903 2127
1902 2127
1901 2128
1900 2128
1899 2129
1898 2129
1897 2129
1896 2130
1896 2131
1895 2132
1895 2133
1894 2134
1894 2135
1893 2136
1892 2136
1891 2137
1890 2138
1889 2139
1888 2140
1887 2141
1886 2141
1885 2142
1884 2143
1883 2143
1883 2144
1883 2145
1882 2146
1882 2147
1881 2148
1880 2149
1879 2150
1878 2151
1877 2151
1876 2151
1875 2151
1874 2151
1873 2152
1872 2152
1871 2152
1870 2153
1869 2153
1868 2154
1867 2154
1866 2155
1865 2155
1864 2156
1863 2157
1862 2157
1861 2157
1860 2157
1859 2157
1858 2158
1857 2158
1856 2158
1855 2159
1854 2159
1853 2160
1852 2160
1851 2161
1850 2161
1849 2161
1848 2162
1847 2162
1846 2162
1845 2162
1844 2162
1843 2163
1842 2163
1841 2163
1840 2163
1839 2164
1838 2164
1837 2165
1836 2165
1835 2166
1834 2166
1833 2167
1832 2168
1831 2168
1830 2169
1829 2169
1828 2170
1827 2170
1826 2171
1825 2172
1824 2172
1823 2173
1822 2174
1821 2174
1820 2175
1819 2176
1818 2177
1817 2178
1816 2179
1815 2179
1814 2179
1813 2179
1812 2180
1811 2180
1810 2181
1809 2181
1808 2182
1807 2183
1806 2183
1805 2184
1804 2185
1803 2186
1802 2186
1801 2186
1800 2187
1799 2187
1798 2188
1797 2189
1796 2189
1795 2190
1794 2191
1793 2192
1792 2192
1791 2193
1790 2193
1789 2194
1788 2195
1787 2195
1786 2196
1785 2196
1784 2197
1783 2197
1782 2198
1781 2198
1780 2199
1779 2199
1778 2200
1777 2200
1776 2201
1775 2201
1774 2201
1773 2202
1772 2202
1771 2202
1770 2203
1769 2203
1768 2204
1767 2205
1766 2206
1765 2206
1764 2207
1763 2207
1762 2208
1761 2208
1760 2208
1759 2209
1758 2209
1757 2210
1756 2211
1755 2212
1754 2212
1753 2213
1752 2213
1751 2214
1750 2215
1749 2215
1748 2216
1747 2216
1746 2217
1745 2217
1744 2218
1743 2218
1742 2219
1741 2219
1740 2220
1739 2221
1738 2221
1737 2222
1736 2222
1735 2223
1734 2223
1733 2224
1732 2225
1731 2225
1730 2226
1729 2226
1728 2227
1727 2228
1726 2229
1725 2230
1724 2230
1723 2231
1722 2231
1721 2232
1720 2232
1719 2233
1718 2234
1717 2235
1716 2235
1715 2236
1714 2237
1713 2237
1712 2238
1711 2238
1710 2239
1709 2239
1708 2240
1707 2240
1706 2241
1705 2241
1704 2242
1703 2242
1702 2243
1701 2243
1700 2244
1699 2245
1698 2245
1697 2245
1696 2246
1695 2246
1694 2246
1693 2246
1692 2246
1691 2247
1690 2247
1689 2247
1688 2247
1687 2248
1686 2249
1685 2249
1684 2250
1683 2250
1682 2250
1681 2250
1680 2250
1679 2250
1678 2250
1677 2250
1676 2251
1675 2251
1674 2251
1673 2251
1672 2251
1671 2251
1670 2252
1669 2252
1668 2252
1667 2252
1666 2253
1665 2253
1664 2254
1663 2255
1662 2255
1661 2255
1660 2256
1659 2256
1658 2257
1657 2257
1656 2257
1655 2257
1654 2258
1653 2258
1652 2259
1651 2259
1650 2259
1649 2260
1648 2260
1647 2261
1646 2261
1645 2261
1644 2261
1643 2261
1642 2261
1641 2261
1640 2261
1639 2261
1638 2261
1637 2261
1636 2261
1635 2261
1634 2262
1633 2262
1632 2262
1631 2262
1630 2262
1629 2263
1628 2263
1627 2264
1626 2264
1625 2264
1624 2264
1623 2265
1622 2265
1621 2265
1620 2265
1619 2266
1618 2266
1617 2266
1616 2266
1615 2266
1614 2266
1613 2266
1612 2266
1611 2266
1610 2266
1609 2266
1608 2266
1607 2267
1606 2267
1605 2267
1604 2267
1603 2267
1602 2268
1601 2268
1600 2268
1599 2269
1598 2269
1597 2269
1596 2270
1595 2270
1594 2270
1593 2270
1592 2270
1591 2271
1590 2271
1589 2271
1588 2271
1587 2271
1586 2271
1585 2272
1584 2272
1583 2272
1582 2272
1581 2273
1580 2273
1579 2273
1578 2274
1577 2274
1576 2275
1575 2275
1574 2275
1573 2276
1572 2276
1571 2276
1570 2276
1569 2276
1568 2276
1567 2277
1566 2277
1565 2277
1564 2278
1563 2278
1562 2279
1561 2279
1560 2279
1559 2280
1558 2280
1557 2281
1556 2281
1555 2281
1554 2281
1553 2281
1552 2281
1551 2281
1550 2281
1549 2281
1548 2282
1547 2282
1546 2282
1545 2282
1544 2283
1543 2283
1542 2284
1541 2284
1540 2285
1539 2285
1538 2285
1537 2285
1536 2285
1535 2285
1534 2285
1533 2285
1532 2285
1531 2285
1530 2285
1529 2286
1528 2286
1527 2286
1526 2286
1525 2286
1524 2286
1523 2286
1522 2286
1521 2286
1520 2286
1519 2286
1518 2287
1517 2287
1516 2287
1515 2287
1514 2287
1513 2288
1512 2288
1511 2288
1510 2288
1509 2289
1508 2289
1507 2289
1506 2290
1505 2290
1504 2290
1503 2290
1502 2290
1501 2290
1500 2290
1499 2290
1498 2290
1497 2291
1496 2291
1495 2291
1494 2291
1493 2291
1492 2292
1491 2292
1490 2293
1489 2293
1488 2293
1487 2294
1486 2294
1485 2295
1484 2295
1483 2295
1482 2295
1481 2295
1480 2295
1479 2295
1478 2295
1477 2295
1476 2295
1475 2295
1474 2295
1473 2295
1472 2295
1471 2295
1470 2296
1469 2296
1468 2296
1467 2296
1466 2296
1465 2297
1464 2297
1463 2297
1462 2298
1461 2298
1460 2299
1459 2299
1458 2300
1457 2300
1456 2300
1455 2301
1454 2301
1453 2301
1452 2301
1451 2302
1450 2302
1449 2302
1448 2302
1447 2303
1446 2303
1445 2303
1444 2303
1443 2304
1442 2305
1441 2305
1440 2305
1439 2306
1438 2306
1437 2306
1436 2307
1435 2307
1434 2307
1433 2307
1432 2308
1431 2308
1430 2309
1429 2309
1428 2310
1427 2310
1426 2311
1425 2312
1424 2312
1423 2313
1422 2313
1421 2313
1420 2314
1419 2314
1418 2314
1417 2315
1416 2315
1415 2316
1414 2317
1413 2317
1412 2318
1411 2318
1410 2319
1409 2319
1408 2319
1407 2319
1406 2320
1405 2320
1404 2321
1403 2322
1402 2322
1401 2323
1400 2323
1399 2324
1398 2325
1397 2325
1396 2326
1395 2327
1394 2328
1393 2329
1392 2329
1391 2330
1390 2330
1389 2330
1388 2330
1387 2331
1386 2331
1385 2332
1384 2333
1383 2333
1382 2334
1381 2334
1380 2335
1379 2335
1378 2336
1377 2336
1376 2337
1375 2337
1374 2337
1373 2338
1372 2339
1371 2339
1370 2339
1369 2340
1368 2341
1367 2341
1366 2342
1365 2343
1364 2344
1363 2345
1362 2346
1361 2346
1360 2347
1359 2348
1358 2349
1357 2349
1356 2350
1355 2351
1354 2351
1353 2351
1352 2352
1351 2352
1350 2352
1349 2352
1348 2353
1347 2353
1346 2354
1345 2354
1344 2355
1343 2355
1342 2356
1341 2356
1340 2357
1339 2357
1338 2357
1337 2358
1336 2358
1335 2358
1334 2358
1333 2359
1332 2359
1331 2360
1330 2361
1329 2361
1328 2362
1327 2362
1326 2363
1325 2363
1324 2363
1323 2364
1322 2364
1321 2364
1320 2365
1319 2365
1318 2366
1317 2367
1316 2368
1315 2368
1314 2369
1313 2370
1312 2371
1311 2372
1310 2372
1309 2372
1308 2373
1307 2373
1306 2373
1305 2373
1304 2373
1303 2373
1302 2374
1301 2374
1300 2375
1299 2375
1298 2375
1297 2376
1296 2377
1295 2377
1294 2378
1293 2379
1292 2379
1291 2380
1290 2380
1289 2381
1288 2381
1287 2382
1286 2382
1285 2383
1284 2384
1283 2384
1282 2384
1281 2385
1280 2386
1279 2386
1278 2387
1277 2388
1276 2388
1275 2389
1274 2390
1273 2390
1272 2390
1271 2391
1270 2391
1269 2391
1268 2391
1267 2392
1266 2393
1265 2393
1264 2393
1263 2394
1262 2394
1261 2394
1260 2394
1259 2394
1258 2394
1257 2394
1256 2395
1255 2395
1254 2395
1253 2395
1252 2395
1251 2396
1250 2396
1249 2396
1248 2397
1247 2397
1246 2397
1245 2398
1244 2398
1243 2399
1242 2399
1241 2399
1240 2399
1239 2399
1238 2400
1237 2400
1236 2400
1235 2400
1234 2401
1233 2401
1232 2401
1231 2401
1230 2402
1229 2402
1228 2403
1227 2403
1226 2403
1225 2403
1224 2404
1223 2404
1222 2404
1221 2404
1220 2404
1219 2404
1218 2404
1217 2404
1216 2404
1215 2404
1214 2404
1213 2404
1212 2405
1211 2405
1210 2405
1209 2405
1208 2405
1207 2406
1206 2406
1205 2406
1204 2407
1203 2407
1202 2408
1201 2408
1200 2408
1199 2409
1198 2409
1197 2410
1196 2410
1195 2410
1194 2411
1193 2411
1192 2411
1191 2411
1190 2412
1189 2412
1188 2412
1187 2413
1186 2413
1185 2413
1184 2414
1183 2414
1182 2414
1181 2414
1180 2414
1179 2414
1178 2414
1177 2414
1176 2414
1175 2414
1174 2415
1173 2415
1172 2415
1171 2415
1170 2415
1169 2415
1168 2416
1167 2416
1166 2416
1165 2416
1164 2417
1163 2417
1162 2417
1161 2417
1160 2418
1159 2418
1158 2419
1157 2419
1156 2420
1155 2420
1154 2420
1153 2420
1152 2420
1151 2420
1150 2420
1149 2420
1148 2420
1147 2420
1146 2420
1145 2420
1144 2421
1143 2421
1142 2421
1141 2421
1140 2422
1139 2422
1138 2423
1137 2423
1136 2423
1135 2424
1134 2424
1133 2424
1132 2424
1131 2424
1130 2424
1129 2424
1128 2424
1127 2424
1126 2424
1125 2424
1124 2424
1123 2424
1122 2424
1121 2425
1120 2425
1119 2425
1118 2425
1117 2425
1116 2425
1115 2426
1114 2426
1113 2426
1112 2426
1111 2427
1110 2427
1109 2427
1108 2428
1107 2428
1106 2429
1105 2429
1104 2430
1103 2430
1102 2430
1101 2431
1100 2431
1099 2432
1098 2432
1097 2432
1096 2432
1095 2433
1094 2433
1093 2433
1092 2433
1091 2434
1090 2434
1089 2434
1088 2434
1087 2434
1086 2434
1085 2434
1084 2434
1083 2434
1082 2434
1081 2434
1080 2434
1079 2434
1078 2434
1077 2434
1076 2434
1075 2434
1074 2434
1073 2434
1072 2434
1071 2434
1070 2434
1069 2434
1068 2434
1067 2434
1066 2434
1065 2434
1064 2435
1063 2435
1062 2435
1061 2435
1060 2436
1059 2436
1058 2436
1057 2437
1056 2437
1055 2437
1054 2438
1053 2438
1052 2438
1051 2438
1050 2439
1049 2439
1048 2439
1047 2439
1046 2439
1045 2439
1044 2439
1043 2439
1042 2439
1041 2439
1040 2439
1039 2439
1038 2439
1037 2439
1036 2439
1035 2439
1034 2440
1033 2440
1032 2440
1031 2440
1030 2440
1029 2441
1028 2441
1027 2441
1026 2442
1025 2442
1024 2442
1023 2442
1022 2443
1021 2443
1020 2443
1019 2443
1018 2444
1017 2444
1016 2444
1015 2444
1014 2444
1013 2444
1012 2444
1011 2445
1010 2445
1009 2445
1008 2446
1007 2446
1006 2447
1005 2447
1004 2448
1003 2448
1002 2449
1001 2449
1000 2449
999 2450
998 2450
997 2450
996 2450
995 2450
994 2451
993 2451
992 2451
991 2451
990 2451
989 2452
988 2452
987 2452
986 2452
985 2452
984 2453
983 2453
982 2453
981 2453
980 2453
979 2453
978 2453
977 2453
976 2453
975 2453
974 2453
973 2453
972 2453
971 2453
970 2453
969 2453
968 2453
967 2453
966 2453
965 2453
964 2453
963 2453
962 2453
961 2453
960 2454
959 2454
958 2454
957 2454
956 2454
955 2454
954 2454
953 2454
952 2454
951 2455
950 2455
949 2455
948 2455
947 2456
946 2456
945 2456
944 2457
943 2457
942 2457
941 2457
940 2457
939 2457
938 2457
937 2457
936 2457
935 2457
934 2457
933 2457
932 2457
931 2457
930 2457
929 2457
928 2457
927 2457
926 2457
925 2457
924 2457
923 2457
922 2457
921 2457
920 2457
919 2457
918 2457
917 2457
916 2457
915 2457
914 2457
913 2457
912 2457
911 2458
910 2458
909 2458
908 2458
907 2458
906 2458
905 2458
904 2458
903 2458
902 2459
901 2459
900 2459
899 2459
898 2460
897 2461
896 2461
895 2461
894 2462
893 2462
892 2462
891 2462
890 2462
889 2462
888 2462
887 2462
886 2462
885 2462
884 2462
883 2462
882 2462
881 2462
880 2462
879 2462
878 2462
877 2463
876 2463
875 2463
874 2463
873 2463
872 2464
871 2464
870 2465
869 2465
868 2465
867 2466
866 2466
865 2467
864 2467
863 2467
862 2467
861 2467
860 2467
859 2467
858 2467
857 2467
856 2467
855 2467
854 2467
853 2467
852 2467
851 2467
850 2468
849 2468
848 2468
847 2468
846 2469
845 2469
844 2470
843 2471
842 2472
841 2472
840 2472
839 2473
838 2473
837 2473
836 2473
835 2473
834 2473
833 2474
832 2474
831 2474
830 2474
829 2475
828 2475
827 2475
826 2476
825 2476
824 2476
823 2476
822 2476
821 2476
820 2476
819 2476
818 2476
817 2476
816 2476
815 2476
814 2476
813 2476
812 2476
811 2476
810 2476
809 2476
808 2476
807 2475
806 2475
805 2475
804 2475
803 2475
802 2475
801 2475
800 2475
799 2475
798 2475
797 2475
796 2475
795 2475
794 2475
793 2475
792 2475
791 2475
790 2475
789 2475
788 2475
787 2475
786 2475
785 2475
784 2474
783 2474
782 2474
781 2474
780 2474
779 2474
778 2474
777 2474
776 2474
775 2474
774 2474
773 2474
772 2474
771 2474
770 2474
769 2474
768 2474
767 2474
766 2474
765 2474
764 2474
763 2474
762 2474
761 2474
760 2473
759 2473
758 2473
757 2473
756 2473
755 2473
754 2473
753 2473
752 2473
751 2473
750 2473
749 2473
748 2473
747 2473
746 2473
745 2473
744 2473
743 2473
742 2473
741 2473
740 2473
739 2473
738 2473
737 2473
736 2473
735 2473
734 2473
733 2473
732 2473
731 2473
730 2473
729 2473
728 2473
727 2473
726 2473
725 2473
724 2473
723 2473
722 2473
721 2473
720 2473
719 2473
718 2473
717 2473
716 2473
715 2473
714 2473
713 2473
712 2473
711 2473
710 2473
709 2473
708 2473
707 2474
706 2474
705 2474
704 2474
703 2475
702 2475
701 2475
700 2476
699 2476
698 2476
697 2476
696 2477
695 2477
694 2477
693 2477
692 2477
691 2477
690 2477
689 2477
688 2477
687 2477
686 2477
685 2477
684 2477
683 2477
682 2477
681 2477
680 2477
679 2477
678 2478
677 2478
676 2478
675 2478
674 2478
673 2479
672 2479
671 2479
670 2480
669 2480
668 2481
667 2481
666 2482
665 2482
664 2482
663 2482
662 2482
661 2482
660 2482
659 2482
658 2482
657 2482
656 2482
655 2482
654 2482
653 2482
652 2482
651 2482
650 2482
649 2483
648 2483
647 2483
646 2483
645 2483
644 2483
643 2484
642 2484
641 2485
640 2485
639 2486
638 2486
637 2487
636 2487
635 2488
634 2488
633 2488
632 2488
631 2488
630 2489
629 2489
628 2489
627 2490
626 2490
625 2490
624 2491
625 2491
626 2491
627 2491
628 2491
629 2491
630 2491
631 2492
632 2492
633 2492
634 2492
635 2492
636 2492
637 2492
638 2492
639 2492
640 2492
641 2492
642 2492
643 2492
644 2492
645 2492
646 2492
647 2492
648 2492
649 2492
650 2492
651 2492
652 2492
653 2492
654 2493
655 2493
656 2493
657 2493
658 2493
659 2493
660 2493
661 2493
662 2493
663 2493
664 2493
665 2493
666 2493
667 2493
668 2493
669 2493
670 2493
671 2493
672 2493
673 2493
674 2493
675 2493
676 2493
677 2494
678 2494
679 2494
680 2494
681 2494
682 2494
683 2494
684 2494
685 2494
686 2494
687 2494
688 2494
689 2494
690 2494
691 2494
692 2494
693 2494
694 2494
695 2494
696 2494
697 2494
698 2494
699 2494
700 2495
701 2495
702 2495
703 2495
704 2495
705 2495
706 2495
707 2495
708 2495
709 2495
710 2495
711 2495
712 2495
713 2495
714 2495
715 2495
716 2495
717 2495
718 2495
719 2495
720 2495
721 2495
722 2495
723 2496
724 2496
725 2496
726 2496
727 2496
728 2496
729 2496
730 2496
731 2496
732 2496
733 2496
734 2496
735 2496
736 2496
737 2496
738 2496
739 2496
740 2496
741 2496
742 2496
743 2496
744 2496
745 2496
746 2497
747 2497
748 2497
749 2497
750 2497
751 2497
752 2497
753 2497
754 2497
755 2497
756 2497
757 2497
758 2497
759 2497
760 2497
761 2497
762 2497
763 2497
764 2497
765 2497
766 2497
767 2497
768 2497
769 2498
770 2498
771 2498
772 2498
773 2498
774 2498
775 2498
776 2498
777 2498
778 2498
779 2498
780 2498
781 2498
782 2498
783 2498
784 2498
785 2498
786 2498
787 2498
788 2498
789 2498
790 2498
791 2498
792 2499
793 2499
794 2499
795 2499
796 2499
797 2499
798 2499
799 2499
800 2499
801 2499
802 2499
803 2499
804 2499
805 2499
806 2499
807 2499
808 2499
809 2499
810 2499
811 2499
812 2499
813 2499
814 2499
815 2500
816 2500
817 2500
818 2500
819 2500
820 2500
821 2500
822 2500
823 2500
824 2500
825 2500
826 2500
827 2500
828 2500
829 2500
830 2500
831 2500
832 2500
833 2500
834 2500
835 2500
836 2500
837 2500
838 2501
839 2501
840 2501
841 2501
842 2501
843 2501
844 2501
845 2501
846 2501
847 2501
848 2501
849 2501
850 2501
851 2501
852 2501
853 2501
854 2501
855 2501
856 2501
857 2501
858 2501
859 2501
860 2501
861 2502
862 2502
863 2502
864 2502
865 2502
866 2502
867 2502
868 2502
869 2502
870 2502
871 2502
872 2502
873 2502
874 2502
875 2502
876 2502
877 2502
878 2502
879 2502
880 2502
881 2502
882 2502
883 2502
884 2502
885 2503
886 2503
887 2503
888 2503
889 2503
890 2503
891 2503
892 2503
893 2503
894 2503
895 2503
896 2503
897 2503
898 2503
899 2503
900 2503
901 2503
902 2503
903 2503
904 2503
905 2503
906 2504
907 2504
908 2504
909 2504
910 2504
911 2504
912 2504
913 2504
914 2504
915 2504
916 2504
917 2504
918 2504
919 2504
920 2504
921 2504
922 2504
923 2505
924 2505
925 2505
926 2505
927 2505
928 2505
929 2505
930 2505
931 2505
932 2505
933 2506
934 2506
935 2506
936 2506
937 2506
938 2506
939 2506
940 2507
941 2507
942 2507
943 2507
944 2508
945 2508
946 2508
947 2508
948 2509
949 2509
950 2509
951 2510
952 2510
953 2510
954 2511
955 2511
956 2511
957 2512
958 2512
959 2512
960 2512
961 2513
962 2513
963 2513
964 2513
965 2513
966 2513
967 2513
968 2513
969 2513
970 2514
971 2514
972 2514
973 2514
974 2514
975 2514
976 2514
977 2515
978 2515
979 2515
980 2515
981 2515
982 2515
983 2516
984 2516
985 2516
986 2516
987 2517
988 2517
989 2517
990 2518
991 2518
992 2518
993 2518
994 2519
995 2519
996 2519
997 2519
998 2519
999 2520
1000 2520
1001 2520
1002 2520
1003 2520
1004 2520
1005 2520
1006 2520
1007 2520
1008 2520
1009 2520
1010 2520
1011 2520
1012 2520
1013 2520
1014 2520
1015 2520
1016 2520
1017 2520
1018 2520
1019 2520
1020 2521
1021 2521
1022 2521
1023 2521
1024 2521
1025 2521
1026 2521
1027 2521
1028 2521
1029 2521
1030 2521
1031 2521
1032 2521
1033 2521
1034 2521
1035 2521
1036 2521
1037 2521
1038 2521
1039 2521
1040 2521
1041 2521
1042 2521
1043 2522
1044 2522
1045 2522
1046 2522
1047 2522
1048 2522
1049 2522
1050 2522
1051 2522
1052 2522
1053 2522
1054 2522
1055 2522
1056 2522
1057 2522
1058 2522
1059 2522
1060 2522
1061 2522
1062 2522
1063 2522
1064 2522
1065 2522
1066 2523
1067 2523
1068 2523
1069 2523
1070 2523
1071 2523
1072 2523
1073 2523
1074 2523
1075 2523
1076 2523
1077 2523
1078 2523
1079 2523
1080 2523
1081 2523
1082 2523
1083 2523
1084 2523
1085 2523
1086 2523
1087 2523
1088 2523
1089 2524
1090 2524
1091 2524
1092 2524
1093 2524
1094 2524
1095 2524
1096 2524
1097 2524
1098 2524
1099 2524
1100 2524
1101 2524
1102 2524
1103 2524
1104 2524
1105 2524
1106 2524
1107 2524
1108 2524
1109 2524
1110 2524
1111 2524
1112 2525
1113 2525
1114 2525
1115 2525
1116 2525
1117 2525
1118 2525
1119 2525
1120 2525
1121 2525
1122 2525
1123 2525
1124 2525
1125 2525
1126 2525
1127 2525
1128 2525
1129 2525
1130 2525
1131 2525
1132 2525
1133 2525
1134 2525
1135 2525
1136 2525
1137 2526
1138 2526
1139 2526
1140 2526
1141 2526
1142 2526
1143 2526
1144 2526
1145 2526
1146 2526
1147 2526
1148 2526
1149 2526
1150 2526
1151 2526
1152 2526
1153 2526
1154 2526
1155 2526
1156 2526
1157 2526
1158 2526
1159 2526
1160 2527
1161 2527
1162 2527
1163 2527
1164 2527
1165 2527
1166 2527
1167 2527
1168 2527
1169 2527
1170 2527
1171 2527
1172 2527
1173 2527
1174 2527
1175 2527
1176 2527
1177 2527
1178 2527
1179 2527
1180 2527
1181 2527
1182 2527
1183 2527
1184 2527
1185 2527
1186 2527
1187 2528
1188 2528
1189 2528
1190 2528
1191 2528
1192 2528
1193 2528
1194 2528
1195 2528
1196 2528
1197 2528
1198 2528
1199 2528
1200 2528
1201 2528
1202 2528
1203 2528
1204 2528
1205 2528
1206 2528
1207 2528
1208 2528
1209 2528
1210 2528
1211 2528
1212 2528
1213 2528
1214 2528
1215 2528
1216 2528
1217 2528
1218 2528
1219 2528
1220 2528
1221 2528
1222 2528
1223 2528
1224 2528
1225 2528
1226 2528
1227 2528
1228 2528
1229 2528
1230 2528
1231 2528
1232 2528
1233 2528
1234 2528
1235 2528
1236 2528
1237 2528
1238 2527
1239 2527
1240 2527
1241 2527
1242 2527
1243 2527
1244 2526
1245 2526
1246 2525
1247 2525
1248 2525
1249 2524
1250 2524
1251 2524
1252 2524
1253 2524
1254 2524
1255 2524
1256 2524
1257 2524
1258 2524
1259 2524
1260 2524
1261 2524
1262 2523
1263 2523
1264 2523
1265 2523
1266 2523
1267 2523
1268 2523
1269 2522
1270 2522
1271 2522
1272 2521
1273 2521
1274 2520
1275 2520
1276 2519
1277 2519
1278 2520
1279 2520
1280 2520
1281 2520
1282 2520
1283 2520
1284 2520
1285 2520
1286 2520
1287 2520
1288 2520
1289 2520
1290 2520
1291 2520
1292 2520
1293 2520
1294 2520
1295 2519
1296 2519
1297 2519
1298 2519
1299 2519
1300 2519
1301 2519
1302 2519
1303 2519
1304 2519
1305 2519
1306 2519
1307 2519
1308 2518
1309 2518
1310 2518
1311 2518
1312 2518
1313 2518
1314 2518
1315 2517
1316 2517
1317 2517
1318 2517
1319 2517
1320 2516
1321 2516
1322 2516
1323 2516
1324 2516
1325 2515
1326 2515
1327 2516
1328 2516
1329 2516
1330 2516
1331 2516
1332 2516
1333 2516
1334 2516
1335 2516
1336 2516
1337 2516
1338 2516
1339 2516
1340 2516
1341 2516
1342 2516
1343 2515
1344 2515
1345 2515
1346 2515
1347 2515
1348 2515
1349 2515
1350 2515
1351 2515
1352 2515
1353 2514
1354 2514
1355 2514
1356 2514
1357 2514
1358 2513
1359 2513
1360 2513
1361 2513
1362 2512
1363 2512
1364 2512
1365 2511
1366 2511
1367 2511
1368 2510
1369 2510
1370 2510
1371 2509
1372 2509
1373 2509
1374 2508
1375 2508
1376 2508
1377 2508
1378 2508
1379 2508
1380 2507
1381 2507
1382 2507
1383 2507
1384 2507
1385 2506
1386 2506
1387 2506
1388 2506
1389 2506
1390 2505
1391 2505
1392 2505
1393 2505
1394 2505
1395 2504
1396 2504
1397 2504
1398 2504
1399 2504
1400 2504
1401 2504
1402 2504
1403 2503
1404 2503
1405 2503
1406 2503
1407 2503
1408 2502
1409 2502
1410 2502
1411 2502
1412 2501
1413 2501
1414 2501
1415 2501
1416 2501
1417 2500
1418 2500
1419 2500
1420 2500
1421 2500
1422 2500
1423 2500
1424 2500
1425 2499
1426 2499
1427 2499
1428 2498
1429 2498
1430 2497
1431 2497
1432 2496
1433 2496
1434 2496
1435 2496
1436 2496
1437 2496
1438 2496
1439 2496
1440 2496
1441 2496
1442 2496
1443 2495
1444 2495
1445 2495
1446 2495
1447 2495
1448 2494
1449 2494
1450 2493
1451 2493
1452 2492
1453 2491
1454 2490
1455 2490
1456 2489
1457 2489
1458 2489
1459 2489
1460 2488
1461 2488
1462 2488
1463 2487
1464 2487
1465 2487
1466 2487
1467 2486
1468 2486
1469 2486
1470 2486
1471 2486
1472 2486
1473 2486
1474 2486
1475 2486
1476 2486
1477 2486
1478 2486
1479 2486
1480 2486
1481 2486
1482 2487
1483 2487
1484 2487
1485 2487
1486 2487
1487 2487
1488 2487
1489 2487
1490 2487
1491 2487
1492 2487
1493 2487
1494 2487
1495 2487
1496 2487
1497 2487
1498 2487
1499 2487
1500 2487
1501 2487
1502 2487
1503 2487
1504 2487
1505 2488
1506 2488
1507 2488
1508 2488
1509 2488
1510 2488
1511 2488
1512 2488
1513 2488
1514 2488
1515 2488
1516 2488
1517 2488
1518 2488
1519 2488
1520 2488
1521 2488
1522 2488
1523 2488
1524 2488
1525 2488
1526 2488
1527 2488
1528 2488
1529 2488
1530 2488
1531 2489
1532 2489
1533 2489
1534 2489
1535 2489
1536 2489
1537 2489
1538 2489
1539 2489
1540 2489
1541 2489
1542 2489
1543 2489
1544 2489
1545 2489
1546 2489
1547 2489
1548 2489
1549 2489
1550 2489
1551 2489
1552 2489
1553 2489
1554 2490
1555 2490
1556 2490
1557 2490
1558 2490
1559 2490
1560 2490
1561 2490
1562 2490
1563 2490
1564 2490
1565 2490
1566 2490
1567 2490
1568 2490
1569 2490
1570 2490
1571 2490
1572 2490
1573 2490
1574 2490
1575 2490
1576 2490
1577 2490
1578 2491
1579 2491
1580 2491
1581 2491
1582 2491
1583 2491
1584 2491
1585 2491
1586 2491
1587 2491
1588 2491
1589 2491
1590 2491
1591 2491
1592 2491
1593 2491
1594 2491
1595 2491
1596 2491
1597 2491
1598 2491
1599 2491
1600 2491
1601 2491
1602 2491
1603 2491
1604 2491
1605 2491
1606 2491
1607 2490
1608 2490
1609 2490
1610 2490
1611 2490
1612 2490
1613 2490
1614 2489
1615 2489
1616 2489
1617 2488
1618 2487
1619 2487
1620 2486
1621 2485
1622 2485
1623 2485
1624 2484
1625 2484
1626 2484
1627 2483
1628 2483
1629 2483
1630 2483
1631 2482
1632 2482
1633 2481
1634 2480
1635 2480
1636 2479
1637 2478
1638 2478
1639 2477
1640 2476
1641 2476
1642 2475
1643 2475
1644 2474
1645 2474
1646 2473
1647 2473
1648 2473
1649 2473
1650 2473
1651 2472
1652 2472
1653 2471
1654 2470
1655 2470
1656 2469
1657 2468
1658 2467
1659 2466
1660 2465
1661 2465
1662 2464
1663 2463
1664 2463
1665 2463
1666 2463
1667 2463
1668 2463
1669 2463
1670 2463
1671 2462
1672 2462
1673 2462
1674 2461
1675 2461
1676 2461
1677 2460
1678 2460
1679 2460
1680 2460
1681 2459
1682 2459
1683 2459
1684 2459
1685 2459
1686 2459
1687 2459
1688 2459
1689 2459
1690 2459
1691 2460
1692 2460
1693 2460
1694 2460
1695 2460
1696 2460
1697 2460
1698 2460
1699 2460
1700 2460
1701 2460
1702 2460
1703 2460
1704 2460
1705 2460
1706 2461
1707 2461
1708 2461
1709 2461
1710 2461
1711 2461
1712 2461
1713 2461
1714 2461
1715 2461
1716 2461
1717 2461
1718 2461
1719 2461
1720 2462
1721 2462
1722 2462
1723 2462
1724 2462
1725 2462
1726 2462
1727 2462
1728 2463
1729 2463
1730 2463
1731 2463
1732 2463
1733 2463
1734 2463
1735 2463
1736 2463
1737 2464
1738 2464
1739 2464
1740 2464
1741 2464
1742 2465
1743 2465
1744 2465
1745 2465
1746 2466
1747 2466
1748 2466
1749 2467
1750 2467
1751 2467
1752 2467
1753 2468
1754 2468
1755 2468
1756 2469
1757 2469
1758 2469
1759 2470
1760 2470
1761 2470
1762 2471
1763 2471
1764 2471
1765 2472
1766 2472
1767 2472
1768 2473
1769 2473
1770 2474
1771 2474
1772 2474
1773 2474
1774 2475
1775 2475
1776 2475
1777 2475
1778 2476
1779 2476
1780 2476
1781 2476
1782 2476
1783 2477
1784 2477
1785 2477
1786 2477
1787 2478
1788 2478
1789 2478
1790 2478
1791 2478
1792 2479
1793 2479
1794 2479
1795 2479
1796 2479
1797 2480
1798 2480
1799 2480
1800 2480
1801 2480
1802 2481
1803 2481
1804 2481
1805 2481
1806 2481
1807 2482
1808 2482
1809 2482
1810 2482
1811 2483
1812 2483
1813 2483
1814 2483
1815 2483
1816 2483
1817 2483
1818 2483
1819 2483
1820 2483
1821 2484
1822 2484
1823 2484
1824 2484
1825 2484
1826 2484
1827 2484
1828 2484
1829 2484
1830 2484
1831 2484
1832 2484
1833 2485
1834 2485
1835 2485
1836 2485
1837 2485
1838 2486
1839 2486
1840 2487
1841 2487
1842 2487
1843 2488
1844 2488
1845 2489
1846 2489
1847 2490
1848 2491
1849 2491
1850 2492
1851 2492
1852 2492
1853 2492
1854 2493
1855 2493
1856 2493
1857 2494
1858 2494
1859 2495
1860 2496
1861 2497
1862 2498
1862 2499
1863 2499
1864 2500
1865 2500
1866 2500
1867 2501
1868 2501
1869 2502
1870 2502
1871 2503
1872 2504
1873 2504
1874 2505
1875 2506
1876 2506
1877 2507
1878 2508
1879 2508
1880 2509
1881 2509
1882 2510
1883 2511
1884 2512
1885 2512
1886 2513
1887 2514
1888 2515
1889 2516
1890 2516
1891 2517
1892 2518
1893 2518
1894 2519
1895 2519
1896 2520
1897 2521
1898 2521
1899 2522
1900 2523
1901 2523
1902 2524
1903 2525
1904 2525
1905 2526
1906 2527
1907 2527
1908 2528
1909 2529
1910 2530
1911 2531
1912 2531
1913 2532
1914 2533
1915 2534
1916 2535
1917 2535
1918 2536
1919 2537
1920 2537
1921 2538
1922 2538
1923 2539
1924 2539
1925 2539
1926 2540
1927 2540
1928 2541
1929 2542
1930 2543
1931 2544
1932 2544
1933 2545
1934 2546
1935 2546
1936 2547
1937 2548
1938 2549
1939 2550
1940 2550
1941 2551
1942 2551
1943 2551
1944 2552
1945 2552
1946 2553
1947 2553
1948 2554
1949 2555
1950 2556
1951 2557
1952 2558
1953 2559
1954 2559
1955 2560
1956 2560
1957 2561
1958 2561
1959 2562
1960 2562
1961 2563
1962 2563
1963 2564
1964 2564
1965 2564
1966 2564
1967 2564
1968 2564
1969 2565
1970 2565
1971 2565
1972 2565
1973 2566
1974 2566
1975 2566
1976 2567
1977 2567
1978 2567
1979 2567
1980 2568
1981 2568
1982 2568
1983 2568
1984 2569
1985 2569
1986 2569
1987 2569
1988 2569
1989 2569
1990 2569
1991 2569
1992 2570
1993 2570
1994 2570
1995 2570
1996 2570
1997 2570
1998 2570
1999 2571
2000 2571
2001 2571
2002 2571
2003 2572
2004 2572
2005 2572
2006 2573
2007 2573
2008 2574
2009 2575
2010 2575
2011 2576
2012 2576
2013 2576
2014 2576
2015 2576
2016 2576
2017 2576
2018 2577
2019 2577
2020 2577
2021 2577
2022 2577
2023 2577
2024 2578
2025 2578
2026 2578
2027 2578
2028 2579
2029 2579
2030 2579
2031 2580
2032 2580
2033 2581
2034 2581
2035 2582
2036 2583
2037 2583
2038 2584
2039 2584
2040 2585
2041 2585
2042 2585
2043 2585
2044 2586
2045 2586
2046 2586
2047 2587
2048 2587
2049 2587
2050 2588
2051 2588
2052 2588
2053 2589
2054 2589
2055 2590
2056 2590
2057 2590
2058 2590
2059 2591
2060 2591
2061 2591
2062 2592
2063 2592
2064 2592
2065 2593
2066 2593
2067 2593
2068 2594
2069 2594
2070 2594
2071 2594
2072 2595
2073 2595
2074 2595
2075 2596
2076 2596
2077 2596
2078 2596
2079 2597
2080 2597
2081 2597
2082 2598
2083 2598
2084 2599
2085 2599
2086 2599
2087 2600
2088 2600
2089 2601
2090 2601
2091 2601
2092 2602
2093 2602
2094 2603
2095 2603
2096 2604
2097 2604
2098 2605
2099 2606
2100 2606
2101 2607
2102 2608
2103 2609
2104 2610
2105 2611
2105 2612
2106 2613
2106 2614
2106 2615
2106 2616
2107 2617
2107 2618
2108 2618
2109 2619
2110 2620
2111 2621
2112 2621
2113 2622
2114 2623
2114 2624
2115 2625
2115 2626
2116 2627
2117 2628
2117 2629
2118 2630
2119 2630
2120 2631
2121 2632
2122 2633
2123 2634
2124 2635
2125 2636
2125 2637
2126 2638
2126 2639
2126 2640
2127 2641
2127 2642
2128 2643
2128 2644
2129 2645
2130 2646
2130 2647
2131 2648
2132 2649
2132 2650
2133 2651
2134 2652
2134 2653
2135 2654
2136 2655
2137 2656
2138 2657
2139 2657
2140 2658
2141 2659
2142 2659
2143 2660
2144 2661
2145 2662
2146 2662
2147 2663
2148 2664
2149 2665
2150 2666
2151 2666
2152 2667
2153 2667
2154 2667
2155 2668
2156 2668
2157 2668
2158 2668
2159 2669
2160 2669
2161 2669
2162 2669
2163 2670
2164 2670
2165 2670
2166 2671
2167 2671
2168 2672
2169 2672
2170 2672
2171 2673
2172 2673
2173 2673
2174 2674
2175 2674
2176 2674
2177 2674
2178 2674
2179 2674
2180 2675
2181 2675
2182 2675
2183 2676
2184 2677
2185 2678
2186 2679
2186 2680
2187 2681
2188 2682
2189 2683
2190 2684
2191 2685
2192 2686
2193 2687
2194 2688
2195 2689
2196 2690
2197 2691
2198 2692
2199 2693
2200 2694
2201 2694
2202 2695
2203 2696
2204 2696
2205 2697
2206 2698
2207 2698
2208 2699
2209 2700
2210 2701
2211 2701
2212 2702
2213 2703
2214 2704
2215 2704
2216 2705
2217 2706
2218 2707
2219 2708
2220 2709
2221 2710
2222 2711
2223 2711
2224 2712
2225 2713
2226 2714
2227 2715
2228 2716
2229 2717
2230 2717
2231 2718
2232 2719
2233 2719
2234 2720
2235 2720
2236 2720
2237 2720
2238 2721
2239 2721
2240 2722
2241 2722
2242 2723
2243 2723
2244 2724
2245 2725
2246 2725
2247 2726
2248 2726
2249 2726
2250 2726
2251 2727
2252 2727
2253 2727
2254 2728
2255 2728
2256 2728
2257 2729
2258 2729
2259 2729
2260 2730
2261 2731
2262 2732
2263 2732
2264 2733
2265 2734
2266 2735
2267 2735
2268 2736
2269 2736
2270 2737
2271 2737
2272 2738
2273 2738
2274 2738
2275 2738
2276 2738
2277 2738
2278 2738
2279 2738
2280 2738
2281 2738
2282 2738
2283 2738
2284 2738
2285 2738
2286 2739
2287 2739
2288 2739
2289 2739
2290 2739
2291 2739
2292 2740
2293 2740
2294 2740
2295 2740
2296 2741
2297 2741
2298 2742
2299 2742
2300 2742
2301 2743
2302 2743
2303 2744
2304 2745
2305 2745
2306 2746
2307 2747
2308 2747
2309 2748
2310 2749
2311 2750
2312 2751
2313 2751
2314 2752
2315 2753
2316 2753
2317 2754
2318 2754
2319 2755
2320 2755
2321 2756
2322 2756
2323 2757
2324 2757
2325 2758
2326 2758
2327 2758
2328 2759
2329 2759
2330 2759
2331 2760
2332 2760
2333 2760
2334 2761
2335 2761
2336 2761
2337 2762
2338 2762
2339 2762
2340 2763
2341 2763
2342 2763
2343 2764
2344 2764
2345 2764
2346 2765
2347 2765
2348 2765
2349 2766
2350 2766
2351 2766
2352 2766
2353 2766
2354 2766
2355 2767
2356 2767
2357 2767
2358 2768
2359 2768
2360 2768
2361 2769
2362 2769
2363 2770
2364 2770
2365 2771
2366 2771
2367 2772
2368 2772
2369 2773
2370 2773
2371 2773
2372 2774
2373 2774
2374 2774
2375 2774
2376 2775
2377 2775
2378 2775
2379 2776
2380 2776
2381 2777
2382 2778
2383 2778
2384 2779
2385 2779
2386 2779
2387 2780
2388 2780
2389 2780
2390 2780
2391 2780
2392 2780
2393 2780
2394 2780
2395 2781
2396 2781
2397 2781
2398 2781
2399 2782
2400 2782
2401 2782
2402 2783
2403 2783
2404 2784
2405 2785
2406 2785
2407 2786
2408 2786
2409 2786
2410 2786
2411 2786
2412 2786
2413 2786
2414 2786
2415 2786
2416 2786
2417 2786
2418 2786
2419 2786
2420 2786
2421 2786
2422 2787
2423 2787
2424 2787
2425 2787
2426 2787
2427 2787
2428 2787
2429 2787
2430 2788
2431 2788
2432 2788
2433 2788
2434 2788
2435 2788
2436 2789
2437 2790
2438 2791
2439 2792
2439 2793
2440 2794
2441 2794
2442 2795
2443 2796
2444 2796
2445 2797
2446 2797
2447 2798
2448 2798
2449 2799
2450 2799
2451 2800
2452 2800
2453 2801
2454 2801
2455 2802
2456 2802
2457 2803
2458 2803
2459 2804
2460 2805
2461 2805
2462 2806
2463 2806
2464 2807
2465 2807
2466 2808
2467 2808
2468 2809
2469 2809
2470 2810
2471 2810
2472 2811
2473 2811
2474 2812
2475 2812
2476 2813
2477 2813
2478 2814
2479 2814
2480 2815
2481 2815
2482 2816
2483 2816
2484 2817
2485 2818
2486 2818
2487 2819
2488 2820
2489 2820
2490 2821
2491 2821
2492 2822
2493 2822
2494 2823
2495 2823
2496 2824
2497 2825
2498 2825
2499 2826
2500 2826
2501 2827
2502 2827
2503 2828
2504 2828
2505 2829
2506 2829
2507 2830
2508 2830
2509 2831
2510 2831
2511 2832
2512 2832
2513 2833
2514 2833
2515 2833
2516 2834
2517 2834
2518 2835
2519 2835
2520 2836
2521 2836
2522 2837
2523 2837
2524 2838
2525 2838
2526 2839
2527 2839
2528 2840
2529 2840
2530 2840
2531 2841
2532 2842
2533 2842
2534 2843
2535 2843
2536 2844
2537 2845
2538 2845
2539 2845
2540 2846
2541 2846
2542 2847
2543 2847
2544 2847
2545 2847
2546 2847
2547 2848
2548 2848
2549 2848
2550 2848
2551 2849
2552 2849
2553 2849
2554 2849
2555 2850
2556 2850
2557 2851
2558 2851
2559 2852
2560 2852
2561 2853
2562 2853
2563 2853
2564 2853
2565 2853
2566 2854
2567 2854
2568 2854
2569 2854
2570 2854
2571 2854
2572 2854
2573 2855
2574 2855
2575 2855
2576 2855
2577 2856
2578 2856
2579 2857
2580 2858
2581 2859
2582 2860
2583 2861
2584 2862
2585 2863
2586 2864
2587 2864
2588 2865
2589 2866
2590 2866
2591 2867
2592 2867
2593 2867
2594 2868
2595 2868
2596 2868
2597 2868
2598 2868
2599 2869
2600 2869
2601 2870
2602 2870
2603 2871
2604 2871
2605 2872
2606 2873
2607 2874
2608 2875
2609 2876
2610 2876
2611 2877
2612 2878
2613 2878
2614 2879
2614 2880
2615 2881
2616 2882
2617 2883
2618 2884
2619 2885
2620 2886
2621 2887
2621 2888
2622 2889
2622 2890
2623 2891
2623 2892
2624 2893
2624 2894
2624 2895
2625 2896
2626 2897
2627 2898
2627 2899
2628 2900
2629 2901
2630 2902
2630 2903
2631 2904
2632 2905
2632 2906
2633 2907
2634 2908
2634 2909
2635 2910
2636 2911
2636 2912
2637 2913
2638 2914
2638 2915
2639 2916
2639 2917
2640 2918
2640 2919
2641 2920
2641 2921
2642 2922
2642 2923
2643 2924
2643 2925
2644 2926
2644 2927
2645 2928
2645 2929
2646 2930
2646 2931
2647 2932
2647 2933
2648 2934
2648 2935
2649 2936
2650 2937
2650 2938
2651 2939
2651 2940
2651 2941
2652 2942
2653 2942
2654 2943
2655 2943
2656 2944
2657 2944
2658 2945
2659 2945
2660 2946
2661 2947
2662 2948
2663 2949
2664 2950
2665 2951
2666 2952
2667 2953
2668 2954
2669 2955
2670 2956
2671 2957
2672 2958
2673 2959
2674 2960
2675 2961
2676 2962
2677 2963
2678 2964
2679 2964
2680 2965
2681 2966
2682 2967
2683 2968
2684 2969
2685 2970
2686 2971
2687 2972
2688 2973
2688 2974
2689 2975
2689 2976
2690 2977
2691 2978
2691 2979
2692 2980
2693 2981
2694 2982
2695 2983
2696 2984
2696 2985
2697 2986
2698 2987
2698 2988
2699 2989
2700 2990
2701 2991
2702 2992
2702 2993
2703 2994
2704 2995
2705 2996
2706 2996
2707 2997
2708 2998
2709 2999
2710 3000
2711 3000
2712 3001
2713 3001
2714 3002
2715 3003
2716 3003
2717 3004
2718 3005
2719 3005
2720 3006
2721 3006
2722 3007
2723 3008
2724 3008
2725 3008
2726 3009
2727 3009
2728 3010
2729 3011
2730 3011
2731 3012
2732 3012
2733 3013
2734 3014
2735 3014
2736 3015
2737 3016
2738 3016
2739 3017
2740 3018
2741 3019
2742 3019
2743 3020
2744 3021
2745 3021
2746 3022
2747 3022
2748 3023
2749 3023
2750 3024
2751 3024
2752 3025
2753 3026
2754 3026
2755 3027
2756 3027
2757 3028
2758 3029
2759 3030
2759 3031
2760 3032
2761 3032
2762 3033
2763 3033
2764 3034
2765 3034
2766 3035
2767 3036
2768 3037
2769 3038
2769 3039
2770 3040
2771 3041
2772 3041
2773 3042
2774 3043
2775 3044
2776 3044
2777 3045
2778 3046
2779 3047
2780 3047
2781 3048
2782 3048
2783 3049
2784 3050
2785 3051
2786 3051
2787 3052
2788 3053
2789 3053
2790 3054
2791 3055
2792 3056
2793 3057
2794 3057
2795 3058
2796 3059
2797 3059
2798 3060
2799 3061
2800 3062
2801 3063
2802 3064
2803 3065
2803 3066
2804 3067
2805 3068
2806 3069
2807 3070
2807 3071
2808 3072
2809 3073
2810 3074
2811 3075
2812 3075
2813 3076
2814 3077
2815 3077
2816 3078
2817 3079
2818 3079
2819 3080
2820 3081
2821 3082
2822 3082
2823 3083
2824 3083
2825 3084
2826 3084
2827 3085
2828 3085
2829 3086
2830 3086
2831 3087
2832 3087
2833 3087
2834 3088
2835 3088
2836 3088
2837 3088
2838 3089
2839 3089
2840 3089
2841 3089
2842 3089
2843 3089
2844 3090
2845 3090
2846 3090
2847 3090
2848 3091
2849 3091
2850 3091
2851 3091
2852 3092
2853 3092
2854 3092
2855 3093
2856 3093
2857 3093
2858 3094
2859 3094
2860 3094
2861 3095
2862 3095
2863 3095
2864 3096
2865 3096
2866 3096
2867 3097
2868 3097
2869 3097
2870 3098
2871 3098
2872 3098
2873 3099
2874 3099
2875 3100
2876 3100
2877 3100
2878 3101
2879 3101
2880 3101
2881 3101
2882 3101
2883 3101
2884 3101
2885 3101
2886 3101
2887 3101
2888 3101
2889 3101
2890 3101
2891 3101
2892 3101
2893 3101
2894 3101
2895 3102
2896 3102
2897 3102
2898 3102
2899 3102
2900 3102
2901 3102
2902 3102
2903 3102
2904 3102
2905 3102
2906 3102
2907 3102
2908 3102
2909 3102
2910 3102
2911 3102
2912 3102
2913 3102
2914 3102
2915 3102
2916 3101
2917 3101
2918 3101
2919 3101
2920 3101
2921 3101
2922 3101
2923 3101
2924 3101
2925 3101
2926 3100
2927 3100
2928 3100
2929 3100
2930 3099
2931 3099
2932 3098
2933 3098
2934 3098
2935 3097
2936 3097
2937 3097
2938 3097
2939 3097
2940 3097
2941 3097
2942 3097
2943 3097
2944 3097
2945 3097
2946 3097
2947 3097
2948 3097
2949 3097
2950 3097
2951 3097
2952 3097
2953 3096
2954 3096
2955 3096
2956 3096
2957 3096
2958 3095
2959 3095
2960 3095
2961 3094
2962 3094
2963 3093
2964 3093
2965 3093
2966 3092
2967 3092
2968 3092
2969 3092
2970 3092
2971 3092
2972 3093
2973 3093
2974 3093
2975 3093
2976 3092
2977 3092
2978 3092
2979 3092
2980 3092
2981 3092
2982 3092
2983 3092
2984 3092
2985 3092
2986 3091
2987 3091
2988 3091
2989 3091
2990 3091
2991 3090
2992 3090
2993 3090
2994 3089
2995 3089
2996 3089
2997 3088
2998 3088
2999 3088
3000 3087
3001 3087
3002 3087
3003 3086
3004 3086
3005 3086
3006 3085
3007 3085
3008 3085
3009 3084
3010 3084
3011 3083
3012 3083
3013 3083
3014 3082
3015 3082
3016 3082
3017 3082
3018 3082
3019 3082
3020 3082
3021 3082
3022 3081
3023 3081
3024 3081
3025 3081
3026 3081
3027 3081
3028 3080
3029 3080
3030 3080
3031 3079
3032 3079
3033 3078
3034 3077
3035 3077
3036 3076
3037 3076
3038 3076
3039 3076
3040 3076
3041 3076
3042 3075
3043 3075
3044 3075
3045 3075
3046 3074
3047 3074
3048 3073
3049 3073
3050 3073
3051 3073
3052 3072
3053 3072
3054 3072
3055 3072
3056 3073
3057 3073
3058 3073
3059 3073
3060 3073
3061 3073
3062 3073
3063 3073
3064 3073
3065 3073
3066 3073
3067 3073
3068 3073
3069 3073
3070 3073
3071 3073
3072 3073
3073 3073
3074 3073
3075 3073
3076 3073
3077 3073
3078 3073
3079 3074
3080 3074
3081 3074
3082 3074
3083 3074
3084 3074
3085 3074
3086 3074
3087 3074
3088 3074
3089 3074
3090 3074
3091 3074
3092 3074
3093 3074
3094 3074
3095 3074
3096 3074
3097 3074
3098 3074
3099 3074
3100 3074
3101 3074
3102 3075
3103 3075
3104 3075
3105 3075
3106 3075
3107 3075
3108 3075
3109 3075
3110 3075
3111 3075
3112 3075
3113 3075
3114 3075
3115 3075
3116 3075
3117 3075
3118 3075
3119 3075
3120 3075
3121 3075
3122 3075
3123 3075
3124 3075
3125 3076
3126 3076
3127 3076
3128 3076
3129 3076
3130 3076
3131 3076
3132 3076
3133 3076
3134 3076
3135 3076
3136 3076
3137 3076
3138 3076
3139 3076
3140 3076
3141 3076
3142 3076
3143 3076
3144 3076
3145 3076
3146 3076
3147 3076
3148 3076
3149 3076
3150 3076
3151 3076
3152 3076
3153 3076
3154 3076
3155 3076
3156 3077
3157 3077
3158 3077
3159 3077
3160 3077
3161 3076
3162 3076
3163 3076
3164 3076
3165 3076
3166 3076
3167 3076
3168 3076
3169 3076
3170 3076
3171 3075
3172 3075
3173 3075
3174 3075
3175 3074
3176 3074
3177 3074
3178 3074
3179 3073
3180 3073
3181 3073
3182 3073
3183 3072
3184 3072
3185 3072
3186 3072
3187 3072
3188 3072
3189 3072
3190 3072
3191 3072
3192 3072
3193 3072
3194 3073
3195 3073
3196 3073
3197 3073
3198 3073
3199 3073
3200 3073
3201 3073
3202 3073
3203 3073
3204 3073
3205 3073
3206 3073
3207 3073
3208 3073
3209 3073
3210 3073
3211 3073
3212 3073
3213 3073
3214 3073
3215 3073
3216 3073
3217 3073
3218 3073
3219 3073
3220 3073
3221 3073
3222 3073
3223 3073
3224 3073
3225 3073
3226 3073
3227 3073
3228 3073
3229 3073
3230 3073
3231 3073
3232 3072
3233 3072
3234 3072
3235 3072
3236 3072
3237 3072
3238 3072
3239 3071
3240 3071
3241 3071
3242 3071
3243 3070
3244 3070
3245 3070
3246 3070
3247 3069
3248 3069
3249 3069
3250 3069
3251 3069
3252 3069
3253 3069
3254 3068
3255 3068
3256 3068
3257 3068
3258 3068
3259 3068
3260 3068
3261 3068
3262 3068
3263 3067
3264 3067
3265 3067
3266 3067
3267 3067
3268 3066
3269 3066
3270 3066
3271 3065
3272 3065
3273 3065
3274 3064
3275 3064
3276 3063
3277 3063
3278 3063
3279 3063
3280 3062
3281 3062
3282 3062
3283 3062
3284 3061
3285 3061
3286 3061
3287 3060
3288 3060
3289 3059
3290 3059
3291 3059
3292 3058
3293 3058
3294 3058
3295 3058
3296 3058
3297 3058
3298 3058
3299 3058
3300 3058
3301 3058
3302 3058
3303 3058
3304 3058
3305 3057
3306 3057
3307 3057
3308 3057
3309 3056
3310 3056
3311 3056
3312 3055
3313 3055
3314 3055
3315 3055
3316 3055
3317 3054
3318 3054
3319 3054
3320 3054
3321 3054
3322 3054
3323 3054
3324 3054
3325 3054
3326 3054
3327 3054
3328 3054
3329 3054
3330 3054
3331 3054
3332 3055
3333 3055
3334 3055
3335 3055
3336 3055
3337 3055
3338 3055
3339 3055
3340 3055
3341 3055
3342 3055
3343 3055
3344 3055
3345 3055
3346 3055
3347 3055
3348 3056
3349 3056
3350 3056
3351 3056
3352 3056
3353 3056
3354 3056
3355 3056
3356 3056
3357 3056
3358 3057
3359 3057
3360 3057
3361 3057
3362 3057
3363 3058
3364 3058
3365 3058
3366 3059
3367 3059
3368 3060
3369 3061
3370 3061
3371 3062
3372 3063
3373 3063
3374 3063
3375 3063
3376 3063
3377 3063
3378 3063
3379 3063
3380 3064
3381 3064
3382 3064
3383 3065
3384 3065
3385 3065
3386 3066
3387 3066
3388 3067
3389 3067
3390 3067
3391 3068
3392 3068
3393 3068
3394 3069
3395 3069
3396 3069
3397 3070
3398 3070
3399 3070
3400 3071
3401 3071
3402 3071
3403 3071
3404 3071
3405 3072
3406 3072
3407 3072
3408 3073
3409 3073
3410 3074
3411 3074
3412 3074
3413 3075
3414 3075
3415 3075
3416 3076
3417 3076
3418 3076
3419 3076
3420 3076
3421 3076
3422 3076
3423 3077
3424 3077
3425 3077
3426 3077
3427 3077
3428 3077
3429 3077
3430 3077
3431 3077
3432 3077
3433 3077
3434 3077
3435 3077
3436 3077
3437 3077
3438 3077
3439 3077
3440 3077
3441 3077
3442 3077
3443 3077
3444 3077
3445 3077
3446 3078
3447 3078
3448 3078
3449 3078
3450 3078
3451 3078
3452 3078
3453 3078
3454 3078
3455 3078
3456 3078
3457 3078
3458 3078
3459 3078
3460 3078
3461 3078
3462 3078
3463 3078
3464 3078
3465 3078
3466 3078
3467 3078
3468 3078
3469 3079
3470 3079
3471 3079
3472 3079
3473 3079
3474 3079
3475 3079
3476 3079
3477 3079
3478 3079
3479 3079
3480 3079
3481 3079
3482 3079
3483 3079
3484 3079
3485 3079
3486 3079
3487 3079
3488 3079
3489 3079
3490 3079
3491 3079
3492 3080
3493 3080
3494 3080
3495 3080
3496 3080
3497 3080
3498 3080
3499 3080
3500 3080
3501 3080
3502 3080
3503 3080
3504 3080
3505 3080
3506 3080
3507 3080
3508 3080
3509 3080
3510 3080
3511 3080
3512 3080
3513 3080
3514 3080
3515 3081
3516 3081
3517 3081
3518 3081
3519 3081
3520 3081
3521 3081
3522 3081
3523 3081
3524 3081
3525 3081
3526 3081
3527 3081
3528 3081
3529 3081
3530 3081
3531 3081
3532 3081
3533 3081
3534 3081
3535 3081
3536 3081
3537 3081
3538 3081
3539 3082
3540 3082
3541 3082
3542 3082
3543 3082
3544 3082
3545 3082
3546 3082
3547 3082
3548 3082
3549 3082
3550 3082
3551 3082
3552 3082
3553 3082
3554 3082
3555 3082
3556 3082
3557 3082
3558 3082
3559 3082
3560 3082
3561 3082
3562 3082
3563 3082
3564 3082
3565 3082
3566 3082
3567 3082
3568 3082
3569 3082
3570 3082
3571 3082
3572 3082
3573 3082
3574 3082
3575 3082
3576 3082
3577 3081
3578 3081
3579 3081
3580 3081
3581 3080
3582 3080
3583 3080
3584 3079
3585 3078
3586 3078
3587 3077
3588 3077
3589 3076
3590 3076
3591 3075
3592 3075
3593 3074
3594 3074
3595 3073
3596 3073
3597 3072
3598 3072
3599 3071
3600 3071
3601 3071
3602 3071
3603 3071
3604 3071
3605 3070
3606 3070
3607 3070
3608 3070
3609 3070
3610 3070
3611 3069
3612 3069
3613 3069
3614 3068
3615 3067
3616 3067
3617 3066
3618 3065
3619 3065
3620 3064
3621 3064
3622 3064
3623 3063
3624 3063
3625 3062
3626 3062
3627 3061
3628 3061
3629 3061
3630 3060
3631 3060
3631 3059
3632 3058
3633 3057
3633 3056
3634 3055
3635 3054
3635 3053
3636 3052
3637 3051
3637 3050
3638 3049
3638 3048
3639 3047
3639 3046
3640 3045
3640 3044
3641 3043
3641 3042
3642 3041
3643 3040
3644 3039
3645 3038
3646 3037
3646 3036
3647 3035
3648 3034
3649 3033
3650 3032
3650 3031
3651 3030
3652 3029
3653 3028
3654 3027
3654 3026
3655 3025
3655 3024
3656 3023
3657 3022
3657 3021
3658 3020
3659 3019
3660 3018
3660 3017
3661 3016
3662 3015
3663 3014
3663 3013
3664 3012
3664 3011
3664 3010
3665 3009
3665 3008
3665 3007
3666 3006
3666 3005
3667 3004
3668 3003
3668 3002
3669 3001
3669 3000
3669 2999
3669 2998
3670 2997
3670 2996
3670 2995
3670 2994
3670 2993
3670 2992
3671 2991
3671 2990
3671 2989
3671 2988
3672 2987
3672 2986
3672 2985
3673 2984
3673 2983
3674 2982
3674 2981
3675 2980
3675 2979
3675 2978
3676 2977
3676 2976
3677 2975
3677 2974
3678 2973
3678 2972
3678 2971
3679 2970
3679 2969
3679 2968
3680 2967
3680 2966
3681 2965
3681 2964
3682 2963
3682 2962
3682 2961
3682 2960
3683 2959
3683 2958
3683 2957
3683 2956
3683 2955
3683 2954
3683 2953
3683 2952
3683 2951
3684 2950
3684 2949
3684 2948
3684 2947
3684 2946
3684 2945
3684 2944
3684 2943
3685 2942
3685 2941
3685 2940
3685 2939
3685 2938
3686 2937
3686 2936
3686 2935
3686 2934
3687 2933
3687 2932
3688 2931
3688 2930
3688 2929
3689 2928
3689 2927
3689 2926
3689 2925
3690 2924
3690 2923
3690 2922
3690 2921
3690 2920
3690 2919
3690 2918
3690 2917
3690 2916
3690 2915
3690 2914
3690 2913
3690 2912
3690 2911
3690 2910
3690 2909
3690 2908
3690 2907
3691 2906
3691 2905
3691 2904
3691 2903
3691 2902
3691 2901
3691 2900
3691 2899
3691 2898
3691 2897
3691 2896
3691 2895
3691 2894
3691 2893
3691 2892
3691 2891
3691 2890
3691 2889
3691 2888
3691 2887
3691 2886
3691 2885
3691 2884
3692 2883
3692 2882
3692 2881
3692 2880
3692 2879
3692 2878
3692 2877
3692 2876
3692 2875
3692 2874
3692 2873
3692 2872
3692 2871
3692 2870
3692 2869
3692 2868
3692 2867
3692 2866
3692 2865
3693 2864
3693 2863
3693 2862
3693 2861
3693 2860
3693 2859
3693 2858
3693 2857
3693 2856
3693 2855
3694 2854
3694 2853
3694 2852
3694 2851
3694 2850
3694 2849
3694 2848
3695 2847
3695 2846
3695 2845
3695 2844
3695 2843
3695 2842
3696 2841
3696 2840
3696 2839
3697 2838
3697 2837
3697 2836
3698 2835
3698 2834
3699 2833
3699 2832
3700 2831
3700 2830
3700 2829
3700 2828
3700 2827
3700 2826
3700 2825
3701 2824
3701 2823
3701 2822
3701 2821
3701 2820
3701 2819
3701 2818
3701 2817
3702 2816
3702 2815
3702 2814
3702 2813
3702 2812
3703 2811
3703 2810
3703 2809
3703 2808
3704 2807
3704 2806
3704 2805
3705 2804
3705 2803
3706 2802
3706 2801
3707 2800
3708 2799
3708 2798
3709 2797
3709 2796
3710 2795
3710 2794
3711 2793
3711 2792
3711 2791
3712 2790
3712 2789
3712 2788
3713 2787
3713 2786
3713 2785
3714 2784
3714 2783
3714 2782
3714 2781
3715 2780
3715 2779
3715 2778
3715 2777
3715 2776
3716 2775
3716 2774
3716 2773
3716 2772
3717 2771
3717 2770
3718 2769
3718 2768
3718 2767
3719 2766
3719 2765
3720 2764
3721 2763
3722 2762
3722 2761
3723 2760
3724 2759
3725 2758
3725 2757
3726 2756
3726 2755
3727 2754
3728 2753
3728 2752
3728 2751
3729 2750
3729 2749
3730 2748
3730 2747
3731 2746
3731 2745
3732 2744
3732 2743
3733 2742
3733 2741
3733 2740
3734 2739
3734 2738
3735 2737
3735 2736
3736 2735
3736 2734
3737 2733
3738 2732
3739 2731
3739 2730
3740 2729
3741 2728
3742 2727
3742 2726
3743 2725
3743 2724
3744 2723
3744 2722
3745 2721
3746 2720
3747 2719
3748 2718
3749 2718
3750 2717
3751 2716
3752 2716
3753 2715
3754 2714
3755 2714
3756 2713
3757 2713
3758 2712
3759 2711
3760 2711
3761 2710
3762 2710
3763 2709
3764 2709
3765 2709
3766 2708
3767 2708
3768 2707
3769 2706
3770 2706
3771 2705
3772 2705
3773 2704
3774 2704
3775 2704
3776 2704
3777 2703
3778 2703
3779 2702
3780 2702
3781 2702
3782 2701
3783 2701
3784 2701
3785 2701
3786 2701
3787 2701
3788 2701
3789 2701
3790 2701
3791 2701
3792 2700
3793 2700
3794 2700
3795 2700
3796 2700
3797 2700
3798 2699
3799 2699
3800 2699
3801 2699
3802 2698
3803 2698
3804 2698
3805 2697
3806 2697
3807 2697
3808 2697
3809 2696
3810 2696
3811 2696
3812 2696
3813 2696
3814 2696
3815 2696
3816 2696
3817 2696
3818 2695
3819 2695
3820 2695
3821 2695
3822 2695
3823 2695
3824 2694
3825 2694
3826 2694
3827 2694
3828 2693
3829 2693
3830 2693
3831 2693
3832 2692
3833 2692
3834 2692
3835 2692
3836 2691
3837 2691
3838 2691
3839 2691
3840 2691
3841 2691
3842 2690
3843 2690
3844 2690
3845 2690
3846 2690
3847 2690
3848 2690
3849 2689
3850 2689
3851 2688
3852 2688
3853 2688
3854 2687
3855 2686
3856 2686
3857 2686
3858 2685
3859 2685
3860 2684
3861 2684
3862 2684
3863 2684
3864 2683
3865 2683
3866 2683
3867 2682
3868 2682
3869 2682
3870 2682
3871 2681
3872 2681
3873 2681
3874 2681
3875 2681
3876 2681
3877 2681
3878 2681
3879 2681
3880 2681
3881 2681
3882 2681
3883 2681
3884 2681
3885 2681
3886 2681
3887 2681
3888 2681
3889 2681
3890 2681
3891 2681
3892 2681
3893 2681
3894 2681
3895 2680
3896 2680
3897 2680
3898 2680
3899 2680
3900 2680
3901 2680
3902 2680
3903 2679
3904 2679
3905 2679
3906 2678
3907 2678
3908 2677
3909 2677
3910 2677
3911 2677
3912 2677
3913 2677
3914 2676
3915 2676
3916 2676
3917 2677
3918 2677
3919 2677
3920 2677
3921 2677
3922 2677
3923 2677
3924 2677
3925 2676
3926 2676
3927 2676
3928 2676
3929 2676
3930 2676
3931 2676
3932 2676
3933 2675
3934 2675
3935 2675
3936 2675
3937 2675
3938 2674
3939 2674
3940 2674
3941 2673
3942 2673
3943 2673
3944 2673
3945 2673
3946 2672
3947 2672
3948 2672
3949 2672
3950 2672
3951 2672
3952 2672
3953 2672
3954 2672
3955 2672
3956 2672
3957 2671
3958 2671
3959 2671
3960 2671
3961 2671
3962 2671
3963 2671
3964 2671
3965 2670
3966 2670
3967 2670
3968 2670
3969 2669
3970 2669
3971 2669
3972 2668
3973 2668
3974 2667
3975 2667
3976 2666
3977 2666
3978 2666
3979 2665
3980 2665
3981 2665
3982 2664
3983 2664
3984 2664
3985 2664
3986 2664
3987 2663
3988 2663
3989 2663
3990 2663
3991 2663
3992 2663
3993 2662
3994 2662
3995 2662
3996 2662
3997 2662
3998 2661
3999 2661
4000 2661
4001 2661
4002 2661
4003 2661
4004 2661
4005 2660
4006 2660
4007 2660
4008 2659
4009 2659
4010 2658
4011 2657
4012 2656
4013 2655
4014 2654
4015 2653
4016 2652
4017 2652
4018 2651
4019 2651
4020 2650
4021 2649
4022 2649
4023 2648
4024 2647
4025 2646
4026 2645
4026 2644
4027 2643
4028 2642
4029 2641
4030 2640
4030 2639
4031 2638
4032 2637
4033 2636
4034 2635
4035 2634
4036 2633
4036 2632
4037 2631
4038 2630
4039 2629
4040 2628
4041 2627
4042 2626
4042 2625
4043 2624
4044 2623
4045 2622
4046 2621
4046 2620
4047 2619
4048 2618
4048 2617
4049 2616
4050 2615
4050 2614
4051 2613
4051 2612
4052 2611
4052 2610
4053 2609
4054 2608
4055 2607
4055 2606
4056 2605
4057 2604
4058 2603
4059 2602
4059 2601
4059 2600
4060 2599
4060 2598
4060 2597
4060 2596
4061 2595
4061 2594
4061 2593
4062 2592
4062 2591
4062 2590
4062 2589
4063 2588
4063 2587
4064 2586
4064 2585
4065 2584
4065 2583
4066 2582
4066 2581
4067 2580
4067 2579
4068 2578
4068 2577
4069 2576
4069 2575
4070 2574
4070 2573
4071 2572
4071 2571
4072 2570
4072 2569
4072 2568
4073 2567
4073 2566
4074 2565
4074 2564
4074 2563
4075 2562
4075 2561
4075 2560
4075 2559
4076 2558
4076 2557
4077 2556
4077 2555
4078 2554
4078 2553
4078 2552
4078 2551
4079 2550
4079 2549
4079 2548
4079 2547
4079 2546
4079 2545
4079 2544
4079 2543
4079 2542
4079 2541
4079 2540
4079 2539
4079 2538
4079 2537
4079 2536
4079 2535
4079 2534
4079 2533
4079 2532
4079 2531
4079 2530
4079 2529
4080 2528
4080 2527
4080 2526
4080 2525
4080 2524
4080 2523
4080 2522
4080 2521
4080 2520
4080 2519
4080 2518
4080 2517
4080 2516
4080 2515
4080 2514
4080 2513
4080 2512
4080 2511
4080 2510
4080 2509
4080 2508
4080 2507
4080 2506
4080 2505
4080 2504
4081 2503
4081 2502
4081 2501
4081 2500
4081 2499
4081 2498
4081 2497
4081 2496
4081 2495
4081 2494
4081 2493
4081 2492
4081 2491
4081 2490
4081 2489
4081 2488
4081 2487
4081 2486
4081 2485
4081 2484
4081 2483
4080 2482
4080 2481
4080 2480
4080 2479
4080 2478
4080 2477
4080 2476
4080 2475
4079 2474
4079 2473
4079 2472
4079 2471
4078 2470
4078 2469
4078 2468
4078 2467
4077 2466
4076 2465
4076 2464
4075 2463
4074 2462
4074 2461
4073 2460
4072 2459
4072 2458
4071 2457
4071 2456
4071 2455
4070 2454
4070 2453
4069 2452
4069 2451
4068 2450
4068 2449
4067 2448
4067 2447
4067 2446
4066 2445
4066 2444
4065 2443
4064 2442
4064 2441
4063 2440
4063 2439
4062 2438
4061 2437
4061 2436
4060 2435
4059 2434
4059 2433
4058 2432
4057 2431
4057 2430
4056 2429
4056 2428
4055 2427
4055 2426
4054 2425
4054 2424
4053 2423
4053 2422
4052 2421
4052 2420
4051 2419
4051 2418
4050 2417
4050 2416
4050 2415
4049 2414
4049 2413
4049 2412
4048 2411
4047 2410
4047 2409
4046 2408
4046 2407
4045 2406
4044 2405
4044 2404
4043 2403
4042 2402
4041 2401
4041 2400
4040 2399
4039 2398
4039 2397
4038 2396
4038 2395
4037 2394
4036 2393
4036 2392
4035 2391
4034 2390
4033 2389
4033 2388
4032 2387
4031 2386
4031 2385
4030 2384
4029 2383
4028 2382
4028 2381
4027 2380
4026 2379
4026 2378
4025 2377
4024 2376
4024 2375
4023 2374
4023 2373
4022 2372
4022 2371
4021 2370
4020 2369
4019 2368
4018 2367
4017 2366
4016 2365
4015 2364
4015 2363
4014 2362
4013 2361
4012 2360
4011 2359
4010 2358
4009 2357
4008 2356
4007 2356
4006 2355
4005 2354
4004 2353
4003 2352
4002 2351
4001 2350
4000 2349
3999 2348
3998 2347
3997 2347
3996 2346
3995 2345
3994 2344
3993 2343
3992 2343
3991 2342
3990 2341
3989 2340
3988 2339
3987 2339
3986 2338
3985 2337
3985 2336
3984 2335
3983 2334
3982 2333
3981 2332
3980 2331
3979 2330
3978 2329
3977 2328
3976 2327
3975 2326
3975 2325
3974 2324
3973 2323
3972 2322
3971 2322
3970 2321
3969 2321
3968 2320
3967 2320
3966 2319
3965 2319
3964 2318
3963 2317
3962 2317
3961 2317
3960 2317
3959 2316
3958 2316
3957 2316
3956 2315
3955 2315
3954 2314
3953 2314
3952 2313
3951 2313
3950 2312
3949 2311
3948 2310
3947 2309
3946 2308
3945 2307
3944 2306
3943 2305
3942 2304
3941 2304
3940 2303
3939 2302
3938 2301
3937 2300
3936 2300
3935 2299
3934 2298
3933 2298
3932 2297
3931 2296
3930 2296
3929 2296
3928 2295
3927 2295
3926 2294
3925 2294
3924 2293
3923 2292
3922 2292
3921 2292
3920 2291
3919 2291
3918 2291
3917 2290
3916 2290
3915 2290
3914 2289
3913 2289
3912 2288
3911 2287
3910 2287
3909 2286
3908 2285
3907 2284
3906 2283
3905 2283
3904 2282
3903 2281
3902 2281
3901 2280
3900 2279
3899 2279
3898 2278
3897 2278
3896 2277
3895 2277
3894 2276
3893 2275
3892 2274
3891 2273
3890 2272
3889 2271
3888 2270
3887 2269
3886 2269
3885 2268
3884 2268
3883 2267
3882 2267
3881 2266
3880 2265
3879 2265
3878 2264
3877 2264
3876 2264
3875 2263
3874 2263
3873 2262
3872 2261
3871 2261
3870 2260
3869 2259
3868 2258
3867 2258
3866 2257
3865 2256
3864 2255
3863 2255
3862 2254
3861 2253
3860 2252
3859 2251
3858 2250
3857 2249
3856 2248
3855 2247
3854 2247
3853 2246
3852 2245
3851 2245
3850 2244
3849 2244
3848 2243
3847 2243
3846 2242
3845 2241
3844 2240
3843 2239
3842 2238
3841 2238
3840 2238
3839 2237
3838 2237
3837 2236
3836 2236
3835 2235
3834 2235
3833 2234
3832 2234
3831 2233
3830 2233
3829 2232
3828 2231
3827 2230
3826 2230
3825 2229
3824 2228
3823 2227
3822 2227
3821 2226
3820 2225
3820 2224
3819 2223
3818 2222
3817 2221
3817 2220
3816 2219
3815 2218
3814 2217
3813 2216
3812 2215
3811 2215
3810 2214
3810 2213
3809 2212
3808 2211
3807 2210
3806 2209
3806 2208
3805 2207
3804 2206
3803 2205
3802 2204
3802 2203
3801 2202
3800 2201
3799 2201
3798 2200
3797 2200
3796 2200
3795 2199
3794 2199
3793 2198
3792 2197
3791 2196
3790 2196
3789 2195
3788 2194
3787 2193
3786 2192
3785 2191
3784 2190
3783 2189
3782 2188
3781 2187
3780 2186
3779 2185
3778 2185
3777 2184
3776 2183
3775 2182
3774 2181
3773 2180
3772 2179
3771 2178
3770 2177
3769 2176
3768 2175
3767 2174
3766 2173
3765 2172
3764 2171
3763 2170
3762 2169
3762 2168
3761 2167
3760 2166
3759 2165
3758 2164
3757 2163
3756 2162
3755 2161
3754 2160
3753 2159
3752 2158
3752 2157
3751 2156
3750 2155
3750 2154
3749 2153
3749 2152
3748 2151
3747 2150
3747 2149
3746 2148
3745 2147
3744 2146
3743 2145
3742 2144
3741 2143
3740 2142
3739 2141
3738 2140
3737 2139
3736 2138
3736 2137
3736 2136
3736 2135
3736 2134
3736 2133
3736 2132
3736 2131
3736 2130
3736 2129
3736 2128
3736 2127
3736 2126
3736 2125
3736 2124
3736 2123
3736 2122
3736 2121
3736 2120
3736 2119
3736 2118
3736 2117
3736 2116
3736 2115
3736 2114
3736 2113
3735 2112
3735 2111
3735 2110
3735 2109
3735 2108
3735 2107
3735 2106
3735 2105
3735 2104
3735 2103
3735 2102
3735 2101
3734 2100
3734 2099
3734 2098
3734 2097
3734 2096
3734 2095
3734 2094
3734 2093
3733 2092
3733 2091
3733 2090
3733 2089
3733 2088
3733 2087
3733 2086
3733 2085
3733 2084
3733 2083
3733 2082
3733 2081
3732 2080
3732 2079
3732 2078
3732 2077
3732 2076
3732 2075
3732 2074
3732 2073
3732 2072
3732 2071
3732 2070
3732 2069
3732 2068
3732 2067
3732 2066
3731 2065
3730 2064
3730 2063
3729 2062
3728 2061
3727 2060
3727 2059
3726 2058
3725 2057
3724 2056
3724 2055
3723 2054
3722 2053
3722 2052
3721 2051
3720 2050
3719 2049
3718 2048
3717 2047
3717 2046
3716 2045
3715 2044
3714 2043
3713 2042
3712 2041
3711 2040
3711 2039
3710 2038
3709 2037
3709 2036
3708 2035
3707 2034
3707 2033
3706 2032
3705 2031
3705 2030
3704 2029
3703 2028
3703 2027
3703 2026
3702 2025
3702 2024
3701 2023
3701 2022
3700 2021
3699 2020
3698 2019
3698 2018
3697 2017
3696 2016
3696 2015
3695 2014
3695 2013
3694 2012
3693 2011
3693 2010
3693 2009
3692 2008
3692 2007
3691 2006
3691 2005
3690 2004
3690 2003
3689 2002
3689 2001
3689 2000
3688 1999
3688 1998
3687 1997
3687 1996
3686 1995
3686 1994
3685 1993
3685 1992
3684 1991
3684 1990
3683 1989
3683 1988
3682 1987
3681 1986
3681 1985
3680 1984
3680 1983
3679 1982
3679 1981
3678 1980
3678 1979
3678 1978
3677 1977
3677 1976
3677 1975
3677 1974
3677 1973
3677 1972
3677 1971
3677 1970
3677 1969
3677 1968
3677 1967
3677 1966
3677 1965
3677 1964
3677 1963
3677 1962
3677 1961
3677 1960
3677 1959
3677 1958
3677 1957
3677 1956
3677 1955
3677 1954
3677 1953
3677 1952
3677 1951
3677 1950
3677 1949
3677 1948
3677 1947
3677 1946
3677 1945
3677 1944
3677 1943
3677 1942
3677 1941
3677 1940
3677 1939
3677 1938
3677 1937
3677 1936
3677 1935
3677 1934
3677 1933
3676 1932
3676 1931
3676 1930
3676 1929
3676 1928
3676 1927
3676 1926
3676 1925
3676 1924
3675 1923
3675 1922
3675 1921
3675 1920
3675 1919
3674 1918
3674 1917
3674 1916
3674 1915
3673 1914
3673 1913
3673 1912
3673 1911
3673 1910
3673 1909
3673 1908
3673 1907
3673 1906
3672 1905
3672 1904
3672 1903
3672 1902
3672 1901
3672 1900
3672 1899
3671 1898
3671 1897
3671 1896
3671 1895
3670 1894
3670 1893
3670 1892
3669 1891
3669 1890
3669 1889
3668 1888
3668 1887
3668 1886
3667 1885
3667 1884
3667 1883
3666 1882
3666 1881
3665 1880
3665 1879
3665 1878
3664 1877
3664 1876
3663 1875
3663 1874
3663 1873
3662 1872
3662 1871
3661 1870
3661 1869
3660 1868
3660 1867
3659 1866
3659 1865
3659 1864
3658 1863
3658 1862
3657 1861
3657 1860
3657 1859
3656 1858
3655 1857
3654 1856
3653 1855
3652 1854
3652 1853
3651 1852
3651 1851
3650 1850
3649 1849
3649 1848
3648 1847
3647 1846
3647 1845
3646 1844
3646 1843
3645 1842
3644 1841
3644 1840
3643 1839
3643 1838
3642 1837
3641 1836
3641 1835
3640 1834
3640 1833
3639 1832
3639 1831
3638 1830
3638 1829
3637 1828
3637 1827
3636 1826
3636 1825
3636 1824
3635 1823
3635 1822
3634 1821
3634 1820
3633 1819
3633 1818
3633 1817
3632 1816
3631 1816
3630 1815
3629 1815
3628 1815
3627 1815
3626 1814
3625 1814
3624 1813
3623 1813
3622 1813
3621 1812
3620 1811
3619 1810
3618 1809
3617 1808
3616 1807
3615 1806
3614 1805
3613 1805
3612 1804
3611 1803
3610 1802
3609 1801
3608 1800
3607 1799
3606 1798
3605 1797
3604 1796
3603 1795
3602 1794
3601 1793
3600 1793
3599 1792
3598 1791
3597 1790
3596 1789
3595 1788
3594 1788
3593 1787
3592 1786
3591 1785
3590 1784
3589 1783
3588 1783
3587 1782
3586 1781
3585 1780
3584 1780
3583 1779
3582 1778
3581 1777
3580 1776
3579 1775
3578 1775
3577 1774
3576 1773
3575 1772
3574 1771
3573 1770
3572 1770
3571 1769
3570 1768
3569 1767
3568 1767
3567 1766
3566 1765
3565 1764
3564 1763
3563 1762
3562 1761
3561 1760
3560 1759
3559 1758
3558 1757
3557 1756
3556 1755
3555 1754
3554 1753
3553 1752
3552 1751
3551 1750
3550 1749
3549 1748
3548 1747
3547 1746
3546 1745
3546 1744
3545 1743
3544 1742
3543 1741
3542 1740
3541 1739
3540 1738
3539 1737
3538 1736
3537 1735
3536 1734
3535 1733
3534 1732
3533 1731
3532 1730
3531 1729
3530 1728
3529 1727
3528 1726
3527 1726
3526 1725
3525 1725
3524 1724
3523 1723
3522 1722
3521 1721
3520 1720
3520 1719
3519 1718
3519 1717
3518 1716
3517 1715
3517 1714
3516 1713
3515 1712
3515 1711
3514 1710
3513 1709
3512 1708
3511 1707
3510 1706
3509 1705
3508 1704
3507 1703
3506 1702
3505 1701
3504 1700
3503 1699
3502 1698
3501 1698
3500 1697
3499 1696
3498 1695
3497 1694
3496 1694
3495 1693
3494 1692
3493 1691
3492 1691
3491 1690
3490 1689
3489 1689
3488 1688
3487 1688
3486 1688
3485 1687
3484 1687
3483 1687
3482 1686
3481 1686
3480 1686
3479 1685
3478 1685
3477 1685
3476 1685
3475 1684
3474 1684
3473 1684
3472 1684
3471 1683
3470 1683
3469 1683
3468 1683
3467 1683
3466 1683
3465 1683
3464 1683
3463 1683
3462 1683
3461 1683
3460 1683
3459 1683
3458 1683
3457 1683
3456 1682
3455 1682
3454 1682
3453 1682
3452 1682
3451 1682
3450 1682
3449 1682
3448 1682
3447 1682
3446 1682
3445 1682
3444 1681
3443 1681
3442 1681
3441 1681
3440 1681
3439 1681
3438 1680
3437 1680
3436 1680
3435 1680
3434 1680
3433 1679
3432 1679
3431 1679
3430 1678
3429 1678
3428 1678
3427 1677
3426 1677
3425 1676
3424 1676
3423 1675
3422 1675
3421 1674
3420 1674
3419 1674
3418 1673
3417 1673
3416 1672
3415 1672
3414 1671
3413 1671
3412 1670
3411 1670
3410 1669
3409 1668
3408 1667
3407 1666
3406 1665
3405 1664
3404 1664
3403 1663
3402 1662
3401 1661
3400 1661
3399 1660
3398 1659
3397 1658
3396 1657
3395 1656
3395 1655
3394 1654
3393 1653
3393 1652
3392 1651
3391 1650
3391 1649
3390 1648
3389 1647
3388 1646
3387 1645
3386 1644
3386 1643
3385 1642
3384 1641
3383 1640
3382 1639
3382 1638
3381 1637
3380 1636
3379 1635
3379 1634
3378 1633
3377 1632
3376 1631
3376 1630
3375 1629
3375 1628
3374 1627
3374 1626
3374 1625
3373 1624
3373 1623
3373 1622
3373 1621
3373 1620
3373 1619
3372 1618
3371 1618
3370 1618
3369 1618
3368 1617
3367 1617
3366 1617
3365 1617
3364 1616
3363 1616
3362 1615
3361 1615
3360 1614
3359 1614
3358 1613
3357 1613
3356 1612
3355 1611
3354 1611
3353 1610
3352 1610
3351 1609
3350 1609
3349 1608
3348 1608
3347 1607
3346 1607
3345 1606
3344 1606
3343 1605
3342 1605
3341 1604
3340 1603
3339 1603
3338 1602
3337 1602
3336 1601
3335 1600
3334 1600
3333 1599
3332 1598
3331 1597
3331 1596
3330 1595
3329 1594
3328 1593
3328 1592
3327 1591
3326 1590
3325 1589
3324 1588
3323 1587
3322 1586
3321 1586
3320 1585
3320 1584
3319 1583
3319 1582
3318 1581
3318 1580
3317 1579
3317 1578
3316 1577
3315 1576
3314 1575
3313 1574
3312 1573
3312 1572
3311 1571
3311 1570
3310 1569
3309 1568
3309 1567
3308 1566
3307 1565
3306 1565
3305 1564
3304 1563
3303 1563
3302 1562
3301 1562
3300 1562
3299 1562
3298 1562
3297 1562
3296 1562
3295 1562
3294 1562
3293 1562
3292 1562
3291 1562
3290 1562
3289 1562
3288 1563
3287 1563
3286 1563
3285 1563
3284 1564
3283 1564
3282 1564
3281 1565
3280 1565
3279 1566
3278 1567
3277 1567
3276 1568
3275 1568
3274 1569
3273 1570
3272 1570
3271 1571
3270 1571
3269 1572
3268 1573
3267 1574
3266 1575
3265 1576
3264 1577
3264 1578
3263 1579
3262 1579
3261 1580
3260 1581
3259 1581
3258 1581
3257 1582
3256 1582
3255 1583
3254 1583
3253 1583
3252 1584
3251 1584
3250 1584
3249 1584
3248 1584
3247 1584
3246 1583
3245 1583
3244 1583
3243 1583
3242 1583
3241 1583
3240 1583
3239 1583
3238 1583
3237 1583
3236 1583
3235 1583
3234 1583
3233 1583
3232 1583
3231 1583
3230 1583
3229 1583
3228 1583
3227 1583
3226 1583
3225 1583
3224 1583
3223 1582
3222 1582
3221 1582
3220 1582
3219 1582
3218 1582
3217 1582
3216 1582
3215 1582
3214 1582
3213 1582
3212 1582
3211 1582
3210 1582
3209 1582
3208 1582
3207 1582
3206 1582
3205 1582
3204 1582
3203 1582
3202 1582
3201 1582
3200 1581
3199 1581
3198 1581
3197 1581
3196 1581
3195 1581
3194 1581
3193 1581
3192 1581
3191 1581
3190 1581
3189 1581
3188 1581
3187 1581
3186 1581
3185 1581
3184 1581
3183 1581
3182 1581
3181 1581
3180 1581
3179 1581
3178 1581
3177 1580
3176 1580
3175 1580
3174 1580
3173 1580
3172 1580
3171 1580
3170 1580
3169 1580
3168 1580
3167 1580
3166 1580
3165 1580
3164 1580
3163 1580
3162 1580
3161 1580
3160 1580
3159 1580
3158 1580
3157 1580
3156 1580
3155 1580
3154 1579
3153 1579
3152 1579
3151 1579
3150 1579
3149 1579
3148 1579
3147 1579
3146 1579
3145 1579
3144 1579
3143 1579
3142 1579
3141 1579
3140 1579
3139 1579
3138 1579
3137 1579
3136 1579
3135 1579
3134 1578
3133 1578
3132 1578
3131 1578
3130 1578
3129 1578
3128 1578
3127 1578
3126 1578
3125 1577
3124 1577
3123 1577
3122 1577
3121 1576
3120 1576
3119 1576
3118 1576
3117 1575
3116 1575
3115 1575
3114 1574
3113 1574
3112 1573
3111 1573
3110 1572
3109 1571
3108 1570
3107 1570
3106 1569
3105 1568
3104 1568
3103 1567
3102 1566
3101 1566
3100 1565
3099 1564
3098 1563
3097 1562
3097 1561
3096 1560
3095 1559
3094 1558
3093 1557
3092 1556
3091 1555
3090 1554
3089 1553
3088 1552
3087 1551
3086 1550
3085 1549
3085 1548
3084 1547
3083 1546
3082 1545
3081 1545
3080 1544
3079 1543
3078 1543
3077 1542
3076 1542
3075 1541
3074 1540
3073 1539
3072 1538
3071 1537
3070 1537
3069 1536
3068 1536
3067 1536
3066 1535
3065 1535
3064 1535
3063 1534
3062 1534
3061 1534
3060 1534
3059 1534
3058 1534
3057 1534
3056 1533
3055 1533
3054 1533
3053 1533
3052 1533
3051 1533
3050 1533
