3044 1629
3043 1630
3042 1630
3041 1630
3040 1630
3039 1630
3038 1631
3037 1631
3036 1632
3035 1632
3034 1632
3033 1633
3032 1633
3031 1633
3030 1633
3029 1633
3028 1634
3027 1634
3026 1634
3025 1634
3024 1634
3023 1635
3022 1635
3021 1635
3020 1636
3019 1636
3018 1636
3017 1637
3016 1637
3015 1637
3014 1638
3013 1638
3012 1638
3011 1638
3010 1639
3009 1639
3008 1639
3007 1639
3006 1639
3005 1639
3004 1640
3003 1640
3002 1640
3001 1640
3000 1640
2999 1640
2998 1640
2997 1640
2996 1640
2995 1641
2994 1641
2993 1641
2992 1641
2991 1642
2990 1642
2989 1642
2988 1643
2987 1643
2986 1643
2985 1644
2984 1644
2983 1644
2982 1644
2981 1645
2980 1645
2979 1645
2978 1645
2977 1645
2976 1646
2975 1646
2974 1646
2973 1646
2972 1646
2971 1646
2970 1646
2969 1646
2968 1646
2967 1646
2966 1646
2965 1647
2964 1647
2963 1647
2962 1647
2961 1648
2960 1648
2959 1649
2958 1649
2957 1650
2956 1650
2955 1651
2954 1651
2953 1652
2952 1652
2951 1653
2950 1654
2949 1654
2948 1655
2947 1655
2946 1655
2945 1656
2944 1656
2943 1656
2942 1657
2941 1657
2940 1657
2939 1657
2938 1657
2937 1658
2936 1658
2935 1658
2934 1658
2933 1658
2932 1658
2931 1658
2930 1658
2929 1658
2928 1659
2927 1659
2926 1659
2925 1660
2924 1660
2923 1660
2922 1661
2921 1661
2920 1662
2919 1662
2918 1662
2917 1663
2916 1663
2915 1663
2914 1663
2913 1663
2912 1664
2911 1664
2910 1664
2909 1664
2908 1664
2907 1664
2906 1664
2905 1664
2904 1665
2903 1665
2902 1665
2901 1665
2900 1666
2899 1666
2898 1666
2897 1667
2896 1667
2895 1668
2894 1668
2893 1668
2892 1668
2891 1669
2890 1669
2889 1669
2888 1669
2887 1669
2886 1669
2885 1670
2884 1670
2883 1670
2882 1670
2881 1670
2880 1670
2879 1670
2878 1671
2877 1671
2876 1671
2875 1672
2874 1672
2873 1673
2872 1673
2871 1674
2870 1674
2869 1674
2868 1674
2867 1675
2866 1675
2865 1675
2864 1675
2863 1675
2862 1676
2861 1676
2860 1676
2859 1676
2858 1677
2857 1677
2856 1677
2855 1678
2854 1678
2853 1679
2852 1679
2851 1680
2850 1681
2849 1681
2848 1682
2847 1683
2846 1684
2845 1684
2844 1685
2843 1685
2842 1686
2841 1686
2840 1686
2839 1687
2838 1687
2837 1687
2836 1687
2835 1688
2834 1688
2833 1688
2832 1688
2831 1688
2830 1689
2829 1689
2828 1690
2827 1690
2826 1691
2825 1691
2824 1692
2823 1692
2822 1693
2821 1693
2820 1694
2819 1695
2818 1695
2817 1696
2816 1696
2815 1697
2814 1697
2813 1698
2812 1698
2811 1698
2810 1698
2809 1699
2808 1699
2807 1700
2806 1700
2805 1701
2804 1701
2803 1702
2802 1703
2801 1703
2800 1704
2799 1705
2798 1706
2797 1706
2796 1707
2795 1708
2794 1708
2793 1709
2792 1710
2791 1711
2790 1712
2789 1713
2788 1713
2787 1714
2786 1715
2785 1715
2784 1716
2783 1716
2782 1717
2781 1717
2780 1717
2779 1718
2778 1718
2777 1719
2776 1720
2775 1720
2774 1721
2773 1721
2772 1722
2771 1722
2770 1723
2769 1724
2768 1725
2767 1726
2766 1727
2765 1728
2764 1729
2763 1730
2762 1731
2761 1732
2760 1733
2759 1733
2758 1733
2757 1734
2756 1734
2755 1734
2754 1735
2753 1736
2752 1736
2751 1737
2750 1738
2749 1738
2748 1739
2747 1739
2746 1740
2745 1740
2744 1741
2743 1741
2742 1742
2741 1742
2740 1743
2739 1744
2738 1744
2737 1745
2736 1745
2735 1746
2734 1746
2733 1747
2732 1747
2731 1748
2730 1748
2729 1749
2728 1750
2727 1751
2726 1751
2725 1752
2724 1753
2723 1754
2722 1755
2721 1756
2720 1757
2719 1757
2718 1758
2717 1759
2716 1760
2715 1761
2715 1762
2714 1763
2713 1764
2712 1765
2711 1766
2710 1767
2709 1767
2708 1768
2707 1768
2706 1769
2705 1769
2704 1770
2703 1770
2703 1771
2702 1772
2701 1773
2700 1773
2699 1774
2698 1775
2697 1776
2696 1777
2695 1778
2694 1779
2693 1780
2692 1781
2691 1782
2690 1783
2690 1784
2689 1785
2688 1786
2687 1787
2687 1788
2686 1789
2686 1790
2685 1791
2684 1792
2683 1793
2682 1794
2681 1795
2680 1796
2680 1797
2679 1798
2678 1799
2677 1800
2677 1801
2676 1802
2675 1803
2674 1804
2674 1805
2673 1806
2672 1807
2671 1808
2670 1809
2670 1810
2669 1811
2669 1812
2669 1813
2668 1814
2667 1815
2666 1816
2666 1817
2665 1818
2664 1819
2664 1820
2663 1821
2663 1822
2662 1823
2661 1824
2660 1825
2659 1826
2658 1827
2657 1828
2656 1829
2655 1830
2655 1831
2654 1832
2653 1833
2652 1834
2652 1835
2651 1836
2650 1837
2650 1838
2649 1839
2648 1840
2648 1841
2647 1842
2647 1843
2646 1844
2645 1845
2645 1846
2645 1847
2644 1848
2644 1849
2643 1850
2642 1851
2641 1852
2640 1853
2639 1854
2638 1855
2637 1856
2637 1857
2636 1858
2635 1859
2634 1860
2634 1861
2633 1862
2632 1863
2631 1864
2631 1865
2630 1866
2629 1867
2628 1868
2628 1869
2627 1870
2626 1871
2626 1872
2625 1873
2624 1874
2624 1875
2623 1876
2622 1877
2622 1878
2621 1879
2621 1880
2620 1881
2619 1882
2618 1883
2618 1884
2617 1885
2616 1886
2615 1887
2615 1888
2615 1889
2614 1890
2614 1891
2614 1892
2613 1893
2613 1894
2612 1895
2612 1896
2611 1897
2610 1898
2609 1899
2608 1900
2607 1901
2606 1901
2605 1902
2604 1903
2604 1904
2603 1905
2602 1906
2601 1907
2600 1908
2599 1909
2598 1910
2597 1911
2597 1912
2596 1913
2595 1914
2594 1915
2594 1916
2593 1917
2592 1918
2592 1919
2592 1920
2591 1921
2591 1922
2590 1923
2590 1924
2589 1925
2588 1926
2587 1927
2587 1928
2586 1929
2586 1930
2585 1931
2585 1932
2584 1933
2583 1934
2582 1935
2581 1936
2580 1937
2579 1938
2578 1939
2578 1940
2577 1941
2576 1941
2575 1942
2575 1943
2574 1944
2573 1945
2573 1946
2572 1947
2571 1948
2571 1949
2570 1950
2569 1951
2568 1952
2568 1953
2567 1954
2567 1955
2566 1956
2565 1957
2565 1958
2564 1959
2563 1960
2563 1961
2562 1962
2561 1963
2561 1964
2560 1965
2560 1966
2560 1967
2559 1968
2558 1969
2558 1970
2557 1971
2557 1972
2556 1973
2555 1974
2554 1975
2554 1976
2553 1977
2552 1978
2551 1978
2550 1979
2549 1980
2548 1981
2547 1982
2546 1983
2545 1984
2545 1985
2544 1986
2543 1987
2543 1988
2542 1989
2542 1990
2541 1991
2541 1992
2540 1993
2539 1994
2539 1995
2538 1996
2537 1997
2537 1998
2536 1999
2535 2000
2535 2001
2534 2002
2533 2003
2532 2004
2531 2005
2530 2006
2529 2007
2528 2008
2527 2009
2526 2010
2526 2011
2525 2012
2524 2013
2524 2014
2523 2015
2522 2016
2521 2017
2521 2018
2520 2019
2519 2020
2519 2021
2518 2022
2518 2023
2517 2024
2517 2025
2516 2026
2515 2027
2515 2028
2514 2029
2513 2030
2513 2031
2512 2032
2511 2033
2510 2034
2510 2035
2509 2036
2508 2037
2507 2038
2506 2039
2505 2040
2504 2041
2503 2042
2502 2043
2501 2044
2500 2045
2499 2045
2498 2046
2497 2047
2496 2047
2495 2048
2494 2049
2493 2050
2492 2051
2491 2051
2490 2052
2489 2053
2488 2053
2487 2054
2486 2055
2485 2055
2484 2056
2483 2057
2482 2057
2481 2058
2480 2058
2479 2059
2478 2060
2477 2060
2476 2061
2475 2061
2474 2062
2473 2063
2472 2063
2471 2064
2470 2064
2469 2065
2468 2066
2467 2066
2466 2067
2465 2068
2464 2069
2463 2069
2462 2070
2461 2071
2460 2072
2459 2073
2458 2073
2457 2074
2456 2075
2455 2075
2454 2076
2453 2077
2452 2078
2451 2079
2450 2079
2449 2080
2448 2081
2447 2081
2446 2082
2445 2082
2444 2083
2443 2083
2442 2083
2441 2083
2440 2084
2439 2084
2438 2085
2437 2085
2436 2086
2435 2086
2434 2087
2433 2087
2432 2088
2431 2088
2430 2088
2429 2089
2428 2089
2427 2089
2426 2090
2425 2091
2424 2091
2423 2092
2422 2092
2421 2093
2420 2094
2419 2095
2418 2096
2417 2097
2416 2098
2415 2099
2414 2099
2413 2100
2412 2101
2411 2102
2410 2102
2409 2103
2408 2104
2407 2105
2406 2105
2405 2106
2404 2106
2403 2107
2402 2107
2401 2107
2400 2108
2399 2108
2398 2108
2397 2108
2396 2109
2395 2109
2394 2109
2393 2110
2392 2110
2391 2110
2390 2111
2389 2111
2388 2111
2387 2112
2386 2112
2385 2113
2384 2113
2383 2113
2382 2113
2381 2114
2380 2114
2379 2115
2378 2115
2377 2116
2376 2117
2375 2117
2374 2118
2373 2119
2372 2119
2371 2120
2370 2121
2369 2122
2368 2122
2367 2123
2366 2123
2365 2124
2364 2124
2363 2125
2362 2125
2361 2125
2360 2126
2359 2126
2358 2127
2357 2127
2356 2128
2355 2128
2354 2129
2353 2130
2352 2130
2351 2131
2350 2131
2349 2132
2348 2132
2347 2132
2346 2132
2345 2132
2344 2132
2343 2132
2342 2133
2341 2133
2340 2133
2339 2133
2338 2133
2337 2133
2336 2133
2335 2134
2334 2134
2333 2134
2332 2135
2331 2135
2330 2135
2329 2136
2328 2136
2327 2136
2326 2137
2325 2137
2324 2137
2323 2137
2322 2138
2321 2138
2320 2138
2319 2138
2318 2138
2317 2138
2316 2138
2315 2139
2314 2139
2313 2139
2312 2139
2311 2139
2310 2139
2309 2139
2308 2139
2307 2139
2306 2140
2305 2140
2304 2140
2303 2141
2302 2141
2301 2142
2300 2142
2299 2143
2298 2143
2297 2143
2296 2144
2295 2144
2294 2145
2293 2145
2292 2145
2291 2146
2290 2146
2289 2147
2288 2147
2287 2148
2286 2148
2285 2148
2284 2149
2283 2149
2282 2149
2281 2150
2280 2150
2279 2150
2278 2150
2277 2150
2276 2151
2275 2151
2274 2151
2273 2151
2272 2151
2271 2151
2270 2151
2269 2152
2268 2152
2267 2152
2266 2152
2265 2153
2264 2153
2263 2154
2262 2154
2261 2154
2260 2155
2259 2155
2258 2155
2257 2156
2256 2156
2255 2156
2254 2156
2253 2156
2252 2157
2251 2157
2250 2157
2249 2157
2248 2157
2247 2157
2246 2157
2245 2157
2244 2158
2243 2158
2242 2158
2241 2158
2240 2159
2239 2159
2238 2159
2237 2159
2236 2160
2235 2160
2234 2161
2233 2161
2232 2162
2231 2162
2230 2162
2229 2162
2228 2163
2227 2163
2226 2163
2225 2163
2224 2163
2223 2163
2222 2163
2221 2163
2220 2163
2219 2164
2218 2164
2217 2164
2216 2164
2215 2164
2214 2164
2213 2164
2212 2164
2211 2165
2210 2165
2209 2166
2208 2166
2207 2167
2206 2167
2205 2167
2204 2168
2203 2168
2202 2168
2201 2169
2200 2169
2199 2170
2198 2170
2197 2171
2196 2171
2195 2172
2194 2172
2193 2173
2192 2173
2191 2173
2190 2174
2189 2174
2188 2174
2187 2175
2186 2175
2185 2176
2184 2176
2183 2177
2182 2178
2181 2178
2180 2179
2179 2179
2178 2180
2177 2180
2176 2180
2175 2180
2174 2181
2173 2181
2172 2181
2171 2181
2170 2181
2169 2181
2168 2181
2167 2181
2166 2181
2165 2182
2164 2182
2163 2182
2162 2182
2161 2182
2160 2182
2159 2182
2158 2182
2157 2182
2156 2182
2155 2182
2154 2182
2153 2182
2152 2182
2151 2182
2150 2182
2149 2183
2148 2183
2147 2184
2146 2184
2145 2185
2144 2185
2143 2186
2142 2186
2141 2186
2140 2186
2139 2186
2138 2187
2137 2187
2136 2187
2135 2187
2134 2187
2133 2187
2132 2187
2131 2187
2130 2187
2129 2188
2128 2188
2127 2188
2126 2188
2125 2188
2124 2188
2123 2188
2122 2188
2121 2188
2120 2188
2119 2188
2118 2188
2117 2188
2116 2188
2115 2188
2114 2188
2113 2188
2112 2188
2111 2188
2110 2188
2109 2188
2108 2188
2107 2188
2106 2188
2105 2188
2104 2188
2103 2188
2102 2188
2101 2188
2100 2188
2099 2188
2098 2188
2097 2188
2096 2188
2095 2188
2094 2188
2093 2188
2092 2189
2091 2189
2090 2189
2089 2190
2088 2190
2087 2190
2086 2191
2085 2191
2084 2191
2083 2191
2082 2192
2081 2192
2080 2192
2079 2192
2078 2193
2077 2193
2076 2193
2075 2193
2074 2193
2073 2193
2072 2193
2071 2193
2070 2193
2069 2193
2068 2193
2067 2194
2066 2194
2065 2194
2064 2194
2063 2194
2062 2194
2061 2194
2060 2195
2059 2195
2058 2195
2057 2196
2056 2196
2055 2197
2054 2197
2053 2197
2052 2197
2051 2198
2050 2198
2049 2198
2048 2198
2047 2198
2046 2198
2045 2199
2044 2199
2043 2199
2042 2199
2041 2199
2040 2199
2039 2199
2038 2199
2037 2199
2036 2200
2035 2200
2034 2200
2033 2200
2032 2200
2031 2200
2030 2200
2029 2200
2028 2201
2027 2201
2026 2201
2025 2202
2024 2202
2023 2203
2022 2203
2021 2204
2020 2204
2019 2204
2018 2204
2017 2205
2016 2205
2015 2205
2014 2205
2013 2205
2012 2205
2011 2205
2010 2205
2009 2205
2008 2206
2007 2206
2006 2206
2005 2206
2004 2206
2003 2206
2002 2206
2001 2207
2000 2207
1999 2208
1998 2208
1997 2209
1996 2209
1995 2209
1994 2210
1993 2210
1992 2210
1991 2210
1990 2210
1989 2211
1988 2211
1987 2211
1986 2211
1985 2211
1984 2211
1983 2211
1982 2212
1981 2212
1980 2212
1979 2212
1978 2212
1977 2212
1976 2212
1975 2213
1974 2214
1973 2214
1972 2215
1971 2215
1970 2215
1969 2216
1968 2217
1967 2217
1966 2218
1965 2219
1964 2219
1963 2220
1962 2220
1961 2221
1960 2221
1959 2222
1958 2222
1957 2222
1956 2223
1955 2223
1954 2224
1953 2225
1952 2225
1951 2226
1950 2226
1949 2226
1948 2227
1947 2227
1946 2227
1945 2228
1944 2228
1943 2228
1942 2228
1941 2228
1940 2229
1939 2229
1938 2229
1937 2229
1936 2229
1935 2229
1934 2229
1933 2229
1932 2229
1931 2230
1930 2230
1929 2230
1928 2231
1927 2231
1926 2231
1925 2231
1924 2232
1923 2232
1922 2232
1921 2233
1920 2233
1919 2233
1918 2234
1917 2234
1916 2234
1915 2235
1914 2235
1913 2236
1912 2236
1911 2237
1910 2237
1909 2238
1908 2238
1907 2239
1906 2239
1905 2240
1904 2240
1903 2241
1902 2242
1901 2242
1900 2243
1899 2243
1898 2244
1897 2244
1896 2244
1895 2245
1894 2245
1893 2245
1892 2245
1891 2246
1890 2246
1889 2246
1888 2246
1887 2246
1886 2246
1885 2246
1884 2247
1883 2247
1882 2247
1881 2247
1880 2248
1879 2248
1878 2248
1877 2249
1876 2249
1875 2250
1874 2250
1873 2250
1872 2251
1871 2251
1870 2251
1869 2251
1868 2252
1867 2252
1866 2252
1865 2252
1864 2252
1863 2253
1862 2253
1861 2253
1860 2253
1859 2253
1858 2253
1857 2253
1856 2253
1855 2253
1854 2254
1853 2254
1852 2254
1851 2254
1850 2255
1849 2255
1848 2256
1847 2256
1846 2257
1845 2257
1844 2258
1843 2258
1842 2259
1841 2260
1840 2260
1839 2261
1838 2261
1837 2262
1836 2262
1835 2262
1834 2263
1833 2263
1832 2263
1831 2263
1830 2264
1829 2264
1828 2264
1827 2264
1826 2264
1825 2265
1824 2265
1823 2265
1822 2265
1821 2266
1820 2266
1819 2266
1818 2267
1817 2268
1816 2268
1815 2269
1814 2270
1813 2270
1812 2271
1811 2271
1810 2272
1809 2272
1808 2273
1807 2273
1806 2274
1805 2274
1804 2274
1803 2275
1802 2275
1801 2275
1800 2275
1799 2276
1798 2276
1797 2276
1796 2276
1795 2277
1794 2277
1793 2278
1792 2278
1791 2278
1790 2279
1789 2279
1788 2280
1787 2280
1786 2281
1785 2281
1784 2282
1783 2282
1782 2283
1781 2283
1780 2284
1779 2284
1778 2285
1777 2285
1776 2286
1775 2286
1774 2287
1773 2287
1772 2288
1771 2288
1770 2289
1769 2289
1768 2290
1767 2290
1766 2291
1765 2292
1764 2292
1763 2293
1762 2293
1761 2294
1760 2294
1759 2295
1758 2296
1757 2296
1756 2297
1755 2297
1754 2298
1753 2299
1752 2299
1751 2300
1750 2301
1749 2301
1748 2302
1747 2302
1746 2303
1745 2303
1744 2304
1743 2304
1742 2305
1741 2305
1740 2305
1739 2306
1738 2306
1737 2307
1736 2307
1735 2308
1734 2308
1733 2309
1732 2309
1731 2310
1730 2311
1729 2311
1728 2312
1727 2313
1726 2314
1725 2314
1724 2315
1723 2316
1722 2316
1721 2317
1720 2318
1719 2318
1718 2319
1717 2319
1716 2320
1715 2320
1714 2321
1713 2321
1712 2322
1711 2322
1710 2323
1709 2323
1708 2324
1707 2324
1706 2325
1705 2326
1704 2327
1703 2327
1702 2328
1701 2329
1700 2330
1699 2330
1698 2331
1697 2331
1696 2332
1695 2332
1694 2333
1693 2334
1692 2334
1691 2335
1690 2336
1689 2336
1688 2337
1687 2338
1686 2338
1685 2339
1684 2340
1683 2341
1682 2341
1681 2342
1680 2343
1679 2344
1678 2345
1677 2345
1676 2346
1675 2346
1674 2347
1673 2347
1672 2347
1671 2348
1670 2348
1669 2348
1668 2348
1667 2349
1666 2349
1665 2349
1664 2350
1663 2350
1662 2350
1661 2351
1660 2351
1659 2352
1658 2352
1657 2352
1656 2353
1655 2353
1654 2353
1653 2354
1652 2354
1651 2355
1650 2355
1649 2356
1648 2356
1647 2357
1646 2357
1645 2358
1644 2358
1643 2358
1642 2358
1641 2359
1640 2359
1639 2359
1638 2359
1637 2360
1636 2360
1635 2360
1634 2360
1633 2360
1632 2361
1631 2361
1630 2361
1629 2362
1628 2362
1627 2362
1626 2363
1625 2363
1624 2363
1623 2364
1622 2364
1621 2365
1620 2365
1619 2366
1618 2366
1617 2367
1616 2367
1615 2367
1614 2368
1613 2368
1612 2369
1611 2369
1610 2370
1609 2370
1608 2370
1607 2371
1606 2371
1605 2371
1604 2371
1603 2372
1602 2372
1601 2372
1600 2372
1599 2372
1598 2373
1597 2373
1596 2373
1595 2373
1594 2373
1593 2374
1592 2374
1591 2374
1590 2374
1589 2374
1588 2375
1587 2375
1586 2375
1585 2375
1584 2375
1583 2376
1582 2376
1581 2376
1580 2376
1579 2377
1578 2377
1577 2377
1576 2377
1575 2378
1574 2378
1573 2378
1572 2378
1571 2378
1570 2379
1569 2379
1568 2379
1567 2379
1566 2379
1565 2379
1564 2379
1563 2379
1562 2379
1561 2379
1560 2380
1559 2380
1558 2380
1557 2380
1556 2380
1555 2381
1554 2381
1553 2381
1552 2382
1551 2382
1550 2382
1549 2383
1548 2383
1547 2384
1546 2384
1545 2384
1544 2385
1543 2385
1542 2386
1541 2386
1540 2387
1539 2387
1538 2387
1537 2388
1536 2388
1535 2388
1534 2389
1533 2389
1532 2389
1531 2389
1530 2390
1529 2390
1528 2391
1527 2391
1526 2392
1525 2392
1524 2392
1523 2393
1522 2393
1521 2394
1520 2394
1519 2394
1518 2394
1517 2395
1516 2395
1515 2395
1514 2395
1513 2396
1512 2396
1511 2396
1510 2396
1509 2396
1508 2396
1507 2396
1506 2397
1505 2397
1504 2397
1503 2397
1502 2397
1501 2398
1500 2398
1499 2398
1498 2399
1497 2399
1496 2399
1495 2399
1494 2400
1493 2400
1492 2400
1491 2400
1490 2401
1489 2401
1488 2401
1487 2401
1486 2402
1485 2402
1484 2402
1483 2402
1482 2402
1481 2403
1480 2403
1479 2403
1478 2403
1477 2403
1476 2403
1475 2403
1474 2403
1473 2403
1472 2403
1471 2403
1470 2404
1469 2404
1468 2404
1467 2404
1466 2404
1465 2404
1464 2404
1463 2404
1462 2405
1461 2405
1460 2405
1459 2405
1458 2406
1457 2406
1456 2407
1455 2407
1454 2407
1453 2408
1452 2408
1451 2409
1450 2409
1449 2409
1448 2410
1447 2410
1446 2411
1445 2411
1444 2411
1443 2412
1442 2412
1441 2412
1440 2413
1439 2413
1438 2413
1437 2413
1436 2414
1435 2414
1434 2414
1433 2414
1432 2415
1431 2415
1430 2415
1429 2416
1428 2416
1427 2416
1426 2417
1425 2417
1424 2417
1423 2417
1422 2418
1421 2418
1420 2418
1419 2418
1418 2419
1417 2419
1416 2419
1415 2419
1414 2420
1413 2420
1412 2420
1411 2420
1410 2420
1409 2420
1408 2420
1407 2420
1406 2420
1405 2421
1404 2421
1403 2421
1402 2421
1401 2421
1400 2421
1399 2421
1398 2421
1397 2421
1396 2421
1395 2421
1394 2422
1393 2422
1392 2422
1391 2422
1390 2422
1389 2422
1388 2422
1387 2422
1386 2422
1385 2422
1384 2422
1383 2423
1382 2423
1381 2423
1380 2423
1379 2423
1378 2424
1377 2424
1376 2424
1375 2424
1374 2424
1373 2425
1372 2425
1371 2425
1370 2426
1369 2426
1368 2426
1367 2427
1366 2427
1365 2428
1364 2428
1363 2428
1362 2429
1361 2429
1360 2429
1359 2429
1358 2430
1357 2430
1356 2430
1355 2431
1354 2431
1353 2431
1352 2431
1351 2431
1350 2432
1349 2432
1348 2432
1347 2432
1346 2432
1345 2432
1344 2433
1343 2433
1342 2433
1341 2433
1340 2433
1339 2433
1338 2433
1337 2433
1336 2433
1335 2433
1334 2433
1333 2433
1332 2433
1331 2434
1330 2434
1329 2434
1328 2434
1327 2434
1326 2434
1325 2434
1324 2434
1323 2434
1322 2434
1321 2434
1320 2435
1319 2435
1318 2435
1317 2435
1316 2435
1315 2436
1314 2436
1313 2436
1312 2436
1311 2437
1310 2437
1309 2437
1308 2437
1307 2437
1306 2438
1305 2438
1304 2438
1303 2438
1302 2438
1301 2439
1300 2439
1299 2439
1298 2439
1297 2439
1296 2439
1295 2439
1294 2439
1293 2439
1292 2440
1291 2440
1290 2440
1289 2440
1288 2440
1287 2440
1286 2440
1285 2440
1284 2440
1283 2440
1282 2440
1281 2440
1280 2440
1279 2440
1278 2440
1277 2440
1276 2440
1275 2440
1274 2440
1273 2440
1272 2440
1271 2440
1270 2440
1269 2440
1268 2440
1267 2440
1266 2440
1265 2440
1264 2440
1263 2440
1262 2440
1261 2440
1260 2440
1259 2440
1258 2440
1257 2440
1256 2440
1255 2440
1254 2440
1253 2440
1252 2440
1251 2440
1250 2440
1249 2440
1248 2440
1247 2440
1246 2441
1245 2441
1244 2441
1243 2441
1242 2441
1241 2441
1240 2441
1239 2441
1238 2441
1237 2441
1236 2441
1235 2441
1234 2441
1233 2441
1232 2441
1231 2441
1230 2441
1229 2441
1228 2441
1227 2441
1226 2441
1225 2441
1224 2441
1223 2441
1222 2441
1221 2441
1220 2441
1219 2441
1218 2441
1217 2441
1216 2441
1215 2441
1214 2441
1213 2441
1212 2441
1211 2441
1210 2441
1209 2441
1208 2441
1207 2441
1206 2441
1205 2441
1204 2441
1203 2441
1202 2441
1201 2441
1200 2441
1199 2441
1198 2441
1197 2441
1196 2441
1195 2441
1194 2441
1193 2441
1192 2441
1191 2441
1190 2441
1189 2441
1188 2441
1187 2441
1186 2441
1185 2441
1184 2441
1183 2441
1182 2441
1181 2441
1180 2441
1179 2441
1178 2441
1177 2441
1176 2441
1175 2441
1174 2441
1173 2441
1172 2441
1171 2441
1170 2441
1169 2441
1168 2441
1167 2441
1166 2441
1165 2441
1164 2441
1163 2441
1162 2441
1161 2441
1160 2441
1159 2441
1158 2441
1157 2441
1156 2441
1155 2441
1154 2441
1153 2441
1152 2441
1151 2441
1150 2441
1149 2441
1148 2441
1147 2441
1146 2441
1145 2441
1144 2441
1143 2441
1142 2441
1141 2441
1140 2441
1139 2441
1138 2441
1137 2441
1136 2441
1135 2441
1134 2441
1133 2441
1132 2441
1131 2441
1130 2441
1129 2441
1128 2441
1127 2441
1126 2441
1125 2441
1124 2441
1123 2441
1122 2441
1121 2441
1120 2441
1119 2441
1118 2441
1117 2441
1116 2441
1115 2441
1114 2441
1113 2441
1112 2441
1111 2441
1110 2441
1109 2441
1108 2441
1107 2441
1106 2441
1105 2441
1104 2441
1103 2441
1102 2441
1101 2441
1100 2441
1099 2441
1098 2441
1097 2441
1096 2441
1095 2441
1094 2441
1093 2441
1092 2441
1091 2441
1090 2441
1089 2441
1088 2441
1087 2441
1086 2441
1085 2441
1084 2441
1083 2441
1082 2441
1081 2441
1080 2441
1079 2441
1078 2441
1077 2441
1076 2441
1075 2441
1074 2441
1073 2441
1072 2441
1071 2441
1070 2441
1069 2441
1068 2441
1067 2441
1066 2441
1065 2441
1064 2441
1063 2441
1062 2441
1061 2441
1060 2441
1059 2441
1058 2441
1057 2441
1056 2441
1055 2441
1054 2441
1053 2441
1052 2441
1051 2441
1050 2441
1049 2441
1048 2441
1047 2441
1046 2441
1045 2441
1044 2441
1043 2441
1042 2441
1041 2441
1040 2441
1039 2441
1038 2441
1037 2441
1036 2441
1035 2441
1034 2441
1033 2441
1032 2441
1031 2441
1030 2441
1029 2441
1028 2441
1027 2441
1026 2441
1025 2441
1024 2441
1023 2441
1022 2441
1021 2441
1020 2441
1019 2441
1018 2441
1017 2441
1016 2441
1015 2441
1014 2441
1013 2441
1012 2441
1011 2441
1010 2441
1009 2441
1008 2441
1007 2441
1006 2441
1005 2441
1004 2441
1003 2441
1002 2441
1001 2441
1000 2441
999 2441
998 2441
997 2441
996 2441
995 2441
994 2441
993 2441
992 2441
991 2441
990 2441
989 2441
988 2441
987 2441
986 2441
985 2441
984 2441
983 2441
982 2441
981 2441
980 2441
979 2441
978 2441
977 2441
976 2441
975 2441
974 2441
973 2441
972 2441
971 2441
970 2441
969 2441
968 2441
967 2441
966 2441
965 2441
964 2441
963 2441
962 2441
961 2441
960 2441
959 2441
958 2441
957 2441
956 2441
955 2441
954 2441
953 2441
952 2441
951 2441
950 2441
949 2441
948 2441
947 2441
946 2441
945 2441
944 2441
943 2441
942 2441
941 2441
940 2441
939 2441
938 2441
937 2441
936 2441
935 2441
934 2441
933 2441
932 2441
931 2441
930 2441
929 2441
928 2441
927 2441
926 2441
925 2441
924 2441
923 2441
922 2441
921 2441
922 2441
923 2441
924 2441
925 2442
926 2442
927 2442
928 2443
929 2443
930 2443
931 2443
932 2444
933 2444
934 2444
935 2444
936 2444
937 2444
938 2444
939 2445
940 2445
941 2445
942 2445
943 2445
944 2445
945 2445
946 2445
947 2445
948 2446
949 2446
950 2446
951 2447
952 2447
953 2447
954 2448
955 2448
956 2448
957 2449
958 2450
959 2450
960 2451
961 2451
962 2452
963 2453
964 2453
965 2453
966 2454
967 2454
968 2454
969 2455
970 2455
971 2455
972 2455
973 2456
974 2456
975 2456
976 2456
977 2456
978 2456
979 2456
980 2457
981 2457
982 2457
983 2457
984 2457
985 2457
986 2457
987 2457
988 2457
989 2458
990 2458
991 2459
992 2460
993 2460
994 2461
995 2461
996 2461
997 2462
998 2462
999 2462
1000 2462
1001 2462
1002 2463
1003 2463
1004 2463
1005 2463
1006 2463
1007 2463
1008 2463
1009 2463
1010 2463
1011 2463
1012 2463
1013 2463
1014 2463
1015 2463
1016 2463
1017 2463
1018 2463
1019 2463
1020 2464
1021 2464
1022 2464
1023 2464
1024 2464
1025 2464
1026 2464
1027 2464
1028 2464
1029 2464
1030 2464
1031 2464
1032 2465
1033 2465
1034 2465
1035 2466
1036 2466
1037 2466
1038 2466
1039 2467
1040 2467
1041 2467
1042 2467
1043 2467
1044 2468
1045 2468
1046 2468
1047 2468
1048 2468
1049 2468
1050 2468
1051 2469
1052 2469
1053 2469
1054 2469
1055 2469
1056 2469
1057 2469
1058 2469
1059 2469
1060 2469
1061 2469
1062 2469
1063 2469
1064 2469
1065 2469
1066 2469
1067 2469
1068 2469
1069 2469
1070 2470
1071 2470
1072 2470
1073 2470
1074 2470
1075 2470
1076 2470
1077 2470
1078 2470
1079 2470
1080 2470
1081 2470
1082 2471
1083 2471
1084 2471
1085 2472
1086 2472
1087 2473
1088 2473
1089 2473
1090 2474
1091 2474
1092 2475
1093 2475
1094 2476
1095 2476
1096 2477
1097 2477
1098 2478
1099 2478
1100 2479
1101 2479
1102 2479
1103 2479
1104 2480
1105 2480
1106 2480
1107 2480
1108 2480
1109 2480
1110 2481
1111 2481
1112 2481
1113 2481
1114 2481
1115 2481
1116 2481
1117 2481
1118 2481
1119 2481
1120 2481
1121 2482
1122 2482
1123 2482
1124 2483
1125 2483
1126 2483
1127 2483
1128 2484
1129 2484
1130 2484
1131 2485
1132 2485
1133 2485
1134 2485
1135 2485
1136 2486
1137 2486
1138 2486
1139 2486
1140 2486
1141 2486
1142 2486
1143 2487
1144 2487
1145 2487
1146 2487
1147 2487
1148 2487
1149 2487
1150 2487
1151 2487
1152 2487
1153 2487
1154 2487
1155 2487
1156 2487
1157 2488
1158 2488
1159 2488
1160 2488
1161 2488
1162 2488
1163 2488
1164 2488
1165 2488
1166 2488
1167 2488
1168 2489
1169 2489
1170 2489
1171 2489
1172 2490
1173 2490
1174 2490
1175 2490
1176 2491
1177 2491
1178 2491
1179 2491
1180 2492
1181 2492
1182 2492
1183 2492
1184 2492
1185 2492
1186 2492
1187 2493
1188 2493
1189 2493
1190 2493
1191 2493
1192 2493
1193 2493
1194 2493
1195 2493
1196 2493
1197 2493
1198 2493
1199 2493
1200 2494
1201 2494
1202 2494
1203 2494
1204 2495
1205 2495
1206 2495
1207 2495
1208 2496
1209 2496
1210 2496
1211 2497
1212 2497
1213 2497
1214 2497
1215 2498
1216 2498
1217 2498
1218 2498
1219 2498
1220 2498
1221 2499
1222 2499
1223 2499
1224 2499
1225 2499
1226 2499
1227 2499
1228 2499
1229 2499
1230 2499
1231 2499
1232 2499
1233 2499
1234 2499
1235 2499
1236 2499
1237 2499
1238 2499
1239 2500
1240 2500
1241 2500
1242 2500
1243 2500
1244 2500
1245 2500
1246 2500
1247 2500
1248 2500
1249 2500
1250 2500
1251 2500
1252 2500
1253 2500
1254 2500
1255 2500
1256 2500
1257 2500
1258 2501
1259 2501
1260 2502
1261 2502
1262 2502
1263 2503
1264 2503
1265 2503
1266 2503
1267 2504
1268 2504
1269 2504
1270 2504
1271 2504
1272 2505
1273 2505
1274 2505
1275 2505
1276 2505
1277 2505
1278 2505
1279 2505
1280 2505
1281 2505
1282 2505
1283 2505
1284 2506
1285 2506
1286 2506
1287 2507
1288 2507
1289 2508
1290 2508
1291 2508
1292 2509
1293 2509
1294 2509
1295 2509
1296 2510
1297 2510
1298 2510
1299 2510
1300 2510
1301 2510
1302 2510
1303 2510
1304 2511
1305 2511
1306 2511
1307 2511
1308 2511
1309 2511
1310 2511
1311 2511
1312 2511
1313 2511
1314 2511
1315 2511
1316 2511
1317 2511
1318 2511
1319 2511
1320 2511
1321 2511
1322 2512
1323 2512
1324 2512
1325 2512
1326 2512
1327 2512
1328 2512
1329 2512
1330 2512
1331 2512
1332 2512
1333 2512
1334 2512
1335 2512
1336 2512
1337 2512
1338 2512
1339 2512
1340 2512
1341 2512
1342 2512
1343 2512
1344 2512
1345 2512
1346 2512
1347 2512
1348 2512
1349 2512
1350 2512
1351 2512
1352 2512
1353 2512
1354 2512
1355 2512
1356 2512
1357 2512
1358 2512
1359 2512
1360 2512
1361 2512
1362 2512
1363 2512
1364 2512
1365 2512
1366 2512
1367 2512
1368 2512
1369 2512
1370 2512
1371 2512
1372 2512
1373 2512
1374 2512
1375 2512
1376 2512
1377 2512
1378 2512
1379 2512
1380 2512
1381 2512
1382 2512
1383 2512
1384 2512
1385 2512
1386 2512
1387 2512
1388 2512
1389 2512
1390 2512
1391 2512
1392 2512
1393 2512
1394 2512
1395 2512
1396 2512
1397 2512
1398 2512
1399 2512
1400 2512
1401 2512
1402 2512
1403 2512
1404 2512
1405 2512
1406 2512
1407 2512
1408 2512
1409 2512
1410 2512
1411 2512
1412 2512
1413 2512
1414 2512
1415 2512
1416 2512
1417 2512
1418 2512
1419 2512
1420 2512
1421 2512
1422 2512
1423 2512
1424 2512
1425 2512
1426 2512
1427 2512
1428 2512
1429 2512
1430 2512
1431 2512
1432 2512
1433 2512
1434 2512
1435 2512
1436 2512
1437 2512
1438 2512
1439 2512
1440 2512
1441 2512
1442 2512
1443 2512
1444 2512
1445 2512
1446 2512
1447 2512
1448 2512
1449 2512
1450 2512
1451 2512
1452 2512
1453 2512
1454 2512
1455 2512
1456 2512
1457 2512
1458 2512
1459 2512
1460 2512
1461 2512
1462 2512
1463 2512
1464 2512
1465 2512
1466 2512
1467 2512
1468 2512
1469 2512
1470 2512
1471 2512
1472 2512
1473 2512
1474 2512
1475 2512
1476 2512
1477 2512
1478 2512
1479 2512
1480 2512
1481 2512
1482 2512
1483 2512
1484 2512
1485 2512
1486 2512
1487 2512
1488 2512
1489 2512
1490 2512
1491 2512
1492 2512
1493 2512
1494 2512
1495 2512
1496 2512
1497 2512
1498 2512
1499 2512
1500 2512
1501 2512
1502 2512
1503 2512
1504 2512
1505 2512
1506 2512
1507 2512
1508 2512
1509 2512
1510 2512
1511 2512
1512 2512
1513 2512
1514 2512
1515 2512
1516 2512
1517 2512
1518 2512
1519 2512
1520 2512
1521 2512
1522 2512
1523 2512
1524 2512
1525 2512
1526 2512
1527 2512
1528 2512
1529 2512
1530 2512
1531 2512
1532 2512
1533 2512
1534 2512
1535 2512
1536 2512
1537 2512
1538 2512
1539 2512
1540 2512
1541 2512
1542 2512
1543 2512
1544 2512
1545 2512
1546 2512
1547 2512
1548 2512
1549 2512
1550 2512
1551 2512
1552 2512
1553 2512
1554 2512
1555 2512
1556 2512
1557 2512
1558 2512
1559 2512
1560 2512
1561 2512
1562 2512
1563 2512
1564 2512
1565 2512
1566 2512
1567 2512
1568 2512
1569 2512
1570 2512
1571 2512
1572 2512
1573 2512
1574 2512
1575 2512
1576 2512
1577 2512
1578 2512
1579 2512
1580 2512
1581 2512
1582 2512
1583 2512
1584 2512
1585 2512
1586 2512
1587 2512
1588 2512
1589 2512
1590 2512
1591 2512
1592 2512
1593 2512
1594 2512
1595 2512
1596 2512
1597 2512
1598 2512
1599 2512
1600 2512
1601 2512
1602 2512
1603 2512
1604 2512
1605 2512
1606 2512
1607 2512
1608 2511
1609 2511
1610 2511
1611 2510
1612 2510
1613 2510
1614 2509
1615 2509
1616 2509
1617 2508
1618 2508
1619 2508
1620 2508
1621 2507
1622 2507
1623 2507
1624 2507
1625 2507
1626 2507
1627 2507
1628 2507
1629 2507
1630 2507
1631 2507
1632 2506
1633 2506
1634 2506
1635 2506
1636 2506
1637 2505
1638 2505
1639 2505
1640 2504
1641 2504
1642 2504
1643 2503
1644 2503
1645 2503
1646 2502
1647 2502
1648 2502
1649 2502
1650 2502
1651 2502
1652 2501
1653 2501
1654 2501
1655 2501
1656 2501
1657 2501
1658 2501
1659 2501
1660 2501
1661 2501
1662 2501
1663 2501
1664 2501
1665 2501
1666 2500
1667 2500
1668 2500
1669 2500
1670 2500
1671 2500
1672 2500
1673 2500
1674 2500
1675 2500
1676 2500
1677 2500
1678 2500
1679 2500
1680 2500
1681 2500
1682 2500
1683 2500
1684 2500
1685 2500
1686 2500
1687 2500
1688 2500
1689 2500
1690 2500
1691 2500
1692 2500
1693 2500
1694 2500
1695 2500
1696 2500
1697 2500
1698 2500
1699 2500
1700 2500
1701 2500
1702 2500
1703 2500
1704 2500
1705 2500
1706 2500
1707 2500
1708 2500
1709 2500
1710 2500
1711 2500
1712 2500
1713 2500
1714 2500
1715 2500
1716 2500
1717 2500
1718 2500
1719 2500
1720 2500
1721 2500
1722 2500
1723 2500
1724 2500
1725 2500
1726 2500
1727 2500
1728 2500
1729 2500
1730 2500
1731 2500
1732 2500
1733 2500
1734 2500
1735 2500
1736 2500
1737 2500
1738 2500
1739 2500
1740 2500
1741 2500
1742 2500
1743 2500
1744 2500
1745 2500
1746 2500
1747 2500
1748 2500
1749 2500
1750 2500
1751 2500
1752 2500
1753 2500
1754 2500
1755 2500
1756 2500
1757 2500
1758 2500
1759 2500
1760 2500
1761 2500
1762 2500
1763 2500
1764 2500
1765 2500
1766 2500
1767 2500
1768 2500
1769 2500
1770 2500
1771 2500
1772 2500
1773 2500
1774 2500
1775 2500
1776 2500
1777 2500
1778 2500
1779 2500
1780 2500
1781 2500
1782 2500
1783 2500
1784 2500
1785 2500
1786 2500
1787 2500
1788 2500
1789 2500
1790 2500
1791 2500
1792 2500
1793 2500
1794 2500
1795 2500
1796 2500
1797 2500
1798 2500
1799 2500
1800 2501
1801 2501
1802 2501
1803 2501
1804 2502
1805 2502
1806 2502
1807 2503
1808 2503
1809 2503
1810 2503
1811 2503
1812 2504
1813 2504
1814 2504
1815 2504
1816 2504
1817 2504
1818 2505
1819 2505
1820 2505
1821 2505
1822 2505
1823 2505
1824 2505
1825 2506
1826 2506
1827 2506
1828 2507
1829 2507
1830 2508
1831 2508
1832 2509
1833 2509
1834 2509
1835 2509
1836 2510
1837 2510
1838 2510
1839 2510
1840 2510
1841 2510
1842 2510
1843 2511
1844 2511
1845 2511
1846 2511
1847 2511
1848 2511
1849 2511
1850 2511
1851 2511
1852 2511
1853 2511
1854 2512
1855 2512
1856 2512
1857 2512
1858 2513
1859 2513
1860 2513
1861 2514
1862 2514
1863 2514
1864 2515
1865 2515
1866 2515
1867 2516
1868 2516
1869 2516
1870 2516
1871 2516
1872 2516
1873 2516
1874 2516
1875 2517
1876 2517
1877 2517
1878 2517
1879 2517
1880 2518
1881 2518
1882 2518
1883 2518
1884 2519
1885 2519
1886 2520
1887 2520
1888 2520
1889 2521
1890 2521
1891 2521
1892 2521
1893 2521
1894 2522
1895 2522
1896 2522
1897 2523
1898 2523
1899 2524
1900 2524
1901 2525
1902 2525
1903 2526
1904 2526
1905 2526
1906 2527
1907 2527
1908 2527
1909 2527
1910 2527
1911 2528
1912 2528
1913 2528
1914 2528
1915 2528
1916 2528
1917 2528
1918 2529
1919 2529
1920 2530
1921 2530
1922 2531
1923 2531
1924 2531
1925 2532
1926 2532
1927 2532
1928 2533
1929 2533
1930 2533
1931 2533
1932 2534
1933 2534
1934 2534
1935 2534
1936 2534
1937 2535
1938 2535
1939 2535
1940 2535
1941 2535
1942 2535
1943 2535
1944 2535
1945 2535
1946 2536
1947 2536
1948 2536
1949 2537
1950 2537
1951 2538
1952 2538
1953 2538
1954 2539
1955 2539
1956 2539
1957 2540
1958 2540
1959 2540
1960 2540
1961 2541
1962 2541
1963 2542
1964 2542
1965 2543
1966 2543
1967 2544
1968 2544
1969 2544
1970 2545
1971 2545
1972 2545
1973 2545
1974 2546
1975 2546
1976 2546
1977 2546
1978 2547
1979 2548
1980 2549
1981 2550
1982 2550
1983 2551
1984 2551
1985 2551
1986 2552
1987 2553
1988 2554
1989 2554
1990 2555
1991 2555
1992 2556
1993 2556
1994 2557
1995 2557
1996 2557
1997 2558
1998 2558
1999 2558
2000 2558
2001 2558
2002 2559
2003 2559
2004 2559
2005 2559
2006 2559
2007 2560
2008 2560
2009 2560
2010 2561
2011 2562
2012 2562
2013 2563
2014 2563
2015 2564
2016 2564
2017 2565
2018 2566
2019 2566
2020 2567
2021 2568
2022 2569
2023 2569
2024 2570
2025 2571
2026 2572
2027 2573
2028 2573
2029 2574
2030 2575
2031 2576
2032 2577
2033 2578
2034 2579
2035 2580
2036 2580
2037 2581
2038 2582
2039 2583
2040 2584
2041 2585
2042 2586
2043 2586
2044 2587
2045 2587
2046 2588
2047 2589
2048 2589
2049 2590
2050 2591
2051 2591
2052 2592
2053 2592
2054 2593
2055 2593
2056 2593
2057 2594
2058 2594
2059 2594
2060 2594
2061 2595
2062 2595
2063 2595
2064 2596
2065 2597
2066 2598
2067 2599
2068 2599
2069 2600
2070 2601
2071 2601
2072 2602
2073 2602
2074 2603
2075 2604
2076 2604
2077 2605
2078 2605
2079 2606
2080 2606
2081 2607
2082 2607
2083 2608
2083 2609
2084 2609
2085 2610
2086 2611
2087 2611
2088 2612
2089 2613
2090 2614
2091 2614
2092 2615
2093 2615
2094 2616
2095 2616
2096 2617
2097 2617
2098 2617
2099 2618
2100 2618
2101 2618
2102 2618
2103 2618
2104 2619
2105 2619
2106 2620
2107 2620
2108 2621
2109 2622
2110 2623
2111 2623
2112 2624
2112 2625
2113 2626
2114 2627
2115 2627
2116 2628
2117 2628
2118 2628
2119 2629
2120 2630
2121 2631
2122 2631
2123 2632
2124 2633
2125 2633
2126 2634
2127 2634
2128 2635
2129 2635
2130 2636
2131 2636
2132 2637
2133 2638
2134 2638
2135 2639
2136 2640
2137 2640
2138 2640
2139 2641
2140 2641
2141 2641
2142 2641
2143 2642
2144 2642
2145 2642
2146 2642
2147 2642
2148 2643
2149 2643
2150 2643
2151 2643
2152 2643
2153 2644
2154 2644
2155 2645
2156 2646
2157 2646
2158 2647
2159 2648
2160 2649
2161 2650
2162 2651
2163 2652
2164 2652
2165 2652
2166 2653
2167 2653
2168 2653
2169 2654
2170 2654
2171 2654
2172 2655
2173 2655
2174 2655
2175 2656
2176 2657
2177 2657
2178 2658
2179 2658
2180 2659
2181 2659
2182 2660
2183 2660
2184 2660
2185 2661
2186 2662
2187 2662
2188 2663
2189 2663
2190 2664
2191 2664
2192 2665
2193 2665
2194 2665
2195 2665
2196 2666
2197 2666
2198 2667
2199 2667
2200 2668
2201 2668
2202 2669
2203 2670
2204 2671
2205 2672
2206 2672
2207 2673
2208 2674
2209 2674
2210 2675
2211 2675
2212 2676
2213 2676
2214 2677
2215 2677
2216 2678
2217 2678
2218 2678
2219 2679
2220 2679
2221 2679
2222 2680
2223 2680
2224 2681
2225 2681
2226 2682
2227 2682
2228 2682
2229 2683
2230 2683
2231 2683
2232 2684
2233 2684
2234 2684
2235 2685
2236 2685
2237 2686
2238 2686
2239 2687
2240 2687
2241 2688
2242 2688
2243 2688
2244 2689
2245 2689
2246 2689
2247 2690
2248 2690
2249 2690
2250 2690
2251 2690
2252 2691
2253 2691
2254 2692
2255 2692
2256 2693
2257 2694
2258 2694
2259 2695
2260 2695
2261 2696
2262 2696
2263 2697
2264 2698
2265 2698
2266 2699
2267 2699
2268 2700
2269 2700
2270 2701
2271 2702
2272 2702
2273 2703
2274 2703
2275 2704
2276 2705
2277 2705
2278 2706
2279 2706
2280 2707
2281 2707
2282 2708
2283 2708
2284 2709
2285 2709
2286 2710
2287 2711
2288 2711
2289 2712
2290 2712
2291 2713
2292 2713
2293 2713
2294 2714
2295 2714
2296 2714
2297 2714
2298 2715
2299 2715
2300 2715
2301 2715
2302 2716
2303 2716
2304 2717
2305 2717
2306 2718
2307 2719
2308 2719
2309 2719
2310 2720
2311 2720
2312 2720
2313 2721
2314 2721
2315 2722
2316 2722
2317 2723
2318 2724
2319 2724
2320 2725
2321 2725
2322 2725
2323 2726
2324 2726
2325 2726
2326 2726
2327 2727
2328 2727
2329 2727
2330 2727
2331 2727
2332 2728
2333 2728
2334 2728
2335 2729
2336 2729
2337 2729
2338 2729
2339 2730
2340 2730
2341 2730
2342 2731
2343 2731
2344 2731
2345 2732
2346 2732
2347 2732
2348 2732
2349 2732
2350 2733
2351 2733
2352 2733
2353 2733
2354 2733
2355 2734
2356 2734
2357 2734
2358 2735
2359 2736
2360 2736
2361 2737
2362 2738
2363 2739
2364 2740
2365 2740
2366 2741
2367 2742
2368 2743
2369 2744
2370 2745
2371 2745
2372 2746
2373 2747
2374 2747
2375 2748
2376 2748
2377 2749
2378 2749
2379 2750
2380 2750
2381 2751
2382 2751
2383 2752
2384 2753
2385 2753
2386 2754
2387 2755
2388 2755
2389 2756
2390 2757
2391 2758
2392 2758
2393 2759
2394 2759
2395 2760
2396 2760
2397 2761
2398 2761
2399 2761
2400 2761
2401 2762
2402 2762
2403 2762
2404 2763
2405 2763
2406 2763
2407 2764
2408 2764
2409 2765
2410 2765
2411 2765
2412 2766
2413 2766
2414 2767
2415 2767
2416 2768
2417 2768
2418 2769
2419 2769
2420 2770
2421 2770
2422 2771
2423 2772
2424 2772
2425 2773
2426 2773
2427 2774
2428 2774
2429 2775
2430 2776
2431 2776
2432 2777
2433 2778
2434 2778
2435 2778
2436 2779
2437 2779
2438 2780
2439 2780
2440 2780
2441 2781
2442 2781
2443 2782
2444 2783
2445 2783
2446 2784
2447 2784
2448 2785
2449 2786
2450 2787
2451 2787
2452 2788
2453 2789
2454 2789
2455 2790
2456 2790
2457 2791
2458 2791
2459 2792
2460 2792
2461 2793
2462 2793
2463 2794
2464 2795
2465 2795
2466 2796
2467 2796
2468 2797
2469 2797
2470 2798
2471 2799
2472 2799
2473 2800
2474 2801
2475 2802
2476 2802
2477 2802
2478 2803
2479 2803
2480 2804
2481 2804
2482 2805
2483 2805
2484 2805
2485 2806
2486 2807
2487 2807
2488 2808
2489 2809
2490 2810
2491 2811
2492 2812
2493 2812
2494 2813
2495 2814
2496 2815
2497 2816
2498 2817
2499 2817
2500 2818
2501 2819
2502 2819
2503 2820
2504 2820
2505 2820
2506 2821
2507 2822
2508 2823
2509 2823
2510 2824
2511 2825
2512 2826
2513 2826
2514 2827
2515 2828
2516 2828
2517 2829
2518 2830
2519 2831
2520 2832
2521 2832
2522 2833
2523 2834
2524 2835
2525 2836
2526 2837
2527 2837
2528 2838
2529 2839
2530 2839
2531 2840
2532 2840
2533 2841
2534 2841
2535 2842
2536 2843
2537 2843
2538 2844
2539 2845
2540 2845
2541 2846
2542 2846
2543 2847
2544 2848
2545 2848
2546 2849
2547 2850
2548 2850
2549 2851
2550 2851
2551 2851
2552 2852
2553 2852
2554 2853
2555 2853
2556 2854
2557 2854
2558 2855
2559 2856
2560 2857
2561 2858
2562 2858
2563 2859
2564 2860
2565 2861
2566 2862
2567 2862
2568 2863
2569 2864
2570 2864
2571 2865
2572 2866
2573 2867
2574 2868
2575 2868
2576 2869
2577 2870
2578 2871
2579 2872
2580 2873
2581 2873
2582 2874
2583 2875
2584 2875
2585 2876
2586 2877
2587 2878
2588 2879
2589 2880
2590 2881
2591 2882
2592 2883
2593 2884
2594 2885
2595 2885
2596 2886
2597 2887
2598 2888
2599 2889
2600 2890
2601 2891
2602 2891
2603 2892
2604 2892
2605 2892
2606 2893
2607 2893
2608 2894
2609 2895
2610 2896
2611 2897
2612 2897
2613 2898
2614 2899
2615 2900
2616 2900
2617 2901
2618 2902
2619 2903
2620 2904
2621 2905
2622 2906
2622 2907
2623 2908
2624 2909
2625 2909
2626 2910
2627 2911
2628 2912
2629 2912
2630 2913
2631 2914
2632 2914
2633 2915
2634 2916
2635 2917
2636 2917
2637 2917
2638 2918
2639 2919
2640 2919
2641 2920
2642 2921
2643 2922
2644 2922
2645 2923
2646 2923
2647 2924
2648 2925
2649 2926
2650 2927
2650 2928
2651 2929
2652 2930
2653 2931
2654 2932
2655 2932
2656 2933
2657 2934
2658 2934
2659 2935
2660 2936
2661 2937
2662 2937
2663 2938
2664 2939
2665 2939
2666 2940
2667 2941
2668 2941
2669 2942
2670 2943
2671 2944
2672 2945
2673 2946
2674 2947
2675 2948
2675 2949
2676 2950
2677 2951
2678 2952
2679 2952
2680 2953
2681 2954
2682 2954
2683 2955
2684 2956
2684 2957
2685 2958
2686 2959
2687 2960
2688 2961
2689 2962
2689 2963
2690 2964
2691 2965
2691 2966
2692 2967
2693 2968
2694 2969
2695 2970
2696 2971
2697 2972
2698 2973
2699 2974
2699 2975
2700 2976
2701 2977
2702 2978
2703 2979
2704 2980
2704 2981
2705 2982
2706 2983
2707 2984
2708 2985
2709 2986
2709 2987
2710 2988
2711 2989
2712 2990
2712 2991
2713 2992
2714 2993
2714 2994
2715 2995
2715 2996
2716 2997
2716 2998
2716 2999
2717 3000
2717 3001
2717 3002
2718 3003
2718 3004
2719 3005
2719 3006
2719 3007
2720 3008
2721 3009
2721 3010
2722 3011
2723 3012
2723 3013
2724 3014
2725 3015
2726 3016
2726 3017
2727 3018
2728 3019
2729 3020
2730 3021
2731 3022
2732 3023
2732 3024
2733 3025
2734 3026
2735 3027
2736 3028
2737 3029
2737 3030
2738 3031
2738 3032
2739 3033
2739 3034
2740 3035
2741 3036
2741 3037
2742 3038
2743 3039
2744 3040
2744 3041
2745 3042
2745 3043
2746 3044
2747 3045
2747 3046
2748 3047
2749 3048
2749 3049
2750 3050
2750 3051
2751 3052
2751 3053
2752 3054
2752 3055
2753 3056
2753 3057
2754 3058
2754 3059
2755 3060
2756 3061
2757 3062
2757 3063
2758 3064
2759 3065
2760 3065
2761 3066
2761 3067
2762 3068
2763 3069
2763 3070
2764 3071
2765 3071
2766 3072
2767 3073
2767 3074
2768 3075
2769 3076
2769 3077
2770 3078
2771 3079
2772 3080
2773 3081
2773 3082
2774 3083
2775 3084
2776 3085
2777 3086
2778 3087
2778 3088
2779 3089
2780 3090
2781 3091
2782 3092
2783 3093
2784 3094
2785 3095
2786 3096
2787 3097
2787 3098
2788 3099
2789 3100
2789 3101
2790 3102
2791 3103
2791 3104
2792 3105
2792 3106
2793 3107
2794 3108
2795 3109
2796 3110
2797 3111
2798 3112
2799 3112
2800 3113
2801 3114
2802 3114
2803 3115
2804 3115
2805 3116
2806 3117
2807 3117
2808 3118
2809 3119
2810 3119
2811 3120
2812 3121
2813 3122
2814 3123
2815 3124
2816 3125
2816 3126
2817 3127
2818 3128
2818 3129
2819 3130
2820 3131
2821 3132
2822 3133
2822 3134
2823 3135
2824 3136
2825 3137
2826 3138
2827 3139
2828 3140
2829 3141
2830 3141
2831 3142
2832 3143
2833 3144
2834 3144
2835 3145
2836 3146
2837 3147
2838 3148
2839 3149
2840 3150
2841 3151
2842 3152
2843 3153
2844 3154
2845 3155
2846 3156
2847 3157
2848 3158
2849 3159
2850 3160
2851 3160
2852 3161
2853 3162
2854 3162
2855 3163
2856 3164
2857 3164
2858 3165
2859 3166
2860 3166
2861 3167
2862 3168
2863 3169
2864 3169
2865 3170
2866 3171
2867 3172
2868 3173
2869 3173
2870 3174
2871 3175
2872 3175
2873 3176
2874 3176
2875 3177
2876 3178
2877 3178
2878 3179
2879 3180
2880 3180
2881 3181
2882 3181
2883 3182
2884 3182
2885 3182
2886 3183
2887 3183
2888 3184
2889 3185
2890 3185
2891 3186
2892 3187
2893 3187
2894 3187
2895 3188
2896 3188
2897 3188
2898 3189
2899 3189
2900 3190
2901 3190
2902 3190
2903 3191
2904 3192
2905 3192
2906 3193
2907 3193
2908 3194
2909 3194
2910 3195
2911 3196
2912 3196
2913 3197
2914 3198
2915 3199
2916 3199
2917 3200
2918 3201
2919 3201
2920 3202
2921 3203
2922 3204
2923 3204
2924 3205
2925 3205
2926 3205
2927 3206
2928 3206
2929 3206
2930 3207
2931 3208
2932 3209
2933 3209
2934 3210
2935 3210
2936 3211
2937 3211
2938 3212
2939 3212
2940 3213
2941 3213
2942 3214
2943 3214
2944 3215
2945 3216
2946 3216
2947 3217
2948 3217
2949 3217
2950 3218
2951 3218
2952 3218
2953 3218
2954 3219
2955 3219
2956 3219
2957 3219
2958 3220
2959 3220
2960 3220
2961 3221
2962 3221
2963 3222
2964 3223
2965 3223
2966 3224
2967 3224
2968 3225
2969 3225
2970 3225
2971 3225
2972 3226
2973 3226
2974 3227
2975 3228
2976 3228
2977 3229
2978 3229
2979 3230
2980 3230
2981 3231
2982 3231
2983 3231
2984 3231
2985 3232
2986 3232
2987 3232
2988 3232
2989 3232
2990 3232
2991 3232
2992 3232
2993 3232
2994 3232
2995 3232
2996 3232
2997 3233
2998 3233
2999 3233
3000 3233
3001 3233
3002 3234
3003 3234
3004 3234
3005 3235
3006 3235
3007 3235
3008 3236
3009 3236
3010 3236
3011 3237
3012 3237
3013 3237
3014 3237
3015 3237
3016 3238
3017 3238
3018 3238
3019 3238
3020 3238
3021 3238
3022 3238
3023 3238
3024 3238
3025 3238
3026 3238
3027 3239
3028 3239
3029 3239
3030 3239
3031 3239
3032 3239
3033 3239
3034 3239
3035 3239
3036 3239
3037 3239
3038 3239
3039 3239
3040 3239
3041 3239
3042 3239
3043 3239
3044 3239
3045 3239
3046 3239
3047 3239
3048 3239
3049 3239
3050 3239
3051 3239
3052 3239
3053 3239
3054 3239
3055 3239
3056 3239
3057 3239
3058 3239
3059 3239
3060 3239
3061 3239
3062 3239
3063 3239
3064 3239
3065 3239
3066 3239
3067 3239
3068 3239
3069 3239
3070 3239
3071 3239
3072 3239
3073 3239
3074 3239
3075 3239
3076 3239
3077 3239
3078 3239
3079 3239
3080 3239
3081 3239
3082 3239
3083 3239
3084 3239
3085 3239
3086 3239
3087 3239
3088 3239
3089 3239
3090 3239
3091 3239
3092 3239
3093 3239
3094 3239
3095 3239
3096 3239
3097 3239
3098 3239
3099 3239
3100 3239
3101 3239
3102 3239
3103 3239
3104 3239
3105 3239
3106 3239
3107 3238
3108 3238
3109 3238
3110 3237
3111 3237
3112 3237
3113 3236
3114 3236
3115 3236
3116 3235
3117 3235
3118 3235
3119 3235
3120 3234
3121 3234
3122 3233
3123 3233
3124 3232
3125 3232
3126 3232
3127 3231
3128 3231
3129 3231
3130 3230
3131 3230
3132 3230
3133 3230
3134 3229
3135 3229
3136 3229
3137 3229
3138 3229
3139 3228
3140 3228
3141 3228
3142 3228
3143 3228
3144 3227
3145 3226
3146 3226
3147 3225
3148 3225
3149 3224
3150 3224
3151 3224
3152 3223
3153 3223
3154 3223
3155 3223
3156 3223
3157 3222
3158 3222
3159 3222
3160 3222
3161 3222
3162 3221
3163 3221
3164 3220
3165 3220
3166 3219
3167 3219
3168 3218
3169 3218
3170 3218
3171 3217
3172 3217
3173 3217
3174 3217
3175 3217
3176 3216
3177 3216
3178 3216
3179 3215
3180 3215
3181 3214
3182 3213
3183 3213
3184 3212
3185 3211
3186 3211
3187 3210
3188 3209
3189 3208
3190 3207
3191 3207
3192 3206
3193 3206
3194 3205
3195 3205
3196 3204
3197 3203
3198 3202
3199 3202
3200 3201
3201 3201
3202 3200
3203 3200
3204 3199
3205 3199
3206 3198
3207 3198
3208 3197
3209 3196
3210 3196
3211 3195
3212 3195
3213 3195
3214 3194
3215 3194
3216 3193
3217 3193
3218 3192
3219 3191
3220 3190
3221 3189
3222 3189
3223 3188
3224 3187
3225 3187
3226 3186
3227 3185
3228 3184
3229 3184
3230 3183
3231 3182
3232 3182
3233 3181
3234 3181
3235 3180
3236 3179
3237 3178
3238 3177
3239 3176
3240 3175
3241 3174
3242 3174
3243 3173
3244 3172
3245 3172
3246 3171
3247 3170
3248 3169
3248 3168
3249 3167
3250 3166
3251 3165
3252 3164
3252 3163
3253 3162
3254 3161
3255 3160
3255 3159
3256 3158
3256 3157
3257 3156
3257 3155
3258 3154
3259 3153
3260 3152
3260 3151
3261 3150
3261 3149
3262 3148
3263 3147
3264 3146
3264 3145
3265 3144
3265 3143
3266 3142
3266 3141
3267 3140
3267 3139
3267 3138
3268 3137
3268 3136
3269 3135
3270 3134
3271 3133
3272 3132
3273 3131
3274 3130
3275 3129
3276 3128
3277 3127
3277 3126
3278 3125
3279 3124
3279 3123
3280 3122
3280 3121
3281 3120
3282 3119
3283 3118
3283 3117
3284 3116
3285 3115
3285 3114
3286 3113
3286 3112
3287 3111
3288 3110
3288 3109
3289 3108
3290 3107
3291 3106
3292 3105
3293 3104
3294 3104
3295 3103
3296 3103
3297 3103
3298 3102
3299 3102
3300 3102
3301 3102
3302 3101
3303 3101
3304 3101
3305 3101
3306 3101
3307 3101
3308 3101
3309 3101
3310 3101
3311 3101
3312 3101
3313 3101
3314 3101
3315 3101
3316 3101
3317 3101
3318 3101
3319 3101
3320 3101
3321 3101
3322 3101
3323 3101
3324 3101
3325 3101
3326 3101
3327 3101
3328 3101
3329 3101
3330 3101
3331 3101
3332 3101
3333 3101
3334 3101
3335 3101
3336 3101
3337 3101
3338 3101
3339 3101
3340 3101
3341 3101
3342 3101
3343 3101
3344 3101
3345 3101
3346 3101
3347 3101
3348 3101
3349 3101
3350 3101
3351 3101
3352 3101
3353 3101
3354 3101
3355 3101
3356 3101
3357 3101
3358 3101
3359 3101
3360 3101
3361 3101
3362 3101
3363 3101
3364 3101
3365 3101
3366 3101
3367 3101
3368 3101
3369 3101
3370 3101
3371 3101
3372 3101
3373 3101
3374 3101
3375 3101
3376 3101
3377 3101
3378 3101
3379 3101
3380 3101
3381 3101
3382 3101
3383 3101
3384 3101
3385 3101
3386 3101
3387 3101
3388 3101
3389 3101
3390 3102
3391 3102
3392 3102
3393 3103
3394 3103
3395 3103
3396 3104
3397 3104
3398 3104
3399 3104
3400 3104
3401 3105
3402 3105
3403 3105
3404 3105
3405 3105
3406 3106
3407 3106
3408 3106
3409 3107
3410 3108
3411 3108
3412 3109
3413 3109
3414 3110
3415 3110
3416 3110
3417 3110
3418 3111
3419 3111
3420 3111
3421 3111
3422 3111
3423 3111
3424 3112
3425 3112
3426 3112
3427 3112
3428 3112
3429 3112
3430 3112
3431 3112
3432 3113
3433 3114
3434 3114
3435 3115
3436 3115
3437 3116
3438 3116
3439 3116
3440 3117
3441 3117
3442 3117
3443 3117
3444 3117
3445 3118
3446 3118
3447 3118
3448 3118
3449 3118
3450 3118
3451 3118
3452 3118
3453 3118
3454 3118
3455 3118
3456 3118
3457 3119
3458 3119
3459 3119
3460 3119
3461 3119
3462 3119
3463 3119
3464 3119
3465 3119
3466 3119
3467 3119
3468 3119
3469 3119
3470 3119
3471 3119
3472 3119
3473 3119
3474 3119
3475 3120
3476 3120
3477 3121
3478 3121
3479 3121
3480 3122
3481 3122
3482 3122
3483 3123
3484 3123
3485 3123
3486 3123
3487 3123
3488 3124
3489 3124
3490 3124
3491 3124
3492 3124
3493 3124
3494 3124
3495 3124
3496 3124
3497 3124
3498 3124
3499 3124
3500 3125
3501 3125
3502 3125
3503 3125
3504 3125
3505 3125
3506 3125
3507 3125
3508 3125
3509 3125
3510 3125
3511 3125
3512 3125
3513 3125
3514 3125
3515 3125
3516 3125
3517 3125
3518 3125
3519 3125
3520 3125
3521 3125
3522 3125
3523 3125
3524 3125
3525 3125
3526 3125
3527 3125
3528 3125
3529 3125
3530 3125
3531 3124
3532 3124
3533 3124
3534 3123
3535 3123
3536 3122
3537 3122
3538 3122
3539 3121
3540 3121
3541 3121
3542 3121
3543 3120
3544 3120
3545 3120
3546 3119
3547 3119
3548 3119
3549 3118
3550 3117
3551 3116
3552 3116
3553 3115
3554 3114
3555 3113
3556 3112
3557 3111
3558 3111
3559 3110
3560 3110
3561 3109
3562 3108
3563 3108
3564 3107
3565 3106
3566 3105
3567 3105
3568 3104
3569 3103
3570 3102
3571 3101
3572 3101
3573 3100
3574 3099
3575 3099
3576 3099
3577 3098
3578 3098
3579 3097
3580 3097
3581 3096
3582 3096
3583 3095
3584 3095
3585 3094
3586 3093
3587 3092
3588 3092
3589 3091
3590 3090
3591 3089
3592 3088
3593 3088
3594 3087
3595 3087
3596 3086
3597 3086
3598 3085
3599 3085
3600 3084
3601 3084
3602 3084
3603 3083
3604 3082
3605 3082
3606 3081
3607 3080
3608 3079
3609 3078
3610 3077
3611 3076
3612 3076
3613 3075
3614 3074
3615 3074
3616 3073
3617 3072
3618 3071
3619 3070
3620 3070
3621 3069
3622 3068
3623 3068
3624 3067
3625 3066
3626 3065
3627 3064
3628 3063
3629 3063
3630 3062
3631 3062
3631 3061
3632 3060
3633 3059
3634 3059
3635 3058
3636 3057
3637 3056
3638 3055
3638 3054
3639 3053
3640 3052
3641 3052
3642 3051
3643 3050
3644 3050
3645 3049
3646 3048
3647 3047
3648 3047
3649 3046
3650 3045
3650 3044
3651 3043
3652 3042
3653 3041
3654 3040
3654 3039
3655 3038
3656 3037
3656 3036
3657 3035
3658 3034
3658 3033
3659 3032
3659 3031
3660 3030
3661 3029
3662 3028
3662 3027
3663 3026
3664 3025
3664 3024
3665 3023
3665 3022
3666 3021
3667 3020
3667 3019
3668 3018
3669 3017
3670 3016
3671 3015
3671 3014
3672 3013
3673 3012
3674 3011
3675 3010
3676 3009
3677 3008
3678 3007
3678 3006
3679 3005
3680 3004
3680 3003
3681 3002
3682 3001
3682 3000
3683 2999
3684 2998
3684 2997
3685 2996
3686 2995
3686 2994
3687 2993
3687 2992
3687 2991
3688 2990
3688 2989
3689 2988
3689 2987
3690 2986
3691 2985
3691 2984
3692 2983
3693 2982
3693 2981
3694 2980
3695 2979
3696 2978
3696 2977
3697 2976
3697 2975
3698 2974
3699 2973
3699 2972
3699 2971
3700 2970
3700 2969
3700 2968
3701 2967
3701 2966
3702 2965
3702 2964
3703 2963
3703 2962
3704 2961
3704 2960
3705 2959
3705 2958
3706 2957
3706 2956
3707 2955
3707 2954
3708 2953
3709 2952
3709 2951
3710 2950
3711 2949
3711 2948
3711 2947
3712 2946
3713 2945
3713 2944
3714 2943
3715 2942
3715 2941
3716 2940
3717 2939
3718 2938
3719 2938
3720 2937
3721 2936
3721 2935
3722 2934
3723 2933
3723 2932
3724 2931
3724 2930
3725 2929
3725 2928
3726 2927
3726 2926
3727 2925
3728 2924
3728 2923
3728 2922
3729 2921
3729 2920
3729 2919
3730 2918
3730 2917
3730 2916
3730 2915
3731 2914
3731 2913
3731 2912
3731 2911
3731 2910
3731 2909
3732 2908
3732 2907
3732 2906
3732 2905
3732 2904
3732 2903
3732 2902
3733 2901
3733 2900
3733 2899
3734 2898
3734 2897
3734 2896
3735 2895
3735 2894
3735 2893
3736 2892
3736 2891
3736 2890
3737 2889
3737 2888
3737 2887
3737 2886
3737 2885
3737 2884
3737 2883
3737 2882
3738 2881
3738 2880
3738 2879
3738 2878
3738 2877
3738 2876
3738 2875
3738 2874
3738 2873
3738 2872
3738 2871
3738 2870
3738 2869
3738 2868
3738 2867
3738 2866
3738 2865
3739 2864
3739 2863
3739 2862
3739 2861
3739 2860
3739 2859
3739 2858
3739 2857
3739 2856
3739 2855
3739 2854
3739 2853
3739 2852
3739 2851
3739 2850
3739 2849
3739 2848
3739 2847
3739 2846
3739 2845
3739 2844
3739 2843
3739 2842
3739 2841
3739 2840
3739 2839
3739 2838
3739 2837
3739 2836
3739 2835
3739 2834
3739 2833
3739 2832
3739 2831
3739 2830
3739 2829
3739 2828
3739 2827
3739 2826
3739 2825
3739 2824
3739 2823
3739 2822
3739 2821
3739 2820
3739 2819
3739 2818
3739 2817
3739 2816
3739 2815
3739 2814
3739 2813
3739 2812
3739 2811
3739 2810
3739 2809
3739 2808
3739 2807
3739 2806
3739 2805
3739 2804
3739 2803
3739 2802
3739 2801
3739 2800
3739 2799
3739 2798
3739 2797
3739 2796
3739 2795
3739 2794
3739 2793
3739 2792
3739 2791
3739 2790
3739 2789
3739 2788
3739 2787
3739 2786
3739 2785
3739 2784
3739 2783
3739 2782
3739 2781
3739 2780
3739 2779
3739 2778
3739 2777
3739 2776
3739 2775
3739 2774
3739 2773
3739 2772
3739 2771
3739 2770
3739 2769
3739 2768
3739 2767
3739 2766
3739 2765
3739 2764
3739 2763
3739 2762
3739 2761
3739 2760
3739 2759
3739 2758
3739 2757
3739 2756
3739 2755
3739 2754
3739 2753
3739 2752
3739 2751
3739 2750
3739 2749
3739 2748
3739 2747
3739 2746
3739 2745
3739 2744
3739 2743
3739 2742
3739 2741
3739 2740
3739 2739
3739 2738
3739 2737
3739 2736
3739 2735
3739 2734
3739 2733
3739 2732
3739 2731
3739 2730
3739 2729
3739 2728
3739 2727
3739 2726
3739 2725
3739 2724
3738 2723
3738 2722
3738 2721
3737 2720
3737 2719
3736 2718
3736 2717
3736 2716
3735 2715
3735 2714
3735 2713
3735 2712
3734 2711
3734 2710
3733 2709
3733 2708
3733 2707
3732 2706
3732 2705
3732 2704
3731 2703
3731 2702
3730 2701
3730 2700
3730 2699
3729 2698
3729 2697
3729 2696
3729 2695
3729 2694
3728 2693
3728 2692
3728 2691
3728 2690
3727 2689
3727 2688
3726 2687
3726 2686
3725 2685
3725 2684
3725 2683
3725 2682
3724 2681
3724 2680
3724 2679
3723 2678
3723 2677
3723 2676
3722 2675
3721 2674
3721 2673
3720 2672
3720 2671
3719 2670
3719 2669
3718 2668
3718 2667
3718 2666
3717 2665
3717 2664
3717 2663
3716 2662
3716 2661
3715 2660
3715 2659
3714 2658
3713 2657
3713 2656
3712 2655
3712 2654
3711 2653
3711 2652
3710 2651
3710 2650
3709 2649
3709 2648
3708 2647
3707 2646
3707 2645
3706 2644
3706 2643
3705 2642
3704 2641
3704 2640
3703 2639
3702 2638
3702 2637
3701 2636
3700 2635
3700 2634
3699 2633
3698 2632
3697 2631
3696 2630
3696 2629
3695 2628
3694 2627
3693 2626
3692 2625
3692 2624
3691 2623
3690 2622
3689 2621
3689 2620
3688 2619
3687 2618
3687 2617
3686 2616
3685 2615
3685 2614
3684 2613
3684 2612
3684 2611
3683 2610
3683 2609
3682 2608
3682 2607
3681 2606
3681 2605
3681 2604
3680 2603
3680 2602
3679 2601
3679 2600
3678 2599
3678 2598
3677 2597
3677 2596
3677 2595
3677 2594
3676 2593
3676 2592
3676 2591
3676 2590
3675 2589
3675 2588
3675 2587
3675 2586
3675 2585
3675 2584
3675 2583
3674 2582
3674 2581
3674 2580
3674 2579
3673 2578
3673 2577
3672 2576
3672 2575
3671 2574
3671 2573
3671 2572
3670 2571
3670 2570
3670 2569
3670 2568
3669 2567
3669 2566
3669 2565
3669 2564
3669 2563
3669 2562
3668 2561
3668 2560
3668 2559
3668 2558
3668 2557
3668 2556
3668 2555
3668 2554
3667 2553
3667 2552
3667 2551
3667 2550
3666 2549
3666 2548
3666 2547
3665 2546
3665 2545
3665 2544
3664 2543
3664 2542
3664 2541
3663 2540
3663 2539
3663 2538
3663 2537
3663 2536
3662 2535
3662 2534
3662 2533
3661 2532
3661 2531
3660 2530
3659 2529
3658 2528
3658 2527
3657 2526
3657 2525
3656 2525
3655 2524
3655 2523
3654 2522
3654 2521
3653 2520
3652 2519
3652 2518
3652 2517
3652 2516
3651 2515
3650 2514
3650 2513
3649 2512
3648 2511
3648 2510
3647 2509
3647 2508
3646 2507
3646 2506
3645 2505
3644 2504
3643 2503
3642 2502
3642 2501
3641 2500
3640 2499
3639 2499
3638 2498
3637 2497
3637 2496
3636 2495
3635 2494
3634 2493
3634 2492
3634 2491
3633 2490
3633 2489
3632 2488
3632 2487
3632 2486
3631 2485
3630 2484
3630 2483
3629 2482
3629 2481
3628 2480
3628 2479
3628 2478
3627 2477
3627 2476
3627 2475
3627 2474
3627 2473
3626 2472
3626 2471
3626 2470
3626 2469
3626 2468
3626 2467
3626 2466
3626 2465
3626 2464
3626 2463
3625 2462
3625 2461
3625 2460
3625 2459
3624 2458
3624 2457
3623 2456
3623 2455
3623 2454
3622 2453
3622 2452
3621 2451
3620 2450
3620 2449
3619 2448
3618 2447
3617 2446
3617 2445
3617 2444
3616 2443
3616 2442
3616 2441
3616 2440
3617 2439
3617 2438
3617 2437
3618 2436
3618 2435
3618 2434
3618 2433
3618 2432
3618 2431
3618 2430
3618 2429
3619 2428
3620 2427
3620 2426
3621 2425
3621 2424
3621 2423
3622 2422
3622 2421
3622 2420
3622 2419
3623 2418
3623 2417
3623 2416
3623 2415
3624 2414
3624 2413
3624 2412
3624 2411
3624 2410
3624 2409
3624 2408
3624 2407
3624 2406
3624 2405
3625 2404
3625 2403
3625 2402
3625 2401
3625 2400
3625 2399
3625 2398
3625 2397
3625 2396
3625 2395
3625 2394
3625 2393
3625 2392
3625 2391
3625 2390
3625 2389
3625 2388
3625 2387
3625 2386
3625 2385
3625 2384
3625 2383
3625 2382
3625 2381
3625 2380
3625 2379
3625 2378
3625 2377
3625 2376
3625 2375
3625 2374
3625 2373
3625 2372
3625 2371
3625 2370
3625 2369
3625 2368
3625 2367
3625 2366
3625 2365
3625 2364
3625 2363
3625 2362
3625 2361
3625 2360
3625 2359
3625 2358
3625 2357
3625 2356
3625 2355
3625 2354
3625 2353
3625 2352
3625 2351
3625 2350
3625 2349
3625 2348
3625 2347
3625 2346
3625 2345
3625 2344
3625 2343
3625 2342
3625 2341
3625 2340
3625 2339
3625 2338
3625 2337
3625 2336
3625 2335
3625 2334
3625 2333
3625 2332
3625 2331
3625 2330
3625 2329
3625 2328
3625 2327
3625 2326
3625 2325
3625 2324
3625 2323
3625 2322
3625 2321
3625 2320
3625 2319
3625 2318
3625 2317
3625 2316
3624 2315
3624 2314
3624 2313
3624 2312
3624 2311
3623 2310
3623 2309
3622 2308
3622 2307
3622 2306
3622 2305
3621 2304
3621 2303
3621 2302
3621 2301
3620 2300
3620 2299
3620 2298
3619 2297
3619 2296
3618 2295
3617 2294
3617 2293
3616 2292
3616 2291
3616 2290
3615 2289
3615 2288
3615 2287
3615 2286
3615 2285
3614 2284
3614 2283
3614 2282
3614 2281
3614 2280
3614 2279
3614 2278
3614 2277
3614 2276
3614 2275
3613 2274
3613 2273
3613 2272
3613 2271
3612 2270
3612 2269
3611 2268
3611 2267
3610 2266
3610 2265
3610 2264
3609 2263
3609 2262
3609 2261
3608 2260
3607 2259
3607 2258
3606 2257
3605 2256
3605 2255
3605 2254
3604 2253
3604 2252
3604 2251
3603 2250
3603 2249
3602 2248
3602 2247
3601 2246
3600 2245
3600 2244
3599 2243
3599 2242
3598 2241
3598 2240
3598 2239
3597 2238
3597 2237
3596 2236
3596 2235
3595 2234
3595 2233
3594 2232
3594 2231
3593 2230
3593 2229
3593 2228
3592 2227
3592 2226
3592 2225
3591 2224
3591 2223
3591 2222
3590 2221
3590 2220
3589 2219
3589 2218
3588 2217
3587 2216
3587 2215
3586 2214
3586 2213
3585 2212
3585 2211
3584 2210
3583 2209
3583 2208
3582 2207
3581 2206
3581 2205
3580 2204
3579 2203
3578 2202
3577 2201
3577 2200
3576 2199
3576 2198
3575 2197
3575 2196
3574 2195
3574 2194
3573 2193
3573 2192
3573 2191
3573 2190
3572 2189
3572 2188
3571 2187
3571 2186
3570 2185
3570 2184
3569 2183
3569 2182
3568 2181
3568 2180
3568 2179
3567 2178
3567 2177
3567 2176
3567 2175
3567 2174
3566 2173
3566 2172
3566 2171
3566 2170
3566 2169
3566 2168
3566 2167
3566 2166
3565 2165
3565 2164
3565 2163
3565 2162
3565 2161
3565 2160
3565 2159
3565 2158
3565 2157
3565 2156
3565 2155
3565 2154
3565 2153
3565 2152
3565 2151
3565 2150
3565 2149
3565 2148
3565 2147
3565 2146
3565 2145
3565 2144
3565 2143
3565 2142
3565 2141
3564 2140
3564 2139
3564 2138
3564 2137
3563 2136
3563 2135
3563 2134
3563 2133
3562 2132
3562 2131
3562 2130
3562 2129
3562 2128
3561 2127
3561 2126
3561 2125
3561 2124
3561 2123
3561 2122
3560 2121
3560 2120
3560 2119
3560 2118
3560 2117
3560 2116
3559 2115
3559 2114
3559 2113
3559 2112
3558 2111
3558 2110
3558 2109
3557 2108
3557 2107
3557 2106
3556 2105
3556 2104
3556 2103
3555 2102
3555 2101
3555 2100
3555 2099
3555 2098
3555 2097
3554 2096
3554 2095
3554 2094
3554 2093
3554 2092
3554 2091
3554 2090
3554 2089
3553 2088
3553 2087
3553 2086
3553 2085
3553 2084
3553 2083
3553 2082
3553 2081
3553 2080
3553 2079
3553 2078
3553 2077
3553 2076
3553 2075
3553 2074
3553 2073
3553 2072
3553 2071
3553 2070
3553 2069
3553 2068
3553 2067
3553 2066
3553 2065
3553 2064
3553 2063
3553 2062
3553 2061
3553 2060
3553 2059
3553 2058
3553 2057
3553 2056
3553 2055
3553 2054
3553 2053
3553 2052
3553 2051
3553 2050
3553 2049
3553 2048
3553 2047
3553 2046
3553 2045
3553 2044
3553 2043
3553 2042
3553 2041
3553 2040
3553 2039
3553 2038
3553 2037
3553 2036
3553 2035
3553 2034
3553 2033
3553 2032
3553 2031
3553 2030
3553 2029
3553 2028
3553 2027
3553 2026
3553 2025
3553 2024
3553 2023
3553 2022
3553 2021
3553 2020
3553 2019
3553 2018
3553 2017
3553 2016
3553 2015
3553 2014
3553 2013
3553 2012
3553 2011
3553 2010
3553 2009
3553 2008
3553 2007
3553 2006
3553 2005
3553 2004
3553 2003
3553 2002
3553 2001
3553 2000
3553 1999
3553 1998
3553 1997
3553 1996
3553 1995
3553 1994
3553 1993
3553 1992
3553 1991
3553 1990
3553 1989
3553 1988
3553 1987
3553 1986
3553 1985
3553 1984
3553 1983
3553 1982
3553 1981
3553 1980
3553 1979
3553 1978
3553 1977
3553 1976
3553 1975
3553 1974
3553 1973
3553 1972
3553 1971
3553 1970
3553 1969
3553 1968
3553 1967
3553 1966
3553 1965
3553 1964
3553 1963
3553 1962
3553 1961
3553 1960
3553 1959
3553 1958
3552 1957
3552 1956
3551 1955
3551 1954
3550 1953
3550 1952
3550 1951
3549 1950
3549 1949
3549 1948
3549 1947
3548 1946
3548 1945
3548 1944
3548 1943
3548 1942
3547 1941
3547 1940
3546 1939
3546 1938
3545 1937
3545 1936
3544 1935
3544 1934
3544 1933
3543 1932
3543 1931
3543 1930
3543 1929
3543 1928
3542 1927
3542 1926
3542 1925
3542 1924
3542 1923
3542 1922
3542 1921
3541 1920
3540 1919
3540 1918
3539 1917
3539 1916
3538 1915
3538 1914
3538 1913
3538 1912
3537 1911
3537 1910
3537 1909
3537 1908
3537 1907
3536 1906
3536 1905
3536 1904
3535 1903
3535 1902
3534 1901
3534 1900
3533 1899
3533 1898
3533 1897
3532 1896
3532 1895
3532 1894
3531 1893
3531 1892
3531 1891
3530 1890
3530 1889
3529 1888
3528 1887
3528 1886
3527 1885
3526 1884
3525 1883
3524 1882
3524 1881
3523 1880
3522 1879
3522 1878
3521 1877
3521 1876
3521 1875
3520 1874
3519 1873
3519 1872
3518 1871
3518 1870
3517 1869
3516 1868
3516 1867
3515 1866
3515 1865
3514 1864
3513 1863
3513 1862
3512 1861
3512 1860
3511 1859
3511 1858
3510 1857
3510 1856
3509 1855
3509 1854
3509 1853
3508 1852
3508 1851
3507 1850
3507 1849
3507 1848
3506 1847
3506 1846
3505 1845
3505 1844
3504 1843
3504 1842
3503 1841
3503 1840
3502 1839
3502 1838
3501 1837
3501 1836
3500 1835
3499 1834
3499 1833
3498 1832
3497 1831
3496 1830
3496 1829
3495 1828
3494 1827
3493 1826
3492 1825
3492 1824
3491 1823
3490 1822
3490 1821
3489 1820
3488 1819
3488 1818
3487 1817
3487 1816
3486 1815
3486 1814
3485 1813
3484 1812
3484 1811
3483 1810
3482 1809
3482 1808
3481 1807
3480 1806
3480 1805
3479 1804
3478 1803
3478 1802
3477 1801
3476 1800
3475 1799
3474 1798
3473 1797
3472 1796
3472 1795
3471 1794
3470 1793
3469 1792
3468 1791
3467 1790
3466 1789
3465 1788
3465 1787
3464 1786
3464 1785
3463 1784
3462 1783
3462 1782
3461 1781
3460 1780
3459 1779
3459 1778
3458 1777
3457 1776
3456 1775
3455 1774
3455 1773
3454 1772
3453 1771
3452 1770
3451 1769
3450 1768
3450 1767
3449 1766
3448 1765
3447 1764
3446 1763
3446 1762
3445 1761
3444 1760
3443 1759
3443 1758
3442 1757
3441 1756
3440 1755
3440 1754
3439 1753
3438 1752
3437 1751
3436 1750
3436 1749
3435 1748
3434 1747
3433 1746
3432 1745
3431 1744
3430 1743
3429 1742
3428 1741
3427 1740
3426 1739
3425 1738
3424 1737
3424 1736
3423 1735
3422 1734
3421 1733
3420 1732
3420 1731
3419 1730
3418 1729
3417 1728
3416 1727
3415 1726
3414 1725
3413 1724
3412 1723
3411 1722
3410 1721
3409 1720
3409 1719
3408 1719
3407 1718
3406 1718
3405 1717
3404 1717
3403 1717
3402 1716
3401 1715
3400 1714
3399 1714
3398 1713
3397 1712
3396 1711
3395 1710
3394 1709
3393 1709
3392 1708
3391 1707
3390 1707
3389 1706
3388 1706
3387 1706
3386 1705
3385 1705
3384 1704
3383 1704
3382 1703
3381 1703
3380 1702
3379 1701
3378 1701
3377 1701
3376 1700
3375 1700
3374 1699
3373 1699
3372 1698
3371 1698
3370 1697
3369 1697
3368 1696
3367 1696
3366 1695
3365 1694
3364 1694
3363 1693
3362 1692
3361 1692
3360 1691
3359 1690
3358 1690
3357 1689
3356 1689
3355 1688
3354 1688
3353 1687
3352 1687
3351 1687
3350 1686
3349 1686
3348 1686
3347 1686
3346 1685
3345 1685
3344 1685
3343 1685
3342 1685
3341 1685
3340 1684
3339 1684
3338 1684
3337 1684
3336 1683
3335 1683
3334 1683
3333 1683
3332 1682
3331 1682
3330 1682
3329 1681
3328 1681
3327 1681
3326 1680
3325 1680
3324 1680
3323 1680
3322 1680
3321 1679
3320 1679
3319 1679
3318 1679
3317 1679
3316 1679
3315 1679
3314 1678
3313 1678
3312 1678
3311 1678
3310 1678
3309 1678
3308 1677
3307 1677
3306 1677
3305 1676
3304 1676
3303 1675
3302 1675
3301 1675
3300 1674
3299 1674
3298 1674
3297 1674
3296 1673
3295 1673
3294 1673
3293 1673
3292 1673
3291 1673
3290 1673
3289 1672
3288 1672
3287 1672
3286 1672
3285 1672
3284 1672
3283 1672
3282 1672
3281 1672
3280 1671
3279 1671
3278 1671
3277 1670
3276 1670
3275 1670
3274 1669
3273 1669
3272 1669
3271 1668
3270 1668
3269 1668
3268 1668
3267 1668
3266 1667
3265 1667
3264 1667
3263 1667
3262 1667
3261 1667
3260 1667
3259 1666
3258 1666
3257 1666
3256 1666
3255 1666
3254 1666
3253 1666
3252 1666
3251 1666
3250 1666
3249 1666
3248 1666
3247 1666
3246 1666
3245 1666
3244 1666
3243 1666
3242 1666
3241 1665
3240 1665
3239 1665
3238 1665
3237 1664
3236 1664
3235 1663
3234 1663
3233 1662
3232 1662
3231 1662
3230 1662
3229 1661
3228 1661
3227 1661
3226 1661
3225 1661
3224 1660
3223 1660
3222 1659
3221 1659
3220 1658
3219 1658
3218 1658
3217 1657
3216 1657
3215 1657
3214 1656
3213 1656
3212 1656
3211 1655
3210 1655
3209 1655
3208 1655
3207 1655
3206 1655
3205 1654
3204 1654
3203 1654
3202 1654
3201 1653
3200 1653
3199 1653
3198 1652
3197 1652
3196 1652
3195 1651
3194 1651
3193 1651
3192 1651
3191 1650
3190 1650
3189 1650
3188 1650
3187 1649
3186 1649
3185 1649
3184 1649
3183 1649
3182 1649
3181 1648
3180 1648
3179 1648
3178 1648
3177 1648
3176 1648
3175 1647
3174 1647
3173 1647
3172 1646
3171 1646
3170 1645
3169 1645
3168 1644
3167 1644
3166 1644
3165 1643
3164 1643
3163 1643
3162 1643
3161 1643
3160 1643
3159 1643
3158 1642
3157 1642
3156 1642
3155 1642
3154 1642
3153 1642
3152 1642
3151 1642
3150 1642
3149 1642
3148 1642
3147 1641
3146 1641
3145 1641
3144 1640
3143 1640
3142 1639
3141 1639
3140 1639
3139 1638
3138 1638
3137 1638
3136 1638
3135 1637
3134 1637
3133 1637
3132 1637
3131 1637
3130 1637
3129 1636
3128 1636
3127 1635
3126 1635
3125 1635
3124 1634
3123 1634
3122 1633
3121 1633
3120 1633
3119 1632
3118 1632
3117 1632
3116 1631
3115 1631
3114 1631
3113 1631
3112 1631
3111 1630
3110 1630
3109 1630
3108 1630
3107 1630
3106 1630
3105 1630
3104 1630
3103 1630
3102 1630
3101 1630
3100 1630
3099 1630
3098 1630
3097 1630
3096 1630
3095 1630
3094 1630
3093 1629
3092 1629
3091 1629
3090 1629
3089 1629
3088 1629
3087 1629
3086 1629
3085 1629
3084 1629
3083 1629
3082 1629
3081 1629
3080 1629
3079 1629
3078 1629
3077 1629
3076 1629
3075 1629
3074 1629
3073 1629
3072 1629
3071 1629
3070 1629
3069 1629
3068 1629
3067 1629
3066 1629
3065 1629
3064 1629
3063 1629
3062 1629
3061 1629
3060 1629
3059 1629
3058 1629
3057 1629
3056 1629
3055 1629
3054 1629
3053 1629
3052 1629
3051 1629
3050 1629
3049 1629
3048 1629
3047 1629
3046 1629
3045 1629
3044 1629
