3263 1590
3262 1591
3261 1591
3260 1591
3259 1591
3258 1591
3257 1591
3256 1591
3255 1591
3254 1592
3253 1592
3252 1592
3251 1592
3250 1592
3249 1593
3248 1593
3247 1593
3246 1594
3245 1594
3244 1594
3243 1595
3242 1595
3241 1595
3240 1595
3239 1595
3238 1595
3237 1595
3236 1595
3235 1595
3234 1595
3233 1595
3232 1595
3231 1595
3230 1595
3229 1595
3228 1595
3227 1595
3226 1595
3225 1595
3224 1595
3223 1595
3222 1595
3221 1595
3220 1595
3219 1595
3218 1595
3217 1595
3216 1595
3215 1595
3214 1595
3213 1595
3212 1595
3211 1595
3210 1595
3209 1595
3208 1595
3207 1595
3206 1595
3205 1595
3204 1595
3203 1595
3202 1595
3201 1595
3200 1595
3199 1595
3198 1595
3197 1595
3196 1595
3195 1595
3194 1595
3193 1595
3192 1595
3191 1595
3190 1595
3189 1595
3188 1595
3187 1595
3186 1595
3185 1595
3184 1595
3183 1596
3182 1596
3181 1596
3180 1596
3179 1596
3178 1596
3177 1596
3176 1596
3175 1596
3174 1597
3173 1597
3172 1597
3171 1598
3170 1598
3169 1598
3168 1599
3167 1599
3166 1600
3165 1600
3164 1600
3163 1601
3162 1601
3161 1601
3160 1601
3159 1601
3158 1601
3157 1601
3156 1601
3155 1601
3154 1601
3153 1602
3152 1602
3151 1602
3150 1602
3149 1602
3148 1603
3147 1603
3146 1604
3145 1604
3144 1605
3143 1605
3142 1606
3141 1606
3140 1606
3139 1606
3138 1606
3137 1606
3136 1606
3135 1606
3134 1607
3133 1607
3132 1607
3131 1607
3130 1607
3129 1607
3128 1607
3127 1607
3126 1608
3125 1608
3124 1609
3123 1609
3122 1609
3121 1610
3120 1611
3119 1612
3118 1612
3117 1613
3116 1613
3115 1613
3114 1613
3113 1614
3112 1614
3111 1614
3110 1614
3109 1615
3108 1615
3107 1616
3106 1616
3105 1617
3104 1617
3103 1617
3102 1618
3101 1618
3100 1618
3099 1618
3098 1618
3097 1618
3096 1618
3095 1618
3094 1618
3093 1619
3092 1619
3091 1619
3090 1619
3089 1619
3088 1620
3087 1620
3086 1621
3085 1621
3084 1622
3083 1622
3082 1623
3081 1623
3080 1623
3079 1623
3078 1623
3077 1623
3076 1624
3075 1624
3074 1624
3073 1624
3072 1625
3071 1625
3070 1625
3069 1626
3068 1626
3067 1627
3067 1628
3066 1629
3065 1630
3064 1630
3063 1630
3062 1631
3061 1632
3061 1633
3060 1634
3059 1635
3058 1636
3057 1636
3056 1637
3055 1638
3054 1639
3053 1640
3052 1640
3051 1641
3050 1641
3049 1641
3048 1641
3047 1642
3046 1642
3045 1642
3044 1643
3043 1643
3042 1644
3041 1645
3040 1645
3039 1646
3038 1646
3037 1646
3036 1646
3035 1647
3034 1647
3033 1648
3032 1649
3031 1650
3030 1650
3029 1651
3028 1651
3027 1651
3026 1652
3025 1652
3024 1652
3023 1653
3022 1654
3021 1654
3020 1655
3019 1656
3018 1657
3017 1658
3016 1658
3015 1659
3014 1660
3013 1660
3012 1661
3011 1661
3010 1662
3009 1662
3008 1662
3007 1663
3006 1663
3005 1663
3004 1664
3003 1664
3002 1665
3001 1665
3001 1666
3000 1667
2999 1667
2998 1668
2997 1668
2996 1668
2995 1669
2994 1670
2993 1671
2992 1671
2991 1672
2990 1673
2989 1673
2988 1674
2987 1674
2986 1675
2985 1675
2984 1676
2983 1676
2982 1677
2981 1678
2980 1679
2979 1679
2978 1680
2977 1681
2976 1682
2975 1683
2974 1683
2974 1684
2973 1685
2972 1685
2971 1686
2970 1686
2969 1687
2968 1688
2967 1689
2966 1689
2965 1689
2964 1689
2963 1690
2962 1690
2961 1690
2960 1691
2959 1691
2958 1692
2957 1692
2956 1693
2955 1693
2954 1693
2953 1694
2952 1694
2951 1695
2950 1695
2949 1695
2948 1695
2947 1695
2946 1695
2945 1696
2944 1696
2943 1696
2942 1696
2941 1697
2940 1697
2939 1697
2938 1698
2937 1698
2936 1699
2936 1700
2935 1701
2934 1702
2934 1703
2933 1704
2932 1705
2931 1706
2930 1707
2929 1708
2928 1709
2927 1710
2926 1710
2925 1711
2924 1712
2923 1713
2922 1714
2921 1714
2920 1715
2919 1716
2918 1717
2917 1718
2916 1719
2915 1719
2914 1720
2913 1721
2912 1721
2911 1722
2910 1723
2909 1724
2908 1724
2907 1725
2906 1725
2905 1726
2904 1726
2903 1727
2902 1727
2901 1727
2900 1727
2899 1728
2898 1728
2897 1729
2896 1729
2895 1730
2894 1730
2893 1731
2892 1732
2891 1732
2890 1733
2889 1733
2888 1733
2887 1733
2886 1734
2885 1734
2884 1735
2884 1736
2884 1737
2884 1738
2883 1739
2883 1740
2882 1741
2881 1742
2880 1743
2879 1744
2878 1744
2877 1745
2876 1745
2875 1746
2874 1747
2873 1748
2872 1748
2871 1748
2870 1748
2869 1748
2868 1748
2867 1748
2866 1748
2865 1748
2864 1748
2863 1748
2862 1748
2861 1748
2860 1748
2859 1748
2858 1748
2857 1748
2856 1748
2855 1748
2854 1748
2853 1748
2852 1748
2851 1748
2850 1748
2849 1748
2848 1748
2847 1748
2846 1748
2845 1748
2844 1748
2843 1748
2842 1747
2841 1747
2840 1747
2839 1747
2838 1747
2837 1747
2836 1747
2835 1747
2834 1747
2833 1747
2832 1746
2831 1746
2830 1746
2829 1746
2828 1745
2827 1745
2826 1744
2825 1743
2824 1742
2823 1741
2822 1740
2821 1739
2820 1738
2819 1737
2818 1736
2818 1735
2817 1734
2817 1733
2816 1732
2816 1731
2815 1730
2814 1729
2813 1729
2812 1728
2812 1727
2812 1726
2811 1725
2811 1724
2811 1723
2810 1722
2809 1721
2808 1720
2808 1719
2807 1718
2807 1717
2806 1718
2805 1719
2805 1720
2804 1721
2803 1722
2802 1723
2802 1724
2801 1725
2801 1726
2801 1727
2800 1728
2800 1729
2799 1730
2798 1731
2798 1732
2797 1733
2797 1734
2797 1735
2797 1736
2797 1737
2797 1738
2797 1739
2797 1740
2797 1741
2797 1742
2796 1743
2796 1744
2796 1745
2796 1746
2795 1747
2795 1748
2795 1749
2795 1750
2794 1751
2794 1752
2794 1753
2793 1754
2793 1755
2792 1756
2792 1757
2791 1758
2791 1759
2790 1760
2790 1761
2789 1762
2789 1763
2788 1764
2788 1765
2787 1766
2787 1767
2786 1768
2785 1769
2784 1770
2783 1771
2783 1772
2782 1773
2781 1774
2781 1775
2780 1776
2779 1777
2779 1778
2778 1779
2777 1780
2776 1781
2776 1782
2775 1783
2775 1784
2775 1785
2774 1786
2774 1787
2774 1788
2773 1789
2773 1790
2772 1791
2771 1792
2770 1791
2770 1790
2770 1789
2770 1788
2770 1787
2770 1786
2770 1785
2770 1784
2770 1783
2770 1782
2770 1781
2770 1780
2770 1779
2770 1778
2770 1777
2770 1776
2769 1775
2769 1774
2769 1773
2769 1772
2769 1771
2769 1770
2769 1769
2769 1768
2769 1767
2769 1766
2769 1765
2769 1764
2769 1763
2769 1762
2769 1761
2769 1760
2768 1759
2768 1758
2768 1757
2768 1756
2767 1755
2767 1754
2767 1753
2766 1752
2766 1751
2766 1750
2765 1749
2764 1748
2764 1747
2763 1746
2762 1745
2761 1744
2760 1745
2759 1745
2758 1746
2758 1747
2758 1748
2758 1749
2757 1750
2757 1751
2757 1752
2756 1753
2756 1754
2755 1755
2754 1756
2754 1757
2754 1758
2753 1759
2753 1760
2753 1761
2753 1762
2753 1763
2753 1764
2753 1765
2753 1766
2753 1767
2752 1768
2752 1769
2752 1770
2752 1771
2751 1772
2751 1773
2751 1774
2750 1775
2750 1776
2749 1777
2749 1778
2748 1779
2747 1780
2747 1781
2746 1782
2746 1783
2745 1784
2745 1785
2744 1786
2744 1787
2743 1788
2742 1789
2741 1790
2740 1791
2739 1792
2738 1793
2737 1794
2737 1795
2736 1796
2735 1797
2735 1798
2734 1799
2734 1800
2733 1801
2732 1802
2732 1803
2731 1804
2731 1805
2730 1806
2730 1807
2729 1808
2729 1809
2729 1810
2728 1811
2727 1812
2726 1813
2725 1813
2724 1814
2724 1815
2723 1816
2722 1817
2721 1818
2720 1819
2719 1820
2719 1821
2719 1822
2718 1823
2717 1824
2716 1825
2716 1826
2715 1827
2714 1828
2714 1829
2713 1830
2713 1831
2712 1832
2711 1833
2710 1834
2709 1835
2708 1836
2708 1837
2707 1838
2706 1838
2705 1839
2704 1838
2704 1837
2704 1836
2704 1835
2704 1834
2704 1833
2704 1832
2704 1831
2704 1830
2704 1829
2704 1828
2704 1827
2704 1826
2704 1825
2703 1824
2703 1823
2703 1822
2703 1821
2703 1820
2702 1819
2702 1818
2702 1817
2701 1816
2701 1815
2701 1814
2700 1813
2699 1812
2699 1811
2698 1810
2698 1809
2697 1808
2697 1807
2697 1806
2696 1805
2696 1804
2696 1803
2695 1802
2695 1801
2694 1800
2693 1799
2693 1798
2692 1797
2692 1796
2692 1795
2691 1794
2691 1793
2690 1793
2689 1794
2689 1795
2689 1796
2689 1797
2689 1798
2689 1799
2689 1800
2689 1801
2688 1802
2688 1803
2688 1804
2688 1805
2688 1806
2688 1807
2688 1808
2688 1809
2688 1810
2688 1811
2688 1812
2688 1813
2688 1814
2688 1815
2688 1816
2688 1817
2688 1818
2688 1819
2688 1820
2687 1821
2687 1822
2687 1823
2686 1824
2686 1825
2686 1826
2685 1827
2685 1828
2684 1829
2684 1830
2683 1831
2682 1832
2682 1833
2681 1834
2681 1835
2680 1836
2680 1837
2679 1838
2679 1839
2678 1840
2677 1841
2676 1842
2675 1843
2674 1844
2673 1845
2672 1846
2672 1847
2671 1848
2670 1849
2670 1850
2670 1851
2669 1852
2669 1853
2668 1854
2667 1855
2666 1855
2665 1856
2664 1857
2664 1858
2663 1859
2662 1860
2661 1861
2660 1861
2659 1862
2658 1863
2658 1864
2657 1865
2656 1866
2655 1865
2655 1864
2655 1863
2655 1862
2655 1861
2655 1860
2655 1859
2655 1858
2655 1857
2655 1856
2654 1855
2654 1854
2654 1853
2653 1852
2653 1851
2652 1850
2651 1850
2650 1849
2649 1848
2649 1847
2649 1846
2649 1845
2648 1844
2648 1843
2648 1842
2647 1841
2647 1840
2646 1839
2646 1838
2646 1837
2645 1836
2645 1837
2645 1838
2645 1839
2645 1840
2645 1841
2645 1842
2645 1843
2645 1844
2645 1845
2645 1846
2645 1847
2645 1848
2645 1849
2645 1850
2645 1851
2645 1852
2645 1853
2645 1854
2645 1855
2644 1856
2644 1857
2644 1858
2644 1859
2643 1860
2643 1861
2642 1862
2642 1863
2641 1864
2640 1865
2639 1866
2638 1867
2637 1868
2637 1869
2636 1870
2636 1871
2636 1872
2635 1873
2635 1874
2634 1875
2633 1876
2633 1877
2632 1878
2632 1879
2631 1880
2630 1880
2629 1881
2628 1881
2627 1882
2626 1882
2625 1882
2624 1883
2623 1883
2622 1884
2621 1884
2620 1885
2619 1885
2618 1885
2617 1885
2616 1885
2615 1885
2614 1885
2613 1885
2612 1885
2611 1885
2610 1885
2609 1885
2608 1885
2607 1885
2606 1885
2605 1885
2604 1885
2603 1885
2602 1885
2601 1885
2600 1885
2599 1885
2598 1885
2597 1885
2596 1885
2595 1885
2594 1885
2593 1885
2592 1886
2591 1886
2590 1886
2589 1886
2588 1887
2587 1887
2586 1887
2585 1888
2584 1889
2583 1890
2582 1890
2581 1891
2580 1892
2579 1892
2578 1892
2577 1893
2576 1894
2575 1895
2574 1896
2573 1897
2572 1898
2571 1898
2570 1899
2569 1900
2568 1901
2567 1902
2566 1903
2565 1904
2564 1905
2563 1906
2562 1907
2561 1908
2560 1909
2559 1910
2558 1910
2557 1911
2556 1912
2555 1913
2555 1914
2554 1915
2553 1916
2553 1917
2552 1918
2551 1919
2550 1920
2550 1921
2549 1922
2549 1923
2548 1924
2548 1925
2547 1926
2546 1927
2545 1928
2544 1929
2543 1930
2543 1931
2542 1932
2541 1933
2540 1934
2539 1935
2538 1936
2537 1937
2536 1938
2535 1939
2535 1940
2534 1941
2534 1942
2534 1943
2534 1944
2533 1945
2533 1946
2532 1947
2531 1948
2530 1948
2529 1949
2528 1950
2527 1951
2527 1952
2526 1953
2526 1954
2525 1955
2524 1956
2524 1957
2523 1958
2523 1959
2523 1960
2522 1961
2522 1962
2521 1963
2521 1964
2520 1965
2519 1966
2518 1967
2517 1968
2516 1969
2515 1970
2514 1971
2514 1972
2514 1973
2514 1974
2514 1975
2514 1976
2514 1977
2513 1978
2513 1979
2513 1980
2513 1981
2513 1982
2512 1983
2512 1984
2512 1985
2512 1986
2511 1987
2511 1988
2511 1989
2510 1990
2509 1991
2508 1992
2507 1993
2506 1994
2506 1995
2506 1996
2505 1997
2505 1998
2504 1999
2503 2000
2502 2001
2501 2002
2500 2003
2499 2004
2498 2005
2497 2006
2496 2007
2495 2008
2494 2009
2493 2009
2492 2010
2491 2011
2490 2012
2490 2013
2489 2014
2488 2015
2487 2016
2486 2017
2485 2018
2484 2018
2483 2019
2482 2019
2481 2020
2480 2020
2479 2021
2478 2022
2477 2022
2476 2023
2475 2024
2474 2024
2473 2025
2472 2025
2471 2026
2470 2027
2469 2028
2468 2029
2467 2030
2466 2031
2465 2032
2464 2033
2463 2034
2462 2035
2461 2036
2460 2037
2459 2038
2458 2039
2457 2040
2456 2041
2455 2042
2454 2043
2453 2044
2452 2045
2451 2046
2450 2047
2449 2047
2448 2048
2447 2049
2446 2049
2445 2050
2444 2051
2443 2052
2442 2053
2441 2054
2440 2055
2439 2056
2438 2057
2437 2058
2436 2059
2435 2060
2434 2061
2433 2061
2432 2062
2431 2063
2430 2063
2429 2064
2428 2064
2427 2065
2426 2066
2425 2067
2424 2067
2423 2067
2422 2068
2421 2068
2420 2068
2419 2069
2418 2070
2418 2071
2417 2072
2416 2073
2415 2073
2414 2074
2413 2074
2412 2075
2411 2076
2410 2077
2409 2078
2408 2079
2407 2080
2406 2081
2405 2082
2404 2083
2403 2084
2402 2084
2401 2085
2400 2085
2399 2086
2398 2086
2397 2087
2396 2087
2395 2088
2394 2089
2393 2089
2392 2090
2391 2090
2390 2091
2389 2092
2388 2093
2387 2094
2386 2095
2385 2095
2384 2096
2383 2096
2382 2097
2381 2098
2380 2099
2379 2100
2378 2101
2377 2102
2376 2102
2375 2103
2374 2104
2373 2105
2372 2106
2371 2107
2370 2108
2369 2109
2368 2110
2367 2111
2366 2112
2365 2112
2364 2113
2363 2113
2362 2114
2361 2114
2360 2115
2359 2115
2358 2115
2357 2115
2356 2116
2355 2116
2354 2116
2353 2116
2352 2117
2351 2117
2350 2118
2349 2119
2348 2119
2347 2120
2346 2121
2345 2121
2344 2121
2343 2122
2342 2122
2341 2122
2340 2123
2339 2123
2338 2124
2337 2125
2336 2126
2335 2126
2334 2127
2333 2127
2332 2127
2331 2128
2330 2128
2329 2129
2328 2130
2327 2131
2326 2131
2325 2132
2324 2132
2323 2133
2322 2133
2321 2133
2320 2134
2319 2134
2318 2135
2317 2136
2316 2136
2315 2137
2314 2137
2313 2137
2312 2137
2311 2138
2310 2138
2309 2138
2308 2138
2307 2139
2306 2139
2305 2140
2304 2141
2303 2142
2303 2143
2302 2144
2301 2145
2300 2146
2299 2147
2298 2148
2297 2148
2296 2149
2295 2150
2294 2150
2293 2151
2292 2151
2291 2152
2290 2152
2289 2153
2288 2154
2287 2154
2286 2154
2285 2155
2284 2155
2283 2155
2282 2156
2281 2156
2280 2157
2279 2158
2278 2158
2277 2158
2276 2159
2275 2159
2274 2159
2273 2160
2272 2160
2271 2161
2270 2162
2269 2163
2268 2164
2267 2165
2266 2166
2265 2167
2264 2167
2263 2168
2262 2168
2261 2168
2260 2169
2259 2169
2258 2169
2257 2169
2256 2170
2255 2170
2254 2170
2253 2170
2252 2171
2251 2171
2250 2171
2249 2172
2248 2172
2247 2173
2246 2174
2245 2174
2244 2174
2243 2174
2242 2174
2241 2174
2240 2174
2239 2174
2238 2174
2237 2175
2236 2175
2235 2175
2234 2175
2233 2175
2232 2175
2231 2175
2230 2175
2229 2175
2228 2176
2227 2176
2226 2176
2225 2176
2224 2177
2223 2178
2222 2178
2221 2179
2220 2179
2219 2180
2218 2180
2217 2180
2216 2180
2215 2181
2214 2181
2213 2181
2212 2181
2211 2181
2210 2182
2209 2182
2208 2183
2207 2183
2206 2184
2205 2185
2204 2186
2203 2187
2202 2187
2201 2188
2200 2188
2199 2189
2198 2189
2197 2189
2196 2190
2195 2191
2194 2191
2193 2192
2192 2192
2191 2193
2190 2194
2189 2194
2188 2195
2187 2195
2186 2196
2185 2196
2184 2196
2183 2196
2182 2196
2181 2197
2180 2197
2179 2197
2178 2197
2177 2197
2176 2197
2175 2197
2174 2197
2173 2198
2172 2198
2171 2198
2170 2198
2169 2199
2168 2199
2167 2199
2166 2200
2165 2200
2164 2201
2163 2201
2162 2201
2161 2201
2160 2201
2159 2201
2158 2201
2157 2201
2156 2201
2155 2201
2154 2202
2153 2202
2152 2202
2151 2202
2150 2202
2149 2202
2148 2202
2147 2202
2146 2202
2145 2202
2144 2202
2143 2202
2142 2202
2141 2202
2140 2202
2139 2203
2138 2203
2137 2203
2136 2204
2135 2204
2134 2205
2133 2205
2132 2206
2131 2207
2130 2208
2129 2209
2128 2210
2127 2211
2126 2211
2125 2212
2124 2213
2123 2213
2122 2214
2121 2214
2120 2214
2119 2215
2118 2215
2117 2215
2116 2216
2115 2217
2114 2217
2113 2218
2112 2218
2111 2218
2110 2217
2109 2217
2108 2217
2107 2217
2106 2217
2105 2217
2104 2217
2103 2217
2102 2216
2101 2215
2100 2214
2099 2214
2098 2213
2098 2212
2098 2211
2098 2210
2098 2209
2097 2208
2097 2207
2097 2206
2097 2205
2097 2204
2096 2203
2096 2202
2095 2201
2095 2200
2094 2199
2093 2198
2092 2199
2092 2200
2091 2201
2091 2202
2090 2203
2089 2204
2088 2205
2087 2206
2086 2207
2086 2208
2086 2209
2085 2210
2085 2211
2084 2212
2083 2213
2083 2214
2082 2215
2082 2216
2081 2217
2081 2218
2081 2219
2080 2220
2079 2221
2078 2222
2077 2223
2076 2224
2076 2225
2075 2226
2075 2227
2074 2228
2074 2229
2073 2230
2072 2231
2071 2232
2071 2233
2071 2234
2071 2235
2071 2236
2070 2237
2070 2238
2070 2239
2069 2240
2068 2241
2067 2241
2066 2241
2065 2242
2064 2242
2064 2243
2063 2244
2062 2245
2061 2246
2060 2246
2059 2246
2058 2247
2057 2247
2056 2248
2055 2248
2054 2249
2053 2249
2052 2250
2051 2251
2050 2252
2049 2252
2048 2252
2047 2252
2046 2253
2045 2253
2044 2254
2043 2254
2042 2255
2041 2256
2040 2257
2039 2258
2038 2259
2037 2260
2036 2260
2036 2261
2035 2262
2034 2262
2033 2262
2032 2262
2031 2263
2030 2263
2029 2264
2028 2264
2027 2265
2026 2265
2025 2266
2024 2266
2023 2267
2022 2268
2021 2268
2020 2269
2019 2269
2018 2269
2017 2269
2016 2270
2015 2270
2014 2271
2013 2271
2012 2272
2011 2272
2010 2273
2009 2273
2008 2273
2007 2273
2006 2274
2005 2274
2004 2274
2003 2274
2002 2274
2001 2275
2000 2275
1999 2276
1998 2276
1997 2277
1996 2277
1995 2278
1994 2278
1993 2279
1992 2279
1991 2280
1990 2280
1989 2281
1988 2281
1987 2282
1986 2283
1985 2283
1984 2283
1983 2283
1982 2284
1981 2284
1980 2284
1979 2284
1978 2284
1977 2284
1976 2284
1975 2284
1974 2284
1973 2284
1972 2284
1971 2284
1970 2285
1969 2285
1968 2285
1967 2285
1966 2285
1965 2285
1964 2286
1963 2286
1962 2287
1961 2287
1960 2288
1959 2288
1958 2289
1957 2289
1956 2289
1955 2289
1954 2289
1953 2289
1952 2289
1951 2290
1950 2290
1949 2290
1948 2290
1947 2290
1946 2290
1945 2290
1944 2291
1943 2291
1942 2291
1941 2292
1940 2292
1939 2293
1938 2294
1937 2294
1936 2295
1935 2295
1934 2295
1933 2295
1932 2295
1931 2295
1930 2295
1929 2295
1928 2295
1927 2296
1926 2296
1925 2296
1924 2296
1923 2296
1922 2297
1921 2297
1920 2297
1919 2298
1918 2299
1917 2299
1916 2300
1915 2300
1914 2301
1913 2301
1912 2301
1911 2301
1910 2301
1909 2302
1908 2302
1907 2303
1906 2303
1905 2303
1904 2304
1903 2304
1902 2305
1901 2305
1900 2305
1899 2306
1898 2306
1897 2306
1896 2306
1895 2306
1894 2306
1893 2306
1892 2306
1891 2306
1890 2306
1889 2307
1888 2307
1887 2307
1886 2307
1885 2307
1884 2308
1883 2308
1882 2309
1881 2309
1880 2309
1879 2310
1878 2310
1877 2310
1876 2310
1875 2311
1874 2311
1873 2311
1872 2311
1871 2311
1870 2311
1869 2311
1868 2312
1867 2312
1866 2312
1865 2312
1864 2312
1863 2313
1862 2313
1861 2313
1860 2314
1859 2314
1858 2314
1857 2315
1856 2316
1855 2316
1854 2317
1853 2317
1852 2317
1851 2317
1850 2317
1849 2318
1848 2318
1847 2319
1846 2319
1845 2319
1844 2320
1843 2321
1842 2322
1841 2323
1840 2323
1839 2324
1838 2324
1837 2325
1836 2325
1835 2326
1834 2327
1833 2328
1832 2328
1831 2329
1830 2329
1829 2329
1828 2329
1827 2330
1826 2330
1825 2331
1824 2332
1823 2332
1822 2332
1821 2333
1820 2333
1819 2333
1818 2333
1817 2333
1816 2333
1815 2333
1814 2333
1813 2334
1812 2334
1811 2334
1810 2334
1809 2335
1808 2335
1807 2336
1806 2336
1805 2337
1804 2337
1803 2338
1802 2338
1801 2338
1800 2338
1799 2338
1798 2338
1797 2338
1796 2338
1795 2339
1794 2339
1793 2339
1792 2339
1791 2339
1790 2339
1789 2339
1788 2339
1787 2340
1786 2340
1785 2340
1784 2340
1783 2341
1782 2342
1781 2343
1780 2343
1779 2344
1778 2345
1777 2346
1776 2346
1775 2347
1774 2347
1773 2348
1772 2348
1771 2349
1770 2349
1769 2349
1768 2349
1767 2349
1766 2350
1765 2350
1764 2350
1763 2350
1762 2350
1761 2351
1760 2351
1759 2351
1758 2352
1757 2352
1756 2353
1755 2354
1754 2354
1753 2354
1752 2354
1751 2354
1750 2354
1749 2355
1748 2355
1747 2355
1746 2355
1745 2355
1744 2355
1743 2355
1742 2355
1741 2355
1740 2355
1739 2355
1738 2355
1737 2355
1736 2356
1735 2356
1734 2356
1733 2356
1732 2357
1731 2357
1730 2357
1729 2358
1728 2358
1727 2359
1726 2359
1725 2360
1724 2360
1723 2360
1722 2360
1721 2360
1720 2360
1719 2360
1718 2360
1717 2360
1716 2360
1715 2361
1714 2361
1713 2361
1712 2362
1711 2363
1710 2363
1709 2364
1708 2364
1708 2365
1707 2366
1706 2366
1705 2367
1704 2367
1703 2367
1702 2367
1701 2367
1700 2368
1699 2368
1698 2369
1697 2369
1696 2370
1695 2370
1694 2371
1693 2371
1692 2371
1691 2371
1690 2371
1689 2371
1688 2371
1687 2371
1686 2371
1685 2372
1684 2372
1683 2372
1682 2372
1681 2372
1680 2372
1679 2372
1678 2372
1677 2373
1676 2373
1675 2373
1674 2373
1673 2373
1672 2373
1671 2374
1670 2374
1669 2375
1668 2375
1667 2375
1666 2376
1665 2376
1664 2377
1663 2377
1662 2377
1661 2377
1660 2377
1659 2377
1658 2377
1657 2377
1656 2378
1655 2378
1654 2378
1653 2378
1652 2378
1651 2378
1650 2379
1649 2379
1648 2379
1647 2380
1646 2380
1645 2380
1644 2381
1643 2382
1642 2382
1641 2382
1640 2382
1639 2382
1638 2382
1637 2383
1636 2383
1635 2383
1634 2383
1633 2383
1632 2383
1631 2383
1630 2383
1629 2384
1628 2384
1627 2384
1626 2384
1625 2385
1624 2385
1623 2385
1622 2386
1621 2386
1620 2387
1619 2387
1618 2388
1617 2389
1616 2390
1615 2391
1614 2392
1613 2392
1612 2392
1611 2393
1610 2394
1609 2394
1608 2395
1607 2395
1606 2396
1605 2396
1604 2397
1603 2397
1603 2398
1602 2399
1601 2399
1600 2400
1599 2401
1598 2402
1597 2403
1596 2404
1595 2405
1594 2406
1593 2407
1592 2408
1591 2409
1590 2410
1589 2411
1588 2412
1587 2413
1586 2414
1585 2415
1584 2416
1583 2417
1582 2418
1581 2419
1580 2420
1579 2421
1578 2422
1577 2423
1576 2424
1575 2425
1574 2424
1573 2423
1573 2422
1572 2421
1572 2420
1571 2419
1571 2418
1570 2417
1570 2416
1569 2415
1568 2414
1567 2415
1566 2415
1565 2415
1564 2415
1563 2415
1562 2415
1561 2415
1560 2415
1559 2416
1558 2416
1557 2416
1556 2416
1555 2416
1554 2417
1553 2417
1552 2417
1551 2418
1550 2418
1549 2419
1548 2419
1547 2420
1546 2420
1545 2420
1544 2420
1543 2420
1542 2420
1541 2420
1540 2420
1539 2420
1538 2420
1537 2420
1536 2420
1535 2420
1534 2420
1533 2420
1532 2420
1531 2420
1530 2420
1529 2420
1528 2420
1527 2420
1526 2420
1525 2420
1524 2420
1523 2420
1522 2420
1523 2421
1524 2421
1525 2422
1526 2422
1527 2423
1528 2424
1529 2424
1530 2425
1531 2425
1532 2425
1533 2425
1534 2425
1535 2426
1536 2426
1537 2426
1538 2427
1539 2427
1540 2427
1541 2428
1542 2429
1543 2429
1544 2430
1545 2430
1546 2431
1547 2431
1548 2431
1549 2432
1550 2432
1551 2432
1552 2432
1553 2433
1554 2433
1555 2433
1556 2434
1557 2435
1558 2436
1559 2436
1560 2437
1561 2437
1562 2437
1563 2438
1564 2438
1565 2438
1566 2439
1567 2440
1568 2441
1569 2442
1570 2443
1571 2443
1572 2444
1573 2444
1574 2445
1575 2445
1576 2446
1577 2447
1578 2447
1579 2448
1580 2449
1581 2449
1582 2450
1583 2450
1584 2451
1585 2452
1586 2453
1587 2454
1588 2454
1589 2454
1590 2455
1591 2455
1592 2456
1593 2457
1594 2458
1595 2459
1596 2460
1597 2460
1598 2461
1599 2461
1600 2462
1601 2462
1602 2463
1603 2463
1604 2464
1605 2465
1606 2466
1607 2467
1608 2467
1609 2468
1610 2469
1611 2470
1612 2470
1613 2471
1614 2471
1615 2471
1616 2472
1617 2472
1618 2473
1619 2474
1620 2475
1621 2475
1622 2475
1623 2475
1624 2476
1625 2476
1626 2476
1627 2477
1628 2477
1629 2478
1630 2479
1631 2479
1632 2480
1633 2480
1634 2480
1635 2480
1636 2481
1637 2481
1638 2481
1639 2482
1640 2482
1641 2482
1642 2483
1643 2483
1644 2484
1645 2485
1646 2485
1647 2486
1648 2487
1649 2488
1650 2489
1651 2490
1652 2490
1653 2491
1654 2491
1655 2491
1656 2491
1657 2491
1658 2492
1659 2492
1660 2492
1661 2492
1662 2493
1663 2493
1664 2494
1665 2495
1666 2495
1667 2496
1668 2496
1669 2496
1670 2497
1671 2497
1672 2498
1673 2498
1674 2498
1675 2499
1676 2499
1677 2499
1678 2500
1679 2501
1680 2501
1681 2501
1682 2501
1683 2502
1684 2502
1685 2502
1686 2502
1687 2502
1688 2502
1689 2502
1690 2502
1691 2502
1692 2502
1693 2503
1694 2503
1695 2503
1696 2503
1697 2503
1698 2504
1699 2504
1700 2504
1701 2505
1702 2506
1703 2506
1704 2506
1705 2506
1706 2506
1707 2506
1708 2506
1709 2506
1710 2506
1711 2506
1712 2506
1713 2506
1714 2506
1715 2506
1716 2506
1717 2506
1718 2506
1719 2506
1720 2506
1721 2506
1722 2506
1723 2506
1724 2506
1725 2506
1726 2506
1727 2506
1728 2506
1729 2506
1730 2506
1731 2506
1732 2506
1733 2506
1734 2506
1735 2506
1736 2506
1737 2506
1738 2506
1739 2506
1740 2506
1741 2506
1742 2506
1743 2506
1744 2506
1745 2506
1746 2506
1747 2506
1748 2506
1749 2506
1750 2506
1751 2506
1752 2506
1753 2505
1754 2505
1755 2505
1756 2505
1757 2505
1758 2505
1759 2505
1760 2505
1761 2505
1762 2504
1763 2504
1764 2504
1765 2504
1766 2503
1767 2503
1768 2503
1769 2502
1770 2502
1771 2502
1772 2501
1773 2501
1774 2501
1775 2501
1776 2501
1777 2501
1778 2501
1779 2501
1780 2501
1781 2501
1782 2501
1783 2501
1784 2501
1785 2501
1786 2501
1787 2501
1788 2501
1789 2501
1790 2501
1791 2501
1792 2501
1793 2501
1794 2501
1795 2501
1796 2501
1797 2501
1798 2501
1799 2501
1800 2501
1801 2501
1802 2501
1803 2501
1804 2501
1805 2501
1806 2501
1807 2501
1808 2501
1809 2501
1810 2501
1811 2501
1812 2501
1813 2501
1814 2501
1815 2501
1816 2501
1817 2501
1818 2501
1819 2501
1820 2501
1821 2501
1822 2501
1823 2501
1824 2501
1825 2501
1826 2501
1827 2501
1828 2501
1829 2501
1830 2501
1831 2501
1832 2501
1833 2501
1834 2501
1835 2501
1836 2501
1837 2501
1838 2501
1839 2501
1840 2501
1841 2501
1842 2501
1843 2501
1844 2501
1845 2501
1846 2501
1847 2501
1848 2501
1849 2501
1850 2501
1851 2501
1852 2501
1853 2501
1854 2501
1855 2501
1856 2501
1857 2501
1858 2501
1859 2501
1860 2501
1861 2500
1862 2500
1863 2500
1864 2500
1865 2500
1866 2500
1867 2500
1868 2500
1869 2500
1870 2500
1871 2499
1872 2499
1873 2499
1874 2499
1875 2498
1876 2498
1877 2498
1878 2497
1879 2497
1880 2496
1881 2496
1882 2496
1883 2496
1884 2495
1885 2495
1886 2495
1887 2495
1888 2495
1889 2495
1890 2495
1891 2495
1892 2494
1893 2494
1894 2494
1895 2494
1896 2494
1897 2494
1898 2494
1899 2493
1900 2493
1901 2493
1902 2492
1903 2492
1904 2491
1905 2491
1906 2491
1907 2490
1908 2490
1909 2490
1910 2490
1911 2490
1912 2490
1913 2490
1914 2490
1915 2490
1916 2490
1917 2490
1918 2490
1919 2490
1920 2490
1921 2490
1922 2490
1923 2490
1924 2490
1925 2490
1926 2490
1927 2490
1928 2490
1929 2490
1930 2490
1931 2490
1932 2490
1933 2490
1934 2490
1935 2490
1936 2490
1937 2490
1938 2490
1939 2490
1940 2490
1941 2490
1942 2490
1943 2490
1944 2490
1945 2490
1946 2490
1947 2490
1948 2490
1949 2490
1950 2490
1951 2490
1952 2490
1953 2490
1954 2490
1955 2490
1956 2490
1957 2490
1958 2490
1959 2490
1960 2490
1961 2490
1962 2490
1963 2490
1964 2490
1965 2490
1966 2490
1967 2490
1968 2490
1969 2490
1970 2490
1971 2490
1972 2490
1973 2490
1974 2490
1975 2490
1976 2490
1977 2490
1978 2491
1979 2491
1980 2491
1981 2491
1982 2491
1983 2491
1984 2491
1985 2491
1986 2491
1987 2491
1988 2492
1989 2492
1990 2492
1991 2492
1992 2492
1993 2492
1994 2493
1995 2493
1996 2494
1997 2494
1998 2495
1999 2495
2000 2496
2001 2496
2002 2496
2003 2497
2004 2497
2005 2497
2006 2497
2007 2497
2008 2497
2009 2498
2010 2498
2011 2499
2012 2499
2013 2500
2014 2500
2015 2501
2016 2502
2017 2503
2018 2503
2019 2503
2020 2504
2021 2504
2022 2504
2023 2505
2024 2506
2025 2506
2026 2507
2027 2508
2028 2508
2029 2509
2030 2509
2031 2510
2032 2511
2033 2512
2034 2513
2035 2513
2036 2514
2037 2514
2038 2515
2039 2515
2040 2516
2041 2516
2042 2517
2043 2518
2044 2518
2045 2519
2046 2520
2047 2520
2048 2521
2049 2521
2050 2522
2051 2522
2052 2523
2053 2523
2054 2524
2055 2525
2056 2525
2057 2526
2058 2526
2059 2527
2060 2527
2061 2528
2062 2528
2063 2529
2064 2530
2065 2531
2066 2532
2067 2532
2068 2533
2069 2534
2070 2534
2071 2535
2072 2536
2072 2537
2073 2538
2074 2539
2074 2540
2075 2541
2076 2542
2077 2543
2078 2544
2079 2544
2080 2545
2081 2546
2082 2547
2083 2548
2084 2549
2085 2549
2086 2550
2087 2551
2088 2552
2088 2553
2089 2554
2090 2555
2091 2556
2092 2557
2093 2558
2094 2559
2095 2560
2096 2561
2097 2562
2098 2563
2099 2563
2100 2564
2101 2565
2102 2566
2103 2566
2104 2567
2105 2568
2106 2569
2107 2570
2108 2571
2109 2572
2109 2573
2110 2574
2111 2575
2112 2576
2113 2577
2113 2578
2114 2579
2115 2580
2116 2581
2116 2582
2117 2582
2118 2583
2119 2584
2120 2584
2121 2585
2122 2586
2123 2586
2124 2587
2125 2587
2126 2588
2127 2588
2128 2589
2129 2589
2130 2589
2131 2590
2132 2590
2133 2590
2134 2590
2135 2590
2136 2590
2137 2591
2138 2591
2139 2591
2140 2592
2141 2592
2142 2593
2143 2593
2144 2593
2145 2594
2146 2594
2147 2594
2148 2594
2149 2594
2150 2594
2151 2595
2152 2595
2153 2595
2154 2595
2155 2595
2156 2595
2157 2595
2158 2595
2159 2596
2160 2596
2161 2596
2162 2596
2163 2597
2164 2597
2165 2598
2166 2598
2167 2599
2168 2600
2169 2601
2170 2602
2171 2602
2172 2602
2173 2603
2174 2603
2175 2604
2176 2604
2177 2605
2178 2605
2179 2605
2180 2605
2181 2605
2182 2605
2183 2605
2184 2605
2185 2605
2186 2605
2187 2605
2188 2606
2189 2606
2190 2606
2191 2606
2192 2606
2193 2607
2194 2607
2195 2607
2196 2608
2197 2608
2198 2609
2199 2610
2200 2610
2201 2611
2202 2611
2203 2611
2204 2612
2205 2612
2206 2612
2207 2612
2208 2613
2209 2613
2210 2613
2211 2614
2212 2615
2213 2616
2213 2617
2214 2618
2215 2619
2216 2620
2216 2621
2217 2622
2217 2623
2218 2624
2218 2625
2219 2626
2219 2627
2220 2628
2220 2629
2221 2630
2222 2631
2222 2632
2223 2633
2224 2634
2225 2635
2226 2636
2227 2637
2228 2638
2229 2639
2230 2640
2231 2641
2232 2642
2233 2643
2234 2644
2235 2645
2235 2646
2236 2647
2237 2648
2237 2649
2238 2650
2239 2651
2239 2652
2240 2653
2241 2654
2241 2655
2242 2656
2243 2657
2244 2658
2245 2659
2246 2660
2247 2661
2248 2662
2249 2663
2250 2664
2251 2664
2252 2665
2253 2666
2254 2666
2255 2667
2256 2668
2257 2668
2258 2669
2259 2670
2260 2671
2261 2671
2262 2672
2263 2672
2264 2673
2265 2673
2266 2674
2267 2674
2268 2675
2269 2676
2270 2676
2271 2677
2272 2677
2273 2677
2274 2677
2275 2677
2276 2677
2277 2677
2278 2678
2279 2678
2280 2679
2281 2679
2282 2679
2283 2680
2284 2680
2285 2681
2286 2682
2287 2682
2288 2682
2289 2682
2290 2682
2291 2682
2292 2682
2293 2682
2294 2683
2295 2683
2296 2683
2297 2683
2298 2683
2299 2684
2300 2684
2301 2684
2302 2684
2303 2685
2304 2685
2305 2686
2306 2686
2307 2687
2308 2687
2309 2688
2310 2688
2311 2688
2312 2688
2313 2688
2314 2689
2315 2689
2316 2689
2317 2690
2318 2690
2319 2691
2320 2692
2321 2692
2322 2693
2323 2693
2324 2694
2325 2694
2326 2695
2327 2695
2328 2696
2329 2697
2330 2697
2331 2698
2332 2699
2333 2700
2334 2700
2335 2701
2336 2701
2337 2702
2338 2702
2339 2703
2340 2703
2341 2704
2342 2704
2343 2704
2344 2705
2345 2705
2346 2706
2347 2707
2348 2708
2348 2709
2349 2710
2350 2711
2351 2712
2352 2713
2353 2713
2354 2714
2355 2715
2356 2716
2357 2717
2358 2718
2359 2719
2360 2720
2361 2720
2362 2721
2363 2721
2364 2721
2365 2722
2366 2722
2367 2723
2368 2724
2369 2725
2369 2726
2370 2727
2371 2727
2372 2728
2373 2729
2374 2729
2375 2730
2376 2731
2377 2731
2378 2732
2379 2732
2380 2733
2381 2733
2382 2734
2383 2734
2384 2735
2385 2736
2386 2736
2387 2737
2388 2737
2389 2738
2390 2738
2391 2738
2392 2739
2393 2740
2394 2740
2395 2741
2396 2742
2397 2743
2398 2743
2399 2744
2400 2745
2401 2745
2402 2746
2403 2746
2404 2747
2405 2748
2406 2748
2407 2749
2408 2749
2409 2749
2410 2750
2411 2750
2412 2750
2413 2751
2414 2751
2415 2752
2416 2752
2417 2753
2418 2753
2419 2753
2420 2753
2421 2754
2422 2754
2423 2754
2424 2754
2425 2755
2426 2755
2427 2756
2428 2756
2429 2757
2430 2758
2431 2758
2432 2759
2433 2759
2434 2760
2435 2760
2436 2760
2437 2761
2438 2761
2439 2761
2440 2762
2441 2762
2442 2762
2443 2763
2444 2763
2445 2764
2446 2764
2447 2764
2448 2764
2449 2764
2450 2764
2451 2764
2452 2764
2453 2764
2454 2765
2455 2765
2456 2765
2457 2765
2458 2765
2459 2766
2460 2766
2461 2766
2462 2767
2463 2767
2464 2768
2465 2769
2466 2769
2467 2769
2468 2769
2469 2770
2470 2770
2471 2770
2472 2770
2473 2770
2474 2770
2475 2770
2476 2771
2477 2771
2478 2771
2479 2771
2480 2772
2481 2772
2482 2773
2483 2773
2484 2774
2485 2774
2486 2774
2487 2774
2488 2774
2489 2774
2490 2774
2491 2774
2492 2774
2493 2774
2494 2774
2495 2775
2496 2775
2497 2775
2498 2775
2499 2775
2500 2775
2501 2775
2502 2775
2503 2775
2504 2776
2505 2776
2506 2776
2507 2777
2508 2778
2509 2779
2510 2780
2511 2781
2511 2782
2512 2783
2513 2784
2514 2785
2515 2786
2516 2786
2517 2786
2518 2786
2519 2786
2520 2787
2521 2787
2522 2787
2523 2788
2524 2788
2525 2788
2526 2789
2527 2789
2528 2790
2529 2791
2530 2792
2531 2792
2532 2793
2533 2793
2534 2793
2535 2794
2536 2795
2537 2796
2538 2797
2539 2798
2540 2799
2541 2800
2542 2800
2543 2801
2544 2802
2545 2803
2546 2804
2547 2805
2548 2806
2549 2807
2550 2808
2551 2809
2552 2809
2553 2810
2554 2810
2555 2811
2556 2811
2557 2812
2558 2813
2559 2813
2560 2814
2561 2814
2562 2815
2563 2815
2564 2816
2565 2816
2566 2817
2567 2817
2568 2818
2569 2819
2570 2820
2571 2821
2572 2822
2573 2823
2573 2824
2574 2825
2575 2826
2576 2827
2577 2828
2578 2829
2578 2830
2579 2831
2580 2832
2581 2833
2582 2834
2583 2835
2583 2836
2584 2837
2585 2838
2586 2838
2587 2839
2588 2839
2589 2840
2590 2841
2591 2842
2591 2843
2592 2844
2592 2845
2592 2846
2592 2847
2593 2848
2594 2849
2595 2850
2595 2851
2596 2852
2597 2853
2598 2854
2599 2855
2600 2856
2601 2857
2602 2858
2603 2859
2604 2860
2605 2861
2606 2861
2607 2862
2608 2863
2609 2863
2610 2864
2611 2865
2612 2865
2613 2865
2614 2866
2615 2867
2616 2868
2617 2869
2617 2870
2618 2870
2619 2871
2620 2872
2621 2873
2622 2874
2622 2875
2623 2876
2624 2876
2625 2877
2626 2878
2626 2879
2626 2880
2627 2881
2628 2882
2628 2883
2628 2884
2627 2885
2626 2886
2625 2887
2624 2888
2623 2889
2622 2890
2622 2891
2621 2892
2621 2893
2621 2894
2620 2895
2620 2896
2619 2897
2619 2898
2618 2899
2618 2900
2617 2901
2617 2902
2616 2903
2616 2904
2615 2905
2615 2906
2614 2907
2614 2908
2614 2909
2613 2910
2613 2911
2612 2912
2611 2913
2611 2914
2610 2915
2610 2916
2609 2917
2609 2918
2609 2919
2608 2920
2608 2921
2608 2922
2608 2923
2607 2924
2607 2925
2607 2926
2608 2925
2608 2924
2609 2923
2610 2922
2611 2921
2611 2920
2612 2919
2613 2918
2614 2917
2614 2916
2615 2915
2615 2914
2616 2913
2617 2913
2618 2912
2619 2911
2620 2911
2620 2910
2621 2909
2622 2908
2623 2907
2624 2906
2625 2905
2626 2904
2627 2904
2628 2904
2629 2903
2630 2903
2631 2903
2632 2903
2633 2902
2634 2902
2635 2902
2636 2902
2637 2901
2638 2901
2639 2901
2640 2900
2641 2900
2642 2900
2643 2900
2644 2901
2645 2901
2646 2901
2647 2902
2648 2902
2649 2903
2650 2904
2651 2904
2652 2905
2653 2905
2654 2905
2655 2906
2656 2906
2657 2906
2658 2906
2659 2906
2660 2906
2661 2907
2662 2908
2663 2909
2663 2910
2664 2911
2665 2911
2666 2911
2667 2911
2668 2911
2669 2911
2670 2911
2671 2911
2672 2911
2673 2911
2674 2911
2675 2911
2676 2911
2677 2911
2678 2911
2679 2911
2680 2911
2681 2911
2682 2911
2683 2911
2684 2912
2685 2912
2686 2912
2687 2913
2688 2913
2689 2914
2690 2914
2691 2915
2692 2915
2693 2916
2694 2917
2695 2917
2696 2917
2697 2917
2698 2917
2699 2917
2700 2918
2701 2918
2702 2918
2703 2918
2704 2919
2705 2919
2706 2919
2707 2920
2708 2920
2709 2920
2710 2921
2711 2921
2712 2922
2713 2922
2714 2922
2715 2922
2716 2922
2717 2922
2718 2922
2719 2922
2720 2922
2721 2922
2722 2922
2723 2923
2724 2923
2725 2923
2726 2923
2727 2923
2728 2923
2729 2924
2730 2924
2731 2924
2732 2924
2733 2925
2734 2925
2735 2926
2736 2926
2737 2927
2738 2927
2739 2928
2740 2929
2741 2929
2742 2929
2743 2930
2744 2931
2745 2931
2746 2932
2747 2933
2748 2934
2749 2935
2749 2936
2750 2937
2750 2938
2751 2939
2751 2940
2751 2941
2751 2942
2752 2943
2752 2944
2753 2945
2753 2946
2754 2947
2755 2948
2756 2949
2757 2950
2758 2951
2758 2952
2759 2953
2760 2954
2761 2955
2761 2956
2762 2957
2763 2958
2764 2959
2764 2960
2765 2961
2765 2962
2766 2963
2767 2964
2768 2965
2768 2966
2769 2967
2770 2968
2770 2969
2771 2970
2772 2971
2772 2972
2773 2973
2773 2974
2773 2975
2774 2976
2774 2977
2775 2978
2776 2979
2776 2980
2777 2981
2777 2982
2778 2983
2779 2984
2779 2985
2779 2986
2780 2987
2780 2988
2781 2989
2781 2990
2782 2991
2783 2992
2784 2993
2785 2994
2786 2995
2786 2996
2787 2997
2788 2998
2789 2998
2790 2999
2791 3000
2792 3001
2792 3002
2793 3003
2794 3004
2795 3005
2795 3006
2796 3007
2796 3008
2797 3009
2797 3010
2798 3011
2799 3012
2800 3013
2801 3013
2802 3014
2802 3015
2803 3016
2804 3016
2805 3017
2806 3017
2807 3017
2808 3018
2809 3019
2810 3019
2811 3020
2812 3021
2813 3022
2814 3022
2815 3022
2816 3023
2817 3023
2818 3024
2819 3025
2820 3026
2821 3027
2822 3028
2823 3029
2824 3030
2824 3031
2825 3032
2825 3033
2825 3034
2825 3035
2825 3036
2825 3037
2824 3038
2823 3039
2822 3040
2822 3041
2821 3042
2820 3043
2819 3044
2818 3045
2818 3046
2817 3047
2816 3048
2816 3049
2815 3050
2815 3051
2814 3052
2813 3053
2813 3054
2812 3055
2812 3056
2811 3057
2811 3058
2811 3059
2810 3060
2810 3061
2809 3062
2809 3063
2808 3064
2808 3065
2807 3066
2807 3067
2806 3068
2805 3069
2805 3070
2804 3071
2803 3072
2802 3073
2802 3074
2801 3075
2800 3076
2800 3077
2799 3078
2800 3078
2801 3077
2802 3076
2803 3075
2804 3074
2805 3074
2806 3073
2807 3072
2808 3071
2809 3071
2810 3070
2811 3070
2812 3069
2813 3069
2814 3068
2815 3067
2816 3066
2817 3066
2818 3065
2819 3064
2820 3064
2821 3063
2822 3063
2823 3062
2824 3061
2825 3061
2826 3060
2827 3059
2828 3059
2829 3058
2830 3057
2831 3057
2832 3056
2833 3055
2834 3055
2835 3054
2836 3054
2837 3053
2838 3053
2839 3053
2840 3053
2841 3053
2842 3053
2843 3053
2844 3053
2845 3053
2846 3053
2847 3053
2848 3053
2849 3053
2850 3053
2851 3053
2852 3053
2853 3053
2854 3053
2855 3054
2856 3054
2857 3054
2858 3055
2859 3055
2860 3056
2861 3056
2862 3057
2863 3058
2863 3059
2864 3060
2865 3061
2865 3062
2865 3063
2866 3064
2866 3065
2867 3066
2867 3067
2868 3068
2869 3069
2870 3070
2871 3071
2871 3072
2872 3073
2872 3074
2872 3075
2873 3076
2874 3076
2875 3076
2876 3077
2877 3077
2878 3078
2879 3078
2880 3079
2881 3080
2882 3080
2883 3081
2884 3081
2885 3081
2886 3082
2887 3082
2888 3082
2889 3083
2890 3084
2891 3085
2892 3085
2893 3086
2894 3086
2895 3087
2896 3087
2897 3087
2898 3087
2899 3087
2900 3088
2901 3088
2902 3088
2903 3089
2904 3089
2905 3090
2906 3090
2907 3091
2908 3092
2909 3093
2910 3093
2911 3094
2912 3095
2913 3096
2914 3096
2915 3097
2916 3097
2917 3097
2918 3097
2919 3097
2920 3097
2921 3097
2922 3097
2923 3097
2924 3097
2925 3098
2926 3098
2927 3098
2928 3098
2929 3098
2930 3099
2931 3099
2932 3099
2933 3100
2934 3100
2935 3101
2936 3101
2937 3101
2938 3102
2939 3102
2940 3102
2941 3102
2942 3102
2943 3102
2944 3102
2945 3102
2946 3102
2947 3102
2948 3102
2949 3102
2950 3102
2951 3102
2952 3102
2953 3101
2954 3101
2955 3101
2956 3101
2957 3101
2958 3101
2959 3101
2960 3101
2961 3101
2962 3101
2963 3101
2964 3101
2965 3101
2966 3101
2967 3100
2968 3100
2969 3100
2970 3100
2971 3100
2972 3099
2973 3099
2974 3098
2975 3098
2976 3097
2977 3097
2978 3096
2979 3095
2980 3095
2981 3094
2982 3094
2983 3094
2984 3093
2985 3093
2986 3092
2987 3092
2988 3091
2989 3090
2990 3089
2991 3088
2992 3088
2993 3087
2994 3087
2995 3086
2996 3085
2997 3085
2998 3084
2999 3083
3000 3083
3001 3082
3002 3081
3003 3081
3004 3080
3005 3080
3006 3079
3007 3078
3008 3078
3009 3077
3010 3077
3011 3076
3012 3076
3013 3075
3014 3074
3015 3073
3016 3072
3017 3072
3018 3071
3019 3071
3020 3070
3021 3069
3022 3068
3023 3067
3024 3066
3025 3066
3026 3065
3027 3065
3028 3064
3029 3064
3030 3063
3031 3062
3031 3061
3032 3060
3033 3060
3034 3059
3035 3058
3036 3057
3037 3056
3037 3055
3038 3054
3039 3053
3040 3052
3041 3052
3042 3051
3043 3050
3044 3049
3045 3048
3046 3047
3047 3046
3048 3045
3049 3044
3049 3043
3050 3042
3051 3042
3051 3041
3052 3040
3052 3039
3053 3038
3054 3037
3055 3036
3056 3035
3057 3034
3058 3033
3059 3032
3060 3031
3061 3030
3062 3029
3063 3028
3064 3028
3065 3027
3066 3026
3067 3025
3068 3024
3068 3023
3069 3022
3070 3021
3071 3020
3072 3020
3072 3019
3073 3018
3074 3017
3074 3016
3074 3015
3075 3014
3076 3013
3076 3012
3077 3011
3078 3010
3079 3009
3080 3009
3081 3008
3082 3007
3083 3006
3084 3006
3085 3005
3086 3005
3087 3004
3088 3004
3089 3003
3090 3002
3091 3001
3092 3000
3093 2999
3094 2999
3095 2998
3096 2997
3097 2996
3098 2995
3099 2994
3100 2993
3101 2992
3102 2991
3103 2990
3104 2990
3105 2989
3106 2989
3107 2989
3108 2988
3109 2987
3110 2987
3111 2986
3112 2986
3113 2985
3114 2984
3115 2984
3116 2983
3117 2983
3118 2982
3119 2981
3120 2980
3121 2979
3122 2978
3123 2978
3124 2977
3125 2976
3126 2975
3127 2975
3128 2974
3129 2974
3130 2973
3131 2972
3132 2972
3133 2971
3134 2970
3135 2970
3136 2969
3137 2968
3138 2967
3139 2967
3140 2966
3141 2966
3142 2965
3143 2964
3144 2963
3145 2962
3146 2961
3147 2960
3147 2959
3148 2958
3148 2957
3148 2956
3148 2955
3148 2954
3148 2953
3149 2952
3149 2951
3149 2950
3149 2949
3150 2948
3150 2947
3150 2946
3151 2945
3151 2944
3152 2943
3152 2942
3152 2941
3152 2940
3153 2939
3153 2938
3153 2937
3153 2936
3153 2935
3153 2934
3153 2933
3153 2932
3153 2931
3154 2930
3154 2929
3154 2928
3154 2927
3155 2926
3155 2925
3155 2924
3156 2923
3156 2922
3156 2921
3157 2920
3157 2919
3157 2918
3157 2917
3157 2916
3157 2915
3157 2914
3157 2913
3157 2912
3157 2911
3157 2910
3157 2909
3157 2908
3157 2907
3157 2906
3157 2905
3157 2904
3157 2903
3158 2902
3158 2901
3158 2900
3158 2899
3158 2898
3158 2897
3158 2896
3158 2895
3158 2894
3158 2893
3158 2892
3158 2891
3158 2890
3158 2889
3158 2888
3158 2887
3158 2886
3158 2885
3159 2884
3159 2883
3159 2882
3159 2881
3159 2880
3159 2879
3160 2878
3160 2877
3160 2876
3160 2875
3161 2874
3161 2873
3161 2872
3162 2871
3162 2870
3163 2869
3163 2868
3163 2867
3163 2866
3163 2865
3163 2864
3164 2863
3164 2862
3164 2861
3164 2860
3164 2859
3164 2858
3164 2857
3164 2856
3165 2855
3165 2854
3165 2853
3165 2852
3165 2851
3166 2850
3166 2849
3167 2848
3167 2847
3167 2846
3168 2845
3168 2844
3168 2843
3168 2842
3168 2841
3168 2840
3168 2839
3168 2838
3168 2837
3168 2836
3168 2835
3168 2834
3168 2833
3168 2832
3168 2831
3169 2830
3169 2829
3169 2828
3169 2827
3169 2826
3169 2825
3169 2824
3169 2823
3169 2822
3169 2821
3169 2820
3169 2819
3169 2818
3169 2817
3169 2816
3169 2815
3170 2814
3170 2813
3170 2812
3170 2811
3170 2810
3170 2809
3171 2808
3171 2807
3171 2806
3171 2805
3172 2804
3172 2803
3173 2802
3173 2801
3174 2800
3174 2799
3174 2798
3174 2797
3174 2796
3174 2795
3174 2794
3174 2793
3174 2792
3174 2791
3175 2790
3175 2789
3175 2788
3175 2787
3175 2786
3175 2785
3176 2784
3176 2783
3176 2782
3177 2781
3177 2780
3178 2779
3178 2778
3179 2777
3180 2776
3180 2775
3181 2774
3181 2773
3182 2772
3182 2771
3182 2770
3182 2769
3183 2768
3183 2767
3184 2766
3184 2765
3185 2764
3186 2763
3186 2762
3187 2761
3188 2760
3189 2760
3190 2759
3191 2758
3192 2758
3193 2759
3194 2759
3195 2760
3196 2760
3197 2760
3198 2761
3199 2761
3200 2762
3201 2763
3202 2764
3203 2764
3204 2765
3205 2766
3206 2766
3207 2766
3208 2767
3209 2768
3210 2768
3211 2769
3212 2769
3213 2769
3214 2769
3215 2769
3216 2769
3217 2769
3218 2769
3219 2769
3220 2769
3221 2769
3222 2769
3223 2769
3224 2769
3225 2769
3226 2769
3227 2769
3228 2769
3229 2770
3230 2770
3231 2770
3232 2770
3233 2771
3234 2772
3235 2772
3236 2773
3237 2774
3238 2775
3239 2775
3240 2775
3241 2775
3242 2776
3243 2776
3244 2776
3245 2776
3246 2777
3247 2777
3248 2778
3249 2779
3250 2780
3250 2781
3251 2782
3252 2783
3253 2783
3254 2784
3254 2785
3255 2786
3256 2787
3257 2788
3258 2789
3259 2790
3260 2791
3260 2792
3261 2793
3262 2793
3263 2794
3264 2794
3265 2795
3266 2796
3266 2797
3267 2798
3268 2799
3269 2800
3269 2801
3270 2802
3270 2803
3271 2804
3271 2805
3272 2806
3273 2807
3274 2808
3275 2809
3276 2810
3277 2811
3278 2812
3279 2812
3280 2813
3281 2814
3282 2815
3283 2816
3284 2816
3285 2817
3286 2818
3287 2818
3288 2819
3289 2819
3290 2820
3291 2821
3292 2821
3293 2822
3294 2823
3295 2824
3296 2825
3297 2826
3298 2827
3299 2828
3300 2829
3301 2830
3302 2831
3303 2832
3304 2832
3305 2833
3306 2833
3307 2833
3308 2834
3309 2834
3310 2834
3311 2834
3312 2834
3313 2834
3314 2834
3315 2834
3316 2834
3317 2834
3318 2834
3319 2834
3320 2834
3321 2834
3322 2834
3323 2834
3324 2834
3325 2834
3326 2834
3327 2833
3328 2833
3329 2833
3330 2833
3331 2833
3332 2833
3333 2833
3334 2833
3335 2832
3336 2832
3337 2832
3338 2832
3339 2831
3340 2831
3341 2831
3342 2831
3343 2830
3344 2830
3345 2829
3346 2829
3347 2829
3348 2828
3349 2828
3350 2828
3351 2828
3352 2828
3353 2828
3354 2827
3355 2827
3355 2826
3356 2825
3356 2824
3357 2823
3357 2822
3358 2821
3359 2820
3360 2819
3361 2818
3362 2817
3362 2816
3362 2815
3363 2814
3363 2813
3364 2812
3364 2811
3365 2810
3366 2809
3367 2809
3368 2808
3368 2807
3369 2806
3369 2805
3370 2804
3371 2803
3372 2802
3373 2802
3374 2801
3374 2800
3375 2799
3376 2798
3377 2797
3378 2796
3378 2795
3378 2794
3379 2793
3379 2792
3380 2791
3380 2790
3380 2789
3381 2788
3381 2787
3381 2786
3381 2785
3381 2784
3381 2783
3381 2782
3381 2781
3381 2780
3381 2779
3381 2778
3381 2777
3381 2776
3381 2775
3381 2774
3381 2773
3381 2772
3381 2771
3381 2770
3381 2769
3381 2768
3381 2767
3381 2766
3381 2765
3381 2764
3381 2763
3381 2762
3381 2761
3381 2760
3381 2759
3381 2758
3381 2757
3381 2756
3381 2755
3381 2754
3381 2753
3382 2752
3382 2751
3382 2750
3382 2749
3382 2748
3383 2747
3383 2746
3383 2745
3383 2744
3384 2743
3384 2742
3385 2741
3386 2740
3386 2739
3387 2738
3387 2737
3387 2736
3387 2735
3387 2734
3387 2733
3388 2732
3388 2731
3388 2730
3389 2729
3389 2728
3389 2727
3390 2726
3390 2725
3391 2724
3392 2723
3393 2722
3393 2721
3394 2720
3395 2719
3396 2718
3397 2717
3398 2716
3399 2715
3399 2714
3399 2713
3400 2712
3401 2711
3401 2710
3402 2709
3403 2708
3404 2707
3404 2706
3404 2705
3405 2704
3405 2703
3405 2702
3406 2701
3406 2700
3407 2699
3407 2698
3408 2697
3409 2696
3409 2695
3410 2694
3411 2693
3411 2692
3412 2691
3412 2690
3413 2689
3413 2688
3414 2687
3415 2686
3415 2685
3416 2684
3416 2683
3417 2682
3417 2681
3418 2680
3418 2679
3419 2678
3420 2677
3420 2676
3421 2675
3422 2674
3423 2673
3423 2672
3424 2671
3424 2670
3425 2669
3426 2668
3427 2667
3427 2666
3428 2665
3429 2664
3429 2663
3430 2662
3431 2661
3432 2660
3433 2659
3434 2658
3434 2657
3435 2656
3435 2655
3436 2654
3437 2653
3437 2652
3438 2651
3439 2650
3440 2649
3441 2648
3442 2647
3443 2646
3444 2646
3445 2645
3446 2645
3447 2644
3448 2643
3449 2643
3450 2642
3451 2641
3452 2640
3453 2640
3454 2639
3455 2639
3456 2638
3457 2637
3458 2636
3459 2635
3460 2634
3460 2633
3461 2632
3462 2631
3463 2630
3464 2630
3465 2629
3466 2629
3467 2629
3468 2628
3469 2627
3470 2627
3471 2626
3472 2625
3473 2624
3474 2623
3475 2623
3476 2622
3477 2621
3478 2621
3479 2620
3480 2619
3481 2618
3482 2617
3483 2616
3484 2615
3485 2614
3486 2613
3487 2613
3488 2612
3489 2611
3490 2610
3491 2609
3491 2608
3492 2607
3492 2606
3493 2605
3493 2604
3494 2603
3495 2603
3496 2602
3497 2601
3498 2601
3498 2600
3499 2599
3499 2598
3500 2597
3500 2596
3501 2595
3501 2594
3502 2593
3503 2592
3503 2591
3504 2590
3504 2589
3505 2588
3506 2587
3506 2586
3507 2585
3508 2584
3509 2583
3510 2583
3511 2582
3511 2581
3512 2580
3513 2579
3513 2578
3514 2577
3514 2576
3514 2575
3515 2574
3515 2573
3516 2572
3516 2571
3517 2570
3518 2569
3519 2568
3520 2567
3520 2566
3521 2565
3521 2564
3522 2563
3522 2562
3523 2561
3523 2560
3524 2559
3525 2558
3525 2557
3526 2556
3527 2555
3527 2554
3528 2553
3529 2552
3530 2551
3531 2550
3531 2549
3532 2548
3533 2547
3534 2546
3535 2545
3535 2544
3536 2543
3536 2542
3536 2541
3536 2540
3537 2539
3537 2538
3538 2537
3539 2536
3540 2535
3541 2534
3542 2533
3543 2532
3544 2531
3545 2530
3546 2530
3547 2529
3547 2528
3547 2527
3548 2526
3548 2525
3549 2524
3550 2523
3551 2522
3552 2521
3552 2520
3553 2519
3553 2518
3554 2517
3554 2516
3555 2515
3556 2514
3556 2513
3556 2512
3556 2511
3556 2510
3556 2509
3556 2508
3556 2507
3556 2506
3556 2505
3556 2504
3556 2503
3556 2502
3556 2501
3556 2500
3556 2499
3556 2498
3556 2497
3556 2496
3556 2495
3556 2494
3556 2493
3556 2492
3556 2491
3556 2490
3556 2489
3556 2488
3556 2487
3556 2486
3556 2485
3556 2484
3556 2483
3556 2482
3556 2481
3556 2480
3556 2479
3556 2478
3556 2477
3556 2476
3556 2475
3556 2474
3556 2473
3556 2472
3556 2471
3556 2470
3556 2469
3556 2468
3556 2467
3556 2466
3556 2465
3556 2464
3556 2463
3556 2462
3556 2461
3556 2460
3556 2459
3555 2458
3555 2457
3555 2456
3555 2455
3555 2454
3555 2453
3555 2452
3555 2451
3555 2450
3555 2449
3555 2448
3555 2447
3554 2446
3554 2445
3554 2444
3554 2443
3553 2442
3553 2441
3553 2440
3552 2439
3552 2438
3551 2437
3551 2436
3551 2435
3550 2434
3550 2433
3550 2432
3550 2431
3550 2430
3550 2429
3550 2428
3550 2427
3550 2426
3550 2425
3550 2424
3549 2423
3549 2422
3549 2421
3549 2420
3549 2419
3548 2418
3548 2417
3548 2416
3547 2415
3547 2414
3547 2413
3546 2412
3546 2411
3545 2410
3545 2409
3545 2408
3545 2407
3545 2406
3545 2405
3545 2404
3545 2403
3545 2402
3545 2401
3545 2400
3545 2399
3545 2398
3545 2397
3545 2396
3545 2395
3545 2394
3545 2393
3545 2392
3545 2391
3545 2390
3545 2389
3545 2388
3545 2387
3545 2386
3545 2385
3545 2384
3545 2383
3545 2382
3545 2381
3545 2380
3545 2379
3545 2378
3545 2377
3545 2376
3545 2375
3545 2374
3545 2373
3545 2372
3545 2371
3545 2370
3545 2369
3545 2368
3545 2367
3545 2366
3545 2365
3545 2364
3545 2363
3545 2362
3545 2361
3545 2360
3545 2359
3545 2358
3545 2357
3545 2356
3545 2355
3545 2354
3545 2353
3545 2352
3545 2351
3545 2350
3545 2349
3545 2348
3545 2347
3545 2346
3545 2345
3545 2344
3545 2343
3545 2342
3545 2341
3545 2340
3545 2339
3545 2338
3545 2337
3545 2336
3545 2335
3545 2334
3545 2333
3545 2332
3545 2331
3545 2330
3545 2329
3545 2328
3545 2327
3545 2326
3545 2325
3545 2324
3545 2323
3545 2322
3545 2321
3545 2320
3545 2319
3545 2318
3545 2317
3545 2316
3545 2315
3545 2314
3545 2313
3545 2312
3545 2311
3545 2310
3544 2309
3544 2308
3544 2307
3544 2306
3544 2305
3544 2304
3544 2303
3543 2302
3543 2301
3543 2300
3543 2299
3542 2298
3542 2297
3542 2296
3541 2295
3541 2294
3540 2293
3540 2292
3540 2291
3540 2290
3539 2289
3539 2288
3539 2287
3539 2286
3539 2285
3539 2284
3539 2283
3539 2282
3539 2281
3539 2280
3539 2279
3539 2278
3539 2277
3539 2276
3539 2275
3539 2274
3539 2273
3539 2272
3539 2271
3539 2270
3539 2269
3539 2268
3538 2267
3538 2266
3538 2265
3538 2264
3538 2263
3537 2262
3537 2261
3537 2260
3536 2259
3536 2258
3535 2257
3535 2256
3534 2255
3533 2254
3532 2253
3532 2252
3532 2251
3532 2250
3531 2249
3531 2248
3531 2247
3530 2246
3530 2245
3529 2244
3529 2243
3528 2242
3527 2241
3527 2240
3526 2239
3526 2238
3525 2237
3525 2236
3524 2235
3524 2234
3523 2233
3523 2232
3522 2231
3521 2230
3520 2229
3520 2228
3519 2227
3518 2226
3517 2225
3517 2224
3516 2223
3515 2222
3514 2221
3514 2220
3514 2219
3513 2218
3512 2217
3511 2216
3510 2215
3510 2214
3509 2213
3508 2212
3507 2211
3506 2210
3505 2209
3505 2208
3504 2207
3503 2206
3502 2205
3501 2204
3500 2203
3499 2203
3498 2202
3497 2201
3496 2200
3495 2199
3494 2198
3493 2197
3492 2196
3491 2195
3490 2194
3489 2194
3488 2193
3487 2192
3486 2191
3485 2190
3484 2189
3483 2188
3482 2187
3481 2186
3481 2185
3480 2184
3479 2184
3478 2184
3477 2184
3476 2183
3475 2183
3474 2182
3473 2182
3472 2181
3471 2180
3470 2179
3469 2178
3468 2178
3467 2178
3466 2177
3465 2176
3464 2175
3463 2174
3462 2173
3461 2173
3460 2173
3459 2172
3458 2172
3457 2172
3456 2171
3455 2170
3455 2169
3454 2168
3453 2167
3453 2166
3452 2165
3452 2164
3451 2163
3450 2162
3450 2161
3449 2160
3448 2159
3447 2158
3446 2157
3445 2156
3444 2155
3443 2154
3442 2153
3441 2152
3440 2151
3439 2150
3438 2150
3437 2149
3436 2148
3435 2147
3434 2147
3433 2146
3432 2145
3431 2145
3430 2144
3429 2143
3428 2142
3427 2141
3426 2140
3425 2139
3424 2139
3423 2138
3422 2138
3421 2137
3420 2136
3419 2135
3418 2134
3417 2134
3416 2133
3415 2132
3414 2132
3413 2131
3412 2131
3411 2130
3410 2130
3409 2130
3408 2130
3407 2130
3406 2130
3405 2130
3404 2130
3403 2130
3402 2130
3401 2130
3400 2130
3399 2130
3398 2130
3397 2130
3396 2130
3395 2130
3394 2130
3393 2131
3392 2131
3391 2131
3390 2131
3389 2131
3388 2131
3387 2131
3386 2131
3385 2131
3384 2132
3383 2132
3382 2132
3381 2133
3380 2133
3379 2134
3378 2134
3377 2135
3376 2135
3375 2136
3374 2136
3373 2136
3372 2137
3371 2137
3370 2137
3369 2137
3368 2138
3367 2138
3366 2138
3365 2138
3364 2139
3363 2139
3362 2139
3361 2140
3360 2141
3359 2141
3358 2142
3357 2142
3356 2143
3355 2143
3354 2144
3353 2144
3352 2144
3351 2145
3350 2145
3349 2146
3348 2146
3347 2147
3346 2147
3345 2148
3344 2148
3343 2148
3342 2148
3341 2148
3340 2149
3339 2149
3338 2149
3337 2150
3336 2150
3335 2151
3334 2151
3333 2152
3332 2152
3331 2152
3330 2152
3329 2152
3328 2152
3327 2152
3326 2152
3325 2151
3324 2151
3323 2150
3322 2150
3321 2149
3320 2149
3319 2148
3318 2147
3317 2146
3317 2145
3316 2144
3316 2143
3316 2142
3316 2141
3316 2140
3316 2139
3316 2138
3316 2137
3316 2136
3316 2135
3316 2134
3316 2133
3316 2132
3316 2131
3316 2130
3316 2129
3316 2128
3316 2127
3316 2126
3316 2125
3316 2124
3316 2123
3316 2122
3316 2121
3316 2120
3316 2119
3316 2118
3316 2117
3316 2116
3316 2115
3316 2114
3316 2113
3316 2112
3316 2111
3315 2110
3315 2109
3315 2108
3315 2107
3315 2106
3315 2105
3315 2104
3314 2105
3313 2106
3312 2107
3311 2108
3310 2109
3309 2110
3308 2111
3307 2112
3306 2113
3305 2114
3304 2114
3303 2114
3302 2114
3301 2113
3300 2113
3299 2113
3298 2113
3297 2113
3296 2113
3295 2113
3294 2113
3293 2112
3293 2111
3293 2110
3292 2109
3292 2108
3292 2107
3291 2106
3291 2105
3290 2104
3289 2103
3289 2102
3289 2101
3289 2100
3289 2099
3289 2098
3289 2097
3289 2096
3289 2095
3290 2094
3290 2093
3291 2092
3291 2091
3291 2090
3292 2089
3293 2088
3294 2087
3295 2086
3295 2085
3296 2084
3297 2083
3298 2082
3299 2081
3300 2080
3301 2079
3302 2078
3303 2077
3303 2076
3304 2075
3305 2074
3306 2073
3306 2072
3307 2071
3307 2070
3308 2069
3308 2068
3308 2067
3309 2066
3310 2065
3311 2064
3312 2063
3313 2062
3314 2061
3314 2060
3315 2059
3316 2058
3317 2057
3317 2056
3318 2055
3318 2054
3319 2053
3319 2052
3320 2051
3321 2050
3321 2049
3322 2048
3323 2048
3324 2047
3325 2046
3326 2045
3327 2045
3328 2044
3329 2043
3330 2043
3331 2042
3332 2041
3333 2040
3333 2039
3334 2038
3335 2037
3336 2036
3336 2035
3337 2034
3338 2033
3339 2032
3340 2031
3340 2030
3341 2029
3341 2028
3342 2027
3343 2026
3344 2025
3345 2024
3345 2023
3346 2022
3346 2021
3347 2020
3348 2019
3348 2018
3349 2017
3350 2016
3351 2015
3352 2014
3352 2013
3353 2012
3353 2011
3354 2010
3355 2009
3356 2008
3357 2007
3357 2006
3358 2005
3359 2004
3359 2003
3360 2002
3360 2001
3361 2000
3362 1999
3362 1998
3362 1997
3363 1996
3364 1995
3365 1994
3366 1993
3367 1992
3367 1991
3368 1990
3369 1989
3370 1988
3371 1987
3372 1986
3373 1985
3373 1984
3374 1983
3374 1982
3375 1981
3375 1980
3376 1979
3377 1978
3378 1977
3379 1976
3380 1975
3381 1974
3382 1973
3383 1972
3384 1971
3385 1970
3385 1969
3386 1968
3386 1967
3387 1966
3388 1965
3388 1964
3389 1963
3389 1962
3390 1961
3390 1960
3390 1959
3391 1958
3392 1957
3392 1956
3393 1955
3394 1954
3394 1953
3394 1952
3395 1951
3395 1950
3396 1949
3396 1948
3397 1947
3398 1946
3399 1945
3399 1944
3400 1943
3401 1942
3402 1941
3403 1940
3404 1939
3404 1938
3405 1937
3405 1936
3406 1935
3406 1934
3406 1933
3407 1932
3407 1931
3408 1930
3408 1929
3409 1928
3409 1927
3410 1926
3410 1925
3411 1924
3411 1923
3412 1922
3412 1921
3413 1920
3413 1919
3414 1918
3414 1917
3414 1916
3415 1915
3415 1914
3416 1913
3416 1912
3416 1911
3417 1910
3417 1909
3417 1908
3418 1907
3418 1906
3419 1905
3420 1904
3421 1903
3421 1902
3422 1901
3423 1900
3424 1899
3425 1898
3426 1897
3427 1896
3427 1895
3427 1894
3428 1893
3428 1892
3428 1891
3429 1890
3429 1889
3429 1888
3430 1887
3430 1886
3431 1885
3431 1884
3431 1883
3431 1882
3432 1881
3432 1880
3432 1879
3432 1878
3432 1877
3432 1876
3433 1875
3433 1874
3433 1873
3434 1872
3435 1871
3435 1870
3435 1869
3436 1868
3436 1867
3436 1866
3436 1865
3436 1864
3436 1863
3436 1862
3436 1861
3437 1860
3437 1859
3437 1858
3437 1857
3437 1856
3437 1855
3437 1854
3437 1853
3438 1852
3438 1851
3438 1850
3438 1849
3439 1848
3439 1847
3439 1846
3440 1845
3440 1844
3440 1843
3440 1842
3441 1841
3441 1840
3441 1839
3441 1838
3441 1837
3441 1836
3441 1835
3441 1834
3441 1833
3441 1832
3441 1831
3441 1830
3441 1829
3441 1828
3441 1827
3441 1826
3441 1825
3441 1824
3441 1823
3441 1822
3441 1821
3441 1820
3441 1819
3441 1818
3441 1817
3441 1816
3441 1815
3441 1814
3441 1813
3441 1812
3441 1811
3441 1810
3441 1809
3441 1808
3441 1807
3441 1806
3441 1805
3441 1804
3441 1803
3441 1802
3441 1801
3441 1800
3441 1799
3441 1798
3441 1797
3441 1796
3441 1795
3441 1794
3441 1793
3441 1792
3441 1791
3441 1790
3441 1789
3441 1788
3441 1787
3441 1786
3441 1785
3441 1784
3441 1783
3441 1782
3441 1781
3441 1780
3441 1779
3441 1778
3441 1777
3441 1776
3441 1775
3441 1774
3441 1773
3441 1772
3441 1771
3441 1770
3441 1769
3441 1768
3441 1767
3441 1766
3441 1765
3441 1764
3441 1763
3441 1762
3441 1761
3441 1760
3441 1759
3441 1758
3441 1757
3441 1756
3441 1755
3441 1754
3441 1753
3441 1752
3441 1751
3441 1750
3441 1749
3441 1748
3441 1747
3441 1746
3441 1745
3441 1744
3441 1743
3441 1742
3441 1741
3441 1740
3441 1739
3441 1738
3441 1737
3441 1736
3441 1735
3441 1734
3441 1733
3441 1732
3441 1731
3441 1730
3441 1729
3441 1728
3441 1727
3441 1726
3441 1725
3441 1724
3441 1723
3441 1722
3440 1721
3440 1720
3440 1719
3440 1718
3440 1717
3440 1716
3440 1715
3440 1714
3440 1713
3439 1712
3439 1711
3439 1710
3439 1709
3438 1708
3438 1707
3438 1706
3437 1705
3437 1704
3437 1703
3436 1702
3436 1701
3435 1700
3435 1699
3435 1698
3434 1697
3433 1696
3432 1696
3431 1695
3430 1694
3430 1693
3430 1692
3430 1691
3430 1690
3430 1689
3430 1688
3429 1687
3429 1686
3429 1685
3429 1684
3429 1683
3429 1682
3428 1681
3428 1680
3428 1679
3428 1678
3427 1677
3426 1676
3426 1675
3425 1674
3424 1673
3423 1672
3423 1671
3422 1670
3422 1669
3421 1668
3421 1667
3421 1666
3420 1665
3420 1664
3419 1663
3419 1662
3418 1661
3417 1660
3417 1659
3416 1658
3415 1657
3414 1657
3413 1656
3412 1655
3411 1654
3410 1654
3409 1653
3408 1652
3407 1652
3406 1651
3405 1651
3404 1650
3403 1649
3402 1648
3401 1647
3401 1646
3400 1645
3399 1644
3399 1643
3398 1643
3397 1642
3396 1642
3395 1642
3394 1641
3393 1640
3392 1640
3391 1639
3390 1638
3389 1637
3388 1637
3387 1636
3386 1635
3385 1635
3384 1634
3383 1633
3382 1633
3381 1632
3380 1631
3379 1630
3378 1630
3377 1629
3376 1628
3375 1627
3374 1626
3373 1625
3372 1624
3371 1623
3370 1623
3369 1622
3368 1621
3367 1620
3366 1620
3365 1619
3364 1619
3363 1619
3362 1618
3361 1618
3360 1617
3359 1616
3358 1615
3357 1614
3356 1614
3355 1613
3354 1613
3353 1612
3352 1611
3351 1611
3350 1610
3349 1609
3348 1608
3347 1608
3346 1607
3345 1607
3344 1606
3343 1605
3342 1605
3341 1604
3340 1603
3339 1602
3338 1601
3337 1600
3336 1600
3335 1599
3334 1599
3333 1598
3332 1598
3331 1598
3330 1597
3329 1597
3328 1596
3327 1595
3326 1595
3325 1594
3324 1594
3323 1594
3322 1594
3321 1594
3320 1594
3319 1594
3318 1594
3317 1594
3316 1594
3315 1593
3314 1593
3313 1593
3312 1593
3311 1593
3310 1593
3309 1592
3308 1592
3307 1592
3306 1591
3305 1591
3304 1591
3303 1590
3302 1590
3301 1590
3300 1590
3299 1590
3298 1590
3297 1590
3296 1590
3295 1590
3294 1590
3293 1590
3292 1590
3291 1590
3290 1590
3289 1590
3288 1590
3287 1590
3286 1590
3285 1590
3284 1590
3283 1590
3282 1590
3281 1590
3280 1590
3279 1590
3278 1590
3277 1590
3276 1590
3275 1590
3274 1590
3273 1590
3272 1590
3271 1590
3270 1590
3269 1590
3268 1590
3267 1590
3266 1590
3265 1590
3264 1590
3263 1590
