3790 1892
3789 1893
3788 1894
3788 1895
3788 1896
3787 1897
3786 1897
3785 1898
3784 1898
3783 1898
3783 1899
3783 1900
3783 1901
3783 1902
3782 1903
3781 1903
3780 1903
3779 1902
3779 1901
3779 1900
3779 1899
3779 1898
3779 1899
3778 1900
3777 1900
3776 1900
3775 1900
3774 1899
3774 1898
3774 1897
3774 1898
3774 1899
3773 1900
3772 1900
3771 1901
3771 1902
3771 1903
3771 1904
3772 1905
3772 1906
3771 1907
3770 1907
3769 1907
3768 1906
3767 1905
3767 1904
3766 1904
3765 1904
3764 1904
3763 1903
3762 1904
3761 1904
3760 1904
3760 1905
3760 1906
3759 1907
3758 1907
3757 1907
3756 1907
3755 1907
3754 1908
3753 1908
3752 1908
3751 1907
3751 1906
3751 1905
3751 1904
3751 1903
3751 1902
3751 1903
3751 1904
3751 1905
3751 1906
3751 1907
3751 1908
3750 1909
3749 1909
3748 1909
3748 1910
3747 1911
3746 1912
3745 1912
3744 1912
3743 1911
3743 1910
3744 1909
3744 1908
3743 1909
3742 1909
3741 1908
3741 1907
3741 1906
3741 1907
3741 1908
3741 1909
3741 1910
3740 1911
3739 1911
3738 1911
3737 1910
3736 1910
3735 1910
3734 1910
3733 1910
3732 1910
3731 1909
3731 1908
3731 1907
3730 1907
3729 1907
3728 1906
3728 1907
3727 1908
3726 1908
3725 1908
3724 1908
3723 1907
3723 1906
3723 1905
3722 1905
3722 1906
3722 1907
3721 1908
3720 1908
3720 1909
3720 1910
3720 1911
3720 1912
3720 1913
3720 1914
3719 1915
3718 1915
3717 1915
3716 1914
3715 1913
3715 1912
3715 1911
3715 1910
3715 1909
3714 1909
3713 1909
3712 1909
3712 1910
3712 1911
3712 1912
3711 1913
3711 1914
3711 1915
3710 1916
3709 1916
3708 1916
3707 1915
3707 1914
3706 1913
3706 1912
3706 1913
3705 1914
3705 1915
3704 1916
3703 1916
3702 1916
3701 1915
3701 1914
3701 1913
3701 1912
3701 1911
3701 1910
3700 1910
3699 1911
3698 1912
3697 1912
3696 1912
3695 1912
3695 1913
3694 1914
3693 1914
3692 1915
3692 1916
3691 1917
3690 1917
3689 1917
3688 1917
3687 1916
3686 1916
3685 1916
3684 1915
3684 1916
3684 1917
3683 1918
3682 1918
3681 1919
3680 1919
3679 1919
3678 1919
3677 1919
3676 1918
3675 1918
3674 1918
3673 1919
3673 1920
3672 1921
3673 1922
3672 1923
3671 1923
3670 1923
3669 1922
3669 1921
3669 1920
3669 1919
3669 1918
3668 1918
3667 1917
3667 1918
3667 1919
3666 1920
3665 1920
3664 1920
3663 1920
3663 1921
3662 1922
3661 1922
3661 1923
3660 1924
3659 1924
3658 1924
3657 1924
3656 1923
3656 1922
3656 1921
3656 1920
3655 1920
3654 1919
3653 1919
3653 1920
3653 1921
3653 1922
3653 1923
3652 1924
3651 1924
3650 1924
3649 1923
3648 1924
3647 1925
3646 1925
3646 1926
3645 1927
3644 1927
3643 1927
3642 1926
3642 1925
3642 1924
3641 1924
3641 1925
3641 1926
3640 1927
3640 1928
3639 1929
3638 1929
3637 1929
3636 1928
3636 1927
3635 1926
3635 1927
3635 1928
3634 1929
3633 1929
3632 1929
3631 1928
3630 1928
3629 1928
3628 1929
3627 1930
3626 1931
3625 1932
3624 1932
3623 1932
3622 1933
3623 1934
3622 1935
3621 1935
3620 1935
3619 1935
3618 1934
3617 1935
3616 1935
3615 1935
3614 1935
3613 1935
3612 1935
3611 1935
3610 1934
3610 1933
3610 1932
3610 1933
3610 1934
3609 1935
3608 1935
3607 1935
3606 1935
3605 1936
3604 1936
3603 1936
3602 1937
3601 1938
3600 1938
3599 1938
3598 1938
3597 1939
3596 1939
3596 1940
3595 1941
3594 1941
3593 1941
3592 1941
3591 1941
3590 1942
3589 1943
3588 1943
3587 1943
3586 1944
3585 1944
3584 1945
3583 1944
3583 1945
3582 1946
3581 1946
3580 1946
3579 1947
3578 1947
3578 1948
3577 1949
3576 1949
3575 1949
3574 1949
3573 1950
3572 1950
3571 1950
3570 1951
3569 1951
3568 1952
3567 1952
3566 1952
3565 1953
3564 1953
3563 1954
3562 1955
3561 1955
3560 1955
3559 1955
3558 1956
3557 1956
3556 1956
3555 1957
3554 1957
3553 1958
3552 1958
3551 1959
3550 1959
3549 1960
3548 1961
3547 1961
3546 1962
3545 1962
3544 1963
3543 1964
3542 1964
3541 1965
3540 1966
3539 1966
3538 1967
3537 1968
3536 1969
3535 1969
3534 1970
3533 1971
3532 1971
3531 1972
3530 1972
3529 1973
3528 1973
3527 1974
3526 1975
3525 1975
3524 1976
3523 1977
3522 1977
3521 1978
3520 1979
3519 1980
3518 1981
3517 1981
3516 1982
3515 1982
3514 1983
3513 1984
3512 1985
3511 1986
3510 1986
3509 1987
3508 1987
3507 1988
3506 1988
3505 1988
3504 1988
3503 1988
3502 1988
3501 1989
3500 1989
3499 1990
3498 1991
3497 1992
3496 1992
3495 1993
3494 1994
3493 1995
3492 1996
3491 1997
3490 1997
3489 1998
3488 1998
3487 1999
3486 1999
3485 2000
3484 2000
3483 2001
3482 2002
3481 2003
3480 2003
3479 2004
3478 2005
3477 2006
3476 2006
3475 2007
3474 2008
3473 2008
3472 2009
3471 2009
3470 2010
3469 2010
3468 2010
3467 2011
3466 2011
3465 2012
3464 2013
3463 2014
3462 2014
3461 2015
3460 2016
3459 2016
3458 2016
3457 2017
3456 2017
3455 2018
3454 2018
3453 2019
3452 2019
3451 2019
3450 2020
3449 2020
3448 2020
3447 2020
3446 2021
3445 2021
3444 2021
3443 2022
3442 2022
3441 2022
3440 2023
3439 2023
3438 2024
3437 2024
3436 2025
3435 2025
3434 2025
3433 2025
3432 2026
3431 2026
3430 2027
3429 2028
3428 2028
3427 2029
3426 2029
3425 2030
3424 2030
3423 2031
3422 2031
3421 2032
3420 2032
3419 2033
3418 2034
3417 2034
3416 2035
3415 2036
3414 2037
3413 2037
3412 2038
3411 2038
3410 2039
3409 2039
3408 2040
3407 2040
3406 2041
3405 2041
3404 2042
3403 2042
3402 2043
3401 2043
3400 2044
3399 2044
3398 2045
3397 2046
3396 2046
3395 2046
3394 2047
3393 2047
3392 2047
3391 2047
3390 2048
3389 2048
3388 2048
3387 2049
3386 2049
3385 2050
3384 2050
3383 2051
3382 2051
3381 2052
3380 2052
3379 2052
3378 2053
3377 2053
3376 2053
3375 2053
3374 2053
3373 2053
3372 2053
3371 2053
3370 2053
3369 2054
3368 2054
3367 2055
3366 2055
3365 2056
3364 2056
3363 2057
3362 2057
3361 2058
3360 2058
3359 2059
3358 2059
3357 2060
3356 2060
3355 2060
3354 2061
3353 2061
3352 2062
3351 2063
3350 2063
3349 2064
3348 2064
3347 2065
3346 2065
3345 2065
3344 2066
3343 2066
3342 2066
3341 2066
3340 2067
3339 2067
3338 2067
3337 2067
3336 2067
3335 2067
3334 2067
3333 2067
3332 2067
3331 2067
3330 2068
3329 2068
3328 2068
3327 2068
3326 2067
3325 2067
3324 2068
3323 2068
3322 2068
3321 2068
3320 2068
3319 2069
3318 2069
3317 2069
3316 2070
3315 2070
3314 2070
3313 2071
3312 2071
3311 2071
3310 2071
3309 2071
3308 2071
3307 2071
3306 2071
3305 2071
3304 2072
3303 2072
3302 2072
3301 2072
3300 2072
3299 2072
3298 2073
3297 2073
3296 2074
3295 2074
3294 2074
3293 2075
3292 2075
3291 2075
3290 2075
3289 2075
3288 2075
3287 2076
3286 2076
3285 2076
3284 2076
3283 2076
3282 2076
3281 2077
3280 2077
3279 2078
3278 2078
3277 2078
3276 2079
3275 2079
3274 2080
3273 2080
3272 2080
3271 2081
3270 2081
3269 2082
3268 2082
3267 2083
3266 2083
3265 2083
3264 2083
3263 2084
3262 2084
3261 2084
3260 2084
3259 2084
3258 2084
3257 2084
3256 2085
3255 2085
3254 2085
3253 2085
3252 2086
3251 2086
3250 2086
3249 2086
3248 2087
3247 2087
3246 2088
3245 2088
3244 2088
3243 2088
3242 2089
3241 2089
3240 2089
3239 2089
3238 2089
3237 2089
3236 2090
3235 2090
3234 2090
3233 2090
3232 2090
3231 2091
3230 2091
3229 2091
3228 2091
3227 2092
3226 2092
3225 2092
3224 2092
3223 2092
3222 2093
3221 2093
3220 2093
3219 2093
3218 2094
3217 2094
3216 2095
3215 2095
3214 2096
3213 2096
3212 2097
3211 2097
3210 2098
3209 2098
3208 2099
3207 2100
3206 2100
3205 2101
3204 2101
3203 2102
3202 2102
3201 2103
3200 2103
3199 2103
3198 2103
3197 2104
3196 2104
3195 2104
3194 2105
3193 2105
3192 2105
3191 2105
3190 2106
3189 2106
3188 2107
3187 2107
3186 2107
3185 2108
3184 2108
3183 2108
3182 2108
3181 2108
3180 2109
3179 2109
3178 2109
3177 2110
3176 2110
3175 2111
3174 2111
3173 2111
3172 2112
3171 2112
3170 2112
3169 2113
3168 2113
3167 2113
3166 2113
3165 2113
3164 2113
3163 2113
3162 2113
3161 2114
3160 2114
3159 2113
3158 2114
3157 2114
3156 2114
3155 2114
3154 2115
3153 2115
3152 2115
3151 2116
3150 2117
3149 2117
3148 2118
3147 2119
3146 2119
3145 2120
3144 2121
3143 2121
3142 2121
3141 2122
3140 2122
3139 2122
3138 2122
3137 2123
3136 2123
3135 2123
3134 2123
3133 2124
3132 2124
3131 2124
3130 2125
3129 2126
3128 2126
3127 2126
3126 2127
3125 2127
3124 2127
3123 2127
3122 2128
3121 2128
3120 2128
3119 2129
3118 2129
3117 2130
3116 2130
3115 2130
3114 2131
3113 2131
3112 2131
3111 2132
3110 2132
3109 2132
3108 2132
3107 2133
3106 2133
3105 2134
3104 2134
3103 2135
3102 2136
3101 2136
3100 2137
3099 2138
3098 2138
3097 2139
3096 2140
3095 2140
3094 2141
3093 2141
3092 2142
3091 2142
3090 2142
3089 2143
3088 2143
3087 2143
3086 2143
3085 2144
3084 2144
3083 2143
3082 2143
3081 2144
3080 2144
3079 2144
3078 2144
3077 2145
3076 2145
3075 2145
3074 2146
3073 2146
3072 2147
3071 2147
3070 2147
3069 2148
3068 2148
3067 2148
3066 2149
3065 2150
3064 2150
3063 2151
3062 2151
3061 2152
3060 2152
3059 2152
3058 2152
3057 2152
3056 2153
3055 2153
3054 2153
3053 2153
3052 2153
3051 2153
3050 2154
3049 2154
3048 2154
3047 2155
3046 2155
3045 2156
3044 2156
3043 2157
3042 2157
3041 2157
3040 2158
3039 2158
3038 2159
3037 2159
3036 2159
3035 2160
3034 2160
3033 2160
3032 2161
3031 2161
3030 2161
3029 2162
3028 2162
3027 2162
3026 2162
3025 2162
3024 2162
3023 2162
3022 2162
3021 2162
3020 2163
3019 2163
3018 2163
3017 2163
3016 2163
3015 2163
3014 2164
3013 2164
3012 2165
3011 2165
3010 2166
3009 2166
3008 2166
3007 2166
3006 2166
3005 2166
3004 2166
3003 2166
3002 2166
3001 2166
3000 2166
2999 2166
2998 2166
2997 2166
2996 2166
2995 2166
2994 2167
2993 2167
2992 2167
2991 2167
2990 2167
2989 2168
2988 2168
2987 2169
2986 2169
2985 2169
2984 2169
2983 2170
2982 2170
2981 2170
2980 2171
2979 2171
2978 2172
2977 2172
2976 2172
2975 2172
2974 2172
2973 2173
2972 2173
2971 2173
2970 2174
2969 2174
2968 2174
2967 2174
2966 2174
2965 2174
2964 2174
2963 2175
2962 2175
2961 2175
2960 2176
2959 2176
2958 2177
2957 2177
2956 2178
2955 2178
2954 2178
2953 2179
2952 2179
2951 2179
2950 2179
2949 2179
2948 2180
2947 2180
2946 2181
2945 2181
2944 2181
2943 2182
2942 2183
2941 2183
2940 2184
2939 2184
2938 2184
2937 2185
2936 2185
2935 2185
2934 2185
2933 2186
2932 2186
2931 2187
2930 2188
2929 2188
2928 2189
2927 2189
2926 2189
2925 2189
2924 2189
2923 2190
2922 2190
2921 2190
2920 2190
2919 2190
2918 2190
2917 2190
2916 2190
2915 2190
2914 2190
2913 2190
2912 2190
2911 2190
2910 2190
2909 2190
2908 2190
2907 2190
2906 2190
2905 2191
2904 2191
2903 2192
2902 2192
2901 2192
2900 2193
2899 2193
2898 2193
2897 2194
2896 2194
2895 2195
2894 2195
2893 2196
2892 2197
2891 2197
2890 2197
2889 2197
2888 2198
2887 2198
2886 2198
2885 2198
2884 2198
2883 2198
2882 2198
2881 2198
2880 2198
2879 2199
2878 2199
2877 2200
2876 2200
2875 2201
2874 2201
2873 2202
2872 2202
2871 2202
2870 2202
2869 2203
2868 2203
2867 2203
2866 2203
2865 2203
2864 2203
2863 2203
2862 2203
2861 2203
2860 2203
2859 2203
2858 2203
2857 2203
2856 2203
2855 2203
2854 2204
2853 2204
2852 2204
2851 2204
2850 2204
2849 2204
2848 2205
2847 2205
2846 2205
2845 2205
2844 2206
2843 2206
2842 2206
2841 2206
2840 2206
2839 2206
2838 2206
2837 2206
2836 2206
2835 2206
2834 2206
2833 2206
2832 2206
2831 2206
2830 2206
2829 2206
2828 2206
2827 2206
2826 2206
2825 2206
2824 2207
2823 2207
2822 2207
2821 2207
2820 2207
2819 2208
2818 2208
2817 2208
2816 2208
2815 2209
2814 2209
2813 2209
2812 2209
2811 2210
2810 2210
2809 2210
2808 2210
2807 2210
2806 2210
2805 2210
2804 2210
2803 2210
2802 2210
2801 2210
2800 2209
2799 2209
2798 2209
2797 2209
2796 2209
2795 2209
2794 2209
2793 2209
2792 2209
2791 2210
2790 2210
2789 2210
2788 2211
2787 2211
2786 2211
2785 2212
2784 2212
2783 2212
2782 2212
2781 2212
2780 2212
2779 2212
2778 2212
2777 2212
2776 2212
2775 2212
2774 2212
2773 2212
2772 2212
2771 2212
2770 2212
2769 2213
2768 2213
2767 2213
2766 2213
2765 2213
2764 2213
2763 2214
2762 2214
2761 2214
2760 2214
2759 2215
2758 2215
2757 2215
2756 2215
2755 2215
2754 2216
2753 2216
2752 2216
2751 2215
2750 2216
2749 2216
2748 2216
2747 2216
2746 2216
2745 2216
2744 2216
2743 2216
2742 2216
2741 2216
2740 2216
2739 2216
2738 2216
2737 2216
2736 2216
2735 2215
2734 2216
2733 2216
2732 2216
2731 2216
2730 2217
2729 2217
2728 2217
2727 2217
2726 2217
2725 2217
2724 2218
2723 2218
2722 2218
2721 2218
2720 2218
2719 2218
2718 2218
2717 2218
2716 2218
2715 2219
2714 2219
2713 2219
2712 2219
2711 2219
2710 2219
2709 2220
2708 2220
2707 2221
2706 2221
2705 2221
2704 2222
2703 2222
2702 2222
2701 2222
2700 2222
2699 2222
2698 2222
2697 2222
2696 2222
2695 2223
2694 2222
2693 2222
2692 2222
2691 2222
2690 2222
2689 2222
2688 2222
2687 2222
2686 2222
2685 2222
2684 2222
2683 2222
2682 2222
2681 2222
2680 2223
2679 2223
2678 2223
2677 2224
2676 2224
2675 2225
2674 2225
2673 2225
2672 2225
2671 2225
2670 2226
2669 2226
2668 2226
2667 2226
2666 2226
2665 2226
2664 2226
2663 2226
2662 2226
2661 2227
2660 2227
2659 2228
2658 2228
2657 2229
2656 2229
2655 2229
2654 2230
2653 2230
2652 2230
2651 2230
2650 2230
2649 2230
2648 2230
2647 2230
2646 2230
2645 2230
2644 2230
2643 2230
2642 2230
2641 2230
2640 2230
2639 2230
2638 2230
2637 2230
2636 2230
2635 2230
2634 2230
2633 2231
2632 2231
2631 2232
2630 2232
2629 2232
2628 2232
2627 2232
2626 2233
2625 2233
2624 2233
2623 2234
2622 2234
2621 2234
2620 2234
2619 2234
2618 2234
2617 2234
2616 2234
2615 2234
2614 2234
2613 2234
2612 2234
2611 2234
2610 2233
2609 2233
2608 2233
2607 2233
2606 2233
2605 2233
2604 2233
2603 2233
2602 2232
2601 2232
2600 2232
2599 2232
2598 2233
2597 2233
2596 2233
2595 2233
2594 2233
2593 2234
2592 2234
2591 2234
2590 2235
2589 2235
2588 2235
2587 2235
2586 2235
2585 2235
2584 2235
2583 2235
2582 2235
2581 2235
2580 2235
2579 2235
2578 2235
2577 2235
2576 2235
2575 2235
2574 2235
2573 2235
2572 2235
2571 2235
2570 2235
2569 2235
2568 2235
2567 2235
2566 2235
2565 2235
2564 2236
2563 2236
2562 2237
2561 2237
2560 2238
2559 2238
2558 2238
2557 2238
2556 2239
2555 2240
2554 2240
2553 2241
2552 2242
2551 2242
2550 2243
2549 2243
2548 2243
2547 2244
2546 2245
2545 2245
2544 2246
2543 2246
2542 2247
2541 2247
2540 2247
2539 2248
2538 2248
2537 2248
2536 2249
2535 2249
2534 2250
2533 2250
2532 2251
2531 2251
2530 2251
2529 2252
2528 2252
2527 2252
2526 2252
2525 2253
2524 2253
2523 2253
2522 2254
2521 2254
2520 2254
2519 2254
2518 2254
2517 2254
2516 2254
2515 2255
2514 2255
2513 2256
2512 2256
2511 2257
2510 2257
2509 2258
2508 2258
2507 2258
2506 2259
2505 2259
2504 2259
2503 2259
2502 2259
2501 2259
2500 2259
2499 2259
2498 2259
2497 2260
2496 2260
2495 2260
2494 2260
2493 2261
2492 2261
2491 2261
2490 2262
2489 2262
2488 2262
2487 2262
2486 2262
2485 2262
2484 2262
2483 2263
2482 2263
2481 2263
2480 2263
2479 2263
2478 2263
2477 2263
2476 2263
2475 2263
2474 2263
2473 2263
2472 2263
2471 2263
2470 2263
2469 2263
2468 2263
2467 2264
2466 2264
2465 2264
2464 2264
2463 2265
2462 2265
2461 2265
2460 2265
2459 2265
2458 2265
2457 2266
2456 2266
2455 2266
2454 2266
2453 2266
2452 2266
2451 2266
2450 2266
2449 2266
2448 2266
2447 2266
2446 2266
2445 2265
2444 2266
2443 2266
2442 2266
2441 2267
2440 2267
2439 2267
2438 2267
2437 2268
2436 2268
2435 2268
2434 2269
2433 2269
2432 2269
2431 2269
2430 2269
2429 2269
2428 2269
2427 2269
2426 2270
2425 2270
2424 2270
2423 2270
2422 2270
2421 2270
2420 2269
2419 2269
2418 2269
2417 2269
2416 2269
2415 2269
2414 2269
2413 2269
2412 2269
2411 2269
2410 2269
2409 2270
2408 2270
2407 2271
2406 2271
2405 2271
2404 2271
2403 2272
2402 2272
2401 2272
2400 2272
2399 2272
2398 2273
2397 2273
2396 2273
2395 2274
2394 2274
2393 2275
2392 2275
2391 2276
2390 2276
2389 2276
2388 2276
2387 2276
2386 2277
2385 2277
2384 2277
2383 2277
2382 2277
2381 2277
2380 2277
2379 2277
2378 2277
2377 2277
2376 2277
2375 2277
2374 2277
2373 2277
2372 2277
2371 2277
2370 2277
2369 2277
2368 2277
2367 2277
2366 2278
2365 2278
2364 2278
2363 2278
2362 2278
2361 2279
2360 2279
2359 2279
2358 2279
2357 2280
2356 2280
2355 2279
2354 2280
2353 2280
2352 2280
2351 2280
2350 2280
2349 2280
2348 2280
2347 2280
2346 2280
2345 2280
2344 2280
2343 2280
2342 2280
2341 2281
2340 2281
2339 2281
2338 2282
2337 2282
2336 2282
2335 2283
2334 2283
2333 2283
2332 2283
2331 2283
2330 2283
2329 2283
2328 2283
2327 2284
2326 2284
2325 2284
2324 2284
2323 2284
2322 2284
2321 2284
2320 2284
2319 2284
2318 2285
2317 2285
2316 2285
2315 2286
2314 2286
2313 2286
2312 2286
2311 2287
2310 2287
2309 2287
2308 2288
2307 2288
2306 2289
2305 2289
2304 2290
2303 2291
2302 2292
2301 2293
2300 2293
2299 2294
2298 2294
2297 2295
2296 2295
2295 2296
2294 2296
2293 2297
2292 2298
2291 2298
2290 2299
2289 2299
2288 2300
2287 2300
2286 2301
2285 2301
2284 2302
2283 2302
2282 2303
2281 2303
2280 2303
2279 2303
2278 2303
2277 2303
2276 2303
2275 2304
2274 2304
2273 2304
2272 2304
2271 2303
2270 2303
2269 2304
2268 2304
2267 2304
2266 2304
2265 2305
2264 2305
2263 2306
2262 2306
2261 2307
2260 2307
2259 2308
2258 2309
2257 2309
2256 2310
2255 2311
2254 2311
2253 2311
2252 2311
2251 2312
2250 2312
2249 2312
2248 2312
2247 2312
2246 2312
2245 2312
2244 2312
2243 2313
2242 2313
2241 2313
2240 2313
2239 2313
2238 2313
2237 2313
2236 2313
2235 2313
2234 2313
2233 2313
2232 2313
2231 2314
2230 2314
2229 2314
2228 2315
2227 2315
2226 2315
2225 2316
2224 2316
2223 2316
2222 2316
2221 2316
2220 2316
2219 2316
2218 2316
2217 2316
2216 2316
2215 2316
2214 2316
2213 2316
2212 2316
2211 2316
2210 2316
2209 2316
2208 2316
2207 2316
2206 2316
2205 2316
2204 2316
2203 2317
2202 2317
2201 2317
2200 2318
2199 2318
2198 2319
2197 2319
2196 2319
2195 2319
2194 2320
2193 2320
2192 2320
2191 2320
2190 2320
2189 2320
2188 2320
2187 2320
2186 2320
2185 2320
2184 2320
2183 2320
2182 2320
2181 2320
2180 2320
2179 2320
2178 2320
2177 2320
2176 2320
2175 2320
2174 2321
2173 2321
2172 2321
2171 2321
2170 2321
2169 2321
2168 2321
2167 2322
2166 2322
2165 2322
2164 2322
2163 2322
2162 2322
2161 2322
2160 2322
2159 2322
2158 2322
2157 2322
2156 2322
2155 2322
2154 2323
2153 2323
2152 2323
2151 2324
2150 2324
2149 2324
2148 2324
2147 2324
2146 2325
2145 2325
2144 2325
2143 2326
2142 2326
2141 2326
2140 2326
2139 2326
2138 2326
2137 2326
2136 2326
2135 2326
2134 2326
2133 2326
2132 2327
2131 2326
2130 2326
2129 2326
2128 2326
2127 2326
2126 2326
2125 2326
2124 2326
2123 2326
2122 2326
2121 2326
2120 2326
2119 2326
2118 2327
2117 2327
2116 2327
2115 2327
2114 2328
2113 2328
2112 2328
2111 2328
2110 2328
2109 2328
2108 2329
2107 2329
2106 2329
2105 2329
2104 2329
2103 2329
2102 2329
2101 2329
2100 2329
2099 2329
2098 2328
2097 2328
2096 2328
2095 2328
2094 2328
2093 2328
2092 2328
2091 2328
2090 2328
2089 2328
2088 2328
2087 2328
2086 2328
2085 2328
2084 2328
2083 2328
2082 2328
2081 2327
2080 2327
2079 2327
2078 2327
2077 2327
2076 2327
2075 2327
2074 2327
2073 2327
2072 2327
2071 2327
2070 2327
2069 2327
2068 2327
2067 2327
2066 2327
2065 2327
2064 2327
2063 2327
2062 2327
2061 2327
2060 2327
2059 2328
2058 2328
2057 2328
2056 2328
2055 2328
2054 2329
2053 2329
2052 2329
2051 2329
2050 2329
2049 2329
2048 2329
2047 2329
2046 2329
2045 2329
2044 2329
2043 2329
2042 2329
2041 2329
2040 2329
2039 2329
2038 2329
2037 2329
2036 2329
2035 2329
2034 2329
2033 2329
2032 2329
2031 2329
2030 2329
2029 2329
2028 2329
2027 2329
2026 2330
2025 2330
2024 2330
2023 2330
2022 2330
2021 2330
2020 2331
2019 2331
2018 2331
2017 2332
2016 2332
2015 2332
2014 2332
2013 2333
2012 2333
2011 2333
2010 2333
2009 2334
2008 2334
2007 2334
2006 2334
2005 2334
2004 2335
2003 2335
2002 2335
2001 2335
2000 2335
1999 2335
1998 2335
1997 2335
1996 2336
1995 2336
1994 2336
1993 2336
1992 2336
1991 2336
1990 2336
1989 2336
1988 2336
1987 2336
1986 2337
1985 2337
1984 2337
1983 2337
1982 2338
1981 2338
1980 2338
1979 2339
1978 2339
1977 2340
1976 2340
1975 2340
1974 2340
1973 2340
1972 2340
1971 2340
1970 2340
1969 2340
1968 2340
1967 2340
1966 2340
1965 2340
1964 2340
1963 2340
1962 2340
1961 2340
1960 2339
1959 2339
1958 2339
1957 2339
1956 2339
1955 2339
1954 2339
1953 2339
1952 2339
1951 2339
1950 2339
1949 2339
1948 2339
1947 2339
1946 2340
1945 2340
1944 2340
1943 2340
1942 2341
1941 2341
1940 2341
1939 2341
1938 2341
1937 2342
1936 2342
1935 2342
1934 2342
1933 2342
1932 2342
1931 2342
1930 2342
1929 2342
1928 2342
1927 2342
1926 2342
1925 2341
1924 2341
1923 2341
1922 2341
1921 2341
1920 2341
1919 2341
1918 2341
1917 2341
1916 2341
1915 2341
1914 2341
1913 2341
1912 2341
1911 2340
1910 2340
1909 2340
1908 2340
1907 2340
1906 2340
1905 2340
1904 2340
1903 2340
1902 2339
1901 2339
1900 2339
1899 2339
1898 2339
1897 2339
1896 2340
1895 2340
1894 2340
1893 2340
1892 2340
1891 2340
1890 2340
1889 2341
1888 2341
1887 2341
1886 2342
1885 2341
1884 2342
1883 2342
1882 2342
1881 2342
1880 2342
1879 2342
1878 2342
1877 2342
1876 2342
1875 2343
1874 2343
1873 2343
1872 2344
1871 2344
1870 2345
1869 2345
1868 2345
1867 2345
1866 2345
1865 2345
1864 2346
1863 2346
1862 2346
1861 2346
1860 2346
1859 2346
1858 2346
1857 2346
1856 2346
1855 2346
1854 2346
1853 2346
1852 2346
1851 2346
1850 2346
1849 2346
1848 2346
1847 2346
1846 2345
1845 2345
1844 2345
1843 2345
1842 2345
1841 2345
1840 2345
1839 2345
1838 2345
1837 2345
1836 2344
1835 2344
1834 2344
1833 2344
1832 2344
1831 2344
1830 2344
1829 2344
1828 2344
1827 2343
1826 2343
1825 2343
1824 2343
1823 2343
1822 2343
1821 2343
1820 2343
1819 2342
1818 2342
1817 2342
1816 2342
1815 2342
1814 2342
1813 2342
1812 2342
1811 2342
1810 2342
1809 2343
1808 2343
1807 2343
1806 2343
1805 2343
1804 2343
1803 2343
1802 2343
1801 2344
1800 2344
1799 2344
1798 2344
1797 2344
1796 2344
1795 2344
1794 2344
1793 2344
1792 2344
1791 2344
1790 2344
1789 2344
1788 2344
1787 2344
1786 2344
1785 2344
1784 2344
1783 2344
1782 2344
1781 2344
1780 2344
1779 2344
1778 2343
1777 2343
1776 2343
1775 2343
1774 2343
1773 2343
1772 2343
1771 2343
1770 2343
1769 2343
1768 2343
1767 2343
1766 2343
1765 2344
1764 2344
1763 2344
1762 2344
1761 2344
1760 2345
1759 2345
1758 2345
1757 2345
1756 2345
1755 2346
1754 2346
1753 2345
1752 2346
1751 2346
1750 2346
1749 2346
1748 2346
1747 2346
1746 2346
1745 2346
1744 2346
1743 2346
1742 2346
1741 2346
1740 2346
1739 2346
1738 2347
1737 2347
1736 2347
1735 2347
1734 2347
1733 2348
1732 2348
1731 2348
1730 2348
1729 2348
1728 2348
1727 2348
1726 2348
1725 2349
1724 2349
1723 2350
1722 2350
1721 2350
1720 2351
1719 2351
1718 2352
1717 2352
1716 2352
1715 2353
1714 2353
1713 2353
1712 2353
1711 2353
1710 2353
1709 2354
1708 2354
1707 2354
1706 2354
1705 2354
1704 2354
1703 2354
1702 2354
1701 2354
1700 2354
1699 2354
1698 2354
1697 2354
1696 2353
1695 2353
1694 2353
1693 2353
1692 2353
1691 2353
1690 2353
1689 2353
1688 2353
1687 2353
1686 2352
1685 2353
1684 2353
1683 2353
1682 2353
1681 2353
1680 2353
1679 2353
1678 2354
1677 2354
1676 2354
1675 2354
1674 2355
1673 2355
1672 2355
1671 2355
1670 2355
1669 2355
1668 2355
1667 2355
1666 2355
1665 2355
1664 2355
1663 2355
1662 2355
1661 2355
1660 2355
1659 2355
1658 2356
1657 2356
1656 2356
1655 2357
1654 2357
1653 2357
1652 2357
1651 2358
1650 2358
1649 2358
1648 2358
1647 2358
1646 2358
1645 2358
1644 2359
1643 2359
1642 2359
1641 2359
1640 2359
1639 2359
1638 2359
1637 2359
1636 2359
1635 2359
1634 2359
1633 2359
1632 2359
1631 2359
1630 2358
1629 2358
1628 2358
1627 2358
1626 2358
1625 2358
1624 2358
1623 2358
1622 2358
1621 2358
1620 2358
1619 2358
1618 2358
1617 2358
1616 2358
1615 2358
1614 2358
1613 2358
1612 2358
1611 2358
1610 2359
1609 2359
1608 2359
1607 2359
1606 2359
1605 2359
1604 2359
1603 2359
1602 2360
1601 2360
1600 2360
1599 2360
1598 2361
1597 2361
1596 2361
1595 2361
1594 2362
1593 2362
1592 2362
1591 2363
1590 2363
1589 2363
1588 2363
1587 2363
1586 2363
1585 2363
1584 2363
1583 2364
1582 2364
1581 2364
1580 2364
1579 2364
1578 2364
1577 2364
1576 2364
1575 2365
1574 2365
1573 2365
1572 2365
1571 2365
1570 2365
1569 2365
1568 2366
1567 2366
1566 2366
1565 2366
1564 2367
1563 2367
1562 2367
1561 2367
1560 2367
1559 2367
1558 2367
1557 2367
1556 2367
1555 2367
1554 2367
1553 2367
1552 2368
1551 2368
1550 2368
1549 2368
1548 2368
1547 2367
1546 2367
1545 2367
1544 2367
1543 2367
1542 2367
1541 2367
1540 2367
1539 2367
1538 2367
1537 2367
1536 2367
1535 2367
1534 2367
1533 2367
1532 2367
1531 2366
1530 2366
1529 2367
1528 2367
1527 2367
1526 2367
1525 2367
1524 2367
1523 2367
1522 2367
1521 2367
1520 2367
1519 2368
1518 2368
1517 2368
1516 2368
1515 2368
1514 2368
1513 2368
1512 2368
1511 2368
1510 2369
1509 2369
1508 2369
1507 2369
1506 2369
1505 2369
1504 2369
1503 2369
1502 2369
1501 2369
1500 2369
1499 2370
1498 2370
1497 2370
1496 2370
1495 2370
1494 2371
1493 2371
1492 2371
1491 2371
1490 2371
1489 2371
1488 2372
1487 2372
1486 2372
1485 2372
1484 2373
1483 2373
1482 2373
1481 2373
1480 2374
1479 2374
1478 2374
1477 2375
1476 2375
1475 2375
1474 2375
1473 2376
1472 2376
1471 2376
1470 2376
1469 2376
1468 2376
1467 2376
1466 2376
1465 2376
1464 2376
1463 2376
1462 2376
1461 2376
1460 2376
1459 2376
1458 2376
1457 2376
1456 2376
1455 2376
1454 2376
1453 2376
1452 2376
1451 2376
1450 2376
1449 2376
1448 2376
1447 2376
1446 2376
1445 2376
1444 2376
1443 2376
1442 2375
1441 2375
1440 2375
1439 2375
1438 2375
1437 2375
1436 2376
1435 2376
1434 2376
1433 2376
1432 2376
1431 2376
1430 2376
1429 2376
1428 2377
1427 2377
1426 2377
1425 2377
1424 2377
1423 2377
1422 2377
1421 2377
1420 2378
1419 2378
1418 2378
1417 2378
1416 2378
1415 2378
1414 2378
1413 2378
1412 2379
1411 2379
1410 2379
1409 2379
1408 2379
1407 2379
1406 2380
1405 2380
1404 2380
1403 2380
1402 2380
1401 2380
1400 2380
1399 2380
1398 2380
1397 2380
1396 2381
1395 2381
1394 2381
1393 2381
1392 2381
1391 2381
1390 2381
1389 2381
1388 2381
1387 2381
1386 2381
1385 2381
1384 2381
1383 2381
1382 2381
1381 2381
1380 2381
1379 2381
1378 2381
1377 2381
1376 2381
1375 2381
1374 2381
1373 2381
1372 2381
1371 2381
1370 2382
1369 2382
1368 2382
1367 2382
1366 2382
1365 2382
1364 2382
1363 2382
1362 2382
1361 2382
1360 2382
1359 2382
1358 2382
1357 2382
1356 2382
1355 2382
1354 2383
1353 2383
1352 2383
1351 2382
1350 2382
1349 2382
1348 2382
1347 2382
1346 2382
1345 2382
1344 2382
1343 2382
1342 2382
1341 2382
1340 2382
1339 2382
1338 2382
1337 2383
1336 2383
1335 2383
1334 2383
1333 2383
1332 2383
1331 2383
1330 2384
1329 2384
1328 2384
1327 2384
1326 2384
1325 2384
1324 2384
1323 2384
1322 2384
1321 2384
1320 2384
1319 2384
1318 2384
1317 2384
1316 2384
1315 2384
1314 2384
1313 2384
1312 2384
1311 2384
1310 2384
1309 2384
1308 2384
1307 2384
1306 2385
1305 2385
1304 2385
1303 2385
1302 2385
1301 2385
1300 2385
1299 2385
1298 2385
1297 2385
1296 2385
1295 2386
1294 2386
1293 2386
1292 2386
1291 2386
1290 2387
1289 2387
1288 2387
1287 2387
1286 2388
1285 2388
1284 2388
1283 2388
1282 2388
1281 2389
1280 2389
1279 2389
1278 2389
1277 2389
1276 2389
1275 2390
1274 2390
1273 2390
1272 2390
1271 2390
1270 2391
1269 2391
1268 2391
1267 2391
1266 2391
1265 2391
1264 2391
1263 2391
1262 2391
1261 2391
1260 2391
1259 2391
1258 2391
1257 2391
1256 2391
1255 2391
1254 2391
1253 2391
1252 2391
1251 2391
1250 2391
1249 2391
1248 2391
1247 2391
1246 2391
1245 2391
1244 2391
1243 2391
1242 2391
1241 2391
1240 2390
1239 2390
1238 2390
1237 2390
1236 2390
1235 2390
1234 2390
1233 2390
1232 2390
1231 2390
1230 2390
1229 2390
1228 2390
1227 2390
1226 2390
1225 2390
1224 2391
1223 2391
1222 2391
1221 2391
1220 2391
1219 2391
1218 2392
1217 2392
1216 2392
1215 2392
1214 2392
1213 2392
1212 2392
1211 2392
1210 2392
1209 2392
1208 2392
1207 2392
1206 2392
1205 2392
1204 2392
1203 2392
1202 2392
1201 2391
1200 2391
1199 2391
1198 2391
1197 2391
1196 2391
1195 2391
1194 2391
1193 2391
1192 2391
1191 2391
1190 2391
1189 2391
1188 2391
1187 2391
1186 2390
1185 2390
1184 2390
1183 2390
1182 2390
1181 2390
1180 2390
1179 2390
1178 2390
1177 2389
1176 2389
1175 2390
1174 2390
1173 2390
1172 2390
1171 2390
1170 2390
1169 2390
1168 2391
1167 2391
1166 2391
1165 2391
1164 2391
1163 2391
1162 2391
1161 2391
1160 2391
1159 2391
1158 2391
1157 2391
1156 2391
1155 2391
1154 2391
1153 2391
1152 2391
1151 2391
1150 2391
1149 2392
1148 2392
1147 2392
1146 2392
1145 2392
1144 2392
1143 2392
1142 2393
1141 2393
1140 2393
1139 2393
1138 2393
1137 2393
1136 2393
1135 2393
1134 2394
1133 2394
1132 2394
1131 2394
1130 2395
1129 2395
1128 2395
1127 2395
1126 2395
1125 2396
1124 2396
1123 2396
1122 2397
1121 2397
1120 2397
1119 2397
1118 2397
1117 2398
1116 2398
1115 2398
1114 2398
1113 2398
1112 2398
1111 2398
1110 2398
1109 2398
1108 2398
1107 2398
1106 2398
1105 2398
1104 2398
1103 2398
1102 2398
1101 2398
1100 2398
1099 2398
1098 2398
1097 2399
1096 2398
1095 2398
1094 2398
1093 2398
1092 2398
1091 2398
1090 2398
1089 2398
1088 2398
1087 2398
1086 2398
1085 2398
1084 2398
1083 2398
1082 2398
1081 2398
1080 2397
1079 2397
1078 2397
1077 2397
1076 2397
1075 2397
1074 2398
1073 2398
1072 2398
1071 2398
1070 2399
1069 2399
1068 2399
1067 2400
1066 2400
1065 2400
1064 2401
1063 2401
1062 2401
1061 2401
1060 2401
1059 2402
1058 2402
1057 2402
1056 2403
1055 2403
1054 2403
1053 2403
1052 2403
1051 2404
1050 2404
1049 2404
1048 2404
1047 2404
1046 2404
1045 2404
1044 2404
1043 2404
1042 2404
1041 2404
1040 2404
1039 2404
1038 2404
1037 2404
1036 2404
1035 2404
1034 2404
1033 2404
1032 2404
1031 2404
1030 2404
1029 2404
1028 2404
1027 2404
1026 2404
1025 2404
1024 2404
1023 2404
1022 2403
1021 2403
1020 2403
1019 2403
1018 2403
1017 2403
1016 2404
1015 2404
1014 2404
1013 2404
1012 2404
1011 2404
1010 2404
1009 2404
1008 2404
1007 2404
1006 2404
1005 2404
1004 2404
1003 2404
1002 2404
1001 2404
1000 2405
999 2405
998 2405
997 2405
996 2405
995 2405
994 2405
993 2405
992 2405
991 2405
990 2405
989 2405
988 2404
987 2404
986 2404
985 2405
984 2405
983 2405
982 2405
981 2404
980 2404
979 2404
978 2404
977 2404
976 2404
975 2404
974 2404
973 2404
972 2404
971 2404
970 2404
969 2404
968 2404
967 2404
966 2405
965 2405
964 2405
963 2405
962 2405
961 2405
960 2405
959 2405
958 2406
957 2406
956 2406
955 2406
954 2406
953 2406
952 2406
951 2407
950 2407
949 2407
948 2407
947 2407
946 2407
945 2407
944 2408
943 2408
942 2408
941 2408
940 2408
939 2408
938 2408
937 2409
936 2409
935 2409
934 2409
933 2409
932 2409
931 2409
930 2409
929 2410
928 2410
927 2410
926 2410
925 2410
924 2410
923 2410
922 2410
921 2410
920 2410
919 2410
918 2410
917 2410
916 2410
915 2410
914 2409
913 2409
912 2409
911 2409
910 2409
909 2409
908 2409
907 2409
906 2409
905 2409
904 2409
903 2409
902 2409
901 2409
900 2409
899 2408
898 2408
897 2408
896 2408
895 2408
894 2408
893 2408
892 2408
891 2408
890 2408
889 2407
888 2407
887 2407
886 2407
885 2407
884 2407
883 2407
882 2407
881 2406
880 2406
879 2406
878 2407
877 2407
876 2407
875 2407
874 2407
873 2407
872 2407
871 2407
870 2407
869 2407
868 2407
867 2407
866 2407
865 2407
864 2407
863 2407
862 2408
861 2408
860 2408
859 2408
858 2408
857 2408
856 2408
855 2408
854 2408
853 2408
852 2408
851 2408
850 2408
849 2408
848 2408
847 2408
846 2408
845 2408
844 2408
843 2408
842 2408
841 2407
840 2407
839 2407
838 2407
837 2407
836 2407
835 2407
834 2407
833 2407
832 2407
831 2407
830 2407
829 2407
828 2406
827 2406
826 2406
825 2406
824 2406
823 2406
822 2406
821 2406
820 2406
819 2406
818 2405
817 2405
816 2405
815 2405
814 2405
813 2405
812 2405
811 2405
810 2405
809 2404
808 2404
807 2404
806 2404
805 2404
804 2404
803 2404
802 2404
801 2403
800 2403
799 2403
798 2403
797 2403
796 2403
795 2403
794 2403
793 2402
792 2402
791 2402
790 2402
789 2402
788 2402
787 2402
786 2402
785 2402
784 2401
783 2401
782 2401
781 2401
780 2401
779 2401
778 2401
777 2401
776 2400
775 2400
774 2400
773 2400
772 2400
771 2400
770 2400
769 2400
768 2399
767 2399
766 2399
765 2399
764 2399
763 2399
762 2399
761 2399
760 2398
759 2398
758 2398
757 2398
756 2398
755 2398
754 2398
753 2398
752 2398
751 2397
750 2397
749 2397
748 2397
747 2397
746 2397
745 2397
744 2397
743 2396
742 2396
741 2397
740 2397
739 2397
738 2397
737 2397
736 2397
735 2397
734 2397
733 2397
732 2397
731 2397
730 2397
729 2397
728 2397
727 2397
726 2397
725 2398
724 2398
723 2398
722 2398
721 2398
720 2398
719 2398
718 2398
717 2398
716 2398
715 2398
714 2398
713 2398
712 2398
711 2398
710 2397
709 2397
708 2397
707 2397
706 2397
705 2397
704 2397
703 2397
702 2397
701 2397
700 2397
699 2397
698 2397
697 2397
696 2397
695 2397
694 2396
693 2396
692 2396
691 2396
690 2396
689 2396
688 2396
687 2396
686 2396
685 2395
684 2395
683 2395
682 2395
681 2395
680 2395
679 2395
678 2395
677 2395
676 2395
675 2394
674 2394
673 2394
672 2394
671 2394
670 2394
669 2394
668 2394
667 2394
666 2394
665 2393
664 2393
663 2393
662 2393
661 2393
660 2393
659 2393
658 2393
657 2393
656 2392
655 2392
654 2392
653 2392
652 2392
651 2392
650 2392
649 2392
648 2391
647 2391
646 2391
645 2391
644 2391
643 2391
642 2391
641 2391
640 2391
639 2390
638 2390
637 2390
636 2390
635 2390
634 2390
633 2390
632 2390
631 2389
630 2389
629 2389
628 2389
627 2389
626 2389
625 2389
624 2389
623 2389
622 2389
621 2390
620 2390
619 2390
618 2390
617 2391
616 2391
615 2391
614 2391
613 2391
612 2391
611 2391
610 2391
609 2391
608 2391
607 2391
606 2391
605 2391
604 2391
603 2391
602 2391
601 2391
600 2391
599 2391
598 2391
597 2391
596 2391
595 2391
594 2391
593 2391
592 2391
591 2392
590 2392
589 2392
588 2392
587 2393
586 2393
585 2393
584 2394
583 2394
582 2394
581 2394
580 2394
579 2394
578 2394
577 2394
576 2394
575 2395
574 2395
573 2395
572 2394
571 2394
570 2394
569 2395
568 2395
567 2396
566 2397
565 2398
564 2398
563 2399
562 2399
562 2400
563 2400
564 2400
565 2400
566 2400
567 2401
568 2401
569 2401
570 2401
571 2402
572 2402
573 2402
574 2402
575 2402
576 2402
577 2402
578 2403
579 2403
580 2403
581 2404
582 2404
583 2405
584 2405
585 2406
586 2406
587 2407
588 2407
589 2408
590 2408
591 2408
592 2409
593 2409
594 2410
595 2410
596 2410
597 2410
598 2411
599 2411
600 2411
601 2411
602 2412
603 2412
604 2412
605 2413
606 2414
607 2414
608 2415
609 2416
610 2416
611 2417
612 2417
613 2418
614 2418
615 2418
616 2419
617 2419
618 2419
619 2420
620 2420
621 2420
622 2421
623 2422
624 2423
625 2424
626 2425
627 2426
628 2426
629 2427
630 2427
631 2427
632 2428
633 2428
634 2428
635 2429
636 2429
637 2429
638 2429
639 2429
640 2430
641 2430
642 2430
643 2430
644 2430
645 2430
646 2430
647 2431
648 2431
649 2431
650 2431
651 2431
652 2432
653 2432
654 2432
655 2432
656 2432
657 2432
658 2432
659 2433
660 2433
661 2433
662 2433
663 2433
664 2433
665 2433
666 2433
667 2434
668 2434
669 2434
670 2434
671 2434
672 2434
673 2434
674 2435
675 2435
676 2435
677 2435
678 2435
679 2435
680 2435
681 2435
682 2435
683 2436
684 2436
685 2436
686 2435
687 2435
688 2435
689 2435
690 2434
691 2434
692 2434
693 2434
694 2433
695 2433
696 2433
697 2433
698 2433
699 2433
700 2433
701 2433
702 2433
703 2433
704 2433
705 2433
706 2433
707 2433
708 2433
709 2433
710 2433
711 2433
712 2433
713 2433
714 2433
715 2433
716 2433
717 2433
718 2433
719 2433
720 2434
721 2434
722 2434
723 2434
724 2434
725 2434
726 2434
727 2434
728 2434
729 2434
730 2435
731 2435
732 2435
733 2435
734 2435
735 2435
736 2435
737 2435
738 2436
739 2436
740 2436
741 2436
742 2436
743 2436
744 2436
745 2436
746 2437
747 2437
748 2437
749 2437
750 2437
751 2437
752 2437
753 2437
754 2438
755 2438
756 2438
757 2438
758 2438
759 2438
760 2438
761 2438
762 2438
763 2439
764 2439
765 2439
766 2439
767 2439
768 2439
769 2439
770 2439
771 2440
772 2440
773 2440
774 2440
775 2440
776 2440
777 2440
778 2440
779 2441
780 2441
781 2441
782 2441
783 2441
784 2441
785 2441
786 2441
787 2442
788 2442
789 2442
790 2442
791 2441
792 2441
793 2441
794 2441
795 2440
796 2440
797 2440
798 2440
799 2440
800 2440
801 2439
802 2439
803 2439
804 2439
805 2439
806 2439
807 2439
808 2439
809 2439
810 2439
811 2439
812 2439
813 2439
814 2439
815 2439
816 2439
817 2439
818 2439
819 2439
820 2439
821 2440
822 2440
823 2440
824 2440
825 2440
826 2440
827 2440
828 2440
829 2440
830 2440
831 2441
832 2441
833 2441
834 2441
835 2441
836 2441
837 2441
838 2441
839 2441
840 2442
841 2442
842 2442
843 2442
844 2442
845 2442
846 2442
847 2442
848 2443
849 2443
850 2443
851 2443
852 2443
853 2443
854 2443
855 2443
856 2443
857 2444
858 2444
859 2444
860 2444
861 2444
862 2444
863 2444
864 2444
865 2445
866 2445
867 2445
868 2445
869 2445
870 2445
871 2445
872 2445
873 2446
874 2446
875 2446
876 2446
877 2446
878 2446
879 2446
880 2446
881 2446
882 2447
883 2447
884 2447
885 2447
886 2447
887 2447
888 2447
889 2447
890 2448
891 2448
892 2448
893 2448
894 2448
895 2448
896 2448
897 2448
898 2449
899 2449
900 2449
901 2449
902 2449
903 2449
904 2449
905 2449
906 2450
907 2450
908 2450
909 2450
910 2450
911 2450
912 2450
913 2450
914 2451
915 2451
916 2451
917 2451
918 2451
919 2451
920 2451
921 2451
922 2452
923 2452
924 2452
925 2452
926 2452
927 2452
928 2452
929 2452
930 2453
931 2453
932 2453
933 2453
934 2453
935 2453
936 2453
937 2453
938 2454
939 2454
940 2454
941 2454
942 2454
943 2454
944 2454
945 2454
946 2454
947 2455
948 2455
949 2455
950 2455
951 2455
952 2455
953 2455
954 2455
955 2456
956 2456
957 2455
958 2455
959 2455
960 2455
961 2454
962 2454
963 2454
964 2453
965 2453
966 2453
967 2453
968 2453
969 2453
970 2453
971 2453
972 2453
973 2452
974 2452
975 2453
976 2453
977 2453
978 2453
979 2453
980 2453
981 2453
982 2453
983 2453
984 2453
985 2453
986 2453
987 2453
988 2453
989 2453
990 2453
991 2454
992 2454
993 2454
994 2454
995 2454
996 2454
997 2454
998 2454
999 2455
1000 2455
1001 2455
1002 2455
1003 2455
1004 2455
1005 2455
1006 2455
1007 2455
1008 2456
1009 2456
1010 2456
1011 2456
1012 2456
1013 2456
1014 2456
1015 2456
1016 2457
1017 2457
1018 2457
1019 2457
1020 2457
1021 2457
1022 2457
1023 2457
1024 2458
1025 2458
1026 2458
1027 2458
1028 2458
1029 2458
1030 2458
1031 2458
1032 2459
1033 2459
1034 2459
1035 2459
1036 2459
1037 2459
1038 2459
1039 2459
1040 2460
1041 2460
1042 2460
1043 2460
1044 2460
1045 2460
1046 2460
1047 2460
1048 2461
1049 2461
1050 2461
1051 2461
1052 2461
1053 2461
1054 2461
1055 2461
1056 2462
1057 2462
1058 2462
1059 2462
1060 2462
1061 2462
1062 2462
1063 2462
1064 2462
1065 2463
1066 2463
1067 2463
1068 2463
1069 2463
1070 2463
1071 2463
1072 2463
1073 2464
1074 2464
1075 2464
1076 2464
1077 2464
1078 2464
1079 2464
1080 2464
1081 2465
1082 2465
1083 2465
1084 2465
1085 2465
1086 2465
1087 2465
1088 2465
1089 2466
1090 2466
1091 2466
1092 2466
1093 2466
1094 2466
1095 2466
1096 2466
1097 2467
1098 2467
1099 2467
1100 2467
1101 2467
1102 2467
1103 2467
1104 2467
1105 2468
1106 2468
1107 2468
1108 2468
1109 2468
1110 2468
1111 2468
1112 2468
1113 2469
1114 2469
1115 2469
1116 2469
1117 2469
1118 2469
1119 2469
1120 2469
1121 2470
1122 2470
1123 2470
1124 2470
1125 2470
1126 2470
1127 2470
1128 2470
1129 2470
1130 2471
1131 2471
1132 2471
1133 2471
1134 2471
1135 2471
1136 2471
1137 2471
1138 2472
1139 2472
1140 2472
1141 2472
1142 2472
1143 2472
1144 2472
1145 2472
1146 2473
1147 2473
1148 2473
1149 2473
1150 2473
1151 2473
1152 2473
1153 2473
1154 2474
1155 2474
1156 2474
1157 2474
1158 2474
1159 2474
1160 2473
1161 2473
1162 2473
1163 2473
1164 2472
1165 2472
1166 2472
1167 2471
1168 2471
1169 2471
1170 2471
1171 2471
1172 2471
1173 2471
1174 2471
1175 2471
1176 2471
1177 2471
1178 2471
1179 2471
1180 2470
1181 2470
1182 2470
1183 2470
1184 2469
1185 2469
1186 2469
1187 2469
1188 2469
1189 2469
1190 2468
1191 2468
1192 2468
1193 2468
1194 2468
1195 2468
1196 2468
1197 2468
1198 2468
1199 2468
1200 2468
1201 2468
1202 2468
1203 2468
1204 2468
1205 2468
1206 2468
1207 2468
1208 2468
1209 2468
1210 2468
1211 2468
1212 2468
1213 2468
1214 2468
1215 2468
1216 2468
1217 2468
1218 2468
1219 2468
1220 2468
1221 2467
1222 2467
1223 2467
1224 2466
1225 2466
1226 2466
1227 2466
1228 2466
1229 2465
1230 2465
1231 2465
1232 2465
1233 2465
1234 2465
1235 2465
1236 2465
1237 2465
1238 2465
1239 2465
1240 2465
1241 2465
1242 2465
1243 2465
1244 2465
1245 2465
1246 2465
1247 2465
1248 2465
1249 2465
1250 2465
1251 2466
1252 2466
1253 2466
1254 2466
1255 2466
1256 2466
1257 2466
1258 2466
1259 2466
1260 2467
1261 2467
1262 2467
1263 2467
1264 2467
1265 2467
1266 2467
1267 2467
1268 2468
1269 2468
1270 2468
1271 2468
1272 2468
1273 2468
1274 2468
1275 2467
1276 2467
1277 2467
1278 2467
1279 2467
1280 2467
1281 2467
1282 2466
1283 2466
1284 2466
1285 2466
1286 2466
1287 2466
1288 2466
1289 2466
1290 2465
1291 2465
1292 2465
1293 2466
1294 2466
1295 2466
1296 2466
1297 2466
1298 2466
1299 2466
1300 2466
1301 2466
1302 2466
1303 2466
1304 2466
1305 2466
1306 2466
1307 2466
1308 2466
1309 2466
1310 2467
1311 2467
1312 2467
1313 2467
1314 2467
1315 2467
1316 2467
1317 2467
1318 2467
1319 2468
1320 2468
1321 2468
1322 2468
1323 2468
1324 2468
1325 2468
1326 2468
1327 2468
1328 2468
1329 2467
1330 2467
1331 2466
1332 2466
1333 2466
1334 2466
1335 2465
1336 2465
1337 2465
1338 2465
1339 2465
1340 2465
1341 2465
1342 2465
1343 2465
1344 2464
1345 2464
1346 2464
1347 2463
1348 2463
1349 2463
1350 2462
1351 2462
1352 2462
1353 2461
1354 2461
1355 2461
1356 2461
1357 2461
1358 2460
1359 2460
1360 2460
1361 2460
1362 2460
1363 2460
1364 2460
1365 2460
1366 2460
1367 2461
1368 2461
1369 2461
1370 2461
1371 2461
1372 2461
1373 2461
1374 2461
1375 2461
1376 2461
1377 2461
1378 2462
1379 2462
1380 2462
1381 2462
1382 2462
1383 2462
1384 2462
1385 2462
1386 2462
1387 2462
1388 2462
1389 2462
1390 2462
1391 2462
1392 2462
1393 2462
1394 2462
1395 2462
1396 2462
1397 2462
1398 2462
1399 2461
1400 2461
1401 2461
1402 2461
1403 2461
1404 2461
1405 2460
1406 2460
1407 2460
1408 2460
1409 2460
1410 2460
1411 2460
1412 2460
1413 2460
1414 2460
1415 2460
1416 2460
1417 2460
1418 2460
1419 2460
1420 2460
1421 2460
1422 2460
1423 2461
1424 2461
1425 2461
1426 2461
1427 2461
1428 2461
1429 2461
1430 2461
1431 2461
1432 2462
1433 2462
1434 2462
1435 2462
1436 2462
1437 2462
1438 2462
1439 2462
1440 2462
1441 2463
1442 2463
1443 2463
1444 2463
1445 2463
1446 2463
1447 2463
1448 2463
1449 2463
1450 2464
1451 2464
1452 2464
1453 2464
1454 2464
1455 2464
1456 2464
1457 2464
1458 2465
1459 2465
1460 2465
1461 2465
1462 2465
1463 2465
1464 2465
1465 2465
1466 2465
1467 2465
1468 2465
1469 2465
1470 2465
1471 2464
1472 2464
1473 2464
1474 2464
1475 2464
1476 2463
1477 2463
1478 2463
1479 2463
1480 2463
1481 2463
1482 2463
1483 2463
1484 2463
1485 2462
1486 2462
1487 2462
1488 2462
1489 2462
1490 2463
1491 2463
1492 2463
1493 2463
1494 2463
1495 2463
1496 2463
1497 2463
1498 2463
1499 2463
1500 2463
1501 2463
1502 2463
1503 2463
1504 2463
1505 2464
1506 2464
1507 2464
1508 2464
1509 2464
1510 2464
1511 2464
1512 2463
1513 2463
1514 2462
1515 2461
1516 2461
1517 2461
1518 2461
1519 2460
1520 2460
1521 2460
1522 2460
1523 2460
1524 2460
1525 2460
1526 2460
1527 2460
1528 2460
1529 2460
1530 2460
1531 2461
1532 2461
1533 2461
1534 2461
1535 2461
1536 2461
1537 2461
1538 2461
1539 2461
1540 2461
1541 2461
1542 2462
1543 2462
1544 2462
1545 2462
1546 2462
1547 2462
1548 2462
1549 2462
1550 2462
1551 2462
1552 2463
1553 2463
1554 2463
1555 2463
1556 2463
1557 2463
1558 2463
1559 2463
1560 2464
1561 2464
1562 2464
1563 2464
1564 2464
1565 2464
1566 2464
1567 2464
1568 2464
1569 2465
1570 2465
1571 2465
1572 2465
1573 2465
1574 2465
1575 2465
1576 2465
1577 2466
1578 2466
1579 2466
1580 2466
1581 2466
1582 2466
1583 2466
1584 2466
1585 2467
1586 2467
1587 2467
1588 2467
1589 2467
1590 2467
1591 2467
1592 2467
1593 2468
1594 2468
1595 2468
1596 2468
1597 2468
1598 2468
1599 2468
1600 2468
1601 2469
1602 2469
1603 2469
1604 2469
1605 2469
1606 2469
1607 2469
1608 2469
1609 2470
1610 2470
1611 2470
1612 2470
1613 2470
1614 2470
1615 2470
1616 2470
1617 2471
1618 2471
1619 2471
1620 2471
1621 2471
1622 2471
1623 2471
1624 2471
1625 2471
1626 2472
1627 2472
1628 2472
1629 2472
1630 2472
1631 2472
1632 2472
1633 2472
1634 2473
1635 2473
1636 2473
1637 2473
1638 2473
1639 2473
1640 2473
1641 2473
1642 2474
1643 2474
1644 2474
1645 2474
1646 2474
1647 2474
1648 2474
1649 2474
1650 2475
1651 2475
1652 2475
1653 2475
1654 2475
1655 2475
1656 2475
1657 2475
1658 2476
1659 2476
1660 2476
1661 2476
1662 2476
1663 2476
1664 2476
1665 2476
1666 2477
1667 2477
1668 2477
1669 2477
1670 2477
1671 2477
1672 2477
1673 2477
1674 2478
1675 2478
1676 2478
1677 2478
1678 2478
1679 2478
1680 2478
1681 2478
1682 2479
1683 2479
1684 2479
1685 2479
1686 2479
1687 2479
1688 2479
1689 2479
1690 2479
1691 2479
1692 2479
1693 2479
1694 2479
1695 2478
1696 2478
1697 2477
1698 2477
1699 2477
1700 2477
1701 2477
1702 2477
1703 2477
1704 2477
1705 2476
1706 2476
1707 2476
1708 2476
1709 2476
1710 2477
1711 2477
1712 2477
1713 2476
1714 2476
1715 2475
1716 2475
1717 2474
1718 2474
1719 2474
1720 2473
1721 2473
1722 2473
1723 2473
1724 2473
1725 2473
1726 2473
1727 2473
1728 2473
1729 2473
1730 2472
1731 2472
1732 2472
1733 2472
1734 2473
1735 2473
1736 2473
1737 2473
1738 2473
1739 2473
1740 2473
1741 2473
1742 2473
1743 2473
1744 2473
1745 2472
1746 2472
1747 2471
1748 2471
1749 2471
1750 2470
1751 2470
1752 2470
1753 2470
1754 2470
1755 2470
1756 2469
1757 2469
1758 2469
1759 2470
1760 2470
1761 2470
1762 2470
1763 2470
1764 2470
1765 2470
1766 2470
1767 2470
1768 2470
1769 2470
1770 2470
1771 2470
1772 2470
1773 2470
1774 2470
1775 2470
1776 2471
1777 2471
1778 2471
1779 2471
1780 2471
1781 2471
1782 2471
1783 2471
1784 2471
1785 2472
1786 2472
1787 2472
1788 2472
1789 2472
1790 2472
1791 2472
1792 2472
1793 2472
1794 2473
1795 2473
1796 2473
1797 2473
1798 2473
1799 2473
1800 2473
1801 2473
1802 2474
1803 2474
1804 2474
1805 2474
1806 2474
1807 2474
1808 2474
1809 2474
1810 2474
1811 2475
1812 2475
1813 2475
1814 2475
1815 2475
1816 2475
1817 2475
1818 2475
1819 2476
1820 2476
1821 2476
1822 2476
1823 2476
1824 2476
1825 2476
1826 2476
1827 2477
1828 2477
1829 2477
1830 2477
1831 2477
1832 2477
1833 2477
1834 2477
1835 2478
1836 2478
1837 2478
1838 2478
1839 2478
1840 2478
1841 2478
1842 2478
1843 2479
1844 2479
1845 2479
1846 2479
1847 2479
1848 2479
1849 2479
1850 2479
1851 2480
1852 2480
1853 2480
1854 2480
1855 2480
1856 2480
1857 2480
1858 2480
1859 2481
1860 2481
1861 2481
1862 2481
1863 2481
1864 2481
1865 2481
1866 2481
1867 2481
1868 2482
1869 2482
1870 2482
1871 2482
1872 2482
1873 2482
1874 2482
1875 2482
1876 2483
1877 2483
1878 2483
1879 2483
1880 2483
1881 2483
1882 2483
1883 2483
1884 2484
1885 2484
1886 2484
1887 2484
1888 2484
1889 2484
1890 2484
1891 2484
1892 2485
1893 2485
1894 2485
1895 2485
1896 2485
1897 2485
1898 2485
1899 2485
1900 2486
1901 2486
1902 2486
1903 2486
1904 2486
1905 2486
1906 2486
1907 2486
1908 2486
1909 2487
1910 2487
1911 2488
1912 2488
1913 2489
1914 2490
1915 2490
1916 2491
1917 2491
1918 2492
1919 2492
1920 2492
1921 2493
1922 2493
1923 2493
1924 2493
1925 2494
1926 2494
1927 2494
1928 2494
1929 2494
1930 2495
1931 2495
1932 2495
1933 2495
1934 2495
1935 2495
1936 2496
1937 2496
1938 2496
1939 2496
1940 2496
1941 2497
1942 2497
1943 2497
1944 2497
1945 2497
1946 2497
1947 2498
1948 2498
1949 2498
1950 2498
1951 2498
1952 2498
1953 2498
1954 2499
1955 2499
1956 2499
1957 2499
1958 2499
1959 2499
1960 2499
1961 2499
1962 2500
1963 2500
1964 2500
1965 2500
1966 2500
1967 2500
1968 2500
1969 2500
1970 2501
1971 2501
1972 2501
1973 2501
1974 2501
1975 2501
1976 2501
1977 2501
1978 2502
1979 2502
1980 2502
1981 2503
1982 2503
1983 2504
1984 2504
1985 2505
1986 2506
1987 2506
1988 2506
1989 2507
1990 2507
1991 2507
1992 2508
1993 2508
1994 2509
1995 2509
1996 2509
1997 2509
1998 2509
1999 2510
2000 2510
2001 2510
2002 2510
2003 2511
2004 2511
2005 2511
2006 2511
2007 2511
2008 2511
2009 2511
2010 2512
2011 2512
2012 2512
2013 2512
2014 2512
2015 2512
2016 2513
2017 2513
2018 2513
2019 2513
2020 2513
2021 2514
2022 2514
2023 2514
2024 2515
2025 2516
2026 2517
2027 2517
2028 2518
2029 2518
2030 2519
2031 2519
2032 2520
2033 2520
2034 2520
2035 2521
2036 2521
2037 2521
2038 2521
2039 2522
2040 2522
2041 2522
2042 2522
2043 2523
2044 2523
2045 2523
2046 2523
2047 2523
2048 2523
2049 2524
2050 2525
2050 2526
2051 2527
2052 2527
2053 2528
2054 2528
2055 2528
2056 2529
2057 2529
2058 2530
2059 2530
2060 2531
2061 2531
2062 2531
2063 2531
2064 2531
2065 2531
2066 2532
2067 2532
2068 2532
2069 2532
2070 2532
2071 2532
2072 2533
2073 2533
2074 2533
2075 2533
2076 2533
2077 2534
2078 2534
2079 2534
2080 2534
2081 2534
2082 2534
2083 2535
2084 2535
2085 2535
2086 2536
2087 2536
2088 2537
2089 2537
2090 2538
2091 2539
2092 2539
2093 2540
2094 2540
2095 2540
2096 2541
2097 2541
2098 2541
2099 2542
2100 2542
2101 2542
2102 2542
2103 2543
2104 2543
2105 2543
2106 2543
2107 2544
2108 2544
2109 2544
2110 2544
2111 2544
2112 2544
2113 2544
2114 2545
2115 2545
2116 2545
2117 2545
2118 2545
2119 2545
2120 2546
2121 2546
2122 2546
2123 2546
2124 2546
2125 2546
2126 2546
2127 2547
2128 2547
2129 2547
2130 2547
2131 2547
2132 2547
2133 2547
2134 2548
2135 2548
2136 2548
2137 2548
2138 2548
2139 2548
2140 2548
2141 2548
2142 2549
2143 2549
2144 2549
2145 2549
2146 2549
2147 2549
2148 2549
2149 2549
2150 2550
2151 2550
2152 2550
2153 2550
2154 2550
2155 2550
2156 2550
2157 2550
2158 2551
2159 2551
2160 2551
2161 2551
2162 2551
2163 2551
2164 2551
2165 2551
2166 2552
2167 2552
2168 2552
2169 2552
2170 2552
2171 2552
2172 2552
2173 2553
2174 2553
2175 2553
2176 2553
2177 2553
2178 2553
2179 2553
2180 2553
2181 2554
2182 2554
2183 2555
2184 2555
2185 2556
2186 2556
2187 2557
2188 2558
2189 2558
2190 2558
2191 2559
2192 2559
2193 2559
2194 2559
2195 2560
2196 2560
2197 2560
2198 2561
2199 2561
2200 2561
2201 2561
2202 2561
2203 2562
2204 2562
2205 2562
2206 2563
2207 2563
2208 2564
2209 2564
2210 2565
2211 2566
2212 2567
2213 2567
2214 2568
2215 2568
2216 2568
2217 2569
2218 2569
2219 2569
2220 2570
2221 2570
2222 2570
2223 2570
2224 2571
2225 2571
2226 2571
2227 2571
2228 2572
2229 2572
2230 2572
2231 2572
2232 2572
2233 2572
2234 2573
2235 2573
2236 2574
2237 2575
2238 2575
2239 2576
2240 2576
2241 2577
2242 2577
2243 2578
2244 2578
2245 2579
2246 2579
2247 2579
2248 2579
2249 2580
2250 2580
2251 2580
2252 2581
2253 2581
2254 2581
2255 2581
2256 2581
2257 2582
2258 2582
2259 2582
2260 2582
2261 2583
2262 2583
2263 2583
2264 2583
2265 2583
2266 2583
2267 2583
2268 2584
2269 2584
2270 2584
2271 2584
2272 2584
2273 2584
2274 2584
2275 2585
2276 2585
2277 2585
2278 2585
2279 2585
2280 2585
2281 2585
2282 2586
2283 2586
2284 2586
2285 2586
2286 2586
2287 2586
2288 2586
2289 2587
2290 2587
2291 2587
2292 2587
2293 2587
2294 2587
2295 2587
2296 2587
2297 2587
2298 2588
2299 2588
2300 2588
2301 2588
2302 2588
2303 2588
2304 2588
2305 2588
2306 2589
2307 2589
2308 2589
2309 2589
2310 2589
2311 2589
2312 2589
2313 2589
2314 2590
2315 2590
2316 2590
2317 2590
2318 2590
2319 2590
2320 2590
2321 2591
2322 2591
2323 2591
2324 2591
2325 2592
2326 2592
2327 2592
2328 2593
2329 2593
2330 2594
2331 2594
2332 2595
2333 2595
2334 2596
2335 2596
2336 2596
2337 2597
2338 2597
2339 2597
2340 2598
2341 2598
2342 2599
2343 2599
2344 2599
2345 2599
2346 2599
2347 2599
2348 2600
2349 2600
2350 2600
2351 2600
2352 2600
2353 2601
2354 2601
2355 2601
2356 2601
2357 2601
2358 2602
2359 2602
2360 2602
2361 2602
2362 2602
2363 2602
2364 2602
2365 2603
2366 2603
2367 2603
2368 2604
2369 2604
2370 2604
2371 2605
2372 2606
2373 2606
2374 2607
2375 2607
2376 2608
2377 2608
2378 2608
2379 2609
2380 2609
2381 2610
2382 2610
2383 2610
2384 2610
2385 2611
2386 2611
2387 2611
2388 2611
2389 2612
2390 2612
2391 2612
2392 2612
2393 2612
2394 2612
2395 2612
2396 2613
2397 2613
2398 2613
2399 2613
2400 2613
2401 2613
2402 2614
2403 2614
2404 2615
2405 2616
2406 2616
2407 2617
2408 2617
2409 2618
2410 2618
2411 2618
2412 2619
2413 2619
2414 2620
2415 2620
2416 2620
2417 2620
2418 2621
2419 2621
2420 2621
2421 2622
2422 2622
2423 2622
2424 2622
2425 2622
2426 2622
2427 2623
2428 2623
2429 2623
2430 2623
2431 2624
2432 2624
2433 2624
2434 2624
2435 2624
2436 2624
2437 2624
2438 2625
2439 2625
2440 2625
2441 2625
2442 2625
2443 2625
2444 2625
2445 2626
2446 2626
2447 2626
2448 2626
2449 2626
2450 2626
2451 2626
2452 2626
2453 2627
2454 2627
2455 2627
2456 2627
2457 2627
2458 2627
2459 2627
2460 2627
2461 2628
2462 2628
2463 2628
2464 2628
2465 2628
2466 2628
2467 2628
2468 2628
2469 2629
2470 2629
2471 2629
2472 2629
2473 2629
2474 2629
2475 2629
2476 2629
2477 2630
2478 2630
2479 2630
2480 2630
2481 2630
2482 2630
2483 2630
2484 2631
2485 2631
2486 2631
2487 2631
2488 2631
2489 2631
2490 2631
2491 2631
2492 2631
2493 2632
2494 2632
2495 2632
2496 2632
2497 2632
2498 2632
2499 2632
2500 2632
2501 2633
2502 2633
2503 2633
2504 2633
2505 2633
2506 2633
2507 2633
2508 2633
2509 2634
2510 2634
2511 2634
2512 2634
2513 2634
2514 2634
2515 2634
2516 2634
2517 2635
2518 2635
2519 2635
2520 2635
2521 2635
2522 2635
2523 2635
2524 2635
2525 2636
2526 2636
2527 2636
2528 2636
2529 2636
2530 2636
2531 2636
2532 2636
2533 2637
2534 2637
2535 2637
2536 2637
2537 2637
2538 2637
2539 2637
2540 2637
2541 2638
2542 2638
2543 2638
2544 2639
2545 2639
2546 2639
2547 2639
2548 2640
2549 2640
2550 2641
2551 2642
2552 2642
2553 2643
2554 2643
2555 2643
2556 2644
2557 2644
2558 2644
2559 2645
2560 2645
2561 2645
2562 2646
2563 2646
2564 2646
2565 2646
2566 2646
2567 2647
2568 2647
2569 2647
2570 2647
2571 2647
2572 2647
2573 2648
2574 2648
2575 2648
2576 2648
2577 2648
2578 2649
2579 2649
2580 2649
2581 2649
2582 2649
2583 2649
2584 2650
2585 2650
2586 2651
2587 2651
2588 2652
2589 2652
2590 2653
2591 2653
2592 2654
2593 2654
2594 2655
2595 2655
2596 2655
2597 2655
2598 2656
2599 2656
2600 2656
2601 2657
2602 2657
2603 2657
2604 2657
2605 2657
2606 2658
2607 2658
2608 2658
2609 2659
2610 2659
2611 2660
2612 2661
2613 2661
2614 2662
2615 2663
2616 2664
2617 2664
2618 2665
2619 2666
2620 2666
2621 2667
2622 2668
2623 2669
2624 2669
2625 2670
2626 2670
2627 2671
2628 2671
2629 2672
2630 2672
2631 2673
2632 2673
2633 2673
2634 2674
2635 2674
2636 2674
2637 2674
2638 2675
2639 2675
2640 2675
2641 2675
2642 2675
2643 2676
2644 2676
2645 2676
2646 2676
2647 2677
2648 2677
2649 2677
2650 2677
2651 2677
2652 2677
2653 2677
2654 2678
2655 2678
2656 2678
2657 2678
2658 2678
2659 2678
2660 2679
2661 2679
2662 2679
2663 2679
2664 2679
2665 2679
2666 2679
2667 2680
2668 2680
2669 2680
2670 2680
2671 2680
2672 2680
2673 2680
2674 2681
2675 2681
2676 2681
2677 2681
2678 2681
2679 2681
2680 2681
2681 2682
2682 2682
2683 2682
2684 2682
2685 2682
2686 2682
2687 2682
2688 2682
2689 2683
2690 2683
2691 2683
2692 2683
2693 2683
2694 2683
2695 2683
2696 2683
2697 2684
2698 2684
2699 2684
2700 2684
2701 2684
2702 2684
2703 2684
2704 2684
2705 2685
2706 2685
2707 2685
2708 2685
2709 2685
2710 2685
2711 2685
2712 2685
2713 2686
2714 2686
2715 2686
2716 2686
2717 2686
2718 2686
2719 2686
2720 2686
2721 2687
2722 2687
2723 2687
2724 2687
2725 2687
2726 2687
2727 2687
2728 2687
2729 2688
2730 2688
2731 2688
2732 2688
2733 2688
2734 2688
2735 2688
2736 2688
2737 2689
2738 2689
2739 2689
2740 2689
2741 2689
2742 2689
2743 2689
2744 2689
2745 2689
2746 2690
2747 2690
2748 2690
2749 2690
2750 2690
2751 2690
2752 2690
2753 2690
2754 2691
2755 2691
2756 2691
2757 2691
2758 2691
2759 2691
2760 2691
2761 2691
2762 2692
2763 2692
2764 2692
2765 2692
2766 2692
2767 2692
2768 2692
2769 2692
2770 2693
2771 2693
2772 2693
2773 2693
2774 2693
2775 2693
2776 2693
2777 2693
2778 2694
2779 2694
2780 2694
2781 2694
2782 2694
2783 2694
2784 2694
2785 2694
2786 2695
2787 2695
2788 2695
2789 2695
2790 2695
2791 2695
2792 2695
2793 2695
2794 2695
2795 2696
2796 2696
2797 2696
2798 2696
2799 2696
2800 2696
2801 2696
2802 2696
2803 2697
2804 2697
2805 2697
2806 2697
2807 2697
2808 2697
2809 2697
2810 2697
2811 2698
2812 2698
2813 2698
2814 2698
2815 2698
2816 2698
2817 2698
2818 2698
2819 2699
2820 2699
2821 2699
2822 2699
2823 2699
2824 2699
2825 2699
2826 2699
2827 2700
2828 2700
2829 2700
2830 2700
2831 2700
2832 2700
2833 2700
2834 2700
2835 2701
2836 2701
2837 2701
2838 2701
2839 2701
2840 2701
2841 2701
2842 2701
2843 2702
2844 2702
2845 2702
2846 2702
2847 2702
2848 2702
2849 2702
2850 2702
2851 2703
2852 2703
2853 2703
2854 2703
2855 2703
2856 2703
2857 2703
2858 2703
2859 2704
2860 2704
2861 2704
2862 2704
2863 2704
2864 2704
2865 2704
2866 2704
2867 2705
2868 2705
2869 2705
2870 2705
2871 2705
2872 2705
2873 2705
2874 2705
2875 2705
2876 2706
2877 2706
2878 2706
2879 2706
2880 2706
2881 2706
2882 2706
2883 2706
2884 2707
2885 2707
2886 2707
2887 2707
2888 2707
2889 2707
2890 2707
2891 2707
2892 2708
2893 2708
2894 2708
2895 2708
2896 2708
2897 2708
2898 2708
2899 2708
2900 2709
2901 2709
2902 2709
2903 2709
2904 2709
2905 2709
2906 2709
2907 2709
2908 2710
2909 2710
2910 2710
2911 2710
2912 2710
2913 2710
2914 2710
2915 2710
2916 2711
2917 2711
2918 2711
2919 2711
2920 2711
2921 2711
2922 2711
2923 2711
2924 2712
2925 2712
2926 2712
2927 2712
2928 2712
2929 2712
2930 2712
2931 2712
2932 2713
2933 2713
2934 2713
2935 2713
2936 2713
2937 2713
2938 2713
2939 2713
2940 2713
2941 2714
2942 2714
2943 2714
2944 2714
2945 2714
2946 2714
2947 2714
2948 2714
2949 2715
2950 2715
2951 2715
2952 2715
2953 2715
2954 2715
2955 2715
2956 2715
2957 2716
2958 2716
2959 2716
2960 2716
2961 2716
2962 2716
2963 2716
2964 2716
2965 2717
2966 2717
2967 2717
2968 2717
2969 2717
2970 2717
2971 2717
2972 2717
2973 2718
2974 2718
2975 2718
2976 2718
2977 2718
2978 2718
2979 2718
2980 2718
2981 2719
2982 2719
2983 2719
2984 2719
2985 2719
2986 2719
2987 2719
2988 2719
2989 2720
2990 2720
2991 2720
2992 2720
2993 2720
2994 2720
2995 2720
2996 2720
2997 2721
2998 2721
2999 2721
3000 2721
3001 2721
3002 2721
3003 2721
3004 2721
3005 2721
3006 2722
3007 2722
3008 2722
3009 2722
3010 2722
3011 2722
3012 2722
3013 2722
3014 2723
3015 2723
3016 2723
3017 2723
3018 2723
3019 2723
3020 2723
3021 2723
3022 2724
3023 2724
3024 2724
3025 2724
3026 2724
3027 2724
3028 2724
3029 2724
3030 2725
3031 2725
3032 2725
3033 2725
3034 2725
3035 2725
3036 2725
3037 2725
3038 2726
3039 2726
3040 2726
3041 2726
3042 2726
3043 2726
3044 2726
3045 2726
3046 2727
3047 2727
3048 2727
3049 2727
3050 2727
3051 2727
3052 2727
3053 2727
3054 2728
3055 2728
3056 2728
3057 2727
3058 2727
3059 2727
3060 2727
3061 2727
3062 2727
3063 2727
3064 2727
3065 2727
3066 2727
3067 2727
3068 2727
3069 2727
3070 2727
3071 2727
3072 2727
3073 2726
3074 2726
3075 2726
3076 2726
3077 2726
3078 2726
3079 2726
3080 2726
3081 2726
3082 2726
3083 2726
3084 2726
3085 2726
3086 2726
3087 2727
3088 2727
3089 2727
3090 2727
3091 2727
3092 2727
3093 2727
3094 2727
3095 2727
3096 2727
3097 2727
3098 2727
3099 2727
3100 2727
3101 2727
3102 2727
3103 2728
3104 2728
3105 2728
3106 2728
3107 2728
3108 2728
3109 2728
3110 2728
3111 2728
3112 2728
3113 2728
3114 2727
3115 2727
3116 2727
3117 2727
3118 2727
3119 2727
3120 2727
3121 2727
3122 2727
3123 2726
3124 2726
3125 2726
3126 2726
3127 2726
3128 2726
3129 2726
3130 2726
3131 2726
3132 2726
3133 2725
3134 2726
3135 2726
3136 2726
3137 2726
3138 2725
3139 2725
3140 2725
3141 2725
3142 2725
3143 2725
3144 2725
3145 2725
3146 2724
3147 2724
3148 2724
3149 2724
3150 2724
3151 2724
3152 2723
3153 2723
3154 2723
3155 2723
3156 2723
3157 2723
3158 2723
3159 2723
3160 2723
3161 2723
3162 2723
3163 2723
3164 2723
3165 2723
3166 2722
3167 2723
3168 2723
3169 2723
3170 2723
3171 2723
3172 2723
3173 2723
3174 2723
3175 2723
3176 2723
3177 2723
3178 2723
3179 2723
3180 2723
3181 2723
3182 2724
3183 2724
3184 2724
3185 2724
3186 2724
3187 2724
3188 2724
3189 2724
3190 2724
3191 2724
3192 2725
3193 2725
3194 2725
3195 2725
3196 2725
3197 2725
3198 2725
3199 2725
3200 2726
3201 2726
3202 2725
3203 2725
3204 2725
3205 2725
3206 2725
3207 2725
3208 2725
3209 2725
3210 2725
3211 2724
3212 2724
3213 2724
3214 2724
3215 2724
3216 2724
3217 2724
3218 2724
3219 2724
3220 2724
3221 2724
3222 2723
3223 2723
3224 2723
3225 2724
3226 2724
3227 2724
3228 2724
3229 2724
3230 2723
3231 2723
3232 2724
3233 2724
3234 2724
3235 2724
3236 2724
3237 2724
3238 2724
3239 2724
3240 2724
3241 2724
3242 2725
3243 2725
3244 2725
3245 2725
3246 2725
3247 2725
3248 2725
3249 2725
3250 2725
3251 2725
3252 2725
3253 2725
3254 2726
3255 2726
3256 2726
3257 2726
3258 2726
3259 2726
3260 2726
3261 2726
3262 2726
3263 2727
3264 2727
3265 2727
3266 2727
3267 2727
3268 2727
3269 2727
3270 2727
3271 2726
3272 2726
3273 2726
3274 2726
3275 2726
3276 2726
3277 2726
3278 2725
3279 2725
3280 2725
3281 2725
3282 2725
3283 2725
3284 2725
3285 2725
3286 2725
3287 2725
3288 2724
3289 2724
3290 2725
3291 2725
3292 2725
3293 2725
3294 2725
3295 2725
3296 2725
3297 2725
3298 2725
3299 2725
3300 2725
3301 2725
3302 2725
3303 2725
3304 2725
3305 2725
3306 2726
3307 2726
3308 2726
3309 2726
3310 2726
3311 2726
3312 2726
3313 2726
3314 2726
3315 2727
3316 2727
3317 2727
3318 2727
3319 2727
3320 2727
3321 2727
3322 2727
3323 2727
3324 2728
3325 2728
3326 2728
3327 2728
3328 2728
3329 2728
3330 2728
3331 2728
3332 2729
3333 2729
3334 2729
3335 2729
3336 2729
3337 2729
3338 2729
3339 2729
3340 2730
3341 2730
3342 2730
3343 2730
3344 2730
3345 2730
3346 2730
3347 2730
3348 2731
3349 2731
3350 2731
3351 2731
3352 2731
3353 2731
3354 2731
3355 2731
3356 2731
3357 2732
3358 2732
3359 2732
3360 2732
3361 2732
3362 2732
3363 2732
3364 2732
3365 2733
3366 2733
3367 2733
3368 2733
3369 2733
3370 2733
3371 2733
3372 2733
3373 2734
3374 2734
3375 2734
3376 2734
3377 2734
3378 2734
3379 2734
3380 2734
3381 2735
3382 2735
3383 2735
3384 2735
3385 2735
3386 2735
3387 2735
3388 2735
3389 2736
3390 2736
3391 2736
3392 2736
3393 2736
3394 2736
3395 2736
3396 2736
3397 2737
3398 2737
3399 2737
3400 2737
3401 2737
3402 2737
3403 2737
3404 2737
3405 2738
3406 2738
3407 2738
3408 2738
3409 2738
3410 2738
3411 2738
3412 2738
3413 2739
3414 2739
3415 2739
3416 2739
3417 2739
3418 2739
3419 2739
3420 2739
3421 2740
3422 2740
3423 2740
3424 2740
3425 2740
3426 2740
3427 2740
3428 2740
3429 2740
3430 2741
3431 2741
3432 2741
3433 2741
3434 2741
3435 2741
3436 2741
3437 2741
3438 2742
3439 2742
3440 2742
3441 2742
3442 2742
3443 2742
3444 2742
3445 2742
3446 2743
3447 2743
3448 2743
3449 2743
3450 2743
3451 2743
3452 2743
3453 2743
3454 2744
3455 2744
3456 2744
3457 2744
3458 2744
3459 2744
3460 2744
3461 2744
3462 2745
3463 2745
3464 2745
3465 2745
3466 2745
3467 2745
3468 2745
3469 2745
3470 2746
3471 2746
3472 2746
3473 2746
3474 2746
3475 2746
3476 2746
3477 2746
3478 2746
3479 2747
3480 2747
3481 2747
3482 2747
3483 2747
3484 2747
3485 2747
3486 2747
3487 2748
3488 2748
3489 2748
3490 2748
3491 2748
3492 2748
3493 2748
3494 2748
3495 2749
3496 2749
3497 2749
3498 2749
3499 2749
3500 2749
3501 2749
3502 2749
3503 2750
3504 2750
3505 2750
3506 2750
3507 2750
3508 2750
3509 2750
3510 2750
3511 2751
3512 2751
3513 2751
3514 2751
3515 2751
3516 2751
3517 2751
3518 2751
3519 2752
3520 2752
3521 2752
3522 2752
3523 2752
3524 2752
3525 2752
3526 2752
3527 2753
3528 2753
3529 2753
3530 2753
3531 2753
3532 2753
3533 2753
3534 2753
3535 2754
3536 2754
3537 2754
3538 2754
3539 2754
3540 2754
3541 2754
3542 2754
3543 2755
3544 2755
3545 2755
3546 2755
3547 2755
3548 2755
3549 2755
3550 2755
3551 2755
3552 2756
3553 2756
3554 2756
3555 2756
3556 2756
3557 2756
3558 2756
3559 2756
3560 2757
3561 2757
3562 2757
3563 2757
3564 2757
3565 2757
3566 2757
3567 2757
3568 2758
3569 2758
3570 2758
3571 2758
3572 2758
3573 2758
3574 2758
3575 2758
3576 2759
3577 2759
3578 2759
3579 2759
3580 2759
3581 2759
3582 2759
3583 2759
3584 2760
3585 2760
3586 2760
3587 2760
3588 2760
3589 2760
3590 2760
3591 2760
3592 2761
3593 2761
3594 2761
3595 2761
3596 2761
3597 2761
3598 2760
3599 2760
3600 2760
3601 2759
3602 2759
3603 2759
3604 2758
3605 2758
3606 2758
3607 2758
3608 2758
3609 2757
3610 2757
3611 2757
3612 2757
3613 2757
3614 2757
3615 2757
3616 2757
3617 2757
3618 2757
3619 2757
3620 2757
3621 2757
3622 2757
3623 2758
3624 2758
3625 2758
3626 2758
3627 2758
3628 2758
3629 2758
3630 2758
3631 2759
3632 2759
3633 2759
3634 2759
3635 2759
3636 2759
3637 2759
3638 2759
3639 2759
3640 2760
3641 2760
3642 2760
3643 2760
3644 2760
3645 2760
3646 2760
3647 2760
3648 2761
3649 2761
3650 2761
3651 2761
3652 2761
3653 2761
3654 2761
3655 2761
3656 2762
3657 2762
3658 2762
3659 2762
3660 2762
3661 2762
3662 2762
3663 2762
3664 2763
3665 2763
3666 2763
3667 2763
3668 2763
3669 2763
3670 2763
3671 2763
3672 2764
3673 2764
3674 2764
3675 2764
3676 2764
3677 2764
3678 2764
3679 2764
3680 2765
3681 2765
3682 2765
3683 2765
3684 2765
3685 2765
3686 2765
3687 2765
3688 2765
3689 2766
3690 2766
3691 2766
3692 2766
3693 2766
3694 2766
3695 2766
3696 2766
3697 2767
3698 2767
3699 2767
3700 2767
3701 2767
3702 2767
3703 2767
3704 2767
3705 2767
3706 2767
3707 2767
3708 2767
3709 2767
3710 2767
3711 2767
3712 2766
3713 2766
3714 2766
3715 2766
3716 2766
3717 2766
3718 2765
3719 2765
3720 2765
3721 2765
3722 2765
3723 2765
3724 2765
3725 2765
3726 2765
3727 2765
3728 2765
3729 2765
3730 2765
3731 2765
3732 2765
3733 2765
3734 2765
3735 2765
3736 2765
3737 2765
3738 2766
3739 2766
3740 2766
3741 2766
3742 2766
3743 2766
3744 2766
3745 2766
3746 2766
3747 2766
3748 2767
3749 2767
3750 2767
3751 2767
3752 2767
3753 2767
3754 2767
3755 2767
3756 2767
3757 2767
3758 2766
3759 2766
3760 2766
3761 2765
3762 2765
3763 2765
3764 2765
3765 2764
3766 2764
3767 2764
3768 2764
3769 2763
3770 2763
3771 2763
3772 2762
3773 2762
3774 2761
3775 2761
3776 2760
3777 2760
3778 2760
3779 2759
3780 2759
3781 2759
3782 2759
3783 2759
3784 2759
3785 2759
3786 2758
3787 2759
3788 2759
3789 2759
3790 2759
3791 2759
3792 2759
3793 2759
3794 2759
3795 2759
3796 2759
3797 2759
3798 2759
3799 2758
3800 2758
3801 2757
3802 2757
3803 2757
3804 2756
3805 2756
3806 2756
3807 2755
3808 2755
3809 2755
3810 2755
3811 2755
3812 2755
3813 2755
3814 2755
3815 2755
3816 2755
3817 2755
3818 2755
3819 2755
3820 2756
3821 2756
3822 2756
3823 2755
3824 2755
3825 2754
3826 2754
3827 2754
3828 2753
3829 2753
3830 2753
3831 2753
3832 2752
3833 2752
3834 2752
3835 2752
3836 2751
3837 2751
3838 2750
3839 2749
3840 2749
3841 2748
3842 2747
3843 2747
3844 2746
3845 2746
3846 2745
3847 2744
3848 2744
3849 2743
3850 2743
3851 2743
3852 2742
3853 2742
3854 2742
3855 2741
3856 2741
3857 2740
3858 2740
3859 2739
3860 2739
3861 2738
3862 2737
3863 2737
3864 2736
3865 2735
3866 2735
3867 2734
3868 2733
3869 2732
3870 2732
3871 2732
3872 2732
3873 2731
3874 2731
3875 2730
3876 2730
3877 2729
3878 2729
3879 2728
3880 2728
3881 2727
3882 2727
3883 2727
3884 2726
3885 2726
3886 2725
3887 2725
3888 2725
3889 2724
3890 2723
3891 2722
3892 2722
3893 2721
3894 2721
3895 2720
3896 2719
3897 2719
3898 2718
3899 2717
3900 2716
3901 2715
3902 2715
3903 2715
3904 2715
3905 2714
3906 2714
3907 2713
3908 2713
3909 2712
3910 2711
3911 2711
3912 2710
3913 2710
3914 2710
3915 2709
3916 2709
3917 2709
3918 2708
3919 2708
3920 2707
3921 2706
3922 2705
3923 2705
3924 2704
3925 2703
3926 2702
3927 2701
3928 2701
3929 2700
3930 2699
3931 2699
3932 2698
3933 2698
3934 2697
3935 2697
3936 2696
3937 2696
3938 2695
3939 2695
3940 2694
3941 2693
3942 2693
3943 2692
3944 2692
3945 2691
3946 2690
3947 2690
3948 2689
3949 2689
3950 2688
3951 2688
3952 2687
3953 2686
3954 2685
3955 2684
3956 2683
3957 2683
3958 2682
3959 2681
3960 2680
3961 2679
3962 2678
3963 2677
3963 2676
3964 2675
3965 2674
3966 2673
3967 2672
3968 2672
3969 2671
3970 2670
3970 2669
3971 2668
3972 2667
3972 2666
3973 2665
3974 2664
3974 2663
3975 2662
3976 2661
3977 2660
3978 2659
3979 2659
3979 2658
3980 2657
3981 2656
3982 2655
3982 2654
3983 2653
3984 2652
3985 2651
3986 2650
3987 2649
3988 2648
3989 2647
3990 2646
3991 2645
3992 2644
3993 2643
3993 2642
3994 2641
3995 2640
3995 2639
3996 2638
3997 2637
3998 2636
3999 2635
4000 2634
4001 2633
4002 2632
4002 2631
4003 2630
4003 2629
4004 2628
4004 2627
4004 2626
4005 2625
4005 2624
4006 2623
4006 2622
4006 2621
4006 2620
4007 2619
4007 2618
4008 2617
4009 2616
4009 2615
4010 2614
4010 2613
4011 2612
4011 2611
4012 2610
4012 2609
4013 2608
4013 2607
4013 2606
4014 2605
4014 2604
4014 2603
4014 2602
4015 2601
4015 2600
4016 2599
4016 2598
4017 2597
4018 2596
4019 2595
4019 2594
4020 2593
4021 2592
4021 2591
4022 2590
4022 2589
4022 2588
4023 2587
4023 2586
4024 2585
4024 2584
4025 2583
4025 2582
4026 2581
4026 2580
4027 2579
4027 2578
4028 2577
4029 2576
4030 2575
4030 2574
4031 2573
4031 2572
4031 2571
4032 2570
4032 2569
4033 2568
4033 2567
4033 2566
4033 2565
4033 2564
4034 2563
4034 2562
4034 2561
4034 2560
4035 2559
4036 2558
4036 2557
4037 2556
4038 2555
4038 2554
4039 2553
4039 2552
4040 2551
4040 2550
4041 2549
4041 2548
4041 2547
4041 2546
4042 2545
4043 2544
4043 2543
4044 2542
4044 2541
4045 2540
4046 2539
4046 2538
4047 2537
4048 2536
4048 2535
4049 2534
4049 2533
4049 2532
4050 2531
4050 2530
4050 2529
4051 2528
4051 2527
4051 2526
4051 2525
4052 2524
4052 2523
4052 2522
4052 2521
4053 2520
4053 2519
4053 2518
4054 2517
4055 2516
4056 2515
4056 2514
4057 2513
4058 2512
4058 2511
4058 2510
4059 2509
4059 2508
4059 2507
4060 2506
4060 2505
4061 2504
4061 2503
4061 2502
4061 2501
4061 2500
4061 2499
4062 2498
4062 2497
4062 2496
4062 2495
4063 2494
4063 2493
4063 2492
4063 2491
4064 2490
4064 2489
4065 2488
4065 2487
4065 2486
4066 2485
4066 2484
4067 2483
4067 2482
4068 2481
4068 2480
4069 2479
4069 2478
4069 2477
4070 2476
4070 2475
4070 2474
4071 2473
4071 2472
4071 2471
4071 2470
4072 2469
4072 2468
4072 2467
4072 2466
4073 2465
4073 2464
4073 2463
4073 2462
4074 2461
4074 2460
4075 2459
4076 2458
4076 2457
4077 2456
4077 2455
4078 2454
4078 2453
4079 2452
4079 2451
4080 2450
4080 2449
4081 2448
4082 2447
4082 2446
4083 2445
4084 2444
4084 2443
4085 2442
4086 2441
4086 2440
4087 2439
4087 2438
4087 2437
4088 2436
4088 2435
4088 2434
4089 2433
4089 2432
4089 2431
4089 2430
4090 2429
4090 2428
4090 2427
4090 2426
4091 2425
4091 2424
4091 2423
4091 2422
4091 2421
4091 2420
4092 2419
4092 2418
4092 2417
4093 2416
4094 2415
4094 2414
4095 2413
4095 2412
4096 2411
4097 2410
4097 2409
4098 2408
4098 2407
4099 2406
4099 2405
4099 2404
4099 2403
4100 2402
4100 2401
4100 2400
4101 2399
4101 2398
4101 2397
4101 2396
4101 2395
4101 2394
4102 2393
4102 2392
4102 2391
4102 2390
4102 2389
4102 2388
4102 2387
4102 2386
4103 2385
4103 2384
4103 2383
4103 2382
4103 2381
4103 2380
4104 2379
4104 2378
4105 2377
4105 2376
4105 2375
4106 2374
4106 2373
4106 2372
4107 2371
4107 2370
4108 2369
4108 2368
4108 2367
4109 2366
4109 2365
4109 2364
4110 2363
4110 2362
4110 2361
4111 2360
4111 2359
4111 2358
4111 2357
4112 2356
4112 2355
4112 2354
4113 2353
4113 2352
4113 2351
4113 2350
4113 2349
4114 2348
4114 2347
4114 2346
4114 2345
4114 2344
4115 2343
4115 2342
4115 2341
4115 2340
4115 2339
4115 2338
4115 2337
4116 2336
4116 2335
4116 2334
4116 2333
4116 2332
4116 2331
4116 2330
4117 2329
4117 2328
4117 2327
4117 2326
4117 2325
4117 2324
4117 2323
4117 2322
4118 2321
4118 2320
4118 2319
4118 2318
4118 2317
4118 2316
4118 2315
4118 2314
4119 2313
4119 2312
4119 2311
4119 2310
4119 2309
4119 2308
4119 2307
4119 2306
4119 2305
4120 2304
4120 2303
4120 2302
4120 2301
4120 2300
4120 2299
4120 2298
4120 2297
4121 2296
4121 2295
4121 2294
4121 2293
4121 2292
4121 2291
4121 2290
4121 2289
4122 2288
4122 2287
4122 2286
4122 2285
4122 2284
4122 2283
4122 2282
4122 2281
4123 2280
4123 2279
4123 2278
4123 2277
4123 2276
4123 2275
4123 2274
4123 2273
4124 2272
4124 2271
4124 2270
4124 2269
4124 2268
4124 2267
4124 2266
4124 2265
4125 2264
4125 2263
4125 2262
4125 2261
4125 2260
4125 2259
4125 2258
4125 2257
4126 2256
4126 2255
4126 2254
4126 2253
4126 2252
4126 2251
4126 2250
4126 2249
4127 2248
4127 2247
4127 2246
4127 2245
4127 2244
4127 2243
4127 2242
4127 2241
4128 2240
4128 2239
4128 2238
4128 2237
4128 2236
4128 2235
4128 2234
4128 2233
4128 2232
4129 2231
4129 2230
4129 2229
4129 2228
4129 2227
4129 2226
4129 2225
4129 2224
4130 2223
4130 2222
4130 2221
4130 2220
4130 2219
4130 2218
4130 2217
4130 2216
4131 2215
4131 2214
4131 2213
4131 2212
4131 2211
4131 2210
4131 2209
4131 2208
4132 2207
4132 2206
4132 2205
4132 2204
4132 2203
4132 2202
4132 2201
4132 2200
4133 2199
4133 2198
4133 2197
4133 2196
4133 2195
4133 2194
4133 2193
4133 2192
4134 2191
4134 2190
4134 2189
4134 2188
4134 2187
4134 2186
4134 2185
4134 2184
4135 2183
4135 2182
4135 2181
4135 2180
4135 2179
4135 2178
4134 2177
4134 2176
4134 2175
4134 2174
4134 2173
4134 2172
4134 2171
4133 2170
4133 2169
4133 2168
4133 2167
4133 2166
4133 2165
4133 2164
4133 2163
4133 2162
4133 2161
4132 2160
4132 2159
4132 2158
4132 2157
4132 2156
4132 2155
4132 2154
4132 2153
4131 2152
4131 2151
4131 2150
4131 2149
4131 2148
4131 2147
4130 2146
4130 2145
4130 2144
4130 2143
4130 2142
4130 2141
4130 2140
4129 2139
4129 2138
4129 2137
4129 2136
4128 2135
4128 2134
4128 2133
4128 2132
4127 2131
4127 2130
4126 2129
4126 2128
4126 2127
4125 2126
4125 2125
4125 2124
4125 2123
4125 2122
4125 2121
4124 2120
4124 2119
4124 2118
4124 2117
4124 2116
4124 2115
4124 2114
4124 2113
4124 2112
4124 2111
4124 2110
4124 2109
4125 2108
4125 2107
4125 2106
4125 2105
4125 2104
4125 2103
4125 2102
4125 2101
4125 2100
4125 2099
4125 2098
4124 2097
4124 2096
4123 2095
4123 2094
4123 2093
4122 2092
4122 2091
4122 2090
4122 2089
4122 2088
4122 2087
4122 2086
4121 2085
4121 2084
4121 2083
4121 2082
4121 2081
4121 2080
4121 2079
4121 2078
4121 2077
4121 2076
4121 2075
4120 2074
4119 2073
4119 2072
4119 2071
4119 2070
4118 2069
4118 2068
4118 2067
4117 2066
4117 2065
4117 2064
4117 2063
4117 2062
4117 2061
4117 2060
4117 2059
4117 2058
4117 2057
4116 2056
4116 2055
4116 2054
4116 2053
4115 2052
4115 2051
4114 2050
4114 2049
4114 2048
4113 2047
4113 2046
4113 2045
4113 2044
4113 2043
4112 2042
4112 2041
4112 2040
4111 2040
4110 2039
4110 2038
4109 2037
4109 2036
4109 2035
4109 2034
4108 2033
4108 2032
4108 2031
4108 2030
4108 2029
4107 2028
4107 2027
4106 2026
4106 2025
4106 2024
4106 2023
4107 2022
4107 2021
4108 2020
4108 2019
4107 2019
4106 2018
4106 2017
4106 2016
4107 2015
4106 2015
4105 2015
4104 2014
4104 2013
4104 2012
4105 2011
4104 2011
4103 2010
4103 2009
4102 2008
4102 2007
4101 2007
4100 2007
4099 2007
4098 2007
4097 2006
4096 2005
4096 2004
4096 2003
4096 2002
4096 2001
4096 2000
4096 1999
4096 1998
4096 1997
4095 1996
4094 1995
4093 1995
4092 1995
4091 1994
4091 1993
4090 1992
4090 1991
4090 1990
4090 1989
4089 1988
4088 1987
4088 1986
4088 1985
4088 1984
4088 1983
4088 1982
4088 1981
4087 1980
4087 1979
4087 1978
4086 1978
4085 1978
4084 1978
4083 1977
4083 1976
4083 1975
4084 1974
4083 1973
4083 1972
4082 1972
4081 1973
4080 1974
4079 1974
4078 1974
4077 1974
4076 1974
4076 1975
4075 1976
4074 1976
4073 1976
4072 1976
4071 1975
4070 1974
4070 1973
4069 1972
4069 1971
4069 1970
4068 1970
4068 1971
4067 1972
4066 1972
4065 1972
4064 1972
4063 1971
4063 1970
4063 1969
4063 1968
4063 1967
4064 1966
4064 1965
4064 1964
4065 1963
4065 1962
4066 1961
4067 1961
4068 1960
4069 1960
4070 1960
4071 1960
4072 1959
4073 1958
4073 1957
4072 1956
4072 1955
4072 1954
4073 1953
4073 1952
4073 1951
4073 1950
4073 1949
4073 1948
4072 1947
4071 1947
4070 1947
4070 1948
4069 1949
4068 1949
4067 1949
4066 1949
4065 1948
4065 1947
4065 1948
4064 1949
4064 1950
4065 1951
4065 1952
4065 1953
4065 1954
4065 1955
4065 1956
4064 1957
4064 1958
4063 1959
4062 1959
4062 1960
4062 1961
4062 1962
4062 1963
4061 1964
4060 1965
4059 1966
4058 1966
4057 1965
4057 1964
4056 1964
4056 1965
4055 1966
4054 1967
4053 1967
4052 1967
4051 1966
4050 1965
4050 1964
4050 1963
4051 1962
4051 1961
4051 1960
4051 1959
4050 1959
4049 1959
4048 1959
4047 1959
4046 1958
4046 1957
4046 1956
4046 1955
4046 1954
4046 1953
4047 1952
4048 1951
4047 1951
4046 1950
4046 1949
4046 1948
4045 1947
4045 1946
4044 1946
4043 1946
4042 1946
4041 1945
4040 1945
4039 1946
4040 1947
4040 1948
4040 1949
4040 1950
4039 1951
4038 1951
4038 1952
4037 1953
4036 1953
4035 1953
4035 1954
4034 1955
4033 1955
4032 1955
4031 1956
4030 1956
4029 1955
4028 1954
4028 1955
4027 1956
4026 1957
4025 1957
4024 1956
4023 1956
4022 1956
4021 1955
4021 1954
4021 1953
4021 1952
4021 1951
4020 1951
4019 1950
4019 1949
4018 1949
4017 1948
4016 1948
4015 1948
4015 1949
4014 1950
4013 1950
4012 1950
4011 1950
4010 1949
4010 1948
4010 1947
4010 1946
4010 1945
4010 1944
4010 1945
4010 1946
4010 1947
4010 1948
4010 1949
4009 1950
4008 1950
4007 1950
4006 1950
4005 1949
4005 1948
4005 1947
4004 1946
4004 1945
4004 1944
4003 1944
4002 1944
4001 1944
4000 1943
3999 1943
3998 1943
3997 1943
3996 1942
3996 1941
3996 1940
3996 1939
3996 1940
3995 1941
3995 1942
3995 1943
3995 1944
3994 1945
3993 1945
3992 1945
3991 1944
3990 1944
3989 1943
3988 1943
3987 1942
3987 1941
3986 1940
3985 1939
3984 1939
3983 1939
3982 1939
3981 1938
3981 1937
3981 1936
3981 1935
3980 1935
3979 1935
3978 1935
3978 1936
3977 1937
3977 1938
3976 1939
3975 1939
3974 1939
3973 1938
3972 1937
3972 1936
3972 1935
3972 1934
3972 1933
3973 1932
3974 1932
3974 1931
3974 1930
3973 1929
3972 1929
3972 1930
3971 1931
3970 1931
3969 1931
3969 1932
3969 1933
3968 1934
3967 1934
3966 1934
3965 1934
3964 1933
3963 1932
3962 1931
3962 1930
3962 1929
3963 1928
3963 1927
3963 1926
3963 1925
3962 1924
3961 1925
3960 1925
3959 1925
3958 1926
3957 1927
3956 1927
3955 1927
3954 1926
3954 1925
3953 1925
3953 1926
3952 1927
3951 1927
3950 1927
3949 1927
3948 1926
3947 1925
3947 1924
3947 1923
3947 1922
3947 1921
3947 1920
3946 1920
3945 1920
3944 1920
3943 1920
3942 1920
3941 1921
3940 1921
3939 1922
3938 1922
3937 1922
3936 1921
3936 1920
3936 1919
3936 1918
3936 1917
3935 1917
3934 1917
3933 1916
3932 1916
3931 1916
3930 1915
3930 1914
3930 1913
3930 1912
3929 1912
3928 1913
3927 1913
3926 1914
3925 1914
3924 1914
3923 1913
3922 1914
3921 1914
3920 1914
3919 1914
3918 1913
3917 1913
3916 1913
3915 1913
3914 1912
3914 1911
3914 1910
3914 1911
3914 1912
3913 1913
3912 1913
3911 1913
3910 1912
3910 1911
3909 1911
3908 1911
3908 1912
3907 1913
3907 1914
3906 1915
3905 1915
3904 1915
3903 1914
3903 1913
3903 1912
3903 1911
3903 1910
3903 1909
3902 1909
3901 1909
3900 1909
3899 1909
3898 1909
3897 1908
3897 1907
3897 1906
3896 1906
3895 1906
3894 1905
3893 1905
3893 1906
3893 1907
3893 1908
3892 1909
3891 1909
3890 1909
3889 1909
3888 1908
3887 1907
3887 1906
3886 1906
3885 1906
3884 1905
3884 1904
3883 1904
3882 1903
3882 1902
3882 1901
3883 1900
3882 1901
3881 1901
3881 1902
3880 1903
3879 1903
3878 1903
3877 1903
3876 1902
3875 1901
3875 1902
3874 1903
3873 1904
3872 1904
3871 1904
3870 1903
3870 1902
3869 1902
3868 1902
3867 1901
3866 1900
3866 1901
3865 1902
3864 1902
3863 1903
3862 1903
3861 1903
3860 1902
3859 1901
3860 1900
3859 1899
3858 1899
3857 1899
3856 1898
3856 1897
3855 1896
3854 1896
3853 1896
3852 1897
3851 1897
3851 1898
3851 1899
3851 1900
3850 1901
3849 1901
3850 1902
3849 1903
3848 1903
3847 1903
3846 1902
3845 1901
3845 1900
3845 1899
3844 1899
3843 1899
3842 1898
3841 1897
3841 1896
3840 1897
3839 1898
3839 1899
3838 1900
3837 1900
3836 1900
3835 1900
3834 1900
3833 1900
3832 1899
3831 1898
3830 1898
3829 1898
3828 1898
3827 1897
3826 1898
3826 1899
3825 1900
3825 1901
3825 1902
3825 1903
3825 1904
3824 1905
3823 1905
3822 1905
3821 1904
3820 1903
3820 1902
3820 1901
3820 1900
3821 1899
3821 1898
3821 1897
3821 1898
3821 1899
3820 1900
3819 1900
3818 1900
3817 1899
3816 1898
3816 1897
3815 1897
3814 1897
3813 1897
3812 1897
3811 1897
3810 1898
3809 1898
3808 1898
3807 1897
3806 1896
3805 1896
3805 1897
3805 1898
3805 1899
3804 1900
3803 1900
3802 1900
3801 1899
3801 1898
3801 1899
3801 1900
3801 1901
3802 1902
3802 1903
3802 1904
3801 1905
3800 1905
3799 1905
3798 1905
3797 1904
3797 1903
3796 1902
3796 1901
3796 1900
3796 1899
3797 1898
3796 1898
3795 1898
3794 1898
3793 1898
3792 1898
3791 1897
3791 1896
3790 1895
3790 1894
3790 1893
3790 1892
