3394 1765
3394 1766
3394 1767
3394 1768
3393 1769
3392 1769
3391 1769
3390 1768
3390 1767
3389 1767
3388 1767
3387 1767
3386 1766
3385 1766
3384 1766
3383 1766
3382 1766
3381 1766
3380 1766
3379 1766
3378 1766
3378 1767
3377 1768
3376 1768
3375 1768
3374 1768
3373 1768
3372 1768
3371 1767
3371 1766
3371 1767
3370 1768
3369 1768
3368 1768
3367 1768
3366 1768
3365 1767
3364 1768
3363 1768
3362 1768
3361 1767
3360 1768
3359 1768
3358 1768
3357 1768
3356 1768
3355 1767
3354 1768
3353 1768
3352 1769
3351 1769
3350 1769
3349 1769
3348 1769
3347 1770
3346 1770
3345 1770
3344 1770
3343 1771
3343 1772
3342 1773
3341 1773
3340 1773
3339 1772
3338 1772
3337 1772
3337 1773
3336 1774
3335 1774
3334 1774
3333 1774
3332 1774
3331 1774
3330 1773
3330 1772
3329 1772
3328 1773
3327 1774
3326 1775
3325 1775
3324 1775
3323 1775
3322 1774
3322 1773
3321 1774
3320 1775
3319 1775
3318 1775
3317 1774
3317 1773
3317 1774
3317 1775
3317 1776
3316 1777
3315 1777
3314 1777
3313 1777
3312 1776
3313 1775
3313 1774
3313 1775
3312 1776
3311 1776
3310 1776
3309 1775
3308 1776
3307 1776
3306 1777
3305 1778
3304 1778
3303 1778
3302 1777
3302 1776
3302 1775
3302 1776
3302 1777
3301 1778
3300 1778
3299 1778
3298 1778
3297 1778
3296 1778
3295 1777
3294 1777
3293 1776
3293 1777
3294 1777
3295 1777
3296 1778
3296 1779
3296 1780
3295 1781
3294 1781
3293 1781
3292 1781
3291 1781
3290 1781
3289 1780
3288 1779
3288 1778
3288 1779
3287 1780
3287 1781
3286 1782
3285 1782
3284 1782
3283 1781
3283 1780
3283 1779
3283 1780
3282 1781
3281 1781
3280 1781
3279 1780
3278 1779
3278 1780
3278 1781
3278 1782
3277 1783
3276 1783
3275 1783
3274 1782
3274 1781
3274 1780
3274 1779
3274 1778
3274 1779
3273 1780
3272 1780
3272 1781
3272 1782
3272 1783
3272 1784
3271 1785
3270 1785
3269 1785
3268 1784
3268 1783
3268 1782
3267 1783
3266 1783
3265 1783
3264 1782
3264 1781
3263 1782
3263 1783
3264 1784
3264 1785
3264 1786
3263 1787
3262 1787
3261 1787
3260 1786
3260 1785
3260 1784
3260 1783
3259 1782
3258 1781
3258 1780
3257 1779
3256 1778
3256 1777
3256 1776
3256 1775
3255 1775
3254 1775
3254 1776
3255 1777
3256 1778
3256 1779
3256 1780
3255 1781
3254 1782
3253 1782
3252 1782
3251 1782
3250 1781
3249 1781
3248 1782
3247 1782
3246 1782
3245 1781
3245 1780
3244 1779
3244 1778
3244 1777
3243 1777
3242 1777
3241 1776
3241 1775
3241 1774
3240 1774
3239 1774
3239 1775
3238 1776
3237 1777
3236 1777
3237 1778
3237 1779
3237 1780
3237 1781
3236 1782
3235 1782
3234 1783
3233 1783
3232 1783
3231 1784
3230 1784
3229 1784
3228 1784
3227 1783
3227 1782
3227 1781
3227 1780
3227 1779
3227 1780
3227 1781
3227 1782
3226 1783
3225 1783
3224 1783
3223 1783
3222 1782
3222 1781
3221 1780
3221 1781
3220 1782
3219 1782
3218 1782
3217 1782
3216 1781
3215 1782
3215 1783
3215 1784
3215 1785
3215 1786
3214 1787
3213 1787
3212 1787
3211 1786
3211 1785
3211 1784
3210 1784
3209 1784
3208 1784
3207 1784
3206 1784
3205 1784
3204 1784
3203 1784
3202 1784
3202 1785
3201 1786
3201 1787
3200 1788
3199 1788
3198 1788
3197 1787
3197 1786
3196 1786
3195 1786
3194 1786
3193 1785
3192 1786
3192 1787
3192 1788
3192 1789
3191 1790
3190 1790
3189 1790
3188 1790
3187 1789
3187 1788
3187 1787
3187 1788
3187 1789
3186 1790
3185 1790
3184 1790
3183 1789
3183 1790
3182 1791
3181 1791
3180 1791
3180 1792
3179 1793
3178 1793
3177 1793
3176 1793
3175 1793
3174 1793
3173 1792
3172 1792
3171 1791
3170 1791
3170 1792
3170 1793
3169 1794
3169 1795
3168 1796
3167 1796
3166 1796
3165 1796
3164 1795
3164 1794
3164 1793
3163 1793
3162 1793
3161 1794
3160 1794
3160 1795
3160 1796
3159 1797
3158 1797
3157 1797
3156 1796
3156 1795
3155 1795
3154 1795
3154 1796
3154 1797
3153 1798
3152 1798
3151 1798
3150 1797
3149 1797
3148 1798
3147 1798
3146 1798
3145 1798
3144 1798
3143 1798
3142 1798
3141 1797
3141 1796
3142 1795
3141 1796
3140 1797
3139 1798
3139 1799
3138 1800
3137 1800
3136 1800
3135 1799
3135 1798
3135 1799
3135 1800
3136 1801
3135 1802
3134 1802
3133 1802
3132 1802
3131 1802
3130 1802
3129 1802
3128 1803
3127 1804
3126 1804
3125 1804
3124 1803
3123 1803
3122 1803
3121 1803
3120 1804
3119 1804
3118 1804
3117 1804
3116 1805
3115 1805
3114 1805
3113 1804
3112 1804
3111 1804
3110 1804
3109 1804
3108 1804
3107 1804
3107 1805
3106 1806
3106 1807
3106 1808
3105 1809
3104 1810
3103 1810
3102 1810
3101 1810
3100 1810
3099 1810
3098 1810
3097 1810
3096 1810
3095 1810
3094 1809
3093 1809
3092 1809
3091 1809
3090 1809
3090 1810
3089 1811
3088 1811
3087 1811
3086 1811
3086 1812
3085 1813
3084 1813
3083 1813
3082 1813
3081 1814
3080 1814
3079 1814
3078 1813
3078 1812
3078 1811
3078 1810
3078 1811
3077 1812
3076 1812
3075 1813
3074 1813
3073 1813
3072 1814
3071 1814
3070 1814
3069 1814
3068 1813
3068 1812
3068 1813
3068 1814
3069 1815
3069 1816
3069 1817
3068 1818
3067 1818
3066 1818
3065 1818
3064 1817
3064 1816
3063 1816
3062 1817
3061 1817
3060 1817
3060 1818
3060 1819
3060 1820
3060 1821
3060 1822
3059 1823
3058 1823
3057 1823
3056 1822
3056 1821
3056 1820
3056 1819
3056 1818
3056 1817
3056 1816
3056 1817
3055 1818
3054 1819
3054 1820
3054 1821
3053 1822
3052 1823
3051 1824
3050 1824
3049 1824
3048 1823
3047 1824
3046 1824
3045 1825
3045 1826
3044 1827
3043 1827
3042 1827
3041 1826
3041 1825
3041 1824
3041 1825
3041 1826
3040 1827
3039 1827
3038 1827
3037 1827
3036 1826
3036 1827
3036 1828
3035 1829
3034 1830
3033 1830
3032 1830
3031 1830
3030 1829
3030 1830
3030 1831
3030 1832
3029 1833
3028 1834
3027 1834
3026 1834
3025 1834
3024 1833
3023 1834
3022 1834
3021 1835
3020 1836
3019 1836
3018 1836
3017 1836
3016 1836
3015 1837
3015 1838
3015 1839
3014 1840
3013 1840
3012 1840
3011 1839
3011 1838
3011 1837
3011 1836
3010 1837
3009 1837
3008 1837
3007 1838
3006 1838
3005 1838
3005 1839
3004 1840
3003 1840
3002 1840
3001 1840
3000 1840
2999 1840
2998 1841
2997 1841
2996 1841
2995 1841
2995 1842
2994 1843
2993 1843
2992 1843
2991 1843
2990 1843
2989 1843
2988 1844
2987 1844
2986 1844
2985 1845
2984 1846
2983 1846
2982 1847
2981 1847
2980 1848
2979 1848
2978 1849
2977 1849
2976 1849
2975 1850
2974 1850
2973 1850
2972 1850
2971 1850
2970 1850
2969 1851
2968 1851
2967 1851
2966 1851
2965 1851
2964 1852
2963 1852
2962 1852
2961 1853
2960 1853
2959 1853
2958 1854
2957 1854
2956 1855
2955 1855
2954 1855
2953 1856
2952 1856
2951 1856
2950 1856
2949 1856
2948 1857
2947 1857
2946 1857
2945 1857
2944 1857
2943 1858
2942 1858
2941 1858
2940 1858
2939 1858
2938 1858
2937 1858
2936 1858
2935 1858
2934 1858
2933 1858
2932 1859
2931 1859
2930 1859
2929 1860
2928 1860
2927 1861
2926 1861
2925 1861
2924 1862
2923 1862
2922 1862
2921 1862
2920 1862
2919 1863
2918 1863
2917 1863
2916 1863
2915 1863
2914 1863
2914 1864
2913 1865
2912 1865
2911 1865
2910 1864
2909 1864
2908 1864
2907 1864
2906 1864
2905 1864
2904 1864
2904 1865
2903 1866
2902 1866
2901 1866
2900 1865
2900 1866
2900 1867
2899 1868
2898 1868
2897 1868
2896 1867
2896 1866
2895 1866
2894 1866
2893 1867
2892 1867
2891 1868
2890 1868
2889 1869
2888 1869
2887 1870
2886 1870
2885 1871
2884 1871
2883 1871
2882 1872
2881 1872
2880 1872
2879 1873
2878 1873
2877 1873
2876 1874
2875 1874
2874 1874
2873 1874
2872 1874
2871 1875
2870 1875
2869 1875
2868 1875
2867 1875
2866 1876
2865 1876
2864 1876
2863 1876
2862 1876
2861 1876
2860 1877
2859 1877
2858 1877
2857 1877
2856 1878
2855 1878
2854 1878
2853 1878
2852 1879
2851 1879
2850 1879
2849 1880
2848 1881
2847 1881
2846 1881
2845 1881
2844 1881
2843 1881
2842 1881
2841 1881
2840 1881
2839 1882
2838 1882
2837 1882
2836 1882
2835 1882
2834 1882
2833 1882
2832 1883
2831 1883
2830 1883
2829 1882
2828 1882
2827 1882
2826 1883
2825 1883
2824 1883
2823 1883
2822 1883
2821 1883
2820 1883
2819 1883
2818 1883
2817 1883
2816 1883
2815 1883
2814 1884
2813 1884
2812 1884
2811 1884
2810 1884
2809 1885
2808 1885
2807 1885
2806 1886
2805 1886
2804 1886
2804 1887
2804 1888
2803 1889
2802 1889
2801 1889
2800 1889
2799 1888
2799 1887
2799 1886
2799 1887
2799 1888
2799 1889
2798 1890
2797 1890
2796 1890
2795 1890
2794 1890
2793 1890
2792 1889
2791 1889
2790 1889
2789 1889
2788 1890
2787 1890
2786 1890
2785 1890
2784 1889
2783 1889
2782 1889
2782 1890
2781 1891
2780 1892
2779 1893
2778 1893
2777 1893
2777 1894
2776 1895
2775 1896
2774 1896
2773 1896
2772 1895
2771 1896
2771 1897
2771 1898
2770 1899
2769 1900
2768 1900
2767 1900
2766 1899
2766 1898
2766 1897
2765 1897
2765 1898
2764 1899
2763 1899
2762 1899
2762 1900
2761 1901
2760 1901
2759 1901
2758 1901
2757 1901
2757 1902
2756 1903
2755 1903
2754 1903
2753 1903
2752 1902
2753 1903
2754 1904
2754 1905
2754 1906
2754 1907
2753 1908
2753 1909
2753 1910
2752 1911
2751 1911
2750 1911
2749 1910
2749 1909
2749 1908
2749 1907
2748 1906
2748 1905
2747 1904
2747 1903
2746 1903
2745 1902
2745 1901
2745 1900
2745 1901
2745 1902
2745 1903
2745 1904
2745 1905
2745 1906
2744 1907
2743 1908
2742 1908
2741 1908
2740 1909
2739 1910
2738 1910
2737 1910
2737 1911
2737 1912
2737 1913
2736 1914
2736 1915
2735 1916
2734 1916
2733 1916
2732 1916
2731 1916
2731 1917
2731 1918
2730 1919
2729 1920
2728 1920
2727 1920
2726 1919
2726 1918
2725 1919
2726 1920
2727 1921
2727 1922
2727 1923
2726 1924
2725 1924
2724 1924
2723 1924
2722 1923
2721 1922
2721 1921
2720 1920
2719 1920
2719 1921
2719 1922
2719 1923
2719 1924
2718 1925
2717 1925
2716 1925
2715 1925
2714 1925
2713 1925
2713 1926
2712 1927
2711 1927
2711 1928
2710 1929
2710 1930
2709 1931
2708 1931
2708 1932
2707 1933
2706 1933
2705 1933
2704 1932
2704 1931
2704 1930
2705 1929
2704 1930
2703 1931
2702 1931
2701 1932
2700 1933
2700 1934
2700 1935
2700 1936
2700 1937
2699 1938
2698 1938
2697 1938
2696 1938
2695 1938
2694 1938
2693 1937
2693 1936
2693 1935
2693 1934
2693 1933
2694 1932
2695 1931
2696 1931
2695 1931
2694 1931
2693 1931
2693 1932
2692 1933
2691 1934
2690 1935
2690 1936
2690 1937
2690 1938
2690 1939
2689 1940
2688 1941
2687 1941
2686 1941
2685 1940
2685 1939
2684 1940
2683 1940
2682 1940
2681 1940
2680 1940
2679 1941
2678 1941
2677 1941
2676 1941
2675 1942
2674 1942
2673 1942
2672 1943
2671 1944
2670 1944
2669 1944
2668 1944
2667 1943
2667 1942
2666 1943
2665 1944
2665 1945
2665 1946
2666 1947
2666 1948
2666 1949
2665 1950
2665 1951
2664 1952
2663 1952
2662 1952
2661 1951
2660 1951
2659 1951
2658 1950
2658 1949
2657 1949
2656 1948
2657 1947
2656 1947
2656 1948
2656 1949
2655 1950
2655 1951
2654 1952
2653 1952
2652 1952
2651 1951
2651 1950
2651 1949
2650 1949
2650 1950
2649 1951
2648 1951
2647 1951
2646 1950
2645 1950
2644 1950
2643 1950
2642 1950
2643 1951
2644 1951
2645 1952
2645 1953
2645 1954
2644 1955
2643 1955
2642 1955
2641 1956
2640 1956
2640 1957
2640 1958
2639 1959
2638 1960
2638 1961
2638 1962
2637 1963
2636 1963
2635 1963
2634 1962
2634 1961
2634 1960
2634 1959
2634 1960
2634 1961
2633 1962
2632 1963
2631 1963
2630 1963
2629 1962
2629 1961
2629 1960
2628 1960
2627 1960
2626 1960
2625 1959
2624 1958
2623 1958
2622 1958
2622 1959
2621 1960
2620 1960
2619 1960
2618 1959
2618 1960
2619 1961
2619 1962
2619 1963
2619 1964
2618 1965
2617 1965
2616 1965
2615 1964
2614 1963
2613 1962
2612 1963
2611 1964
2611 1965
2610 1966
2609 1967
2608 1967
2607 1968
2606 1968
2605 1968
2604 1967
2604 1966
2603 1967
2603 1968
2602 1969
2603 1970
2602 1971
2601 1972
2600 1972
2599 1972
2598 1971
2597 1971
2597 1972
2596 1973
2595 1973
2594 1973
2593 1973
2592 1972
2591 1971
2591 1970
2591 1971
2590 1972
2589 1972
2588 1972
2588 1973
2588 1974
2587 1975
2587 1976
2587 1977
2587 1978
2586 1979
2585 1979
2584 1979
2583 1978
2583 1977
2583 1976
2583 1975
2582 1975
2581 1975
2581 1976
2581 1977
2581 1978
2581 1979
2580 1980
2579 1980
2578 1980
2577 1979
2577 1978
2576 1978
2575 1978
2574 1978
2574 1979
2573 1980
2573 1981
2573 1982
2572 1983
2571 1983
2570 1983
2570 1984
2569 1985
2568 1986
2568 1987
2568 1988
2568 1989
2568 1990
2567 1991
2566 1991
2565 1991
2564 1990
2563 1989
2563 1988
2563 1987
2563 1986
2563 1987
2563 1988
2563 1989
2563 1990
2562 1991
2561 1991
2560 1992
2559 1993
2559 1994
2559 1995
2558 1996
2557 1997
2556 1997
2555 1997
2554 1997
2553 1996
2553 1995
2553 1996
2554 1997
2554 1998
2553 1999
2552 1999
2551 1999
2550 1999
2549 1999
2548 1999
2547 1998
2547 1997
2546 1996
2546 1995
2546 1994
2546 1995
2546 1996
2545 1997
2545 1998
2544 1999
2543 1999
2542 1999
2541 1999
2540 1999
2539 1999
2538 1999
2537 1999
2536 1999
2535 1999
2534 2000
2534 2001
2534 2002
2533 2003
2532 2003
2531 2003
2530 2002
2530 2001
2529 2001
2528 2001
2528 2002
2528 2003
2527 2004
2526 2004
2525 2004
2524 2003
2523 2004
2522 2004
2521 2004
2520 2004
2520 2005
2520 2006
2519 2007
2518 2007
2517 2007
2516 2006
2516 2005
2516 2004
2515 2004
2514 2004
2513 2003
2513 2002
2513 2003
2512 2004
2512 2005
2512 2006
2512 2007
2511 2008
2510 2008
2509 2008
2508 2007
2507 2006
2506 2007
2505 2008
2504 2008
2503 2008
2502 2008
2501 2008
2500 2008
2500 2009
2499 2010
2498 2011
2498 2012
2498 2013
2498 2014
2497 2015
2496 2015
2495 2014
2494 2013
2494 2012
2494 2011
2494 2010
2494 2009
2493 2009
2492 2010
2491 2011
2490 2011
2490 2012
2490 2013
2489 2014
2488 2015
2487 2015
2486 2015
2485 2014
2485 2013
2484 2012
2483 2011
2483 2010
2483 2011
2482 2012
2481 2012
2480 2013
2479 2014
2478 2014
2477 2015
2477 2016
2477 2017
2476 2018
2475 2018
2474 2019
2474 2020
2474 2021
2474 2022
2475 2023
2474 2024
2473 2024
2472 2024
2471 2023
2470 2023
2469 2023
2468 2022
2467 2022
2466 2021
2465 2022
2464 2023
2464 2024
2464 2025
2463 2026
2462 2026
2461 2026
2461 2027
2461 2028
2461 2029
2461 2030
2460 2031
2459 2031
2458 2031
2457 2030
2456 2029
2455 2029
2454 2030
2454 2031
2453 2032
2452 2032
2451 2032
2450 2031
2449 2031
2449 2032
2449 2033
2448 2034
2447 2034
2446 2034
2445 2035
2444 2035
2443 2035
2443 2036
2442 2037
2441 2037
2440 2038
2439 2038
2439 2039
2439 2040
2439 2041
2438 2042
2438 2043
2438 2044
2438 2045
2438 2046
2438 2047
2437 2048
2436 2048
2435 2048
2434 2047
2434 2046
2434 2045
2434 2044
2434 2043
2434 2042
2434 2041
2434 2040
2433 2041
2432 2042
2431 2042
2430 2042
2430 2043
2431 2044
2432 2045
2432 2046
2432 2047
2431 2048
2430 2048
2429 2048
2428 2048
2427 2048
2426 2049
2425 2049
2424 2050
2423 2050
2422 2050
2421 2049
2420 2048
2419 2047
2419 2046
2419 2047
2419 2048
2418 2049
2417 2049
2417 2050
2417 2051
2416 2052
2415 2053
2414 2053
2413 2054
2412 2054
2411 2054
2410 2054
2410 2055
2410 2056
2410 2057
2410 2058
2410 2059
2410 2060
2410 2061
2410 2062
2409 2063
2408 2063
2407 2063
2406 2062
2406 2061
2406 2060
2405 2059
2405 2058
2405 2057
2404 2058
2403 2058
2403 2059
2403 2060
2402 2061
2401 2061
2400 2062
2400 2063
2400 2064
2399 2065
2398 2065
2397 2065
2396 2064
2395 2063
2395 2062
2395 2061
2394 2062
2394 2063
2394 2064
2393 2065
2392 2065
2391 2065
2390 2064
2389 2063
2389 2062
2389 2061
2388 2061
2387 2061
2386 2060
2386 2059
2386 2060
2386 2061
2386 2062
2386 2063
2385 2064
2384 2065
2384 2066
2383 2067
2382 2067
2382 2068
2382 2069
2381 2070
2380 2070
2379 2070
2378 2069
2378 2068
2377 2067
2376 2066
2376 2065
2375 2065
2374 2065
2373 2064
2372 2065
2372 2066
2373 2067
2373 2068
2373 2069
2372 2070
2371 2070
2370 2070
2369 2070
2368 2070
2368 2071
2368 2072
2368 2073
2368 2074
2367 2075
2366 2075
2365 2075
2364 2074
2363 2074
2362 2073
2362 2072
2362 2071
2361 2070
2361 2069
2361 2068
2360 2068
2359 2069
2359 2070
2358 2071
2357 2072
2356 2072
2355 2072
2354 2072
2353 2072
2353 2073
2353 2074
2352 2075
2351 2075
2350 2076
2350 2077
2349 2078
2348 2078
2347 2079
2346 2079
2345 2079
2344 2078
2344 2077
2343 2078
2342 2079
2341 2079
2340 2079
2340 2080
2339 2081
2338 2081
2337 2081
2336 2081
2335 2081
2334 2080
2334 2079
2334 2080
2334 2081
2334 2082
2333 2083
2332 2083
2331 2083
2330 2083
2329 2082
2329 2081
2329 2080
2329 2079
2329 2078
2328 2079
2327 2080
2326 2080
2325 2080
2325 2081
2325 2082
2324 2083
2324 2084
2323 2085
2323 2086
2323 2087
2322 2088
2321 2088
2320 2088
2319 2087
2319 2086
2319 2087
2318 2088
2317 2089
2316 2089
2315 2089
2314 2090
2313 2090
2312 2090
2311 2089
2311 2088
2310 2089
2309 2089
2308 2089
2308 2090
2307 2091
2306 2091
2305 2091
2304 2091
2303 2090
2303 2089
2303 2088
2303 2089
2303 2090
2303 2091
2303 2092
2302 2093
2301 2093
2300 2094
2299 2095
2299 2096
2299 2097
2299 2098
2298 2099
2297 2099
2296 2099
2295 2098
2295 2097
2295 2096
2294 2097
2293 2097
2292 2097
2291 2097
2290 2096
2290 2095
2290 2096
2289 2097
2288 2097
2287 2097
2286 2098
2285 2099
2284 2099
2283 2099
2282 2099
2281 2098
2280 2098
2279 2097
2279 2098
2280 2099
2280 2100
2280 2101
2280 2102
2279 2103
2278 2104
2277 2104
2276 2104
2275 2104
2274 2104
2273 2105
2272 2105
2271 2106
2270 2106
2269 2107
2268 2107
2267 2107
2266 2107
2265 2107
2264 2107
2263 2107
2262 2106
2261 2105
2261 2104
2261 2105
2260 2106
2259 2107
2258 2107
2259 2108
2258 2109
2258 2110
2257 2111
2256 2112
2255 2112
2254 2112
2253 2111
2252 2112
2251 2112
2250 2112
2249 2111
2249 2110
2249 2109
2249 2108
2248 2108
2247 2109
2246 2109
2245 2109
2244 2109
2243 2109
2243 2110
2243 2111
2242 2112
2241 2112
2240 2112
2239 2113
2239 2114
2239 2115
2238 2116
2237 2117
2236 2117
2235 2117
2234 2117
2233 2116
2233 2115
2233 2114
2234 2113
2234 2112
2234 2111
2234 2112
2234 2113
2233 2114
2232 2115
2231 2115
2230 2114
2229 2114
2229 2115
2228 2116
2228 2117
2228 2118
2228 2119
2227 2120
2226 2120
2225 2120
2224 2119
2223 2119
2224 2120
2224 2121
2224 2122
2224 2123
2224 2124
2224 2125
2223 2126
2222 2126
2221 2126
2220 2125
2220 2124
2219 2123
2219 2122
2219 2121
2219 2120
2219 2119
2219 2118
2219 2117
2219 2116
2218 2116
2217 2115
2216 2115
2216 2116
2216 2117
2215 2118
2214 2118
2213 2118
2212 2118
2211 2117
2210 2116
2210 2115
2209 2114
2209 2115
2209 2116
2209 2117
2209 2118
2209 2119
2209 2120
2208 2121
2207 2121
2206 2121
2205 2121
2204 2122
2203 2122
2202 2122
2201 2121
2200 2122
2199 2122
2198 2122
2197 2122
2196 2122
2195 2122
2194 2121
2193 2120
2192 2120
2192 2121
2192 2122
2192 2123
2191 2124
2190 2124
2189 2124
2189 2125
2189 2126
2188 2127
2187 2127
2186 2127
2185 2127
2184 2128
2183 2128
2182 2128
2181 2128
2180 2128
2179 2128
2178 2128
2177 2128
2176 2129
2175 2130
2174 2130
2173 2130
2172 2131
2171 2132
2170 2132
2169 2133
2168 2134
2167 2134
2166 2134
2165 2135
2164 2135
2163 2136
2162 2136
2161 2137
2160 2137
2159 2138
2158 2138
2157 2139
2156 2140
2156 2141
2156 2142
2156 2143
2155 2144
2154 2144
2153 2144
2152 2143
2152 2142
2151 2143
2150 2144
2149 2145
2148 2146
2147 2146
2146 2146
2145 2147
2144 2148
2143 2148
2142 2148
2141 2149
2140 2149
2139 2150
2138 2151
2137 2152
2136 2152
2135 2153
2134 2153
2134 2154
2133 2155
2132 2155
2131 2155
2130 2155
2129 2156
2128 2156
2127 2156
2126 2157
2125 2157
2124 2158
2123 2158
2122 2159
2121 2160
2120 2160
2119 2161
2118 2161
2117 2162
2116 2162
2115 2162
2114 2163
2113 2164
2112 2164
2111 2165
2110 2166
2109 2166
2108 2167
2107 2167
2106 2168
2105 2169
2104 2169
2103 2169
2102 2169
2102 2170
2101 2171
2100 2172
2099 2172
2098 2172
2098 2173
2097 2174
2096 2174
2095 2174
2094 2174
2093 2175
2092 2176
2091 2176
2090 2177
2089 2177
2088 2178
2087 2178
2086 2179
2085 2179
2084 2180
2083 2180
2082 2180
2081 2181
2080 2182
2079 2182
2078 2182
2077 2183
2076 2184
2075 2184
2074 2185
2073 2185
2072 2185
2071 2185
2070 2186
2069 2186
2068 2186
2067 2186
2066 2187
2065 2187
2064 2187
2063 2187
2062 2188
2061 2188
2060 2189
2059 2189
2058 2189
2057 2190
2056 2190
2055 2191
2054 2192
2053 2192
2052 2193
2051 2194
2050 2194
2049 2195
2048 2195
2047 2196
2046 2196
2045 2197
2044 2197
2043 2198
2042 2198
2041 2199
2040 2199
2039 2199
2038 2200
2037 2200
2036 2200
2035 2201
2034 2201
2033 2202
2032 2202
2031 2202
2030 2202
2029 2203
2028 2203
2027 2203
2026 2203
2025 2203
2024 2204
2023 2204
2022 2204
2021 2205
2020 2205
2019 2205
2018 2206
2017 2206
2016 2206
2015 2207
2014 2207
2013 2207
2012 2207
2011 2208
2010 2208
2009 2208
2008 2208
2007 2209
2006 2209
2005 2209
2004 2210
2003 2211
2002 2211
2001 2212
2000 2212
1999 2213
1998 2213
1997 2214
1996 2214
1995 2214
1994 2214
1993 2215
1992 2215
1991 2215
1990 2215
1989 2216
1988 2216
1987 2216
1986 2216
1985 2216
1984 2217
1983 2217
1982 2217
1981 2217
1980 2218
1979 2218
1978 2219
1977 2219
1976 2219
1975 2220
1974 2220
1973 2221
1972 2221
1971 2222
1970 2222
1969 2222
1968 2223
1967 2223
1966 2224
1965 2224
1964 2225
1963 2225
1962 2226
1961 2226
1960 2227
1959 2227
1958 2227
1957 2228
1956 2228
1955 2229
1954 2229
1953 2230
1952 2231
1951 2231
1950 2232
1949 2233
1948 2234
1947 2235
1946 2236
1945 2236
1944 2237
1943 2238
1942 2238
1941 2239
1940 2239
1939 2239
1938 2239
1937 2240
1936 2240
1935 2240
1934 2240
1933 2240
1932 2241
1931 2241
1930 2241
1929 2242
1928 2242
1927 2242
1926 2243
1925 2243
1924 2244
1923 2244
1922 2244
1921 2245
1920 2245
1919 2245
1918 2246
1917 2246
1916 2246
1915 2247
1914 2247
1913 2247
1912 2248
1911 2248
1910 2248
1909 2249
1908 2249
1907 2250
1906 2250
1905 2251
1904 2251
1903 2251
1902 2252
1901 2252
1900 2252
1899 2252
1898 2252
1897 2253
1896 2253
1895 2253
1894 2253
1893 2253
1892 2254
1891 2254
1890 2254
1889 2254
1888 2255
1887 2255
1886 2255
1885 2256
1884 2256
1883 2256
1882 2256
1881 2256
1880 2257
1879 2257
1878 2257
1877 2257
1876 2258
1875 2258
1874 2258
1873 2258
1872 2259
1871 2259
1870 2259
1869 2260
1868 2260
1867 2260
1866 2261
1865 2261
1864 2261
1863 2262
1862 2262
1861 2262
1860 2262
1859 2263
1858 2263
1857 2263
1856 2263
1855 2263
1854 2264
1853 2264
1852 2264
1851 2264
1850 2264
1849 2264
1848 2265
1847 2265
1846 2265
1845 2266
1844 2266
1843 2266
1842 2267
1841 2267
1840 2267
1839 2268
1838 2268
1837 2268
1836 2269
1835 2269
1834 2269
1833 2269
1832 2269
1831 2269
1830 2270
1829 2270
1828 2270
1827 2270
1826 2270
1825 2271
1824 2271
1823 2271
1822 2271
1821 2271
1820 2272
1819 2272
1818 2272
1817 2272
1816 2273
1815 2273
1814 2273
1813 2273
1812 2274
1811 2274
1810 2274
1809 2274
1808 2274
1807 2275
1806 2275
1805 2275
1804 2275
1803 2276
1802 2276
1801 2276
1800 2276
1799 2276
1798 2277
1797 2277
1796 2277
1795 2277
1794 2278
1793 2278
1792 2278
1791 2278
1790 2278
1789 2279
1788 2279
1787 2279
1786 2279
1785 2280
1784 2280
1783 2280
1782 2280
1781 2280
1780 2281
1779 2281
1778 2281
1777 2281
1776 2282
1775 2282
1774 2282
1773 2282
1772 2282
1771 2283
1770 2283
1769 2283
1768 2284
1767 2284
1766 2284
1765 2284
1764 2285
1763 2285
1762 2285
1761 2285
1760 2286
1759 2286
1758 2286
1757 2286
1756 2287
1755 2287
1754 2287
1753 2287
1752 2288
1751 2288
1750 2288
1749 2288
1748 2288
1747 2289
1746 2289
1745 2289
1744 2289
1743 2290
1742 2290
1741 2290
1740 2290
1739 2291
1738 2291
1737 2291
1736 2291
1735 2292
1734 2292
1733 2293
1732 2293
1731 2293
1730 2294
1729 2294
1728 2294
1727 2295
1726 2295
1725 2296
1724 2296
1723 2296
1722 2297
1721 2297
1720 2297
1719 2297
1718 2298
1717 2298
1716 2298
1715 2299
1714 2299
1713 2299
1712 2300
1711 2300
1710 2300
1709 2300
1708 2301
1707 2301
1706 2301
1705 2302
1704 2302
1703 2302
1702 2302
1701 2303
1700 2303
1699 2303
1698 2303
1697 2304
1696 2304
1695 2304
1694 2304
1693 2305
1692 2305
1691 2305
1690 2305
1689 2305
1688 2306
1687 2306
1686 2306
1685 2306
1684 2306
1683 2306
1682 2306
1681 2306
1680 2307
1679 2307
1678 2307
1677 2307
1676 2307
1675 2307
1674 2307
1673 2307
1672 2307
1671 2307
1670 2307
1669 2307
1668 2307
1667 2308
1666 2308
1665 2308
1664 2308
1663 2308
1662 2309
1661 2309
1660 2309
1659 2309
1658 2309
1657 2309
1656 2310
1655 2310
1654 2310
1653 2310
1652 2311
1651 2311
1650 2311
1649 2311
1648 2312
1647 2312
1646 2312
1645 2313
1644 2313
1643 2313
1642 2313
1641 2314
1640 2314
1639 2314
1638 2315
1637 2315
1636 2315
1635 2315
1634 2316
1633 2316
1632 2316
1631 2316
1630 2316
1629 2316
1628 2317
1627 2317
1626 2317
1625 2317
1624 2317
1623 2317
1622 2318
1621 2318
1620 2318
1619 2318
1618 2318
1617 2319
1616 2319
1615 2319
1614 2319
1613 2320
1612 2320
1611 2320
1610 2320
1609 2320
1608 2321
1607 2321
1606 2321
1605 2321
1604 2321
1603 2322
1602 2322
1601 2322
1600 2322
1599 2323
1598 2323
1597 2323
1596 2324
1595 2324
1594 2324
1593 2324
1592 2325
1591 2325
1590 2325
1589 2326
1588 2326
1587 2326
1586 2327
1585 2327
1584 2327
1583 2328
1582 2328
1581 2328
1580 2328
1579 2329
1578 2329
1577 2329
1576 2329
1575 2329
1574 2329
1573 2330
1572 2330
1571 2330
1570 2330
1569 2330
1568 2331
1567 2331
1566 2331
1565 2332
1564 2332
1563 2333
1562 2333
1561 2333
1560 2333
1559 2334
1558 2334
1557 2334
1556 2334
1555 2334
1554 2335
1553 2335
1552 2335
1551 2335
1550 2335
1549 2336
1548 2336
1547 2336
1546 2336
1545 2337
1544 2337
1543 2337
1542 2337
1541 2337
1540 2338
1539 2338
1538 2338
1537 2338
1536 2339
1535 2339
1534 2339
1533 2339
1532 2340
1531 2340
1530 2340
1529 2340
1528 2340
1527 2340
1526 2341
1525 2341
1524 2341
1523 2341
1522 2341
1521 2342
1520 2342
1519 2342
1518 2342
1517 2342
1516 2342
1515 2342
1514 2343
1513 2343
1512 2343
1511 2343
1510 2343
1509 2343
1508 2343
1507 2343
1506 2343
1505 2343
1504 2343
1503 2343
1502 2343
1501 2344
1500 2344
1499 2344
1498 2344
1497 2344
1496 2344
1495 2344
1494 2345
1493 2345
1492 2345
1491 2345
1490 2345
1489 2345
1488 2346
1487 2346
1486 2346
1485 2346
1484 2346
1483 2346
1482 2347
1481 2347
1480 2347
1479 2347
1478 2347
1477 2347
1476 2347
1475 2348
1474 2348
1473 2348
1472 2348
1471 2348
1470 2348
1469 2349
1468 2349
1467 2349
1466 2349
1465 2349
1464 2350
1463 2350
1462 2350
1461 2350
1460 2351
1459 2351
1458 2351
1457 2351
1456 2352
1455 2352
1454 2352
1453 2352
1452 2352
1451 2353
1450 2353
1449 2353
1448 2353
1447 2354
1446 2354
1445 2354
1444 2355
1443 2355
1442 2355
1441 2356
1440 2356
1439 2356
1438 2356
1437 2357
1436 2357
1435 2357
1434 2358
1433 2358
1432 2358
1431 2358
1430 2358
1429 2359
1428 2359
1427 2359
1426 2359
1425 2360
1424 2360
1423 2360
1422 2360
1421 2360
1420 2360
1419 2360
1418 2361
1417 2361
1416 2361
1415 2361
1414 2361
1413 2361
1412 2361
1411 2361
1410 2361
1409 2361
1408 2361
1407 2361
1406 2361
1405 2362
1404 2362
1403 2362
1402 2362
1401 2362
1400 2362
1399 2362
1398 2362
1397 2362
1396 2362
1395 2362
1394 2362
1393 2362
1392 2362
1391 2362
1390 2362
1389 2362
1388 2362
1387 2362
1386 2362
1385 2362
1384 2362
1383 2362
1382 2362
1381 2362
1380 2362
1379 2362
1378 2362
1377 2362
1376 2362
1375 2362
1374 2362
1373 2362
1372 2362
1371 2362
1370 2362
1369 2362
1368 2362
1367 2362
1366 2362
1365 2362
1364 2362
1363 2362
1362 2363
1361 2363
1360 2363
1359 2363
1358 2363
1357 2363
1356 2363
1355 2363
1354 2363
1353 2364
1352 2364
1351 2364
1350 2364
1349 2364
1348 2364
1347 2364
1346 2365
1345 2365
1344 2365
1343 2365
1342 2365
1341 2365
1340 2366
1339 2366
1338 2366
1337 2366
1336 2366
1335 2367
1334 2367
1333 2367
1332 2367
1331 2368
1330 2368
1329 2368
1328 2368
1327 2369
1326 2369
1325 2369
1324 2369
1323 2370
1322 2370
1321 2370
1320 2371
1319 2371
1318 2371
1317 2371
1316 2372
1315 2372
1314 2372
1313 2373
1312 2373
1311 2373
1310 2374
1309 2374
1308 2374
1307 2375
1306 2375
1305 2375
1304 2376
1303 2376
1302 2377
1301 2377
1300 2377
1299 2377
1298 2377
1297 2378
1296 2378
1295 2378
1294 2378
1293 2378
1292 2378
1291 2379
1290 2379
1289 2379
1288 2379
1287 2379
1286 2379
1285 2379
1284 2379
1283 2380
1282 2380
1281 2380
1280 2380
1279 2380
1278 2380
1277 2380
1276 2380
1275 2380
1274 2380
1273 2380
1272 2380
1271 2380
1270 2380
1269 2380
1268 2380
1267 2380
1266 2380
1265 2380
1264 2380
1263 2380
1262 2380
1261 2380
1260 2380
1259 2380
1258 2380
1257 2380
1256 2380
1255 2380
1254 2380
1253 2380
1252 2381
1251 2381
1250 2381
1249 2382
1248 2382
1247 2382
1246 2382
1245 2383
1244 2383
1243 2383
1242 2383
1241 2383
1240 2384
1239 2384
1238 2384
1237 2384
1236 2384
1235 2384
1234 2384
1233 2385
1232 2385
1231 2385
1230 2385
1229 2386
1228 2386
1227 2386
1226 2386
1225 2387
1224 2387
1223 2387
1222 2387
1221 2388
1220 2388
1219 2388
1218 2389
1217 2389
1216 2389
1215 2389
1214 2390
1213 2390
1212 2390
1211 2390
1210 2390
1209 2390
1208 2391
1207 2391
1206 2391
1205 2391
1204 2391
1203 2391
1202 2391
1201 2391
1200 2391
1199 2391
1198 2391
1197 2392
1196 2392
1195 2392
1194 2392
1193 2392
1192 2392
1191 2392
1190 2392
1189 2392
1188 2392
1187 2392
1186 2392
1185 2392
1184 2392
1183 2392
1182 2392
1181 2392
1180 2392
1179 2392
1178 2393
1177 2393
1176 2393
1175 2393
1174 2393
1173 2393
1172 2393
1171 2394
1170 2394
1169 2394
1168 2394
1167 2394
1166 2394
1165 2395
1164 2395
1163 2395
1162 2395
1161 2395
1160 2395
1159 2396
1158 2396
1157 2396
1156 2396
1155 2396
1154 2396
1153 2397
1152 2397
1151 2397
1150 2397
1149 2397
1148 2397
1147 2397
1146 2397
1145 2397
1144 2397
1143 2398
1142 2398
1141 2398
1140 2398
1139 2398
1138 2399
1137 2399
1136 2399
1135 2399
1134 2399
1133 2400
1132 2400
1131 2400
1130 2400
1129 2401
1128 2401
1127 2401
1126 2401
1125 2401
1124 2402
1123 2402
1122 2402
1121 2402
1120 2402
1119 2402
1118 2402
1117 2402
1116 2403
1115 2403
1114 2403
1113 2403
1112 2403
1111 2403
1110 2403
1109 2403
1108 2403
1107 2403
1106 2403
1105 2403
1104 2403
1103 2404
1102 2404
1101 2404
1100 2404
1099 2404
1098 2404
1097 2404
1096 2404
1095 2404
1094 2404
1093 2404
1092 2404
1091 2404
1090 2404
1089 2404
1088 2404
1087 2404
1086 2404
1085 2404
1084 2404
1083 2404
1082 2404
1081 2404
1080 2404
1079 2404
1078 2404
1077 2404
1076 2404
1075 2404
1074 2404
1073 2404
1072 2404
1071 2404
1070 2404
1069 2404
1068 2404
1067 2404
1066 2404
1065 2404
1064 2404
1063 2404
1062 2404
1061 2404
1060 2404
1059 2405
1058 2405
1057 2405
1056 2405
1055 2405
1054 2405
1053 2405
1052 2405
1051 2405
1050 2405
1049 2405
1048 2405
1047 2405
1046 2405
1045 2405
1044 2405
1043 2405
1042 2405
1041 2405
1040 2405
1039 2405
1038 2405
1037 2405
1036 2405
1035 2405
1034 2405
1033 2405
1032 2405
1031 2405
1030 2405
1029 2405
1028 2405
1027 2405
1026 2405
1025 2405
1024 2405
1023 2405
1022 2405
1021 2405
1020 2405
1019 2405
1018 2405
1017 2405
1016 2405
1015 2405
1014 2405
1013 2405
1012 2405
1011 2405
1010 2405
1009 2405
1008 2405
1007 2405
1006 2405
1005 2405
1004 2405
1003 2405
1002 2405
1001 2405
1000 2405
999 2405
998 2405
997 2405
996 2405
995 2405
994 2405
993 2405
992 2405
991 2405
990 2405
989 2405
988 2405
987 2405
986 2405
985 2405
984 2405
983 2405
982 2405
981 2405
980 2405
979 2405
978 2405
977 2405
976 2405
975 2405
974 2405
973 2405
972 2405
971 2405
970 2405
969 2405
968 2405
967 2405
966 2405
965 2405
964 2405
963 2405
962 2405
961 2405
960 2405
959 2405
958 2405
957 2405
956 2405
955 2405
954 2405
953 2405
952 2405
951 2405
950 2405
949 2405
948 2405
947 2405
946 2405
945 2405
944 2405
943 2405
942 2405
941 2405
940 2405
939 2405
938 2405
937 2405
936 2405
935 2405
934 2405
933 2405
932 2405
931 2405
930 2405
929 2405
928 2405
927 2405
926 2405
925 2405
924 2405
923 2405
922 2405
921 2405
920 2405
919 2405
918 2405
917 2405
916 2405
915 2405
914 2405
913 2405
912 2405
911 2405
910 2405
909 2405
908 2405
907 2405
906 2405
905 2405
904 2405
903 2405
902 2405
901 2405
900 2405
899 2405
898 2405
897 2405
896 2405
895 2405
894 2405
893 2405
892 2405
891 2405
890 2405
889 2405
888 2405
887 2405
886 2405
885 2405
884 2405
883 2405
882 2405
881 2405
880 2405
879 2405
878 2405
877 2405
876 2405
875 2405
874 2405
873 2405
872 2405
871 2406
870 2406
869 2406
868 2407
867 2407
866 2407
865 2408
864 2408
863 2408
862 2408
861 2409
860 2409
859 2409
858 2409
857 2409
856 2410
855 2410
854 2410
853 2410
852 2410
851 2411
851 2412
852 2413
853 2414
854 2415
855 2416
856 2417
857 2418
858 2418
859 2418
860 2419
861 2419
862 2419
863 2419
864 2420
865 2420
866 2420
867 2420
868 2421
869 2421
870 2421
871 2421
872 2421
873 2421
874 2421
875 2422
876 2422
877 2422
878 2423
879 2423
880 2424
881 2424
882 2424
883 2425
884 2425
885 2425
886 2426
887 2426
888 2426
889 2426
890 2426
891 2426
892 2427
893 2427
894 2427
895 2427
896 2427
897 2427
898 2428
899 2428
900 2428
901 2428
902 2429
903 2429
904 2429
905 2430
906 2430
907 2430
908 2431
909 2431
910 2431
911 2431
912 2432
913 2432
914 2432
915 2432
916 2432
917 2432
918 2433
919 2433
920 2433
921 2433
922 2433
923 2433
924 2433
925 2433
926 2433
927 2434
928 2434
929 2434
930 2434
931 2434
932 2434
933 2435
934 2435
935 2436
936 2436
937 2436
938 2437
939 2437
940 2437
941 2437
942 2438
943 2438
944 2438
945 2438
946 2439
947 2439
948 2439
949 2440
950 2440
951 2441
952 2441
953 2442
954 2442
955 2443
956 2443
957 2443
958 2443
959 2444
960 2444
961 2444
962 2444
963 2444
964 2444
965 2445
966 2445
967 2445
968 2445
969 2446
970 2446
971 2446
972 2446
973 2447
974 2447
975 2448
976 2448
977 2449
978 2449
979 2449
980 2450
981 2450
982 2450
983 2450
984 2450
985 2451
986 2451
987 2451
988 2451
989 2451
990 2451
991 2451
992 2451
993 2451
994 2451
995 2452
996 2452
997 2452
998 2452
999 2452
1000 2452
1001 2452
1002 2452
1003 2452
1004 2452
1005 2453
1006 2453
1007 2453
1008 2454
1009 2454
1010 2454
1011 2455
1012 2455
1013 2455
1014 2456
1015 2456
1016 2456
1017 2456
1018 2456
1019 2457
1020 2457
1021 2457
1022 2457
1023 2457
1024 2457
1025 2457
1026 2457
1027 2457
1028 2457
1029 2458
1030 2458
1031 2458
1032 2458
1033 2458
1034 2458
1035 2458
1036 2458
1037 2458
1038 2458
1039 2458
1040 2458
1041 2458
1042 2458
1043 2458
1044 2458
1045 2458
1046 2458
1047 2458
1048 2458
1049 2458
1050 2458
1051 2458
1052 2458
1053 2458
1054 2458
1055 2458
1056 2458
1057 2458
1058 2458
1059 2458
1060 2458
1061 2458
1062 2458
1063 2458
1064 2458
1065 2458
1066 2459
1067 2459
1068 2459
1069 2459
1070 2459
1071 2460
1072 2460
1073 2460
1074 2460
1075 2461
1076 2461
1077 2461
1078 2462
1079 2462
1080 2462
1081 2462
1082 2462
1083 2462
1084 2463
1085 2463
1086 2463
1087 2463
1088 2463
1089 2463
1090 2463
1091 2463
1092 2463
1093 2463
1094 2463
1095 2464
1096 2464
1097 2464
1098 2464
1099 2465
1100 2465
1101 2465
1102 2466
1103 2466
1104 2466
1105 2466
1106 2467
1107 2467
1108 2467
1109 2467
1110 2467
1111 2468
1112 2468
1113 2468
1114 2468
1115 2468
1116 2468
1117 2468
1118 2468
1119 2468
1120 2469
1121 2469
1122 2469
1123 2469
1124 2469
1125 2469
1126 2469
1127 2469
1128 2469
1129 2469
1130 2469
1131 2469
1132 2469
1133 2469
1134 2470
1135 2470
1136 2470
1137 2470
1138 2470
1139 2470
1140 2470
1141 2470
1142 2470
1143 2470
1144 2470
1145 2470
1146 2470
1147 2470
1148 2470
1149 2470
1150 2470
1151 2470
1152 2470
1153 2470
1154 2470
1155 2471
1156 2471
1157 2471
1158 2471
1159 2471
1160 2471
1161 2472
1162 2472
1163 2472
1164 2472
1165 2473
1166 2473
1167 2473
1168 2473
1169 2473
1170 2473
1171 2474
1172 2474
1173 2474
1174 2474
1175 2474
1176 2474
1177 2474
1178 2474
1179 2475
1180 2475
1181 2475
1182 2475
1183 2476
1184 2476
1185 2477
1186 2476
1187 2477
1188 2477
1189 2477
1190 2478
1191 2478
1192 2478
1193 2479
1194 2479
1195 2479
1196 2479
1197 2479
1198 2479
1199 2479
1200 2480
1201 2480
1202 2480
1203 2480
1204 2480
1205 2481
1206 2481
1207 2480
1208 2480
1209 2480
1210 2481
1211 2481
1212 2481
1213 2481
1214 2481
1215 2482
1216 2482
1217 2482
1218 2482
1219 2482
1220 2482
1221 2482
1222 2483
1223 2483
1224 2483
1225 2484
1226 2484
1227 2484
1228 2484
1229 2485
1230 2485
1231 2485
1232 2485
1233 2485
1234 2485
1235 2485
1236 2486
1237 2486
1238 2486
1239 2486
1240 2486
1241 2486
1242 2486
1243 2486
1244 2487
1244 2488
1245 2488
1246 2488
1247 2488
1248 2488
1249 2489
1250 2489
1251 2489
1252 2489
1253 2488
1254 2488
1255 2488
1256 2488
1257 2487
1258 2487
1259 2487
1260 2488
1260 2489
1260 2490
1260 2491
1260 2492
1260 2493
1261 2492
1262 2491
1263 2491
1264 2490
1264 2489
1265 2488
1266 2488
1267 2488
1268 2488
1269 2488
1270 2488
1271 2488
1272 2489
1273 2489
1274 2489
1275 2490
1276 2491
1277 2492
1278 2492
1279 2491
1279 2490
1279 2489
1280 2488
1281 2488
1282 2488
1283 2489
1284 2489
1285 2490
1285 2491
1286 2491
1287 2492
1288 2492
1289 2493
1290 2492
1291 2492
1292 2493
1293 2493
1294 2493
1295 2493
1296 2493
1297 2492
1298 2492
1299 2492
1300 2492
1301 2493
1302 2493
1303 2493
1304 2493
1305 2493
1306 2493
1307 2493
1308 2493
1309 2493
1310 2492
1311 2492
1312 2493
1312 2494
1313 2493
1314 2493
1315 2493
1316 2493
1317 2493
1318 2493
1319 2493
1320 2493
1321 2493
1322 2494
1323 2493
1324 2494
1325 2494
1326 2494
1327 2494
1328 2493
1329 2494
1330 2494
1331 2494
1332 2494
1333 2494
1334 2494
1335 2494
1336 2494
1337 2494
1338 2494
1339 2494
1340 2494
1341 2494
1342 2494
1343 2494
1344 2494
1345 2494
1346 2494
1347 2494
1348 2494
1349 2494
1350 2494
1351 2494
1352 2494
1353 2494
1354 2494
1355 2494
1356 2494
1357 2494
1358 2494
1359 2494
1360 2494
1361 2494
1362 2494
1363 2494
1364 2494
1365 2494
1366 2494
1367 2494
1368 2494
1369 2494
1370 2494
1371 2494
1372 2494
1373 2494
1374 2494
1375 2494
1376 2494
1377 2494
1378 2494
1379 2494
1380 2494
1381 2494
1382 2494
1383 2494
1384 2494
1385 2494
1386 2494
1387 2494
1388 2494
1389 2494
1390 2494
1391 2494
1392 2494
1393 2494
1394 2494
1395 2494
1396 2494
1397 2494
1398 2494
1399 2494
1400 2494
1401 2494
1402 2494
1403 2494
1404 2494
1405 2494
1406 2494
1407 2494
1408 2494
1409 2494
1410 2494
1411 2494
1412 2494
1413 2494
1414 2494
1415 2494
1416 2494
1417 2494
1418 2494
1419 2494
1420 2494
1421 2494
1422 2494
1423 2494
1424 2494
1425 2494
1426 2494
1427 2494
1428 2494
1429 2494
1430 2494
1431 2494
1432 2494
1433 2494
1434 2494
1435 2494
1436 2494
1437 2494
1438 2494
1439 2494
1440 2494
1441 2494
1442 2494
1443 2494
1444 2494
1445 2494
1446 2494
1447 2494
1448 2494
1449 2494
1450 2494
1451 2494
1452 2494
1453 2494
1454 2494
1455 2494
1456 2494
1457 2494
1458 2494
1459 2494
1460 2494
1461 2494
1462 2494
1463 2494
1464 2494
1465 2494
1466 2494
1467 2495
1468 2495
1469 2495
1470 2495
1471 2495
1472 2495
1473 2495
1474 2495
1475 2495
1476 2495
1477 2496
1478 2496
1479 2496
1480 2496
1481 2496
1482 2496
1483 2496
1484 2496
1485 2496
1486 2497
1487 2497
1488 2497
1489 2497
1490 2497
1491 2497
1492 2498
1493 2498
1494 2498
1495 2498
1496 2498
1497 2499
1498 2499
1499 2500
1500 2500
1501 2500
1502 2501
1503 2501
1504 2502
1505 2502
1506 2502
1507 2503
1508 2503
1509 2503
1510 2503
1511 2504
1512 2504
1513 2504
1514 2504
1515 2504
1516 2505
1517 2505
1518 2505
1519 2505
1520 2505
1521 2505
1522 2505
1523 2505
1524 2505
1525 2506
1526 2506
1527 2506
1528 2506
1529 2506
1530 2506
1531 2506
1532 2506
1533 2507
1534 2507
1535 2507
1536 2507
1537 2508
1538 2508
1539 2508
1540 2508
1541 2509
1542 2509
1543 2509
1544 2510
1545 2510
1546 2510
1547 2510
1548 2510
1549 2511
1550 2511
1551 2511
1552 2511
1553 2511
1554 2511
1555 2511
1556 2511
1557 2512
1558 2512
1559 2512
1560 2512
1561 2512
1562 2512
1563 2512
1564 2512
1565 2512
1566 2513
1567 2513
1568 2513
1569 2513
1570 2514
1571 2514
1572 2514
1573 2514
1574 2515
1575 2515
1576 2516
1577 2516
1578 2517
1579 2517
1580 2518
1581 2519
1582 2519
1583 2520
1584 2520
1585 2520
1586 2520
1587 2521
1588 2521
1589 2521
1590 2521
1591 2522
1592 2522
1593 2522
1594 2522
1595 2522
1596 2522
1597 2523
1598 2523
1599 2523
1600 2523
1601 2523
1602 2524
1603 2524
1604 2524
1605 2524
1606 2525
1607 2525
1608 2525
1609 2525
1610 2525
1611 2526
1612 2526
1613 2526
1614 2527
1615 2527
1616 2527
1617 2528
1618 2528
1619 2528
1620 2528
1621 2528
1622 2528
1623 2529
1624 2529
1625 2529
1626 2529
1627 2529
1628 2529
1629 2529
1630 2529
1631 2529
1632 2529
1633 2530
1634 2530
1635 2530
1636 2530
1637 2530
1638 2530
1639 2530
1640 2530
1641 2530
1642 2530
1643 2530
1644 2531
1645 2531
1646 2531
1647 2531
1648 2532
1649 2532
1650 2532
1651 2532
1652 2533
1653 2533
1654 2533
1655 2533
1656 2534
1657 2534
1658 2534
1659 2534
1660 2534
1661 2535
1662 2535
1663 2535
1664 2536
1665 2536
1666 2536
1667 2537
1668 2537
1669 2538
1670 2538
1671 2539
1672 2539
1673 2539
1674 2540
1675 2540
1676 2540
1677 2540
1678 2540
1679 2540
1680 2541
1681 2541
1682 2541
1683 2541
1684 2541
1685 2541
1686 2541
1687 2541
1688 2541
1689 2542
1690 2542
1691 2542
1692 2542
1693 2543
1694 2543
1695 2543
1696 2543
1697 2544
1698 2544
1699 2544
1700 2544
1701 2545
1702 2545
1703 2545
1704 2545
1705 2545
1706 2546
1707 2546
1708 2546
1709 2546
1710 2546
1711 2546
1712 2547
1713 2547
1714 2547
1715 2547
1716 2547
1717 2547
1718 2547
1719 2548
1720 2548
1721 2548
1722 2548
1723 2549
1724 2549
1725 2549
1726 2549
1727 2550
1728 2550
1729 2550
1730 2550
1731 2551
1732 2551
1733 2551
1734 2552
1735 2552
1736 2552
1737 2552
1738 2552
1739 2552
1740 2553
1741 2553
1742 2553
1743 2553
1744 2553
1745 2553
1746 2553
1747 2553
1748 2554
1749 2554
1750 2554
1751 2554
1752 2554
1753 2554
1754 2554
1755 2554
1756 2554
1757 2554
1758 2554
1759 2554
1760 2554
1761 2555
1762 2555
1763 2555
1764 2555
1765 2555
1766 2556
1767 2556
1768 2556
1769 2556
1770 2556
1771 2557
1772 2557
1773 2557
1774 2557
1775 2558
1776 2558
1777 2558
1778 2559
1779 2559
1780 2559
1781 2560
1782 2560
1783 2560
1784 2560
1785 2561
1786 2561
1787 2561
1788 2562
1789 2562
1790 2563
1791 2563
1792 2563
1793 2563
1794 2563
1795 2564
1796 2564
1797 2564
1798 2564
1799 2564
1800 2564
1801 2565
1802 2565
1803 2565
1804 2565
1805 2566
1806 2566
1807 2566
1808 2567
1809 2567
1810 2567
1811 2567
1812 2568
1813 2568
1814 2568
1815 2568
1816 2569
1817 2569
1818 2569
1819 2569
1820 2570
1821 2570
1822 2570
1823 2570
1824 2570
1825 2570
1826 2571
1827 2571
1828 2571
1829 2571
1830 2571
1831 2571
1832 2571
1833 2571
1834 2571
1835 2572
1836 2572
1837 2572
1838 2572
1839 2573
1840 2573
1841 2573
1842 2573
1843 2573
1844 2574
1845 2574
1846 2575
1847 2575
1848 2576
1849 2576
1850 2577
1851 2577
1852 2578
1853 2578
1854 2578
1855 2579
1856 2579
1857 2580
1858 2580
1859 2580
1860 2581
1861 2581
1862 2581
1863 2581
1864 2582
1865 2582
1866 2582
1867 2582
1868 2582
1869 2583
1870 2583
1871 2583
1872 2583
1873 2583
1874 2583
1875 2583
1876 2583
1877 2583
1878 2584
1879 2584
1880 2584
1881 2584
1882 2584
1883 2584
1884 2584
1885 2585
1886 2585
1887 2585
1888 2586
1889 2586
1890 2586
1891 2587
1892 2587
1893 2588
1894 2588
1895 2588
1896 2588
1897 2588
1898 2588
1899 2589
1900 2589
1901 2589
1902 2589
1903 2589
1904 2589
1905 2589
1906 2590
1907 2590
1908 2590
1909 2590
1910 2591
1911 2591
1912 2591
1913 2591
1914 2592
1915 2592
1916 2592
1917 2592
1918 2593
1919 2593
1920 2593
1921 2593
1922 2594
1923 2594
1924 2594
1925 2594
1926 2594
1927 2594
1928 2595
1929 2595
1930 2595
1931 2595
1932 2595
1933 2595
1934 2595
1935 2595
1936 2595
1937 2596
1938 2596
1939 2596
1940 2596
1941 2596
1942 2596
1943 2596
1944 2597
1945 2597
1946 2597
1947 2598
1948 2598
1949 2598
1950 2598
1951 2599
1952 2599
1953 2599
1954 2599
1955 2600
1956 2600
1957 2600
1958 2600
1959 2600
1960 2601
1961 2601
1962 2601
1963 2602
1964 2602
1965 2602
1966 2603
1967 2603
1968 2603
1969 2604
1970 2604
1971 2605
1972 2605
1973 2605
1974 2606
1975 2606
1976 2607
1977 2607
1978 2608
1979 2608
1980 2608
1981 2609
1982 2609
1983 2610
1984 2610
1985 2611
1986 2611
1987 2611
1988 2612
1989 2612
1990 2612
1991 2612
1992 2613
1993 2613
1994 2613
1995 2613
1996 2613
1997 2613
1998 2613
1999 2614
2000 2614
2001 2614
2002 2614
2003 2614
2004 2614
2005 2614
2006 2614
2007 2614
2008 2614
2009 2614
2010 2614
2011 2614
2012 2614
2013 2614
2014 2614
2015 2614
2016 2614
2017 2614
2018 2614
2019 2614
2020 2614
2021 2614
2022 2614
2023 2614
2024 2614
2025 2614
2026 2614
2027 2614
2028 2614
2029 2614
2030 2614
2031 2614
2032 2615
2033 2615
2034 2615
2035 2615
2036 2615
2037 2615
2038 2616
2039 2616
2040 2616
2041 2616
2042 2617
2043 2617
2044 2617
2045 2618
2046 2618
2047 2618
2048 2618
2049 2619
2050 2619
2051 2619
2052 2619
2053 2619
2054 2619
2055 2619
2056 2620
2057 2620
2058 2620
2059 2620
2060 2620
2061 2620
2062 2620
2063 2620
2064 2620
2065 2620
2066 2620
2067 2620
2068 2620
2069 2620
2070 2620
2071 2620
2072 2620
2073 2620
2074 2620
2075 2621
2076 2621
2077 2621
2078 2621
2079 2622
2080 2622
2081 2622
2082 2622
2083 2623
2084 2623
2085 2623
2086 2624
2087 2624
2088 2624
2089 2624
2090 2625
2091 2625
2092 2625
2093 2625
2094 2625
2095 2626
2096 2626
2097 2627
2098 2627
2099 2627
2100 2628
2101 2628
2102 2629
2103 2629
2104 2629
2105 2630
2106 2630
2107 2630
2108 2630
2109 2630
2110 2631
2111 2631
2112 2631
2113 2631
2114 2631
2115 2631
2116 2631
2117 2631
2118 2632
2119 2632
2120 2632
2121 2633
2122 2633
2123 2633
2124 2634
2125 2634
2126 2635
2127 2635
2128 2635
2129 2636
2130 2636
2131 2636
2132 2636
2133 2637
2134 2637
2135 2637
2136 2637
2137 2637
2138 2637
2139 2638
2140 2638
2141 2638
2142 2638
2143 2638
2144 2639
2145 2639
2146 2640
2147 2640
2148 2641
2149 2641
2150 2641
2151 2642
2152 2642
2153 2643
2154 2643
2155 2643
2156 2644
2157 2644
2158 2644
2159 2644
2160 2644
2161 2644
2162 2644
2163 2644
2164 2644
2165 2644
2166 2644
2167 2644
2168 2644
2169 2644
2170 2644
2171 2644
2172 2644
2173 2644
2174 2644
2175 2645
2176 2645
2177 2645
2178 2645
2179 2645
2180 2645
2181 2645
2182 2645
2183 2645
2184 2645
2185 2646
2186 2646
2187 2646
2188 2646
2189 2647
2190 2647
2191 2647
2192 2647
2193 2648
2194 2648
2195 2648
2196 2648
2197 2648
2198 2649
2199 2649
2200 2649
2201 2649
2202 2649
2203 2649
2204 2649
2205 2649
2206 2649
2207 2650
2208 2650
2209 2650
2210 2650
2211 2650
2212 2650
2213 2651
2214 2651
2215 2651
2216 2652
2217 2652
2218 2652
2219 2653
2220 2653
2221 2653
2222 2653
2223 2653
2224 2654
2225 2654
2226 2654
2227 2654
2228 2655
2229 2655
2230 2655
2231 2655
2232 2655
2233 2655
2234 2656
2235 2656
2236 2657
2237 2657
2238 2657
2239 2658
2240 2658
2241 2658
2242 2659
2243 2659
2244 2659
2245 2659
2246 2660
2247 2660
2248 2660
2249 2660
2250 2661
2251 2661
2252 2661
2253 2661
2254 2661
2255 2661
2256 2661
2257 2662
2258 2662
2259 2662
2260 2662
2261 2662
2262 2662
2263 2662
2264 2662
2265 2662
2266 2662
2267 2662
2268 2662
2269 2662
2270 2662
2271 2662
2272 2662
2273 2662
2274 2662
2275 2662
2276 2662
2277 2663
2278 2663
2279 2663
2280 2663
2281 2664
2282 2664
2283 2664
2284 2665
2285 2665
2286 2665
2287 2666
2288 2666
2289 2666
2290 2666
2291 2666
2292 2667
2293 2667
2294 2667
2295 2667
2296 2667
2297 2667
2298 2667
2299 2667
2300 2668
2301 2668
2302 2668
2303 2668
2304 2669
2305 2669
2306 2669
2307 2670
2308 2670
2309 2671
2310 2671
2311 2671
2312 2672
2313 2672
2314 2672
2315 2672
2316 2673
2317 2673
2318 2673
2319 2673
2320 2674
2321 2674
2322 2675
2323 2675
2324 2676
2325 2676
2326 2676
2327 2677
2328 2677
2329 2678
2330 2678
2331 2678
2332 2678
2333 2679
2334 2679
2335 2679
2336 2679
2337 2679
2338 2679
2339 2679
2340 2680
2341 2680
2342 2680
2343 2681
2344 2681
2345 2682
2346 2682
2347 2683
2348 2683
2349 2684
2350 2684
2351 2684
2352 2684
2353 2685
2354 2685
2355 2685
2356 2685
2357 2685
2358 2686
2359 2686
2360 2686
2361 2686
2362 2686
2363 2687
2364 2687
2365 2687
2366 2687
2367 2688
2368 2688
2369 2688
2370 2689
2371 2689
2372 2689
2373 2690
2374 2690
2375 2690
2376 2690
2377 2690
2378 2691
2379 2691
2380 2691
2381 2691
2382 2691
2383 2691
2384 2691
2385 2692
2386 2692
2387 2692
2388 2692
2389 2692
2390 2693
2391 2693
2392 2693
2393 2694
2394 2694
2395 2694
2396 2695
2397 2695
2398 2695
2399 2696
2400 2696
2401 2696
2402 2697
2403 2697
2404 2697
2405 2698
2406 2698
2407 2698
2408 2699
2409 2699
2410 2699
2411 2700
2412 2700
2413 2701
2414 2701
2415 2701
2416 2702
2417 2702
2418 2702
2419 2702
2420 2703
2421 2703
2422 2703
2423 2703
2424 2704
2425 2704
2426 2704
2427 2704
2428 2705
2429 2705
2430 2705
2431 2705
2432 2705
2433 2705
2434 2705
2435 2705
2436 2705
2437 2705
2438 2706
2439 2706
2440 2707
2441 2707
2442 2707
2443 2708
2444 2708
2445 2708
2446 2709
2447 2709
2448 2709
2449 2709
2450 2709
2451 2709
2452 2709
2453 2709
2454 2710
2455 2710
2456 2710
2457 2710
2458 2710
2459 2710
2460 2711
2461 2711
2462 2711
2463 2711
2464 2712
2465 2712
2466 2712
2467 2712
2468 2712
2469 2713
2470 2713
2471 2713
2472 2713
2473 2713
2474 2713
2475 2714
2476 2714
2477 2714
2478 2714
2479 2714
2480 2714
2481 2715
2482 2715
2483 2715
2484 2715
2485 2715
2486 2715
2487 2715
2488 2715
2489 2715
2490 2716
2491 2716
2492 2716
2493 2716
2494 2717
2495 2717
2496 2717
2497 2717
2498 2718
2499 2718
2500 2718
2501 2718
2502 2719
2503 2719
2504 2719
2505 2720
2506 2720
2507 2720
2508 2720
2509 2720
2510 2721
2511 2721
2512 2721
2513 2721
2514 2721
2515 2721
2516 2721
2517 2721
2518 2722
2519 2722
2520 2722
2521 2722
2522 2722
2523 2722
2524 2722
2525 2722
2526 2722
2527 2722
2528 2722
2529 2722
2530 2722
2531 2722
2532 2722
2533 2722
2534 2722
2535 2722
2536 2723
2537 2723
2538 2723
2539 2723
2540 2723
2541 2723
2542 2723
2543 2723
2544 2723
2545 2723
2546 2723
2547 2723
2548 2723
2549 2723
2550 2723
2551 2723
2552 2724
2553 2724
2554 2724
2555 2724
2556 2725
2557 2725
2558 2725
2559 2725
2560 2726
2561 2726
2562 2726
2563 2726
2564 2727
2565 2727
2566 2727
2567 2727
2568 2727
2569 2727
2570 2728
2571 2728
2572 2728
2573 2728
2574 2728
2575 2729
2576 2729
2577 2729
2578 2730
2579 2730
2580 2730
2581 2731
2582 2731
2583 2731
2584 2731
2585 2732
2586 2732
2587 2732
2588 2732
2589 2733
2590 2733
2591 2733
2592 2733
2593 2733
2594 2733
2595 2733
2596 2733
2597 2734
2598 2734
2599 2734
2600 2734
2601 2734
2602 2734
2603 2734
2604 2734
2605 2734
2606 2734
2607 2734
2608 2734
2609 2734
2610 2734
2611 2734
2612 2734
2613 2734
2614 2735
2615 2735
2616 2735
2617 2735
2618 2735
2619 2736
2620 2736
2621 2736
2622 2736
2623 2737
2624 2737
2625 2738
2626 2738
2627 2738
2628 2738
2629 2739
2630 2739
2631 2739
2632 2739
2633 2739
2634 2740
2635 2740
2636 2740
2637 2740
2638 2740
2639 2740
2640 2740
2641 2740
2642 2740
2643 2741
2644 2741
2645 2741
2646 2742
2647 2742
2648 2743
2649 2744
2650 2744
2651 2745
2652 2745
2653 2746
2654 2747
2655 2747
2656 2748
2657 2748
2658 2749
2659 2749
2660 2750
2661 2750
2662 2750
2663 2750
2664 2751
2665 2751
2666 2751
2667 2751
2668 2751
2669 2751
2670 2751
2671 2752
2672 2752
2673 2752
2674 2752
2675 2752
2676 2752
2677 2753
2678 2753
2679 2754
2680 2755
2681 2755
2682 2756
2683 2756
2684 2757
2685 2757
2686 2758
2687 2759
2688 2759
2689 2760
2690 2761
2691 2762
2692 2762
2693 2763
2694 2764
2694 2765
2695 2765
2696 2766
2697 2767
2698 2767
2699 2768
2700 2768
2701 2769
2702 2769
2703 2769
2704 2769
2705 2769
2706 2769
2707 2769
2708 2770
2709 2770
2710 2770
2711 2770
2712 2770
2713 2770
2714 2770
2715 2770
2716 2770
2717 2770
2718 2770
2719 2770
2720 2770
2721 2770
2722 2771
2723 2771
2724 2771
2725 2772
2726 2772
2727 2772
2728 2773
2729 2773
2730 2773
2731 2774
2732 2774
2733 2774
2734 2774
2735 2774
2736 2775
2737 2775
2738 2775
2739 2775
2740 2775
2741 2775
2742 2775
2743 2775
2744 2776
2745 2776
2746 2776
2747 2776
2748 2776
2749 2776
2750 2776
2751 2777
2752 2777
2753 2777
2754 2778
2755 2778
2756 2778
2757 2778
2758 2779
2759 2779
2760 2779
2761 2780
2762 2780
2763 2780
2764 2781
2765 2781
2766 2782
2767 2782
2768 2782
2769 2783
2770 2783
2771 2783
2772 2784
2773 2784
2774 2785
2775 2785
2776 2785
2777 2786
2778 2786
2779 2786
2780 2787
2781 2787
2782 2787
2783 2787
2784 2787
2785 2788
2786 2788
2787 2788
2788 2788
2789 2788
2790 2788
2791 2788
2792 2789
2793 2789
2794 2789
2795 2790
2796 2790
2797 2791
2798 2791
2799 2791
2800 2792
2801 2792
2802 2792
2803 2792
2804 2793
2805 2793
2806 2793
2807 2793
2808 2793
2809 2793
2810 2793
2811 2794
2812 2794
2813 2794
2814 2794
2815 2794
2816 2794
2817 2794
2818 2794
2819 2794
2820 2794
2821 2794
2822 2794
2823 2794
2824 2794
2825 2794
2826 2794
2827 2794
2828 2795
2829 2795
2830 2795
2831 2795
2832 2795
2833 2795
2834 2795
2835 2795
2836 2795
2837 2795
2838 2795
2839 2795
2840 2795
2841 2795
2842 2795
2843 2795
2844 2795
2845 2795
2846 2795
2847 2795
2848 2795
2849 2795
2850 2795
2851 2795
2852 2795
2853 2796
2854 2796
2855 2796
2856 2796
2857 2796
2858 2797
2859 2797
2860 2797
2861 2797
2862 2798
2863 2798
2864 2798
2865 2798
2866 2799
2867 2799
2868 2799
2869 2799
2870 2799
2871 2799
2872 2800
2873 2800
2874 2800
2875 2800
2876 2800
2877 2800
2878 2800
2879 2800
2880 2800
2881 2800
2882 2800
2883 2800
2884 2800
2885 2800
2886 2800
2887 2801
2888 2801
2889 2801
2890 2801
2891 2801
2892 2801
2893 2801
2894 2801
2895 2801
2896 2801
2897 2801
2898 2801
2899 2801
2900 2801
2901 2801
2902 2801
2903 2802
2904 2802
2905 2803
2906 2803
2907 2803
2908 2803
2909 2804
2910 2804
2911 2804
2912 2804
2913 2805
2914 2805
2915 2805
2916 2805
2917 2805
2918 2805
2919 2805
2920 2806
2921 2806
2922 2806
2923 2806
2924 2806
2925 2806
2926 2806
2927 2806
2928 2806
2929 2806
2930 2806
2931 2806
2932 2806
2933 2806
2934 2806
2935 2806
2936 2806
2937 2807
2938 2807
2939 2807
2940 2807
2941 2807
2942 2807
2943 2807
2944 2807
2945 2807
2946 2807
2947 2807
2948 2807
2949 2807
2950 2807
2951 2807
2952 2807
2953 2807
2954 2807
2955 2807
2956 2807
2957 2807
2958 2807
2959 2807
2960 2807
2961 2807
2962 2807
2963 2807
2964 2807
2965 2807
2966 2807
2967 2807
2968 2807
2969 2807
2970 2807
2971 2807
2972 2807
2973 2807
2974 2807
2975 2807
2976 2807
2977 2807
2978 2807
2979 2807
2980 2807
2981 2807
2982 2807
2983 2807
2984 2807
2985 2807
2986 2807
2987 2807
2988 2807
2989 2807
2990 2807
2991 2807
2992 2807
2993 2807
2994 2807
2995 2807
2996 2807
2997 2807
2998 2808
2999 2808
3000 2808
3001 2808
3002 2809
3003 2809
3004 2809
3005 2810
3006 2810
3007 2810
3008 2811
3009 2811
3010 2811
3011 2811
3012 2811
3013 2811
3014 2812
3015 2812
3016 2812
3017 2812
3018 2812
3019 2812
3020 2812
3021 2812
3022 2812
3023 2812
3024 2812
3025 2812
3026 2813
3027 2813
3028 2813
3029 2813
3030 2813
3031 2813
3032 2813
3033 2813
3034 2813
3035 2813
3036 2813
3037 2813
3038 2813
3039 2813
3040 2813
3041 2813
3042 2813
3043 2813
3044 2813
3045 2813
3046 2813
3047 2813
3048 2813
3049 2813
3050 2813
3051 2813
3052 2813
3053 2813
3054 2814
3055 2814
3056 2814
3057 2815
3058 2815
3059 2815
3060 2815
3061 2816
3062 2816
3063 2816
3064 2817
3065 2817
3066 2817
3067 2817
3068 2817
3069 2817
3070 2818
3071 2818
3072 2818
3073 2818
3074 2818
3075 2818
3076 2818
3077 2818
3078 2819
3079 2819
3080 2819
3081 2819
3082 2820
3083 2820
3084 2821
3085 2821
3086 2821
3087 2822
3088 2822
3089 2822
3090 2822
3091 2823
3092 2823
3093 2823
3094 2823
3095 2823
3096 2823
3097 2824
3098 2824
3099 2824
3100 2824
3101 2824
3102 2824
3103 2824
3104 2825
3105 2825
3106 2825
3107 2826
3108 2826
3109 2827
3110 2827
3111 2827
3112 2828
3113 2828
3114 2828
3115 2829
3116 2829
3117 2830
3118 2830
3119 2831
3120 2831
3121 2832
3122 2832
3123 2832
3124 2833
3125 2833
3126 2834
3127 2834
3128 2834
3129 2834
3130 2835
3131 2835
3132 2835
3133 2835
3134 2835
3135 2835
3136 2835
3137 2835
3138 2835
3139 2835
3140 2835
3141 2836
3142 2835
3143 2835
3144 2835
3145 2836
3146 2836
3147 2836
3148 2836
3149 2836
3150 2835
3151 2835
3152 2835
3153 2836
3154 2836
3155 2836
3156 2836
3157 2836
3158 2836
3159 2837
3160 2837
3161 2837
3162 2837
3163 2838
3164 2838
3165 2838
3166 2839
3167 2839
3168 2838
3169 2838
3170 2838
3171 2839
3171 2840
3172 2840
3173 2840
3174 2840
3175 2840
3176 2840
3177 2840
3178 2841
3179 2841
3180 2841
3181 2841
3182 2841
3183 2841
3184 2841
3185 2841
3186 2842
3187 2842
3188 2842
3189 2842
3190 2842
3191 2842
3192 2842
3193 2841
3194 2841
3195 2841
3196 2842
3197 2842
3198 2842
3199 2842
3200 2842
3201 2842
3202 2842
3203 2842
3204 2842
3205 2842
3206 2842
3207 2842
3208 2842
3209 2842
3210 2842
3211 2842
3212 2841
3213 2841
3214 2841
3215 2842
3216 2842
3217 2842
3218 2842
3219 2842
3220 2842
3221 2842
3222 2842
3223 2841
3224 2841
3225 2842
3226 2842
3227 2842
3228 2842
3229 2842
3230 2843
3231 2842
3232 2842
3233 2842
3234 2842
3235 2843
3235 2842
3236 2841
3237 2841
3238 2841
3239 2841
3240 2840
3241 2841
3242 2840
3243 2839
3244 2839
3245 2839
3246 2839
3247 2839
3248 2839
3249 2839
3250 2839
3251 2838
3252 2837
3253 2837
3254 2837
3255 2837
3256 2837
3257 2837
3258 2836
3259 2836
3260 2835
3261 2835
3262 2835
3262 2834
3263 2833
3264 2833
3265 2834
3266 2833
3267 2833
3268 2833
3269 2832
3270 2831
3271 2831
3272 2831
3273 2831
3274 2831
3275 2830
3276 2830
3277 2830
3278 2829
3279 2829
3280 2829
3281 2829
3282 2828
3283 2828
3284 2828
3285 2828
3286 2827
3287 2827
3288 2826
3289 2826
3290 2825
3291 2825
3292 2824
3293 2824
3294 2823
3295 2822
3296 2822
3297 2821
3298 2820
3299 2820
3300 2819
3301 2818
3302 2818
3303 2817
3304 2816
3305 2816
3306 2815
3307 2815
3308 2814
3309 2813
3310 2813
3311 2812
3312 2812
3313 2811
3314 2811
3315 2810
3316 2810
3317 2809
3318 2809
3319 2808
3320 2808
3321 2807
3322 2806
3323 2806
3324 2805
3325 2804
3326 2804
3327 2803
3328 2803
3329 2802
3330 2801
3331 2801
3332 2800
3333 2800
3334 2799
3335 2799
3336 2799
3337 2798
3338 2798
3339 2798
3340 2798
3341 2797
3342 2797
3343 2797
3344 2797
3345 2797
3346 2796
3347 2796
3348 2796
3349 2796
3350 2796
3351 2796
3352 2796
3353 2795
3354 2795
3355 2794
3356 2794
3357 2794
3358 2793
3359 2793
3360 2792
3361 2792
3362 2791
3363 2791
3364 2791
3365 2790
3366 2790
3367 2789
3368 2789
3369 2788
3370 2788
3371 2787
3372 2787
3373 2786
3374 2786
3375 2786
3376 2786
3377 2785
3378 2785
3379 2785
3380 2785
3381 2785
3382 2785
3383 2784
3384 2784
3385 2783
3386 2783
3387 2782
3388 2782
3389 2781
3390 2781
3391 2780
3392 2780
3393 2779
3394 2779
3395 2778
3396 2778
3397 2778
3398 2777
3399 2776
3400 2775
3401 2774
3402 2773
3403 2773
3404 2772
3405 2771
3406 2771
3407 2770
3408 2769
3409 2769
3410 2768
3411 2768
3412 2767
3413 2766
3414 2766
3415 2765
3416 2764
3417 2763
3418 2762
3419 2762
3420 2761
3421 2760
3422 2759
3423 2758
3424 2757
3425 2757
3426 2756
3427 2756
3428 2755
3429 2755
3430 2754
3431 2754
3432 2753
3433 2752
3434 2751
3435 2750
3436 2750
3437 2749
3438 2748
3439 2747
3440 2747
3441 2746
3442 2745
3443 2745
3444 2744
3445 2743
3446 2743
3447 2742
3448 2741
3449 2741
3450 2740
3451 2740
3452 2739
3453 2739
3454 2739
3455 2738
3456 2738
3457 2737
3458 2737
3459 2736
3460 2736
3461 2735
3462 2735
3463 2734
3464 2733
3465 2733
3466 2732
3467 2731
3468 2730
3469 2729
3470 2728
3471 2727
3472 2726
3473 2725
3473 2724
3474 2723
3475 2722
3476 2722
3477 2721
3478 2720
3479 2720
3480 2719
3481 2719
3482 2718
3483 2717
3484 2717
3485 2716
3486 2716
3487 2715
3488 2715
3489 2714
3490 2713
3491 2712
3492 2712
3493 2711
3494 2710
3495 2710
3496 2709
3497 2708
3498 2707
3499 2707
3500 2706
3501 2705
3502 2705
3503 2704
3504 2703
3504 2702
3505 2701
3506 2700
3507 2699
3508 2699
3509 2698
3510 2697
3511 2697
3512 2696
3513 2696
3514 2695
3515 2694
3516 2694
3517 2693
3518 2692
3519 2691
3520 2691
3521 2690
3522 2689
3523 2688
3524 2687
3525 2686
3526 2685
3527 2685
3528 2684
3529 2684
3530 2683
3531 2683
3532 2682
3533 2682
3534 2681
3535 2680
3536 2679
3537 2679
3538 2678
3539 2677
3540 2676
3541 2675
3542 2674
3543 2673
3544 2672
3545 2671
3545 2670
3546 2669
3547 2668
3547 2667
3548 2666
3549 2665
3550 2664
3550 2663
3551 2662
3552 2661
3553 2660
3553 2659
3554 2658
3555 2657
3556 2656
3556 2655
3557 2654
3558 2653
3559 2652
3560 2651
3561 2650
3562 2649
3563 2648
3564 2647
3565 2646
3566 2645
3567 2644
3568 2643
3569 2642
3570 2641
3570 2640
3571 2639
3571 2638
3572 2637
3573 2636
3573 2635
3574 2634
3574 2633
3575 2632
3575 2631
3576 2630
3576 2629
3577 2628
3577 2627
3578 2626
3578 2625
3579 2624
3579 2623
3579 2622
3579 2621
3580 2620
3580 2619
3581 2618
3581 2617
3582 2616
3582 2615
3583 2614
3584 2613
3584 2612
3585 2611
3585 2610
3586 2609
3587 2608
3587 2607
3588 2606
3589 2605
3590 2604
3590 2603
3591 2602
3592 2601
3593 2600
3593 2599
3594 2598
3595 2597
3596 2596
3596 2595
3597 2594
3598 2593
3598 2592
3599 2591
3600 2590
3600 2589
3601 2588
3601 2587
3602 2586
3602 2585
3603 2584
3603 2583
3603 2582
3604 2581
3604 2580
3604 2579
3604 2578
3604 2577
3604 2576
3605 2575
3605 2574
3606 2573
3606 2572
3607 2571
3608 2570
3609 2569
3609 2568
3610 2567
3611 2566
3612 2565
3613 2564
3613 2563
3614 2562
3615 2561
3616 2560
3617 2559
3617 2558
3618 2557
3619 2556
3619 2555
3619 2554
3620 2553
3620 2552
3621 2551
3621 2550
3622 2549
3623 2548
3623 2547
3624 2546
3625 2545
3625 2544
3626 2543
3626 2542
3626 2541
3627 2540
3627 2539
3627 2538
3628 2537
3628 2536
3628 2535
3629 2534
3629 2533
3629 2532
3630 2531
3630 2530
3631 2529
3632 2528
3632 2527
3633 2526
3634 2525
3635 2524
3636 2523
3637 2522
3637 2521
3638 2520
3638 2519
3639 2518
3639 2517
3640 2516
3640 2515
3641 2514
3641 2513
3642 2512
3643 2511
3644 2510
3644 2509
3645 2508
3645 2507
3645 2506
3645 2505
3646 2504
3646 2503
3646 2502
3646 2501
3646 2500
3647 2499
3647 2498
3647 2497
3647 2496
3647 2495
3648 2494
3648 2493
3649 2492
3649 2491
3650 2490
3650 2489
3650 2488
3651 2487
3651 2486
3651 2485
3651 2484
3651 2483
3652 2482
3652 2481
3652 2480
3652 2479
3652 2478
3652 2477
3652 2476
3652 2475
3653 2474
3653 2473
3653 2472
3653 2471
3653 2470
3653 2469
3653 2468
3653 2467
3653 2466
3654 2465
3654 2464
3654 2463
3654 2462
3655 2461
3655 2460
3655 2459
3656 2458
3656 2457
3656 2456
3656 2455
3657 2454
3657 2453
3657 2452
3658 2451
3658 2450
3659 2449
3659 2448
3659 2447
3660 2446
3660 2445
3661 2444
3661 2443
3662 2442
3662 2441
3662 2440
3663 2439
3663 2438
3663 2437
3663 2436
3664 2435
3664 2434
3664 2433
3664 2432
3664 2431
3664 2430
3665 2429
3665 2428
3665 2427
3665 2426
3666 2425
3666 2424
3666 2423
3667 2422
3667 2421
3667 2420
3668 2419
3668 2418
3668 2417
3669 2416
3669 2415
3669 2414
3669 2413
3670 2412
3670 2411
3670 2410
3670 2409
3670 2408
3670 2407
3670 2406
3671 2405
3671 2404
3671 2403
3671 2402
3671 2401
3671 2400
3671 2399
3671 2398
3671 2397
3671 2396
3671 2395
3671 2394
3671 2393
3671 2392
3671 2391
3671 2390
3671 2389
3671 2388
3671 2387
3672 2386
3672 2385
3672 2384
3672 2383
3672 2382
3673 2381
3673 2380
3673 2379
3674 2378
3674 2377
3675 2376
3675 2375
3675 2374
3675 2373
3676 2372
3676 2371
3676 2370
3676 2369
3676 2368
3676 2367
3677 2366
3677 2365
3677 2364
3677 2363
3677 2362
3677 2361
3677 2360
3677 2359
3677 2358
3677 2357
3677 2356
3677 2355
3677 2354
3677 2353
3678 2352
3678 2351
3678 2350
3678 2349
3678 2348
3678 2347
3678 2346
3678 2345
3678 2344
3678 2343
3678 2342
3678 2341
3678 2340
3678 2339
3678 2338
3678 2337
3678 2336
3679 2335
3679 2334
3679 2333
3680 2332
3680 2331
3680 2330
3681 2329
3681 2328
3681 2327
3682 2326
3682 2325
3682 2324
3682 2323
3682 2322
3682 2321
3682 2320
3683 2319
3683 2318
3683 2317
3683 2316
3683 2315
3683 2314
3683 2313
3683 2312
3683 2311
3683 2310
3683 2309
3683 2308
3683 2307
3684 2306
3684 2305
3684 2304
3684 2303
3684 2302
3684 2301
3684 2300
3684 2299
3684 2298
3684 2297
3684 2296
3684 2295
3684 2294
3684 2293
3684 2292
3684 2291
3684 2290
3684 2289
3684 2288
3684 2287
3684 2286
3684 2285
3684 2284
3684 2283
3684 2282
3684 2281
3684 2280
3684 2279
3684 2278
3684 2277
3684 2276
3684 2275
3684 2274
3684 2273
3684 2272
3684 2271
3684 2270
3684 2269
3684 2268
3684 2267
3684 2266
3684 2265
3684 2264
3684 2263
3684 2262
3684 2261
3684 2260
3684 2259
3684 2258
3684 2257
3684 2256
3684 2255
3684 2254
3684 2253
3684 2252
3684 2251
3684 2250
3684 2249
3684 2248
3684 2247
3684 2246
3684 2245
3684 2244
3684 2243
3684 2242
3684 2241
3684 2240
3684 2239
3684 2238
3684 2237
3684 2236
3684 2235
3684 2234
3684 2233
3684 2232
3684 2231
3684 2230
3684 2229
3684 2228
3684 2227
3684 2226
3684 2225
3685 2224
3686 2223
3686 2222
3687 2221
3687 2220
3687 2219
3687 2218
3688 2217
3688 2216
3688 2215
3688 2214
3689 2213
3689 2212
3689 2211
3689 2210
3689 2209
3689 2208
3689 2207
3689 2206
3689 2205
3689 2204
3689 2203
3690 2202
3690 2201
3690 2200
3690 2199
3690 2198
3690 2197
3690 2196
3690 2195
3690 2194
3690 2193
3690 2192
3690 2191
3690 2190
3690 2189
3690 2188
3690 2187
3690 2186
3690 2185
3690 2184
3690 2183
3690 2182
3690 2181
3690 2180
3690 2179
3690 2178
3690 2177
3690 2176
3690 2175
3690 2174
3690 2173
3690 2172
3690 2171
3690 2170
3690 2169
3690 2168
3690 2167
3690 2166
3690 2165
3690 2164
3690 2163
3690 2162
3690 2161
3690 2160
3690 2159
3690 2158
3690 2157
3690 2156
3690 2155
3690 2154
3690 2153
3690 2152
3690 2151
3690 2150
3690 2149
3690 2148
3690 2147
3690 2146
3690 2145
3690 2144
3690 2143
3690 2142
3690 2141
3690 2140
3690 2139
3690 2138
3690 2137
3690 2136
3690 2135
3690 2134
3690 2133
3690 2132
3690 2131
3690 2130
3690 2129
3690 2128
3690 2127
3690 2126
3690 2125
3690 2124
3690 2123
3690 2122
3690 2121
3690 2120
3690 2119
3690 2118
3690 2117
3690 2116
3690 2115
3690 2114
3690 2113
3690 2112
3690 2111
3690 2110
3690 2109
3690 2108
3690 2107
3690 2106
3690 2105
3690 2104
3690 2103
3690 2102
3690 2101
3690 2100
3690 2099
3690 2098
3690 2097
3690 2096
3690 2095
3690 2094
3690 2093
3690 2092
3690 2091
3690 2090
3690 2089
3690 2088
3690 2087
3690 2086
3690 2085
3690 2084
3690 2083
3690 2082
3690 2081
3690 2080
3690 2079
3690 2078
3690 2077
3690 2076
3690 2075
3690 2074
3690 2073
3690 2072
3690 2071
3690 2070
3690 2069
3690 2068
3690 2067
3690 2066
3690 2065
3690 2064
3690 2063
3690 2062
3690 2061
3690 2060
3690 2059
3690 2058
3690 2057
3690 2056
3690 2055
3690 2054
3690 2053
3690 2052
3690 2051
3690 2050
3690 2049
3690 2048
3690 2047
3690 2046
3690 2045
3690 2044
3690 2043
3690 2042
3690 2041
3690 2040
3690 2039
3690 2038
3690 2037
3690 2036
3690 2035
3690 2034
3690 2033
3690 2032
3690 2031
3690 2030
3690 2029
3690 2028
3690 2027
3690 2026
3690 2025
3690 2024
3690 2023
3690 2022
3690 2021
3690 2020
3690 2019
3690 2018
3690 2017
3690 2016
3690 2015
3690 2014
3689 2013
3690 2012
3690 2011
3690 2010
3690 2009
3689 2008
3689 2007
3689 2006
3689 2005
3689 2004
3689 2003
3689 2002
3689 2001
3689 2000
3689 1999
3689 1998
3689 1997
3689 1996
3689 1995
3689 1994
3689 1993
3689 1992
3689 1991
3689 1990
3689 1989
3689 1988
3688 1987
3688 1986
3688 1985
3689 1984
3690 1983
3689 1983
3688 1983
3687 1982
3687 1981
3686 1981
3685 1981
3684 1980
3684 1979
3684 1978
3684 1977
3684 1976
3684 1975
3684 1974
3684 1973
3685 1972
3684 1971
3683 1970
3683 1969
3682 1968
3682 1967
3681 1966
3681 1965
3682 1964
3682 1963
3682 1962
3682 1961
3682 1960
3682 1959
3682 1958
3682 1957
3681 1957
3680 1956
3680 1955
3679 1955
3678 1955
3677 1954
3677 1953
3677 1952
3678 1951
3677 1951
3676 1950
3676 1949
3675 1949
3675 1950
3674 1951
3673 1951
3672 1951
3671 1950
3671 1949
3671 1948
3672 1947
3672 1946
3671 1945
3671 1944
3671 1943
3671 1942
3671 1941
3672 1940
3672 1939
3672 1938
3672 1937
3673 1936
3673 1935
3673 1934
3672 1934
3671 1933
3671 1932
3670 1931
3669 1931
3668 1930
3668 1929
3668 1928
3667 1927
3667 1926
3667 1925
3667 1924
3666 1923
3666 1922
3666 1921
3666 1920
3666 1919
3666 1918
3667 1917
3667 1916
3666 1915
3665 1914
3664 1913
3664 1912
3664 1911
3665 1910
3665 1909
3664 1908
3663 1908
3662 1908
3661 1907
3661 1906
3661 1905
3660 1905
3660 1906
3659 1907
3659 1908
3658 1909
3657 1909
3656 1909
3655 1909
3654 1908
3654 1907
3654 1906
3654 1905
3655 1904
3655 1903
3654 1902
3654 1901
3654 1900
3654 1899
3654 1898
3654 1897
3653 1897
3652 1896
3651 1895
3651 1894
3651 1893
3652 1892
3651 1892
3650 1891
3650 1890
3650 1889
3649 1888
3649 1889
3648 1890
3647 1890
3646 1890
3645 1889
3645 1888
3645 1887
3645 1886
3645 1885
3644 1885
3643 1885
3642 1884
3642 1883
3642 1882
3642 1881
3642 1880
3643 1879
3644 1878
3643 1877
3643 1876
3642 1876
3641 1875
3641 1874
3641 1873
3641 1872
3642 1871
3642 1870
3642 1869
3643 1868
3642 1868
3641 1868
3640 1868
3639 1868
3638 1868
3637 1868
3636 1868
3635 1868
3635 1869
3635 1870
3635 1871
3635 1872
3634 1873
3633 1873
3632 1874
3631 1874
3630 1873
3630 1872
3630 1871
3631 1870
3630 1869
3629 1868
3629 1867
3629 1866
3629 1865
3629 1864
3630 1863
3630 1862
3629 1861
3628 1860
3628 1859
3627 1860
3626 1860
3625 1860
3624 1860
3623 1859
3623 1858
3623 1857
3624 1856
3624 1855
3624 1854
3623 1854
3622 1854
3621 1853
3621 1852
3620 1852
3619 1852
3619 1853
3619 1854
3618 1855
3617 1856
3616 1856
3615 1855
3615 1854
3615 1853
3615 1852
3615 1851
3615 1850
3615 1849
3616 1848
3617 1848
3617 1847
3616 1848
3615 1848
3614 1848
3613 1848
3612 1847
3612 1846
3612 1845
3612 1844
3613 1843
3614 1842
3615 1842
3615 1841
3614 1841
3613 1841
3612 1840
3611 1840
3610 1840
3609 1839
3609 1838
3609 1837
3609 1836
3608 1836
3607 1836
3606 1836
3605 1836
3604 1835
3604 1834
3605 1833
3605 1832
3604 1831
3604 1830
3603 1830
3602 1830
3601 1829
3601 1828
3600 1827
3600 1826
3599 1826
3599 1827
3599 1828
3598 1829
3598 1830
3597 1831
3596 1831
3595 1831
3594 1830
3594 1829
3593 1829
3592 1828
3592 1827
3591 1828
3590 1828
3589 1828
3588 1827
3587 1826
3587 1825
3587 1824
3588 1823
3588 1822
3589 1821
3590 1821
3590 1820
3591 1819
3592 1819
3592 1818
3593 1817
3592 1816
3592 1815
3591 1816
3590 1817
3589 1817
3588 1817
3588 1818
3587 1819
3586 1819
3585 1820
3585 1821
3585 1822
3585 1823
3585 1824
3584 1825
3583 1825
3582 1825
3581 1824
3581 1823
3581 1822
3580 1822
3579 1822
3578 1821
3577 1820
3577 1819
3577 1818
3577 1817
3577 1816
3577 1815
3576 1815
3575 1815
3574 1815
3573 1814
3572 1813
3571 1812
3571 1811
3571 1810
3571 1809
3570 1809
3569 1810
3568 1811
3567 1811
3566 1811
3565 1810
3565 1809
3565 1808
3564 1808
3563 1808
3562 1807
3561 1806
3561 1805
3561 1804
3561 1803
3560 1803
3559 1803
3558 1802
3558 1803
3557 1804
3556 1804
3555 1803
3554 1803
3553 1802
3553 1801
3553 1800
3552 1800
3551 1800
3550 1799
3550 1798
3549 1797
3549 1796
3548 1795
3548 1794
3547 1793
3546 1793
3545 1793
3544 1793
3543 1792
3542 1792
3541 1792
3540 1792
3539 1792
3538 1792
3537 1791
3536 1791
3535 1791
3534 1791
3533 1791
3532 1790
3532 1789
3532 1788
3531 1788
3530 1787
3529 1786
3528 1786
3527 1787
3526 1787
3525 1787
3524 1787
3523 1786
3523 1785
3522 1785
3521 1785
3520 1784
3520 1785
3519 1786
3518 1786
3517 1786
3516 1785
3516 1784
3516 1783
3515 1783
3514 1783
3513 1783
3512 1783
3511 1783
3510 1783
3509 1782
3509 1781
3509 1780
3508 1779
3508 1778
3507 1778
3507 1779
3506 1780
3505 1780
3504 1780
3503 1781
3502 1781
3501 1781
3500 1780
3499 1779
3499 1778
3498 1779
3497 1779
3496 1779
3495 1779
3494 1778
3493 1778
3492 1778
3491 1778
3490 1777
3489 1778
3488 1778
3487 1778
3486 1778
3485 1778
3484 1778
3483 1777
3483 1776
3483 1775
3482 1776
3481 1777
3481 1778
3480 1779
3479 1780
3478 1780
3477 1780
3476 1780
3475 1779
3475 1778
3475 1779
3474 1780
3473 1780
3472 1780
3471 1779
3471 1778
3470 1778
3470 1779
3469 1780
3468 1780
3467 1780
3466 1779
3465 1779
3464 1780
3463 1780
3462 1780
3461 1779
3461 1778
3461 1777
3460 1777
3459 1777
3458 1776
3457 1776
3456 1776
3455 1776
3454 1777
3453 1777
3452 1777
3451 1777
3450 1776
3450 1775
3449 1775
3448 1774
3448 1775
3447 1776
3446 1776
3445 1776
3444 1775
3443 1774
3442 1775
3441 1775
3440 1775
3439 1774
3438 1773
3438 1774
3437 1775
3436 1775
3435 1775
3434 1775
3433 1775
3432 1775
3431 1774
3431 1773
3431 1774
3430 1775
3429 1775
3428 1775
3427 1775
3426 1775
3425 1775
3424 1775
3423 1775
3422 1775
3421 1774
3420 1775
3419 1775
3418 1775
3417 1774
3417 1775
3416 1776
3415 1777
3414 1777
3413 1777
3412 1776
3412 1775
3412 1774
3411 1773
3411 1772
3410 1772
3409 1772
3408 1772
3407 1771
3406 1771
3405 1771
3404 1770
3403 1769
3402 1769
3401 1768
3400 1768
3399 1768
3398 1767
3397 1768
3396 1768
3395 1768
3394 1767
3394 1766
3394 1765
