2942 1948
2941 1949
2940 1949
2939 1950
2938 1950
2937 1950
2936 1951
2935 1951
2934 1951
2933 1951
2932 1952
2931 1952
2930 1952
2929 1952
2928 1952
2927 1952
2926 1952
2925 1953
2924 1953
2923 1953
2922 1953
2921 1953
2920 1953
2919 1953
2918 1953
2917 1953
2916 1953
2915 1953
2914 1953
2913 1953
2912 1953
2911 1953
2910 1953
2909 1953
2908 1953
2907 1953
2906 1953
2905 1953
2904 1953
2903 1953
2902 1953
2901 1953
2900 1953
2899 1953
2898 1953
2897 1953
2896 1953
2895 1953
2894 1953
2893 1953
2892 1953
2891 1954
2890 1954
2889 1954
2888 1954
2887 1954
2886 1954
2885 1954
2884 1954
2883 1954
2882 1954
2881 1954
2880 1954
2879 1954
2878 1954
2877 1953
2876 1953
2875 1953
2874 1953
2873 1953
2872 1953
2871 1953
2870 1953
2869 1953
2868 1953
2867 1953
2866 1953
2865 1953
2864 1953
2863 1953
2862 1953
2861 1953
2860 1953
2859 1953
2858 1953
2857 1953
2856 1954
2855 1954
2854 1954
2853 1954
2852 1954
2851 1954
2850 1954
2849 1954
2848 1954
2847 1954
2846 1954
2845 1954
2844 1954
2843 1954
2842 1954
2841 1954
2840 1954
2839 1954
2838 1954
2837 1954
2836 1954
2835 1954
2834 1954
2833 1954
2832 1954
2831 1954
2830 1954
2829 1954
2828 1954
2827 1954
2826 1954
2825 1954
2824 1954
2823 1954
2822 1954
2821 1954
2820 1954
2819 1954
2818 1954
2817 1954
2816 1954
2815 1954
2814 1954
2813 1954
2812 1954
2811 1954
2810 1954
2809 1954
2808 1954
2807 1954
2806 1954
2805 1954
2804 1954
2803 1954
2802 1954
2801 1954
2800 1954
2799 1954
2798 1954
2797 1954
2796 1954
2795 1954
2794 1954
2793 1954
2792 1954
2791 1954
2790 1954
2789 1954
2788 1954
2787 1954
2786 1954
2785 1954
2784 1954
2783 1954
2782 1954
2781 1954
2780 1954
2779 1954
2778 1954
2777 1954
2776 1954
2775 1954
2774 1954
2773 1955
2772 1955
2771 1956
2770 1956
2769 1956
2768 1957
2767 1957
2766 1957
2765 1957
2764 1958
2763 1958
2762 1958
2761 1958
2760 1958
2759 1958
2758 1958
2757 1958
2756 1958
2755 1959
2754 1959
2753 1959
2752 1959
2751 1959
2750 1959
2749 1959
2748 1959
2747 1959
2746 1959
2745 1959
2744 1959
2743 1959
2742 1959
2741 1959
2740 1959
2739 1960
2738 1960
2737 1960
2736 1961
2735 1961
2734 1962
2733 1962
2732 1962
2731 1962
2730 1963
2729 1963
2728 1963
2727 1963
2726 1963
2725 1963
2724 1963
2723 1964
2722 1964
2721 1964
2720 1964
2719 1964
2718 1964
2717 1964
2716 1964
2715 1965
2714 1965
2713 1966
2712 1966
2711 1967
2710 1967
2709 1967
2708 1967
2707 1968
2706 1968
2705 1968
2704 1968
2703 1968
2702 1969
2701 1969
2700 1969
2699 1969
2698 1969
2697 1969
2696 1969
2695 1969
2694 1969
2693 1970
2692 1970
2691 1970
2690 1971
2689 1971
2688 1972
2687 1972
2686 1973
2685 1973
2684 1973
2683 1973
2682 1973
2681 1974
2680 1974
2679 1974
2678 1974
2677 1974
2676 1974
2675 1974
2674 1974
2673 1974
2672 1975
2671 1975
2670 1975
2669 1975
2668 1975
2667 1975
2666 1976
2665 1976
2664 1976
2663 1977
2662 1977
2661 1977
2660 1978
2659 1978
2658 1978
2657 1978
2656 1979
2655 1979
2654 1979
2653 1979
2652 1979
2651 1980
2650 1980
2649 1980
2648 1980
2647 1980
2646 1980
2645 1980
2644 1980
2643 1980
2642 1980
2641 1980
2640 1980
2639 1980
2638 1981
2637 1981
2636 1981
2635 1981
2634 1981
2633 1981
2632 1981
2631 1981
2630 1981
2629 1981
2628 1981
2627 1981
2626 1981
2625 1981
2624 1981
2623 1981
2622 1981
2621 1981
2620 1981
2619 1981
2618 1981
2617 1981
2616 1981
2615 1981
2614 1981
2613 1981
2612 1982
2611 1982
2610 1982
2609 1982
2608 1982
2607 1982
2606 1983
2605 1983
2604 1983
2603 1983
2602 1983
2601 1984
2600 1984
2599 1984
2598 1984
2597 1984
2596 1985
2595 1985
2594 1985
2593 1985
2592 1985
2591 1985
2590 1985
2589 1985
2588 1985
2587 1985
2586 1986
2585 1986
2584 1986
2583 1986
2582 1986
2581 1986
2580 1986
2579 1986
2578 1986
2577 1986
2576 1986
2575 1987
2574 1987
2573 1987
2572 1987
2571 1988
2570 1988
2569 1989
2568 1989
2567 1989
2566 1990
2565 1990
2564 1990
2563 1990
2562 1990
2561 1991
2560 1991
2559 1991
2558 1991
2557 1991
2556 1992
2555 1992
2554 1993
2553 1993
2552 1994
2551 1994
2550 1994
2549 1995
2548 1995
2547 1995
2546 1995
2545 1995
2544 1996
2543 1996
2542 1996
2541 1996
2540 1996
2539 1996
2538 1997
2537 1997
2536 1998
2535 1998
2534 1999
2533 1999
2532 2000
2531 2000
2530 2000
2529 2000
2528 2001
2527 2001
2526 2001
2525 2001
2524 2001
2523 2001
2522 2002
2521 2002
2520 2002
2519 2002
2518 2002
2517 2002
2516 2002
2515 2003
2514 2003
2513 2003
2512 2004
2511 2004
2510 2004
2509 2005
2508 2005
2507 2005
2506 2006
2505 2006
2504 2006
2503 2006
2502 2006
2501 2006
2500 2007
2499 2007
2498 2007
2497 2007
2496 2007
2495 2007
2494 2007
2493 2007
2492 2007
2491 2007
2490 2007
2489 2008
2488 2008
2487 2008
2486 2008
2485 2008
2484 2008
2483 2008
2482 2008
2481 2008
2480 2008
2479 2008
2478 2008
2477 2008
2476 2008
2475 2008
2474 2008
2473 2008
2472 2008
2471 2008
2470 2008
2469 2008
2468 2008
2467 2008
2466 2008
2465 2008
2464 2008
2463 2008
2462 2008
2461 2008
2460 2008
2459 2008
2458 2008
2457 2008
2456 2008
2455 2008
2454 2008
2453 2008
2452 2008
2451 2008
2450 2008
2449 2008
2448 2008
2447 2008
2446 2008
2445 2008
2444 2008
2443 2008
2442 2008
2441 2008
2440 2008
2439 2009
2438 2009
2437 2009
2436 2010
2435 2010
2434 2010
2433 2011
2432 2011
2431 2011
2430 2012
2429 2012
2428 2013
2427 2013
2426 2014
2425 2015
2424 2015
2423 2016
2422 2016
2421 2016
2420 2017
2419 2017
2418 2017
2417 2017
2416 2018
2415 2018
2414 2018
2413 2018
2412 2018
2411 2018
2410 2018
2409 2018
2408 2018
2407 2018
2406 2018
2405 2018
2404 2019
2403 2019
2402 2019
2401 2019
2400 2019
2399 2019
2398 2019
2397 2019
2396 2019
2395 2020
2394 2020
2393 2020
2392 2020
2391 2021
2390 2021
2389 2021
2388 2022
2387 2022
2386 2022
2385 2022
2384 2023
2383 2023
2382 2023
2381 2023
2380 2023
2379 2023
2378 2023
2377 2023
2376 2024
2375 2024
2374 2024
2373 2024
2372 2024
2371 2024
2370 2025
2369 2025
2368 2026
2367 2026
2366 2026
2365 2027
2364 2027
2363 2027
2362 2028
2361 2028
2360 2028
2359 2028
2358 2029
2357 2029
2356 2029
2355 2029
2354 2029
2353 2030
2352 2030
2351 2030
2350 2031
2349 2031
2348 2032
2347 2032
2346 2032
2345 2033
2344 2033
2343 2033
2342 2033
2341 2034
2340 2034
2339 2035
2338 2035
2337 2036
2336 2036
2335 2037
2334 2037
2333 2038
2332 2038
2331 2038
2330 2039
2329 2039
2328 2039
2327 2039
2326 2039
2325 2039
2324 2040
2323 2040
2322 2040
2321 2040
2320 2040
2319 2040
2318 2040
2317 2041
2316 2041
2315 2041
2314 2041
2313 2042
2312 2042
2311 2043
2310 2043
2309 2043
2308 2044
2307 2044
2306 2044
2305 2044
2304 2044
2303 2045
2302 2045
2301 2045
2300 2045
2299 2045
2298 2045
2297 2045
2296 2045
2295 2046
2294 2046
2293 2046
2292 2046
2291 2046
2290 2047
2289 2047
2288 2048
2287 2048
2286 2048
2285 2049
2284 2049
2283 2049
2282 2050
2281 2050
2280 2050
2279 2050
2278 2050
2277 2051
2276 2051
2275 2051
2274 2051
2273 2051
2272 2051
2271 2051
2270 2051
2269 2051
2268 2052
2267 2052
2266 2053
2265 2053
2264 2054
2263 2054
2262 2054
2261 2054
2260 2055
2259 2055
2258 2055
2257 2056
2256 2056
2255 2057
2254 2057
2253 2058
2252 2058
2251 2059
2250 2059
2249 2059
2248 2060
2247 2060
2246 2060
2245 2060
2244 2061
2243 2061
2242 2061
2241 2061
2240 2062
2239 2062
2238 2062
2237 2063
2236 2063
2235 2063
2234 2063
2233 2064
2232 2064
2231 2065
2230 2065
2229 2065
2228 2066
2227 2066
2226 2066
2225 2066
2224 2067
2223 2067
2222 2067
2221 2067
2220 2067
2219 2067
2218 2067
2217 2067
2216 2067
2215 2068
2214 2068
2213 2068
2212 2068
2211 2068
2210 2068
2209 2068
2208 2068
2207 2069
2206 2069
2205 2070
2204 2070
2203 2071
2202 2071
2201 2071
2200 2072
2199 2072
2198 2072
2197 2072
2196 2072
2195 2073
2194 2073
2193 2073
2192 2073
2191 2073
2190 2073
2189 2073
2188 2073
2187 2073
2186 2073
2185 2073
2184 2073
2183 2074
2182 2074
2181 2074
2180 2075
2179 2075
2178 2076
2177 2076
2176 2077
2175 2077
2174 2078
2173 2078
2172 2079
2171 2079
2170 2080
2169 2080
2168 2081
2167 2081
2166 2081
2165 2082
2164 2082
2163 2083
2162 2083
2161 2083
2160 2083
2159 2083
2158 2084
2157 2084
2156 2084
2155 2084
2154 2084
2153 2084
2152 2085
2151 2085
2150 2085
2149 2086
2148 2086
2147 2087
2146 2087
2145 2087
2144 2088
2143 2088
2142 2088
2141 2088
2140 2088
2139 2089
2138 2089
2137 2089
2136 2089
2135 2089
2134 2089
2133 2090
2132 2090
2131 2090
2130 2090
2129 2091
2128 2091
2127 2091
2126 2091
2125 2092
2124 2092
2123 2092
2122 2093
2121 2093
2120 2093
2119 2093
2118 2094
2117 2094
2116 2094
2115 2094
2114 2094
2113 2094
2112 2095
2111 2095
2110 2095
2109 2095
2108 2095
2107 2095
2106 2095
2105 2095
2104 2095
2103 2095
2102 2096
2101 2096
2100 2097
2099 2097
2098 2098
2097 2098
2096 2099
2095 2099
2094 2100
2093 2100
2092 2101
2091 2102
2090 2103
2089 2103
2088 2104
2087 2104
2086 2104
2085 2104
2084 2105
2083 2105
2082 2105
2081 2105
2080 2105
2079 2106
2078 2106
2077 2106
2076 2107
2075 2107
2074 2108
2073 2108
2072 2109
2071 2109
2070 2110
2069 2110
2068 2110
2067 2111
2066 2111
2065 2111
2064 2111
2063 2112
2062 2113
2061 2113
2060 2114
2059 2114
2058 2115
2057 2115
2056 2115
2055 2116
2054 2116
2053 2116
2052 2117
2051 2117
2050 2118
2049 2118
2048 2119
2047 2120
2046 2121
2045 2122
2044 2123
2043 2124
2042 2125
2041 2126
2040 2126
2039 2127
2038 2128
2037 2128
2036 2129
2035 2129
2034 2130
2033 2130
2032 2131
2031 2131
2030 2132
2029 2133
2028 2133
2027 2134
2026 2135
2025 2136
2024 2136
2023 2137
2022 2137
2021 2137
2020 2137
2019 2138
2018 2138
2017 2138
2016 2139
2015 2139
2014 2140
2013 2140
2012 2141
2011 2141
2010 2141
2009 2142
2008 2142
2007 2143
2006 2143
2005 2144
2005 2145
2004 2146
2003 2147
2002 2148
2001 2149
2000 2150
1999 2151
1998 2152
1997 2152
1996 2153
1995 2154
1994 2155
1993 2156
1992 2157
1991 2157
1990 2158
1989 2158
1988 2159
1987 2159
1986 2159
1985 2160
1984 2160
1983 2161
1982 2161
1981 2162
1980 2162
1979 2163
1978 2163
1977 2164
1976 2164
1975 2165
1974 2165
1973 2165
1972 2166
1971 2167
1970 2168
1969 2168
1968 2169
1967 2169
1966 2170
1965 2171
1964 2171
1963 2172
1962 2173
1961 2173
1960 2174
1959 2174
1958 2175
1957 2175
1956 2175
1955 2176
1954 2176
1953 2177
1952 2178
1951 2178
1950 2179
1949 2179
1948 2180
1947 2180
1946 2181
1945 2181
1944 2181
1943 2181
1942 2181
1941 2182
1940 2183
1939 2183
1938 2184
1937 2184
1936 2185
1935 2185
1934 2186
1933 2186
1932 2186
1931 2187
1930 2187
1929 2187
1928 2187
1927 2187
1926 2188
1925 2188
1924 2188
1923 2188
1922 2188
1921 2188
1920 2188
1919 2188
1918 2188
1917 2188
1916 2188
1915 2188
1914 2188
1913 2188
1912 2188
1911 2188
1910 2189
1909 2189
1908 2189
1907 2190
1906 2190
1905 2191
1904 2191
1903 2192
1902 2192
1901 2192
1900 2193
1899 2193
1898 2193
1897 2193
1896 2193
1895 2193
1894 2193
1893 2194
1892 2194
1891 2194
1890 2195
1889 2195
1888 2196
1887 2197
1886 2197
1885 2197
1884 2198
1883 2198
1882 2198
1881 2198
1880 2198
1879 2198
1878 2199
1877 2199
1876 2199
1875 2199
1874 2199
1873 2199
1872 2199
1871 2199
1870 2200
1869 2200
1868 2201
1867 2201
1866 2202
1865 2202
1864 2203
1863 2203
1862 2203
1861 2203
1860 2203
1859 2204
1858 2204
1857 2204
1856 2204
1855 2204
1854 2204
1853 2204
1852 2204
1851 2204
1850 2204
1849 2204
1848 2205
1847 2205
1846 2206
1845 2206
1844 2207
1843 2207
1842 2208
1841 2208
1840 2208
1839 2209
1838 2209
1837 2209
1836 2209
1835 2210
1834 2210
1833 2211
1832 2211
1831 2212
1830 2212
1829 2213
1828 2213
1827 2214
1826 2215
1825 2216
1824 2217
1823 2217
1822 2218
1821 2218
1820 2218
1819 2219
1818 2219
1817 2219
1816 2219
1815 2220
1814 2220
1813 2220
1812 2220
1811 2220
1810 2220
1809 2221
1808 2221
1807 2221
1806 2221
1805 2221
1804 2221
1803 2221
1802 2221
1801 2222
1800 2222
1799 2223
1798 2223
1797 2224
1796 2224
1795 2224
1794 2225
1793 2225
1792 2225
1791 2225
1790 2225
1789 2226
1788 2226
1787 2226
1786 2226
1785 2226
1784 2226
1783 2226
1782 2226
1781 2226
1780 2226
1779 2226
1778 2226
1777 2226
1776 2227
1775 2227
1774 2228
1773 2228
1772 2229
1771 2229
1770 2230
1769 2230
1768 2230
1767 2231
1766 2231
1765 2231
1764 2231
1763 2231
1762 2231
1761 2231
1760 2231
1759 2232
1758 2232
1757 2233
1756 2233
1755 2234
1754 2234
1753 2235
1752 2235
1751 2235
1750 2236
1749 2236
1748 2236
1747 2236
1746 2236
1745 2237
1744 2237
1743 2237
1742 2238
1741 2238
1740 2239
1739 2239
1738 2240
1737 2240
1736 2240
1735 2241
1734 2241
1733 2241
1732 2241
1731 2242
1730 2242
1729 2242
1728 2242
1727 2242
1726 2242
1725 2242
1724 2242
1723 2242
1722 2242
1721 2243
1720 2243
1719 2243
1718 2243
1717 2243
1716 2243
1715 2243
1714 2243
1713 2243
1712 2243
1711 2243
1710 2243
1709 2243
1708 2243
1707 2243
1706 2243
1705 2243
1704 2243
1703 2243
1702 2243
1701 2243
1700 2243
1699 2243
1698 2243
1697 2243
1696 2243
1695 2243
1694 2243
1693 2243
1692 2243
1691 2243
1690 2243
1689 2243
1688 2243
1687 2243
1686 2243
1685 2243
1684 2243
1683 2243
1682 2243
1681 2243
1680 2243
1679 2243
1678 2243
1677 2243
1676 2243
1675 2243
1674 2243
1673 2243
1672 2243
1671 2243
1670 2243
1669 2243
1668 2243
1667 2243
1666 2243
1665 2243
1664 2243
1663 2243
1662 2243
1661 2243
1660 2243
1659 2243
1658 2243
1657 2243
1656 2243
1655 2243
1654 2243
1653 2243
1652 2243
1651 2243
1650 2243
1649 2243
1648 2243
1647 2243
1646 2243
1645 2243
1644 2243
1643 2243
1642 2243
1641 2243
1640 2243
1639 2243
1638 2243
1637 2243
1636 2243
1635 2243
1634 2243
1633 2243
1632 2243
1631 2243
1630 2243
1629 2243
1628 2243
1627 2243
1626 2243
1625 2243
1624 2243
1623 2243
1622 2243
1621 2243
1620 2243
1619 2243
1618 2243
1617 2243
1616 2243
1615 2243
1614 2243
1613 2244
1612 2244
1611 2244
1610 2245
1609 2245
1608 2245
1607 2246
1606 2246
1605 2246
1604 2246
1603 2247
1602 2247
1601 2247
1600 2247
1599 2248
1598 2248
1597 2248
1596 2248
1595 2248
1594 2248
1593 2248
1592 2248
1591 2248
1590 2248
1589 2248
1588 2248
1587 2248
1586 2248
1585 2248
1584 2248
1583 2248
1582 2248
1581 2248
1580 2249
1579 2249
1578 2249
1577 2250
1576 2251
1575 2251
1574 2251
1573 2252
1572 2252
1571 2252
1570 2252
1569 2253
1568 2253
1567 2253
1566 2253
1565 2253
1564 2253
1563 2253
1562 2253
1561 2253
1560 2253
1559 2253
1558 2254
1557 2254
1556 2254
1555 2254
1554 2254
1553 2254
1552 2255
1551 2256
1550 2256
1549 2257
1548 2257
1547 2258
1546 2259
1545 2259
1544 2260
1543 2261
1542 2261
1541 2261
1540 2262
1539 2262
1538 2262
1537 2263
1536 2263
1535 2263
1534 2263
1533 2263
1532 2263
1531 2264
1530 2264
1529 2265
1528 2265
1527 2266
1526 2266
1525 2267
1524 2267
1523 2268
1522 2268
1521 2269
1520 2269
1519 2269
1518 2270
1517 2270
1516 2271
1515 2271
1514 2272
1513 2272
1512 2273
1512 2274
1511 2275
1511 2276
1511 2277
1510 2278
1510 2279
1510 2280
1509 2281
1509 2282
1509 2283
1508 2284
1508 2285
1507 2286
1506 2287
1505 2288
1505 2289
1504 2290
1503 2291
1502 2292
1501 2293
1500 2294
1499 2294
1498 2295
1497 2296
1496 2296
1495 2297
1494 2297
1493 2298
1492 2299
1491 2299
1490 2300
1489 2300
1488 2301
1487 2301
1486 2301
1485 2301
1484 2302
1483 2302
1482 2302
1481 2302
1480 2303
1479 2303
1478 2304
1477 2304
1476 2304
1475 2305
1474 2305
1473 2305
1472 2306
1471 2306
1470 2306
1469 2306
1468 2307
1467 2307
1466 2308
1465 2308
1464 2309
1463 2309
1462 2310
1461 2310
1460 2311
1459 2311
1458 2311
1457 2312
1456 2312
1455 2312
1454 2312
1453 2313
1452 2313
1451 2314
1450 2314
1449 2315
1448 2315
1447 2316
1446 2316
1445 2317
1444 2317
1443 2318
1442 2318
1441 2319
1440 2319
1439 2320
1438 2320
1437 2321
1436 2322
1435 2322
1434 2322
1433 2323
1432 2323
1431 2323
1430 2324
1429 2324
1428 2324
1427 2325
1426 2326
1425 2327
1424 2327
1423 2328
1422 2328
1421 2328
1420 2329
1419 2329
1418 2329
1417 2329
1416 2329
1415 2330
1414 2330
1413 2330
1412 2330
1411 2330
1410 2330
1409 2330
1408 2330
1407 2331
1406 2331
1405 2331
1404 2331
1403 2332
1402 2332
1401 2333
1400 2333
1399 2333
1398 2334
1397 2334
1396 2335
1395 2335
1394 2336
1393 2337
1392 2337
1391 2338
1390 2339
1389 2340
1388 2340
1387 2341
1386 2342
1385 2343
1384 2344
1383 2344
1382 2344
1381 2345
1380 2345
1379 2346
1378 2347
1377 2347
1376 2348
1375 2349
1374 2350
1373 2350
1372 2351
1371 2352
1370 2352
1369 2353
1369 2354
1368 2355
1367 2356
1366 2357
1366 2358
1366 2359
1366 2360
1366 2361
1366 2362
1366 2363
1366 2364
1366 2365
1366 2366
1366 2367
1366 2368
1366 2369
1366 2370
1366 2371
1366 2372
1366 2373
1366 2374
1366 2375
1366 2376
1366 2377
1366 2378
1366 2379
1366 2380
1366 2381
1366 2382
1366 2383
1366 2384
1366 2385
1366 2386
1366 2387
1366 2388
1366 2389
1366 2390
1366 2391
1366 2392
1366 2393
1365 2394
1365 2395
1364 2396
1364 2397
1363 2398
1363 2399
1363 2400
1362 2401
1362 2402
1361 2403
1361 2404
1360 2405
1359 2405
1358 2406
1357 2407
1356 2408
1355 2409
1354 2410
1354 2411
1353 2412
1352 2413
1351 2414
1350 2415
1350 2416
1349 2417
1348 2418
1347 2419
1347 2420
1346 2421
1346 2422
1345 2423
1344 2424
1343 2425
1342 2426
1342 2427
1341 2428
1341 2429
1340 2430
1340 2431
1339 2432
1338 2433
1337 2434
1336 2435
1336 2436
1335 2437
1334 2438
1333 2439
1332 2440
1331 2441
1330 2442
1329 2443
1328 2444
1327 2445
1326 2446
1325 2447
1324 2448
1323 2449
1323 2450
1322 2451
1322 2452
1321 2453
1321 2454
1320 2455
1320 2456
1319 2457
1318 2458
1318 2459
1317 2460
1317 2461
1317 2462
1317 2463
1317 2464
1317 2465
1317 2466
1317 2467
1317 2468
1317 2469
1317 2470
1317 2471
1317 2472
1317 2473
1317 2474
1317 2475
1317 2476
1316 2477
1316 2478
1315 2479
1315 2480
1314 2481
1314 2482
1314 2483
1313 2484
1313 2485
1313 2486
1313 2487
1312 2488
1312 2489
1311 2490
1311 2491
1310 2492
1309 2493
1309 2494
1308 2495
1308 2496
1307 2497
1307 2498
1307 2499
1306 2500
1306 2501
1306 2502
1306 2503
1306 2504
1306 2505
1306 2506
1306 2507
1306 2508
1306 2509
1306 2510
1306 2511
1306 2512
1306 2513
1305 2514
1305 2515
1304 2516
1303 2517
1303 2518
1302 2519
1302 2520
1302 2521
1301 2522
1300 2523
1299 2524
1298 2525
1298 2526
1297 2527
1297 2528
1296 2529
1296 2530
1296 2531
1295 2532
1295 2533
1294 2534
1294 2535
1293 2536
1293 2537
1292 2538
1291 2539
1290 2540
1289 2540
1288 2541
1287 2541
1286 2542
1285 2543
1284 2544
1283 2545
1282 2546
1281 2547
1280 2548
1280 2549
1279 2550
1278 2550
1277 2551
1276 2552
1275 2552
1274 2553
1273 2553
1272 2554
1271 2554
1270 2555
1269 2555
1268 2556
1267 2556
1266 2557
1265 2557
1264 2558
1263 2558
1262 2558
1261 2558
1260 2559
1259 2559
1258 2559
1257 2560
1257 2561
1257 2562
1257 2563
1257 2564
1257 2565
1257 2566
1257 2567
1257 2568
1257 2569
1256 2570
1256 2571
1255 2572
1254 2573
1253 2574
1252 2575
1251 2576
1250 2576
1249 2577
1248 2577
1247 2578
1246 2578
1245 2579
1244 2579
1243 2579
1242 2580
1241 2580
1240 2580
1239 2581
1238 2582
1237 2582
1236 2583
1235 2583
1234 2584
1233 2585
1232 2585
1232 2586
1231 2587
1230 2588
1229 2589
1228 2589
1227 2590
1226 2590
1225 2591
1224 2591
1223 2591
1222 2591
1221 2592
1220 2592
1219 2592
1218 2593
1218 2594
1218 2595
1218 2596
1218 2597
1218 2598
1218 2599
1218 2600
1218 2601
1218 2602
1218 2603
1218 2604
1218 2605
1218 2606
1218 2607
1218 2608
1218 2609
1218 2610
1218 2611
1218 2612
1218 2613
1217 2614
1217 2615
1216 2616
1216 2617
1215 2618
1215 2619
1214 2620
1214 2621
1214 2622
1214 2623
1214 2624
1213 2625
1213 2626
1213 2627
1213 2628
1213 2629
1213 2630
1213 2631
1213 2632
1212 2633
1212 2634
1212 2635
1211 2636
1211 2637
1211 2638
1210 2639
1210 2640
1210 2641
1210 2642
1209 2643
1209 2644
1209 2645
1209 2646
1209 2647
1209 2648
1208 2649
1208 2650
1208 2651
1208 2652
1208 2653
1208 2654
1207 2655
1207 2656
1207 2657
1207 2658
1206 2659
1206 2660
1206 2661
1206 2662
1205 2663
1205 2664
1205 2665
1205 2666
1205 2667
1204 2668
1204 2669
1204 2670
1204 2671
1204 2672
1204 2673
1203 2674
1203 2675
1203 2676
1203 2677
1203 2678
1203 2679
1203 2680
1202 2681
1202 2682
1202 2683
1202 2684
1201 2685
1201 2686
1201 2687
1200 2688
1200 2689
1200 2690
1200 2691
1199 2692
1199 2693
1199 2694
1198 2695
1198 2696
1198 2697
1197 2698
1197 2699
1197 2700
1197 2701
1197 2702
1197 2703
1196 2704
1196 2705
1196 2706
1195 2707
1194 2708
1193 2709
1193 2710
1192 2711
1192 2712
1192 2713
1191 2714
1191 2715
1190 2716
1190 2717
1189 2718
1189 2719
1189 2720
1188 2721
1188 2722
1188 2723
1187 2724
1187 2725
1186 2726
1186 2727
1185 2728
1185 2729
1184 2730
1183 2731
1183 2732
1183 2733
1182 2734
1182 2735
1182 2736
1182 2737
1181 2738
1181 2739
1180 2740
1180 2741
1179 2742
1179 2743
1178 2744
1177 2745
1177 2746
1176 2747
1176 2748
1175 2749
1175 2750
1174 2751
1174 2752
1173 2753
1173 2754
1172 2755
1172 2756
1172 2757
1172 2758
1171 2759
1170 2760
1169 2761
1168 2762
1167 2763
1167 2764
1166 2765
1166 2766
1165 2767
1165 2768
1164 2769
1163 2770
1163 2771
1162 2772
1161 2773
1160 2774
1159 2775
1158 2776
1158 2777
1157 2778
1157 2779
1156 2780
1156 2781
1155 2782
1155 2783
1154 2784
1154 2785
1153 2786
1153 2787
1152 2788
1151 2789
1151 2790
1150 2791
1149 2792
1149 2793
1148 2794
1147 2795
1146 2796
1145 2797
1144 2798
1143 2799
1142 2800
1141 2801
1141 2802
1140 2803
1139 2804
1139 2805
1138 2806
1137 2807
1137 2808
1136 2809
1135 2810
1134 2811
1134 2812
1133 2813
1133 2814
1132 2815
1132 2816
1131 2817
1131 2818
1130 2819
1130 2820
1129 2821
1129 2822
1128 2823
1128 2824
1128 2825
1127 2826
1127 2827
1127 2828
1127 2829
1127 2830
1126 2831
1126 2832
1126 2833
1125 2834
1125 2835
1124 2836
1124 2837
1123 2838
1122 2839
1122 2840
1121 2841
1120 2842
1120 2843
1119 2844
1118 2845
1117 2846
1116 2846
1115 2847
1114 2847
1113 2847
1112 2848
1112 2849
1112 2850
1111 2851
1111 2852
1111 2853
1110 2854
1109 2855
1109 2856
1108 2857
1107 2858
1107 2859
1107 2860
1106 2861
1106 2862
1105 2863
1105 2864
1104 2865
1103 2866
1102 2867
1102 2868
1101 2869
1101 2870
1100 2871
1099 2872
1098 2873
1097 2873
1096 2874
1095 2875
1094 2876
1093 2877
1092 2878
1091 2878
1090 2879
1089 2880
1088 2881
1087 2882
1086 2883
1085 2884
1084 2885
1083 2885
1082 2885
1081 2886
1080 2887
1079 2888
1078 2889
1077 2889
1076 2890
1077 2889
1078 2889
1079 2889
1080 2889
1081 2888
1082 2888
1083 2888
1084 2887
1085 2887
1086 2886
1087 2885
1088 2884
1089 2884
1090 2884
1091 2883
1092 2883
1093 2882
1094 2881
1094 2880
1095 2879
1096 2879
1097 2878
1098 2878
1099 2877
1100 2876
1101 2875
1102 2874
1103 2873
1104 2873
1105 2873
1106 2872
1107 2872
1108 2872
1109 2871
1110 2870
1111 2869
1112 2868
1113 2867
1114 2866
1115 2865
1115 2864
1116 2863
1116 2862
1117 2861
1118 2860
1119 2859
1120 2858
1121 2858
1122 2857
1123 2856
1124 2855
1125 2855
1126 2854
1127 2853
1128 2853
1129 2852
1130 2852
1131 2851
1132 2850
1133 2849
1134 2849
1135 2848
1136 2847
1136 2846
1137 2845
1138 2844
1138 2843
1139 2842
1140 2841
1141 2840
1141 2839
1142 2838
1143 2837
1144 2837
1145 2836
1146 2835
1147 2835
1148 2834
1149 2834
1150 2834
1151 2833
1152 2832
1153 2831
1154 2830
1155 2829
1156 2829
1157 2828
1158 2828
1159 2828
1160 2827
1161 2826
1162 2826
1163 2825
1164 2824
1165 2824
1166 2823
1167 2823
1168 2822
1169 2822
1170 2822
1171 2821
1172 2821
1173 2820
1174 2819
1175 2819
1176 2818
1176 2817
1177 2816
1177 2815
1178 2814
1179 2813
1179 2812
1180 2811
1181 2810
1182 2809
1182 2808
1183 2807
1183 2806
1184 2805
1185 2804
1186 2803
1187 2802
1188 2801
1188 2800
1188 2799
1188 2798
1189 2797
1189 2796
1190 2795
1191 2794
1192 2793
1193 2792
1193 2791
1193 2790
1194 2789
1195 2788
1196 2787
1197 2786
1198 2785
1198 2784
1199 2783
1199 2782
1200 2781
1201 2780
1202 2779
1203 2778
1203 2777
1204 2776
1204 2775
1205 2774
1205 2773
1206 2772
1206 2771
1207 2770
1208 2769
1208 2768
1209 2767
1209 2766
1210 2765
1210 2764
1211 2763
1211 2762
1211 2761
1211 2760
1211 2759
1211 2758
1211 2757
1211 2756
1212 2755
1213 2754
1213 2753
1214 2752
1214 2751
1215 2750
1215 2749
1215 2748
1216 2747
1216 2746
1216 2745
1216 2744
1217 2743
1217 2742
1217 2741
1217 2740
1218 2739
1218 2738
1219 2737
1219 2736
1220 2735
1220 2734
1221 2733
1221 2732
1221 2731
1221 2730
1222 2729
1222 2728
1222 2727
1222 2726
1222 2725
1222 2724
1222 2723
1222 2722
1222 2721
1223 2720
1223 2719
1223 2718
1223 2717
1223 2716
1223 2715
1223 2714
1223 2713
1223 2712
1223 2711
1223 2710
1223 2709
1223 2708
1223 2707
1223 2706
1224 2705
1224 2704
1225 2703
1225 2702
1226 2701
1226 2700
1227 2699
1227 2698
1227 2697
1227 2696
1228 2695
1228 2694
1228 2693
1228 2692
1229 2691
1229 2690
1230 2689
1231 2688
1232 2687
1233 2686
1233 2685
1233 2684
1233 2683
1233 2682
1233 2681
1233 2680
1233 2679
1234 2678
1234 2677
1234 2676
1234 2675
1234 2674
1234 2673
1234 2672
1235 2671
1236 2670
1237 2669
1238 2668
1239 2667
1240 2667
1241 2666
1242 2665
1243 2665
1244 2664
1245 2664
1246 2664
1247 2664
1248 2663
1249 2663
1249 2662
1250 2661
1251 2660
1252 2659
1252 2658
1253 2657
1254 2656
1255 2656
1256 2655
1257 2654
1258 2654
1258 2653
1259 2652
1260 2652
1261 2651
1262 2650
1263 2649
1264 2649
1265 2648
1266 2647
1267 2646
1268 2645
1269 2645
1270 2644
1271 2644
1272 2643
1273 2643
1274 2642
1275 2642
1276 2642
1277 2641
1278 2640
1279 2639
1280 2638
1281 2638
1282 2637
1283 2637
1284 2636
1285 2636
1286 2635
1287 2634
1288 2633
1289 2633
1290 2632
1291 2632
1292 2631
1293 2631
1294 2630
1295 2631
1296 2632
1297 2633
1298 2634
1299 2634
1300 2634
1301 2635
1302 2635
1303 2635
1304 2635
1304 2634
1304 2633
1304 2632
1304 2631
1304 2630
1304 2629
1304 2628
1303 2628
1302 2627
1302 2626
1301 2625
1301 2624
1301 2623
1300 2622
1300 2621
1300 2620
1299 2619
1299 2618
1298 2618
1297 2617
1296 2616
1295 2615
1295 2614
1295 2613
1295 2612
1295 2611
1295 2610
1295 2609
1295 2608
1295 2607
1295 2606
1295 2605
1296 2604
1296 2603
1296 2602
1297 2601
1297 2600
1297 2599
1298 2598
1298 2597
1298 2596
1299 2595
1300 2594
1300 2593
1301 2592
1301 2591
1302 2590
1302 2589
1302 2588
1303 2587
1303 2586
1304 2585
1305 2584
1306 2584
1307 2583
1308 2582
1309 2582
1310 2581
1311 2580
1312 2579
1313 2578
1314 2577
1315 2577
1316 2577
1317 2576
1318 2575
1319 2574
1319 2573
1320 2572
1321 2572
1322 2572
1323 2571
1324 2571
1325 2570
1326 2569
1327 2569
1328 2568
1329 2567
1330 2566
1331 2565
1332 2564
1333 2563
1334 2563
1334 2562
1335 2561
1335 2560
1336 2559
1336 2558
1336 2557
1337 2556
1338 2556
1338 2555
1339 2554
1340 2553
1341 2552
1342 2551
1342 2550
1343 2549
1344 2548
1344 2547
1345 2546
1346 2545
1346 2544
1347 2543
1348 2542
1349 2541
1350 2540
1350 2539
1351 2538
1352 2537
1353 2536
1353 2535
1354 2534
1354 2533
1355 2532
1356 2531
1356 2530
1356 2529
1357 2528
1357 2527
1357 2526
1358 2525
1358 2524
1359 2523
1360 2522
1361 2521
1362 2520
1363 2519
1364 2518
1365 2518
1366 2517
1367 2516
1368 2515
1369 2515
1370 2514
1371 2513
1372 2512
1373 2512
1374 2511
1375 2510
1376 2509
1376 2508
1377 2507
1377 2506
1378 2505
1378 2504
1379 2503
1380 2502
1381 2501
1382 2500
1383 2499
1384 2498
1384 2497
1385 2496
1385 2495
1386 2494
1387 2493
1388 2492
1389 2491
1390 2490
1391 2489
1392 2488
1393 2487
1394 2486
1394 2485
1395 2484
1396 2483
1397 2482
1398 2481
1399 2480
1400 2479
1400 2478
1401 2477
1402 2476
1403 2475
1404 2474
1405 2473
1405 2472
1406 2471
1407 2470
1407 2469
1408 2468
1409 2467
1410 2466
1410 2465
1411 2464
1411 2463
1411 2462
1412 2461
1412 2460
1413 2459
1413 2458
1414 2457
1414 2456
1415 2455
1416 2454
1417 2453
1418 2452
1419 2452
1420 2452
1421 2451
1422 2450
1423 2450
1424 2449
1425 2449
1426 2448
1427 2448
1428 2447
1429 2446
1430 2445
1431 2445
1432 2444
1433 2443
1434 2443
1435 2442
1436 2441
1437 2441
1438 2440
1439 2439
1440 2438
1441 2438
1442 2437
1443 2436
1444 2436
1445 2435
1446 2434
1447 2433
1448 2432
1449 2432
1450 2431
1451 2430
1452 2430
1453 2429
1454 2428
1455 2427
1456 2426
1457 2425
1458 2425
1459 2424
1460 2423
1461 2423
1462 2422
1463 2421
1464 2420
1465 2419
1466 2418
1467 2417
1467 2416
1468 2415
1469 2414
1470 2413
1471 2412
1472 2411
1473 2410
1474 2410
1475 2409
1476 2408
1477 2408
1478 2407
1479 2406
1480 2405
1481 2404
1482 2404
1483 2403
1484 2403
1485 2403
1486 2402
1487 2402
1488 2401
1489 2400
1490 2399
1491 2399
1492 2398
1493 2397
1494 2396
1495 2395
1496 2395
1497 2394
1497 2393
1498 2392
1499 2391
1500 2390
1501 2389
1502 2389
1503 2388
1504 2387
1505 2387
1506 2386
1507 2386
1508 2386
1509 2386
1510 2386
1511 2385
1512 2385
1513 2384
1514 2383
1515 2382
1516 2382
1517 2381
1518 2381
1519 2381
1520 2380
1521 2379
1522 2378
1523 2378
1524 2377
1525 2377
1526 2376
1527 2376
1528 2376
1529 2376
1530 2375
1531 2375
1532 2374
1533 2374
1534 2373
1535 2373
1536 2373
1537 2372
1538 2371
1539 2371
1540 2370
1541 2369
1542 2368
1543 2367
1544 2367
1545 2366
1546 2365
1547 2364
1548 2364
1549 2363
1550 2362
1551 2361
1552 2361
1553 2360
1554 2360
1555 2360
1556 2359
1557 2359
1558 2358
1559 2357
1560 2357
1561 2356
1562 2356
1563 2355
1564 2354
1565 2354
1566 2353
1567 2352
1568 2352
1569 2351
1570 2350
1571 2349
1572 2349
1573 2348
1574 2347
1575 2347
1576 2346
1577 2345
1578 2344
1579 2343
1580 2342
1581 2341
1582 2340
1583 2339
1584 2339
1585 2338
1586 2337
1587 2336
1588 2335
1589 2335
1590 2334
1591 2334
1592 2333
1593 2333
1594 2332
1595 2331
1596 2331
1597 2330
1598 2329
1599 2328
1600 2327
1601 2326
1602 2325
1603 2324
1604 2323
1605 2322
1606 2322
1607 2321
1608 2320
1609 2319
1610 2318
1611 2318
1612 2317
1613 2317
1614 2316
1615 2316
1616 2316
1617 2316
1618 2315
1619 2315
1620 2314
1621 2314
1622 2313
1623 2313
1624 2312
1625 2312
1626 2311
1627 2311
1628 2311
1629 2310
1630 2309
1631 2309
1632 2308
1633 2308
1634 2307
1635 2306
1636 2306
1637 2305
1638 2305
1639 2305
1640 2304
1641 2304
1642 2304
1643 2304
1644 2303
1645 2303
1646 2303
1647 2303
1648 2303
1649 2303
1650 2303
1651 2303
1652 2303
1653 2303
1654 2303
1655 2303
1656 2303
1657 2303
1658 2303
1659 2303
1660 2303
1661 2302
1662 2302
1663 2302
1664 2302
1665 2302
1666 2302
1667 2302
1668 2302
1669 2302
1670 2302
1671 2302
1672 2302
1673 2302
1674 2302
1675 2302
1676 2302
1677 2302
1678 2302
1679 2302
1680 2302
1681 2302
1682 2302
1683 2302
1684 2302
1685 2302
1686 2302
1687 2302
1688 2302
1689 2302
1690 2302
1691 2302
1692 2302
1693 2302
1694 2302
1695 2302
1696 2302
1697 2302
1698 2302
1699 2302
1700 2302
1701 2302
1702 2302
1703 2302
1704 2302
1705 2302
1706 2302
1707 2302
1708 2302
1709 2302
1710 2302
1711 2302
1712 2302
1713 2301
1714 2301
1715 2300
1716 2300
1717 2299
1718 2299
1719 2299
1720 2299
1721 2298
1722 2298
1723 2298
1724 2298
1725 2298
1726 2297
1727 2297
1728 2296
1729 2296
1730 2295
1731 2294
1732 2294
1733 2294
1734 2294
1735 2294
1736 2293
1737 2293
1738 2293
1739 2293
1740 2293
1741 2293
1742 2293
1743 2293
1744 2292
1745 2292
1746 2292
1747 2292
1748 2291
1749 2291
1750 2290
1751 2290
1752 2289
1753 2289
1754 2288
1755 2288
1756 2287
1757 2287
1758 2287
1759 2287
1760 2287
1761 2287
1762 2287
1763 2287
1764 2286
1765 2286
1766 2286
1767 2286
1768 2286
1769 2286
1770 2286
1771 2286
1772 2286
1773 2286
1774 2286
1775 2286
1776 2286
1777 2286
1778 2286
1779 2286
1780 2286
1781 2286
1782 2286
1783 2286
1784 2286
1785 2286
1786 2286
1787 2286
1788 2286
1789 2286
1790 2286
1791 2286
1792 2286
1793 2286
1794 2286
1795 2286
1796 2286
1797 2286
1798 2286
1799 2286
1800 2286
1801 2286
1802 2286
1803 2286
1804 2286
1805 2286
1806 2286
1807 2286
1808 2286
1809 2286
1810 2286
1811 2286
1812 2286
1813 2286
1814 2286
1815 2286
1816 2286
1817 2286
1818 2286
1819 2286
1820 2286
1821 2286
1822 2286
1823 2286
1824 2286
1825 2286
1826 2286
1827 2286
1828 2286
1829 2286
1830 2286
1831 2286
1832 2286
1833 2286
1834 2286
1835 2286
1836 2286
1837 2286
1838 2285
1839 2285
1840 2285
1841 2284
1842 2284
1843 2283
1844 2283
1845 2283
1846 2283
1847 2282
1848 2282
1849 2282
1850 2282
1851 2282
1852 2282
1853 2282
1854 2281
1855 2281
1856 2281
1857 2281
1858 2281
1859 2281
1860 2280
1861 2280
1862 2279
1863 2279
1864 2278
1865 2278
1866 2278
1867 2277
1868 2277
1869 2277
1870 2277
1871 2276
1872 2276
1873 2275
1874 2275
1875 2274
1876 2274
1877 2273
1878 2273
1879 2273
1880 2272
1881 2272
1882 2272
1883 2272
1884 2271
1885 2271
1886 2271
1887 2271
1888 2271
1889 2271
1890 2271
1891 2270
1892 2270
1893 2270
1894 2270
1895 2270
1896 2270
1897 2270
1898 2270
1899 2270
1900 2269
1901 2269
1902 2268
1903 2268
1904 2268
1905 2267
1906 2267
1907 2266
1908 2266
1909 2266
1910 2266
1911 2266
1912 2265
1913 2265
1914 2265
1915 2265
1916 2265
1917 2265
1918 2265
1919 2265
1920 2265
1921 2265
1922 2264
1923 2264
1924 2263
1925 2263
1926 2262
1927 2262
1928 2261
1929 2261
1930 2261
1931 2260
1932 2260
1933 2260
1934 2260
1935 2260
1936 2260
1937 2260
1938 2259
1939 2259
1940 2259
1941 2259
1942 2259
1943 2259
1944 2259
1945 2259
1946 2259
1947 2259
1948 2259
1949 2259
1950 2259
1951 2259
1952 2259
1953 2259
1954 2259
1955 2259
1956 2258
1957 2258
1958 2258
1959 2257
1960 2257
1961 2257
1962 2257
1963 2256
1964 2256
1965 2256
1966 2256
1967 2255
1968 2255
1969 2255
1970 2255
1971 2255
1972 2255
1973 2254
1974 2254
1975 2254
1976 2254
1977 2254
1978 2254
1979 2254
1980 2254
1981 2254
1982 2254
1983 2254
1984 2254
1985 2254
1986 2254
1987 2254
1988 2254
1989 2253
1990 2253
1991 2253
1992 2253
1993 2253
1994 2253
1995 2253
1996 2253
1997 2253
1998 2253
1999 2253
2000 2253
2001 2253
2002 2253
2003 2253
2004 2253
2005 2253
2006 2253
2007 2253
2008 2253
2009 2253
2010 2253
2011 2253
2012 2253
2013 2253
2014 2253
2015 2253
2016 2253
2017 2253
2018 2253
2019 2253
2020 2253
2021 2253
2022 2253
2023 2253
2024 2253
2025 2253
2026 2253
2027 2253
2028 2253
2029 2253
2030 2253
2031 2253
2032 2253
2033 2253
2034 2253
2035 2253
2036 2253
2037 2253
2038 2253
2039 2253
2040 2253
2041 2253
2042 2253
2043 2253
2044 2253
2045 2253
2046 2253
2047 2253
2048 2253
2049 2253
2050 2253
2051 2253
2052 2253
2053 2253
2054 2253
2055 2253
2056 2253
2057 2253
2058 2253
2059 2253
2060 2253
2061 2253
2062 2253
2063 2253
2064 2253
2065 2253
2066 2253
2067 2253
2068 2253
2069 2253
2070 2253
2071 2253
2072 2253
2073 2253
2074 2253
2075 2253
2076 2253
2077 2253
2078 2253
2079 2253
2080 2253
2081 2253
2082 2253
2083 2253
2084 2253
2085 2253
2086 2253
2087 2253
2088 2253
2089 2253
2090 2253
2091 2253
2092 2253
2093 2253
2094 2253
2095 2253
2096 2253
2097 2253
2098 2253
2099 2253
2100 2253
2101 2253
2102 2253
2103 2253
2104 2253
2105 2253
2106 2253
2107 2253
2108 2253
2109 2253
2110 2253
2111 2253
2112 2253
2113 2253
2114 2253
2115 2253
2116 2253
2117 2253
2118 2252
2119 2252
2120 2252
2121 2251
2122 2251
2123 2250
2124 2250
2125 2250
2126 2250
2127 2250
2128 2249
2129 2249
2130 2249
2131 2249
2132 2249
2133 2249
2134 2249
2135 2249
2136 2249
2137 2249
2138 2248
2139 2248
2140 2248
2141 2248
2142 2248
2143 2248
2144 2248
2145 2248
2146 2248
2147 2248
2148 2248
2149 2248
2150 2248
2151 2248
2152 2248
2153 2248
2154 2248
2155 2248
2156 2248
2157 2248
2158 2248
2159 2248
2160 2248
2161 2248
2162 2248
2163 2248
2164 2248
2165 2248
2166 2248
2167 2248
2168 2248
2169 2248
2170 2248
2171 2248
2172 2248
2173 2248
2174 2248
2175 2248
2176 2248
2177 2248
2178 2249
2179 2250
2180 2250
2181 2251
2182 2251
2183 2251
2184 2251
2185 2252
2186 2252
2187 2252
2188 2252
2189 2252
2190 2253
2191 2253
2192 2253
2193 2253
2194 2253
2195 2253
2196 2253
2197 2253
2198 2253
2199 2253
2200 2253
2201 2253
2202 2253
2203 2253
2204 2253
2205 2253
2206 2253
2207 2253
2208 2253
2209 2253
2210 2253
2211 2253
2212 2253
2213 2253
2214 2253
2215 2253
2216 2253
2217 2253
2218 2253
2219 2253
2220 2253
2221 2253
2222 2253
2223 2253
2224 2253
2225 2253
2226 2253
2227 2254
2228 2254
2229 2254
2230 2254
2231 2255
2232 2255
2233 2256
2234 2256
2235 2256
2236 2257
2237 2257
2238 2257
2239 2257
2240 2257
2241 2258
2242 2258
2243 2258
2244 2258
2245 2258
2246 2258
2247 2258
2248 2259
2249 2259
2250 2260
2251 2261
2252 2261
2253 2262
2254 2262
2255 2262
2256 2263
2257 2263
2258 2263
2259 2263
2260 2263
2261 2264
2262 2264
2263 2265
2264 2265
2265 2266
2266 2266
2267 2267
2268 2268
2269 2268
2270 2268
2271 2268
2272 2268
2273 2269
2274 2269
2275 2269
2276 2269
2277 2269
2278 2269
2279 2270
2280 2270
2281 2270
2282 2271
2283 2272
2284 2272
2285 2273
2286 2273
2287 2274
2288 2274
2289 2274
2290 2274
2291 2274
2292 2274
2293 2275
2294 2275
2295 2275
2296 2275
2297 2275
2297 2274
2297 2273
2298 2272
2299 2271
2300 2271
2301 2271
2302 2270
2303 2270
2304 2270
2305 2271
2306 2272
2307 2272
2308 2272
2309 2273
2310 2273
2311 2273
2312 2274
2313 2274
2314 2274
2315 2274
2316 2275
2317 2275
2318 2276
2319 2277
2320 2277
2321 2278
2322 2278
2323 2279
2324 2279
2325 2279
2326 2280
2327 2280
2328 2280
2329 2280
2330 2280
2331 2280
2332 2281
2333 2281
2334 2282
2335 2282
2336 2283
2337 2283
2338 2283
2339 2284
2340 2284
2341 2284
2342 2284
2343 2285
2344 2285
2345 2285
2346 2286
2347 2287
2348 2288
2349 2288
2350 2289
2351 2290
2352 2291
2353 2292
2354 2292
2355 2293
2356 2294
2357 2294
2358 2295
2359 2295
2360 2296
2361 2296
2362 2297
2363 2298
2364 2299
2365 2299
2366 2300
2367 2301
2368 2302
2369 2302
2370 2303
2371 2304
2372 2304
2373 2305
2374 2305
2375 2306
2376 2306
2377 2307
2378 2308
2379 2309
2380 2310
2381 2311
2382 2312
2383 2313
2384 2314
2385 2315
2386 2316
2387 2317
2388 2318
2389 2319
2390 2320
2391 2321
2392 2322
2393 2322
2394 2323
2395 2324
2396 2325
2397 2326
2398 2326
2399 2327
2400 2328
2401 2328
2402 2329
2403 2330
2404 2331
2405 2331
2406 2332
2407 2333
2408 2333
2409 2334
2410 2334
2411 2335
2412 2335
2413 2336
2414 2336
2415 2337
2416 2337
2417 2338
2418 2339
2419 2339
2420 2340
2421 2341
2422 2342
2423 2343
2424 2344
2425 2345
2426 2346
2426 2347
2427 2348
2428 2349
2429 2349
2430 2349
2431 2350
2432 2350
2433 2350
2434 2351
2435 2351
2436 2352
2437 2353
2438 2353
2439 2354
2440 2354
2441 2354
2442 2355
2443 2355
2444 2355
2445 2355
2446 2355
2447 2356
2448 2356
2449 2357
2450 2357
2451 2358
2452 2358
2453 2359
2454 2359
2455 2359
2456 2360
2457 2360
2458 2360
2459 2360
2460 2360
2461 2360
2462 2361
2463 2361
2464 2361
2465 2361
2466 2361
2467 2361
2468 2361
2469 2361
2470 2361
2471 2362
2472 2362
2473 2362
2474 2363
2475 2363
2476 2364
2477 2364
2478 2365
2479 2365
2480 2366
2481 2366
2482 2366
2483 2366
2484 2366
2485 2367
2486 2367
2487 2367
2488 2367
2489 2367
2490 2367
2491 2367
2492 2367
2493 2367
2494 2367
2495 2368
2496 2368
2497 2369
2498 2369
2499 2370
2500 2370
2501 2370
2502 2371
2503 2371
2504 2371
2505 2371
2506 2372
2507 2372
2508 2372
2509 2373
2510 2373
2511 2374
2512 2374
2513 2375
2514 2375
2515 2376
2516 2376
2517 2377
2518 2377
2519 2377
2520 2378
2521 2378
2522 2379
2523 2379
2524 2380
2525 2381
2526 2381
2527 2381
2528 2382
2529 2382
2530 2382
2531 2382
2532 2383
2533 2384
2534 2385
2535 2385
2536 2386
2537 2386
2538 2387
2539 2387
2540 2388
2541 2388
2542 2388
2543 2389
2544 2390
2545 2391
2546 2392
2547 2393
2548 2393
2549 2394
2550 2395
2551 2396
2552 2396
2553 2397
2554 2397
2555 2398
2556 2398
2557 2398
2558 2399
2559 2399
2560 2400
2561 2400
2562 2401
2563 2402
2564 2402
2565 2403
2566 2403
2567 2404
2568 2404
2569 2404
2570 2405
2571 2406
2572 2406
2573 2407
2574 2407
2575 2408
2576 2408
2577 2409
2578 2409
2579 2409
2580 2410
2581 2411
2582 2411
2583 2412
2584 2413
2585 2413
2586 2414
2587 2415
2588 2416
2589 2417
2590 2417
2591 2418
2592 2419
2593 2419
2594 2419
2595 2420
2596 2420
2597 2420
2598 2421
2599 2422
2600 2422
2601 2423
2602 2424
2603 2424
2604 2425
2605 2425
2606 2426
2607 2426
2608 2427
2609 2427
2610 2428
2611 2429
2612 2429
2613 2430
2614 2430
2615 2430
2616 2431
2617 2431
2618 2431
2619 2431
2620 2432
2621 2432
2622 2432
2623 2432
2624 2432
2625 2432
2626 2432
2627 2433
2628 2433
2629 2433
2630 2434
2631 2434
2632 2435
2633 2435
2634 2436
2635 2436
2636 2436
2637 2437
2638 2438
2639 2438
2640 2439
2641 2439
2642 2440
2643 2440
2644 2441
2645 2441
2646 2442
2647 2442
2648 2442
2649 2442
2650 2443
2651 2443
2652 2443
2653 2444
2654 2445
2655 2445
2656 2446
2657 2446
2658 2447
2659 2447
2660 2448
2661 2448
2662 2449
2663 2449
2664 2450
2665 2451
2666 2451
2667 2452
2668 2452
2669 2453
2670 2453
2671 2453
2672 2453
2673 2454
2674 2454
2675 2455
2676 2455
2677 2456
2678 2456
2679 2457
2680 2458
2681 2459
2682 2460
2683 2461
2684 2461
2685 2462
2686 2462
2687 2463
2688 2463
2689 2464
2690 2464
2691 2465
2692 2465
2693 2466
2694 2466
2695 2467
2696 2467
2697 2467
2698 2468
2699 2468
2700 2469
2701 2469
2702 2470
2703 2470
2704 2471
2705 2471
2706 2472
2707 2472
2708 2472
2709 2473
2710 2473
2711 2474
2712 2474
2713 2474
2714 2475
2715 2475
2716 2475
2717 2475
2718 2476
2719 2476
2720 2476
2721 2476
2722 2477
2723 2477
2724 2478
2725 2478
2726 2478
2727 2479
2728 2479
2729 2479
2730 2480
2731 2480
2732 2481
2733 2481
2734 2482
2735 2483
2736 2483
2737 2483
2738 2484
2739 2484
2740 2485
2741 2485
2742 2485
2743 2486
2744 2486
2745 2486
2746 2486
2747 2486
2748 2487
2749 2487
2750 2487
2751 2487
2752 2487
2753 2487
2754 2487
2755 2488
2756 2488
2757 2489
2758 2489
2759 2489
2760 2490
2761 2490
2762 2491
2763 2491
2764 2491
2765 2491
2766 2492
2767 2492
2768 2492
2769 2492
2770 2492
2771 2492
2772 2492
2773 2493
2774 2493
2775 2493
2776 2493
2777 2494
2778 2494
2779 2495
2780 2495
2781 2495
2782 2496
2783 2496
2784 2496
2785 2497
2786 2497
2787 2497
2788 2497
2789 2497
2790 2498
2791 2498
2792 2498
2793 2498
2794 2498
2795 2498
2796 2498
2797 2498
2798 2498
2799 2498
2800 2498
2801 2498
2802 2499
2803 2499
2804 2499
2805 2500
2806 2501
2807 2501
2808 2502
2809 2502
2810 2503
2811 2504
2812 2505
2813 2505
2814 2506
2815 2506
2816 2507
2817 2507
2818 2508
2819 2508
2820 2508
2821 2508
2822 2508
2823 2509
2824 2510
2825 2511
2826 2512
2827 2512
2828 2513
2829 2513
2830 2514
2831 2514
2832 2515
2833 2515
2834 2516
2835 2517
2836 2518
2837 2518
2838 2519
2839 2519
2840 2520
2841 2521
2842 2521
2843 2522
2844 2522
2845 2523
2846 2524
2847 2524
2848 2525
2847 2524
2846 2523
2845 2522
2844 2521
2843 2520
2842 2519
2841 2518
2840 2517
2839 2516
2838 2515
2838 2514
2839 2513
2840 2513
2841 2513
2842 2514
2843 2514
2844 2515
2845 2515
2846 2516
2847 2516
2848 2517
2849 2517
2850 2518
2851 2518
2852 2519
2853 2519
2854 2520
2855 2520
2856 2521
2857 2521
2858 2521
2859 2522
2859 2523
2860 2523
2861 2524
2862 2524
2863 2525
2864 2525
2865 2526
2866 2527
2867 2527
2868 2528
2869 2528
2870 2529
2871 2529
2872 2530
2873 2531
2874 2531
2875 2532
2876 2533
2877 2533
2878 2534
2879 2534
2880 2535
2881 2535
2882 2535
2883 2536
2884 2537
2885 2538
2886 2539
2887 2540
2888 2540
2889 2540
2890 2541
2891 2541
2892 2541
2893 2541
2894 2542
2895 2542
2896 2543
2897 2543
2898 2544
2899 2544
2900 2545
2901 2545
2902 2546
2903 2546
2904 2546
2905 2547
2906 2547
2907 2547
2908 2547
2909 2547
2910 2548
2911 2548
2912 2549
2913 2550
2914 2550
2915 2551
2916 2552
2917 2553
2918 2554
2919 2554
2920 2555
2921 2556
2922 2556
2923 2557
2924 2558
2925 2559
2926 2559
2927 2560
2928 2561
2929 2562
2930 2562
2931 2562
2932 2563
2933 2564
2934 2564
2935 2565
2936 2565
2937 2566
2938 2567
2939 2567
2940 2568
2941 2568
2942 2569
2943 2570
2944 2570
2945 2571
2946 2572
2947 2572
2948 2573
2949 2573
2950 2573
2951 2574
2952 2574
2953 2574
2954 2574
2955 2574
2956 2574
2957 2574
2958 2575
2959 2575
2960 2576
2961 2576
2962 2577
2963 2578
2964 2579
2965 2580
2966 2580
2967 2581
2968 2582
2969 2582
2970 2583
2971 2584
2972 2585
2973 2586
2974 2587
2975 2587
2976 2587
2977 2588
2978 2588
2979 2589
2980 2589
2981 2589
2982 2589
2983 2590
2984 2590
2985 2590
2986 2590
2987 2590
2988 2590
2989 2591
2990 2591
2991 2591
2992 2591
2993 2591
2994 2591
2995 2591
2996 2591
2997 2591
2998 2591
2999 2591
3000 2591
3001 2591
3002 2591
3003 2592
3004 2592
3005 2593
3006 2593
3007 2594
3008 2594
3009 2595
3010 2595
3011 2595
3012 2595
3013 2596
3014 2596
3015 2596
3016 2596
3017 2597
3018 2597
3019 2598
3020 2598
3021 2598
3022 2599
3023 2599
3024 2599
3025 2600
3026 2600
3027 2600
3028 2600
3029 2601
3030 2601
3031 2601
3032 2602
3033 2602
3034 2603
3035 2603
3036 2604
3037 2604
3038 2605
3039 2605
3040 2605
3041 2606
3042 2606
3043 2606
3044 2606
3045 2606
3046 2607
3047 2607
3048 2607
3049 2608
3050 2608
3051 2609
3052 2609
3053 2609
3054 2610
3055 2610
3056 2611
3057 2611
3058 2611
3059 2612
3060 2612
3061 2613
3062 2613
3063 2614
3064 2615
3065 2615
3066 2616
3067 2616
3068 2617
3069 2617
3070 2617
3071 2617
3072 2617
3073 2618
3074 2618
3075 2618
3076 2618
3077 2619
3078 2619
3079 2620
3080 2620
3081 2620
3082 2621
3083 2621
3084 2622
3085 2622
3086 2622
3087 2623
3088 2623
3089 2624
3090 2624
3091 2624
3092 2625
3093 2625
3094 2626
3095 2627
3096 2627
3097 2627
3098 2628
3099 2628
3100 2628
3101 2628
3102 2628
3103 2629
3104 2629
3105 2629
3106 2629
3107 2629
3108 2629
3109 2629
3110 2629
3111 2629
3112 2629
3113 2629
3114 2629
3115 2629
3116 2629
3117 2629
3118 2629
3119 2629
3120 2629
3121 2629
3122 2630
3123 2630
3124 2630
3125 2630
3126 2630
3127 2630
3128 2630
3129 2630
3130 2630
3131 2630
3132 2630
3133 2630
3134 2630
3135 2630
3136 2630
3137 2630
3138 2630
3139 2630
3140 2630
3141 2630
3142 2630
3143 2630
3144 2630
3145 2630
3146 2630
3147 2630
3148 2630
3149 2630
3150 2630
3151 2630
3152 2630
3153 2630
3154 2630
3155 2630
3156 2630
3157 2630
3158 2630
3159 2630
3160 2630
3161 2630
3162 2630
3163 2630
3164 2630
3165 2630
3166 2630
3167 2630
3168 2630
3169 2630
3170 2630
3171 2630
3172 2630
3173 2630
3174 2630
3175 2630
3176 2630
3177 2630
3178 2630
3179 2630
3180 2630
3181 2630
3182 2630
3183 2630
3184 2630
3185 2630
3186 2630
3187 2630
3188 2630
3189 2630
3190 2630
3191 2630
3192 2630
3193 2630
3194 2630
3195 2630
3196 2630
3197 2630
3198 2630
3199 2630
3200 2630
3201 2630
3202 2630
3203 2630
3204 2630
3205 2630
3206 2630
3207 2631
3208 2631
3209 2631
3210 2632
3211 2632
3212 2633
3213 2633
3214 2633
3215 2633
3216 2633
3217 2634
3218 2634
3219 2634
3220 2634
3221 2634
3222 2634
3223 2634
3224 2635
3225 2635
3226 2635
3227 2635
3228 2635
3229 2635
3230 2636
3231 2636
3232 2637
3233 2637
3234 2637
3235 2638
3236 2638
3237 2638
3238 2639
3239 2639
3240 2639
3241 2639
3242 2639
3243 2640
3244 2640
3245 2640
3246 2641
3247 2641
3248 2642
3249 2643
3250 2643
3251 2644
3252 2644
3253 2644
3254 2644
3255 2645
3256 2645
3257 2645
3258 2645
3259 2645
3260 2645
3261 2645
3262 2645
3263 2645
3264 2646
3265 2646
3266 2646
3267 2646
3268 2646
3269 2646
3270 2646
3271 2646
3272 2646
3273 2646
3274 2646
3275 2646
3276 2646
3277 2646
3278 2646
3279 2646
3280 2646
3281 2646
3282 2646
3283 2646
3284 2646
3285 2646
3286 2646
3287 2646
3288 2646
3289 2646
3290 2646
3291 2646
3292 2646
3293 2646
3294 2646
3295 2646
3296 2646
3297 2645
3298 2645
3299 2645
3300 2644
3301 2644
3302 2643
3303 2643
3304 2642
3305 2642
3306 2641
3307 2641
3308 2640
3309 2640
3310 2639
3311 2639
3312 2639
3313 2638
3314 2638
3315 2638
3316 2637
3317 2637
3318 2636
3319 2635
3320 2634
3321 2634
3322 2634
3323 2633
3324 2632
3325 2631
3326 2630
3327 2629
3328 2629
3329 2628
3330 2627
3331 2626
3332 2625
3333 2624
3334 2624
3335 2623
3336 2623
3337 2622
3338 2622
3339 2622
3340 2621
3341 2621
3342 2621
3343 2620
3344 2620
3345 2619
3346 2619
3347 2618
3348 2618
3349 2617
3350 2617
3351 2616
3352 2616
3353 2616
3354 2615
3355 2615
3356 2614
3357 2614
3358 2613
3359 2612
3360 2612
3361 2612
3362 2611
3363 2611
3364 2610
3365 2610
3366 2610
3367 2609
3368 2609
3369 2608
3370 2607
3371 2607
3372 2606
3373 2606
3374 2606
3375 2605
3376 2604
3377 2604
3378 2603
3379 2602
3380 2601
3381 2601
3382 2600
3383 2600
3384 2600
3385 2599
3386 2598
3387 2598
3388 2597
3389 2597
3390 2596
3391 2595
3392 2595
3393 2594
3394 2594
3395 2594
3396 2593
3397 2592
3398 2592
3399 2591
3400 2591
3401 2590
3402 2589
3403 2589
3404 2588
3405 2588
3406 2587
3407 2586
3407 2585
3408 2584
3409 2583
3410 2582
3411 2581
3412 2580
3413 2579
3414 2578
3415 2577
3416 2576
3417 2575
3418 2575
3419 2574
3420 2573
3421 2572
3422 2571
3423 2570
3424 2569
3425 2568
3426 2567
3427 2567
3428 2566
3429 2566
3430 2565
3430 2564
3431 2563
3432 2562
3432 2561
3433 2560
3434 2559
3435 2558
3435 2557
3436 2556
3436 2555
3437 2554
3438 2553
3439 2552
3440 2551
3441 2550
3442 2550
3443 2549
3444 2548
3445 2547
3446 2546
3447 2545
3447 2544
3448 2543
3448 2542
3448 2541
3448 2540
3449 2539
3449 2538
3450 2537
3451 2536
3451 2535
3452 2534
3452 2533
3452 2532
3453 2531
3453 2530
3454 2529
3454 2528
3455 2527
3456 2526
3456 2525
3457 2524
3457 2523
3458 2522
3458 2521
3458 2520
3459 2519
3459 2518
3459 2517
3459 2516
3460 2515
3460 2514
3460 2513
3461 2512
3461 2511
3461 2510
3462 2509
3462 2508
3462 2507
3463 2506
3463 2505
3463 2504
3463 2503
3464 2502
3464 2501
3464 2500
3465 2499
3465 2498
3466 2497
3466 2496
3466 2495
3467 2494
3467 2493
3468 2492
3468 2491
3468 2490
3469 2489
3469 2488
3470 2487
3470 2486
3470 2485
3470 2484
3471 2483
3471 2482
3471 2481
3471 2480
3471 2479
3471 2478
3471 2477
3472 2476
3472 2475
3472 2474
3473 2473
3473 2472
3474 2471
3474 2470
3474 2469
3474 2468
3475 2467
3475 2466
3475 2465
3476 2464
3476 2463
3476 2462
3476 2461
3476 2460
3476 2459
3476 2458
3476 2457
3476 2456
3477 2455
3477 2454
3477 2453
3477 2452
3477 2451
3477 2450
3477 2449
3477 2448
3477 2447
3478 2446
3478 2445
3479 2444
3479 2443
3480 2442
3480 2441
3481 2440
3481 2439
3481 2438
3481 2437
3481 2436
3481 2435
3482 2434
3482 2433
3482 2432
3482 2431
3482 2430
3482 2429
3482 2428
3482 2427
3482 2426
3482 2425
3482 2424
3482 2423
3482 2422
3482 2421
3482 2420
3482 2419
3482 2418
3483 2417
3483 2416
3483 2415
3483 2414
3483 2413
3483 2412
3483 2411
3483 2410
3483 2409
3483 2408
3484 2407
3484 2406
3484 2405
3484 2404
3485 2403
3485 2402
3485 2401
3486 2400
3486 2399
3486 2398
3486 2397
3486 2396
3487 2395
3487 2394
3487 2393
3487 2392
3487 2391
3487 2390
3487 2389
3487 2388
3488 2387
3488 2386
3488 2385
3488 2384
3488 2383
3488 2382
3488 2381
3488 2380
3488 2379
3488 2378
3488 2377
3488 2376
3488 2375
3488 2374
3488 2373
3488 2372
3488 2371
3488 2370
3488 2369
3488 2368
3488 2367
3488 2366
3488 2365
3488 2364
3488 2363
3488 2362
3488 2361
3488 2360
3488 2359
3488 2358
3488 2357
3488 2356
3488 2355
3488 2354
3488 2353
3488 2352
3488 2351
3488 2350
3488 2349
3488 2348
3488 2347
3488 2346
3488 2345
3488 2344
3488 2343
3488 2342
3488 2341
3488 2340
3488 2339
3488 2338
3488 2337
3488 2336
3488 2335
3488 2334
3488 2333
3488 2332
3488 2331
3488 2330
3488 2329
3488 2328
3488 2327
3488 2326
3488 2325
3488 2324
3488 2323
3488 2322
3488 2321
3488 2320
3488 2319
3488 2318
3488 2317
3488 2316
3488 2315
3488 2314
3488 2313
3488 2312
3488 2311
3488 2310
3487 2309
3487 2308
3487 2307
3486 2306
3486 2305
3486 2304
3485 2303
3485 2302
3485 2301
3485 2300
3485 2299
3484 2298
3484 2297
3484 2296
3484 2295
3484 2294
3484 2293
3484 2292
3484 2291
3484 2290
3483 2289
3483 2288
3483 2287
3483 2286
3482 2285
3482 2284
3482 2283
3481 2282
3481 2281
3481 2280
3480 2279
3480 2278
3479 2277
3479 2276
3479 2275
3478 2274
3478 2273
3477 2272
3477 2271
3477 2270
3476 2269
3476 2268
3476 2267
3475 2266
3475 2265
3475 2264
3474 2263
3474 2262
3474 2261
3474 2260
3474 2259
3474 2258
3473 2257
3473 2256
3473 2255
3473 2254
3473 2253
3472 2252
3472 2251
3472 2250
3471 2249
3471 2248
3470 2247
3470 2246
3470 2245
3469 2244
3469 2243
3469 2242
3469 2241
3469 2240
3468 2239
3468 2238
3468 2237
3468 2236
3468 2235
3468 2234
3468 2233
3467 2232
3467 2231
3467 2230
3467 2229
3467 2228
3467 2227
3467 2226
3467 2225
3467 2224
3467 2223
3467 2222
3467 2221
3467 2220
3467 2219
3466 2218
3466 2217
3465 2216
3464 2215
3464 2214
3463 2213
3463 2212
3463 2211
3462 2210
3462 2209
3462 2208
3462 2207
3462 2206
3462 2205
3462 2204
3462 2203
3462 2202
3462 2201
3461 2200
3461 2199
3461 2198
3461 2197
3461 2196
3461 2195
3461 2194
3461 2193
3461 2192
3461 2191
3461 2190
3461 2189
3461 2188
3461 2187
3461 2186
3461 2185
3461 2184
3461 2183
3461 2182
3461 2181
3461 2180
3461 2179
3461 2178
3461 2177
3461 2176
3461 2175
3461 2174
3461 2173
3461 2172
3461 2171
3461 2170
3461 2169
3460 2168
3460 2167
3459 2166
3459 2165
3458 2164
3458 2163
3458 2162
3457 2161
3457 2160
3456 2159
3456 2158
3455 2157
3455 2156
3454 2155
3454 2154
3453 2153
3453 2152
3453 2151
3452 2150
3452 2149
3452 2148
3452 2147
3451 2146
3451 2145
3450 2144
3449 2143
3448 2142
3448 2141
3447 2140
3447 2139
3447 2138
3446 2137
3446 2136
3445 2135
3444 2134
3444 2133
3443 2132
3443 2131
3442 2130
3442 2129
3441 2128
3440 2127
3439 2126
3438 2125
3437 2124
3437 2123
3437 2122
3436 2121
3436 2120
3435 2119
3434 2118
3433 2117
3432 2116
3431 2115
3431 2114
3430 2113
3429 2112
3429 2111
3428 2110
3427 2109
3426 2108
3425 2107
3424 2106
3424 2105
3423 2104
3422 2103
3421 2103
3420 2102
3419 2101
3418 2100
3418 2099
3417 2098
3417 2097
3416 2096
3415 2095
3414 2094
3413 2093
3412 2093
3411 2092
3410 2091
3409 2090
3408 2089
3407 2088
3406 2087
3405 2086
3405 2085
3404 2084
3403 2083
3403 2082
3402 2081
3401 2080
3400 2079
3399 2078
3398 2077
3397 2076
3396 2075
3396 2074
3395 2073
3394 2072
3393 2071
3392 2070
3391 2070
3390 2069
3389 2068
3388 2067
3387 2066
3386 2065
3385 2065
3384 2064
3384 2063
3383 2062
3382 2061
3381 2060
3380 2059
3379 2058
3378 2057
3377 2056
3376 2056
3375 2055
3374 2054
3373 2053
3372 2052
3371 2051
3371 2050
3370 2049
3369 2048
3368 2047
3367 2046
3366 2045
3365 2044
3364 2043
3363 2042
3362 2041
3362 2040
3361 2039
3360 2038
3359 2038
3358 2037
3357 2036
3356 2035
3355 2034
3354 2033
3353 2032
3352 2032
3351 2031
3350 2030
3349 2030
3348 2029
3347 2029
3346 2028
3345 2028
3344 2027
3343 2026
3342 2025
3341 2024
3340 2024
3339 2023
3338 2022
3337 2021
3336 2020
3335 2019
3334 2019
3333 2018
3332 2018
3331 2017
3330 2016
3329 2015
3328 2015
3327 2014
3326 2014
3325 2013
3324 2012
3323 2012
3322 2011
3321 2011
3320 2011
3319 2010
3318 2010
3317 2010
3316 2009
3315 2008
3314 2007
3313 2007
3312 2006
3311 2006
3310 2005
3309 2005
3308 2004
3307 2004
3306 2003
3305 2002
3304 2002
3303 2001
3302 2001
3301 2001
3300 2000
3299 2000
3298 1999
3297 1998
3296 1998
3295 1997
3294 1997
3293 1996
3292 1995
3291 1995
3290 1994
3289 1993
3288 1992
3287 1991
3286 1991
3285 1990
3284 1990
3283 1989
3282 1988
3281 1988
3280 1987
3279 1987
3278 1986
3277 1985
3276 1985
3275 1984
3274 1984
3273 1984
3272 1983
3271 1983
3270 1982
3269 1982
3268 1981
3267 1980
3266 1980
3265 1979
3264 1978
3263 1978
3262 1978
3261 1977
3260 1977
3259 1977
3258 1976
3257 1976
3256 1976
3255 1975
3254 1975
3253 1974
3252 1973
3251 1973
3250 1973
3249 1972
3248 1972
3247 1972
3246 1971
3245 1971
3244 1971
3243 1971
3242 1971
3241 1971
3240 1971
3239 1971
3238 1971
3237 1971
3236 1970
3235 1970
3234 1970
3233 1969
3232 1968
3231 1968
3230 1967
3229 1967
3228 1966
3227 1966
3226 1966
3225 1966
3224 1966
3223 1965
3222 1965
3221 1965
3220 1965
3219 1965
3218 1965
3217 1965
3216 1965
3215 1965
3214 1965
3213 1965
3212 1964
3211 1964
3210 1964
3209 1963
3208 1963
3207 1962
3206 1962
3205 1961
3204 1961
3203 1961
3202 1961
3201 1961
3200 1960
3199 1960
3198 1960
3197 1960
3196 1960
3195 1960
3194 1960
3193 1960
3192 1960
3191 1960
3190 1959
3189 1959
3188 1959
3187 1958
3186 1958
3185 1957
3184 1957
3183 1956
3182 1956
3181 1956
3180 1955
3179 1955
3178 1954
3177 1954
3176 1953
3175 1953
3174 1952
3173 1952
3172 1951
3171 1951
3170 1950
3169 1950
3168 1950
3167 1950
3166 1950
3165 1950
3164 1949
3163 1949
3162 1949
3161 1949
3160 1949
3159 1949
3158 1949
3157 1949
3156 1949
3155 1949
3154 1949
3153 1949
3152 1949
3151 1948
3150 1948
3149 1948
3148 1948
3147 1948
3146 1948
3145 1948
3144 1948
3143 1948
3142 1948
3141 1948
3140 1948
3139 1948
3138 1948
3137 1948
3136 1948
3135 1948
3134 1948
3133 1948
3132 1948
3131 1948
3130 1948
3129 1948
3128 1948
3127 1948
3126 1948
3125 1948
3124 1948
3123 1948
3122 1948
3121 1948
3120 1948
3119 1948
3118 1948
3117 1948
3116 1948
3115 1948
3114 1948
3113 1948
3112 1948
3111 1948
3110 1948
3109 1948
3108 1948
3107 1948
3106 1948
3105 1948
3104 1948
3103 1948
3102 1948
3101 1948
3100 1948
3099 1948
3098 1948
3097 1948
3096 1948
3095 1948
3094 1948
3093 1948
3092 1948
3091 1948
3090 1948
3089 1948
3088 1948
3087 1948
3086 1948
3085 1948
3084 1948
3083 1948
3082 1948
3081 1948
3080 1948
3079 1948
3078 1948
3077 1948
3076 1948
3075 1948
3074 1948
3073 1948
3072 1948
3071 1948
3070 1948
3069 1948
3068 1948
3067 1948
3066 1948
3065 1948
3064 1948
3063 1948
3062 1948
3061 1948
3060 1948
3059 1948
3058 1948
3057 1948
3056 1948
3055 1948
3054 1948
3053 1948
3052 1948
3051 1948
3050 1948
3049 1948
3048 1948
3047 1948
3046 1948
3045 1948
3044 1948
3043 1948
3042 1948
3041 1948
3040 1948
3039 1948
3038 1948
3037 1948
3036 1948
3035 1948
3034 1948
3033 1948
3032 1948
3031 1948
3030 1948
3029 1948
3028 1948
3027 1948
3026 1948
3025 1948
3024 1948
3023 1948
3022 1948
3021 1948
3020 1948
3019 1948
3018 1948
3017 1948
3016 1948
3015 1948
3014 1948
3013 1948
3012 1948
3011 1948
3010 1948
3009 1948
3008 1948
3007 1948
3006 1948
3005 1948
3004 1948
3003 1948
3002 1948
3001 1948
3000 1948
2999 1948
2998 1948
2997 1948
2996 1948
2995 1948
2994 1948
2993 1948
2992 1948
2991 1948
2990 1948
2989 1948
2988 1948
2987 1948
2986 1948
2985 1948
2984 1948
2983 1948
2982 1948
2981 1948
2980 1948
2979 1948
2978 1948
2977 1948
2976 1948
2975 1948
2974 1948
2973 1948
2972 1948
2971 1948
2970 1948
2969 1948
2968 1948
2967 1948
2966 1948
2965 1948
2964 1948
2963 1948
2962 1948
2961 1948
2960 1948
2959 1948
2958 1948
2957 1948
2956 1948
2955 1948
2954 1948
2953 1948
2952 1948
2951 1948
2950 1948
2949 1948
2948 1948
2947 1948
2946 1948
2945 1948
2944 1948
2943 1948
2942 1948
