3010 1915
3010 1916
3009 1917
3009 1918
3008 1919
3007 1920
3006 1920
3005 1920
3004 1920
3003 1919
3003 1918
3003 1917
3002 1918
3002 1919
3001 1920
3000 1920
2999 1920
2998 1921
2997 1921
2996 1921
2995 1921
2994 1921
2993 1921
2992 1920
2991 1919
2991 1920
2990 1921
2989 1922
2988 1922
2987 1922
2986 1921
2986 1920
2986 1919
2985 1920
2985 1921
2984 1922
2983 1922
2982 1922
2981 1921
2981 1920
2981 1919
2981 1918
2981 1919
2981 1920
2981 1921
2981 1922
2981 1923
2980 1924
2979 1924
2978 1924
2977 1923
2977 1922
2977 1921
2976 1921
2975 1921
2974 1921
2973 1921
2972 1921
2971 1921
2971 1922
2970 1923
2969 1923
2968 1923
2969 1923
2970 1924
2970 1925
2970 1926
2970 1927
2969 1928
2968 1928
2967 1928
2966 1928
2965 1928
2964 1928
2963 1928
2962 1928
2961 1928
2960 1928
2959 1927
2958 1927
2957 1927
2956 1927
2955 1927
2954 1927
2953 1927
2953 1928
2952 1929
2951 1930
2950 1930
2949 1930
2948 1929
2948 1928
2948 1927
2947 1926
2947 1925
2946 1926
2945 1927
2945 1928
2944 1929
2943 1929
2942 1930
2941 1930
2940 1931
2939 1932
2938 1932
2937 1932
2936 1931
2936 1930
2936 1929
2935 1930
2935 1931
2935 1932
2934 1933
2933 1933
2932 1933
2931 1934
2930 1934
2929 1935
2928 1935
2927 1935
2926 1934
2925 1934
2924 1934
2923 1933
2922 1933
2921 1934
2921 1935
2920 1936
2919 1937
2918 1937
2917 1938
2916 1938
2915 1938
2914 1937
2913 1938
2912 1938
2911 1939
2910 1939
2909 1940
2909 1941
2908 1942
2907 1943
2906 1943
2906 1944
2905 1945
2904 1945
2903 1946
2902 1946
2901 1947
2900 1948
2899 1949
2898 1950
2897 1951
2896 1951
2895 1952
2894 1953
2893 1954
2892 1955
2891 1956
2890 1956
2889 1957
2888 1957
2887 1958
2886 1959
2885 1959
2884 1960
2883 1960
2882 1961
2881 1962
2880 1962
2879 1963
2878 1963
2877 1964
2876 1965
2875 1965
2874 1966
2873 1967
2872 1967
2871 1968
2870 1969
2869 1970
2868 1970
2867 1971
2866 1972
2865 1973
2864 1974
2863 1974
2862 1975
2861 1976
2860 1977
2859 1978
2858 1979
2857 1979
2856 1980
2855 1981
2854 1982
2853 1983
2852 1983
2851 1984
2850 1985
2849 1985
2848 1986
2847 1986
2846 1986
2845 1987
2844 1987
2843 1987
2842 1988
2841 1988
2840 1989
2839 1989
2838 1990
2837 1990
2836 1991
2835 1991
2834 1992
2833 1992
2832 1993
2831 1993
2830 1993
2829 1994
2828 1994
2827 1994
2826 1995
2825 1995
2824 1995
2823 1996
2822 1996
2821 1996
2820 1997
2819 1997
2818 1998
2817 1998
2816 1998
2815 1999
2814 1999
2813 2000
2812 2000
2811 2000
2810 2001
2809 2001
2808 2002
2807 2002
2806 2002
2805 2002
2804 2003
2803 2003
2802 2003
2801 2004
2800 2004
2799 2004
2798 2005
2797 2005
2796 2006
2795 2006
2794 2006
2793 2007
2792 2007
2791 2008
2790 2008
2789 2009
2788 2009
2787 2010
2786 2010
2785 2011
2784 2012
2783 2012
2782 2013
2781 2014
2780 2014
2779 2015
2778 2016
2777 2016
2776 2017
2775 2017
2774 2018
2773 2018
2772 2018
2771 2019
2770 2019
2769 2019
2768 2019
2767 2019
2766 2019
2765 2019
2764 2019
2763 2019
2762 2020
2761 2020
2760 2020
2759 2020
2758 2020
2757 2020
2756 2020
2755 2021
2754 2021
2753 2021
2752 2022
2751 2022
2750 2023
2749 2023
2748 2023
2747 2024
2746 2024
2745 2024
2744 2025
2743 2025
2742 2025
2741 2025
2740 2026
2739 2026
2738 2027
2737 2027
2736 2027
2735 2028
2734 2028
2733 2028
2732 2029
2731 2029
2730 2029
2729 2030
2728 2030
2727 2030
2726 2031
2725 2031
2724 2031
2723 2031
2722 2032
2721 2032
2720 2032
2719 2033
2718 2034
2717 2035
2716 2036
2715 2037
2714 2038
2713 2039
2712 2040
2711 2041
2710 2042
2709 2043
2708 2044
2707 2045
2706 2045
2705 2046
2704 2046
2703 2047
2702 2047
2701 2048
2700 2048
2699 2048
2698 2049
2697 2049
2696 2050
2695 2050
2694 2051
2693 2051
2692 2052
2691 2052
2690 2053
2689 2053
2688 2054
2687 2054
2686 2054
2685 2054
2684 2055
2683 2055
2682 2056
2681 2056
2680 2057
2679 2057
2678 2058
2677 2058
2676 2059
2675 2059
2674 2060
2673 2060
2672 2060
2671 2061
2670 2061
2669 2062
2668 2062
2667 2063
2666 2063
2665 2064
2664 2064
2663 2065
2662 2065
2661 2066
2660 2066
2659 2067
2658 2067
2657 2068
2656 2068
2655 2069
2654 2070
2653 2071
2652 2071
2651 2072
2650 2073
2649 2073
2648 2074
2647 2075
2646 2075
2645 2075
2644 2076
2643 2076
2642 2077
2641 2077
2640 2077
2639 2077
2638 2078
2637 2078
2636 2078
2635 2078
2634 2078
2633 2078
2632 2079
2631 2079
2630 2079
2629 2080
2628 2080
2627 2080
2626 2081
2625 2081
2624 2081
2623 2082
2622 2082
2621 2082
2620 2083
2619 2083
2618 2083
2617 2084
2616 2084
2615 2084
2614 2085
2613 2085
2612 2085
2611 2085
2610 2086
2609 2086
2608 2086
2607 2086
2606 2086
2605 2086
2604 2086
2603 2086
2602 2086
2601 2086
2600 2086
2599 2087
2598 2087
2597 2087
2596 2088
2595 2088
2594 2089
2593 2089
2592 2089
2591 2090
2590 2090
2589 2091
2588 2091
2587 2092
2586 2092
2585 2092
2584 2093
2583 2093
2582 2094
2581 2094
2580 2095
2579 2095
2578 2095
2577 2096
2576 2096
2575 2097
2574 2097
2573 2097
2572 2098
2571 2098
2570 2099
2569 2099
2568 2100
2567 2100
2566 2101
2565 2101
2564 2102
2563 2102
2562 2103
2561 2103
2560 2104
2559 2104
2558 2104
2557 2105
2556 2105
2555 2105
2554 2106
2553 2106
2552 2106
2551 2106
2550 2106
2549 2107
2548 2107
2547 2107
2546 2107
2545 2107
2544 2107
2543 2107
2542 2108
2541 2108
2540 2108
2539 2109
2538 2109
2537 2109
2536 2110
2535 2110
2534 2110
2533 2111
2532 2111
2531 2111
2530 2112
2529 2112
2528 2112
2527 2112
2526 2112
2525 2113
2524 2113
2523 2113
2522 2113
2521 2114
2520 2114
2519 2114
2518 2115
2517 2115
2516 2115
2515 2115
2514 2116
2513 2116
2512 2117
2511 2118
2510 2118
2509 2118
2508 2119
2507 2119
2506 2120
2505 2120
2504 2120
2503 2121
2502 2121
2501 2121
2500 2121
2499 2121
2498 2122
2497 2122
2496 2122
2495 2122
2494 2122
2493 2122
2492 2122
2491 2122
2490 2123
2489 2123
2488 2123
2487 2123
2486 2123
2485 2123
2484 2123
2483 2123
2482 2123
2481 2123
2480 2123
2479 2123
2478 2123
2477 2123
2476 2123
2475 2123
2474 2123
2473 2123
2472 2123
2471 2123
2470 2123
2469 2122
2468 2122
2467 2122
2466 2122
2465 2122
2464 2122
2463 2122
2462 2122
2461 2122
2460 2122
2459 2122
2458 2122
2457 2122
2456 2122
2455 2122
2454 2122
2453 2122
2452 2123
2451 2123
2450 2123
2449 2123
2448 2123
2447 2124
2446 2124
2445 2124
2444 2124
2443 2125
2442 2125
2441 2125
2440 2125
2439 2125
2438 2126
2437 2126
2436 2126
2435 2126
2434 2126
2433 2126
2432 2126
2431 2126
2430 2126
2429 2127
2428 2127
2427 2127
2426 2127
2425 2127
2424 2127
2423 2127
2422 2127
2421 2127
2420 2128
2419 2128
2418 2128
2417 2129
2416 2129
2415 2130
2414 2130
2413 2130
2412 2131
2411 2131
2410 2131
2409 2131
2408 2132
2407 2132
2406 2132
2405 2132
2404 2132
2403 2133
2402 2133
2401 2133
2400 2133
2399 2133
2398 2133
2397 2134
2396 2134
2395 2134
2394 2134
2393 2134
2392 2134
2391 2134
2390 2134
2389 2134
2388 2134
2387 2134
2386 2134
2385 2135
2384 2135
2383 2134
2382 2134
2381 2135
2380 2135
2379 2135
2378 2135
2377 2136
2376 2136
2375 2136
2374 2137
2373 2137
2372 2138
2371 2138
2370 2138
2369 2139
2368 2139
2367 2140
2366 2140
2365 2141
2364 2141
2363 2142
2362 2142
2361 2143
2360 2143
2359 2143
2358 2144
2357 2144
2356 2144
2355 2145
2354 2145
2353 2145
2352 2145
2351 2146
2350 2146
2349 2146
2348 2146
2347 2146
2346 2146
2345 2147
2344 2147
2343 2147
2342 2147
2341 2147
2340 2147
2339 2148
2338 2148
2337 2148
2336 2148
2335 2148
2334 2149
2333 2149
2332 2149
2331 2149
2330 2149
2329 2149
2328 2149
2327 2149
2326 2150
2325 2150
2324 2150
2323 2150
2322 2150
2321 2150
2320 2151
2319 2151
2318 2151
2317 2151
2316 2151
2315 2152
2314 2152
2313 2152
2312 2152
2311 2152
2310 2152
2309 2153
2308 2153
2307 2153
2306 2153
2305 2154
2304 2154
2303 2154
2302 2154
2301 2154
2300 2155
2299 2155
2298 2155
2297 2155
2296 2156
2295 2156
2294 2156
2293 2157
2292 2157
2291 2157
2290 2158
2289 2158
2288 2158
2287 2158
2286 2159
2285 2159
2284 2159
2283 2160
2282 2160
2281 2160
2280 2161
2279 2161
2278 2161
2277 2161
2276 2162
2275 2162
2274 2162
2273 2162
2272 2163
2271 2163
2270 2163
2269 2163
2268 2163
2267 2164
2266 2164
2265 2164
2264 2164
2263 2165
2262 2165
2261 2165
2260 2165
2259 2165
2258 2166
2257 2166
2256 2166
2255 2166
2254 2166
2253 2166
2252 2166
2251 2167
2250 2167
2249 2167
2248 2167
2247 2167
2246 2167
2245 2167
2244 2167
2243 2167
2242 2167
2241 2168
2240 2168
2239 2168
2238 2168
2237 2169
2236 2169
2235 2169
2234 2169
2233 2170
2232 2170
2231 2170
2230 2170
2229 2171
2228 2171
2227 2171
2226 2172
2225 2172
2224 2172
2223 2173
2222 2173
2221 2173
2220 2173
2219 2173
2218 2174
2217 2174
2216 2174
2215 2174
2214 2174
2213 2175
2212 2175
2211 2175
2210 2175
2209 2175
2208 2175
2207 2175
2206 2175
2205 2176
2204 2176
2203 2176
2202 2176
2201 2177
2200 2177
2199 2178
2198 2178
2197 2178
2196 2179
2195 2179
2194 2179
2193 2179
2192 2180
2191 2180
2190 2180
2189 2180
2188 2180
2187 2181
2186 2181
2185 2182
2184 2182
2183 2183
2182 2184
2181 2184
2180 2185
2179 2185
2178 2186
2177 2187
2176 2187
2175 2188
2174 2188
2173 2189
2172 2189
2171 2189
2170 2190
2169 2190
2168 2191
2167 2191
2166 2192
2165 2192
2164 2192
2163 2193
2162 2193
2161 2194
2160 2194
2159 2194
2158 2195
2157 2195
2156 2195
2155 2196
2154 2196
2153 2197
2152 2197
2151 2197
2150 2198
2149 2198
2148 2199
2147 2199
2146 2199
2145 2200
2144 2200
2143 2201
2142 2201
2141 2201
2140 2202
2139 2202
2138 2203
2137 2203
2136 2203
2135 2204
2134 2204
2133 2205
2132 2205
2131 2206
2130 2206
2129 2207
2128 2207
2127 2208
2126 2208
2125 2209
2124 2209
2123 2210
2122 2210
2121 2211
2120 2211
2119 2212
2118 2212
2117 2213
2116 2213
2115 2214
2114 2214
2113 2215
2112 2215
2111 2216
2110 2217
2109 2217
2108 2218
2107 2218
2106 2219
2105 2219
2104 2220
2103 2220
2102 2221
2101 2221
2100 2222
2099 2222
2098 2223
2097 2223
2096 2224
2095 2224
2094 2225
2093 2225
2092 2226
2091 2226
2090 2227
2089 2228
2088 2228
2087 2229
2086 2230
2085 2230
2084 2231
2083 2232
2082 2232
2081 2233
2080 2234
2079 2234
2078 2235
2077 2236
2076 2236
2075 2237
2074 2238
2073 2238
2072 2239
2071 2239
2070 2240
2069 2240
2068 2240
2067 2241
2066 2241
2065 2242
2064 2242
2063 2243
2062 2243
2061 2243
2060 2244
2059 2245
2058 2245
2057 2246
2056 2247
2055 2247
2054 2248
2053 2249
2052 2249
2051 2250
2050 2251
2049 2251
2048 2252
2047 2252
2046 2253
2045 2253
2044 2253
2043 2254
2042 2254
2041 2255
2040 2256
2039 2257
2038 2258
2037 2259
2036 2259
2035 2260
2034 2260
2033 2261
2032 2261
2031 2261
2030 2262
2029 2262
2028 2262
2027 2262
2026 2263
2025 2263
2024 2263
2023 2263
2022 2263
2021 2264
2020 2264
2019 2264
2018 2265
2017 2265
2016 2265
2015 2266
2014 2266
2013 2267
2012 2267
2011 2268
2010 2268
2009 2269
2008 2270
2007 2270
2006 2271
2005 2271
2004 2272
2003 2272
2002 2273
2001 2273
2000 2274
1999 2274
1998 2275
1997 2275
1996 2276
1995 2276
1994 2277
1993 2277
1992 2278
1991 2278
1990 2279
1989 2279
1988 2280
1987 2280
1986 2281
1985 2282
1984 2282
1983 2282
1982 2283
1981 2283
1980 2283
1979 2283
1978 2284
1977 2284
1976 2284
1975 2284
1974 2285
1973 2285
1972 2286
1971 2286
1970 2287
1969 2287
1968 2287
1967 2288
1966 2288
1965 2288
1964 2288
1963 2289
1962 2289
1961 2289
1960 2289
1959 2290
1958 2290
1957 2290
1956 2290
1955 2291
1954 2291
1953 2291
1952 2291
1951 2292
1950 2292
1949 2292
1948 2293
1947 2293
1946 2294
1945 2294
1944 2294
1943 2295
1942 2295
1941 2296
1940 2296
1939 2296
1938 2297
1937 2297
1936 2298
1935 2298
1934 2299
1933 2299
1932 2300
1931 2300
1930 2300
1929 2301
1928 2301
1927 2301
1926 2301
1925 2302
1924 2302
1923 2302
1922 2302
1921 2303
1920 2303
1919 2303
1918 2304
1917 2304
1916 2304
1915 2305
1914 2305
1913 2305
1912 2306
1911 2306
1910 2306
1909 2307
1908 2307
1907 2307
1906 2308
1905 2308
1904 2308
1903 2309
1902 2309
1901 2309
1900 2310
1899 2310
1898 2310
1897 2311
1896 2311
1895 2311
1894 2312
1893 2312
1892 2312
1891 2312
1890 2312
1889 2313
1888 2313
1887 2313
1886 2313
1885 2313
1884 2313
1883 2314
1882 2314
1881 2314
1880 2314
1879 2314
1878 2314
1877 2315
1876 2315
1875 2315
1874 2315
1873 2316
1872 2316
1871 2316
1870 2316
1869 2317
1868 2317
1867 2317
1866 2317
1865 2317
1864 2318
1863 2318
1862 2318
1861 2318
1860 2318
1859 2318
1858 2319
1857 2319
1856 2319
1855 2319
1854 2319
1853 2319
1852 2320
1851 2320
1850 2320
1849 2320
1848 2320
1847 2320
1846 2320
1845 2320
1844 2320
1843 2320
1842 2320
1841 2320
1840 2320
1839 2320
1838 2320
1837 2321
1836 2321
1835 2321
1834 2321
1833 2321
1832 2322
1831 2322
1830 2322
1829 2322
1828 2323
1827 2323
1826 2323
1825 2323
1824 2323
1823 2324
1822 2324
1821 2324
1820 2324
1819 2324
1818 2324
1817 2324
1816 2324
1815 2325
1814 2325
1813 2325
1812 2325
1811 2325
1810 2325
1809 2325
1808 2326
1807 2326
1806 2326
1805 2326
1804 2326
1803 2326
1802 2326
1801 2326
1800 2326
1799 2326
1798 2326
1797 2326
1796 2327
1795 2326
1794 2326
1793 2327
1792 2327
1791 2327
1790 2327
1789 2327
1788 2327
1787 2327
1786 2327
1785 2327
1784 2328
1783 2328
1782 2328
1781 2328
1780 2329
1779 2329
1778 2329
1777 2329
1776 2329
1775 2330
1774 2330
1773 2330
1772 2330
1771 2330
1770 2331
1769 2331
1768 2331
1767 2331
1766 2331
1765 2331
1764 2332
1763 2332
1762 2332
1761 2332
1760 2332
1759 2332
1758 2332
1757 2332
1756 2333
1755 2333
1754 2333
1753 2333
1752 2333
1751 2333
1750 2334
1749 2334
1748 2334
1747 2334
1746 2334
1745 2335
1744 2335
1743 2335
1742 2335
1741 2335
1740 2336
1739 2336
1738 2336
1737 2336
1736 2336
1735 2337
1734 2337
1733 2337
1732 2337
1731 2337
1730 2337
1729 2338
1728 2338
1727 2338
1726 2338
1725 2338
1724 2339
1723 2339
1722 2339
1721 2339
1720 2340
1719 2340
1718 2340
1717 2340
1716 2340
1715 2341
1714 2341
1713 2341
1712 2341
1711 2341
1710 2342
1709 2342
1708 2342
1707 2342
1706 2343
1705 2343
1704 2343
1703 2343
1702 2344
1701 2344
1700 2344
1699 2344
1698 2344
1697 2345
1696 2345
1695 2345
1694 2345
1693 2345
1692 2346
1691 2346
1690 2346
1689 2346
1688 2346
1687 2346
1686 2346
1685 2347
1684 2347
1683 2347
1682 2347
1681 2347
1680 2348
1679 2348
1678 2348
1677 2349
1676 2349
1675 2349
1674 2349
1673 2350
1672 2350
1671 2350
1670 2350
1669 2350
1668 2351
1667 2351
1666 2351
1665 2351
1664 2352
1663 2352
1662 2352
1661 2352
1660 2352
1659 2352
1658 2352
1657 2352
1656 2352
1655 2353
1654 2353
1653 2353
1652 2353
1651 2353
1650 2353
1649 2353
1648 2353
1647 2353
1646 2353
1645 2353
1644 2353
1643 2353
1642 2353
1641 2353
1640 2354
1639 2354
1638 2354
1637 2354
1636 2354
1635 2354
1634 2353
1633 2353
1632 2353
1631 2353
1630 2353
1629 2353
1628 2353
1627 2353
1626 2354
1625 2354
1624 2354
1623 2354
1622 2354
1621 2354
1620 2354
1619 2354
1618 2354
1617 2355
1616 2355
1615 2355
1614 2355
1613 2356
1612 2356
1611 2356
1610 2356
1609 2357
1608 2357
1607 2357
1606 2357
1605 2358
1604 2358
1603 2358
1602 2359
1601 2359
1600 2359
1599 2359
1598 2360
1597 2360
1596 2360
1595 2361
1594 2361
1593 2361
1592 2362
1591 2362
1590 2362
1589 2362
1588 2363
1587 2363
1586 2363
1585 2364
1584 2364
1583 2364
1582 2364
1581 2364
1580 2364
1579 2365
1578 2365
1577 2365
1576 2365
1575 2365
1574 2365
1573 2366
1572 2366
1571 2366
1570 2366
1569 2366
1568 2366
1567 2366
1566 2366
1565 2366
1564 2367
1563 2367
1562 2367
1561 2367
1560 2367
1559 2367
1558 2367
1557 2367
1556 2367
1555 2367
1554 2367
1553 2367
1552 2367
1551 2367
1550 2367
1549 2367
1548 2367
1547 2367
1546 2367
1545 2367
1544 2367
1543 2367
1542 2367
1541 2367
1540 2367
1539 2367
1538 2367
1537 2367
1536 2367
1535 2367
1534 2367
1533 2367
1532 2367
1531 2367
1530 2367
1529 2367
1528 2367
1527 2366
1526 2366
1525 2366
1524 2366
1523 2366
1522 2366
1521 2366
1520 2366
1519 2366
1518 2366
1517 2366
1516 2366
1515 2366
1514 2366
1513 2366
1512 2366
1511 2366
1510 2366
1509 2366
1508 2366
1507 2366
1506 2366
1505 2366
1504 2366
1503 2366
1502 2366
1501 2366
1500 2366
1499 2366
1498 2366
1497 2366
1496 2365
1495 2365
1494 2365
1493 2365
1492 2365
1491 2365
1490 2365
1489 2365
1488 2365
1487 2365
1486 2365
1485 2365
1484 2365
1483 2365
1482 2365
1481 2365
1480 2365
1479 2365
1478 2365
1477 2365
1476 2365
1475 2365
1474 2365
1473 2365
1472 2365
1471 2365
1470 2365
1469 2365
1468 2365
1467 2364
1466 2364
1465 2364
1464 2364
1463 2364
1462 2364
1461 2364
1460 2364
1459 2364
1458 2364
1457 2365
1456 2365
1455 2365
1454 2365
1453 2366
1452 2366
1451 2366
1450 2366
1449 2367
1448 2367
1447 2367
1446 2367
1445 2367
1444 2368
1443 2368
1442 2368
1441 2368
1440 2368
1439 2369
1438 2369
1437 2369
1436 2369
1435 2369
1434 2369
1433 2369
1432 2369
1431 2369
1430 2370
1429 2370
1428 2370
1427 2370
1426 2370
1425 2370
1424 2370
1423 2370
1422 2370
1421 2370
1420 2370
1419 2370
1418 2370
1417 2370
1416 2370
1415 2370
1414 2370
1413 2370
1412 2370
1411 2370
1410 2370
1409 2370
1408 2370
1407 2370
1406 2370
1405 2370
1404 2370
1403 2371
1402 2371
1401 2371
1400 2371
1399 2371
1398 2372
1397 2372
1396 2372
1395 2372
1394 2372
1393 2373
1392 2373
1391 2373
1390 2373
1389 2373
1388 2374
1387 2374
1386 2374
1385 2374
1384 2374
1383 2374
1382 2375
1381 2375
1380 2375
1379 2375
1378 2375
1377 2375
1376 2375
1375 2375
1374 2375
1373 2375
1372 2375
1371 2375
1370 2375
1369 2375
1368 2375
1367 2375
1366 2375
1365 2375
1364 2375
1363 2375
1362 2375
1361 2375
1360 2375
1359 2375
1358 2375
1357 2375
1356 2375
1355 2375
1354 2375
1353 2375
1352 2375
1351 2375
1350 2375
1349 2376
1348 2375
1347 2376
1346 2375
1345 2375
1344 2375
1343 2375
1342 2375
1341 2375
1340 2375
1339 2375
1338 2375
1337 2375
1336 2375
1335 2375
1334 2375
1333 2375
1332 2375
1331 2375
1330 2375
1329 2375
1328 2375
1327 2375
1326 2375
1325 2375
1324 2375
1323 2375
1322 2375
1321 2375
1320 2375
1319 2375
1318 2375
1317 2375
1316 2375
1315 2375
1314 2375
1313 2374
1312 2374
1311 2374
1310 2374
1309 2374
1308 2374
1307 2374
1306 2374
1305 2374
1304 2374
1303 2374
1302 2374
1301 2374
1300 2374
1299 2374
1298 2374
1297 2374
1296 2374
1295 2374
1294 2374
1293 2374
1292 2374
1291 2374
1290 2374
1289 2374
1288 2374
1287 2374
1286 2374
1285 2374
1284 2374
1283 2373
1282 2373
1281 2373
1280 2374
1279 2374
1278 2374
1277 2374
1276 2374
1275 2375
1274 2375
1273 2375
1272 2375
1271 2375
1270 2376
1269 2376
1268 2376
1267 2376
1266 2376
1265 2377
1264 2377
1263 2377
1262 2377
1261 2377
1260 2377
1259 2377
1258 2377
1257 2378
1256 2378
1255 2378
1254 2378
1253 2378
1252 2378
1251 2378
1250 2378
1249 2378
1248 2379
1247 2379
1246 2379
1245 2379
1244 2379
1243 2379
1242 2379
1241 2379
1240 2380
1239 2380
1238 2380
1237 2380
1236 2380
1235 2381
1234 2381
1233 2381
1232 2381
1231 2381
1230 2382
1229 2382
1228 2382
1227 2382
1226 2383
1225 2383
1224 2383
1223 2384
1222 2384
1221 2384
1220 2384
1219 2384
1218 2385
1217 2385
1216 2385
1215 2385
1214 2385
1213 2385
1212 2385
1211 2386
1210 2386
1209 2386
1208 2386
1207 2386
1207 2387
1208 2387
1209 2388
1210 2388
1211 2389
1212 2390
1213 2390
1214 2390
1215 2391
1216 2391
1217 2391
1218 2392
1219 2392
1220 2392
1221 2392
1222 2393
1223 2393
1224 2393
1225 2393
1226 2394
1227 2394
1228 2394
1229 2394
1230 2394
1231 2394
1232 2394
1233 2394
1234 2394
1235 2394
1236 2395
1237 2395
1238 2395
1239 2395
1240 2395
1241 2395
1242 2395
1243 2395
1244 2395
1245 2395
1246 2395
1247 2395
1248 2395
1249 2395
1250 2395
1251 2396
1252 2396
1253 2396
1254 2396
1255 2396
1256 2396
1257 2396
1258 2396
1259 2396
1260 2396
1261 2396
1262 2396
1263 2396
1264 2396
1265 2396
1266 2396
1267 2396
1268 2396
1269 2397
1270 2397
1271 2397
1272 2397
1273 2397
1274 2397
1275 2397
1276 2397
1277 2397
1278 2397
1279 2397
1280 2397
1281 2397
1282 2397
1283 2397
1284 2397
1285 2397
1286 2397
1287 2397
1288 2398
1289 2398
1290 2398
1291 2398
1292 2398
1293 2398
1294 2398
1295 2398
1296 2398
1297 2398
1298 2398
1299 2398
1300 2398
1301 2398
1302 2398
1303 2398
1304 2398
1305 2398
1306 2398
1307 2398
1308 2398
1309 2398
1310 2398
1311 2398
1312 2399
1313 2399
1314 2399
1315 2399
1316 2399
1317 2399
1318 2399
1319 2399
1320 2399
1321 2399
1322 2399
1323 2399
1324 2399
1325 2399
1326 2399
1327 2399
1328 2399
1329 2399
1330 2399
1331 2399
1332 2399
1333 2399
1334 2399
1335 2399
1336 2399
1337 2400
1338 2400
1339 2400
1340 2400
1341 2400
1342 2400
1343 2400
1344 2400
1345 2400
1346 2400
1347 2400
1348 2400
1349 2400
1350 2400
1351 2400
1352 2400
1353 2400
1354 2400
1355 2400
1356 2400
1357 2400
1358 2400
1359 2400
1360 2400
1361 2400
1362 2400
1363 2401
1364 2401
1365 2401
1366 2401
1367 2401
1368 2401
1369 2401
1370 2401
1371 2401
1372 2401
1373 2401
1374 2401
1375 2401
1376 2401
1377 2401
1378 2401
1379 2401
1380 2401
1381 2401
1382 2401
1383 2401
1384 2401
1385 2401
1386 2401
1387 2401
1388 2401
1389 2401
1390 2402
1391 2402
1392 2402
1393 2402
1394 2402
1395 2402
1396 2402
1397 2402
1398 2402
1399 2402
1400 2402
1401 2402
1402 2402
1403 2402
1404 2402
1405 2402
1406 2402
1407 2402
1408 2402
1409 2402
1410 2402
1411 2402
1412 2402
1413 2402
1414 2402
1415 2402
1416 2403
1417 2403
1418 2403
1419 2403
1420 2403
1421 2403
1422 2403
1423 2403
1424 2403
1425 2403
1426 2403
1427 2403
1428 2403
1429 2403
1430 2403
1431 2403
1432 2403
1433 2403
1434 2403
1435 2403
1436 2403
1437 2403
1438 2403
1439 2403
1440 2403
1441 2403
1442 2403
1443 2404
1444 2404
1445 2404
1446 2404
1447 2404
1448 2404
1449 2404
1450 2404
1451 2404
1452 2404
1453 2404
1454 2404
1455 2404
1456 2404
1457 2404
1458 2404
1459 2404
1460 2404
1461 2404
1462 2404
1463 2404
1464 2404
1465 2405
1466 2405
1467 2405
1468 2405
1469 2405
1470 2406
1471 2406
1472 2406
1473 2406
1474 2406
1475 2407
1476 2407
1477 2407
1478 2407
1479 2407
1480 2408
1481 2408
1482 2408
1483 2409
1484 2409
1485 2409
1486 2409
1487 2409
1488 2410
1489 2410
1490 2410
1491 2410
1492 2410
1493 2411
1494 2411
1495 2411
1496 2411
1497 2411
1498 2411
1499 2412
1500 2412
1501 2412
1502 2413
1503 2413
1504 2413
1505 2413
1506 2414
1507 2414
1508 2414
1509 2415
1510 2415
1511 2415
1512 2416
1513 2416
1514 2417
1515 2417
1516 2418
1517 2418
1518 2419
1519 2419
1520 2420
1521 2420
1522 2420
1523 2421
1524 2421
1525 2422
1526 2422
1527 2422
1528 2423
1529 2423
1530 2423
1531 2423
1532 2424
1533 2425
1534 2425
1535 2425
1536 2426
1537 2426
1538 2427
1539 2426
1540 2426
1541 2427
1542 2428
1543 2428
1544 2428
1545 2428
1546 2428
1547 2429
1547 2430
1548 2430
1549 2430
1550 2430
1551 2431
1552 2431
1553 2432
1554 2432
1555 2433
1556 2433
1557 2433
1558 2433
1559 2434
1560 2434
1561 2434
1562 2434
1563 2435
1564 2435
1565 2436
1566 2435
1567 2435
1568 2435
1569 2436
1570 2436
1571 2437
1572 2437
1573 2437
1574 2437
1575 2438
1576 2438
1577 2438
1578 2438
1579 2438
1580 2439
1581 2440
1582 2440
1583 2440
1584 2441
1584 2442
1585 2442
1586 2441
1587 2441
1588 2442
1588 2443
1589 2443
1590 2444
1591 2444
1592 2444
1593 2444
1594 2445
1595 2446
1596 2445
1597 2445
1598 2445
1599 2446
1599 2447
1599 2448
1600 2447
1601 2447
1602 2448
1603 2447
1604 2447
1605 2447
1606 2448
1607 2449
1608 2449
1609 2449
1610 2449
1611 2449
1612 2450
1612 2451
1612 2450
1613 2449
1614 2449
1615 2449
1616 2450
1616 2451
1616 2452
1617 2451
1618 2450
1619 2450
1620 2450
1621 2451
1622 2451
1623 2451
1624 2451
1625 2452
1625 2453
1625 2452
1626 2451
1627 2451
1628 2451
1629 2451
1630 2452
1630 2453
1630 2452
1631 2451
1632 2451
1633 2452
1634 2453
1634 2454
1635 2454
1636 2454
1637 2454
1638 2455
1638 2454
1639 2453
1640 2452
1641 2452
1642 2452
1643 2453
1643 2454
1643 2453
1644 2452
1645 2452
1646 2452
1647 2453
1647 2454
1648 2455
1648 2456
1648 2457
1649 2456
1650 2456
1651 2456
1652 2456
1653 2456
1654 2456
1655 2456
1656 2457
1656 2458
1656 2459
1657 2459
1658 2459
1658 2458
1659 2457
1659 2456
1660 2455
1661 2455
1662 2455
1663 2456
1663 2457
1663 2458
1664 2457
1665 2457
1666 2457
1667 2457
1668 2457
1669 2458
1670 2458
1671 2458
1672 2458
1673 2458
1674 2458
1675 2458
1676 2458
1676 2457
1677 2456
1678 2456
1679 2456
1680 2457
1680 2458
1680 2459
1680 2460
1680 2459
1680 2458
1680 2457
1681 2456
1682 2456
1683 2456
1684 2457
1684 2458
1684 2459
1684 2460
1684 2461
1684 2460
1684 2459
1685 2458
1686 2458
1687 2458
1688 2459
1689 2460
1689 2461
1690 2461
1691 2461
1692 2462
1693 2461
1694 2461
1695 2461
1696 2460
1697 2459
1698 2459
1699 2459
1700 2460
1700 2461
1700 2462
1700 2463
1700 2464
1701 2465
1702 2466
1703 2466
1704 2465
1705 2465
1706 2465
1707 2466
1707 2467
1708 2467
1708 2466
1709 2465
1710 2465
1711 2465
1712 2466
1712 2467
1713 2467
1713 2466
1714 2465
1715 2464
1716 2464
1717 2464
1718 2464
1719 2465
1719 2466
1719 2467
1718 2468
1719 2468
1720 2467
1721 2467
1722 2467
1723 2468
1724 2468
1724 2467
1724 2466
1724 2465
1725 2464
1726 2464
1727 2465
1728 2466
1728 2467
1728 2468
1728 2469
1729 2469
1730 2469
1731 2469
1732 2469
1733 2469
1734 2469
1735 2470
1736 2469
1737 2469
1738 2469
1739 2470
1740 2470
1741 2470
1742 2470
1743 2470
1744 2470
1745 2470
1746 2470
1747 2470
1748 2470
1749 2470
1750 2470
1751 2471
1752 2471
1753 2471
1754 2471
1755 2471
1756 2471
1757 2471
1758 2471
1759 2471
1760 2471
1761 2471
1762 2471
1763 2471
1764 2471
1765 2471
1766 2471
1767 2471
1768 2471
1769 2471
1770 2471
1771 2471
1772 2471
1773 2472
1774 2472
1775 2472
1776 2472
1777 2472
1778 2472
1779 2472
1780 2472
1781 2472
1782 2472
1783 2472
1784 2472
1785 2472
1786 2472
1787 2472
1788 2472
1789 2472
1790 2472
1791 2473
1792 2473
1793 2473
1794 2473
1795 2473
1796 2473
1797 2473
1798 2473
1799 2473
1800 2473
1801 2473
1802 2473
1803 2473
1804 2473
1805 2473
1806 2473
1807 2473
1808 2473
1809 2473
1810 2473
1811 2473
1812 2473
1813 2473
1814 2473
1815 2473
1816 2473
1817 2473
1818 2474
1819 2474
1820 2474
1821 2474
1822 2474
1823 2474
1824 2474
1825 2474
1826 2474
1827 2474
1828 2474
1829 2474
1830 2474
1831 2474
1832 2474
1833 2474
1834 2474
1835 2474
1836 2474
1837 2474
1838 2474
1839 2474
1840 2474
1841 2474
1842 2474
1843 2474
1844 2474
1845 2475
1846 2475
1847 2475
1848 2475
1849 2476
1850 2476
1851 2476
1852 2476
1853 2477
1854 2477
1855 2477
1856 2478
1857 2478
1858 2478
1859 2479
1860 2479
1861 2479
1862 2480
1863 2480
1864 2480
1865 2480
1866 2480
1867 2481
1868 2481
1869 2481
1870 2481
1871 2481
1872 2481
1873 2481
1874 2482
1875 2482
1876 2482
1877 2482
1878 2482
1879 2482
1880 2482
1881 2482
1882 2482
1883 2483
1884 2483
1885 2483
1886 2483
1887 2483
1888 2483
1889 2483
1890 2483
1891 2483
1892 2484
1893 2484
1894 2484
1895 2484
1896 2484
1897 2484
1898 2484
1899 2484
1900 2484
1901 2484
1902 2484
1903 2484
1904 2484
1905 2484
1906 2484
1907 2484
1908 2485
1909 2485
1910 2485
1911 2486
1912 2486
1913 2486
1914 2486
1915 2487
1916 2487
1917 2487
1918 2488
1919 2488
1920 2489
1921 2489
1922 2489
1923 2490
1924 2490
1925 2491
1926 2491
1927 2491
1928 2492
1929 2492
1930 2493
1931 2493
1932 2494
1933 2494
1934 2495
1935 2495
1936 2496
1937 2496
1938 2497
1939 2497
1940 2497
1941 2498
1942 2498
1943 2499
1944 2499
1945 2499
1946 2499
1947 2499
1948 2500
1949 2500
1950 2500
1951 2500
1952 2500
1953 2500
1954 2501
1955 2501
1956 2501
1957 2501
1958 2501
1959 2501
1960 2501
1961 2501
1962 2501
1963 2502
1964 2502
1965 2502
1966 2502
1967 2502
1968 2502
1969 2502
1970 2502
1971 2503
1972 2503
1973 2503
1974 2504
1975 2504
1976 2504
1977 2504
1978 2505
1979 2505
1980 2506
1981 2506
1982 2507
1983 2507
1984 2507
1985 2507
1986 2508
1987 2508
1988 2508
1989 2508
1990 2508
1991 2509
1992 2509
1993 2509
1994 2509
1995 2510
1996 2510
1997 2510
1998 2510
1999 2510
2000 2510
2001 2511
2002 2511
2003 2511
2004 2511
2005 2511
2006 2511
2007 2511
2008 2512
2009 2512
2010 2512
2011 2513
2012 2513
2013 2513
2014 2513
2015 2514
2016 2514
2017 2514
2018 2515
2019 2515
2020 2515
2021 2516
2022 2516
2023 2516
2024 2517
2025 2517
2026 2517
2027 2518
2028 2518
2029 2518
2030 2518
2031 2518
2032 2518
2033 2519
2034 2519
2035 2519
2036 2519
2037 2519
2038 2519
2039 2520
2040 2520
2041 2520
2042 2520
2043 2520
2044 2520
2045 2520
2046 2521
2047 2521
2048 2521
2049 2521
2050 2521
2051 2521
2052 2521
2053 2521
2054 2521
2055 2522
2056 2522
2057 2522
2058 2522
2059 2522
2060 2522
2061 2522
2062 2522
2063 2522
2064 2522
2065 2522
2066 2522
2067 2522
2068 2522
2069 2522
2070 2522
2071 2523
2072 2523
2073 2523
2074 2523
2075 2523
2076 2523
2077 2523
2078 2523
2079 2523
2080 2523
2081 2523
2082 2523
2083 2523
2084 2523
2085 2523
2086 2523
2087 2523
2088 2523
2089 2523
2090 2524
2091 2524
2092 2524
2093 2524
2094 2524
2095 2524
2096 2524
2097 2524
2098 2524
2099 2524
2100 2524
2101 2524
2102 2524
2103 2524
2104 2524
2105 2524
2106 2524
2107 2524
2108 2524
2109 2524
2110 2524
2111 2525
2112 2525
2113 2525
2114 2525
2115 2525
2116 2525
2117 2525
2118 2525
2119 2525
2120 2525
2121 2525
2122 2525
2123 2525
2124 2525
2125 2525
2126 2525
2127 2525
2128 2525
2129 2525
2130 2525
2131 2525
2132 2525
2133 2525
2134 2525
2135 2525
2136 2525
2137 2526
2138 2526
2139 2526
2140 2526
2141 2526
2142 2527
2143 2527
2144 2527
2145 2527
2146 2528
2147 2528
2148 2528
2149 2529
2150 2529
2151 2529
2152 2530
2153 2530
2154 2530
2155 2530
2156 2531
2157 2531
2158 2531
2159 2531
2160 2532
2161 2532
2162 2533
2163 2533
2164 2533
2165 2534
2166 2534
2167 2535
2168 2535
2169 2536
2170 2536
2171 2537
2172 2537
2173 2538
2174 2538
2175 2538
2176 2539
2177 2539
2178 2539
2179 2540
2180 2540
2181 2540
2182 2540
2183 2541
2184 2541
2185 2541
2186 2541
2187 2541
2188 2541
2189 2542
2190 2542
2191 2542
2192 2542
2193 2542
2194 2542
2195 2542
2196 2542
2197 2543
2198 2543
2199 2543
2200 2543
2201 2544
2202 2544
2203 2544
2204 2545
2205 2545
2206 2545
2207 2546
2208 2546
2209 2547
2210 2547
2211 2547
2212 2548
2213 2548
2214 2548
2215 2549
2216 2549
2217 2549
2218 2549
2219 2549
2220 2550
2221 2550
2222 2551
2223 2551
2224 2551
2225 2552
2226 2552
2227 2553
2228 2553
2229 2554
2230 2554
2231 2555
2232 2555
2233 2556
2234 2556
2235 2557
2236 2557
2237 2557
2238 2558
2239 2558
2240 2558
2241 2558
2242 2558
2243 2558
2244 2559
2245 2559
2246 2559
2247 2559
2248 2559
2249 2559
2250 2560
2251 2560
2252 2560
2253 2560
2254 2560
2255 2560
2256 2560
2257 2561
2258 2561
2259 2562
2260 2562
2261 2562
2262 2563
2263 2563
2264 2563
2265 2564
2266 2564
2267 2565
2268 2565
2269 2566
2270 2566
2271 2566
2272 2566
2273 2567
2274 2567
2275 2567
2276 2568
2277 2568
2278 2568
2279 2569
2280 2569
2281 2570
2282 2570
2283 2571
2284 2571
2285 2572
2286 2572
2287 2573
2288 2573
2289 2573
2290 2574
2291 2574
2292 2575
2293 2575
2294 2575
2295 2575
2296 2576
2297 2576
2298 2576
2299 2576
2300 2577
2301 2577
2302 2577
2303 2577
2304 2577
2305 2577
2306 2578
2307 2578
2308 2578
2309 2578
2310 2578
2311 2578
2312 2579
2313 2579
2314 2579
2315 2579
2316 2580
2317 2580
2318 2580
2319 2581
2320 2581
2321 2581
2322 2582
2323 2582
2324 2582
2325 2583
2326 2583
2327 2583
2328 2584
2329 2584
2330 2584
2331 2584
2332 2584
2333 2585
2334 2585
2335 2585
2336 2585
2337 2586
2338 2586
2339 2586
2340 2586
2341 2586
2342 2587
2343 2587
2344 2587
2345 2587
2346 2587
2347 2587
2348 2587
2349 2587
2350 2588
2351 2588
2352 2588
2353 2588
2354 2589
2355 2589
2356 2589
2357 2590
2358 2590
2359 2590
2360 2591
2361 2591
2362 2591
2363 2592
2364 2592
2365 2592
2366 2593
2367 2593
2368 2594
2369 2594
2370 2594
2371 2594
2372 2595
2373 2595
2374 2595
2375 2595
2376 2595
2377 2596
2378 2596
2379 2596
2380 2597
2381 2597
2382 2598
2383 2598
2384 2598
2385 2599
2386 2599
2387 2600
2388 2600
2389 2600
2390 2601
2391 2601
2392 2602
2393 2602
2394 2603
2395 2603
2396 2603
2397 2603
2398 2604
2399 2604
2400 2604
2401 2605
2402 2605
2403 2605
2404 2605
2405 2605
2406 2605
2407 2606
2408 2606
2409 2606
2410 2606
2411 2607
2412 2607
2413 2607
2414 2608
2415 2608
2416 2608
2417 2609
2418 2609
2419 2610
2420 2610
2421 2610
2422 2611
2423 2611
2424 2611
2425 2612
2426 2612
2427 2612
2428 2612
2429 2613
2430 2613
2431 2613
2432 2613
2433 2614
2434 2614
2435 2614
2436 2614
2437 2614
2438 2615
2439 2615
2440 2615
2441 2615
2442 2615
2443 2615
2444 2616
2445 2616
2446 2616
2447 2616
2448 2616
2449 2617
2450 2617
2451 2617
2452 2618
2453 2618
2454 2618
2455 2618
2456 2619
2457 2619
2458 2619
2459 2620
2460 2620
2461 2620
2462 2621
2463 2621
2464 2621
2465 2622
2466 2622
2467 2622
2468 2622
2469 2623
2470 2623
2471 2623
2472 2623
2473 2623
2474 2624
2475 2624
2476 2624
2477 2624
2478 2624
2479 2624
2480 2624
2481 2624
2482 2625
2483 2625
2484 2625
2485 2625
2486 2625
2487 2625
2488 2625
2489 2625
2490 2625
2491 2625
2492 2626
2493 2626
2494 2626
2495 2626
2496 2626
2497 2626
2498 2626
2499 2626
2500 2627
2501 2627
2502 2627
2503 2627
2504 2628
2505 2628
2506 2628
2507 2629
2508 2629
2509 2629
2510 2629
2511 2630
2512 2630
2513 2630
2514 2631
2515 2631
2516 2631
2517 2632
2518 2632
2519 2632
2520 2633
2521 2633
2522 2633
2523 2633
2524 2634
2525 2634
2526 2634
2527 2634
2528 2634
2529 2635
2530 2635
2531 2635
2532 2636
2533 2636
2534 2636
2535 2637
2536 2637
2537 2637
2538 2638
2539 2638
2540 2639
2541 2639
2542 2639
2543 2640
2544 2640
2545 2640
2546 2641
2547 2641
2548 2641
2549 2642
2550 2642
2551 2642
2552 2642
2553 2642
2554 2643
2555 2643
2556 2643
2557 2643
2558 2643
2559 2643
2560 2644
2561 2644
2562 2644
2563 2644
2564 2644
2565 2644
2566 2644
2567 2644
2568 2644
2569 2644
2570 2645
2571 2645
2572 2645
2573 2645
2574 2645
2575 2645
2576 2645
2577 2645
2578 2645
2579 2645
2580 2646
2581 2646
2582 2646
2583 2646
2584 2646
2585 2646
2586 2646
2587 2646
2588 2646
2589 2646
2590 2646
2591 2646
2592 2647
2593 2647
2594 2647
2595 2648
2596 2648
2597 2648
2598 2648
2599 2649
2600 2649
2601 2649
2602 2650
2603 2650
2604 2650
2605 2651
2606 2651
2607 2651
2608 2652
2609 2652
2610 2652
2611 2652
2612 2652
2613 2653
2614 2653
2615 2653
2616 2653
2617 2653
2618 2653
2619 2653
2620 2654
2621 2654
2622 2654
2623 2654
2624 2654
2625 2654
2626 2654
2627 2654
2628 2655
2629 2655
2630 2655
2631 2655
2632 2655
2633 2655
2634 2655
2635 2655
2636 2655
2637 2656
2638 2656
2639 2656
2640 2656
2641 2656
2642 2656
2643 2656
2644 2656
2645 2656
2646 2656
2647 2656
2648 2656
2649 2656
2650 2656
2651 2656
2652 2656
2653 2657
2654 2657
2655 2657
2656 2657
2657 2657
2658 2657
2659 2657
2660 2657
2661 2657
2662 2657
2663 2657
2664 2657
2665 2657
2666 2657
2667 2657
2668 2657
2669 2657
2670 2657
2671 2657
2672 2657
2673 2657
2674 2657
2675 2657
2676 2658
2677 2658
2678 2658
2679 2658
2680 2658
2681 2658
2682 2658
2683 2658
2684 2658
2685 2658
2686 2658
2687 2658
2688 2658
2689 2658
2690 2658
2691 2658
2692 2658
2693 2658
2694 2658
2695 2658
2696 2658
2697 2658
2698 2658
2699 2659
2700 2659
2701 2659
2702 2659
2703 2659
2704 2659
2705 2659
2706 2659
2707 2659
2708 2659
2709 2659
2710 2659
2711 2659
2712 2659
2713 2659
2714 2659
2715 2659
2716 2659
2717 2659
2718 2659
2719 2659
2720 2659
2721 2659
2722 2659
2723 2659
2724 2660
2725 2660
2726 2660
2727 2660
2728 2660
2729 2660
2730 2660
2731 2660
2732 2660
2733 2660
2734 2660
2735 2660
2736 2660
2737 2660
2738 2660
2739 2660
2740 2660
2741 2660
2742 2660
2743 2660
2744 2660
2745 2660
2746 2660
2747 2660
2748 2660
2749 2660
2750 2660
2751 2661
2752 2661
2753 2661
2754 2661
2755 2661
2756 2661
2757 2661
2758 2661
2759 2661
2760 2661
2761 2661
2762 2661
2763 2661
2764 2661
2765 2661
2766 2661
2767 2661
2768 2661
2769 2661
2770 2661
2771 2661
2772 2661
2773 2661
2774 2661
2775 2661
2776 2662
2777 2662
2778 2662
2779 2662
2780 2662
2781 2662
2782 2662
2783 2662
2784 2662
2785 2663
2786 2663
2787 2663
2788 2664
2789 2664
2790 2664
2791 2665
2792 2665
2793 2665
2794 2666
2795 2666
2796 2666
2797 2666
2798 2667
2799 2667
2800 2667
2801 2667
2802 2668
2803 2668
2804 2668
2805 2668
2806 2668
2807 2669
2808 2669
2809 2669
2810 2669
2811 2669
2812 2670
2813 2670
2814 2671
2815 2671
2816 2671
2817 2672
2818 2672
2819 2672
2820 2673
2821 2673
2822 2673
2823 2674
2824 2674
2825 2674
2826 2675
2827 2675
2828 2675
2829 2676
2830 2676
2831 2676
2832 2676
2833 2677
2834 2677
2835 2677
2836 2677
2837 2677
2838 2678
2839 2678
2840 2678
2841 2679
2842 2679
2843 2680
2844 2680
2845 2681
2846 2681
2847 2681
2848 2682
2849 2682
2850 2682
2851 2683
2852 2683
2853 2684
2854 2684
2855 2684
2856 2684
2857 2684
2858 2685
2859 2685
2860 2685
2861 2685
2862 2686
2863 2686
2864 2686
2865 2686
2866 2687
2867 2687
2868 2687
2869 2687
2870 2687
2871 2687
2872 2688
2873 2688
2874 2688
2875 2688
2876 2688
2877 2688
2878 2688
2879 2688
2880 2689
2881 2689
2882 2689
2883 2689
2884 2689
2885 2689
2886 2689
2887 2689
2888 2689
2889 2689
2890 2689
2891 2689
2892 2690
2893 2690
2894 2690
2895 2690
2896 2690
2897 2690
2898 2690
2899 2690
2900 2690
2901 2690
2902 2690
2903 2690
2904 2690
2905 2690
2906 2690
2907 2690
2908 2690
2909 2690
2910 2690
2911 2690
2912 2690
2913 2690
2914 2690
2915 2691
2916 2691
2917 2691
2918 2691
2919 2691
2920 2691
2921 2691
2922 2691
2923 2691
2924 2691
2925 2691
2926 2691
2927 2691
2928 2691
2929 2691
2930 2691
2931 2691
2932 2691
2933 2691
2934 2691
2935 2691
2936 2691
2937 2692
2938 2692
2939 2692
2940 2692
2941 2692
2942 2692
2943 2692
2944 2692
2945 2692
2946 2692
2947 2692
2948 2692
2949 2692
2950 2692
2951 2692
2952 2692
2953 2692
2954 2692
2955 2692
2956 2692
2957 2692
2958 2692
2959 2692
2960 2692
2961 2692
2962 2692
2963 2693
2964 2693
2965 2693
2966 2693
2967 2693
2968 2693
2969 2693
2970 2693
2971 2693
2972 2693
2973 2693
2974 2693
2975 2693
2976 2693
2977 2693
2978 2693
2979 2693
2980 2693
2981 2693
2982 2693
2983 2693
2984 2693
2985 2693
2986 2693
2987 2693
2988 2693
2989 2693
2990 2693
2991 2694
2992 2694
2993 2694
2994 2694
2995 2694
2996 2694
2997 2694
2998 2694
2999 2694
3000 2694
3001 2694
3002 2694
3003 2694
3004 2694
3005 2694
3006 2694
3007 2694
3008 2694
3009 2694
3010 2694
3011 2694
3012 2694
3013 2694
3014 2694
3015 2694
3016 2694
3017 2695
3018 2695
3019 2695
3020 2695
3021 2695
3022 2695
3023 2695
3024 2695
3025 2695
3026 2695
3027 2695
3028 2695
3029 2695
3030 2695
3031 2695
3032 2695
3033 2695
3034 2695
3035 2695
3036 2695
3037 2695
3038 2695
3039 2695
3040 2695
3041 2695
3042 2695
3043 2695
3044 2696
3045 2696
3046 2696
3047 2696
3048 2696
3049 2696
3050 2696
3051 2696
3052 2696
3053 2696
3054 2696
3055 2696
3056 2696
3057 2696
3058 2696
3059 2696
3060 2696
3061 2696
3062 2696
3063 2696
3064 2696
3065 2696
3066 2696
3067 2696
3068 2696
3069 2697
3070 2697
3071 2697
3072 2697
3073 2697
3074 2697
3075 2697
3076 2697
3077 2697
3078 2697
3079 2697
3080 2697
3081 2697
3082 2697
3083 2697
3084 2697
3085 2697
3086 2697
3087 2697
3088 2697
3089 2697
3090 2697
3091 2697
3092 2697
3093 2697
3094 2697
3095 2697
3096 2697
3097 2698
3098 2698
3099 2698
3100 2698
3101 2698
3102 2698
3103 2698
3104 2698
3105 2698
3106 2698
3107 2698
3108 2698
3109 2698
3110 2698
3111 2698
3112 2698
3113 2698
3114 2698
3115 2698
3116 2698
3117 2698
3118 2698
3119 2698
3120 2698
3121 2698
3122 2698
3123 2699
3124 2699
3125 2699
3126 2699
3127 2699
3128 2699
3129 2699
3130 2699
3131 2699
3132 2699
3133 2699
3134 2699
3135 2699
3136 2699
3137 2699
3138 2699
3139 2699
3140 2699
3141 2699
3142 2699
3143 2699
3144 2699
3145 2699
3146 2699
3147 2699
3148 2699
3149 2699
3150 2700
3151 2700
3152 2700
3153 2700
3154 2700
3155 2700
3156 2700
3157 2700
3158 2700
3159 2700
3160 2700
3161 2700
3162 2700
3163 2700
3164 2700
3165 2700
3166 2700
3167 2700
3168 2700
3169 2700
3170 2700
3171 2700
3172 2700
3173 2700
3174 2700
3175 2700
3176 2701
3177 2701
3178 2701
3179 2701
3180 2701
3181 2701
3182 2701
3183 2701
3184 2701
3185 2701
3186 2701
3187 2701
3188 2701
3189 2701
3190 2701
3191 2701
3192 2701
3193 2701
3194 2701
3195 2701
3196 2701
3197 2701
3198 2701
3199 2701
3200 2701
3201 2701
3202 2702
3203 2702
3204 2702
3205 2702
3206 2702
3207 2702
3208 2702
3209 2702
3210 2702
3211 2702
3212 2702
3213 2702
3214 2702
3215 2702
3216 2702
3217 2702
3218 2702
3219 2702
3220 2702
3221 2702
3222 2702
3223 2702
3224 2702
3225 2702
3226 2702
3227 2702
3228 2702
3229 2702
3230 2702
3231 2702
3232 2702
3233 2701
3234 2701
3235 2701
3236 2701
3237 2701
3238 2700
3239 2700
3240 2700
3241 2700
3242 2699
3243 2699
3244 2698
3245 2698
3246 2698
3247 2697
3248 2697
3249 2696
3250 2696
3251 2695
3252 2695
3253 2694
3254 2694
3255 2694
3256 2693
3257 2693
3258 2693
3259 2692
3260 2692
3261 2692
3262 2691
3263 2691
3264 2690
3265 2690
3266 2689
3267 2689
3268 2688
3269 2687
3270 2687
3271 2686
3272 2686
3273 2685
3274 2685
3275 2685
3276 2684
3277 2684
3278 2684
3279 2684
3280 2683
3281 2683
3282 2683
3283 2683
3284 2683
3285 2683
3286 2683
3287 2682
3288 2682
3289 2682
3290 2682
3291 2682
3292 2682
3293 2681
3294 2681
3295 2681
3296 2680
3297 2680
3298 2680
3299 2679
3300 2679
3301 2678
3302 2678
3303 2678
3304 2678
3305 2677
3306 2677
3307 2677
3308 2677
3309 2676
3310 2675
3311 2675
3312 2674
3313 2674
3314 2673
3315 2673
3316 2672
3317 2672
3318 2671
3319 2671
3320 2670
3321 2670
3322 2669
3323 2668
3324 2668
3325 2667
3326 2667
3327 2666
3328 2666
3329 2665
3330 2665
3331 2664
3332 2664
3333 2664
3334 2663
3335 2663
3336 2663
3337 2662
3338 2662
3339 2662
3340 2661
3341 2661
3342 2660
3343 2660
3344 2659
3345 2658
3346 2657
3347 2657
3348 2656
3349 2655
3350 2654
3351 2653
3352 2652
3353 2651
3354 2651
3355 2650
3356 2650
3357 2649
3358 2649
3359 2649
3360 2648
3361 2648
3362 2648
3363 2647
3364 2647
3365 2646
3366 2645
3367 2645
3368 2644
3369 2643
3370 2643
3371 2642
3372 2642
3373 2641
3374 2641
3375 2640
3376 2639
3377 2638
3378 2637
3379 2637
3380 2636
3381 2635
3381 2634
3382 2633
3383 2632
3384 2631
3385 2630
3386 2629
3387 2629
3388 2628
3389 2627
3390 2626
3391 2625
3392 2624
3393 2623
3394 2622
3395 2621
3396 2620
3397 2619
3398 2618
3399 2617
3400 2616
3401 2615
3402 2614
3403 2613
3404 2613
3404 2612
3405 2611
3406 2610
3406 2609
3407 2608
3407 2607
3408 2606
3409 2605
3410 2604
3411 2603
3412 2602
3412 2601
3413 2600
3413 2599
3414 2598
3414 2597
3415 2596
3415 2595
3416 2594
3416 2593
3417 2592
3417 2591
3418 2590
3419 2589
3419 2588
3420 2587
3420 2586
3421 2585
3422 2584
3422 2583
3423 2582
3423 2581
3424 2580
3424 2579
3424 2578
3425 2577
3425 2576
3425 2575
3425 2574
3426 2573
3426 2572
3426 2571
3427 2570
3427 2569
3427 2568
3428 2567
3428 2566
3429 2565
3429 2564
3430 2563
3430 2562
3431 2561
3432 2560
3432 2559
3433 2558
3433 2557
3433 2556
3434 2555
3434 2554
3434 2553
3435 2552
3435 2551
3436 2550
3437 2549
3438 2548
3439 2547
3440 2547
3441 2546
3442 2545
3442 2544
3443 2543
3444 2542
3444 2541
3445 2540
3446 2539
3446 2538
3447 2537
3447 2536
3448 2535
3448 2534
3449 2533
3449 2532
3449 2531
3450 2530
3450 2529
3450 2528
3451 2527
3451 2526
3451 2525
3452 2524
3452 2523
3453 2522
3453 2521
3454 2520
3454 2519
3455 2518
3456 2517
3456 2516
3457 2515
3457 2514
3458 2513
3458 2512
3458 2511
3459 2510
3459 2509
3459 2508
3460 2507
3460 2506
3460 2505
3460 2504
3461 2503
3462 2502
3462 2501
3463 2500
3464 2499
3464 2498
3465 2497
3465 2496
3465 2495
3466 2494
3466 2493
3466 2492
3467 2491
3467 2490
3468 2489
3468 2488
3468 2487
3468 2486
3469 2485
3469 2484
3469 2483
3470 2482
3470 2481
3470 2480
3470 2479
3470 2478
3470 2477
3471 2476
3471 2475
3471 2474
3471 2473
3471 2472
3471 2471
3471 2470
3472 2469
3472 2468
3473 2467
3473 2466
3473 2465
3474 2464
3474 2463
3474 2462
3475 2461
3475 2460
3475 2459
3476 2458
3476 2457
3476 2456
3477 2455
3477 2454
3477 2453
3477 2452
3478 2451
3478 2450
3478 2449
3478 2448
3478 2447
3479 2446
3479 2445
3480 2444
3481 2443
3481 2442
3482 2441
3482 2440
3483 2439
3484 2438
3484 2437
3485 2436
3485 2435
3486 2434
3486 2433
3487 2432
3487 2431
3487 2430
3487 2429
3488 2428
3488 2427
3488 2426
3488 2425
3488 2424
3488 2423
3488 2422
3489 2421
3489 2420
3489 2419
3489 2418
3490 2417
3490 2416
3490 2415
3491 2414
3491 2413
3491 2412
3492 2411
3492 2410
3492 2409
3493 2408
3493 2407
3493 2406
3494 2405
3494 2404
3494 2403
3495 2402
3495 2401
3495 2400
3495 2399
3496 2398
3496 2397
3496 2396
3496 2395
3496 2394
3497 2393
3497 2392
3497 2391
3497 2390
3497 2389
3497 2388
3498 2387
3498 2386
3498 2385
3498 2384
3498 2383
3498 2382
3499 2381
3499 2380
3499 2379
3499 2378
3499 2377
3499 2376
3499 2375
3499 2374
3499 2373
3499 2372
3500 2371
3500 2370
3500 2369
3500 2368
3500 2367
3500 2366
3500 2365
3500 2364
3500 2363
3500 2362
3500 2361
3500 2360
3500 2359
3500 2358
3500 2357
3501 2356
3501 2355
3501 2354
3501 2353
3501 2352
3501 2351
3501 2350
3501 2349
3501 2348
3501 2347
3501 2346
3501 2345
3501 2344
3501 2343
3501 2342
3501 2341
3501 2340
3501 2339
3501 2338
3501 2337
3501 2336
3501 2335
3501 2334
3501 2333
3501 2332
3502 2331
3502 2330
3502 2329
3502 2328
3502 2327
3502 2326
3502 2325
3502 2324
3502 2323
3502 2322
3502 2321
3502 2320
3502 2319
3502 2318
3502 2317
3502 2316
3502 2315
3502 2314
3502 2313
3502 2312
3502 2311
3503 2310
3503 2309
3503 2308
3504 2307
3504 2306
3504 2305
3505 2304
3505 2303
3506 2302
3506 2301
3506 2300
3507 2299
3507 2298
3507 2297
3507 2296
3508 2295
3508 2294
3508 2293
3508 2292
3508 2291
3509 2290
3509 2289
3509 2288
3509 2287
3509 2286
3510 2285
3510 2284
3510 2283
3510 2282
3510 2281
3510 2280
3510 2279
3511 2278
3511 2277
3511 2276
3511 2275
3511 2274
3511 2273
3511 2272
3511 2271
3511 2270
3512 2269
3512 2268
3512 2267
3512 2266
3512 2265
3512 2264
3512 2263
3512 2262
3512 2261
3512 2260
3512 2259
3512 2258
3512 2257
3512 2256
3512 2255
3512 2254
3512 2253
3512 2252
3513 2251
3513 2250
3513 2249
3513 2248
3513 2247
3513 2246
3513 2245
3513 2244
3513 2243
3513 2242
3513 2241
3513 2240
3513 2239
3513 2238
3513 2237
3513 2236
3513 2235
3513 2234
3513 2233
3513 2232
3513 2231
3513 2230
3513 2229
3513 2228
3513 2227
3514 2226
3514 2225
3514 2224
3514 2223
3514 2222
3514 2221
3514 2220
3514 2219
3514 2218
3514 2217
3514 2216
3514 2215
3514 2214
3514 2213
3514 2212
3514 2211
3514 2210
3514 2209
3514 2208
3514 2207
3514 2206
3514 2205
3514 2204
3514 2203
3514 2202
3514 2201
3513 2200
3513 2199
3513 2198
3513 2197
3513 2196
3513 2195
3512 2194
3512 2193
3512 2192
3511 2191
3511 2190
3511 2189
3511 2188
3511 2187
3510 2186
3510 2185
3510 2184
3510 2183
3510 2182
3510 2181
3509 2180
3509 2179
3509 2178
3509 2177
3509 2176
3509 2175
3509 2174
3508 2173
3508 2172
3509 2171
3509 2170
3508 2169
3508 2168
3508 2167
3507 2166
3507 2165
3507 2164
3506 2163
3506 2162
3505 2161
3505 2160
3505 2159
3504 2158
3504 2157
3503 2156
3503 2155
3502 2154
3502 2153
3501 2152
3500 2151
3499 2150
3499 2149
3498 2148
3497 2147
3496 2146
3495 2145
3495 2144
3494 2143
3493 2142
3492 2141
3492 2140
3491 2139
3491 2138
3490 2137
3489 2136
3489 2135
3488 2134
3487 2133
3486 2132
3486 2131
3485 2130
3484 2129
3484 2128
3483 2127
3483 2126
3483 2125
3482 2124
3481 2123
3480 2122
3480 2121
3479 2120
3478 2119
3477 2118
3476 2117
3475 2116
3474 2115
3473 2114
3472 2113
3471 2112
3470 2111
3469 2110
3468 2109
3467 2108
3466 2107
3465 2106
3464 2105
3463 2104
3462 2103
3461 2102
3460 2101
3459 2100
3458 2099
3457 2098
3456 2097
3455 2096
3454 2095
3453 2094
3452 2093
3452 2092
3451 2091
3450 2090
3449 2089
3448 2088
3447 2087
3446 2086
3445 2085
3444 2084
3443 2083
3442 2082
3441 2081
3440 2080
3439 2079
3438 2078
3437 2077
3437 2076
3436 2076
3435 2075
3434 2075
3433 2074
3432 2073
3431 2072
3430 2071
3429 2070
3429 2069
3428 2068
3427 2067
3426 2066
3425 2065
3424 2064
3423 2064
3422 2063
3421 2062
3420 2061
3419 2060
3418 2059
3417 2058
3416 2057
3415 2056
3414 2055
3413 2054
3412 2053
3411 2053
3410 2052
3409 2051
3408 2051
3407 2051
3406 2050
3405 2050
3404 2049
3403 2048
3402 2047
3401 2047
3400 2046
3399 2045
3398 2044
3397 2044
3396 2043
3395 2043
3394 2042
3393 2042
3392 2041
3391 2041
3390 2040
3389 2040
3388 2039
3387 2038
3386 2038
3385 2037
3384 2036
3383 2035
3382 2034
3382 2033
3381 2032
3380 2031
3379 2030
3378 2029
3377 2029
3376 2028
3375 2027
3374 2027
3373 2026
3372 2025
3371 2024
3370 2023
3369 2022
3368 2021
3367 2020
3366 2020
3365 2019
3364 2018
3363 2018
3362 2017
3361 2017
3360 2016
3359 2016
3358 2015
3357 2015
3356 2014
3355 2013
3354 2012
3353 2011
3352 2010
3351 2009
3350 2008
3349 2007
3348 2006
3347 2005
3347 2004
3346 2003
3345 2003
3344 2002
3343 2001
3342 2001
3341 2000
3340 1999
3339 1998
3338 1997
3338 1996
3337 1995
3336 1994
3335 1994
3334 1993
3333 1992
3332 1991
3331 1990
3330 1989
3329 1988
3328 1988
3327 1987
3326 1986
3325 1985
3324 1985
3323 1984
3322 1983
3321 1982
3321 1981
3320 1980
3319 1979
3318 1978
3317 1978
3316 1977
3315 1976
3314 1975
3314 1974
3313 1973
3312 1972
3312 1971
3311 1970
3311 1969
3310 1968
3309 1967
3308 1967
3307 1966
3306 1965
3306 1964
3305 1963
3304 1962
3303 1962
3302 1961
3302 1960
3302 1959
3302 1958
3302 1957
3301 1956
3301 1955
3300 1955
3299 1955
3298 1954
3297 1955
3296 1955
3295 1955
3294 1955
3293 1955
3292 1955
3291 1954
3290 1954
3289 1954
3288 1954
3287 1954
3286 1954
3285 1953
3284 1953
3283 1953
3282 1952
3281 1952
3280 1952
3279 1951
3279 1950
3279 1949
3279 1948
3279 1947
3278 1948
3277 1948
3276 1948
3275 1948
3274 1947
3273 1948
3272 1948
3271 1948
3270 1947
3269 1946
3268 1946
3267 1946
3266 1945
3265 1946
3264 1946
3263 1946
3262 1946
3261 1946
3260 1945
3259 1945
3258 1946
3257 1946
3256 1945
3256 1944
3256 1943
3255 1943
3254 1943
3253 1942
3252 1942
3252 1943
3251 1944
3250 1944
3249 1944
3248 1943
3248 1942
3248 1941
3248 1940
3247 1940
3246 1940
3245 1940
3244 1939
3244 1938
3244 1937
3244 1936
3243 1936
3242 1937
3241 1937
3240 1937
3239 1936
3239 1935
3239 1934
3238 1934
3238 1935
3237 1936
3236 1936
3235 1936
3234 1936
3233 1935
3232 1934
3232 1933
3232 1932
3231 1932
3230 1932
3229 1931
3228 1930
3228 1931
3227 1932
3226 1932
3225 1932
3224 1931
3223 1930
3222 1930
3221 1931
3220 1931
3219 1931
3218 1930
3217 1930
3216 1930
3215 1929
3215 1928
3215 1927
3214 1927
3213 1927
3213 1928
3212 1929
3211 1929
3210 1929
3209 1929
3208 1929
3207 1929
3206 1929
3205 1928
3205 1927
3204 1927
3203 1927
3203 1928
3202 1929
3201 1929
3200 1929
3199 1929
3198 1928
3198 1927
3198 1926
3197 1926
3196 1926
3195 1925
3195 1924
3195 1923
3195 1924
3195 1925
3194 1926
3193 1926
3192 1926
3191 1925
3191 1924
3190 1923
3191 1922
3190 1922
3190 1923
3191 1924
3190 1925
3189 1925
3188 1925
3187 1924
3187 1923
3187 1922
3186 1922
3185 1922
3184 1922
3183 1922
3182 1923
3181 1923
3180 1923
3179 1922
3178 1923
3177 1923
3176 1923
3175 1922
3175 1921
3175 1922
3174 1923
3173 1923
3172 1923
3171 1922
3171 1921
3171 1920
3170 1920
3169 1920
3168 1920
3167 1920
3166 1920
3165 1920
3164 1921
3163 1921
3162 1921
3161 1920
3160 1920
3159 1920
3158 1920
3157 1919
3156 1920
3155 1920
3154 1920
3153 1921
3152 1921
3151 1920
3151 1919
3151 1918
3150 1918
3150 1919
3150 1920
3149 1921
3148 1921
3147 1920
3147 1919
3147 1918
3146 1918
3146 1919
3145 1920
3144 1920
3143 1920
3142 1920
3141 1919
3140 1919
3139 1919
3138 1919
3137 1920
3136 1920
3135 1919
3135 1918
3134 1919
3133 1919
3132 1919
3131 1919
3130 1919
3129 1919
3128 1919
3127 1919
3126 1919
3125 1919
3124 1919
3123 1919
3122 1919
3121 1919
3120 1919
3119 1919
3118 1919
3117 1919
3116 1918
3115 1919
3114 1919
3113 1919
3112 1919
3111 1919
3110 1918
3109 1917
3108 1917
3107 1918
3106 1918
3105 1918
3104 1918
3103 1918
3102 1917
3101 1918
3100 1918
3099 1918
3098 1918
3097 1918
3096 1917
3095 1917
3094 1918
3093 1918
3092 1918
3091 1917
3090 1917
3089 1918
3088 1918
3087 1917
3087 1916
3087 1917
3086 1918
3085 1918
3084 1918
3083 1917
3082 1917
3081 1917
3080 1917
3079 1918
3078 1918
3077 1918
3076 1917
3075 1917
3074 1917
3073 1917
3072 1917
3071 1917
3070 1917
3069 1917
3068 1917
3067 1917
3066 1917
3065 1918
3064 1918
3063 1917
3063 1916
3063 1915
3062 1915
3062 1916
3062 1917
3061 1918
3060 1918
3059 1917
3058 1917
3057 1917
3056 1916
3055 1916
3055 1917
3054 1918
3053 1918
3052 1917
3051 1917
3050 1917
3049 1917
3048 1916
3047 1916
3046 1916
3045 1916
3044 1916
3043 1916
3043 1917
3043 1918
3043 1919
3042 1920
3041 1920
3040 1920
3039 1919
3039 1918
3039 1917
3039 1918
3039 1919
3038 1920
3037 1921
3036 1921
3035 1921
3034 1921
3033 1920
3033 1919
3032 1919
3031 1918
3031 1917
3031 1916
3031 1917
3030 1918
3030 1919
3030 1920
3029 1921
3028 1922
3027 1922
3026 1922
3025 1921
3025 1920
3025 1919
3026 1918
3026 1917
3025 1917
3024 1917
3023 1918
3022 1919
3022 1920
3022 1921
3021 1922
3020 1922
3019 1922
3018 1922
3017 1922
3016 1921
3015 1920
3015 1919
3014 1919
3013 1919
3012 1918
3012 1917
3012 1916
3013 1915
3014 1915
3013 1915
3012 1915
3011 1915
3010 1915
