3558 1710
3557 1711
3557 1712
3557 1713
3556 1714
3555 1714
3554 1714
3554 1715
3554 1716
3554 1717
3553 1718
3552 1718
3551 1718
3550 1717
3549 1716
3549 1715
3548 1716
3547 1717
3546 1717
3545 1717
3544 1716
3544 1715
3544 1714
3544 1715
3544 1716
3544 1717
3543 1718
3542 1718
3541 1718
3540 1718
3539 1717
3539 1716
3539 1715
3538 1715
3537 1715
3536 1716
3535 1716
3535 1717
3534 1718
3533 1718
3532 1718
3531 1717
3531 1716
3531 1715
3530 1715
3529 1715
3528 1714
3527 1713
3526 1714
3525 1715
3525 1716
3524 1717
3523 1717
3522 1716
3521 1717
3520 1717
3519 1717
3518 1718
3517 1718
3516 1717
3515 1716
3515 1717
3514 1718
3513 1718
3512 1718
3511 1717
3510 1718
3509 1718
3508 1718
3507 1718
3506 1719
3505 1719
3504 1719
3503 1718
3502 1718
3501 1719
3500 1720
3499 1720
3498 1719
3498 1718
3497 1717
3497 1718
3497 1719
3496 1720
3495 1720
3494 1720
3493 1719
3493 1718
3492 1717
3491 1717
3491 1718
3490 1719
3489 1719
3488 1719
3487 1719
3486 1719
3485 1719
3484 1719
3483 1719
3482 1719
3481 1720
3480 1720
3479 1720
3478 1719
3478 1718
3477 1717
3477 1716
3476 1716
3475 1715
3474 1716
3474 1717
3474 1718
3473 1719
3472 1719
3471 1719
3470 1719
3469 1719
3468 1719
3467 1719
3466 1718
3465 1718
3464 1718
3464 1719
3463 1720
3462 1720
3461 1720
3460 1719
3459 1718
3458 1718
3457 1718
3456 1718
3455 1718
3454 1719
3453 1719
3452 1720
3451 1720
3450 1720
3449 1719
3448 1719
3447 1719
3446 1719
3445 1720
3444 1720
3443 1720
3442 1720
3441 1721
3440 1721
3439 1721
3438 1721
3437 1721
3436 1721
3435 1720
3435 1721
3435 1722
3435 1723
3434 1724
3433 1724
3432 1724
3431 1723
3431 1722
3430 1721
3430 1720
3429 1720
3429 1721
3428 1722
3427 1722
3426 1722
3425 1721
3425 1722
3424 1723
3423 1723
3422 1723
3421 1724
3420 1724
3420 1725
3419 1726
3418 1726
3417 1726
3416 1726
3415 1726
3414 1726
3413 1726
3412 1726
3411 1726
3410 1726
3409 1725
3408 1726
3407 1726
3406 1726
3405 1726
3404 1726
3403 1727
3402 1727
3401 1727
3400 1728
3399 1728
3398 1728
3397 1727
3396 1728
3395 1728
3394 1728
3393 1727
3392 1727
3391 1727
3390 1727
3389 1728
3388 1728
3387 1728
3386 1728
3385 1728
3384 1728
3383 1728
3382 1728
3381 1728
3380 1728
3379 1728
3378 1728
3377 1728
3376 1728
3375 1729
3374 1729
3373 1729
3372 1729
3371 1728
3370 1729
3369 1729
3368 1729
3367 1729
3366 1728
3365 1729
3364 1729
3363 1729
3362 1728
3361 1728
3360 1729
3359 1729
3358 1729
3357 1728
3356 1729
3355 1729
3354 1729
3353 1729
3352 1729
3351 1729
3350 1729
3349 1729
3348 1730
3347 1730
3346 1730
3345 1729
3344 1729
3343 1730
3342 1730
3342 1731
3341 1732
3340 1732
3339 1732
3338 1731
3337 1731
3337 1732
3337 1733
3336 1734
3335 1734
3335 1735
3334 1736
3333 1736
3332 1735
3331 1735
3330 1735
3329 1735
3328 1734
3328 1733
3328 1734
3327 1735
3326 1735
3325 1735
3324 1734
3323 1733
3322 1733
3321 1733
3320 1732
3319 1733
3318 1733
3317 1733
3316 1733
3315 1734
3314 1735
3313 1735
3312 1735
3311 1735
3310 1735
3310 1736
3309 1737
3308 1738
3307 1738
3306 1738
3305 1737
3305 1736
3304 1736
3303 1736
3302 1735
3302 1734
3302 1733
3301 1733
3300 1734
3299 1735
3298 1735
3297 1735
3296 1734
3295 1734
3294 1734
3293 1734
3292 1733
3292 1732
3292 1731
3292 1732
3292 1733
3292 1734
3291 1735
3290 1736
3289 1737
3288 1737
3287 1737
3287 1738
3286 1739
3285 1739
3284 1739
3283 1738
3283 1737
3282 1737
3281 1737
3280 1737
3279 1736
3279 1735
3279 1734
3280 1733
3279 1734
3278 1735
3278 1736
3278 1737
3277 1738
3276 1738
3275 1738
3274 1737
3273 1737
3272 1737
3271 1737
3270 1737
3269 1736
3269 1735
3269 1736
3268 1737
3267 1737
3266 1737
3265 1737
3264 1737
3263 1737
3262 1737
3261 1737
3260 1737
3259 1736
3258 1736
3257 1736
3256 1735
3255 1736
3255 1737
3254 1738
3253 1739
3252 1739
3251 1739
3250 1738
3249 1737
3250 1736
3249 1737
3249 1738
3248 1739
3247 1739
3246 1739
3245 1739
3244 1739
3243 1739
3242 1738
3241 1738
3240 1737
3240 1738
3240 1739
3239 1740
3238 1740
3237 1740
3236 1740
3235 1740
3234 1740
3233 1739
3232 1739
3231 1739
3230 1739
3230 1740
3230 1741
3229 1742
3228 1742
3227 1742
3226 1742
3225 1742
3224 1741
3223 1742
3222 1743
3221 1743
3220 1743
3219 1743
3218 1743
3217 1743
3216 1743
3215 1744
3214 1744
3213 1744
3212 1744
3211 1744
3210 1744
3209 1744
3209 1745
3209 1746
3208 1747
3207 1747
3206 1747
3205 1746
3205 1745
3205 1744
3204 1745
3203 1746
3202 1746
3201 1746
3200 1746
3199 1746
3198 1745
3197 1745
3197 1746
3196 1747
3195 1747
3194 1747
3193 1747
3192 1747
3191 1747
3190 1747
3189 1746
3188 1746
3187 1747
3186 1748
3186 1749
3185 1750
3184 1750
3183 1750
3182 1750
3181 1750
3180 1751
3179 1752
3178 1752
3178 1753
3177 1754
3176 1754
3175 1754
3174 1755
3173 1755
3172 1755
3171 1756
3170 1757
3169 1757
3168 1757
3167 1757
3166 1758
3165 1758
3164 1759
3163 1759
3162 1760
3161 1760
3160 1761
3159 1762
3158 1763
3157 1763
3156 1763
3155 1764
3154 1765
3153 1764
3152 1765
3151 1766
3150 1766
3149 1767
3148 1767
3147 1768
3146 1769
3145 1769
3144 1770
3143 1771
3142 1771
3141 1772
3140 1772
3139 1773
3138 1773
3137 1773
3136 1774
3135 1774
3134 1775
3133 1776
3132 1776
3131 1777
3130 1777
3129 1778
3128 1778
3127 1778
3126 1779
3125 1779
3124 1780
3123 1780
3122 1781
3121 1781
3120 1782
3119 1782
3118 1782
3117 1783
3116 1783
3115 1784
3114 1785
3113 1785
3112 1786
3111 1787
3110 1787
3109 1788
3108 1788
3107 1788
3106 1788
3105 1789
3104 1789
3103 1790
3102 1790
3101 1790
3100 1791
3099 1791
3098 1792
3097 1792
3096 1792
3095 1793
3094 1793
3093 1793
3092 1794
3091 1794
3090 1795
3089 1795
3088 1795
3087 1796
3086 1796
3085 1796
3084 1797
3083 1797
3082 1797
3081 1798
3080 1798
3079 1799
3078 1799
3077 1799
3076 1800
3075 1800
3074 1800
3073 1800
3072 1800
3071 1801
3070 1801
3069 1802
3068 1802
3067 1802
3066 1803
3065 1803
3064 1803
3063 1804
3062 1804
3061 1805
3060 1805
3059 1806
3058 1806
3057 1806
3056 1807
3055 1807
3054 1808
3053 1808
3052 1809
3051 1809
3050 1809
3049 1809
3048 1810
3047 1810
3046 1810
3045 1811
3044 1811
3043 1812
3042 1812
3041 1812
3040 1813
3039 1813
3038 1813
3037 1814
3036 1814
3035 1814
3034 1814
3033 1815
3032 1815
3031 1816
3030 1816
3029 1817
3028 1817
3027 1817
3026 1818
3025 1818
3024 1819
3023 1819
3022 1820
3021 1820
3020 1821
3019 1821
3018 1822
3017 1823
3016 1823
3015 1824
3014 1825
3013 1826
3012 1827
3011 1828
3010 1828
3009 1829
3008 1830
3007 1830
3006 1830
3005 1831
3004 1831
3003 1832
3002 1832
3001 1833
3000 1833
2999 1833
2998 1834
2997 1835
2996 1836
2995 1836
2994 1837
2993 1838
2992 1838
2991 1839
2990 1839
2989 1840
2988 1841
2987 1841
2986 1842
2985 1842
2984 1842
2983 1842
2982 1842
2981 1843
2980 1843
2979 1843
2978 1843
2977 1844
2976 1844
2975 1844
2974 1844
2973 1845
2972 1845
2971 1845
2970 1846
2969 1846
2968 1847
2967 1847
2966 1848
2965 1848
2964 1849
2963 1849
2962 1850
2961 1851
2960 1851
2959 1852
2958 1852
2957 1853
2956 1853
2955 1853
2954 1853
2953 1853
2952 1853
2951 1853
2950 1853
2949 1854
2948 1854
2947 1854
2946 1855
2945 1855
2944 1855
2943 1856
2942 1856
2941 1857
2940 1857
2939 1857
2938 1858
2937 1858
2936 1858
2935 1858
2934 1858
2933 1859
2932 1859
2931 1859
2930 1859
2929 1859
2928 1859
2927 1859
2926 1859
2925 1859
2924 1859
2923 1859
2922 1859
2921 1859
2920 1859
2919 1859
2918 1860
2917 1860
2916 1860
2915 1860
2914 1861
2913 1861
2912 1861
2911 1861
2910 1861
2909 1861
2908 1862
2907 1862
2906 1862
2905 1862
2904 1862
2903 1862
2902 1862
2901 1862
2900 1862
2899 1862
2898 1863
2897 1863
2896 1863
2895 1863
2894 1863
2893 1864
2892 1864
2891 1864
2890 1864
2889 1864
2888 1865
2887 1865
2886 1865
2885 1865
2884 1865
2883 1865
2882 1865
2881 1865
2880 1865
2879 1866
2878 1866
2877 1867
2876 1867
2875 1867
2874 1868
2873 1868
2872 1868
2871 1868
2870 1869
2869 1869
2868 1869
2867 1869
2866 1869
2865 1869
2864 1869
2863 1870
2862 1870
2861 1870
2860 1870
2859 1870
2858 1870
2857 1870
2856 1870
2855 1871
2854 1871
2853 1871
2852 1871
2851 1872
2850 1872
2849 1873
2848 1873
2847 1873
2846 1874
2845 1874
2844 1874
2843 1874
2842 1875
2841 1875
2840 1876
2839 1876
2838 1877
2837 1877
2836 1877
2835 1878
2834 1878
2833 1879
2832 1879
2831 1879
2830 1879
2829 1879
2828 1879
2827 1880
2826 1880
2825 1880
2824 1881
2823 1881
2822 1881
2821 1881
2820 1882
2819 1883
2818 1883
2817 1884
2816 1884
2815 1885
2814 1886
2813 1887
2812 1887
2811 1888
2810 1889
2809 1889
2808 1890
2807 1890
2806 1891
2805 1891
2804 1892
2803 1892
2802 1893
2801 1893
2800 1893
2799 1894
2798 1894
2797 1894
2796 1895
2795 1895
2794 1896
2793 1896
2792 1897
2791 1897
2790 1898
2789 1898
2788 1898
2787 1899
2786 1899
2785 1900
2784 1900
2783 1900
2782 1901
2781 1901
2780 1902
2779 1902
2778 1903
2777 1904
2776 1904
2775 1905
2774 1906
2773 1906
2772 1907
2771 1907
2770 1908
2769 1909
2768 1909
2767 1910
2766 1910
2765 1910
2764 1910
2763 1911
2762 1911
2761 1912
2760 1912
2759 1913
2758 1913
2757 1914
2756 1915
2755 1915
2754 1916
2753 1916
2752 1917
2751 1917
2750 1918
2749 1918
2748 1919
2747 1919
2746 1920
2745 1920
2744 1921
2743 1921
2742 1921
2741 1922
2740 1923
2739 1923
2738 1924
2737 1924
2736 1925
2735 1925
2734 1926
2733 1926
2732 1926
2731 1926
2730 1926
2729 1926
2728 1926
2727 1927
2726 1927
2725 1927
2724 1927
2723 1927
2722 1927
2721 1927
2720 1927
2719 1928
2718 1928
2717 1929
2716 1929
2715 1930
2714 1930
2713 1931
2712 1932
2711 1932
2710 1933
2709 1933
2708 1934
2707 1935
2706 1935
2705 1935
2704 1936
2703 1936
2702 1937
2701 1937
2700 1938
2699 1938
2698 1939
2697 1939
2696 1940
2695 1940
2694 1941
2693 1941
2692 1941
2691 1942
2690 1942
2689 1942
2688 1942
2687 1943
2686 1943
2685 1944
2684 1944
2683 1944
2682 1945
2681 1945
2680 1946
2679 1946
2678 1946
2677 1947
2676 1947
2675 1947
2674 1948
2673 1948
2672 1949
2671 1949
2670 1949
2669 1950
2668 1950
2667 1950
2666 1951
2665 1951
2664 1951
2663 1951
2662 1952
2661 1952
2660 1952
2659 1953
2658 1953
2657 1953
2656 1954
2655 1954
2654 1954
2653 1955
2652 1955
2651 1956
2650 1956
2649 1957
2648 1957
2647 1958
2646 1958
2645 1959
2644 1960
2643 1960
2642 1961
2641 1962
2640 1962
2639 1963
2638 1964
2637 1964
2636 1965
2635 1966
2634 1966
2633 1967
2632 1968
2631 1968
2630 1969
2629 1970
2628 1970
2627 1971
2626 1971
2625 1972
2624 1972
2623 1973
2622 1973
2621 1973
2620 1974
2619 1974
2618 1974
2617 1974
2616 1975
2615 1975
2614 1976
2613 1976
2612 1976
2611 1977
2610 1977
2609 1977
2608 1978
2607 1978
2606 1978
2605 1979
2604 1979
2603 1979
2602 1979
2601 1980
2600 1980
2599 1981
2598 1981
2597 1982
2596 1982
2595 1983
2594 1983
2593 1984
2592 1984
2591 1984
2590 1985
2589 1985
2588 1986
2587 1986
2586 1986
2585 1987
2584 1987
2583 1987
2582 1988
2581 1988
2580 1988
2579 1989
2578 1989
2577 1989
2576 1989
2575 1990
2574 1990
2573 1991
2572 1991
2571 1991
2570 1992
2569 1992
2568 1993
2567 1993
2566 1993
2565 1994
2564 1994
2563 1994
2562 1994
2561 1994
2560 1995
2559 1995
2558 1995
2557 1995
2556 1995
2555 1995
2554 1995
2553 1995
2552 1995
2551 1995
2550 1995
2549 1995
2548 1995
2547 1995
2546 1995
2545 1995
2544 1995
2543 1995
2542 1995
2541 1995
2540 1994
2539 1994
2538 1994
2537 1994
2536 1994
2535 1994
2534 1994
2533 1994
2532 1994
2531 1994
2530 1994
2529 1994
2528 1993
2527 1993
2526 1993
2525 1993
2524 1993
2523 1993
2522 1993
2521 1993
2520 1993
2519 1993
2518 1993
2517 1993
2516 1993
2515 1993
2514 1993
2513 1993
2512 1993
2511 1993
2510 1993
2509 1994
2508 1994
2507 1994
2506 1995
2505 1995
2504 1995
2503 1995
2502 1995
2501 1995
2500 1995
2499 1995
2498 1995
2497 1995
2496 1995
2495 1995
2494 1995
2493 1995
2492 1995
2491 1995
2490 1995
2489 1996
2488 1996
2487 1996
2486 1996
2485 1996
2484 1997
2483 1997
2482 1997
2481 1997
2480 1998
2479 1998
2478 1998
2477 1998
2476 1998
2475 1999
2474 1999
2473 2000
2472 2000
2471 2000
2470 2001
2469 2001
2468 2002
2467 2002
2466 2002
2465 2003
2464 2003
2463 2003
2462 2004
2461 2004
2460 2005
2459 2005
2458 2005
2457 2006
2456 2006
2455 2006
2454 2007
2453 2007
2452 2008
2451 2008
2450 2009
2449 2009
2448 2010
2447 2011
2446 2011
2445 2012
2444 2012
2443 2013
2442 2013
2441 2013
2440 2014
2439 2014
2438 2015
2437 2016
2436 2016
2435 2017
2434 2018
2433 2018
2432 2018
2431 2019
2430 2019
2429 2019
2428 2019
2427 2020
2426 2020
2425 2020
2424 2021
2423 2021
2422 2021
2421 2021
2420 2022
2419 2023
2418 2023
2417 2023
2416 2024
2415 2024
2414 2024
2413 2024
2412 2025
2411 2025
2410 2026
2409 2026
2408 2026
2407 2027
2406 2027
2405 2028
2404 2028
2403 2029
2402 2030
2401 2030
2400 2031
2399 2032
2398 2033
2397 2033
2396 2034
2395 2034
2394 2035
2393 2035
2392 2035
2391 2035
2390 2035
2389 2036
2388 2036
2387 2036
2386 2036
2385 2036
2384 2036
2383 2036
2382 2037
2381 2037
2380 2037
2379 2038
2378 2038
2377 2039
2376 2039
2375 2039
2374 2040
2373 2040
2372 2040
2371 2040
2370 2040
2369 2040
2368 2040
2367 2040
2366 2040
2365 2040
2364 2040
2363 2040
2362 2040
2361 2040
2360 2040
2359 2040
2358 2040
2357 2040
2356 2040
2355 2040
2354 2040
2353 2040
2352 2040
2351 2040
2350 2041
2349 2041
2348 2041
2347 2041
2346 2041
2345 2042
2344 2042
2343 2042
2342 2042
2341 2042
2340 2042
2339 2042
2338 2042
2337 2043
2336 2043
2335 2043
2334 2043
2333 2043
2332 2043
2331 2043
2330 2043
2329 2043
2328 2044
2327 2044
2326 2044
2325 2044
2324 2044
2323 2045
2322 2045
2321 2045
2320 2046
2319 2046
2318 2047
2317 2047
2316 2047
2315 2047
2314 2047
2313 2047
2312 2047
2311 2047
2310 2048
2309 2048
2308 2048
2307 2049
2306 2049
2305 2049
2304 2050
2303 2050
2302 2051
2301 2051
2300 2051
2299 2051
2298 2051
2297 2051
2296 2051
2295 2051
2294 2051
2293 2052
2292 2052
2291 2052
2290 2052
2289 2051
2288 2051
2287 2051
2286 2051
2285 2052
2284 2052
2283 2052
2282 2052
2281 2052
2280 2053
2279 2053
2278 2053
2277 2053
2276 2054
2275 2054
2274 2054
2273 2055
2272 2055
2271 2055
2270 2055
2269 2055
2268 2055
2267 2055
2266 2055
2265 2055
2264 2055
2263 2055
2262 2055
2261 2055
2260 2055
2259 2056
2258 2056
2257 2056
2256 2056
2255 2056
2254 2056
2253 2057
2252 2057
2251 2057
2250 2058
2249 2058
2248 2058
2247 2058
2246 2058
2245 2059
2244 2059
2243 2059
2242 2059
2241 2059
2240 2059
2239 2059
2238 2059
2237 2059
2236 2059
2235 2059
2234 2059
2233 2059
2232 2059
2231 2059
2230 2059
2229 2059
2228 2059
2227 2059
2226 2059
2225 2059
2224 2059
2223 2060
2222 2060
2221 2060
2220 2061
2219 2061
2218 2061
2217 2061
2216 2062
2215 2062
2214 2062
2213 2062
2212 2062
2211 2062
2210 2062
2209 2062
2208 2063
2207 2063
2206 2063
2205 2063
2204 2064
2203 2064
2202 2064
2201 2065
2200 2065
2199 2065
2198 2065
2197 2066
2196 2066
2195 2066
2194 2066
2193 2066
2192 2067
2191 2067
2190 2067
2189 2067
2188 2067
2187 2068
2186 2068
2185 2068
2184 2069
2183 2069
2182 2069
2181 2070
2180 2070
2179 2071
2178 2071
2177 2072
2176 2072
2175 2073
2174 2073
2173 2073
2172 2074
2171 2074
2170 2075
2169 2075
2168 2075
2167 2076
2166 2076
2165 2076
2164 2077
2163 2077
2162 2078
2161 2078
2160 2079
2159 2079
2158 2080
2157 2081
2156 2081
2155 2082
2154 2083
2153 2083
2152 2084
2151 2084
2150 2085
2149 2086
2148 2086
2147 2087
2146 2087
2145 2088
2144 2088
2143 2089
2142 2089
2141 2090
2140 2090
2139 2091
2138 2091
2137 2091
2136 2091
2135 2091
2134 2092
2133 2092
2132 2093
2131 2093
2130 2094
2129 2094
2128 2095
2127 2095
2126 2096
2125 2096
2124 2096
2123 2097
2122 2097
2121 2098
2120 2098
2119 2099
2118 2099
2117 2099
2116 2100
2115 2100
2114 2100
2113 2101
2112 2101
2111 2101
2110 2102
2109 2102
2108 2103
2107 2103
2106 2104
2105 2104
2104 2105
2103 2105
2102 2106
2101 2106
2100 2107
2099 2107
2098 2107
2097 2108
2096 2108
2095 2108
2094 2108
2093 2109
2092 2109
2091 2110
2090 2110
2089 2111
2088 2112
2087 2112
2086 2113
2085 2113
2084 2113
2083 2113
2082 2114
2081 2114
2080 2114
2079 2114
2078 2115
2077 2115
2076 2116
2075 2116
2074 2117
2073 2117
2072 2118
2071 2118
2070 2118
2069 2118
2068 2119
2067 2119
2066 2120
2065 2121
2064 2121
2063 2122
2062 2122
2061 2123
2060 2123
2059 2124
2058 2124
2057 2124
2056 2125
2055 2125
2054 2126
2053 2126
2052 2127
2051 2127
2050 2127
2049 2127
2048 2128
2047 2128
2046 2128
2045 2128
2044 2129
2043 2129
2042 2129
2041 2129
2040 2130
2039 2130
2038 2131
2037 2131
2036 2131
2035 2132
2034 2132
2033 2132
2032 2133
2031 2133
2030 2133
2029 2134
2028 2134
2027 2134
2026 2134
2025 2135
2024 2135
2023 2136
2022 2136
2021 2137
2020 2137
2019 2137
2018 2138
2017 2138
2016 2138
2015 2139
2014 2139
2013 2139
2012 2139
2011 2139
2010 2139
2009 2139
2008 2139
2007 2139
2006 2140
2005 2140
2004 2141
2003 2141
2002 2141
2001 2141
2000 2142
1999 2142
1998 2142
1997 2142
1996 2143
1995 2143
1994 2143
1993 2143
1992 2144
1991 2144
1990 2145
1989 2146
1988 2146
1987 2147
1986 2148
1985 2149
1984 2150
1983 2151
1982 2151
1981 2152
1980 2152
1979 2152
1978 2153
1977 2153
1976 2154
1975 2154
1974 2154
1973 2154
1972 2154
1971 2154
1970 2154
1969 2154
1968 2154
1967 2154
1966 2154
1965 2154
1964 2154
1963 2155
1962 2155
1961 2155
1960 2156
1959 2156
1958 2157
1957 2157
1956 2157
1955 2157
1954 2158
1953 2158
1952 2158
1951 2158
1950 2159
1949 2159
1948 2159
1947 2159
1946 2159
1945 2159
1944 2159
1943 2159
1942 2159
1941 2159
1940 2159
1939 2158
1938 2158
1937 2158
1936 2159
1935 2159
1934 2159
1933 2159
1932 2160
1931 2160
1930 2160
1929 2160
1928 2161
1927 2161
1926 2161
1925 2161
1924 2161
1923 2162
1922 2162
1921 2162
1920 2163
1919 2163
1918 2163
1917 2164
1916 2164
1915 2164
1914 2165
1913 2165
1912 2165
1911 2166
1910 2166
1909 2167
1908 2167
1907 2168
1906 2169
1905 2169
1904 2170
1903 2171
1902 2172
1901 2173
1900 2173
1899 2174
1898 2174
1897 2175
1896 2175
1895 2176
1894 2176
1893 2177
1892 2177
1891 2177
1890 2177
1889 2178
1888 2178
1887 2178
1886 2178
1885 2178
1884 2178
1883 2178
1882 2179
1881 2179
1880 2179
1879 2180
1878 2181
1877 2181
1876 2182
1875 2182
1874 2182
1873 2182
1872 2183
1871 2183
1870 2184
1869 2185
1868 2186
1867 2187
1866 2187
1865 2188
1864 2188
1863 2189
1862 2190
1861 2191
1860 2192
1859 2192
1858 2193
1857 2193
1856 2193
1855 2193
1854 2194
1853 2194
1852 2194
1851 2194
1850 2195
1849 2195
1848 2195
1847 2196
1846 2196
1845 2196
1844 2197
1843 2197
1842 2198
1841 2198
1840 2198
1839 2198
1838 2198
1837 2199
1836 2199
1835 2200
1834 2200
1833 2200
1832 2201
1831 2201
1830 2201
1829 2202
1828 2202
1827 2202
1826 2203
1825 2203
1824 2203
1823 2203
1822 2203
1821 2204
1820 2203
1819 2203
1818 2204
1817 2204
1816 2204
1815 2204
1814 2204
1813 2204
1812 2204
1811 2204
1810 2204
1809 2204
1808 2205
1807 2205
1806 2206
1805 2206
1804 2207
1803 2207
1802 2207
1801 2207
1800 2207
1799 2208
1798 2208
1797 2209
1796 2209
1795 2209
1794 2210
1793 2211
1792 2211
1791 2211
1790 2212
1789 2213
1788 2213
1787 2214
1786 2215
1785 2215
1784 2216
1783 2216
1782 2217
1781 2217
1780 2218
1779 2218
1778 2218
1777 2218
1776 2218
1775 2218
1774 2218
1773 2218
1772 2219
1771 2219
1770 2219
1769 2219
1768 2220
1767 2220
1766 2221
1765 2221
1764 2222
1763 2222
1762 2223
1761 2223
1760 2223
1759 2223
1758 2223
1757 2224
1756 2224
1755 2224
1754 2225
1753 2225
1752 2226
1751 2226
1750 2226
1749 2227
1748 2227
1747 2227
1746 2228
1745 2228
1744 2228
1743 2228
1742 2229
1741 2229
1740 2229
1739 2230
1738 2230
1737 2230
1736 2230
1735 2231
1734 2231
1733 2232
1732 2232
1731 2232
1730 2232
1729 2233
1728 2233
1727 2233
1726 2233
1725 2233
1724 2233
1723 2233
1722 2233
1721 2233
1720 2233
1719 2233
1718 2234
1717 2234
1716 2235
1715 2235
1714 2235
1713 2235
1712 2236
1711 2236
1710 2236
1709 2236
1708 2236
1707 2237
1706 2237
1705 2237
1704 2237
1703 2237
1702 2237
1701 2237
1700 2237
1699 2238
1698 2238
1697 2238
1696 2239
1695 2239
1694 2240
1693 2240
1692 2240
1691 2240
1690 2241
1689 2241
1688 2241
1687 2241
1686 2241
1685 2241
1684 2241
1683 2242
1682 2242
1681 2242
1680 2243
1679 2243
1678 2243
1677 2244
1676 2244
1675 2245
1674 2246
1673 2246
1672 2247
1671 2247
1670 2248
1669 2248
1668 2249
1667 2250
1666 2250
1665 2251
1664 2251
1663 2252
1662 2253
1661 2254
1660 2254
1659 2255
1658 2256
1657 2256
1656 2257
1655 2257
1654 2258
1653 2258
1652 2259
1651 2259
1650 2260
1649 2260
1648 2261
1647 2261
1646 2261
1645 2262
1644 2262
1643 2262
1642 2263
1641 2263
1640 2264
1639 2264
1638 2265
1637 2265
1636 2266
1635 2267
1634 2267
1633 2268
1632 2269
1631 2269
1630 2269
1629 2270
1628 2270
1627 2271
1626 2271
1625 2271
1624 2272
1623 2272
1622 2272
1621 2272
1620 2273
1619 2273
1618 2274
1617 2274
1616 2275
1615 2275
1614 2276
1613 2276
1612 2276
1611 2277
1610 2277
1609 2277
1608 2278
1607 2278
1606 2278
1605 2278
1604 2279
1603 2279
1602 2279
1601 2279
1600 2280
1599 2280
1598 2280
1597 2281
1596 2281
1595 2282
1594 2282
1593 2282
1592 2283
1591 2283
1590 2283
1589 2284
1588 2284
1587 2284
1586 2284
1585 2284
1584 2284
1583 2284
1582 2284
1581 2284
1580 2284
1579 2284
1578 2284
1577 2284
1576 2284
1575 2284
1574 2284
1573 2284
1572 2284
1571 2284
1570 2285
1569 2285
1568 2285
1567 2285
1566 2286
1565 2286
1564 2287
1563 2287
1562 2287
1561 2287
1560 2287
1559 2288
1558 2288
1557 2287
1556 2287
1555 2288
1554 2288
1553 2288
1552 2289
1551 2290
1550 2290
1549 2290
1548 2291
1547 2291
1546 2291
1545 2291
1544 2292
1543 2292
1542 2292
1541 2291
1540 2292
1539 2292
1538 2292
1537 2292
1536 2292
1535 2293
1534 2292
1533 2292
1532 2292
1531 2292
1530 2292
1529 2292
1528 2292
1527 2292
1526 2292
1525 2292
1524 2292
1523 2293
1522 2293
1521 2292
1520 2292
1519 2292
1518 2292
1517 2292
1516 2292
1515 2292
1515 2293
1514 2294
1513 2295
1512 2294
1511 2293
1512 2292
1511 2292
1510 2293
1509 2294
1508 2294
1507 2295
1506 2294
1506 2293
1505 2294
1504 2295
1503 2295
1502 2295
1501 2294
1500 2295
1499 2295
1498 2296
1497 2296
1496 2295
1496 2294
1495 2295
1494 2296
1493 2297
1492 2297
1491 2297
1490 2296
1491 2295
1490 2295
1489 2296
1488 2296
1487 2296
1486 2295
1486 2294
1485 2294
1485 2295
1485 2296
1485 2297
1484 2298
1483 2298
1482 2298
1481 2298
1480 2297
1480 2296
1480 2295
1480 2296
1480 2297
1480 2298
1479 2299
1478 2299
1477 2299
1476 2298
1475 2298
1474 2298
1473 2298
1472 2299
1471 2299
1470 2299
1470 2300
1469 2301
1468 2301
1467 2301
1466 2300
1466 2299
1465 2299
1465 2300
1464 2301
1463 2301
1462 2301
1461 2301
1460 2301
1459 2301
1458 2301
1457 2301
1456 2301
1455 2300
1454 2300
1453 2301
1452 2301
1451 2301
1450 2301
1450 2302
1450 2303
1450 2304
1449 2305
1448 2306
1447 2306
1446 2306
1445 2306
1444 2306
1443 2307
1442 2307
1441 2308
1440 2308
1439 2308
1438 2308
1438 2309
1438 2310
1438 2311
1438 2312
1438 2313
1437 2314
1436 2314
1435 2314
1434 2313
1434 2312
1434 2311
1433 2311
1432 2311
1431 2311
1430 2310
1429 2311
1429 2312
1429 2313
1428 2314
1427 2314
1426 2314
1425 2314
1424 2315
1423 2315
1422 2316
1422 2317
1421 2318
1420 2318
1419 2318
1418 2318
1417 2318
1416 2318
1415 2318
1414 2317
1413 2318
1412 2318
1411 2318
1410 2317
1409 2318
1408 2318
1407 2318
1406 2318
1405 2317
1404 2316
1404 2317
1404 2318
1403 2319
1404 2320
1404 2321
1404 2322
1403 2323
1402 2323
1401 2323
1400 2323
1399 2322
1399 2321
1398 2322
1397 2322
1397 2323
1396 2324
1395 2324
1394 2324
1393 2324
1392 2324
1391 2325
1390 2325
1389 2326
1388 2326
1387 2326
1386 2325
1386 2324
1385 2323
1386 2324
1386 2325
1386 2326
1385 2327
1384 2328
1383 2328
1382 2328
1381 2328
1380 2328
1379 2328
1378 2328
1377 2327
1376 2327
1375 2328
1374 2329
1375 2330
1375 2331
1374 2332
1374 2333
1373 2334
1372 2334
1371 2334
1370 2333
1370 2332
1370 2331
1369 2331
1368 2331
1367 2331
1366 2332
1365 2332
1364 2332
1363 2332
1362 2332
1361 2332
1360 2333
1359 2334
1358 2334
1357 2335
1356 2335
1355 2335
1354 2336
1353 2337
1353 2338
1353 2339
1352 2340
1351 2340
1350 2340
1349 2339
1348 2340
1347 2340
1346 2340
1346 2341
1345 2342
1344 2342
1343 2342
1342 2342
1341 2343
1340 2344
1339 2344
1338 2345
1337 2345
1336 2345
1336 2346
1335 2347
1334 2347
1333 2347
1333 2348
1332 2349
1331 2349
1330 2349
1329 2349
1328 2349
1327 2350
1327 2351
1326 2352
1325 2352
1324 2351
1324 2352
1323 2353
1322 2354
1321 2354
1320 2354
1319 2353
1318 2353
1318 2354
1317 2355
1316 2355
1315 2355
1314 2356
1313 2356
1312 2357
1311 2357
1310 2357
1309 2358
1308 2358
1307 2358
1306 2359
1305 2359
1304 2359
1303 2360
1302 2360
1301 2360
1300 2360
1299 2361
1298 2362
1297 2362
1296 2362
1295 2362
1294 2362
1293 2362
1292 2363
1291 2363
1290 2363
1289 2364
1288 2364
1287 2364
1286 2364
1285 2365
1284 2366
1283 2366
1282 2366
1281 2367
1280 2367
1279 2368
1278 2368
1277 2369
1276 2370
1275 2370
1274 2371
1273 2372
1272 2372
1271 2373
1270 2374
1269 2374
1268 2375
1267 2375
1266 2375
1265 2376
1264 2376
1263 2377
1262 2377
1261 2378
1260 2378
1259 2379
1258 2379
1257 2380
1256 2380
1255 2380
1254 2380
1253 2381
1252 2381
1251 2382
1250 2382
1249 2382
1248 2383
1247 2383
1246 2384
1245 2384
1244 2384
1243 2385
1242 2385
1241 2385
1240 2386
1239 2386
1238 2387
1237 2387
1236 2388
1235 2388
1234 2389
1233 2389
1232 2389
1231 2390
1230 2390
1229 2390
1228 2390
1227 2391
1226 2391
1225 2391
1224 2392
1223 2392
1222 2392
1221 2392
1220 2393
1219 2393
1218 2393
1217 2393
1216 2393
1215 2393
1214 2393
1213 2394
1212 2394
1211 2395
1210 2395
1209 2396
1208 2396
1207 2396
1206 2396
1205 2397
1204 2397
1203 2397
1202 2397
1201 2397
1200 2397
1199 2397
1198 2398
1197 2398
1196 2398
1195 2398
1194 2398
1193 2398
1192 2398
1191 2398
1190 2398
1189 2398
1188 2398
1187 2398
1186 2398
1185 2398
1184 2398
1183 2398
1182 2398
1181 2398
1180 2399
1179 2399
1178 2399
1177 2399
1176 2400
1175 2400
1174 2400
1173 2400
1172 2400
1171 2401
1170 2401
1169 2401
1168 2401
1167 2401
1166 2402
1165 2402
1164 2402
1163 2402
1162 2402
1161 2403
1160 2403
1159 2403
1158 2404
1157 2404
1156 2404
1155 2405
1154 2405
1153 2405
1152 2405
1151 2406
1150 2406
1149 2406
1148 2406
1147 2406
1146 2406
1145 2406
1144 2406
1143 2406
1142 2406
1141 2406
1140 2406
1139 2406
1138 2406
1137 2406
1136 2406
1135 2406
1134 2406
1133 2406
1132 2407
1131 2407
1130 2407
1129 2408
1128 2408
1127 2408
1126 2408
1125 2408
1124 2409
1123 2409
1122 2409
1121 2409
1120 2409
1119 2409
1118 2410
1117 2410
1116 2410
1115 2410
1114 2411
1113 2411
1112 2411
1111 2411
1110 2411
1109 2411
1108 2412
1107 2412
1106 2412
1105 2412
1104 2413
1103 2413
1102 2413
1101 2413
1100 2413
1099 2413
1098 2413
1097 2413
1096 2413
1095 2414
1094 2414
1093 2413
1092 2413
1091 2414
1090 2414
1089 2414
1088 2414
1087 2414
1086 2414
1085 2414
1084 2414
1083 2413
1082 2413
1081 2413
1080 2414
1079 2414
1078 2414
1077 2414
1076 2414
1075 2414
1074 2414
1073 2414
1072 2414
1071 2414
1070 2414
1069 2415
1068 2415
1067 2415
1066 2415
1065 2415
1064 2415
1063 2416
1062 2416
1061 2416
1060 2416
1059 2416
1058 2416
1057 2416
1056 2416
1055 2416
1054 2416
1053 2416
1052 2416
1051 2416
1050 2416
1049 2416
1048 2416
1047 2416
1046 2416
1045 2416
1044 2416
1043 2416
1042 2416
1041 2416
1040 2415
1039 2415
1038 2415
1037 2415
1036 2416
1035 2416
1034 2416
1033 2417
1032 2417
1031 2417
1030 2417
1029 2417
1028 2418
1027 2418
1026 2418
1025 2418
1024 2418
1023 2418
1022 2418
1021 2418
1020 2418
1019 2418
1018 2418
1017 2418
1016 2418
1015 2418
1014 2418
1013 2418
1012 2418
1011 2418
1010 2418
1009 2418
1008 2418
1007 2418
1006 2418
1005 2418
1004 2418
1003 2418
1002 2418
1001 2418
1000 2418
999 2418
998 2418
997 2418
996 2418
995 2418
994 2419
993 2419
992 2419
991 2419
990 2419
989 2419
988 2419
987 2419
986 2419
985 2420
984 2420
983 2420
982 2420
981 2420
980 2420
979 2420
978 2420
977 2420
976 2420
975 2420
974 2420
973 2420
972 2420
971 2420
970 2420
969 2420
968 2420
967 2420
966 2420
965 2420
964 2420
963 2420
962 2420
961 2420
960 2419
959 2419
958 2419
957 2419
956 2419
955 2419
954 2419
953 2419
952 2419
951 2419
950 2419
949 2419
948 2419
947 2419
946 2419
945 2418
944 2418
943 2418
942 2418
941 2418
940 2418
939 2418
938 2418
937 2418
936 2418
935 2417
934 2417
933 2417
932 2417
931 2417
930 2417
929 2417
928 2417
927 2417
926 2417
925 2417
924 2416
923 2416
922 2416
921 2416
920 2416
919 2416
918 2415
917 2415
916 2415
915 2415
914 2415
913 2415
912 2415
911 2415
910 2415
909 2415
908 2414
907 2414
906 2414
905 2414
904 2414
903 2414
902 2414
901 2414
900 2414
899 2414
898 2413
897 2413
896 2413
895 2413
894 2413
893 2413
892 2413
891 2412
890 2412
889 2412
888 2412
887 2412
886 2412
885 2412
884 2412
883 2412
882 2412
881 2412
880 2412
879 2412
878 2412
877 2412
876 2413
875 2413
874 2413
873 2413
872 2413
871 2413
870 2413
869 2413
868 2413
867 2414
866 2414
865 2414
864 2414
863 2414
862 2414
861 2414
860 2414
859 2414
858 2414
857 2414
856 2414
855 2414
854 2414
853 2414
852 2414
851 2414
850 2415
849 2415
848 2415
847 2415
846 2415
845 2415
844 2415
843 2415
842 2415
841 2416
840 2416
839 2416
838 2416
837 2416
836 2416
835 2416
834 2417
833 2417
832 2417
831 2417
830 2418
829 2418
828 2418
827 2418
826 2419
825 2419
824 2419
823 2419
822 2420
821 2420
820 2421
819 2421
818 2421
817 2421
816 2421
815 2421
814 2421
813 2421
812 2421
811 2422
810 2422
809 2422
808 2422
807 2423
806 2423
805 2423
804 2424
803 2424
802 2424
801 2424
800 2425
799 2425
798 2425
797 2425
796 2425
795 2425
794 2425
793 2426
792 2426
791 2425
790 2425
789 2425
788 2425
787 2425
786 2425
785 2426
784 2426
783 2426
782 2426
781 2426
780 2427
779 2427
778 2427
777 2427
776 2428
775 2428
774 2428
773 2428
772 2428
771 2428
770 2428
769 2428
768 2429
767 2429
766 2429
765 2429
764 2428
763 2428
762 2428
761 2429
760 2429
759 2429
758 2428
757 2428
756 2428
755 2429
754 2429
753 2429
752 2429
751 2430
750 2430
749 2430
748 2430
747 2431
746 2431
745 2431
744 2432
743 2432
742 2432
741 2432
740 2432
739 2432
738 2432
737 2432
736 2432
735 2432
734 2432
733 2433
732 2433
731 2433
730 2433
729 2433
728 2434
727 2434
726 2434
725 2435
724 2435
723 2436
722 2436
721 2436
720 2436
719 2436
718 2437
717 2437
716 2437
715 2437
714 2437
713 2437
712 2437
711 2437
710 2437
709 2437
708 2437
707 2437
706 2437
705 2437
704 2437
703 2437
703 2438
704 2438
705 2438
706 2438
707 2438
708 2438
709 2438
710 2439
711 2439
712 2439
713 2439
714 2439
715 2439
716 2439
717 2440
718 2440
719 2440
720 2440
721 2440
722 2440
723 2440
724 2440
725 2440
726 2441
727 2441
728 2441
729 2441
730 2441
731 2441
732 2441
733 2441
734 2441
735 2441
736 2442
737 2442
738 2442
739 2442
740 2442
741 2442
742 2442
743 2443
744 2443
745 2443
746 2443
747 2443
748 2443
749 2443
750 2443
751 2443
752 2444
753 2444
754 2444
755 2444
756 2444
757 2444
758 2444
759 2444
760 2444
761 2445
762 2445
763 2445
764 2445
765 2445
766 2445
767 2445
768 2445
769 2446
770 2446
771 2446
772 2446
773 2446
774 2446
775 2446
776 2446
777 2446
778 2447
779 2447
780 2447
781 2447
782 2447
783 2447
784 2447
785 2447
786 2447
787 2448
788 2448
789 2448
790 2448
791 2448
792 2448
793 2448
794 2448
795 2449
796 2449
797 2449
798 2449
799 2449
800 2449
801 2449
802 2449
803 2449
804 2450
805 2450
806 2450
807 2450
808 2450
809 2450
810 2450
811 2450
812 2450
813 2450
814 2451
815 2451
816 2451
817 2451
818 2451
819 2451
820 2451
821 2451
822 2452
823 2452
824 2452
825 2452
826 2452
827 2452
828 2452
829 2452
830 2452
831 2453
832 2453
833 2453
834 2453
835 2453
836 2453
837 2453
838 2453
839 2453
840 2454
841 2454
842 2454
843 2454
844 2454
845 2454
846 2454
847 2454
848 2455
849 2455
850 2455
851 2455
852 2455
853 2455
854 2455
855 2455
856 2455
857 2456
858 2456
859 2456
860 2456
861 2456
862 2456
863 2456
864 2456
865 2456
866 2456
867 2457
868 2457
869 2457
870 2457
871 2457
872 2457
873 2457
874 2458
875 2458
876 2458
877 2458
878 2458
879 2458
880 2458
881 2458
882 2458
883 2459
884 2459
885 2459
886 2459
887 2459
888 2459
889 2459
890 2459
891 2459
892 2459
893 2460
894 2460
895 2460
896 2460
897 2460
898 2460
899 2460
900 2460
901 2461
902 2461
903 2461
904 2461
905 2461
906 2461
907 2461
908 2461
909 2461
910 2462
911 2462
912 2462
913 2462
914 2462
915 2462
916 2462
917 2462
918 2462
919 2463
920 2463
921 2463
922 2463
923 2463
924 2463
925 2463
926 2463
927 2464
928 2464
929 2464
930 2464
931 2464
932 2464
933 2464
934 2464
935 2464
936 2465
937 2465
938 2465
939 2465
940 2465
941 2465
942 2465
943 2465
944 2465
945 2465
946 2466
947 2466
948 2466
949 2466
950 2466
951 2466
952 2466
953 2467
954 2467
955 2467
956 2467
957 2467
958 2467
959 2467
960 2467
961 2467
962 2467
963 2468
964 2468
965 2468
966 2468
967 2468
968 2468
969 2468
970 2468
971 2468
972 2469
973 2469
974 2469
975 2469
976 2469
977 2469
978 2469
979 2469
980 2470
981 2470
982 2470
983 2470
984 2470
985 2470
986 2470
987 2470
988 2470
989 2471
990 2471
991 2471
992 2471
993 2471
994 2471
995 2471
996 2471
997 2471
998 2472
999 2472
1000 2472
1001 2472
1002 2472
1003 2472
1004 2472
1005 2472
1006 2473
1007 2473
1008 2473
1009 2473
1010 2473
1011 2473
1012 2473
1013 2473
1014 2473
1015 2474
1016 2474
1017 2474
1018 2474
1019 2474
1020 2474
1021 2474
1022 2474
1023 2474
1024 2474
1025 2475
1026 2475
1027 2475
1028 2475
1029 2475
1030 2475
1031 2475
1032 2476
1033 2476
1034 2476
1035 2476
1036 2476
1037 2476
1038 2476
1039 2476
1040 2476
1041 2476
1042 2477
1043 2477
1044 2477
1045 2477
1046 2477
1047 2477
1048 2477
1049 2477
1050 2477
1051 2478
1052 2478
1053 2478
1054 2478
1055 2478
1056 2478
1057 2478
1058 2478
1059 2479
1060 2479
1061 2479
1062 2479
1063 2479
1064 2479
1065 2479
1066 2479
1067 2479
1068 2480
1069 2480
1070 2480
1071 2480
1072 2480
1073 2480
1074 2480
1075 2480
1076 2480
1077 2481
1078 2481
1079 2481
1080 2481
1081 2481
1082 2481
1083 2481
1084 2481
1085 2482
1086 2482
1087 2482
1088 2482
1089 2482
1090 2482
1091 2482
1092 2482
1093 2482
1094 2483
1095 2483
1096 2483
1097 2483
1098 2483
1099 2483
1100 2483
1101 2483
1102 2483
1103 2484
1104 2484
1105 2484
1106 2484
1107 2484
1108 2484
1109 2484
1110 2484
1111 2485
1112 2485
1113 2485
1114 2485
1115 2485
1116 2485
1117 2485
1118 2485
1119 2485
1120 2485
1121 2486
1122 2486
1123 2486
1124 2486
1125 2486
1126 2486
1127 2486
1128 2486
1129 2486
1130 2487
1131 2487
1132 2487
1133 2487
1134 2487
1135 2487
1136 2487
1137 2487
1138 2488
1139 2488
1140 2488
1141 2488
1142 2488
1143 2488
1144 2488
1145 2488
1146 2488
1147 2489
1148 2489
1149 2489
1150 2489
1151 2489
1152 2489
1153 2489
1154 2489
1155 2489
1156 2490
1157 2490
1158 2490
1159 2490
1160 2490
1161 2490
1162 2490
1163 2490
1164 2491
1165 2491
1166 2491
1167 2491
1168 2491
1169 2491
1170 2491
1171 2491
1172 2491
1173 2491
1174 2492
1175 2492
1176 2492
1177 2492
1178 2492
1179 2492
1180 2493
1181 2493
1182 2493
1183 2493
1184 2494
1185 2494
1186 2494
1187 2494
1188 2494
1189 2495
1190 2495
1191 2495
1192 2496
1193 2497
1194 2497
1195 2497
1196 2497
1197 2498
1198 2498
1199 2498
1200 2499
1201 2498
1202 2498
1203 2499
1204 2499
1205 2499
1206 2500
1207 2500
1208 2500
1209 2500
1210 2500
1211 2501
1212 2500
1213 2501
1214 2501
1215 2502
1216 2502
1217 2502
1218 2502
1219 2503
1220 2503
1221 2504
1222 2504
1223 2504
1224 2505
1224 2506
1225 2506
1226 2506
1227 2506
1228 2507
1229 2507
1230 2507
1231 2508
1232 2508
1233 2509
1234 2509
1235 2509
1236 2509
1237 2509
1238 2509
1239 2509
1240 2509
1241 2510
1242 2510
1243 2510
1244 2510
1245 2511
1246 2511
1247 2510
1248 2510
1249 2510
1250 2511
1250 2512
1251 2512
1252 2512
1253 2512
1254 2512
1255 2513
1256 2513
1257 2513
1258 2514
1259 2514
1260 2515
1261 2515
1262 2516
1263 2516
1264 2516
1265 2516
1266 2517
1267 2518
1268 2518
1269 2518
1270 2519
1271 2520
1272 2520
1273 2520
1274 2521
1275 2522
1276 2522
1277 2522
1278 2522
1279 2523
1280 2523
1281 2524
1282 2525
1283 2525
1284 2525
1285 2526
1286 2526
1287 2527
1288 2527
1289 2527
1290 2527
1291 2528
1292 2527
1293 2527
1294 2527
1295 2528
1295 2529
1296 2529
1297 2529
1298 2529
1299 2529
1300 2530
1301 2530
1302 2531
1303 2531
1304 2531
1305 2531
1306 2531
1307 2532
1308 2532
1309 2532
1310 2532
1311 2532
1312 2533
1312 2534
1313 2534
1314 2533
1315 2533
1316 2533
1317 2534
1317 2535
1317 2536
1318 2536
1319 2537
1320 2536
1321 2536
1322 2536
1323 2537
1323 2538
1324 2538
1325 2538
1326 2539
1327 2539
1328 2539
1329 2539
1330 2540
1331 2540
1332 2540
1333 2540
1334 2540
1335 2540
1336 2539
1337 2539
1338 2539
1339 2540
1339 2541
1340 2541
1341 2541
1342 2542
1343 2542
1344 2542
1345 2542
1346 2542
1347 2542
1348 2542
1349 2542
1350 2542
1351 2543
1352 2543
1353 2543
1354 2543
1355 2543
1356 2544
1357 2544
1358 2544
1359 2544
1360 2544
1361 2544
1362 2544
1363 2544
1364 2543
1364 2542
1365 2541
1366 2541
1367 2541
1368 2542
1368 2543
1368 2544
1368 2545
1368 2546
1369 2545
1370 2545
1371 2545
1372 2546
1373 2546
1374 2546
1375 2546
1376 2546
1377 2546
1378 2546
1379 2547
1380 2547
1381 2546
1382 2546
1383 2546
1384 2547
1385 2547
1386 2547
1387 2548
1388 2548
1389 2548
1390 2548
1391 2548
1392 2548
1393 2548
1394 2549
1395 2549
1396 2549
1397 2549
1398 2549
1399 2549
1400 2549
1401 2550
1402 2550
1403 2550
1404 2550
1405 2550
1406 2550
1407 2550
1408 2550
1409 2550
1410 2551
1411 2551
1412 2551
1413 2551
1414 2551
1415 2551
1416 2551
1417 2551
1418 2551
1419 2551
1420 2551
1421 2552
1422 2553
1423 2552
1424 2552
1425 2553
1426 2553
1427 2553
1428 2553
1429 2553
1430 2553
1431 2553
1432 2553
1433 2554
1434 2554
1435 2555
1436 2554
1437 2555
1438 2555
1439 2555
1440 2556
1441 2557
1442 2557
1443 2557
1444 2557
1445 2558
1446 2558
1447 2559
1448 2559
1449 2559
1450 2560
1451 2560
1452 2560
1453 2561
1454 2561
1455 2561
1456 2562
1457 2562
1458 2562
1459 2562
1460 2563
1460 2564
1461 2564
1462 2563
1463 2563
1464 2564
1464 2565
1465 2565
1466 2566
1467 2566
1468 2567
1469 2566
1470 2567
1471 2568
1472 2568
1473 2568
1474 2568
1475 2569
1476 2569
1477 2569
1478 2569
1479 2570
1480 2570
1481 2570
1482 2570
1483 2571
1484 2571
1485 2571
1486 2571
1487 2571
1488 2572
1489 2572
1490 2572
1491 2572
1492 2572
1493 2573
1494 2573
1495 2573
1496 2573
1497 2573
1498 2574
1499 2574
1500 2574
1501 2574
1502 2574
1503 2574
1504 2574
1505 2574
1506 2575
1507 2575
1508 2575
1509 2575
1510 2575
1511 2575
1512 2575
1513 2576
1514 2576
1515 2576
1516 2576
1517 2576
1518 2576
1519 2577
1520 2577
1521 2577
1522 2577
1523 2577
1524 2577
1525 2577
1526 2577
1527 2578
1528 2578
1529 2578
1530 2578
1531 2578
1532 2578
1533 2578
1534 2579
1535 2579
1536 2579
1537 2579
1538 2579
1539 2579
1540 2579
1541 2579
1542 2579
1543 2579
1544 2580
1545 2580
1546 2580
1547 2580
1548 2580
1549 2581
1550 2581
1551 2581
1552 2581
1553 2581
1554 2581
1555 2581
1556 2582
1557 2582
1558 2582
1559 2582
1560 2582
1561 2582
1562 2582
1563 2583
1564 2583
1565 2583
1566 2583
1567 2583
1568 2583
1569 2583
1570 2583
1571 2583
1572 2583
1573 2584
1574 2584
1575 2584
1576 2584
1577 2584
1578 2584
1579 2584
1580 2584
1581 2584
1582 2585
1583 2585
1584 2585
1585 2585
1586 2585
1587 2585
1588 2585
1589 2586
1590 2586
1591 2586
1592 2586
1593 2586
1594 2586
1595 2586
1596 2586
1597 2586
1598 2586
1599 2587
1600 2587
1601 2587
1602 2587
1603 2587
1604 2587
1605 2587
1606 2587
1607 2587
1608 2588
1609 2588
1610 2588
1611 2588
1612 2588
1613 2588
1614 2588
1615 2588
1616 2589
1617 2589
1618 2589
1619 2589
1620 2589
1621 2589
1622 2589
1623 2589
1624 2589
1625 2590
1626 2590
1627 2590
1628 2590
1629 2590
1630 2590
1631 2590
1632 2590
1633 2590
1634 2590
1635 2591
1636 2591
1637 2591
1638 2591
1639 2591
1640 2591
1641 2591
1642 2592
1643 2592
1644 2592
1645 2592
1646 2592
1647 2592
1648 2592
1649 2592
1650 2592
1651 2592
1652 2593
1653 2593
1654 2593
1655 2593
1656 2593
1657 2593
1658 2593
1659 2593
1660 2593
1661 2594
1662 2594
1663 2594
1664 2594
1665 2594
1666 2594
1667 2594
1668 2595
1669 2595
1670 2595
1671 2595
1672 2595
1673 2595
1674 2595
1675 2595
1676 2595
1677 2595
1678 2596
1679 2596
1680 2596
1681 2596
1682 2596
1683 2596
1684 2596
1685 2596
1686 2596
1687 2597
1688 2597
1689 2597
1690 2597
1691 2597
1692 2597
1693 2597
1694 2597
1695 2598
1696 2598
1697 2598
1698 2598
1699 2598
1700 2598
1701 2598
1702 2598
1703 2598
1704 2598
1705 2599
1706 2599
1707 2599
1708 2599
1709 2599
1710 2599
1711 2599
1712 2599
1713 2600
1714 2600
1715 2601
1716 2601
1717 2601
1718 2602
1719 2602
1720 2602
1721 2603
1722 2603
1723 2603
1724 2604
1725 2604
1726 2604
1727 2604
1728 2605
1729 2605
1730 2606
1731 2606
1732 2606
1733 2606
1734 2607
1735 2607
1736 2607
1737 2607
1738 2607
1739 2608
1740 2608
1741 2608
1742 2608
1743 2609
1744 2609
1745 2609
1746 2609
1747 2609
1748 2609
1749 2610
1750 2610
1751 2610
1752 2610
1753 2610
1754 2610
1755 2610
1756 2611
1757 2611
1758 2611
1759 2611
1760 2612
1761 2612
1762 2612
1763 2613
1764 2613
1765 2613
1766 2614
1767 2614
1768 2615
1769 2615
1770 2615
1771 2616
1772 2616
1773 2617
1774 2617
1775 2617
1776 2618
1777 2618
1778 2618
1779 2618
1780 2619
1781 2619
1782 2619
1783 2619
1784 2620
1785 2620
1786 2620
1787 2620
1788 2621
1789 2621
1790 2622
1791 2622
1792 2623
1793 2624
1794 2624
1795 2625
1796 2626
1797 2627
1798 2628
1799 2628
1800 2629
1801 2630
1802 2631
1803 2631
1804 2632
1805 2632
1806 2633
1807 2633
1808 2633
1809 2634
1810 2634
1811 2634
1812 2635
1813 2635
1814 2636
1815 2636
1816 2637
1817 2638
1818 2638
1819 2639
1820 2639
1821 2640
1822 2640
1823 2641
1824 2641
1825 2642
1826 2642
1827 2642
1828 2643
1829 2643
1830 2643
1831 2644
1832 2644
1833 2644
1834 2645
1835 2645
1836 2645
1837 2645
1838 2645
1839 2646
1840 2646
1841 2646
1842 2646
1843 2647
1844 2647
1845 2647
1846 2647
1847 2647
1848 2647
1849 2648
1850 2648
1851 2648
1852 2648
1853 2648
1854 2648
1855 2648
1856 2649
1857 2649
1858 2649
1859 2649
1860 2650
1861 2650
1862 2651
1863 2651
1864 2651
1865 2652
1866 2652
1867 2652
1868 2653
1869 2653
1870 2654
1871 2655
1872 2655
1873 2655
1874 2656
1875 2657
1876 2657
1877 2658
1878 2658
1879 2658
1880 2659
1881 2659
1882 2660
1883 2660
1884 2661
1885 2661
1886 2662
1887 2662
1888 2663
1889 2663
1890 2663
1891 2663
1892 2664
1893 2664
1894 2664
1895 2665
1896 2665
1897 2665
1898 2665
1899 2666
1900 2666
1901 2666
1902 2666
1903 2667
1904 2667
1905 2667
1906 2668
1907 2668
1908 2669
1909 2669
1910 2670
1911 2670
1912 2671
1913 2671
1914 2672
1915 2672
1916 2673
1917 2673
1918 2673
1919 2673
1920 2674
1921 2674
1922 2675
1923 2675
1924 2675
1925 2675
1926 2676
1927 2676
1928 2676
1929 2677
1930 2677
1931 2677
1932 2678
1933 2678
1934 2679
1935 2679
1936 2680
1937 2680
1938 2681
1939 2681
1940 2682
1941 2682
1942 2682
1943 2683
1944 2683
1945 2683
1946 2684
1947 2684
1948 2685
1949 2685
1950 2685
1951 2685
1952 2685
1953 2686
1954 2686
1955 2686
1956 2686
1957 2686
1958 2686
1959 2687
1960 2687
1961 2687
1962 2687
1963 2687
1964 2687
1965 2688
1966 2688
1967 2688
1968 2688
1969 2688
1970 2688
1971 2688
1972 2688
1973 2689
1974 2689
1975 2690
1976 2690
1977 2691
1978 2691
1979 2692
1980 2692
1981 2693
1982 2693
1983 2693
1984 2694
1985 2694
1986 2694
1987 2695
1988 2695
1989 2695
1990 2696
1991 2696
1992 2696
1993 2696
1994 2696
1995 2697
1996 2697
1997 2697
1998 2697
1999 2697
2000 2698
2001 2698
2002 2698
2003 2698
2004 2698
2005 2699
2006 2699
2007 2699
2008 2699
2009 2699
2010 2699
2011 2699
2012 2700
2013 2700
2014 2700
2015 2700
2016 2700
2017 2700
2018 2701
2019 2701
2020 2701
2021 2701
2022 2701
2023 2702
2024 2702
2025 2703
2026 2703
2027 2704
2028 2704
2029 2705
2030 2705
2031 2705
2032 2706
2033 2706
2034 2706
2035 2707
2036 2707
2037 2707
2038 2707
2039 2708
2040 2708
2041 2708
2042 2708
2043 2709
2044 2709
2045 2709
2046 2710
2047 2710
2048 2711
2049 2711
2050 2712
2051 2713
2052 2713
2053 2714
2054 2714
2055 2714
2056 2715
2057 2715
2058 2716
2059 2716
2060 2716
2061 2717
2062 2717
2063 2717
2064 2717
2065 2718
2066 2718
2067 2718
2068 2718
2069 2719
2070 2719
2071 2719
2072 2719
2073 2719
2074 2719
2075 2720
2076 2720
2077 2720
2078 2721
2079 2721
2080 2721
2081 2722
2082 2722
2083 2723
2084 2724
2085 2724
2086 2725
2087 2725
2088 2725
2089 2726
2090 2726
2091 2726
2092 2727
2093 2727
2094 2727
2095 2728
2096 2728
2097 2728
2098 2728
2099 2729
2100 2729
2101 2729
2102 2729
2103 2729
2104 2730
2105 2730
2106 2730
2107 2730
2108 2730
2109 2731
2110 2731
2111 2731
2112 2731
2113 2732
2114 2732
2115 2733
2116 2733
2117 2734
2118 2734
2119 2735
2120 2735
2121 2736
2122 2736
2123 2737
2124 2737
2125 2738
2126 2738
2127 2739
2128 2739
2129 2740
2130 2741
2131 2741
2132 2742
2133 2742
2134 2743
2135 2743
2136 2743
2137 2744
2138 2744
2139 2744
2140 2745
2141 2745
2142 2746
2143 2746
2144 2746
2145 2746
2146 2747
2147 2747
2148 2747
2149 2747
2150 2747
2151 2748
2152 2748
2153 2748
2154 2749
2155 2749
2156 2750
2157 2751
2158 2751
2159 2751
2160 2752
2161 2752
2162 2753
2163 2754
2164 2754
2165 2755
2166 2756
2167 2756
2168 2757
2169 2757
2170 2758
2171 2758
2172 2758
2173 2759
2174 2760
2174 2761
2175 2762
2176 2762
2177 2761
2178 2761
2179 2761
2180 2762
2180 2763
2181 2764
2181 2765
2181 2766
2182 2766
2183 2766
2183 2765
2183 2764
2184 2763
2185 2763
2186 2763
2187 2764
2188 2764
2189 2765
2189 2766
2190 2765
2191 2764
2192 2763
2192 2762
2193 2761
2194 2761
2195 2761
2196 2762
2196 2763
2197 2762
2198 2762
2199 2761
2199 2760
2200 2759
2201 2759
2202 2759
2203 2760
2203 2761
2203 2762
2203 2763
2204 2762
2204 2761
2205 2760
2206 2760
2207 2760
2208 2761
2208 2762
2208 2763
2209 2763
2210 2763
2211 2764
2211 2765
2212 2765
2212 2764
2213 2763
2214 2763
2215 2763
2216 2763
2217 2764
2218 2765
2218 2766
2218 2765
2219 2764
2220 2764
2221 2764
2222 2764
2223 2765
2223 2766
2224 2766
2225 2766
2226 2766
2227 2766
2228 2766
2229 2766
2230 2766
2231 2766
2232 2767
2232 2768
2232 2767
2232 2766
2232 2765
2233 2764
2234 2764
2235 2764
2236 2765
2236 2766
2236 2767
2237 2766
2238 2766
2239 2766
2240 2766
2241 2766
2242 2766
2243 2767
2244 2768
2245 2768
2246 2768
2247 2768
2248 2768
2249 2769
2249 2770
2249 2771
2250 2770
2251 2770
2252 2770
2252 2769
2253 2768
2254 2768
2255 2768
2256 2769
2256 2770
2256 2771
2257 2771
2258 2771
2259 2771
2260 2770
2261 2770
2262 2770
2263 2769
2264 2769
2265 2769
2266 2770
2266 2771
2267 2772
2268 2772
2269 2771
2270 2770
2271 2770
2272 2770
2273 2770
2274 2771
2274 2772
2274 2771
2274 2770
2275 2769
2276 2769
2277 2769
2278 2770
2279 2769
2280 2769
2281 2769
2282 2770
2282 2771
2283 2772
2283 2771
2284 2770
2285 2770
2286 2770
2287 2771
2288 2771
2289 2771
2290 2771
2291 2770
2292 2770
2293 2770
2294 2771
2294 2772
2295 2773
2296 2773
2297 2773
2298 2773
2299 2774
2300 2775
2300 2774
2301 2773
2302 2773
2303 2773
2304 2774
2304 2775
2305 2776
2306 2776
2307 2776
2308 2776
2309 2776
2310 2775
2311 2775
2312 2775
2313 2776
2314 2777
2315 2777
2316 2777
2317 2777
2318 2776
2319 2776
2320 2777
2321 2777
2322 2776
2323 2776
2324 2776
2325 2777
2326 2777
2327 2777
2328 2777
2329 2777
2330 2777
2331 2777
2331 2776
2332 2775
2333 2775
2334 2776
2335 2776
2336 2776
2337 2776
2338 2776
2339 2776
2340 2776
2341 2776
2342 2777
2343 2777
2344 2777
2345 2777
2346 2777
2347 2778
2347 2779
2347 2778
2348 2777
2349 2777
2350 2777
2351 2777
2352 2778
2352 2779
2353 2779
2354 2779
2355 2779
2356 2779
2357 2779
2358 2779
2359 2780
2360 2779
2361 2779
2362 2780
2363 2781
2364 2780
2365 2780
2366 2780
2367 2780
2368 2781
2368 2782
2368 2783
2367 2784
2368 2783
2369 2782
2370 2782
2371 2782
2372 2781
2373 2781
2374 2781
2375 2782
2375 2783
2374 2784
2374 2785
2375 2784
2375 2783
2376 2782
2377 2782
2378 2783
2379 2783
2380 2783
2381 2784
2382 2784
2383 2784
2384 2784
2385 2785
2385 2786
2386 2786
2387 2786
2388 2786
2389 2786
2390 2786
2391 2785
2392 2785
2393 2785
2394 2786
2394 2787
2395 2787
2396 2787
2397 2788
2398 2789
2399 2790
2399 2789
2400 2788
2401 2787
2402 2787
2403 2788
2404 2787
2405 2786
2406 2786
2407 2786
2408 2787
2409 2787
2410 2787
2411 2788
2411 2789
2411 2790
2411 2791
2411 2790
2412 2789
2413 2789
2414 2789
2415 2790
2415 2791
2415 2792
2415 2793
2416 2793
2417 2792
2417 2791
2418 2790
2419 2790
2420 2790
2421 2790
2422 2790
2423 2790
2424 2791
2425 2792
2425 2793
2425 2794
2426 2793
2427 2793
2428 2793
2429 2794
2430 2795
2430 2796
2430 2797
2430 2796
2431 2795
2432 2795
2433 2795
2434 2796
2435 2795
2436 2795
2437 2795
2438 2796
2439 2797
2440 2796
2441 2796
2442 2796
2443 2797
2444 2797
2445 2798
2446 2799
2447 2799
2448 2800
2448 2801
2449 2801
2449 2800
2450 2799
2451 2799
2452 2799
2453 2799
2454 2800
2454 2801
2454 2802
2455 2801
2456 2801
2457 2801
2458 2801
2459 2802
2459 2803
2460 2804
2461 2804
2462 2804
2463 2803
2464 2803
2465 2803
2466 2804
2466 2805
2467 2805
2468 2805
2469 2805
2470 2805
2471 2805
2472 2806
2473 2806
2474 2806
2475 2806
2476 2807
2476 2808
2477 2808
2478 2808
2479 2809
2480 2808
2481 2808
2482 2808
2483 2808
2484 2809
2484 2810
2485 2810
2486 2810
2487 2810
2488 2810
2489 2809
2490 2809
2491 2809
2492 2810
2493 2810
2494 2810
2495 2810
2496 2810
2497 2811
2498 2811
2499 2811
2500 2811
2501 2812
2501 2811
2502 2810
2503 2810
2504 2810
2505 2810
2506 2811
2506 2812
2506 2813
2506 2814
2506 2813
2507 2812
2508 2812
2509 2812
2510 2813
2510 2814
2510 2815
2511 2816
2512 2815
2513 2814
2513 2813
2513 2812
2514 2811
2515 2811
2516 2811
2517 2812
2517 2813
2517 2814
2517 2815
2518 2815
2519 2815
2520 2816
2520 2817
2521 2818
2522 2818
2523 2818
2523 2817
2524 2816
2525 2816
2526 2816
2527 2816
2528 2817
2528 2818
2528 2819
2528 2818
2528 2817
2529 2816
2530 2816
2531 2816
2532 2817
2532 2818
2532 2819
2532 2820
2533 2820
2534 2819
2534 2818
2535 2817
2536 2817
2537 2817
2538 2818
2538 2819
2539 2819
2540 2819
2541 2819
2542 2819
2543 2818
2544 2818
2545 2818
2546 2819
2547 2819
2548 2819
2549 2819
2550 2820
2551 2820
2552 2821
2552 2822
2552 2823
2552 2822
2552 2821
2553 2820
2554 2820
2555 2820
2556 2820
2557 2821
2558 2820
2559 2820
2560 2820
2561 2821
2561 2822
2562 2822
2563 2822
2564 2823
2564 2824
2565 2824
2566 2824
2567 2825
2568 2826
2568 2825
2569 2824
2570 2824
2571 2824
2572 2825
2572 2826
2572 2827
2572 2828
2573 2828
2574 2827
2575 2827
2576 2827
2577 2827
2578 2827
2579 2827
2579 2826
2580 2825
2581 2825
2582 2826
2583 2827
2583 2828
2583 2829
2584 2829
2585 2829
2586 2829
2587 2828
2588 2828
2589 2828
2590 2828
2591 2828
2592 2829
2593 2828
2594 2828
2595 2828
2596 2829
2597 2829
2598 2828
2599 2828
2600 2828
2601 2829
2602 2829
2603 2830
2604 2830
2605 2829
2606 2828
2607 2828
2608 2828
2609 2829
2609 2830
2609 2831
2609 2832
2610 2832
2611 2831
2612 2831
2613 2831
2614 2830
2615 2830
2616 2830
2617 2830
2618 2831
2619 2832
2619 2833
2619 2834
2620 2833
2621 2833
2622 2833
2623 2834
2623 2835
2623 2836
2624 2837
2625 2837
2626 2838
2627 2838
2628 2838
2629 2839
2630 2839
2631 2840
2632 2840
2633 2840
2634 2841
2634 2842
2634 2841
2635 2840
2636 2839
2637 2839
2638 2839
2639 2840
2639 2841
2640 2841
2641 2841
2642 2842
2642 2843
2642 2844
2642 2845
2642 2846
2643 2847
2643 2848
2643 2849
2644 2849
2645 2850
2646 2851
2646 2852
2647 2852
2647 2851
2648 2850
2649 2850
2650 2850
2651 2850
2652 2851
2652 2852
2652 2853
2652 2854
2653 2853
2654 2852
2655 2852
2656 2852
2657 2853
2658 2854
2658 2855
2659 2854
2660 2854
2661 2854
2662 2854
2663 2854
2664 2855
2664 2854
2663 2853
2664 2852
2665 2852
2666 2852
2667 2852
2668 2853
2668 2854
2668 2855
2669 2854
2670 2854
2671 2854
2672 2855
2672 2856
2672 2857
2672 2856
2672 2855
2673 2854
2674 2854
2675 2854
2676 2855
2676 2856
2676 2857
2676 2856
2676 2855
2677 2854
2678 2854
2679 2854
2680 2854
2681 2855
2681 2856
2681 2857
2682 2857
2683 2856
2684 2856
2685 2856
2686 2857
2686 2858
2687 2858
2688 2858
2689 2858
2690 2859
2690 2860
2690 2861
2691 2861
2692 2860
2693 2860
2694 2860
2695 2860
2696 2860
2696 2859
2697 2858
2698 2858
2699 2858
2700 2859
2701 2860
2700 2861
2700 2862
2701 2863
2701 2862
2701 2861
2701 2860
2700 2859
2700 2858
2701 2857
2702 2857
2703 2857
2704 2858
2704 2859
2705 2860
2705 2861
2706 2862
2706 2863
2706 2864
2706 2865
2707 2865
2708 2865
2709 2866
2709 2865
2709 2864
2709 2863
2709 2862
2710 2861
2711 2861
2712 2862
2712 2863
2713 2864
2713 2865
2713 2864
2714 2863
2715 2863
2716 2863
2717 2864
2718 2864
2719 2865
2719 2866
2719 2867
2719 2868
2719 2869
2720 2869
2721 2870
2721 2869
2722 2868
2723 2868
2724 2868
2725 2868
2726 2868
2727 2869
2727 2870
2727 2871
2727 2870
2728 2869
2729 2868
2729 2867
2730 2866
2731 2866
2732 2866
2733 2867
2733 2868
2733 2869
2734 2869
2735 2870
2736 2870
2737 2870
2738 2870
2739 2871
2739 2872
2739 2871
2740 2870
2741 2870
2741 2869
2741 2868
2741 2867
2742 2866
2742 2865
2742 2864
2743 2863
2742 2863
2741 2863
2740 2862
2740 2861
2740 2860
2740 2859
2740 2858
2740 2857
2741 2856
2742 2856
2743 2856
2744 2856
2745 2857
2745 2858
2746 2858
2747 2859
2748 2860
2748 2861
2748 2862
2748 2863
2748 2864
2749 2863
2750 2863
2751 2862
2752 2861
2752 2860
2752 2859
2753 2858
2754 2858
2755 2858
2756 2859
2757 2859
2758 2859
2759 2860
2759 2861
2759 2860
2760 2859
2760 2858
2761 2857
2762 2857
2763 2857
2764 2858
2765 2859
2765 2860
2765 2859
2765 2858
2766 2857
2767 2856
2768 2856
2769 2856
2770 2857
2770 2858
2770 2859
2771 2859
2772 2858
2773 2858
2774 2858
2775 2859
2775 2858
2776 2857
2777 2857
2778 2857
2779 2857
2780 2858
2780 2859
2780 2860
2779 2861
2780 2861
2781 2861
2782 2861
2783 2861
2784 2861
2784 2860
2783 2859
2783 2858
2783 2857
2783 2856
2783 2855
2784 2854
2785 2854
2786 2854
2787 2855
2787 2856
2788 2855
2789 2855
2790 2855
2791 2855
2792 2856
2792 2857
2793 2858
2793 2859
2793 2860
2793 2861
2793 2860
2794 2859
2795 2859
2796 2859
2797 2859
2797 2858
2798 2857
2799 2857
2800 2857
2801 2858
2802 2859
2802 2858
2803 2857
2804 2856
2805 2856
2806 2856
2807 2857
2808 2858
2808 2859
2808 2860
2809 2860
2810 2861
2810 2862
2811 2863
2812 2862
2812 2861
2812 2860
2812 2859
2812 2858
2813 2857
2814 2857
2815 2857
2816 2858
2817 2859
2818 2860
2819 2860
2819 2859
2819 2858
2820 2857
2821 2857
2822 2857
2823 2858
2824 2858
2825 2858
2826 2858
2827 2859
2828 2860
2828 2861
2829 2860
2830 2860
2831 2860
2832 2861
2833 2861
2834 2861
2835 2861
2836 2862
2836 2863
2837 2863
2838 2863
2839 2862
2840 2862
2841 2862
2842 2863
2843 2863
2844 2863
2845 2863
2846 2863
2847 2863
2848 2863
2849 2864
2850 2865
2850 2866
2851 2866
2852 2866
2853 2865
2854 2865
2855 2865
2856 2865
2857 2866
2858 2866
2859 2866
2860 2867
2861 2868
2862 2868
2863 2869
2864 2870
2864 2871
2864 2870
2864 2869
2865 2868
2866 2868
2867 2868
2868 2869
2869 2870
2870 2871
2870 2872
2870 2873
2871 2873
2871 2872
2871 2871
2872 2870
2873 2870
2874 2870
2875 2871
2875 2872
2876 2872
2877 2872
2878 2872
2879 2872
2880 2873
2881 2872
2882 2872
2883 2872
2884 2872
2885 2873
2886 2872
2887 2872
2888 2872
2889 2873
2889 2874
2890 2875
2891 2876
2892 2876
2892 2875
2892 2874
2893 2873
2894 2873
2894 2872
2894 2871
2895 2870
2896 2870
2897 2870
2898 2871
2898 2872
2899 2873
2899 2874
2899 2875
2899 2876
2899 2877
2900 2877
2901 2877
2902 2877
2903 2877
2904 2878
2905 2877
2906 2877
2907 2877
2908 2877
2909 2878
2909 2879
2910 2878
2911 2878
2912 2878
2913 2878
2914 2879
2914 2880
2915 2880
2916 2880
2917 2879
2917 2878
2918 2877
2919 2877
2920 2877
2921 2878
2921 2879
2921 2880
2921 2881
2922 2880
2923 2880
2924 2880
2925 2880
2926 2880
2926 2879
2927 2878
2928 2878
2929 2878
2930 2879
2930 2880
2930 2881
2931 2880
2932 2880
2933 2880
2934 2880
2935 2881
2936 2881
2937 2881
2938 2882
2939 2882
2939 2881
2939 2880
2940 2879
2941 2879
2942 2879
2943 2879
2944 2879
2945 2879
2946 2880
2947 2880
2948 2880
2949 2879
2949 2878
2950 2877
2951 2877
2952 2877
2953 2878
2953 2879
2953 2880
2953 2881
2953 2882
2953 2883
2953 2884
2954 2885
2955 2886
2956 2886
2957 2885
2958 2884
2958 2883
2958 2882
2959 2881
2960 2881
2961 2880
2962 2880
2963 2881
2964 2882
2964 2883
2965 2883
2966 2883
2967 2883
2968 2884
2968 2885
2969 2884
2969 2883
2970 2882
2971 2882
2972 2882
2973 2882
2974 2883
2974 2884
2974 2885
2975 2886
2976 2887
2976 2888
2977 2887
2978 2887
2979 2887
2980 2888
2980 2889
2981 2890
2981 2891
2981 2890
2980 2889
2980 2888
2980 2887
2981 2886
2982 2885
2983 2885
2984 2885
2985 2886
2985 2887
2985 2888
2985 2889
2986 2889
2986 2888
2986 2887
2987 2886
2988 2885
2989 2885
2990 2885
2991 2886
2991 2887
2991 2888
2992 2888
2993 2888
2994 2889
2995 2889
2995 2888
2996 2887
2997 2886
2998 2886
2999 2886
3000 2887
3000 2888
3000 2889
3000 2890
3001 2889
3002 2889
3003 2889
3004 2890
3004 2891
3005 2891
3005 2890
3006 2889
3007 2889
3008 2889
3009 2890
3010 2890
3011 2889
3012 2889
3013 2889
3014 2890
3014 2891
3015 2891
3016 2890
3017 2890
3018 2890
3019 2891
3019 2892
3020 2892
3020 2891
3021 2890
3022 2890
3023 2889
3024 2889
3025 2889
3026 2889
3027 2889
3028 2889
3029 2889
3030 2890
3031 2890
3032 2890
3033 2891
3034 2891
3035 2891
3036 2890
3037 2890
3038 2890
3039 2891
3039 2892
3040 2893
3041 2894
3042 2894
3043 2893
3044 2893
3045 2892
3046 2892
3047 2892
3048 2893
3048 2894
3048 2895
3048 2896
3049 2895
3050 2895
3051 2895
3052 2895
3053 2895
3054 2896
3055 2896
3055 2895
3056 2894
3057 2894
3058 2894
3059 2895
3060 2895
3061 2895
3062 2896
3062 2897
3062 2898
3062 2897
3063 2896
3064 2895
3065 2894
3066 2894
3067 2894
3068 2895
3068 2896
3068 2897
3068 2898
3068 2899
3067 2900
3067 2901
3068 2901
3069 2901
3070 2902
3071 2902
3072 2902
3072 2901
3072 2900
3073 2899
3074 2899
3075 2899
3076 2899
3077 2899
3078 2899
3079 2900
3079 2901
3079 2902
3078 2903
3079 2904
3080 2905
3081 2906
3081 2907
3082 2907
3082 2906
3083 2905
3084 2905
3085 2905
3086 2905
3087 2905
3088 2906
3088 2907
3088 2908
3088 2907
3089 2906
3090 2906
3091 2906
3092 2906
3093 2907
3094 2906
3095 2906
3096 2906
3097 2906
3098 2906
3099 2906
3100 2906
3101 2905
3102 2905
3103 2905
3104 2906
3105 2906
3106 2906
3107 2906
3108 2906
3109 2906
3110 2906
3111 2906
3112 2906
3113 2906
3114 2906
3115 2906
3116 2906
3117 2906
3118 2907
3119 2906
3120 2906
3121 2906
3122 2907
3123 2907
3124 2907
3125 2907
3126 2907
3127 2907
3128 2907
3129 2907
3130 2907
3131 2908
3132 2908
3133 2908
3134 2908
3135 2908
3136 2908
3137 2908
3138 2908
3139 2908
3140 2908
3141 2909
3142 2909
3143 2909
3144 2909
3145 2909
3146 2909
3147 2909
3148 2909
3149 2910
3150 2909
3151 2909
3152 2910
3153 2910
3154 2910
3155 2910
3156 2910
3157 2910
3158 2909
3159 2909
3160 2909
3161 2909
3162 2909
3163 2909
3164 2909
3165 2909
3166 2909
3167 2908
3168 2908
3169 2908
3170 2908
3171 2908
3172 2908
3173 2908
3174 2908
3175 2908
3176 2908
3177 2908
3178 2908
3179 2908
3180 2908
3181 2908
3182 2908
3183 2908
3184 2908
3185 2908
3186 2908
3187 2908
3188 2908
3189 2908
3190 2908
3191 2908
3192 2908
3193 2908
3194 2908
3195 2908
3196 2908
3197 2908
3198 2909
3199 2909
3200 2909
3201 2909
3202 2909
3203 2909
3204 2909
3205 2909
3206 2909
3207 2910
3208 2910
3209 2910
3210 2910
3211 2910
3212 2910
3213 2910
3214 2910
3215 2910
3216 2910
3217 2911
3218 2911
3219 2911
3220 2911
3221 2911
3222 2911
3223 2911
3224 2911
3225 2911
3226 2912
3227 2912
3228 2912
3229 2912
3230 2912
3231 2912
3232 2912
3233 2912
3234 2912
3235 2912
3236 2913
3237 2913
3238 2913
3239 2913
3240 2913
3241 2913
3242 2913
3243 2913
3244 2913
3245 2913
3246 2914
3247 2914
3248 2914
3249 2914
3250 2914
3251 2914
3252 2914
3253 2915
3254 2915
3255 2915
3256 2915
3257 2915
3258 2915
3259 2915
3260 2915
3261 2915
3262 2915
3263 2916
3264 2916
3265 2916
3266 2916
3267 2916
3268 2916
3269 2916
3270 2916
3271 2916
3272 2917
3273 2917
3274 2917
3275 2917
3276 2917
3277 2917
3278 2917
3279 2918
3280 2918
3281 2918
3282 2918
3283 2918
3284 2918
3285 2918
3286 2918
3287 2918
3288 2918
3289 2919
3290 2919
3291 2919
3292 2919
3293 2919
3294 2919
3295 2919
3296 2919
3297 2919
3298 2920
3299 2920
3300 2920
3301 2920
3302 2920
3303 2920
3304 2920
3305 2921
3306 2921
3307 2921
3308 2921
3309 2921
3310 2921
3311 2921
3312 2921
3313 2921
3314 2921
3315 2922
3316 2922
3317 2922
3318 2922
3319 2922
3320 2922
3321 2922
3322 2922
3323 2922
3324 2922
3325 2923
3326 2923
3327 2923
3328 2923
3329 2923
3330 2923
3331 2923
3332 2924
3333 2924
3334 2924
3335 2924
3336 2924
3337 2924
3338 2924
3339 2924
3340 2924
3341 2923
3342 2923
3343 2923
3344 2923
3345 2923
3346 2923
3347 2923
3348 2923
3349 2923
3350 2923
3351 2922
3352 2922
3353 2922
3354 2922
3355 2922
3356 2922
3357 2922
3358 2922
3359 2922
3360 2922
3361 2922
3362 2922
3363 2922
3364 2922
3365 2922
3366 2922
3367 2922
3368 2922
3369 2922
3370 2922
3371 2922
3372 2922
3373 2922
3374 2922
3375 2922
3376 2921
3377 2921
3378 2921
3379 2921
3380 2921
3381 2921
3382 2920
3383 2920
3384 2920
3385 2920
3386 2920
3387 2920
3388 2920
3389 2920
3390 2920
3391 2920
3392 2920
3393 2920
3394 2920
3395 2920
3396 2919
3397 2919
3398 2919
3399 2919
3400 2919
3401 2920
3402 2920
3403 2920
3404 2920
3405 2920
3406 2919
3407 2919
3408 2919
3409 2920
3410 2920
3411 2920
3412 2920
3413 2920
3414 2920
3415 2920
3416 2920
3417 2921
3418 2921
3419 2921
3420 2921
3421 2921
3422 2921
3423 2921
3424 2921
3425 2921
3426 2921
3427 2921
3428 2921
3429 2921
3430 2922
3431 2922
3432 2922
3433 2922
3434 2922
3435 2922
3436 2922
3437 2922
3438 2922
3439 2923
3440 2923
3441 2923
3442 2923
3443 2923
3444 2923
3445 2923
3446 2923
3447 2923
3448 2923
3449 2923
3450 2924
3451 2924
3452 2924
3453 2924
3454 2924
3455 2924
3456 2924
3457 2924
3458 2924
3459 2924
3460 2925
3461 2925
3462 2925
3463 2925
3464 2925
3465 2925
3466 2925
3467 2926
3468 2926
3469 2926
3470 2926
3471 2926
3472 2926
3473 2926
3474 2926
3475 2926
3476 2926
3477 2927
3478 2927
3479 2927
3480 2927
3481 2927
3482 2927
3483 2927
3484 2927
3485 2927
3486 2928
3487 2928
3488 2928
3489 2928
3490 2928
3491 2928
3492 2928
3493 2927
3494 2927
3495 2927
3496 2927
3497 2927
3498 2927
3499 2927
3500 2927
3501 2926
3502 2926
3503 2926
3504 2926
3505 2926
3506 2926
3507 2926
3508 2926
3509 2926
3510 2926
3511 2926
3512 2926
3513 2926
3514 2925
3515 2926
3516 2926
3517 2926
3518 2926
3519 2926
3520 2926
3521 2926
3522 2926
3523 2926
3524 2926
3525 2926
3526 2926
3527 2926
3528 2926
3529 2926
3530 2926
3531 2925
3532 2925
3533 2925
3534 2925
3535 2924
3536 2924
3537 2924
3538 2924
3539 2923
3540 2923
3541 2923
3542 2923
3543 2923
3544 2923
3545 2923
3546 2923
3547 2923
3548 2923
3549 2923
3550 2923
3551 2923
3552 2923
3553 2923
3554 2923
3555 2923
3556 2923
3557 2923
3558 2923
3559 2923
3560 2924
3561 2924
3562 2924
3563 2924
3564 2924
3565 2924
3566 2924
3567 2924
3568 2924
3569 2924
3570 2924
3571 2925
3572 2925
3573 2925
3574 2925
3575 2925
3576 2924
3577 2924
3578 2924
3579 2923
3580 2923
3581 2923
3582 2922
3583 2922
3584 2922
3585 2922
3586 2922
3587 2922
3588 2922
3589 2922
3590 2921
3591 2921
3592 2921
3593 2921
3594 2922
3595 2922
3596 2922
3597 2922
3598 2922
3599 2921
3600 2921
3601 2921
3602 2921
3603 2921
3604 2921
3605 2921
3606 2920
3607 2920
3608 2919
3609 2919
3610 2919
3611 2918
3612 2918
3613 2918
3614 2918
3615 2917
3616 2917
3617 2916
3618 2916
3619 2916
3620 2916
3621 2916
3622 2915
3623 2915
3624 2915
3625 2914
3626 2914
3627 2914
3628 2914
3629 2914
3630 2914
3631 2914
3632 2914
3633 2914
3634 2913
3635 2913
3636 2913
3637 2913
3638 2913
3639 2912
3640 2912
3641 2912
3642 2912
3643 2912
3644 2911
3645 2911
3646 2911
3647 2911
3648 2911
3649 2910
3650 2910
3651 2910
3652 2909
3653 2909
3654 2909
3655 2908
3656 2908
3657 2908
3658 2907
3659 2907
3660 2907
3661 2906
3662 2906
3663 2906
3664 2905
3665 2905
3666 2905
3667 2905
3668 2905
3669 2905
3670 2905
3671 2905
3672 2905
3673 2905
3674 2905
3675 2905
3676 2905
3677 2904
3678 2904
3679 2904
3680 2904
3681 2903
3682 2903
3683 2903
3684 2903
3685 2903
3686 2902
3687 2902
3688 2902
3689 2901
3690 2901
3691 2900
3692 2900
3693 2900
3694 2899
3695 2899
3696 2898
3697 2898
3698 2897
3699 2897
3700 2897
3701 2897
3702 2896
3703 2896
3704 2895
3705 2895
3706 2894
3707 2894
3708 2893
3709 2893
3710 2893
3711 2892
3712 2892
3713 2891
3714 2891
3715 2891
3716 2890
3717 2890
3718 2889
3719 2889
3720 2888
3721 2887
3722 2887
3723 2886
3724 2886
3725 2886
3726 2886
3727 2885
3728 2885
3729 2884
3730 2884
3731 2883
3732 2883
3733 2882
3734 2882
3735 2881
3736 2881
3737 2881
3738 2880
3739 2879
3740 2879
3741 2878
3742 2877
3743 2876
3744 2876
3745 2876
3746 2875
3747 2875
3748 2875
3749 2874
3750 2873
3751 2873
3752 2872
3753 2871
3754 2871
3755 2870
3756 2869
3757 2868
3758 2868
3759 2867
3760 2866
3761 2866
3762 2865
3763 2865
3764 2864
3765 2864
3766 2863
3767 2862
3768 2862
3769 2861
3770 2860
3771 2860
3772 2859
3773 2858
3774 2858
3775 2857
3776 2856
3777 2856
3778 2855
3779 2855
3780 2854
3781 2854
3782 2853
3783 2852
3784 2852
3785 2851
3786 2851
3787 2850
3788 2849
3789 2848
3790 2848
3791 2847
3792 2846
3793 2845
3794 2844
3795 2843
3795 2842
3796 2841
3797 2840
3798 2839
3799 2838
3800 2837
3801 2836
3802 2835
3803 2834
3804 2833
3805 2832
3806 2832
3807 2831
3808 2830
3809 2829
3810 2828
3811 2827
3812 2827
3813 2826
3814 2825
3815 2824
3816 2823
3817 2822
3817 2821
3818 2820
3818 2819
3819 2818
3820 2817
3820 2816
3821 2815
3822 2814
3822 2813
3823 2812
3824 2811
3824 2810
3825 2809
3826 2808
3826 2807
3827 2806
3828 2805
3829 2804
3830 2803
3831 2802
3832 2801
3833 2800
3834 2800
3835 2799
3836 2798
3837 2798
3838 2797
3839 2796
3840 2796
3841 2795
3842 2794
3843 2793
3844 2792
3845 2791
3846 2790
3847 2789
3848 2788
3849 2787
3850 2786
3851 2785
3851 2784
3852 2783
3852 2782
3853 2781
3854 2780
3854 2779
3855 2778
3856 2777
3856 2776
3857 2775
3858 2774
3859 2773
3860 2772
3861 2771
3862 2770
3863 2769
3864 2768
3865 2767
3865 2766
3866 2765
3867 2764
3868 2763
3869 2762
3870 2761
3871 2760
3872 2760
3873 2759
3874 2758
3875 2757
3876 2756
3877 2755
3877 2754
3878 2753
3879 2752
3880 2751
3881 2750
3881 2749
3882 2748
3883 2747
3884 2746
3884 2745
3885 2744
3886 2743
3887 2742
3888 2741
3889 2740
3889 2739
3890 2738
3891 2737
3892 2736
3892 2735
3893 2734
3894 2733
3895 2732
3896 2731
3897 2730
3898 2730
3899 2729
3900 2728
3901 2727
3902 2726
3903 2726
3904 2725
3905 2724
3906 2723
3906 2722
3907 2721
3907 2720
3907 2719
3908 2718
3909 2717
3909 2716
3910 2715
3910 2714
3911 2713
3912 2712
3912 2711
3913 2710
3913 2709
3914 2708
3915 2707
3915 2706
3916 2705
3917 2704
3917 2703
3918 2702
3919 2701
3920 2700
3921 2699
3921 2698
3922 2697
3923 2696
3923 2695
3924 2694
3925 2693
3926 2692
3927 2692
3928 2691
3929 2690
3930 2689
3931 2688
3932 2688
3933 2687
3933 2686
3934 2685
3935 2684
3936 2683
3936 2682
3937 2681
3938 2680
3938 2679
3939 2678
3940 2677
3941 2676
3942 2675
3943 2674
3943 2673
3944 2672
3944 2671
3945 2670
3945 2669
3945 2668
3946 2667
3946 2666
3946 2665
3947 2664
3947 2663
3948 2662
3948 2661
3949 2660
3949 2659
3950 2658
3951 2657
3952 2656
3952 2655
3953 2654
3954 2653
3954 2652
3955 2651
3955 2650
3955 2649
3956 2648
3956 2647
3957 2646
3957 2645
3957 2644
3958 2643
3958 2642
3959 2641
3960 2640
3960 2639
3961 2638
3962 2637
3962 2636
3963 2635
3963 2634
3964 2633
3964 2632
3965 2631
3966 2630
3967 2629
3968 2629
3969 2628
3970 2627
3970 2626
3971 2625
3971 2624
3972 2623
3972 2622
3973 2621
3973 2620
3973 2619
3973 2618
3974 2617
3974 2616
3974 2615
3974 2614
3975 2613
3975 2612
3975 2611
3975 2610
3975 2609
3976 2608
3976 2607
3976 2606
3976 2605
3976 2604
3976 2603
3977 2602
3977 2601
3977 2600
3977 2599
3977 2598
3977 2597
3977 2596
3978 2595
3978 2594
3978 2593
3978 2592
3978 2591
3978 2590
3978 2589
3978 2588
3978 2587
3979 2586
3979 2585
3979 2584
3979 2583
3979 2582
3979 2581
3979 2580
3980 2579
3980 2578
3980 2577
3980 2576
3980 2575
3980 2574
3980 2573
3980 2572
3980 2571
3981 2570
3981 2569
3981 2568
3981 2567
3981 2566
3981 2565
3981 2564
3981 2563
3981 2562
3981 2561
3982 2560
3982 2559
3982 2558
3982 2557
3982 2556
3982 2555
3982 2554
3983 2553
3983 2552
3983 2551
3983 2550
3983 2549
3983 2548
3983 2547
3984 2546
3984 2545
3984 2544
3984 2543
3985 2542
3985 2541
3985 2540
3985 2539
3985 2538
3986 2537
3986 2536
3986 2535
3987 2534
3987 2533
3988 2532
3988 2531
3988 2530
3989 2529
3989 2528
3990 2527
3990 2526
3990 2525
3990 2524
3991 2523
3991 2522
3991 2521
3991 2520
3991 2519
3992 2518
3992 2517
3992 2516
3992 2515
3993 2514
3993 2513
3993 2512
3993 2511
3993 2510
3993 2509
3994 2508
3994 2507
3994 2506
3994 2505
3994 2504
3994 2503
3995 2502
3995 2501
3995 2500
3995 2499
3995 2498
3995 2497
3995 2496
3995 2495
3996 2494
3996 2493
3996 2492
3996 2491
3996 2490
3996 2489
3996 2488
3996 2487
3997 2486
3997 2485
3997 2484
3997 2483
3997 2482
3997 2481
3997 2480
3998 2479
3998 2478
3998 2477
3998 2476
3998 2475
3998 2474
3998 2473
3998 2472
3998 2471
3999 2470
3999 2469
3999 2468
3999 2467
3999 2466
3999 2465
3999 2464
3999 2463
4000 2462
4000 2461
4000 2460
4000 2459
4000 2458
4000 2457
4000 2456
4000 2455
4001 2454
4001 2453
4001 2452
4001 2451
4001 2450
4001 2449
4001 2448
4001 2447
4001 2446
4002 2445
4002 2444
4002 2443
4002 2442
4002 2441
4002 2440
4002 2439
4002 2438
4002 2437
4002 2436
4003 2435
4003 2434
4003 2433
4003 2432
4003 2431
4003 2430
4003 2429
4003 2428
4004 2427
4004 2426
4004 2425
4004 2424
4004 2423
4004 2422
4004 2421
4004 2420
4004 2419
4005 2418
4005 2417
4005 2416
4005 2415
4005 2414
4005 2413
4005 2412
4005 2411
4005 2410
4006 2409
4006 2408
4006 2407
4006 2406
4006 2405
4006 2404
4006 2403
4006 2402
4007 2401
4007 2400
4007 2399
4007 2398
4008 2397
4008 2396
4008 2395
4009 2394
4009 2393
4009 2392
4010 2391
4010 2390
4010 2389
4010 2388
4011 2387
4011 2386
4012 2385
4012 2384
4012 2383
4012 2382
4013 2381
4013 2380
4013 2379
4013 2378
4013 2377
4014 2376
4014 2375
4014 2374
4014 2373
4015 2372
4015 2371
4015 2370
4015 2369
4016 2368
4016 2367
4016 2366
4016 2365
4016 2364
4016 2363
4016 2362
4017 2361
4017 2360
4017 2359
4017 2358
4017 2357
4017 2356
4018 2355
4018 2354
4018 2353
4018 2352
4018 2351
4018 2350
4019 2349
4019 2348
4019 2347
4019 2346
4019 2345
4019 2344
4019 2343
4019 2342
4019 2341
4019 2340
4020 2339
4020 2338
4020 2337
4020 2336
4020 2335
4020 2334
4020 2333
4020 2332
4020 2331
4020 2330
4021 2329
4021 2328
4021 2327
4021 2326
4021 2325
4021 2324
4021 2323
4021 2322
4022 2321
4022 2320
4022 2319
4022 2318
4022 2317
4022 2316
4022 2315
4022 2314
4022 2313
4022 2312
4022 2311
4023 2310
4023 2309
4023 2308
4023 2307
4023 2306
4023 2305
4023 2304
4023 2303
4024 2302
4024 2301
4023 2300
4023 2299
4023 2298
4024 2297
4024 2296
4024 2295
4024 2294
4025 2293
4025 2292
4025 2291
4025 2290
4025 2289
4025 2288
4025 2287
4025 2286
4025 2285
4025 2284
4026 2283
4026 2282
4025 2281
4025 2280
4025 2279
4026 2278
4026 2277
4026 2276
4026 2275
4026 2274
4026 2273
4026 2272
4026 2271
4027 2270
4027 2269
4027 2268
4027 2267
4027 2266
4027 2265
4028 2264
4029 2263
4029 2262
4028 2261
4028 2260
4028 2259
4028 2258
4028 2257
4028 2256
4028 2255
4028 2254
4029 2253
4029 2252
4029 2251
4029 2250
4029 2249
4029 2248
4029 2247
4029 2246
4029 2245
4030 2244
4030 2243
4030 2242
4030 2241
4030 2240
4030 2239
4031 2238
4031 2237
4031 2236
4030 2235
4030 2234
4030 2233
4031 2232
4032 2232
4032 2231
4032 2230
4032 2229
4032 2228
4032 2227
4032 2226
4032 2225
4032 2224
4032 2223
4032 2222
4032 2221
4032 2220
4032 2219
4032 2218
4032 2217
4032 2216
4031 2216
4030 2215
4030 2214
4030 2213
4031 2212
4031 2211
4031 2210
4031 2209
4031 2208
4031 2207
4031 2206
4031 2205
4030 2205
4029 2204
4029 2203
4029 2202
4029 2201
4030 2200
4031 2199
4031 2198
4030 2198
4029 2197
4029 2196
4029 2195
4030 2194
4030 2193
4030 2192
4030 2191
4030 2190
4030 2189
4030 2188
4030 2187
4031 2186
4031 2185
4030 2184
4030 2183
4029 2182
4028 2181
4028 2180
4028 2179
4029 2178
4029 2177
4028 2176
4027 2175
4027 2174
4027 2173
4026 2172
4026 2171
4026 2170
4026 2169
4026 2168
4026 2167
4026 2166
4027 2165
4026 2164
4026 2163
4025 2162
4025 2161
4024 2160
4024 2159
4024 2158
4024 2157
4024 2156
4023 2155
4023 2154
4024 2153
4024 2152
4023 2151
4022 2150
4022 2149
4022 2148
4022 2147
4022 2146
4022 2145
4021 2144
4021 2143
4021 2142
4021 2141
4021 2140
4021 2139
4021 2138
4020 2137
4020 2136
4020 2135
4020 2134
4020 2133
4020 2132
4020 2131
4020 2130
4019 2129
4019 2128
4019 2127
4018 2126
4018 2125
4018 2124
4017 2123
4017 2122
4016 2121
4016 2120
4016 2119
4015 2118
4015 2117
4015 2116
4014 2115
4014 2114
4013 2113
4013 2112
4013 2111
4013 2110
4013 2109
4012 2108
4011 2108
4010 2107
4010 2106
4010 2105
4009 2104
4008 2103
4008 2102
4007 2101
4007 2100
4007 2099
4006 2098
4006 2097
4005 2096
4005 2095
4004 2094
4004 2093
4003 2092
4003 2091
4002 2090
4002 2089
4001 2088
4001 2087
4000 2086
4000 2085
4000 2084
3999 2083
3999 2082
3998 2081
3998 2080
3997 2079
3997 2078
3997 2077
3996 2076
3996 2075
3996 2074
3995 2073
3995 2072
3995 2071
3994 2070
3994 2069
3994 2068
3994 2067
3994 2066
3993 2065
3993 2064
3993 2063
3993 2062
3992 2061
3992 2060
3992 2059
3992 2058
3991 2057
3991 2056
3991 2055
3990 2054
3990 2053
3990 2052
3989 2051
3989 2050
3988 2049
3987 2048
3986 2047
3986 2046
3985 2045
3984 2044
3983 2043
3983 2042
3982 2041
3982 2040
3981 2039
3981 2038
3981 2037
3980 2036
3980 2035
3980 2034
3979 2033
3979 2032
3979 2031
3979 2030
3978 2029
3978 2028
3977 2027
3977 2026
3977 2025
3976 2024
3975 2023
3975 2022
3974 2021
3974 2020
3973 2019
3973 2018
3972 2017
3972 2016
3971 2015
3970 2014
3970 2013
3970 2012
3969 2011
3969 2010
3968 2009
3967 2008
3967 2007
3967 2006
3966 2005
3966 2004
3966 2003
3965 2002
3965 2001
3964 2000
3964 1999
3964 1998
3963 1997
3963 1996
3962 1995
3962 1994
3961 1993
3961 1992
3960 1991
3960 1990
3959 1989
3959 1988
3958 1987
3958 1986
3958 1985
3957 1984
3957 1983
3956 1982
3956 1981
3955 1980
3954 1979
3954 1978
3953 1977
3953 1976
3953 1975
3952 1974
3952 1973
3951 1972
3951 1971
3950 1970
3950 1969
3949 1968
3948 1967
3948 1966
3948 1965
3947 1964
3947 1963
3946 1962
3945 1961
3945 1960
3945 1959
3944 1958
3944 1957
3943 1956
3943 1955
3942 1954
3942 1953
3942 1952
3941 1951
3941 1950
3940 1949
3940 1948
3939 1947
3939 1946
3938 1945
3938 1944
3937 1943
3936 1942
3936 1941
3935 1940
3935 1939
3934 1938
3934 1937
3933 1936
3933 1935
3932 1934
3932 1933
3931 1932
3930 1931
3930 1930
3929 1929
3928 1928
3928 1927
3927 1926
3926 1925
3926 1924
3925 1923
3925 1922
3924 1921
3923 1920
3923 1919
3922 1918
3921 1917
3921 1916
3920 1915
3920 1914
3919 1913
3919 1912
3918 1911
3917 1910
3917 1909
3916 1908
3915 1907
3915 1906
3914 1905
3913 1904
3913 1903
3912 1902
3912 1901
3912 1900
3911 1899
3911 1898
3910 1897
3910 1896
3909 1895
3909 1894
3908 1893
3908 1892
3907 1891
3907 1890
3906 1889
3905 1888
3905 1887
3904 1886
3904 1885
3903 1884
3902 1883
3902 1882
3901 1881
3901 1880
3900 1879
3900 1878
3899 1877
3899 1876
3898 1875
3898 1874
3898 1873
3897 1872
3897 1871
3896 1870
3896 1869
3895 1868
3895 1867
3894 1866
3893 1865
3893 1864
3892 1863
3891 1862
3891 1861
3890 1860
3889 1859
3889 1858
3888 1857
3887 1856
3887 1855
3886 1854
3885 1853
3884 1852
3884 1851
3883 1850
3882 1849
3882 1848
3881 1847
3880 1846
3879 1845
3879 1844
3878 1843
3877 1842
3876 1841
3876 1840
3875 1839
3874 1838
3874 1837
3873 1836
3872 1835
3872 1834
3871 1833
3870 1832
3870 1831
3869 1830
3869 1829
3869 1828
3868 1827
3867 1826
3867 1825
3866 1824
3865 1823
3864 1822
3863 1821
3863 1820
3862 1819
3861 1818
3861 1817
3860 1816
3859 1815
3859 1814
3858 1813
3857 1812
3857 1811
3856 1810
3856 1809
3855 1808
3855 1807
3854 1806
3853 1805
3852 1804
3852 1803
3852 1802
3851 1801
3850 1800
3850 1799
3849 1798
3848 1797
3848 1796
3848 1795
3847 1795
3846 1794
3846 1793
3846 1792
3845 1791
3844 1790
3844 1789
3843 1788
3842 1787
3841 1786
3841 1785
3840 1785
3839 1786
3838 1786
3837 1786
3836 1785
3836 1784
3836 1783
3836 1784
3835 1785
3834 1785
3833 1785
3832 1784
3832 1783
3832 1782
3832 1781
3831 1781
3830 1780
3830 1779
3829 1778
3829 1777
3828 1777
3827 1776
3827 1775
3826 1774
3825 1773
3824 1773
3824 1774
3824 1775
3824 1776
3823 1777
3822 1777
3821 1777
3820 1776
3820 1775
3820 1774
3820 1773
3820 1772
3820 1771
3820 1772
3819 1773
3818 1773
3817 1773
3816 1772
3816 1771
3815 1770
3814 1769
3814 1768
3814 1767
3813 1767
3812 1767
3811 1767
3810 1766
3810 1765
3809 1765
3808 1765
3807 1765
3806 1764
3805 1764
3804 1764
3803 1763
3802 1763
3801 1763
3800 1763
3799 1763
3798 1763
3797 1762
3796 1761
3795 1761
3794 1761
3793 1760
3793 1759
3792 1758
3793 1757
3792 1757
3791 1757
3790 1757
3789 1756
3789 1755
3788 1755
3787 1755
3786 1756
3785 1756
3784 1756
3783 1755
3782 1754
3781 1754
3780 1753
3780 1752
3779 1751
3778 1751
3777 1751
3776 1750
3776 1749
3775 1748
3774 1749
3773 1750
3772 1750
3771 1750
3770 1749
3770 1748
3770 1747
3769 1747
3768 1748
3767 1748
3766 1748
3765 1747
3765 1746
3764 1745
3763 1746
3762 1747
3761 1748
3760 1748
3759 1747
3759 1746
3759 1745
3758 1745
3757 1745
3756 1744
3756 1743
3755 1742
3755 1741
3755 1742
3754 1743
3753 1743
3752 1743
3751 1743
3750 1744
3749 1744
3748 1744
3747 1743
3747 1742
3746 1741
3745 1742
3744 1742
3743 1741
3742 1740
3742 1739
3741 1739
3740 1738
3739 1738
3738 1737
3738 1736
3738 1735
3738 1734
3738 1733
3737 1733
3736 1732
3735 1732
3734 1732
3733 1731
3732 1730
3732 1731
3731 1732
3730 1732
3729 1732
3728 1732
3727 1731
3727 1730
3727 1729
3726 1729
3725 1729
3724 1728
3724 1727
3723 1728
3722 1728
3721 1728
3720 1729
3719 1729
3718 1729
3717 1728
3717 1727
3717 1726
3717 1725
3717 1726
3716 1727
3715 1728
3714 1728
3713 1728
3712 1728
3711 1727
3710 1727
3709 1727
3708 1727
3707 1727
3706 1727
3705 1727
3704 1727
3703 1726
3703 1725
3703 1726
3703 1727
3703 1728
3702 1729
3701 1729
3700 1729
3699 1729
3698 1728
3697 1728
3696 1727
3696 1726
3696 1725
3697 1724
3696 1723
3696 1724
3696 1725
3695 1726
3694 1726
3694 1727
3693 1728
3692 1729
3691 1729
3690 1729
3689 1728
3688 1727
3688 1726
3687 1726
3686 1726
3685 1726
3684 1725
3684 1724
3684 1725
3684 1726
3683 1727
3682 1728
3681 1728
3680 1728
3679 1727
3679 1726
3679 1725
3678 1726
3677 1726
3676 1726
3675 1726
3674 1727
3673 1728
3672 1728
3671 1728
3670 1727
3670 1726
3670 1725
3670 1724
3669 1724
3668 1725
3668 1726
3667 1727
3666 1727
3665 1727
3664 1727
3663 1726
3663 1725
3662 1725
3661 1724
3661 1723
3660 1722
3660 1721
3660 1722
3661 1723
3661 1724
3660 1725
3659 1725
3658 1725
3657 1725
3656 1724
3655 1723
3655 1722
3655 1721
3654 1722
3653 1723
3652 1724
3651 1724
3650 1724
3649 1723
3649 1722
3649 1721
3648 1722
3647 1723
3646 1723
3645 1723
3644 1722
3643 1722
3642 1722
3641 1722
3640 1721
3639 1721
3638 1721
3637 1721
3636 1721
3635 1722
3634 1722
3633 1722
3632 1721
3632 1720
3631 1720
3630 1720
3629 1720
3628 1720
3627 1720
3626 1719
3626 1718
3626 1717
3626 1716
3626 1715
3625 1714
3624 1714
3624 1715
3624 1716
3624 1717
3624 1718
3624 1719
3624 1720
3624 1721
3623 1722
3622 1722
3621 1722
3620 1722
3619 1721
3619 1720
3619 1719
3618 1719
3617 1719
3616 1718
3616 1717
3615 1718
3614 1718
3613 1718
3612 1717
3611 1717
3610 1718
3609 1718
3608 1718
3607 1717
3607 1716
3607 1717
3607 1718
3606 1719
3605 1719
3604 1719
3603 1718
3603 1717
3602 1718
3601 1718
3600 1718
3599 1717
3599 1716
3598 1716
3597 1716
3597 1717
3596 1718
3595 1718
3594 1718
3593 1718
3592 1717
3592 1716
3591 1717
3590 1717
3589 1717
3588 1717
3587 1716
3587 1715
3587 1716
3586 1717
3585 1717
3584 1717
3583 1717
3582 1717
3581 1718
3580 1718
3579 1718
3578 1717
3578 1716
3577 1716
3576 1716
3575 1715
3574 1715
3573 1715
3572 1716
3571 1716
3570 1717
3569 1717
3568 1717
3567 1717
3566 1717
3565 1716
3565 1715
3565 1714
3565 1713
3564 1713
3563 1712
3562 1711
3561 1710
3560 1710
3559 1710
3558 1710
