3505 1884
3505 1885
3506 1885
3507 1885
3508 1886
3509 1886
3510 1886
3511 1887
3512 1887
3513 1887
3514 1888
3515 1888
3516 1889
3517 1889
3518 1889
3519 1890
3520 1890
3521 1890
3522 1891
3523 1891
3524 1891
3525 1892
3526 1892
3527 1893
3528 1893
3529 1894
3530 1894
3531 1894
3532 1895
3533 1895
3534 1895
3535 1896
3536 1896
3537 1897
3538 1897
3539 1897
3540 1898
3540 1899
3539 1900
3538 1900
3537 1900
3536 1900
3535 1900
3534 1900
3533 1899
3532 1899
3531 1899
3530 1899
3529 1899
3528 1899
3527 1899
3526 1899
3525 1899
3524 1899
3523 1899
3522 1899
3521 1899
3520 1899
3519 1898
3518 1898
3517 1898
3516 1898
3515 1898
3514 1898
3513 1898
3512 1898
3511 1898
3510 1898
3509 1898
3508 1897
3507 1897
3506 1897
3505 1897
3504 1897
3503 1897
3502 1897
3501 1897
3500 1897
3499 1897
3498 1897
3497 1897
3496 1897
3495 1896
3494 1896
3493 1896
3492 1896
3491 1896
3490 1896
3489 1896
3488 1896
3487 1896
3486 1896
3485 1896
3484 1896
3483 1896
3482 1895
3481 1895
3480 1895
3479 1895
3478 1895
3477 1895
3476 1895
3475 1895
3474 1895
3473 1895
3472 1894
3471 1894
3470 1894
3469 1894
3468 1894
3467 1894
3466 1894
3465 1894
3464 1894
3463 1894
3462 1894
3461 1894
3460 1894
3459 1894
3458 1893
3457 1893
3456 1893
3455 1893
3454 1893
3453 1893
3452 1893
3451 1893
3450 1893
3449 1893
3448 1893
3447 1893
3446 1893
3445 1892
3444 1892
3443 1892
3442 1892
3441 1892
3440 1892
3439 1892
3438 1892
3437 1892
3436 1892
3435 1891
3434 1891
3433 1891
3432 1891
3431 1891
3430 1891
3429 1891
3428 1891
3427 1891
3426 1891
3425 1891
3424 1892
3423 1892
3422 1892
3421 1892
3420 1892
3419 1892
3418 1892
3417 1892
3416 1892
3415 1893
3414 1893
3413 1893
3412 1893
3411 1893
3410 1893
3409 1894
3408 1894
3407 1894
3406 1894
3405 1894
3404 1894
3403 1894
3402 1894
3401 1894
3400 1894
3399 1894
3398 1894
3397 1894
3396 1894
3395 1894
3394 1894
3393 1894
3392 1894
3391 1894
3390 1894
3389 1894
3388 1895
3387 1895
3386 1895
3385 1896
3384 1896
3383 1896
3382 1896
3381 1897
3380 1897
3379 1897
3378 1897
3377 1897
3376 1897
3375 1898
3374 1898
3373 1898
3372 1898
3371 1898
3370 1898
3369 1898
3368 1898
3367 1898
3366 1898
3365 1898
3364 1898
3363 1899
3362 1899
3361 1899
3360 1899
3359 1899
3358 1900
3357 1900
3356 1900
3355 1900
3354 1901
3353 1901
3352 1901
3351 1902
3350 1902
3349 1902
3348 1902
3347 1902
3346 1902
3345 1902
3344 1903
3343 1903
3342 1904
3341 1904
3340 1904
3339 1905
3338 1905
3337 1906
3336 1906
3335 1906
3334 1907
3333 1907
3332 1907
3331 1907
3330 1908
3329 1908
3328 1908
3327 1908
3326 1908
3325 1908
3324 1908
3323 1908
3322 1908
3321 1908
3320 1908
3319 1908
3318 1908
3317 1908
3316 1908
3315 1908
3314 1908
3313 1909
3312 1909
3311 1909
3310 1909
3309 1909
3308 1910
3307 1910
3306 1910
3305 1911
3304 1911
3303 1911
3302 1911
3301 1911
3300 1911
3299 1911
3298 1912
3297 1912
3296 1912
3295 1912
3294 1912
3293 1912
3292 1912
3291 1912
3290 1912
3289 1912
3288 1912
3287 1912
3286 1912
3285 1912
3284 1912
3283 1912
3282 1912
3281 1912
3280 1912
3279 1912
3278 1912
3277 1912
3276 1912
3275 1911
3274 1912
3273 1912
3272 1912
3271 1912
3270 1912
3269 1912
3268 1913
3267 1913
3266 1913
3265 1914
3264 1914
3263 1914
3262 1914
3261 1914
3260 1914
3259 1914
3258 1915
3257 1915
3256 1915
3255 1915
3254 1915
3253 1915
3252 1915
3251 1915
3250 1915
3249 1915
3248 1915
3247 1915
3246 1915
3245 1915
3244 1915
3243 1915
3242 1915
3241 1915
3240 1915
3239 1915
3238 1915
3237 1915
3236 1916
3235 1916
3234 1917
3233 1917
3232 1918
3231 1918
3230 1918
3229 1919
3228 1920
3227 1920
3226 1921
3225 1921
3224 1922
3223 1922
3222 1922
3221 1922
3220 1923
3219 1923
3218 1924
3217 1925
3216 1925
3215 1926
3214 1926
3213 1927
3212 1927
3211 1928
3210 1928
3209 1928
3208 1929
3207 1929
3206 1929
3205 1929
3204 1930
3203 1930
3202 1931
3201 1931
3200 1932
3199 1933
3198 1933
3197 1934
3196 1934
3195 1934
3194 1935
3193 1935
3192 1935
3191 1935
3190 1936
3189 1936
3188 1936
3187 1937
3186 1937
3185 1938
3184 1938
3183 1939
3182 1939
3181 1940
3180 1940
3179 1941
3178 1942
3177 1943
3176 1943
3175 1944
3174 1944
3173 1945
3172 1946
3171 1946
3170 1946
3169 1947
3168 1947
3167 1947
3166 1947
3165 1947
3164 1948
3163 1948
3162 1948
3161 1949
3160 1950
3159 1950
3158 1951
3157 1951
3156 1951
3155 1952
3154 1952
3153 1952
3152 1953
3151 1953
3150 1953
3149 1953
3148 1954
3147 1954
3146 1954
3145 1955
3144 1955
3143 1955
3142 1955
3141 1956
3140 1956
3139 1956
3138 1956
3137 1957
3136 1957
3135 1957
3134 1957
3133 1957
3132 1957
3131 1958
3130 1958
3129 1958
3128 1958
3127 1958
3126 1958
3125 1958
3124 1959
3123 1959
3122 1959
3121 1960
3120 1960
3119 1960
3118 1961
3117 1961
3116 1961
3115 1961
3114 1961
3113 1962
3112 1962
3111 1962
3110 1962
3109 1963
3108 1963
3107 1963
3106 1964
3105 1964
3104 1965
3103 1965
3102 1965
3101 1966
3100 1966
3099 1966
3098 1967
3097 1967
3096 1967
3095 1967
3094 1968
3093 1968
3092 1968
3091 1968
3090 1969
3089 1969
3088 1969
3087 1969
3086 1969
3085 1970
3084 1970
3083 1970
3082 1970
3081 1971
3080 1971
3079 1971
3078 1972
3077 1972
3076 1972
3075 1973
3074 1973
3073 1973
3072 1974
3071 1974
3070 1974
3069 1975
3068 1975
3067 1975
3066 1975
3065 1976
3064 1976
3063 1976
3062 1976
3061 1976
3060 1977
3059 1977
3058 1977
3057 1977
3056 1977
3055 1977
3054 1977
3053 1977
3052 1978
3051 1978
3050 1978
3049 1978
3048 1978
3047 1977
3046 1977
3045 1977
3044 1978
3043 1978
3042 1978
3041 1978
3040 1978
3039 1978
3038 1978
3037 1979
3036 1979
3035 1979
3034 1979
3033 1979
3032 1979
3031 1979
3030 1980
3029 1980
3028 1981
3027 1981
3026 1981
3025 1982
3024 1982
3023 1982
3022 1983
3021 1983
3020 1983
3019 1984
3018 1984
3017 1984
3016 1985
3015 1985
3014 1985
3013 1986
3012 1986
3011 1986
3010 1987
3009 1987
3008 1987
3007 1988
3006 1988
3005 1988
3004 1989
3003 1989
3002 1989
3001 1990
3000 1990
2999 1990
2998 1991
2997 1991
2996 1991
2995 1991
2994 1992
2993 1992
2992 1992
2991 1992
2990 1992
2989 1993
2988 1993
2987 1993
2986 1993
2985 1993
2984 1993
2983 1993
2982 1993
2981 1993
2980 1993
2979 1993
2978 1993
2977 1993
2976 1993
2975 1993
2974 1994
2973 1994
2972 1994
2971 1994
2970 1995
2969 1995
2968 1995
2967 1995
2966 1996
2965 1996
2964 1997
2963 1998
2962 1998
2961 1999
2960 2000
2959 2000
2958 2001
2957 2001
2956 2001
2955 2002
2954 2002
2953 2002
2952 2003
2951 2003
2950 2003
2949 2003
2948 2004
2947 2004
2946 2004
2945 2004
2944 2005
2943 2005
2942 2005
2941 2006
2940 2006
2939 2006
2938 2006
2937 2007
2936 2007
2935 2007
2934 2007
2933 2007
2932 2008
2931 2008
2930 2008
2929 2008
2928 2008
2927 2008
2926 2008
2925 2008
2924 2008
2923 2008
2922 2008
2921 2009
2920 2009
2919 2009
2918 2009
2917 2009
2916 2010
2915 2010
2914 2010
2913 2011
2912 2011
2911 2011
2910 2011
2909 2012
2908 2012
2907 2012
2906 2012
2905 2012
2904 2012
2903 2012
2902 2012
2901 2012
2900 2012
2899 2012
2898 2012
2897 2012
2896 2012
2895 2012
2894 2012
2893 2012
2892 2012
2891 2013
2890 2013
2889 2013
2888 2013
2887 2014
2886 2014
2885 2015
2884 2015
2883 2015
2882 2016
2881 2016
2880 2017
2879 2017
2878 2018
2877 2018
2876 2018
2875 2019
2874 2019
2873 2020
2872 2020
2871 2020
2870 2020
2869 2020
2868 2021
2867 2021
2866 2021
2865 2021
2864 2021
2863 2021
2862 2021
2861 2021
2860 2021
2859 2022
2858 2022
2857 2022
2856 2023
2855 2023
2854 2023
2853 2024
2852 2024
2851 2024
2850 2025
2849 2025
2848 2025
2847 2025
2846 2026
2845 2026
2844 2026
2843 2026
2842 2027
2841 2027
2840 2027
2839 2027
2838 2028
2837 2028
2836 2028
2835 2028
2834 2029
2833 2029
2832 2029
2831 2030
2830 2030
2829 2030
2828 2031
2827 2031
2826 2031
2825 2031
2824 2032
2823 2032
2822 2032
2821 2032
2820 2032
2819 2033
2818 2033
2817 2034
2816 2035
2815 2035
2814 2036
2813 2036
2812 2036
2811 2036
2810 2036
2809 2036
2808 2036
2807 2037
2806 2037
2805 2037
2804 2037
2803 2037
2802 2037
2801 2037
2800 2037
2799 2037
2798 2037
2797 2038
2796 2038
2795 2038
2794 2038
2793 2038
2792 2039
2791 2039
2790 2039
2789 2039
2788 2040
2787 2040
2786 2040
2785 2040
2784 2041
2783 2041
2782 2041
2781 2042
2780 2042
2779 2042
2778 2043
2777 2043
2776 2043
2775 2043
2774 2044
2773 2044
2772 2044
2771 2044
2770 2044
2769 2044
2768 2045
2767 2045
2766 2045
2765 2045
2764 2045
2763 2045
2762 2045
2761 2045
2760 2045
2759 2046
2758 2046
2757 2046
2756 2046
2755 2046
2754 2046
2753 2046
2752 2046
2751 2046
2750 2046
2749 2046
2748 2046
2747 2046
2746 2046
2745 2046
2744 2046
2743 2046
2742 2046
2741 2046
2740 2046
2739 2047
2738 2047
2737 2047
2736 2047
2735 2048
2734 2048
2733 2048
2732 2049
2731 2049
2730 2049
2729 2049
2728 2049
2727 2050
2726 2050
2725 2050
2724 2051
2723 2051
2722 2051
2721 2052
2720 2052
2719 2052
2718 2053
2717 2053
2716 2053
2715 2054
2714 2054
2713 2054
2712 2054
2711 2055
2710 2055
2709 2055
2708 2055
2707 2055
2706 2055
2705 2055
2704 2055
2703 2055
2702 2055
2701 2056
2700 2056
2699 2056
2698 2056
2697 2056
2696 2057
2695 2057
2694 2057
2693 2057
2692 2058
2691 2058
2690 2058
2689 2058
2688 2058
2687 2059
2686 2059
2685 2059
2684 2059
2683 2059
2682 2060
2681 2060
2680 2060
2679 2060
2678 2060
2677 2060
2676 2060
2675 2060
2674 2060
2673 2060
2672 2060
2671 2060
2670 2060
2669 2060
2668 2060
2667 2060
2666 2060
2665 2060
2664 2060
2663 2060
2662 2060
2661 2060
2660 2060
2659 2060
2658 2060
2657 2060
2656 2061
2655 2061
2654 2061
2653 2062
2652 2062
2651 2062
2650 2062
2649 2063
2648 2063
2647 2063
2646 2063
2645 2063
2644 2064
2643 2064
2642 2064
2641 2064
2640 2064
2639 2064
2638 2064
2637 2064
2636 2064
2635 2064
2634 2064
2633 2064
2632 2064
2631 2064
2630 2064
2629 2064
2628 2064
2627 2064
2626 2064
2625 2064
2624 2064
2623 2064
2622 2064
2621 2064
2620 2064
2619 2064
2618 2064
2617 2064
2616 2064
2615 2064
2614 2063
2613 2063
2612 2063
2611 2063
2610 2063
2609 2063
2608 2063
2607 2063
2606 2063
2605 2063
2604 2063
2603 2063
2602 2062
2601 2062
2600 2062
2599 2062
2598 2062
2597 2062
2596 2062
2595 2062
2594 2062
2593 2062
2592 2062
2591 2062
2590 2062
2589 2061
2588 2061
2587 2061
2586 2061
2585 2061
2584 2061
2583 2061
2582 2061
2581 2061
2580 2061
2579 2061
2578 2061
2577 2061
2576 2061
2575 2060
2574 2060
2573 2060
2572 2060
2571 2060
2570 2060
2569 2060
2568 2060
2567 2060
2566 2060
2565 2059
2564 2059
2563 2059
2562 2059
2561 2059
2560 2059
2559 2059
2558 2059
2557 2059
2556 2059
2555 2059
2554 2059
2553 2060
2552 2060
2551 2060
2550 2060
2549 2060
2548 2061
2547 2061
2546 2061
2545 2062
2544 2062
2543 2062
2542 2063
2541 2063
2540 2063
2539 2063
2538 2064
2537 2064
2536 2064
2535 2064
2534 2064
2533 2064
2532 2065
2531 2065
2530 2065
2529 2065
2528 2065
2527 2066
2526 2066
2525 2066
2524 2066
2523 2066
2522 2066
2521 2066
2520 2066
2519 2067
2518 2067
2517 2067
2516 2067
2515 2067
2514 2067
2513 2067
2512 2067
2511 2068
2510 2068
2509 2068
2508 2068
2507 2068
2506 2069
2505 2069
2504 2069
2503 2069
2502 2069
2501 2069
2500 2069
2499 2070
2498 2070
2497 2070
2496 2070
2495 2070
2494 2070
2493 2070
2492 2071
2491 2071
2490 2071
2489 2071
2488 2071
2487 2071
2486 2071
2485 2072
2484 2072
2483 2072
2482 2073
2481 2074
2480 2074
2479 2075
2478 2076
2477 2076
2476 2077
2475 2077
2474 2077
2473 2077
2472 2077
2471 2077
2470 2077
2469 2077
2468 2077
2467 2077
2466 2077
2465 2077
2464 2077
2463 2077
2462 2078
2461 2078
2460 2078
2459 2079
2458 2079
2457 2079
2456 2079
2455 2080
2454 2080
2453 2080
2452 2080
2451 2081
2450 2081
2449 2081
2448 2081
2447 2081
2446 2081
2445 2082
2444 2082
2443 2082
2442 2083
2441 2083
2440 2083
2439 2084
2438 2084
2437 2085
2436 2085
2435 2085
2434 2086
2433 2086
2432 2086
2431 2086
2430 2087
2429 2087
2428 2087
2427 2088
2426 2088
2425 2088
2424 2088
2423 2089
2422 2089
2421 2089
2420 2089
2419 2090
2418 2090
2417 2090
2416 2090
2415 2091
2414 2091
2413 2091
2412 2091
2411 2091
2410 2092
2409 2092
2408 2092
2407 2092
2406 2093
2405 2093
2404 2093
2403 2093
2402 2094
2401 2094
2400 2094
2399 2094
2398 2094
2397 2094
2396 2094
2395 2094
2394 2095
2393 2095
2392 2095
2391 2095
2390 2095
2389 2095
2388 2095
2387 2095
2386 2095
2385 2095
2384 2095
2383 2095
2382 2095
2381 2095
2380 2095
2379 2095
2378 2095
2377 2096
2376 2095
2375 2095
2374 2096
2373 2096
2372 2096
2371 2096
2370 2096
2369 2097
2368 2097
2367 2097
2366 2097
2365 2097
2364 2097
2363 2097
2362 2098
2361 2098
2360 2098
2359 2098
2358 2098
2357 2099
2356 2099
2355 2099
2354 2099
2353 2100
2352 2100
2351 2100
2350 2101
2349 2101
2348 2101
2347 2101
2346 2102
2345 2102
2344 2102
2343 2103
2342 2103
2341 2103
2340 2103
2339 2103
2338 2103
2337 2104
2336 2104
2335 2104
2334 2104
2333 2104
2332 2104
2331 2104
2330 2104
2329 2104
2328 2104
2327 2104
2326 2105
2325 2105
2324 2105
2323 2105
2322 2105
2321 2105
2320 2105
2319 2105
2318 2105
2317 2105
2316 2105
2315 2105
2314 2105
2313 2105
2312 2105
2311 2105
2310 2105
2309 2105
2308 2106
2307 2106
2306 2106
2305 2106
2304 2107
2303 2107
2302 2107
2301 2107
2300 2107
2299 2107
2298 2107
2297 2107
2296 2107
2295 2107
2294 2107
2293 2107
2292 2107
2291 2107
2290 2107
2289 2108
2288 2108
2287 2108
2286 2108
2285 2108
2284 2108
2283 2108
2282 2108
2281 2108
2280 2109
2279 2109
2278 2109
2277 2109
2276 2109
2275 2109
2274 2109
2273 2109
2272 2109
2271 2109
2270 2110
2269 2110
2268 2110
2267 2110
2266 2110
2265 2110
2264 2110
2263 2111
2262 2111
2261 2111
2260 2111
2259 2112
2258 2112
2257 2112
2256 2113
2255 2113
2254 2113
2253 2113
2252 2114
2251 2114
2250 2114
2249 2114
2248 2115
2247 2115
2246 2115
2245 2115
2244 2115
2243 2116
2242 2116
2241 2116
2240 2116
2239 2116
2238 2116
2237 2116
2236 2116
2235 2116
2234 2116
2233 2117
2232 2117
2231 2117
2230 2117
2229 2117
2228 2117
2227 2117
2226 2117
2225 2117
2224 2117
2223 2117
2222 2117
2221 2117
2220 2117
2219 2117
2218 2117
2217 2117
2216 2117
2215 2117
2214 2117
2213 2117
2212 2117
2211 2117
2210 2116
2209 2116
2208 2116
2207 2116
2206 2116
2205 2116
2204 2116
2203 2116
2202 2116
2201 2116
2200 2116
2199 2116
2198 2117
2197 2117
2196 2118
2195 2118
2194 2118
2193 2119
2192 2119
2191 2119
2190 2119
2189 2119
2188 2119
2187 2119
2186 2119
2185 2119
2184 2120
2183 2120
2182 2120
2181 2120
2180 2120
2179 2120
2178 2120
2177 2120
2176 2120
2175 2120
2174 2120
2173 2121
2172 2121
2171 2121
2170 2121
2169 2122
2168 2122
2167 2122
2166 2122
2165 2122
2164 2123
2163 2123
2162 2123
2161 2123
2160 2123
2159 2123
2158 2123
2157 2123
2156 2123
2155 2124
2154 2124
2153 2124
2152 2124
2151 2124
2150 2124
2149 2124
2148 2125
2147 2125
2146 2125
2145 2125
2144 2125
2143 2126
2142 2126
2141 2126
2140 2126
2139 2126
2138 2126
2137 2126
2136 2126
2135 2126
2134 2127
2133 2127
2132 2127
2131 2127
2130 2127
2129 2127
2128 2127
2127 2128
2126 2128
2125 2128
2124 2129
2123 2129
2122 2129
2121 2129
2120 2130
2119 2130
2118 2130
2117 2130
2116 2130
2115 2130
2114 2131
2113 2131
2112 2131
2111 2131
2110 2131
2109 2132
2108 2132
2107 2132
2106 2132
2105 2132
2104 2132
2103 2132
2102 2132
2101 2132
2100 2132
2099 2132
2098 2132
2097 2133
2096 2133
2095 2133
2094 2133
2093 2133
2092 2133
2091 2133
2090 2133
2089 2133
2088 2133
2087 2134
2086 2133
2085 2134
2084 2134
2083 2134
2082 2135
2081 2136
2080 2136
2079 2136
2078 2136
2077 2136
2076 2137
2075 2137
2074 2137
2073 2137
2072 2137
2071 2138
2070 2138
2069 2137
2068 2137
2067 2137
2066 2137
2065 2137
2064 2138
2063 2138
2062 2138
2061 2138
2060 2138
2059 2138
2058 2137
2057 2137
2056 2137
2055 2137
2054 2137
2053 2137
2052 2137
2051 2137
2050 2137
2049 2137
2048 2137
2047 2137
2046 2137
2045 2137
2044 2137
2043 2137
2042 2137
2041 2137
2040 2137
2039 2137
2038 2138
2037 2138
2036 2138
2035 2138
2034 2138
2033 2138
2032 2139
2031 2139
2030 2139
2029 2139
2028 2140
2027 2140
2026 2140
2025 2140
2024 2140
2023 2141
2022 2142
2021 2142
2020 2141
2020 2140
2019 2140
2019 2141
2018 2142
2017 2142
2016 2141
2015 2141
2014 2141
2013 2141
2012 2140
2011 2140
2010 2140
2009 2140
2008 2140
2007 2140
2006 2140
2006 2141
2005 2142
2004 2142
2003 2142
2002 2142
2001 2142
2000 2142
1999 2143
1998 2143
1997 2143
1996 2143
1995 2143
1994 2143
1993 2143
1992 2143
1991 2144
1990 2144
1989 2144
1988 2144
1987 2144
1986 2144
1985 2144
1984 2144
1983 2144
1982 2144
1981 2144
1980 2144
1979 2144
1978 2144
1977 2144
1976 2144
1975 2144
1974 2144
1973 2144
1972 2144
1971 2144
1970 2144
1969 2144
1968 2144
1967 2144
1966 2144
1965 2144
1964 2144
1963 2143
1962 2143
1961 2143
1960 2143
1959 2143
1958 2144
1957 2144
1956 2144
1955 2143
1954 2144
1953 2145
1952 2145
1951 2146
1950 2147
1949 2147
1948 2147
1947 2146
1947 2145
1946 2145
1945 2145
1944 2145
1943 2144
1943 2143
1943 2144
1943 2145
1942 2146
1941 2146
1940 2146
1939 2145
1938 2145
1937 2145
1936 2145
1936 2146
1935 2147
1934 2147
1933 2147
1933 2148
1932 2149
1931 2149
1930 2149
1929 2148
1929 2147
1928 2147
1927 2147
1926 2147
1925 2147
1924 2147
1923 2147
1922 2147
1921 2147
1920 2147
1920 2148
1920 2149
1919 2150
1918 2150
1917 2150
1916 2150
1915 2149
1915 2148
1914 2148
1914 2149
1914 2150
1914 2151
1914 2152
1913 2153
1912 2153
1911 2153
1910 2153
1909 2152
1909 2151
1909 2150
1910 2149
1910 2148
1909 2147
1908 2147
1907 2147
1906 2147
1905 2147
1904 2148
1903 2148
1903 2149
1903 2150
1903 2151
1903 2152
1902 2153
1901 2153
1900 2153
1899 2152
1899 2151
1899 2150
1899 2149
1898 2148
1897 2148
1896 2148
1895 2148
1894 2148
1893 2147
1892 2146
1892 2147
1892 2148
1892 2149
1891 2150
1891 2151
1891 2152
1890 2153
1889 2153
1888 2152
1887 2151
1887 2150
1887 2149
1887 2148
1887 2147
1886 2148
1885 2148
1884 2148
1883 2147
1883 2146
1883 2145
1882 2144
1881 2143
1880 2142
1880 2141
1879 2141
1878 2141
1878 2142
1878 2143
1878 2144
1878 2145
1878 2146
1878 2147
1877 2148
1876 2148
1875 2148
1874 2147
1874 2146
1873 2146
1873 2147
1872 2148
1871 2148
1870 2148
1869 2147
1869 2146
1869 2145
1869 2144
1869 2143
1870 2142
1869 2142
1868 2142
1867 2141
1867 2140
1867 2139
1866 2140
1865 2140
1864 2140
1863 2140
1862 2140
1861 2139
1860 2138
1859 2138
1858 2139
1857 2139
1856 2139
1855 2139
1854 2139
1854 2140
1853 2141
1852 2142
1851 2142
1850 2142
1849 2141
1849 2140
1849 2139
1849 2140
1849 2141
1849 2142
1848 2143
1847 2143
1846 2143
1845 2142
1845 2141
1845 2140
1845 2139
1844 2139
1843 2139
1843 2140
1842 2141
1841 2141
1840 2142
1841 2143
1842 2144
1842 2145
1842 2146
1842 2147
1842 2148
1842 2149
1841 2150
1841 2151
1840 2152
1839 2152
1838 2152
1837 2151
1836 2152
1835 2152
1834 2152
1833 2152
1832 2151
1832 2150
1831 2151
1830 2151
1829 2151
1828 2150
1828 2151
1828 2152
1828 2153
1828 2154
1827 2155
1826 2155
1825 2156
1824 2157
1823 2157
1822 2156
1821 2157
1820 2157
1819 2157
1818 2156
1817 2156
1816 2156
1815 2156
1814 2156
1813 2155
1812 2156
1811 2156
1810 2156
1809 2156
1808 2156
1807 2156
1806 2156
1805 2156
1804 2156
1803 2156
1802 2157
1801 2157
1800 2157
1799 2156
1798 2156
1797 2156
1796 2155
1795 2155
1794 2155
1794 2156
1793 2157
1792 2157
1791 2157
1790 2156
1789 2156
1788 2156
1787 2156
1786 2156
1785 2156
1784 2156
1783 2156
1782 2156
1781 2155
1780 2155
1779 2156
1778 2156
1777 2156
1777 2157
1777 2158
1776 2159
1776 2160
1775 2161
1774 2161
1773 2161
1772 2161
1771 2161
1770 2161
1769 2160
1769 2159
1769 2158
1768 2157
1768 2156
1767 2155
1768 2154
1768 2153
1768 2154
1767 2155
1766 2156
1765 2157
1765 2158
1764 2159
1763 2159
1762 2159
1761 2159
1760 2159
1759 2159
1758 2158
1757 2158
1756 2157
1756 2156
1755 2156
1754 2155
1753 2155
1753 2156
1752 2157
1751 2158
1751 2159
1751 2160
1751 2161
1751 2162
1750 2163
1749 2163
1748 2163
1747 2163
1746 2162
1746 2161
1746 2162
1745 2163
1744 2163
1743 2163
1742 2163
1741 2162
1740 2161
1740 2160
1740 2161
1740 2162
1739 2163
1739 2164
1738 2165
1737 2165
1736 2165
1735 2165
1734 2165
1733 2165
1732 2164
1732 2163
1732 2164
1731 2165
1730 2165
1729 2165
1728 2165
1727 2165
1726 2164
1726 2163
1726 2164
1725 2165
1724 2166
1723 2166
1722 2166
1721 2165
1721 2164
1720 2164
1719 2163
1718 2163
1717 2163
1716 2163
1716 2164
1716 2165
1716 2166
1716 2167
1715 2168
1714 2168
1713 2168
1712 2167
1712 2166
1712 2165
1711 2164
1710 2163
1709 2163
1708 2163
1707 2162
1707 2163
1707 2164
1706 2165
1705 2165
1704 2166
1703 2166
1702 2166
1701 2165
1701 2164
1701 2163
1700 2162
1700 2161
1700 2160
1701 2159
1702 2158
1703 2157
1704 2157
1705 2157
1705 2156
1705 2155
1704 2156
1703 2156
1702 2156
1701 2155
1700 2154
1700 2153
1699 2153
1698 2154
1697 2154
1696 2154
1695 2153
1695 2152
1694 2152
1693 2152
1692 2152
1691 2152
1690 2152
1689 2152
1688 2153
1687 2153
1686 2153
1685 2154
1684 2154
1683 2155
1682 2156
1681 2156
1680 2156
1679 2156
1678 2156
1677 2157
1676 2157
1675 2158
1674 2159
1673 2159
1672 2159
1671 2160
1670 2161
1669 2161
1668 2161
1667 2162
1666 2162
1665 2162
1664 2162
1663 2162
1662 2163
1661 2164
1660 2164
1659 2165
1658 2165
1658 2166
1657 2167
1656 2167
1655 2168
1654 2168
1653 2168
1652 2168
1651 2169
1650 2169
1649 2169
1648 2169
1647 2170
1646 2170
1645 2170
1644 2171
1643 2171
1642 2172
1641 2172
1640 2173
1639 2173
1638 2173
1637 2173
1636 2174
1635 2174
1634 2174
1633 2174
1632 2175
1631 2175
1630 2176
1629 2177
1628 2177
1627 2178
1626 2178
1625 2178
1624 2178
1623 2179
1622 2179
1621 2179
1620 2179
1619 2179
1618 2180
1617 2180
1616 2181
1615 2181
1614 2182
1613 2182
1612 2182
1611 2183
1610 2183
1609 2184
1608 2184
1607 2184
1606 2184
1605 2184
1604 2184
1603 2185
1602 2185
1601 2185
1600 2185
1599 2185
1598 2185
1597 2185
1596 2185
1595 2185
1594 2185
1593 2185
1592 2186
1591 2186
1590 2186
1589 2186
1588 2187
1587 2187
1586 2188
1585 2188
1584 2188
1583 2188
1582 2189
1581 2189
1580 2189
1579 2189
1578 2189
1577 2189
1576 2189
1575 2189
1574 2189
1573 2189
1572 2190
1571 2190
1570 2190
1569 2189
1568 2189
1567 2189
1566 2189
1565 2190
1564 2190
1563 2190
1562 2191
1561 2191
1560 2192
1559 2192
1558 2192
1557 2192
1556 2192
1555 2192
1554 2193
1553 2193
1552 2193
1551 2193
1550 2193
1549 2194
1548 2194
1547 2194
1546 2195
1545 2195
1544 2196
1543 2196
1542 2197
1541 2197
1540 2197
1539 2198
1538 2198
1537 2198
1536 2198
1535 2198
1534 2199
1533 2199
1532 2199
1531 2199
1530 2199
1529 2199
1528 2199
1527 2199
1526 2200
1525 2200
1524 2200
1523 2200
1522 2200
1521 2200
1520 2201
1519 2201
1518 2201
1517 2201
1516 2202
1515 2202
1514 2202
1513 2202
1512 2203
1511 2203
1510 2203
1509 2203
1508 2203
1507 2203
1506 2203
1505 2203
1504 2203
1503 2204
1502 2204
1501 2204
1500 2204
1499 2204
1498 2204
1497 2204
1496 2204
1495 2204
1494 2205
1493 2205
1492 2205
1491 2205
1490 2206
1489 2206
1488 2206
1487 2206
1486 2207
1485 2207
1484 2207
1483 2207
1482 2207
1481 2207
1480 2207
1479 2208
1478 2208
1477 2208
1476 2208
1475 2208
1474 2208
1473 2208
1472 2208
1471 2208
1470 2208
1469 2208
1468 2208
1467 2208
1466 2208
1465 2209
1464 2209
1463 2209
1462 2209
1461 2210
1460 2210
1459 2210
1458 2210
1457 2211
1456 2211
1455 2211
1454 2212
1453 2212
1452 2212
1451 2213
1450 2213
1449 2213
1448 2214
1447 2214
1446 2214
1445 2214
1444 2215
1443 2215
1442 2215
1441 2215
1440 2216
1439 2216
1438 2216
1437 2216
1436 2216
1435 2217
1434 2217
1433 2217
1432 2217
1431 2217
1430 2217
1429 2218
1428 2218
1427 2218
1426 2218
1425 2218
1424 2218
1423 2219
1422 2219
1421 2219
1420 2219
1419 2219
1418 2219
1417 2220
1416 2220
1415 2220
1414 2220
1413 2221
1412 2221
1411 2221
1410 2221
1409 2221
1408 2221
1407 2221
1406 2221
1405 2221
1404 2221
1403 2221
1402 2221
1401 2221
1400 2222
1399 2222
1398 2222
1397 2222
1396 2222
1395 2222
1394 2222
1393 2222
1392 2222
1391 2222
1390 2222
1389 2222
1388 2222
1387 2222
1386 2222
1385 2223
1384 2223
1383 2223
1382 2223
1381 2223
1380 2223
1379 2223
1378 2224
1377 2224
1376 2224
1375 2224
1374 2224
1373 2224
1372 2225
1371 2225
1370 2225
1369 2225
1368 2225
1367 2225
1366 2225
1365 2225
1364 2225
1363 2225
1362 2226
1361 2226
1360 2226
1359 2226
1358 2227
1357 2227
1356 2227
1355 2227
1354 2228
1353 2228
1352 2228
1351 2229
1350 2229
1349 2229
1348 2230
1347 2230
1346 2231
1345 2231
1344 2231
1343 2232
1342 2232
1341 2232
1340 2232
1339 2233
1338 2233
1337 2233
1336 2234
1335 2234
1334 2234
1333 2234
1332 2234
1331 2234
1330 2234
1329 2235
1328 2235
1327 2235
1326 2235
1325 2235
1324 2235
1323 2235
1322 2235
1321 2235
1320 2236
1319 2236
1318 2236
1317 2236
1316 2237
1315 2237
1314 2237
1313 2238
1312 2238
1311 2238
1310 2238
1309 2239
1308 2239
1307 2239
1306 2239
1305 2239
1304 2239
1303 2240
1302 2240
1301 2240
1300 2240
1299 2240
1298 2240
1297 2240
1296 2240
1295 2240
1294 2240
1293 2240
1292 2240
1291 2240
1290 2240
1289 2240
1288 2240
1287 2240
1286 2240
1285 2240
1284 2241
1283 2241
1282 2241
1281 2242
1280 2242
1279 2242
1278 2243
1277 2243
1276 2243
1275 2243
1274 2244
1273 2244
1272 2244
1271 2244
1270 2244
1269 2244
1268 2244
1267 2244
1266 2244
1265 2244
1264 2244
1263 2244
1262 2244
1261 2245
1260 2245
1259 2245
1258 2245
1257 2245
1256 2246
1255 2246
1254 2247
1253 2247
1252 2247
1251 2247
1250 2247
1249 2247
1248 2248
1247 2248
1246 2248
1245 2249
1244 2249
1243 2249
1242 2250
1241 2250
1240 2250
1239 2251
1238 2251
1237 2251
1236 2251
1235 2251
1234 2252
1233 2252
1232 2252
1231 2252
1230 2252
1229 2253
1228 2253
1227 2253
1226 2253
1225 2253
1224 2253
1223 2253
1222 2253
1221 2253
1220 2253
1219 2253
1218 2253
1217 2253
1216 2253
1215 2253
1214 2254
1213 2254
1212 2254
1211 2254
1210 2254
1209 2255
1208 2255
1207 2256
1206 2256
1205 2256
1204 2257
1203 2257
1202 2257
1201 2257
1200 2257
1199 2257
1198 2258
1197 2258
1196 2258
1195 2258
1194 2258
1193 2258
1192 2258
1191 2258
1190 2258
1189 2258
1188 2258
1187 2258
1186 2258
1185 2258
1184 2258
1183 2259
1182 2259
1181 2259
1180 2260
1179 2260
1178 2260
1177 2261
1176 2261
1175 2261
1174 2261
1173 2261
1172 2261
1171 2261
1170 2262
1169 2262
1168 2262
1167 2262
1166 2262
1165 2262
1164 2262
1163 2262
1162 2262
1161 2262
1160 2262
1159 2262
1158 2262
1157 2262
1156 2262
1155 2263
1154 2263
1153 2263
1152 2263
1151 2263
1150 2264
1149 2264
1148 2264
1147 2264
1146 2264
1145 2265
1144 2265
1143 2265
1142 2265
1141 2266
1140 2266
1139 2266
1138 2267
1137 2267
1136 2267
1135 2267
1134 2268
1133 2268
1132 2268
1131 2269
1130 2269
1129 2269
1128 2269
1127 2270
1126 2270
1125 2270
1124 2270
1123 2270
1122 2270
1121 2271
1120 2271
1119 2271
1118 2271
1117 2271
1116 2271
1115 2271
1114 2271
1113 2271
1112 2272
1111 2272
1110 2272
1109 2272
1108 2272
1107 2273
1106 2273
1105 2273
1104 2273
1103 2274
1102 2274
1101 2274
1100 2274
1099 2275
1098 2275
1097 2275
1096 2275
1095 2275
1094 2275
1093 2275
1092 2276
1091 2276
1090 2276
1089 2276
1088 2276
1087 2276
1086 2277
1085 2277
1084 2277
1083 2277
1082 2277
1081 2277
1080 2278
1079 2278
1078 2278
1077 2278
1076 2278
1075 2278
1074 2279
1073 2279
1072 2279
1071 2279
1070 2279
1069 2279
1068 2280
1067 2280
1066 2280
1065 2280
1064 2281
1063 2281
1062 2281
1061 2281
1060 2281
1059 2281
1058 2282
1057 2282
1056 2282
1055 2282
1054 2282
1053 2283
1052 2283
1051 2283
1050 2283
1049 2283
1048 2284
1047 2284
1046 2284
1045 2284
1044 2285
1043 2285
1042 2285
1041 2285
1040 2286
1039 2286
1038 2286
1037 2287
1036 2287
1035 2287
1034 2287
1033 2287
1032 2288
1031 2288
1030 2288
1029 2288
1028 2289
1027 2289
1026 2289
1025 2289
1024 2290
1023 2290
1022 2290
1021 2290
1020 2290
1019 2291
1018 2291
1017 2291
1016 2291
1015 2292
1014 2292
1013 2292
1012 2292
1011 2293
1010 2293
1009 2293
1008 2293
1007 2293
1006 2294
1005 2294
1004 2294
1003 2294
1002 2294
1001 2294
1000 2294
999 2294
998 2294
997 2294
996 2294
995 2294
994 2295
993 2295
992 2295
991 2295
990 2295
989 2295
988 2296
987 2296
986 2296
985 2296
984 2296
983 2296
982 2297
981 2297
980 2297
979 2297
978 2297
977 2298
976 2298
975 2298
974 2298
973 2298
972 2298
971 2298
970 2298
969 2299
968 2299
967 2299
966 2299
965 2299
964 2299
963 2299
962 2299
961 2299
960 2299
959 2299
958 2299
957 2299
956 2299
955 2300
954 2300
953 2300
952 2300
951 2300
950 2300
949 2300
948 2301
947 2301
946 2301
945 2302
944 2302
943 2302
942 2302
941 2303
940 2303
939 2303
938 2303
937 2303
936 2303
935 2304
934 2304
933 2304
932 2305
931 2305
930 2306
929 2306
928 2307
927 2307
926 2308
925 2308
924 2308
923 2308
922 2308
921 2308
920 2308
919 2308
918 2308
917 2309
916 2309
915 2309
914 2309
913 2308
912 2308
911 2308
910 2308
909 2308
908 2308
907 2308
906 2308
905 2309
904 2309
903 2310
902 2310
901 2310
900 2311
899 2311
898 2311
897 2311
896 2311
895 2312
894 2312
893 2312
892 2312
891 2312
890 2312
889 2313
888 2313
887 2313
886 2313
885 2313
884 2313
883 2313
882 2313
881 2313
880 2314
879 2314
878 2314
877 2314
876 2314
875 2314
874 2315
873 2315
872 2315
871 2315
870 2315
869 2316
868 2316
867 2316
866 2316
865 2316
864 2316
863 2317
862 2317
861 2317
860 2317
859 2317
858 2317
857 2317
856 2317
855 2317
854 2318
853 2318
852 2318
851 2318
850 2318
849 2319
848 2319
847 2319
846 2319
845 2319
844 2320
843 2320
842 2320
841 2320
840 2320
839 2321
838 2321
837 2321
836 2321
835 2321
834 2322
833 2322
832 2322
831 2322
830 2323
829 2323
828 2323
827 2323
826 2324
825 2324
824 2324
823 2324
822 2324
821 2324
820 2325
819 2325
818 2325
817 2325
816 2325
815 2325
814 2325
813 2325
812 2325
811 2325
810 2325
809 2326
808 2326
807 2326
806 2326
805 2326
804 2326
803 2326
802 2326
801 2327
800 2327
799 2328
798 2328
797 2328
796 2328
795 2329
794 2329
793 2329
792 2329
791 2330
790 2330
789 2330
788 2330
787 2330
786 2330
785 2330
784 2330
783 2330
782 2330
781 2330
780 2330
779 2330
778 2331
777 2331
776 2331
775 2331
774 2331
773 2331
772 2331
771 2331
770 2331
769 2331
768 2332
767 2332
766 2332
765 2333
764 2333
763 2334
762 2334
761 2334
760 2334
759 2335
758 2335
757 2335
756 2335
755 2335
754 2335
753 2335
752 2335
751 2335
750 2335
749 2335
748 2335
747 2335
746 2335
745 2335
745 2336
745 2337
746 2338
747 2339
747 2340
747 2341
748 2342
748 2343
748 2344
749 2345
750 2346
751 2347
751 2348
752 2349
753 2350
754 2351
755 2351
756 2352
757 2352
758 2353
759 2353
760 2354
761 2354
762 2355
763 2355
764 2356
765 2357
766 2358
767 2359
768 2360
769 2361
770 2361
771 2362
772 2363
773 2363
774 2364
775 2365
776 2365
777 2366
778 2367
779 2367
780 2368
781 2369
782 2370
783 2371
784 2372
785 2372
786 2373
787 2374
788 2375
789 2376
790 2376
791 2377
792 2377
793 2378
794 2378
795 2378
796 2378
797 2379
798 2379
799 2379
800 2379
801 2379
802 2379
803 2379
804 2379
805 2379
806 2380
807 2380
808 2379
809 2380
810 2380
811 2380
812 2380
813 2380
814 2380
815 2380
816 2380
817 2380
818 2381
819 2381
820 2381
821 2381
822 2381
823 2381
824 2381
825 2381
826 2381
827 2381
828 2381
829 2382
830 2382
831 2382
832 2382
833 2382
834 2382
835 2382
836 2383
837 2383
838 2383
839 2383
840 2383
841 2383
842 2383
843 2383
844 2383
845 2383
846 2383
847 2383
848 2383
849 2383
850 2384
851 2384
852 2384
853 2384
854 2384
855 2384
856 2384
857 2384
858 2384
859 2385
860 2384
861 2385
862 2385
863 2385
864 2385
865 2385
866 2385
867 2385
868 2385
869 2386
870 2386
871 2386
872 2386
873 2386
874 2386
875 2386
876 2386
877 2386
878 2386
879 2386
880 2386
881 2387
882 2387
883 2387
884 2387
885 2387
886 2387
887 2387
888 2387
889 2387
890 2387
891 2387
892 2387
893 2388
894 2388
895 2388
896 2388
897 2388
898 2388
899 2388
900 2388
901 2388
902 2388
903 2388
904 2389
905 2389
906 2389
907 2389
908 2389
909 2389
910 2389
911 2389
912 2389
913 2389
914 2389
915 2389
916 2389
917 2389
918 2390
919 2390
920 2390
921 2390
922 2390
923 2390
924 2390
925 2390
926 2390
927 2390
928 2390
929 2390
930 2391
931 2391
932 2391
933 2391
934 2391
935 2391
936 2391
937 2391
938 2391
939 2391
940 2391
941 2391
942 2391
943 2391
944 2391
945 2391
946 2391
947 2392
948 2392
949 2392
950 2391
951 2392
952 2392
953 2392
954 2392
955 2392
956 2392
957 2392
958 2392
959 2392
960 2392
961 2392
962 2392
963 2393
964 2393
965 2393
966 2393
967 2393
968 2393
969 2393
970 2393
971 2393
972 2393
973 2393
974 2393
975 2393
976 2393
977 2394
978 2393
979 2392
980 2392
981 2392
982 2393
983 2394
983 2393
984 2392
985 2392
986 2392
987 2393
988 2394
988 2393
989 2392
990 2392
991 2392
992 2393
992 2394
993 2393
994 2393
995 2393
996 2394
996 2395
996 2394
996 2393
997 2392
998 2392
999 2392
1000 2393
1001 2393
1002 2394
1002 2395
1003 2395
1004 2395
1005 2395
1006 2395
1007 2394
1008 2394
1009 2394
1010 2394
1011 2395
1012 2395
1012 2394
1013 2393
1014 2394
1015 2395
1015 2396
1016 2395
1017 2395
1018 2395
1019 2395
1020 2396
1020 2397
1020 2396
1021 2395
1022 2395
1023 2396
1024 2396
1025 2395
1026 2395
1027 2395
1028 2396
1029 2397
1029 2398
1029 2399
1029 2398
1030 2397
1031 2397
1032 2397
1033 2397
1034 2398
1034 2399
1034 2400
1034 2401
1035 2402
1035 2403
1035 2402
1036 2401
1036 2400
1037 2399
1038 2399
1039 2399
1040 2399
1041 2400
1042 2399
1043 2399
1044 2399
1045 2399
1046 2400
1046 2401
1047 2401
1048 2401
1049 2401
1050 2400
1051 2400
1052 2400
1053 2400
1054 2401
1055 2402
1054 2403
1055 2403
1056 2403
1057 2404
1058 2404
1059 2404
1060 2405
1061 2404
1062 2404
1063 2403
1064 2403
1065 2403
1066 2402
1067 2402
1068 2402
1069 2403
1069 2404
1070 2403
1071 2403
1072 2402
1073 2402
1074 2402
1075 2401
1076 2400
1077 2400
1078 2400
1079 2401
1079 2402
1079 2403
1079 2404
1079 2405
1079 2404
1079 2403
1080 2402
1081 2402
1082 2401
1083 2401
1084 2401
1085 2402
1085 2403
1086 2404
1086 2405
1087 2404
1088 2404
1089 2404
1090 2404
1091 2404
1092 2403
1093 2403
1094 2403
1095 2403
1096 2404
1095 2405
1095 2406
1095 2407
1095 2408
1096 2409
1095 2410
1095 2411
1094 2412
1095 2413
1096 2414
1097 2414
1098 2414
1099 2414
1100 2414
1101 2414
1102 2414
1103 2415
1103 2416
1103 2417
1103 2418
1103 2419
1103 2420
1104 2420
1105 2420
1105 2419
1105 2418
1105 2417
1104 2416
1104 2415
1104 2414
1104 2413
1104 2412
1105 2411
1105 2410
1105 2409
1105 2408
1105 2407
1106 2406
1107 2406
1108 2406
1108 2405
1109 2404
1110 2404
1111 2404
1112 2404
1113 2404
1114 2404
1115 2404
1116 2405
1116 2406
1116 2407
1116 2408
1115 2409
1114 2409
1113 2409
1112 2409
1113 2409
1114 2409
1115 2410
1115 2411
1115 2412
1115 2413
1115 2414
1115 2415
1116 2416
1117 2416
1118 2416
1119 2417
1119 2418
1119 2419
1120 2419
1121 2419
1122 2420
1122 2421
1122 2422
1122 2423
1122 2422
1123 2421
1123 2420
1124 2419
1125 2418
1126 2418
1127 2418
1128 2419
1128 2420
1128 2421
1128 2422
1129 2422
1130 2423
1130 2424
1130 2425
1131 2425
1132 2425
1133 2424
1134 2424
1135 2424
1135 2423
1136 2422
1137 2422
1138 2422
1139 2423
1140 2424
1140 2425
1140 2426
1140 2427
1141 2426
1141 2425
1142 2424
1143 2424
1144 2424
1145 2425
1145 2426
1145 2427
1146 2426
1147 2426
1148 2427
1149 2427
1150 2427
1151 2427
1152 2427
1153 2427
1154 2427
1155 2427
1156 2427
1157 2427
1158 2428
1159 2428
1160 2428
1161 2428
1162 2428
1163 2428
1164 2428
1165 2429
1166 2429
1167 2429
1168 2429
1169 2429
1170 2429
1171 2429
1172 2429
1173 2430
1174 2430
1175 2430
1176 2430
1177 2430
1178 2430
1179 2430
1180 2430
1181 2430
1182 2430
1183 2430
1184 2430
1185 2430
1186 2430
1187 2430
1188 2431
1189 2431
1190 2431
1191 2431
1192 2431
1193 2431
1194 2431
1195 2431
1196 2431
1197 2431
1198 2431
1199 2432
1200 2432
1201 2432
1202 2432
1203 2431
1204 2431
1205 2431
1206 2432
1207 2432
1208 2432
1209 2432
1210 2432
1211 2432
1212 2432
1213 2432
1214 2432
1215 2432
1216 2433
1217 2433
1218 2433
1219 2433
1220 2432
1221 2432
1222 2433
1223 2433
1224 2433
1225 2433
1226 2433
1227 2434
1228 2433
1229 2433
1228 2432
1228 2431
1228 2430
1229 2429
1230 2429
1230 2428
1230 2427
1231 2426
1232 2426
1233 2426
1234 2427
1234 2428
1234 2429
1234 2430
1234 2431
1234 2430
1235 2429
1236 2429
1237 2429
1238 2430
1238 2431
1238 2432
1238 2433
1237 2434
1238 2433
1239 2433
1239 2432
1239 2431
1239 2430
1240 2429
1241 2429
1242 2429
1243 2430
1243 2431
1243 2432
1243 2433
1244 2434
1245 2434
1246 2434
1247 2434
1248 2434
1249 2435
1250 2434
1251 2434
1252 2433
1253 2433
1254 2433
1255 2434
1255 2435
1255 2436
1256 2435
1257 2435
1257 2434
1258 2433
1259 2433
1260 2433
1261 2434
1261 2435
1261 2436
1262 2437
1263 2437
1263 2436
1264 2435
1265 2435
1266 2435
1267 2436
1267 2437
1268 2437
1269 2437
1269 2436
1270 2435
1271 2435
1272 2436
1272 2437
1272 2438
1273 2439
1274 2439
1275 2439
1276 2439
1277 2440
1277 2441
1276 2442
1276 2443
1277 2442
1278 2441
1279 2441
1280 2442
1281 2442
1282 2442
1283 2443
1284 2443
1285 2443
1286 2443
1287 2444
1287 2445
1288 2446
1288 2445
1289 2444
1290 2444
1291 2444
1292 2445
1293 2445
1294 2445
1295 2446
1295 2447
1296 2447
1297 2447
1298 2447
1299 2448
1300 2448
1301 2448
1302 2449
1303 2449
1304 2450
1304 2451
1304 2452
1304 2451
1304 2450
1305 2449
1306 2449
1307 2449
1308 2450
1308 2451
1309 2451
1310 2451
1311 2452
1311 2453
1311 2454
1312 2454
1313 2454
1314 2454
1315 2454
1316 2453
1317 2453
1318 2453
1319 2454
1319 2455
1319 2456
1319 2457
1319 2458
1319 2457
1320 2456
1321 2456
1322 2456
1323 2457
1324 2458
1325 2459
1326 2460
1327 2460
1328 2461
1328 2460
1328 2459
1329 2458
1330 2458
1331 2458
1332 2459
1332 2460
1332 2459
1333 2458
1332 2457
1333 2456
1334 2456
1335 2456
1336 2457
1337 2458
1337 2459
1336 2460
1337 2461
1338 2461
1339 2461
1340 2462
1341 2462
1342 2463
1343 2462
1344 2462
1345 2462
1346 2463
1347 2463
1348 2463
1349 2463
1350 2463
1351 2463
1352 2463
1353 2464
1354 2464
1355 2464
1356 2464
1357 2464
1358 2464
1359 2464
1360 2465
1361 2465
1362 2465
1363 2465
1364 2465
1365 2465
1366 2465
1367 2465
1368 2465
1369 2465
1370 2465
1371 2466
1372 2466
1373 2466
1374 2466
1375 2466
1376 2466
1377 2466
1378 2466
1379 2467
1380 2467
1381 2467
1382 2467
1383 2467
1384 2467
1385 2467
1386 2467
1387 2467
1388 2467
1389 2467
1390 2468
1391 2468
1392 2468
1393 2468
1394 2468
1395 2468
1396 2468
1397 2468
1398 2468
1399 2468
1400 2468
1401 2468
1402 2469
1403 2469
1404 2469
1405 2469
1406 2469
1407 2470
1408 2470
1409 2470
1410 2470
1411 2471
1412 2471
1413 2471
1414 2471
1415 2472
1416 2472
1417 2472
1418 2472
1419 2473
1420 2473
1421 2473
1422 2474
1423 2474
1424 2474
1425 2474
1426 2475
1427 2475
1428 2475
1429 2476
1430 2476
1431 2476
1432 2476
1433 2476
1434 2477
1435 2477
1436 2477
1437 2477
1438 2477
1439 2477
1440 2478
1441 2478
1442 2478
1443 2478
1444 2479
1445 2479
1446 2480
1447 2480
1448 2481
1449 2481
1450 2482
1451 2482
1452 2483
1453 2483
1454 2483
1455 2484
1456 2484
1457 2484
1458 2484
1459 2485
1460 2485
1461 2485
1462 2485
1463 2485
1464 2485
1465 2486
1466 2486
1467 2486
1468 2486
1469 2486
1470 2487
1471 2487
1472 2487
1473 2487
1474 2488
1475 2488
1476 2488
1477 2489
1478 2489
1479 2489
1480 2490
1481 2490
1482 2491
1483 2491
1484 2492
1485 2492
1486 2492
1487 2492
1488 2493
1489 2493
1490 2493
1491 2494
1492 2494
1493 2494
1494 2494
1495 2494
1496 2495
1497 2495
1498 2495
1499 2495
1500 2495
1501 2495
1502 2496
1503 2496
1504 2496
1505 2496
1506 2496
1507 2496
1508 2497
1509 2497
1510 2497
1511 2497
1512 2497
1513 2497
1514 2497
1515 2497
1516 2498
1517 2498
1518 2498
1519 2498
1520 2498
1521 2498
1522 2498
1523 2499
1524 2499
1525 2500
1526 2500
1527 2501
1528 2501
1529 2501
1530 2502
1531 2502
1532 2502
1533 2503
1534 2503
1535 2503
1536 2503
1537 2504
1538 2504
1539 2504
1540 2505
1541 2505
1542 2505
1543 2505
1544 2506
1545 2506
1546 2507
1547 2507
1548 2508
1549 2508
1550 2509
1551 2509
1552 2510
1553 2510
1554 2510
1555 2511
1556 2512
1557 2512
1558 2513
1559 2513
1560 2514
1561 2514
1562 2515
1563 2515
1564 2516
1565 2516
1566 2517
1567 2517
1568 2518
1569 2518
1570 2518
1571 2519
1572 2519
1573 2519
1574 2520
1575 2520
1576 2520
1577 2521
1578 2521
1579 2521
1580 2521
1581 2521
1582 2522
1583 2522
1584 2522
1585 2522
1586 2522
1587 2522
1588 2523
1589 2523
1590 2523
1591 2523
1592 2523
1593 2523
1594 2523
1595 2523
1596 2523
1597 2524
1598 2524
1599 2524
1600 2524
1601 2524
1602 2524
1603 2524
1604 2525
1605 2525
1606 2525
1607 2525
1608 2525
1609 2525
1610 2525
1611 2525
1612 2525
1613 2526
1614 2526
1615 2526
1616 2526
1617 2526
1618 2526
1619 2526
1620 2526
1621 2526
1622 2526
1623 2527
1624 2527
1625 2528
1626 2528
1627 2529
1628 2530
1629 2530
1630 2530
1631 2531
1632 2531
1633 2531
1634 2532
1635 2532
1636 2532
1637 2533
1638 2533
1639 2533
1640 2533
1641 2533
1642 2534
1643 2534
1644 2534
1645 2535
1646 2535
1647 2536
1648 2536
1649 2537
1650 2537
1651 2538
1652 2538
1653 2538
1654 2539
1655 2539
1656 2540
1657 2540
1658 2540
1659 2540
1660 2541
1661 2541
1662 2541
1663 2542
1664 2542
1665 2542
1666 2542
1667 2542
1668 2542
1669 2542
1670 2542
1671 2543
1672 2543
1673 2543
1674 2543
1675 2543
1676 2543
1677 2543
1678 2543
1679 2544
1680 2544
1681 2544
1682 2544
1683 2544
1684 2544
1685 2544
1686 2545
1687 2545
1688 2545
1689 2545
1690 2546
1691 2546
1692 2546
1693 2546
1694 2547
1695 2547
1696 2547
1697 2548
1698 2548
1699 2548
1700 2548
1701 2549
1702 2549
1703 2550
1704 2550
1705 2550
1706 2550
1707 2551
1708 2551
1709 2551
1710 2551
1711 2551
1712 2551
1713 2552
1714 2552
1715 2552
1716 2553
1717 2553
1718 2553
1719 2553
1720 2554
1721 2554
1722 2554
1723 2554
1724 2555
1725 2555
1726 2556
1727 2555
1728 2556
1729 2556
1730 2557
1731 2557
1732 2558
1733 2558
1734 2558
1735 2559
1736 2559
1737 2559
1738 2559
1739 2559
1740 2559
1741 2560
1742 2560
1743 2560
1744 2561
1745 2561
1746 2561
1747 2561
1748 2561
1749 2561
1750 2561
1751 2562
1752 2562
1753 2562
1754 2562
1755 2562
1756 2563
1757 2562
1758 2563
1759 2563
1760 2563
1761 2563
1762 2563
1763 2564
1764 2564
1765 2564
1766 2564
1767 2564
1768 2564
1769 2564
1770 2564
1771 2565
1772 2565
1773 2565
1774 2565
1775 2565
1776 2565
1777 2565
1778 2565
1779 2565
1780 2565
1781 2566
1782 2566
1783 2566
1784 2566
1785 2566
1786 2567
1787 2567
1788 2568
1789 2568
1790 2569
1791 2569
1792 2570
1793 2570
1794 2571
1795 2571
1796 2571
1797 2572
1798 2572
1799 2572
1800 2573
1801 2573
1802 2573
1803 2573
1804 2573
1805 2573
1806 2573
1807 2574
1808 2574
1809 2574
1810 2575
1811 2575
1812 2575
1813 2576
1814 2577
1815 2577
1816 2577
1817 2578
1818 2578
1819 2578
1820 2579
1821 2579
1822 2579
1823 2580
1824 2580
1825 2580
1826 2581
1827 2581
1828 2581
1829 2581
1830 2581
1831 2582
1832 2582
1833 2582
1834 2582
1835 2582
1836 2582
1837 2583
1838 2583
1839 2583
1840 2583
1841 2583
1842 2583
1843 2583
1844 2584
1845 2584
1846 2584
1847 2584
1848 2584
1849 2584
1850 2584
1851 2584
1852 2585
1853 2585
1854 2585
1855 2585
1856 2585
1857 2585
1858 2585
1859 2585
1860 2585
1861 2585
1862 2585
1863 2585
1864 2586
1865 2586
1866 2586
1867 2586
1868 2586
1869 2586
1870 2586
1871 2586
1872 2586
1873 2586
1874 2587
1875 2587
1876 2587
1877 2587
1878 2587
1879 2587
1880 2587
1881 2587
1882 2587
1883 2587
1884 2587
1885 2587
1886 2588
1887 2588
1888 2588
1889 2588
1890 2589
1891 2590
1892 2591
1893 2592
1894 2592
1895 2593
1896 2594
1897 2594
1898 2595
1899 2596
1900 2596
1901 2597
1902 2598
1903 2598
1904 2599
1905 2599
1906 2600
1907 2600
1908 2601
1909 2601
1910 2602
1911 2602
1912 2603
1913 2603
1914 2603
1915 2604
1916 2604
1917 2604
1918 2604
1919 2605
1920 2606
1921 2606
1922 2606
1923 2606
1924 2607
1925 2607
1926 2607
1927 2608
1928 2608
1929 2609
1930 2609
1931 2609
1932 2610
1933 2610
1934 2611
1935 2611
1936 2611
1937 2612
1938 2612
1939 2613
1940 2613
1941 2614
1942 2614
1943 2614
1944 2614
1945 2615
1946 2615
1947 2615
1948 2616
1948 2617
1948 2618
1949 2618
1950 2618
1951 2619
1952 2620
1953 2620
1954 2620
1955 2621
1955 2622
1955 2623
1955 2624
1956 2625
1957 2625
1958 2626
1959 2627
1959 2628
1960 2628
1961 2628
1962 2629
1963 2629
1964 2630
1964 2631
1965 2631
1966 2631
1967 2632
1968 2633
1969 2633
1970 2634
1971 2635
1972 2635
1973 2636
1974 2637
1975 2638
1976 2639
1977 2639
1978 2640
1979 2640
1980 2640
1981 2641
1981 2642
1981 2643
1982 2643
1983 2644
1984 2644
1985 2645
1986 2646
1987 2646
1988 2647
1989 2648
1990 2648
1991 2648
1992 2648
1993 2649
1993 2650
1994 2650
1995 2650
1996 2651
1997 2652
1998 2652
1999 2653
2000 2653
2001 2653
2002 2653
2003 2653
2004 2654
2005 2654
2006 2654
2007 2655
2008 2655
2009 2654
2010 2654
2011 2654
2012 2655
2013 2655
2014 2655
2015 2656
2016 2656
2017 2656
2018 2656
2019 2656
2020 2657
2021 2657
2022 2657
2023 2657
2024 2657
2025 2657
2026 2658
2026 2659
2027 2659
2028 2659
2029 2659
2030 2659
2031 2660
2031 2661
2031 2662
2032 2661
2033 2661
2034 2661
2035 2662
2035 2663
2035 2662
2034 2661
2035 2660
2036 2660
2037 2660
2038 2661
2038 2662
2038 2663
2039 2664
2040 2664
2041 2664
2041 2663
2042 2662
2043 2662
2044 2662
2045 2662
2046 2663
2046 2664
2047 2664
2048 2664
2049 2664
2050 2665
2051 2665
2052 2665
2053 2665
2054 2665
2055 2665
2056 2666
2057 2666
2058 2666
2059 2666
2060 2666
2061 2666
2062 2666
2063 2665
2064 2665
2065 2665
2066 2666
2066 2667
2067 2667
2068 2667
2069 2667
2070 2667
2071 2667
2072 2667
2073 2667
2074 2667
2075 2667
2076 2667
2077 2667
2078 2668
2079 2668
2080 2668
2081 2668
2082 2668
2083 2668
2083 2667
2083 2666
2084 2665
2085 2665
2086 2665
2087 2666
2087 2667
2087 2668
2087 2669
2088 2669
2089 2669
2090 2669
2091 2669
2092 2669
2093 2669
2094 2669
2095 2669
2096 2670
2097 2670
2098 2670
2099 2670
2100 2670
2101 2669
2102 2669
2103 2669
2104 2670
2105 2670
2106 2670
2107 2670
2108 2670
2109 2669
2110 2669
2111 2669
2112 2670
2112 2671
2113 2671
2114 2671
2115 2671
2116 2671
2117 2671
2118 2671
2119 2671
2120 2671
2121 2671
2122 2671
2123 2671
2124 2671
2125 2671
2126 2672
2127 2672
2128 2672
2129 2672
2130 2672
2131 2672
2132 2672
2133 2672
2134 2672
2135 2672
2136 2672
2137 2673
2138 2672
2139 2672
2140 2672
2141 2672
2141 2671
2141 2670
2141 2669
2141 2668
2141 2667
2142 2666
2143 2666
2144 2666
2145 2667
2145 2668
2145 2669
2145 2670
2145 2671
2145 2672
2145 2673
2146 2673
2147 2673
2148 2673
2149 2673
2150 2673
2151 2673
2152 2673
2153 2673
2154 2672
2154 2671
2155 2670
2156 2670
2157 2670
2158 2671
2159 2671
2160 2671
2161 2671
2162 2671
2163 2671
2164 2671
2165 2671
2166 2671
2167 2671
2168 2671
2169 2671
2170 2671
2171 2671
2172 2671
2173 2671
2174 2671
2175 2670
2176 2670
2177 2671
2178 2671
2179 2671
2180 2671
2181 2671
2182 2671
2183 2671
2184 2671
2185 2671
2186 2671
2187 2672
2188 2671
2189 2671
2190 2671
2191 2672
2192 2672
2193 2672
2194 2672
2195 2672
2196 2672
2197 2672
2198 2672
2199 2672
2200 2673
2201 2673
2202 2673
2203 2673
2204 2673
2205 2673
2206 2673
2207 2673
2208 2673
2209 2674
2210 2674
2211 2674
2212 2674
2213 2674
2214 2674
2215 2674
2216 2674
2217 2674
2218 2674
2219 2674
2220 2674
2221 2674
2222 2675
2223 2675
2224 2675
2225 2675
2226 2675
2227 2675
2228 2675
2229 2675
2230 2675
2231 2675
2232 2675
2233 2675
2234 2675
2235 2675
2236 2676
2237 2676
2238 2676
2239 2676
2240 2676
2241 2676
2242 2676
2243 2676
2244 2676
2245 2676
2246 2677
2247 2677
2248 2677
2249 2677
2250 2677
2251 2677
2252 2677
2253 2677
2254 2677
2255 2677
2256 2677
2257 2677
2258 2677
2259 2678
2260 2678
2261 2678
2262 2678
2263 2678
2264 2678
2265 2678
2266 2678
2267 2678
2268 2678
2269 2678
2270 2678
2271 2678
2272 2678
2273 2679
2274 2679
2275 2679
2276 2679
2277 2679
2278 2679
2279 2679
2280 2679
2281 2679
2282 2680
2283 2680
2284 2680
2285 2680
2286 2680
2287 2680
2288 2680
2289 2680
2290 2680
2291 2680
2292 2680
2293 2680
2294 2680
2295 2680
2296 2680
2297 2681
2298 2681
2299 2681
2300 2681
2301 2681
2302 2680
2303 2680
2304 2680
2305 2680
2306 2680
2307 2680
2308 2679
2309 2679
2310 2679
2311 2679
2312 2679
2313 2679
2314 2678
2315 2678
2316 2678
2317 2678
2318 2678
2319 2678
2320 2678
2321 2678
2322 2678
2323 2678
2324 2678
2325 2678
2326 2678
2327 2678
2328 2678
2329 2678
2330 2678
2331 2678
2332 2678
2333 2678
2334 2678
2335 2678
2336 2678
2337 2678
2338 2678
2339 2678
2340 2678
2341 2678
2342 2678
2343 2678
2344 2678
2345 2678
2346 2678
2347 2678
2348 2678
2349 2678
2350 2679
2351 2679
2352 2679
2353 2679
2354 2679
2355 2679
2356 2679
2357 2679
2358 2679
2359 2679
2360 2679
2361 2679
2362 2679
2363 2679
2364 2679
2365 2679
2366 2680
2367 2680
2368 2680
2369 2680
2370 2680
2371 2680
2372 2680
2373 2680
2374 2680
2375 2680
2376 2680
2377 2681
2378 2681
2379 2681
2380 2681
2381 2681
2382 2681
2383 2681
2384 2681
2385 2681
2386 2681
2387 2681
2388 2681
2389 2681
2390 2681
2391 2682
2392 2682
2393 2682
2394 2682
2395 2682
2396 2682
2397 2682
2398 2682
2399 2682
2400 2682
2401 2682
2402 2682
2403 2683
2404 2683
2405 2683
2406 2683
2407 2683
2408 2683
2409 2683
2410 2683
2411 2683
2412 2683
2413 2683
2414 2683
2415 2684
2416 2684
2417 2684
2418 2684
2419 2684
2420 2684
2421 2684
2422 2684
2423 2684
2424 2684
2425 2684
2426 2684
2427 2684
2428 2684
2429 2685
2430 2685
2431 2685
2432 2685
2433 2685
2434 2685
2435 2685
2436 2685
2437 2685
2438 2685
2439 2685
2440 2685
2441 2686
2442 2686
2443 2686
2444 2686
2445 2686
2446 2686
2447 2686
2448 2686
2449 2686
2450 2686
2451 2686
2452 2687
2453 2687
2454 2687
2455 2687
2456 2687
2457 2687
2458 2687
2459 2687
2460 2687
2461 2687
2462 2687
2463 2687
2464 2687
2465 2687
2466 2687
2467 2688
2468 2688
2469 2688
2470 2688
2471 2688
2472 2688
2473 2689
2474 2689
2475 2689
2476 2689
2477 2689
2478 2690
2479 2690
2480 2690
2481 2691
2482 2691
2483 2691
2484 2691
2485 2691
2486 2692
2487 2692
2488 2692
2489 2692
2490 2693
2491 2693
2492 2693
2493 2694
2494 2694
2495 2694
2496 2695
2497 2695
2498 2695
2499 2695
2500 2695
2501 2695
2502 2696
2503 2696
2504 2696
2505 2696
2506 2696
2507 2697
2508 2697
2509 2697
2510 2697
2511 2697
2512 2697
2513 2697
2514 2698
2515 2698
2516 2698
2517 2698
2518 2698
2519 2698
2520 2698
2521 2698
2522 2699
2523 2699
2524 2699
2525 2699
2526 2699
2527 2699
2528 2699
2529 2699
2530 2699
2531 2699
2532 2700
2533 2700
2534 2700
2535 2700
2536 2700
2537 2700
2538 2700
2539 2700
2540 2700
2541 2700
2542 2700
2543 2700
2544 2701
2545 2701
2546 2701
2547 2701
2548 2701
2549 2701
2550 2701
2551 2701
2552 2701
2553 2701
2554 2702
2555 2702
2556 2702
2557 2702
2558 2702
2559 2702
2560 2702
2561 2702
2562 2702
2563 2702
2564 2702
2565 2702
2566 2702
2567 2702
2568 2703
2569 2703
2570 2703
2571 2703
2572 2703
2573 2703
2574 2703
2575 2703
2576 2703
2577 2703
2578 2703
2579 2704
2580 2704
2581 2704
2582 2704
2583 2704
2584 2704
2585 2704
2586 2704
2587 2704
2588 2704
2589 2704
2590 2704
2591 2704
2592 2705
2593 2705
2594 2705
2595 2705
2596 2705
2597 2705
2598 2705
2599 2705
2600 2705
2601 2705
2602 2705
2603 2705
2604 2705
2605 2706
2606 2706
2607 2706
2608 2706
2609 2706
2610 2706
2611 2706
2612 2706
2613 2706
2614 2706
2615 2707
2616 2707
2617 2707
2618 2707
2619 2707
2620 2707
2621 2707
2622 2707
2623 2707
2624 2707
2625 2707
2626 2707
2627 2707
2628 2708
2629 2708
2630 2708
2631 2708
2632 2708
2633 2708
2634 2708
2635 2708
2636 2708
2637 2708
2638 2708
2639 2708
2640 2708
2641 2708
2642 2709
2643 2709
2644 2709
2645 2709
2646 2709
2647 2709
2648 2709
2649 2709
2650 2709
2651 2710
2652 2710
2653 2710
2654 2710
2655 2710
2656 2710
2657 2710
2658 2710
2659 2710
2660 2710
2661 2710
2662 2710
2663 2710
2664 2710
2665 2710
2666 2711
2667 2711
2668 2711
2669 2711
2670 2711
2671 2711
2672 2711
2673 2711
2674 2711
2675 2711
2676 2711
2677 2711
2678 2712
2679 2712
2680 2712
2681 2712
2682 2712
2683 2712
2684 2712
2685 2712
2686 2712
2687 2712
2688 2712
2689 2713
2690 2713
2691 2713
2692 2713
2693 2713
2694 2713
2695 2713
2696 2713
2697 2713
2698 2713
2699 2713
2700 2713
2701 2713
2702 2713
2703 2714
2704 2714
2705 2714
2706 2714
2707 2714
2708 2714
2709 2714
2710 2714
2711 2714
2712 2714
2713 2714
2714 2715
2715 2715
2716 2715
2717 2715
2718 2715
2719 2715
2720 2715
2721 2715
2722 2715
2723 2715
2724 2715
2725 2715
2726 2716
2727 2716
2728 2716
2729 2716
2730 2716
2731 2716
2732 2716
2733 2716
2734 2716
2735 2716
2736 2716
2737 2716
2738 2716
2739 2716
2740 2717
2741 2717
2742 2717
2743 2717
2744 2717
2745 2717
2746 2717
2747 2717
2748 2717
2749 2717
2750 2718
2751 2718
2752 2718
2753 2718
2754 2718
2755 2718
2756 2718
2757 2718
2758 2718
2759 2718
2760 2718
2761 2718
2762 2718
2763 2718
2764 2719
2765 2719
2766 2719
2767 2719
2768 2719
2769 2719
2770 2719
2771 2719
2772 2719
2773 2719
2774 2719
2775 2719
2776 2719
2777 2720
2778 2720
2779 2720
2780 2720
2781 2720
2782 2720
2783 2720
2784 2720
2785 2720
2786 2720
2787 2721
2788 2721
2789 2721
2790 2721
2791 2721
2792 2721
2793 2721
2794 2721
2795 2721
2796 2721
2797 2721
2798 2721
2799 2721
2800 2721
2801 2722
2802 2722
2803 2722
2804 2722
2805 2722
2806 2722
2807 2722
2808 2722
2809 2722
2810 2722
2811 2723
2812 2723
2813 2723
2814 2724
2815 2724
2816 2724
2817 2725
2818 2725
2819 2726
2820 2726
2821 2727
2822 2727
2823 2728
2824 2728
2825 2729
2826 2730
2827 2730
2828 2731
2829 2732
2830 2732
2831 2733
2832 2734
2833 2734
2834 2734
2835 2735
2836 2735
2837 2736
2838 2736
2839 2736
2840 2737
2841 2737
2842 2737
2843 2737
2844 2737
2845 2737
2846 2737
2847 2738
2848 2738
2849 2738
2850 2739
2851 2739
2852 2739
2853 2740
2854 2740
2855 2741
2856 2741
2857 2741
2858 2742
2859 2742
2860 2742
2861 2743
2862 2743
2863 2743
2864 2744
2865 2744
2866 2744
2867 2744
2868 2744
2869 2745
2870 2745
2871 2745
2872 2745
2873 2745
2874 2746
2875 2746
2876 2746
2877 2746
2878 2746
2879 2747
2880 2747
2881 2747
2882 2747
2883 2747
2884 2747
2885 2748
2886 2748
2887 2749
2888 2750
2889 2751
2890 2751
2891 2752
2892 2753
2893 2754
2894 2754
2895 2754
2896 2755
2897 2755
2898 2755
2899 2755
2900 2755
2901 2756
2902 2756
2903 2756
2904 2756
2905 2756
2906 2756
2907 2756
2908 2756
2909 2756
2910 2756
2911 2757
2912 2757
2913 2757
2914 2757
2915 2757
2916 2757
2917 2757
2918 2757
2919 2758
2920 2758
2921 2758
2922 2758
2923 2758
2924 2758
2925 2758
2926 2758
2927 2758
2928 2758
2929 2758
2930 2758
2931 2758
2932 2758
2933 2759
2934 2759
2935 2759
2936 2759
2937 2759
2938 2759
2939 2759
2940 2759
2941 2759
2942 2759
2943 2759
2944 2760
2945 2760
2946 2760
2947 2760
2948 2760
2949 2760
2950 2760
2951 2760
2952 2760
2953 2760
2954 2760
2955 2761
2956 2761
2957 2761
2958 2761
2959 2761
2960 2761
2961 2761
2962 2761
2963 2761
2964 2761
2965 2761
2966 2761
2967 2761
2968 2761
2969 2761
2970 2761
2971 2761
2972 2761
2973 2761
2974 2761
2975 2760
2976 2760
2977 2760
2978 2760
2979 2759
2980 2759
2981 2759
2982 2759
2983 2759
2984 2759
2985 2759
2986 2759
2987 2759
2988 2759
2989 2758
2990 2758
2991 2758
2992 2758
2993 2758
2994 2758
2995 2758
2996 2758
2997 2758
2998 2759
2999 2759
3000 2759
3001 2759
3002 2759
3003 2758
3004 2758
3005 2758
3006 2758
3007 2758
3008 2759
3009 2759
3010 2759
3011 2759
3012 2759
3013 2759
3014 2759
3015 2759
3016 2759
3017 2759
3018 2759
3019 2759
3020 2758
3021 2758
3022 2758
3023 2758
3024 2758
3025 2758
3026 2758
3027 2757
3028 2757
3029 2757
3030 2757
3031 2757
3032 2756
3033 2756
3034 2756
3035 2756
3036 2756
3037 2756
3038 2756
3039 2756
3040 2756
3041 2756
3042 2756
3043 2756
3044 2756
3045 2756
3046 2756
3047 2756
3048 2756
3049 2756
3050 2756
3051 2756
3052 2756
3053 2756
3054 2756
3055 2756
3056 2756
3057 2756
3058 2756
3059 2756
3060 2756
3061 2756
3062 2756
3063 2756
3064 2756
3065 2756
3066 2756
3067 2756
3068 2756
3069 2756
3070 2756
3071 2755
3072 2755
3073 2755
3074 2755
3075 2755
3076 2754
3077 2754
3078 2753
3079 2753
3080 2752
3081 2752
3082 2751
3083 2751
3084 2750
3085 2750
3086 2750
3087 2749
3088 2749
3089 2749
3090 2749
3091 2749
3092 2749
3093 2749
3094 2749
3095 2748
3096 2748
3097 2748
3098 2748
3099 2748
3100 2748
3101 2748
3102 2748
3103 2748
3104 2748
3105 2748
3106 2748
3107 2748
3108 2748
3109 2748
3110 2748
3111 2748
3112 2748
3113 2748
3114 2748
3115 2748
3116 2748
3117 2748
3118 2748
3119 2748
3120 2748
3121 2748
3122 2748
3123 2748
3124 2748
3125 2748
3126 2748
3127 2749
3128 2749
3129 2749
3130 2749
3131 2749
3132 2749
3133 2749
3134 2749
3135 2749
3136 2749
3137 2749
3138 2749
3139 2749
3140 2749
3141 2749
3142 2749
3143 2749
3144 2749
3145 2750
3146 2750
3147 2750
3148 2750
3149 2750
3150 2750
3151 2750
3152 2750
3153 2750
3154 2750
3155 2750
3156 2751
3157 2751
3158 2751
3159 2751
3160 2751
3161 2751
3162 2751
3163 2751
3164 2751
3165 2751
3166 2751
3167 2751
3168 2751
3169 2751
3170 2751
3171 2752
3172 2752
3173 2752
3174 2752
3175 2752
3176 2752
3177 2752
3178 2752
3179 2752
3180 2752
3181 2752
3182 2753
3183 2753
3184 2753
3185 2753
3186 2753
3187 2753
3188 2753
3189 2753
3190 2753
3191 2753
3192 2753
3193 2754
3194 2754
3195 2754
3196 2754
3197 2754
3198 2754
3199 2754
3200 2754
3201 2754
3202 2754
3203 2754
3204 2754
3205 2754
3206 2754
3207 2754
3208 2755
3209 2755
3210 2755
3211 2755
3212 2755
3213 2755
3214 2755
3215 2755
3216 2755
3217 2755
3218 2756
3219 2756
3220 2756
3221 2756
3222 2756
3223 2756
3224 2756
3225 2756
3226 2756
3227 2756
3228 2756
3229 2756
3230 2756
3231 2757
3232 2757
3233 2757
3234 2757
3235 2757
3236 2757
3237 2757
3238 2757
3239 2757
3240 2757
3241 2757
3242 2757
3243 2757
3244 2757
3245 2758
3246 2758
3247 2758
3248 2758
3249 2758
3250 2758
3251 2758
3252 2758
3253 2758
3254 2758
3255 2759
3256 2759
3257 2759
3258 2759
3259 2759
3260 2759
3261 2758
3262 2758
3263 2758
3264 2758
3265 2758
3266 2758
3267 2758
3268 2757
3269 2757
3270 2757
3271 2756
3272 2756
3273 2756
3274 2755
3275 2755
3276 2754
3277 2754
3278 2753
3279 2753
3280 2753
3281 2752
3282 2752
3283 2752
3284 2752
3285 2751
3286 2751
3287 2751
3288 2751
3289 2751
3290 2751
3291 2751
3292 2751
3293 2750
3294 2750
3295 2749
3296 2749
3297 2748
3298 2748
3299 2747
3300 2747
3301 2746
3302 2746
3303 2745
3304 2745
3305 2744
3306 2744
3307 2743
3308 2743
3309 2742
3310 2742
3311 2741
3312 2741
3313 2741
3314 2740
3315 2739
3316 2739
3317 2738
3318 2738
3319 2738
3320 2737
3321 2737
3322 2736
3323 2736
3324 2735
3325 2735
3326 2734
3327 2734
3328 2734
3329 2733
3330 2733
3331 2732
3332 2732
3333 2731
3334 2730
3335 2730
3336 2730
3337 2729
3338 2729
3339 2729
3340 2729
3341 2728
3342 2728
3343 2728
3344 2728
3345 2728
3346 2728
3347 2728
3348 2728
3349 2728
3350 2728
3351 2728
3352 2728
3353 2728
3354 2728
3355 2728
3356 2728
3357 2727
3358 2727
3359 2727
3360 2727
3361 2727
3362 2726
3363 2726
3364 2726
3365 2726
3366 2725
3367 2725
3368 2725
3369 2725
3370 2724
3371 2724
3372 2724
3373 2723
3374 2723
3375 2723
3376 2722
3377 2722
3378 2722
3379 2721
3380 2721
3381 2721
3382 2720
3383 2720
3384 2720
3385 2720
3386 2720
3387 2720
3388 2719
3389 2719
3390 2719
3391 2719
3392 2719
3393 2719
3394 2719
3395 2719
3396 2719
3397 2719
3398 2719
3399 2719
3400 2719
3401 2719
3402 2718
3403 2718
3404 2718
3405 2718
3406 2719
3407 2719
3408 2719
3409 2719
3410 2719
3411 2719
3412 2719
3413 2719
3414 2719
3415 2719
3416 2719
3417 2719
3418 2719
3419 2719
3420 2719
3421 2719
3422 2719
3423 2719
3424 2719
3425 2719
3426 2719
3427 2718
3428 2718
3429 2718
3430 2718
3431 2718
3432 2718
3433 2717
3434 2717
3435 2717
3436 2717
3437 2716
3438 2716
3439 2716
3440 2716
3441 2716
3442 2716
3443 2716
3444 2716
3445 2716
3446 2716
3447 2716
3448 2716
3449 2716
3450 2716
3451 2716
3452 2716
3453 2716
3454 2716
3455 2716
3456 2716
3457 2716
3458 2716
3459 2716
3460 2716
3461 2716
3462 2716
3463 2716
3464 2716
3465 2716
3466 2716
3467 2716
3468 2716
3469 2717
3470 2717
3471 2717
3472 2717
3473 2717
3474 2717
3475 2717
3476 2717
3477 2717
3478 2717
3479 2717
3480 2717
3481 2717
3482 2717
3483 2717
3484 2717
3485 2716
3486 2716
3487 2716
3488 2716
3489 2716
3490 2716
3491 2716
3492 2715
3493 2715
3494 2715
3495 2715
3496 2715
3497 2715
3498 2714
3499 2714
3500 2714
3501 2714
3502 2714
3503 2714
3504 2713
3505 2713
3506 2713
3507 2713
3508 2712
3509 2712
3510 2712
3511 2711
3512 2711
3513 2711
3514 2710
3515 2710
3516 2710
3517 2710
3518 2710
3519 2710
3520 2710
3521 2709
3522 2709
3523 2709
3524 2709
3525 2709
3526 2708
3527 2708
3528 2708
3529 2707
3530 2707
3531 2707
3532 2706
3533 2706
3534 2706
3535 2705
3536 2705
3537 2705
3538 2705
3539 2705
3540 2704
3541 2704
3542 2704
3543 2703
3544 2703
3545 2703
3546 2702
3547 2702
3548 2702
3549 2701
3550 2701
3551 2700
3552 2700
3553 2700
3554 2699
3555 2699
3556 2698
3557 2698
3558 2697
3559 2697
3560 2697
3561 2696
3562 2696
3563 2696
3564 2695
3565 2695
3566 2694
3567 2693
3568 2692
3569 2692
3570 2691
3571 2690
3572 2690
3573 2689
3574 2689
3575 2688
3576 2687
3577 2687
3578 2686
3579 2685
3580 2685
3581 2684
3582 2684
3583 2683
3584 2683
3585 2682
3586 2682
3587 2681
3588 2681
3589 2680
3590 2680
3591 2679
3592 2679
3593 2678
3594 2677
3595 2676
3596 2676
3597 2675
3598 2674
3599 2673
3600 2672
3601 2671
3602 2670
3603 2669
3604 2668
3605 2667
3606 2666
3606 2665
3607 2664
3608 2663
3609 2662
3609 2661
3610 2660
3611 2659
3612 2658
3613 2657
3614 2656
3615 2655
3616 2654
3617 2653
3618 2652
3619 2651
3620 2651
3621 2650
3622 2649
3623 2648
3624 2647
3625 2646
3626 2645
3627 2644
3628 2643
3629 2642
3629 2641
3630 2640
3631 2639
3631 2638
3632 2637
3633 2636
3634 2635
3634 2634
3635 2633
3636 2632
3637 2631
3638 2630
3639 2629
3640 2628
3640 2627
3641 2626
3642 2625
3643 2624
3643 2623
3644 2622
3645 2621
3646 2620
3647 2619
3648 2618
3649 2617
3650 2616
3651 2615
3652 2614
3653 2613
3654 2612
3655 2611
3656 2610
3657 2609
3657 2608
3658 2607
3659 2606
3659 2605
3660 2604
3660 2603
3661 2602
3662 2601
3663 2600
3664 2599
3665 2598
3665 2597
3666 2596
3667 2595
3667 2594
3668 2593
3668 2592
3668 2591
3669 2590
3669 2589
3669 2588
3670 2587
3670 2586
3671 2585
3671 2584
3671 2583
3672 2582
3673 2581
3673 2580
3674 2579
3675 2578
3675 2577
3676 2576
3677 2575
3677 2574
3678 2573
3679 2572
3679 2571
3680 2570
3681 2569
3682 2568
3683 2567
3683 2566
3684 2565
3685 2564
3685 2563
3686 2562
3687 2561
3688 2561
3688 2560
3689 2559
3690 2558
3690 2557
3691 2556
3691 2555
3691 2554
3692 2553
3692 2552
3693 2551
3694 2550
3694 2549
3695 2548
3696 2548
3696 2547
3697 2546
3698 2545
3698 2544
3699 2543
3700 2542
3700 2541
3701 2540
3702 2539
3703 2538
3703 2537
3704 2536
3705 2535
3705 2534
3706 2533
3707 2532
3707 2531
3708 2530
3709 2529
3709 2528
3710 2527
3711 2526
3712 2525
3712 2524
3713 2523
3714 2522
3715 2521
3716 2520
3716 2519
3717 2518
3718 2517
3719 2516
3719 2515
3720 2514
3721 2513
3721 2512
3722 2511
3723 2510
3724 2509
3725 2508
3725 2507
3726 2506
3726 2505
3726 2504
3727 2503
3727 2502
3728 2501
3728 2500
3728 2499
3729 2498
3729 2497
3729 2496
3730 2495
3731 2494
3732 2493
3733 2492
3733 2491
3734 2490
3735 2489
3736 2488
3737 2487
3738 2486
3739 2485
3740 2484
3740 2483
3741 2482
3742 2481
3742 2480
3743 2479
3743 2478
3744 2477
3745 2476
3745 2475
3746 2474
3746 2473
3747 2472
3748 2471
3748 2470
3749 2469
3749 2468
3750 2467
3751 2466
3751 2465
3751 2464
3752 2463
3752 2462
3752 2461
3752 2460
3753 2459
3753 2458
3753 2457
3754 2456
3754 2455
3754 2454
3754 2453
3754 2452
3755 2451
3755 2450
3755 2449
3755 2448
3755 2447
3755 2446
3755 2445
3756 2444
3756 2443
3757 2442
3757 2441
3758 2440
3759 2439
3759 2438
3759 2437
3760 2436
3760 2435
3761 2434
3761 2433
3761 2432
3761 2431
3762 2430
3762 2429
3762 2428
3762 2427
3762 2426
3763 2425
3763 2424
3763 2423
3764 2422
3764 2421
3765 2420
3765 2419
3765 2418
3766 2417
3766 2416
3767 2415
3767 2414
3767 2413
3768 2412
3768 2411
3768 2410
3769 2409
3769 2408
3769 2407
3770 2406
3770 2405
3771 2404
3771 2403
3772 2402
3772 2401
3773 2400
3773 2399
3774 2398
3774 2397
3775 2396
3775 2395
3776 2394
3776 2393
3777 2392
3777 2391
3777 2390
3778 2389
3778 2388
3778 2387
3778 2386
3779 2385
3779 2384
3779 2383
3780 2382
3780 2381
3780 2380
3780 2379
3780 2378
3780 2377
3781 2376
3781 2375
3781 2374
3781 2373
3781 2372
3781 2371
3782 2370
3782 2369
3782 2368
3782 2367
3782 2366
3782 2365
3782 2364
3782 2363
3782 2362
3782 2361
3783 2360
3783 2359
3783 2358
3783 2357
3783 2356
3783 2355
3783 2354
3783 2353
3783 2352
3783 2351
3783 2350
3784 2349
3784 2348
3784 2347
3784 2346
3784 2345
3784 2344
3784 2343
3784 2342
3785 2341
3785 2340
3785 2339
3785 2338
3785 2337
3785 2336
3785 2335
3786 2334
3786 2333
3787 2332
3787 2331
3787 2330
3788 2329
3788 2328
3788 2327
3789 2326
3789 2325
3789 2324
3790 2323
3790 2322
3790 2321
3790 2320
3791 2319
3791 2318
3791 2317
3791 2316
3791 2315
3792 2314
3792 2313
3792 2312
3792 2311
3792 2310
3793 2309
3793 2308
3793 2307
3793 2306
3793 2305
3793 2304
3794 2303
3794 2302
3794 2301
3794 2300
3794 2299
3794 2298
3794 2297
3795 2296
3795 2295
3795 2294
3795 2293
3795 2292
3795 2291
3795 2290
3795 2289
3795 2288
3795 2287
3795 2286
3796 2285
3796 2284
3796 2283
3796 2282
3796 2281
3796 2280
3796 2279
3796 2278
3796 2277
3796 2276
3796 2275
3797 2274
3797 2273
3797 2272
3797 2271
3797 2270
3797 2269
3797 2268
3797 2267
3797 2266
3797 2265
3797 2264
3798 2263
3798 2262
3798 2261
3798 2260
3798 2259
3798 2258
3798 2257
3798 2256
3798 2255
3798 2254
3798 2253
3798 2252
3798 2251
3798 2250
3798 2249
3799 2248
3799 2247
3799 2246
3799 2245
3799 2244
3799 2243
3799 2242
3799 2241
3799 2240
3800 2239
3800 2238
3800 2237
3800 2236
3800 2235
3800 2234
3800 2233
3800 2232
3800 2231
3800 2230
3800 2229
3800 2228
3800 2227
3800 2226
3801 2225
3801 2224
3801 2223
3801 2222
3801 2221
3801 2220
3801 2219
3801 2218
3801 2217
3801 2216
3801 2215
3801 2214
3801 2213
3801 2212
3802 2211
3802 2210
3802 2209
3802 2208
3802 2207
3802 2206
3802 2205
3802 2204
3802 2203
3803 2202
3803 2201
3803 2200
3803 2199
3803 2198
3803 2197
3803 2196
3803 2195
3802 2194
3802 2193
3802 2192
3802 2191
3802 2190
3801 2189
3801 2188
3801 2187
3801 2186
3801 2185
3801 2184
3801 2183
3800 2182
3800 2181
3800 2180
3800 2179
3799 2178
3799 2177
3799 2176
3798 2175
3798 2174
3798 2173
3798 2172
3797 2171
3797 2170
3797 2169
3796 2168
3796 2167
3796 2166
3795 2165
3795 2164
3795 2163
3794 2162
3794 2161
3793 2160
3793 2159
3792 2158
3791 2157
3791 2156
3790 2155
3790 2154
3789 2153
3788 2152
3787 2151
3787 2150
3786 2149
3785 2148
3785 2147
3784 2146
3784 2145
3783 2144
3783 2143
3782 2142
3782 2141
3781 2140
3781 2139
3780 2138
3780 2137
3779 2136
3779 2135
3778 2134
3778 2133
3777 2132
3777 2131
3776 2130
3776 2129
3775 2128
3775 2127
3775 2126
3774 2125
3774 2124
3773 2123
3773 2122
3772 2121
3772 2120
3771 2119
3771 2118
3770 2117
3770 2116
3770 2115
3769 2114
3769 2113
3769 2112
3768 2111
3768 2110
3768 2109
3768 2108
3768 2107
3767 2106
3767 2105
3767 2104
3766 2103
3766 2102
3766 2101
3765 2100
3765 2099
3765 2098
3764 2097
3764 2096
3763 2095
3763 2094
3762 2093
3762 2092
3761 2091
3761 2090
3760 2089
3760 2088
3759 2087
3758 2086
3757 2085
3756 2084
3756 2083
3755 2082
3754 2081
3754 2080
3753 2079
3752 2078
3751 2077
3751 2076
3750 2075
3749 2074
3749 2073
3748 2072
3747 2071
3747 2070
3746 2069
3745 2068
3744 2067
3744 2066
3743 2065
3742 2064
3742 2063
3741 2062
3740 2061
3740 2060
3739 2059
3739 2058
3739 2057
3738 2056
3738 2055
3738 2054
3737 2053
3737 2052
3736 2051
3736 2050
3735 2049
3734 2048
3734 2047
3733 2046
3732 2045
3731 2044
3730 2043
3730 2042
3729 2041
3728 2040
3727 2039
3726 2038
3726 2037
3725 2036
3725 2035
3724 2034
3724 2033
3723 2032
3723 2031
3722 2030
3722 2029
3721 2028
3720 2027
3720 2026
3719 2025
3719 2024
3718 2023
3717 2022
3717 2021
3716 2020
3715 2019
3714 2018
3714 2017
3713 2016
3712 2015
3711 2014
3711 2013
3710 2012
3709 2011
3708 2010
3708 2009
3707 2008
3707 2007
3706 2006
3705 2005
3705 2004
3704 2003
3704 2002
3703 2001
3703 2000
3702 1999
3702 1998
3701 1997
3700 1996
3700 1995
3699 1994
3699 1993
3698 1992
3697 1991
3697 1990
3696 1989
3695 1988
3694 1987
3694 1986
3693 1985
3692 1984
3691 1983
3691 1982
3690 1981
3689 1980
3688 1979
3687 1978
3687 1977
3686 1976
3685 1975
3684 1974
3683 1973
3682 1972
3682 1971
3681 1970
3681 1969
3680 1968
3680 1967
3679 1966
3678 1965
3677 1964
3676 1963
3675 1962
3674 1961
3673 1960
3672 1959
3672 1958
3671 1957
3670 1957
3669 1956
3668 1955
3667 1954
3666 1954
3665 1953
3664 1952
3663 1951
3662 1951
3661 1950
3660 1949
3659 1948
3658 1947
3657 1947
3656 1946
3655 1945
3654 1944
3653 1943
3652 1942
3651 1942
3650 1941
3649 1940
3648 1939
3647 1939
3646 1938
3645 1937
3644 1937
3643 1936
3642 1935
3641 1934
3640 1933
3639 1933
3638 1932
3637 1931
3636 1930
3635 1929
3634 1928
3633 1928
3632 1927
3631 1926
3630 1926
3629 1925
3628 1925
3627 1924
3626 1924
3625 1923
3624 1923
3623 1922
3622 1922
3621 1921
3620 1921
3619 1920
3618 1919
3617 1918
3616 1917
3615 1917
3614 1916
3613 1915
3612 1914
3611 1914
3610 1913
3609 1912
3608 1912
3607 1911
3606 1911
3605 1910
3604 1910
3603 1909
3602 1909
3601 1909
3600 1908
3599 1907
3598 1907
3597 1906
3596 1906
3595 1905
3594 1905
3593 1904
3592 1904
3591 1903
3590 1903
3589 1902
3588 1902
3587 1901
3586 1901
3585 1901
3584 1900
3583 1900
3582 1900
3581 1900
3580 1899
3579 1899
3578 1899
3577 1898
3576 1898
3575 1898
3574 1898
3573 1898
3572 1897
3571 1897
3570 1897
3569 1897
3568 1897
3567 1897
3566 1896
3565 1896
3564 1896
3563 1895
3562 1895
3561 1894
3560 1894
3559 1893
3558 1893
3557 1892
3556 1892
3555 1891
3554 1891
3553 1891
3552 1891
3551 1890
3550 1890
3549 1890
3548 1890
3547 1889
3546 1889
3545 1889
3544 1889
3543 1888
3542 1888
3541 1888
3540 1888
3539 1888
3538 1888
3537 1887
3536 1887
3535 1887
3534 1887
3533 1887
3532 1887
3531 1887
3530 1887
3529 1887
3528 1886
3527 1886
3526 1886
3525 1886
3524 1886
3523 1886
3522 1886
3521 1886
3520 1886
3519 1885
3518 1885
3517 1885
3516 1885
3515 1885
3514 1885
3513 1885
3512 1885
3511 1885
3510 1884
3509 1884
3508 1884
3507 1884
3506 1884
3505 1884
