3450 1483
3449 1484
3448 1484
3447 1484
3446 1485
3445 1485
3444 1485
3443 1486
3442 1486
3441 1487
3440 1487
3439 1488
3438 1488
3437 1489
3436 1489
3435 1490
3434 1490
3433 1490
3432 1491
3431 1491
3430 1492
3429 1492
3428 1492
3427 1492
3426 1493
3425 1493
3424 1493
3423 1493
3422 1493
3421 1494
3420 1494
3419 1494
3418 1494
3417 1494
3416 1494
3415 1495
3414 1495
3413 1495
3412 1495
3411 1495
3410 1495
3409 1496
3408 1496
3407 1496
3406 1497
3405 1497
3404 1497
3403 1497
3402 1498
3401 1498
3400 1498
3399 1499
3398 1499
3397 1499
3396 1499
3395 1500
3394 1500
3393 1500
3392 1500
3391 1500
3390 1500
3389 1500
3388 1501
3387 1501
3386 1501
3385 1501
3384 1501
3383 1501
3382 1502
3381 1502
3380 1502
3379 1503
3378 1503
3377 1503
3376 1503
3375 1504
3374 1504
3373 1505
3372 1505
3371 1505
3370 1506
3369 1506
3368 1506
3367 1506
3366 1506
3365 1507
3364 1507
3363 1507
3362 1507
3361 1507
3360 1507
3359 1508
3358 1508
3357 1508
3356 1508
3355 1508
3354 1508
3353 1508
3352 1508
3351 1508
3350 1508
3349 1508
3348 1509
3347 1509
3346 1509
3345 1510
3344 1510
3343 1510
3342 1510
3341 1511
3340 1511
3339 1512
3338 1512
3337 1513
3336 1513
3335 1514
3334 1514
3333 1514
3332 1515
3331 1516
3330 1516
3329 1517
3328 1517
3327 1518
3326 1518
3325 1518
3324 1519
3323 1519
3322 1519
3321 1519
3320 1520
3319 1520
3318 1520
3317 1520
3316 1520
3315 1520
3314 1521
3313 1521
3312 1521
3311 1521
3310 1521
3309 1521
3308 1521
3307 1521
3306 1521
3305 1522
3304 1522
3303 1522
3302 1523
3301 1523
3300 1523
3299 1523
3298 1524
3297 1524
3296 1524
3295 1525
3294 1525
3293 1525
3292 1526
3291 1526
3290 1526
3289 1526
3288 1526
3287 1527
3286 1527
3285 1527
3284 1527
3283 1527
3282 1527
3281 1527
3280 1528
3279 1528
3278 1528
3277 1528
3276 1528
3275 1528
3274 1528
3273 1528
3272 1528
3271 1528
3270 1528
3269 1528
3268 1528
3267 1528
3266 1528
3265 1528
3264 1529
3263 1529
3262 1529
3261 1529
3260 1529
3259 1529
3258 1530
3257 1530
3256 1530
3255 1530
3254 1531
3253 1531
3252 1531
3251 1532
3250 1532
3249 1532
3248 1532
3247 1533
3246 1533
3245 1533
3244 1534
3243 1534
3242 1535
3241 1536
3240 1536
3239 1537
3238 1537
3237 1537
3236 1538
3235 1538
3234 1538
3233 1539
3232 1539
3231 1539
3230 1539
3229 1540
3228 1540
3227 1540
3226 1540
3225 1541
3224 1541
3223 1541
3222 1541
3221 1541
3220 1541
3219 1541
3218 1541
3217 1542
3216 1542
3215 1542
3214 1542
3213 1542
3212 1542
3211 1542
3210 1542
3209 1542
3208 1542
3207 1542
3206 1542
3205 1542
3204 1542
3203 1542
3202 1542
3201 1543
3200 1543
3199 1543
3198 1544
3197 1544
3196 1545
3195 1545
3194 1545
3193 1546
3192 1546
3191 1546
3190 1546
3189 1547
3188 1547
3187 1547
3186 1547
3185 1547
3184 1548
3183 1548
3182 1549
3181 1550
3180 1550
3179 1551
3178 1551
3177 1552
3176 1552
3175 1552
3174 1553
3173 1554
3172 1555
3171 1556
3170 1557
3169 1558
3169 1559
3168 1560
3167 1561
3166 1562
3165 1562
3164 1563
3163 1564
3162 1564
3161 1564
3160 1565
3159 1565
3158 1566
3157 1566
3156 1567
3155 1568
3154 1568
3153 1569
3152 1570
3151 1570
3150 1571
3149 1571
3148 1572
3147 1572
3146 1573
3145 1574
3144 1574
3143 1575
3142 1576
3141 1576
3140 1577
3139 1577
3138 1578
3137 1578
3136 1579
3135 1579
3134 1579
3133 1579
3132 1580
3131 1580
3130 1580
3129 1580
3128 1581
3127 1582
3126 1582
3125 1583
3124 1584
3123 1584
3122 1585
3121 1585
3120 1586
3119 1587
3119 1588
3118 1589
3117 1590
3116 1590
3115 1591
3114 1592
3113 1593
3112 1594
3111 1595
3110 1596
3109 1597
3108 1598
3107 1599
3106 1600
3105 1601
3104 1602
3103 1602
3102 1603
3101 1604
3100 1604
3099 1605
3098 1605
3097 1606
3096 1607
3095 1608
3095 1609
3094 1610
3094 1611
3094 1612
3093 1613
3093 1614
3093 1615
3092 1616
3092 1617
3092 1618
3091 1619
3091 1620
3091 1621
3091 1622
3091 1623
3090 1624
3090 1625
3090 1626
3090 1627
3090 1628
3090 1629
3089 1630
3089 1631
3089 1632
3089 1633
3089 1634
3089 1635
3088 1636
3088 1637
3087 1638
3087 1639
3087 1640
3087 1641
3086 1642
3086 1643
3086 1644
3086 1645
3085 1646
3085 1647
3085 1648
3085 1649
3084 1650
3084 1651
3084 1652
3084 1653
3084 1654
3083 1655
3083 1656
3083 1657
3083 1658
3083 1659
3083 1660
3083 1661
3083 1662
3082 1663
3082 1664
3082 1665
3081 1666
3081 1667
3080 1668
3079 1669
3079 1670
3078 1671
3077 1672
3076 1673
3075 1674
3074 1675
3073 1676
3072 1676
3071 1677
3070 1678
3069 1678
3068 1679
3067 1679
3066 1680
3065 1681
3064 1681
3063 1682
3062 1682
3061 1683
3060 1684
3059 1684
3058 1684
3057 1685
3056 1685
3055 1685
3054 1686
3053 1687
3052 1687
3051 1688
3050 1688
3049 1689
3048 1689
3047 1690
3046 1690
3045 1690
3044 1690
3043 1690
3042 1691
3041 1691
3040 1691
3039 1691
3038 1692
3037 1692
3036 1692
3035 1692
3034 1693
3033 1693
3032 1693
3031 1693
3030 1694
3029 1694
3028 1694
3027 1694
3026 1694
3025 1695
3024 1695
3023 1695
3022 1695
3021 1696
3020 1696
3019 1696
3018 1696
3017 1697
3016 1697
3015 1697
3014 1697
3013 1697
3012 1698
3011 1698
3010 1698
3009 1698
3008 1699
3007 1699
3006 1699
3005 1700
3004 1700
3003 1700
3002 1701
3001 1701
3000 1701
2999 1701
2998 1702
2997 1702
2996 1702
2995 1702
2994 1703
2993 1703
2992 1703
2991 1703
2990 1704
2989 1704
2988 1704
2987 1704
2986 1704
2985 1705
2984 1705
2983 1705
2982 1705
2981 1705
2980 1705
2979 1706
2978 1706
2977 1706
2976 1706
2975 1706
2974 1706
2973 1706
2972 1706
2971 1706
2970 1707
2969 1707
2968 1707
2967 1707
2966 1707
2965 1707
2964 1707
2963 1707
2962 1707
2961 1707
2960 1707
2959 1707
2958 1707
2957 1707
2956 1707
2955 1707
2954 1707
2953 1708
2952 1708
2951 1708
2950 1709
2949 1709
2948 1710
2947 1710
2946 1710
2945 1711
2944 1711
2943 1711
2942 1711
2941 1712
2940 1712
2939 1712
2938 1712
2937 1712
2936 1712
2935 1713
2934 1713
2933 1713
2932 1713
2931 1713
2930 1713
2929 1713
2928 1713
2927 1714
2926 1714
2925 1714
2924 1715
2923 1716
2922 1716
2921 1717
2920 1717
2919 1717
2918 1718
2917 1718
2916 1718
2915 1718
2914 1719
2913 1719
2912 1719
2911 1719
2910 1720
2909 1721
2908 1722
2907 1722
2906 1723
2905 1723
2904 1724
2903 1724
2902 1725
2901 1725
2900 1725
2899 1726
2898 1726
2897 1726
2896 1726
2895 1726
2894 1726
2893 1727
2892 1727
2891 1727
2890 1727
2889 1727
2888 1727
2887 1727
2886 1727
2885 1727
2884 1727
2883 1727
2882 1727
2881 1727
2880 1727
2879 1727
2878 1727
2877 1727
2876 1727
2875 1727
2874 1727
2873 1727
2872 1727
2871 1727
2870 1727
2869 1727
2868 1727
2867 1727
2866 1727
2865 1727
2864 1727
2863 1727
2862 1727
2861 1727
2860 1727
2859 1728
2858 1728
2857 1728
2856 1729
2855 1729
2854 1730
2853 1730
2852 1730
2851 1730
2850 1731
2849 1731
2848 1731
2847 1731
2846 1732
2845 1732
2844 1732
2843 1732
2842 1732
2841 1732
2840 1732
2839 1733
2838 1733
2837 1733
2836 1733
2835 1733
2834 1733
2833 1733
2832 1733
2831 1733
2830 1733
2829 1733
2828 1733
2827 1733
2826 1734
2825 1734
2824 1734
2823 1734
2822 1734
2821 1734
2820 1734
2819 1734
2818 1735
2817 1735
2816 1736
2815 1736
2814 1737
2813 1737
2812 1737
2811 1738
2810 1738
2809 1738
2808 1739
2807 1739
2806 1739
2805 1739
2804 1739
2803 1739
2802 1739
2801 1740
2800 1740
2799 1740
2798 1740
2797 1740
2796 1740
2795 1740
2794 1740
2793 1740
2792 1740
2791 1740
2790 1740
2789 1740
2788 1740
2787 1740
2786 1741
2785 1741
2784 1741
2783 1742
2782 1742
2781 1742
2780 1743
2779 1743
2778 1744
2777 1744
2776 1744
2775 1744
2774 1745
2773 1745
2772 1746
2771 1746
2770 1746
2769 1747
2768 1747
2767 1747
2766 1748
2765 1748
2764 1749
2763 1749
2762 1750
2761 1750
2760 1750
2759 1751
2758 1751
2757 1751
2756 1751
2755 1751
2754 1752
2753 1752
2752 1752
2751 1752
2750 1752
2749 1752
2748 1752
2747 1753
2746 1753
2745 1753
2744 1754
2743 1755
2742 1755
2741 1756
2740 1756
2739 1757
2738 1757
2737 1757
2736 1757
2735 1758
2734 1758
2733 1758
2732 1759
2731 1759
2730 1760
2729 1760
2728 1761
2727 1761
2726 1762
2725 1762
2724 1763
2723 1763
2722 1763
2721 1764
2720 1764
2719 1764
2718 1765
2717 1765
2716 1765
2715 1766
2714 1766
2713 1767
2712 1767
2711 1768
2710 1768
2709 1769
2708 1770
2707 1770
2706 1771
2705 1772
2704 1773
2703 1774
2702 1775
2701 1775
2700 1776
2699 1777
2698 1777
2697 1778
2696 1779
2695 1779
2694 1780
2693 1781
2692 1781
2691 1782
2690 1783
2689 1784
2688 1785
2687 1785
2686 1786
2685 1786
2684 1787
2683 1788
2682 1788
2681 1789
2680 1789
2679 1789
2678 1790
2677 1790
2676 1790
2675 1791
2674 1791
2673 1791
2672 1792
2671 1792
2670 1792
2669 1793
2668 1793
2667 1794
2666 1795
2665 1796
2664 1797
2663 1798
2662 1798
2661 1799
2660 1799
2659 1800
2658 1800
2657 1801
2656 1801
2655 1802
2654 1802
2653 1803
2652 1804
2651 1804
2650 1805
2649 1805
2648 1806
2647 1806
2646 1807
2645 1808
2644 1808
2643 1808
2642 1809
2641 1809
2640 1810
2639 1810
2638 1810
2637 1810
2636 1811
2635 1811
2634 1811
2633 1811
2632 1811
2631 1812
2630 1812
2629 1813
2628 1813
2627 1813
2626 1814
2625 1814
2624 1815
2623 1815
2622 1816
2621 1816
2620 1817
2619 1817
2618 1818
2617 1818
2616 1819
2615 1820
2614 1820
2613 1821
2612 1822
2611 1823
2610 1823
2609 1824
2608 1825
2607 1826
2606 1827
2605 1827
2604 1828
2603 1829
2602 1829
2601 1830
2600 1831
2599 1831
2598 1832
2597 1832
2596 1833
2595 1834
2594 1834
2593 1834
2592 1835
2591 1835
2590 1836
2589 1836
2588 1836
2587 1837
2586 1837
2585 1838
2584 1838
2583 1839
2582 1840
2581 1840
2580 1841
2579 1841
2578 1842
2577 1842
2576 1843
2575 1843
2574 1843
2573 1843
2572 1844
2571 1844
2570 1844
2569 1845
2568 1845
2567 1846
2566 1847
2565 1847
2564 1848
2563 1848
2562 1849
2561 1849
2560 1850
2559 1851
2558 1851
2557 1852
2556 1852
2555 1853
2554 1854
2553 1854
2552 1855
2551 1856
2550 1856
2549 1857
2548 1857
2547 1858
2546 1858
2545 1859
2544 1859
2543 1860
2542 1860
2541 1861
2540 1861
2539 1862
2538 1862
2537 1863
2536 1863
2535 1864
2534 1865
2533 1865
2532 1866
2531 1867
2530 1867
2529 1868
2528 1868
2527 1869
2526 1869
2525 1870
2524 1870
2523 1870
2522 1871
2521 1871
2520 1872
2519 1873
2518 1873
2517 1874
2516 1874
2515 1875
2514 1875
2513 1876
2512 1876
2511 1876
2510 1877
2509 1877
2508 1877
2507 1878
2506 1878
2505 1879
2504 1879
2503 1880
2502 1880
2501 1881
2500 1881
2499 1881
2498 1882
2497 1882
2496 1882
2495 1883
2494 1883
2493 1883
2492 1883
2491 1883
2490 1884
2489 1884
2488 1884
2487 1884
2486 1884
2485 1884
2484 1884
2483 1885
2482 1885
2481 1885
2480 1885
2479 1886
2478 1886
2477 1887
2476 1887
2475 1888
2474 1888
2473 1889
2472 1889
2471 1889
2470 1889
2469 1890
2468 1890
2467 1890
2466 1890
2465 1890
2464 1891
2463 1891
2462 1891
2461 1891
2460 1891
2459 1891
2458 1891
2457 1891
2456 1891
2455 1891
2454 1892
2453 1892
2452 1892
2451 1893
2450 1893
2449 1893
2448 1893
2447 1894
2446 1894
2445 1894
2444 1895
2443 1895
2442 1895
2441 1895
2440 1896
2439 1896
2438 1896
2437 1896
2436 1896
2435 1897
2434 1897
2433 1897
2432 1897
2431 1897
2430 1897
2429 1898
2428 1898
2427 1898
2426 1898
2425 1898
2424 1898
2423 1898
2422 1898
2421 1899
2420 1900
2419 1901
2418 1901
2417 1902
2416 1902
2415 1903
2414 1903
2413 1903
2412 1903
2411 1904
2410 1904
2409 1905
2408 1906
2407 1907
2406 1907
2405 1908
2404 1909
2403 1910
2402 1910
2401 1911
2400 1912
2399 1913
2398 1914
2397 1914
2396 1915
2395 1915
2394 1916
2393 1916
2392 1917
2391 1918
2390 1919
2389 1920
2388 1920
2387 1921
2386 1921
2385 1922
2384 1922
2383 1922
2382 1923
2381 1923
2380 1923
2379 1923
2378 1924
2377 1924
2376 1925
2375 1925
2374 1926
2373 1926
2372 1927
2371 1928
2370 1928
2369 1928
2368 1929
2367 1929
2366 1929
2365 1929
2364 1930
2363 1930
2362 1930
2361 1930
2360 1930
2359 1930
2358 1930
2357 1931
2356 1931
2355 1931
2354 1931
2353 1931
2352 1931
2351 1931
2350 1931
2349 1931
2348 1932
2347 1932
2346 1932
2345 1933
2344 1933
2343 1934
2342 1934
2341 1935
2340 1935
2339 1935
2338 1936
2337 1936
2336 1936
2335 1936
2334 1936
2333 1937
2332 1937
2331 1937
2330 1937
2329 1938
2328 1939
2327 1939
2326 1940
2325 1940
2324 1941
2323 1941
2322 1941
2321 1942
2320 1942
2319 1942
2318 1942
2317 1943
2316 1943
2315 1943
2314 1943
2313 1943
2312 1944
2311 1944
2310 1944
2309 1944
2308 1945
2307 1945
2306 1945
2305 1945
2304 1946
2303 1946
2302 1946
2301 1947
2300 1947
2299 1947
2298 1948
2297 1948
2296 1948
2295 1949
2294 1949
2293 1949
2292 1949
2291 1949
2290 1950
2289 1950
2288 1950
2287 1950
2286 1950
2285 1950
2284 1950
2283 1950
2282 1951
2281 1951
2280 1951
2279 1951
2278 1951
2277 1951
2276 1952
2275 1953
2274 1953
2273 1954
2272 1954
2271 1955
2270 1955
2269 1956
2268 1956
2267 1956
2266 1956
2265 1957
2264 1958
2263 1958
2262 1959
2261 1960
2260 1961
2259 1962
2258 1963
2257 1963
2256 1964
2255 1965
2254 1965
2253 1966
2252 1967
2251 1967
2250 1968
2249 1969
2248 1969
2247 1970
2246 1971
2245 1972
2244 1973
2243 1974
2242 1975
2241 1976
2240 1977
2239 1978
2238 1978
2237 1979
2236 1980
2235 1980
2234 1981
2233 1981
2232 1982
2231 1983
2230 1983
2229 1984
2228 1984
2227 1985
2226 1986
2225 1986
2224 1987
2223 1988
2222 1988
2221 1989
2220 1990
2219 1991
2218 1991
2217 1992
2216 1993
2215 1994
2214 1995
2213 1995
2212 1996
2211 1997
2210 1998
2209 1999
2208 2000
2207 2000
2206 2001
2205 2002
2204 2002
2203 2003
2202 2004
2201 2004
2200 2005
2199 2005
2198 2006
2197 2007
2196 2007
2195 2008
2194 2008
2193 2008
2192 2009
2191 2010
2190 2010
2189 2011
2188 2012
2187 2013
2186 2014
2185 2015
2184 2016
2183 2017
2182 2018
2181 2018
2180 2019
2179 2019
2178 2020
2177 2020
2176 2021
2175 2022
2174 2023
2173 2023
2172 2024
2171 2025
2170 2025
2169 2026
2168 2027
2167 2028
2166 2029
2165 2030
2164 2030
2163 2031
2162 2032
2161 2033
2160 2034
2159 2034
2158 2034
2157 2035
2156 2036
2155 2036
2154 2037
2153 2038
2152 2039
2151 2039
2150 2040
2149 2041
2148 2042
2147 2042
2146 2043
2145 2044
2144 2045
2143 2045
2142 2046
2141 2046
2140 2047
2139 2047
2138 2048
2137 2048
2136 2049
2135 2050
2134 2050
2133 2051
2132 2052
2131 2052
2130 2052
2129 2053
2128 2053
2127 2053
2126 2054
2125 2054
2124 2055
2123 2055
2122 2055
2121 2056
2120 2056
2119 2057
2118 2057
2117 2058
2116 2059
2115 2059
2114 2059
2113 2060
2112 2060
2111 2061
2110 2062
2109 2063
2108 2064
2107 2064
2106 2065
2105 2066
2104 2067
2103 2068
2102 2069
2101 2070
2100 2071
2099 2071
2098 2072
2097 2072
2096 2073
2095 2073
2094 2073
2093 2074
2092 2074
2091 2075
2090 2075
2089 2076
2088 2076
2087 2077
2086 2078
2085 2078
2084 2079
2083 2079
2082 2080
2081 2080
2080 2080
2079 2081
2078 2082
2077 2082
2076 2083
2075 2083
2074 2084
2073 2084
2072 2085
2071 2086
2070 2087
2069 2087
2068 2088
2067 2089
2066 2089
2065 2090
2064 2091
2063 2091
2062 2092
2061 2093
2060 2093
2059 2094
2058 2095
2057 2096
2056 2096
2055 2097
2054 2098
2053 2098
2052 2099
2051 2100
2050 2100
2049 2101
2048 2101
2047 2101
2046 2102
2045 2103
2044 2103
2043 2104
2042 2105
2041 2106
2040 2106
2039 2107
2038 2107
2037 2108
2036 2108
2035 2109
2034 2110
2033 2110
2032 2111
2031 2112
2030 2112
2029 2113
2028 2113
2027 2113
2026 2114
2025 2114
2024 2115
2023 2115
2022 2116
2021 2116
2020 2117
2019 2118
2018 2118
2017 2119
2016 2120
2015 2120
2014 2120
2013 2121
2012 2121
2011 2121
2010 2122
2009 2122
2008 2122
2007 2123
2006 2123
2005 2124
2004 2125
2003 2125
2002 2126
2001 2126
2000 2127
1999 2128
1998 2129
1997 2129
1996 2130
1995 2131
1994 2131
1993 2132
1992 2133
1991 2133
1990 2134
1989 2134
1988 2135
1987 2136
1986 2136
1985 2137
1984 2138
1983 2138
1982 2139
1981 2139
1980 2139
1979 2140
1978 2140
1977 2140
1976 2141
1975 2141
1974 2142
1973 2142
1972 2143
1971 2144
1970 2145
1969 2145
1968 2146
1967 2146
1966 2147
1965 2147
1964 2147
1963 2148
1962 2148
1961 2148
1960 2149
1959 2149
1958 2150
1957 2150
1956 2151
1955 2152
1954 2153
1953 2154
1952 2154
1952 2155
1951 2156
1950 2157
1949 2157
1948 2158
1947 2159
1946 2159
1945 2160
1944 2160
1943 2161
1942 2161
1941 2161
1940 2162
1939 2163
1938 2163
1937 2164
1936 2165
1935 2166
1934 2167
1933 2167
1932 2167
1931 2168
1930 2168
1929 2168
1928 2168
1927 2169
1926 2170
1925 2170
1924 2171
1923 2171
1922 2172
1921 2172
1920 2173
1919 2173
1918 2174
1917 2175
1916 2175
1915 2176
1914 2176
1913 2177
1912 2178
1911 2178
1910 2179
1909 2179
1908 2180
1907 2181
1906 2181
1905 2182
1904 2182
1903 2183
1902 2183
1901 2184
1900 2184
1899 2184
1898 2185
1897 2186
1896 2186
1895 2187
1894 2187
1893 2188
1892 2188
1891 2189
1890 2189
1889 2190
1888 2191
1887 2191
1886 2192
1885 2192
1884 2193
1883 2194
1882 2194
1881 2195
1880 2195
1879 2196
1878 2196
1877 2196
1876 2196
1875 2196
1874 2196
1873 2196
1872 2196
1871 2196
1870 2196
1869 2196
1868 2196
1867 2196
1866 2196
1865 2196
1864 2196
1863 2196
1862 2196
1861 2196
1860 2196
1859 2196
1858 2196
1857 2196
1856 2196
1855 2196
1854 2196
1853 2196
1852 2196
1851 2196
1850 2196
1849 2196
1848 2196
1847 2196
1846 2196
1845 2196
1844 2196
1843 2196
1842 2196
1841 2196
1840 2196
1839 2196
1838 2196
1837 2196
1836 2196
1835 2196
1834 2196
1833 2196
1832 2196
1831 2196
1830 2196
1829 2196
1828 2196
1827 2196
1826 2196
1825 2196
1824 2196
1823 2196
1822 2196
1821 2196
1820 2196
1819 2196
1818 2196
1817 2197
1816 2197
1815 2197
1814 2198
1813 2198
1812 2199
1811 2199
1810 2199
1809 2200
1808 2200
1807 2200
1806 2200
1805 2201
1804 2201
1803 2201
1802 2201
1801 2201
1800 2201
1799 2201
1798 2202
1797 2202
1796 2202
1795 2202
1794 2203
1793 2203
1792 2203
1791 2204
1790 2205
1789 2206
1788 2207
1787 2207
1786 2208
1785 2209
1784 2210
1783 2210
1782 2211
1781 2211
1780 2212
1779 2212
1778 2213
1777 2213
1776 2213
1775 2214
1774 2214
1773 2214
1772 2214
1771 2215
1770 2216
1769 2216
1768 2217
1767 2218
1766 2218
1765 2219
1764 2219
1763 2220
1762 2220
1761 2220
1760 2220
1759 2221
1758 2222
1757 2223
1756 2223
1755 2224
1754 2225
1753 2225
1752 2226
1751 2226
1750 2226
1749 2227
1748 2227
1747 2228
1746 2228
1745 2229
1744 2230
1743 2231
1742 2232
1741 2233
1740 2233
1740 2234
1739 2235
1738 2236
1737 2237
1736 2237
1735 2238
1734 2238
1733 2239
1732 2239
1731 2240
1730 2240
1729 2240
1728 2240
1727 2241
1726 2241
1725 2241
1724 2241
1723 2241
1722 2241
1721 2241
1720 2242
1719 2242
1718 2242
1717 2242
1716 2242
1715 2242
1714 2243
1713 2244
1712 2245
1711 2245
1710 2245
1709 2246
1708 2246
1707 2246
1706 2247
1705 2247
1704 2247
1703 2247
1702 2247
1701 2247
1700 2248
1699 2248
1698 2248
1697 2248
1696 2248
1695 2248
1694 2248
1693 2248
1692 2248
1691 2248
1690 2248
1689 2248
1688 2248
1687 2248
1686 2248
1685 2249
1684 2249
1683 2249
1682 2249
1681 2249
1680 2250
1679 2250
1678 2250
1677 2251
1676 2251
1675 2251
1674 2252
1673 2252
1672 2252
1671 2253
1670 2253
1669 2254
1668 2254
1667 2254
1666 2255
1665 2255
1664 2255
1663 2256
1662 2256
1661 2256
1660 2257
1659 2257
1658 2257
1657 2258
1656 2258
1655 2259
1654 2259
1653 2260
1652 2260
1651 2261
1650 2261
1649 2262
1648 2263
1647 2264
1646 2264
1645 2265
1644 2265
1643 2266
1642 2266
1641 2267
1640 2267
1639 2267
1638 2267
1637 2267
1636 2268
1635 2268
1634 2268
1633 2268
1632 2268
1631 2269
1630 2269
1629 2269
1628 2270
1627 2270
1626 2270
1625 2271
1624 2271
1623 2271
1622 2272
1621 2272
1620 2272
1619 2273
1618 2273
1617 2273
1616 2274
1615 2274
1614 2274
1613 2275
1612 2275
1611 2275
1610 2276
1609 2276
1608 2276
1607 2277
1606 2277
1605 2278
1604 2278
1603 2278
1602 2278
1601 2279
1600 2279
1599 2279
1598 2279
1597 2280
1596 2280
1595 2280
1594 2280
1593 2280
1592 2281
1591 2281
1590 2281
1589 2281
1588 2281
1587 2281
1586 2281
1585 2282
1584 2282
1583 2282
1582 2283
1581 2283
1580 2283
1579 2284
1578 2284
1577 2284
1576 2285
1575 2285
1574 2285
1573 2285
1572 2286
1571 2286
1570 2286
1569 2286
1568 2286
1567 2287
1566 2287
1565 2287
1564 2287
1563 2287
1562 2288
1561 2288
1560 2288
1559 2289
1558 2289
1557 2289
1556 2290
1555 2290
1554 2290
1553 2291
1552 2291
1551 2291
1550 2291
1549 2292
1548 2292
1547 2292
1546 2292
1545 2292
1544 2293
1543 2293
1542 2293
1541 2293
1540 2293
1539 2293
1538 2293
1537 2294
1536 2294
1535 2294
1534 2294
1533 2294
1532 2294
1531 2295
1530 2295
1529 2296
1528 2296
1527 2296
1526 2296
1525 2297
1524 2297
1523 2297
1522 2298
1521 2298
1520 2298
1519 2298
1518 2299
1517 2299
1516 2300
1515 2300
1514 2301
1513 2301
1512 2302
1511 2302
1510 2303
1509 2304
1508 2304
1507 2304
1506 2305
1505 2305
1504 2305
1503 2306
1502 2306
1501 2306
1500 2306
1499 2306
1498 2307
1497 2307
1496 2307
1495 2307
1494 2307
1493 2307
1492 2307
1491 2307
1490 2307
1489 2308
1488 2308
1487 2308
1486 2308
1485 2308
1484 2308
1483 2308
1482 2308
1481 2309
1480 2309
1479 2309
1478 2310
1477 2310
1476 2310
1475 2311
1474 2311
1473 2312
1472 2312
1471 2312
1470 2312
1469 2313
1468 2313
1467 2313
1466 2313
1465 2313
1464 2313
1463 2314
1462 2314
1461 2314
1460 2314
1459 2314
1458 2314
1457 2314
1456 2314
1455 2314
1454 2314
1453 2314
1452 2315
1451 2315
1450 2315
1449 2315
1448 2315
1447 2315
1446 2315
1445 2315
1444 2315
1443 2315
1442 2315
1441 2315
1440 2315
1439 2315
1438 2315
1437 2315
1436 2315
1435 2315
1434 2315
1433 2315
1432 2315
1431 2315
1430 2315
1429 2315
1428 2315
1427 2315
1426 2315
1425 2315
1424 2315
1423 2315
1422 2315
1421 2315
1420 2315
1419 2315
1418 2315
1417 2315
1416 2315
1415 2315
1414 2315
1413 2315
1412 2315
1411 2315
1410 2315
1409 2315
1408 2315
1407 2315
1406 2315
1405 2315
1404 2315
1403 2315
1402 2315
1401 2315
1400 2315
1399 2315
1398 2315
1397 2315
1396 2315
1395 2315
1394 2315
1393 2315
1392 2315
1391 2315
1390 2315
1389 2315
1388 2315
1387 2315
1386 2315
1385 2315
1384 2315
1383 2315
1382 2315
1381 2315
1380 2315
1379 2315
1378 2315
1377 2315
1376 2315
1375 2315
1374 2315
1373 2315
1372 2315
1371 2315
1370 2315
1369 2315
1368 2315
1367 2315
1366 2315
1365 2315
1364 2315
1363 2315
1362 2315
1361 2315
1360 2315
1359 2315
1358 2315
1357 2315
1356 2315
1355 2315
1354 2315
1353 2315
1352 2315
1351 2315
1350 2315
1349 2315
1348 2315
1347 2315
1346 2315
1345 2315
1344 2315
1343 2315
1342 2315
1341 2315
1340 2315
1339 2315
1338 2315
1337 2315
1336 2315
1335 2315
1334 2315
1333 2315
1332 2316
1331 2316
1330 2316
1329 2317
1328 2317
1327 2317
1326 2317
1325 2318
1324 2318
1323 2318
1322 2318
1321 2319
1320 2319
1319 2319
1318 2319
1317 2319
1316 2319
1315 2320
1314 2320
1313 2320
1312 2320
1311 2320
1310 2320
1309 2320
1308 2320
1307 2321
1306 2321
1305 2321
1304 2321
1303 2321
1302 2321
1301 2321
1300 2321
1299 2321
1298 2321
1297 2321
1296 2321
1295 2321
1294 2321
1293 2321
1292 2321
1291 2321
1290 2322
1289 2322
1288 2322
1287 2322
1286 2322
1285 2322
1284 2322
1283 2322
1282 2322
1281 2322
1280 2322
1279 2322
1278 2322
1277 2322
1276 2322
1275 2322
1274 2322
1273 2322
1272 2322
1271 2322
1270 2322
1269 2322
1268 2322
1267 2322
1266 2322
1265 2322
1264 2322
1263 2322
1262 2322
1261 2322
1260 2322
1259 2322
1258 2322
1257 2322
1256 2322
1255 2322
1254 2322
1253 2322
1252 2322
1251 2322
1250 2322
1249 2322
1248 2322
1247 2322
1246 2322
1245 2322
1244 2322
1243 2322
1242 2322
1241 2322
1240 2322
1239 2322
1238 2322
1237 2322
1236 2322
1235 2322
1234 2322
1233 2322
1232 2322
1231 2322
1230 2322
1229 2322
1228 2322
1227 2322
1226 2322
1225 2322
1224 2322
1223 2322
1222 2322
1221 2322
1220 2322
1219 2322
1218 2322
1217 2322
1216 2322
1215 2322
1214 2322
1213 2322
1212 2322
1211 2322
1210 2322
1209 2322
1208 2322
1207 2322
1206 2322
1205 2322
1204 2322
1203 2322
1202 2322
1201 2322
1200 2322
1199 2322
1198 2322
1197 2322
1196 2322
1195 2322
1194 2322
1193 2322
1192 2322
1191 2322
1190 2322
1189 2322
1188 2322
1187 2322
1186 2322
1185 2322
1184 2322
1183 2323
1182 2323
1181 2324
1180 2324
1179 2325
1178 2325
1177 2326
1176 2326
1175 2326
1174 2326
1173 2326
1172 2327
1171 2327
1170 2327
1169 2327
1168 2327
1167 2328
1166 2328
1165 2329
1164 2330
1163 2330
1162 2331
1161 2331
1160 2332
1159 2332
1158 2332
1157 2332
1156 2333
1155 2333
1154 2333
1153 2333
1152 2333
1151 2333
1150 2334
1149 2334
1148 2334
1147 2334
1146 2334
1145 2334
1144 2334
1143 2334
1142 2334
1141 2334
1140 2334
1139 2335
1138 2335
1137 2335
1136 2335
1135 2335
1134 2335
1133 2335
1132 2335
1131 2335
1130 2335
1129 2335
1128 2335
1127 2334
1126 2334
1125 2333
1124 2332
1123 2332
1122 2331
1121 2331
1120 2330
1119 2330
1118 2330
1117 2329
1116 2329
1115 2328
1114 2327
1113 2327
1112 2326
1111 2325
1110 2325
1109 2324
1108 2323
1107 2323
1106 2323
1105 2323
1104 2323
1103 2322
1102 2322
1101 2323
1101 2324
1101 2325
1101 2326
1100 2327
1100 2328
1100 2329
1100 2330
1100 2331
1100 2332
1100 2333
1100 2334
1100 2335
1100 2336
1099 2337
1098 2338
1097 2339
1096 2339
1095 2340
1094 2341
1093 2342
1092 2342
1091 2343
1090 2343
1089 2344
1088 2345
1087 2345
1086 2346
1085 2346
1084 2347
1083 2348
1082 2348
1081 2349
1080 2350
1079 2350
1078 2351
1077 2351
1076 2352
1075 2352
1074 2352
1073 2353
1072 2353
1071 2353
1070 2353
1069 2353
1068 2354
1067 2354
1066 2355
1065 2356
1064 2356
1063 2357
1062 2358
1061 2358
1060 2359
1059 2360
1058 2361
1057 2362
1056 2362
1055 2363
1054 2363
1053 2364
1052 2364
1051 2365
1050 2365
1049 2365
1048 2366
1047 2366
1046 2366
1045 2366
1044 2366
1043 2366
1042 2367
1041 2367
1040 2367
1039 2367
1038 2367
1037 2367
1036 2367
1035 2367
1034 2367
1033 2367
1032 2368
1031 2368
1030 2368
1029 2368
1028 2368
1027 2368
1026 2368
1025 2368
1024 2368
1023 2368
1022 2368
1021 2368
1020 2368
1019 2368
1018 2368
1017 2368
1016 2368
1015 2368
1014 2368
1013 2368
1012 2368
1011 2368
1010 2368
1009 2368
1008 2368
1007 2368
1006 2368
1005 2368
1004 2368
1003 2368
1002 2368
1001 2368
1000 2367
999 2367
998 2367
997 2367
996 2366
995 2366
994 2366
993 2366
992 2365
991 2365
990 2365
989 2365
988 2364
987 2364
986 2364
985 2363
984 2363
983 2362
982 2362
981 2362
980 2361
979 2361
978 2361
977 2360
976 2360
975 2359
974 2359
973 2359
972 2358
971 2358
970 2358
969 2358
968 2357
967 2357
966 2357
965 2357
964 2357
963 2357
962 2356
961 2356
960 2356
959 2356
958 2356
957 2356
956 2356
955 2356
954 2356
953 2356
952 2356
951 2356
950 2355
949 2355
948 2355
947 2355
946 2355
945 2355
944 2355
943 2355
942 2355
941 2355
940 2355
939 2355
938 2354
937 2354
936 2354
935 2354
934 2353
933 2353
932 2352
931 2352
930 2352
929 2351
928 2351
927 2351
926 2351
925 2350
924 2350
923 2350
922 2350
921 2350
920 2350
919 2350
918 2349
917 2349
916 2349
915 2349
914 2349
913 2348
912 2348
911 2348
910 2347
909 2347
908 2347
907 2346
906 2346
905 2345
904 2345
903 2344
902 2344
901 2343
900 2343
899 2342
898 2342
897 2341
896 2341
895 2340
894 2340
893 2339
892 2339
891 2339
890 2338
889 2338
888 2338
887 2338
886 2337
885 2337
884 2337
883 2337
882 2337
881 2337
880 2336
879 2336
878 2336
877 2336
876 2336
875 2336
874 2336
873 2336
872 2336
871 2336
870 2336
869 2335
868 2335
867 2335
866 2335
865 2335
864 2335
863 2335
862 2335
861 2335
860 2335
859 2335
858 2335
857 2335
856 2335
855 2335
854 2335
853 2335
852 2335
851 2335
850 2335
849 2335
848 2335
847 2335
846 2335
845 2335
844 2335
843 2335
842 2335
841 2335
840 2335
839 2335
838 2335
837 2335
836 2335
835 2335
834 2335
833 2335
832 2335
831 2335
830 2335
829 2335
828 2335
827 2335
826 2335
825 2335
824 2335
823 2335
822 2335
821 2335
820 2335
819 2335
818 2334
817 2334
816 2334
815 2334
814 2333
813 2333
812 2332
811 2332
810 2332
809 2331
808 2331
807 2331
806 2331
805 2330
804 2330
803 2330
802 2330
801 2330
800 2330
799 2330
798 2330
797 2329
796 2329
795 2329
794 2329
793 2329
792 2329
791 2329
790 2329
789 2329
788 2329
787 2329
786 2329
785 2328
784 2328
783 2328
782 2327
781 2327
780 2326
779 2326
778 2325
777 2325
776 2325
775 2324
774 2324
773 2324
772 2324
771 2323
770 2323
769 2323
768 2323
767 2323
766 2323
765 2323
764 2323
763 2323
762 2323
761 2322
760 2322
759 2322
758 2322
757 2322
756 2322
755 2322
754 2321
753 2321
752 2321
751 2320
750 2320
749 2319
748 2318
747 2318
746 2318
745 2318
744 2317
743 2317
742 2317
741 2317
740 2317
739 2317
738 2317
737 2316
736 2316
735 2316
734 2316
733 2316
732 2316
731 2316
730 2316
729 2316
728 2316
727 2315
726 2314
725 2314
724 2313
723 2313
722 2313
721 2312
720 2312
719 2312
718 2311
717 2311
716 2311
715 2311
714 2311
713 2311
712 2310
711 2310
710 2310
709 2310
708 2310
707 2310
706 2310
705 2310
704 2309
703 2309
702 2309
701 2309
700 2309
699 2309
698 2309
697 2308
696 2308
695 2307
694 2307
693 2307
692 2306
691 2306
690 2306
689 2305
688 2305
687 2305
686 2305
685 2305
684 2304
683 2304
682 2304
681 2304
680 2304
679 2304
678 2304
677 2303
676 2303
675 2303
674 2303
673 2303
672 2303
671 2303
670 2303
669 2303
668 2303
667 2303
666 2303
665 2303
664 2303
663 2302
662 2302
661 2302
660 2302
659 2302
658 2302
657 2302
656 2302
655 2302
654 2302
653 2302
652 2302
651 2302
650 2302
649 2302
648 2302
647 2302
646 2302
645 2302
644 2302
643 2302
642 2302
641 2302
640 2302
639 2302
638 2302
637 2302
636 2302
635 2302
634 2302
633 2302
632 2302
631 2302
630 2302
629 2302
628 2302
627 2302
626 2302
625 2302
624 2302
623 2302
622 2302
621 2302
620 2302
619 2302
618 2302
617 2302
616 2302
615 2302
614 2302
613 2302
612 2302
611 2302
610 2302
609 2302
608 2302
607 2302
606 2302
605 2302
604 2302
603 2302
602 2302
601 2302
600 2302
599 2302
598 2302
597 2302
596 2302
595 2302
594 2302
593 2302
592 2302
591 2302
590 2302
589 2302
588 2302
587 2302
586 2302
585 2302
584 2302
583 2302
582 2302
581 2302
580 2302
579 2302
578 2302
577 2302
576 2302
575 2302
574 2302
573 2302
572 2302
571 2302
570 2302
569 2302
568 2302
567 2302
566 2302
565 2302
564 2302
563 2302
562 2302
561 2302
560 2302
559 2302
558 2302
557 2302
556 2302
555 2302
554 2302
553 2302
552 2302
551 2302
550 2302
549 2302
548 2302
547 2302
546 2302
545 2302
544 2302
543 2302
542 2302
541 2302
540 2302
539 2302
538 2302
537 2302
536 2302
535 2302
534 2302
533 2302
532 2302
531 2302
530 2302
529 2302
528 2302
527 2302
526 2302
525 2302
524 2302
523 2302
522 2302
521 2302
520 2302
519 2302
518 2302
517 2302
516 2302
515 2302
514 2302
513 2302
512 2302
511 2302
510 2302
509 2302
508 2302
507 2302
506 2302
505 2302
504 2302
503 2302
502 2302
501 2302
500 2302
499 2302
498 2302
497 2302
496 2302
495 2302
494 2302
493 2302
492 2302
491 2302
490 2302
489 2302
488 2302
487 2302
486 2302
485 2302
484 2302
483 2302
482 2302
481 2302
480 2302
479 2302
478 2302
477 2302
476 2302
475 2302
474 2302
473 2302
472 2302
471 2302
470 2302
469 2302
468 2302
467 2302
466 2302
465 2302
464 2302
463 2302
462 2302
461 2302
460 2302
459 2303
458 2303
457 2303
456 2304
455 2304
454 2305
453 2305
452 2306
451 2306
450 2306
449 2307
448 2307
447 2308
447 2309
447 2310
447 2311
448 2312
448 2313
449 2314
450 2315
451 2316
452 2316
453 2317
454 2317
455 2318
456 2318
457 2318
458 2318
459 2319
460 2319
461 2319
462 2319
463 2320
464 2320
465 2321
466 2321
467 2322
468 2322
469 2323
470 2323
471 2324
472 2324
473 2324
474 2325
475 2325
476 2325
477 2325
478 2326
479 2326
480 2326
481 2326
482 2326
483 2326
484 2326
485 2326
486 2326
487 2327
488 2327
489 2327
490 2327
491 2327
492 2327
493 2327
494 2327
495 2327
496 2327
497 2327
498 2327
499 2327
500 2327
501 2327
502 2328
503 2328
504 2328
505 2329
506 2329
507 2329
508 2330
509 2330
510 2330
511 2331
512 2331
513 2332
514 2332
515 2333
516 2334
517 2334
518 2335
519 2335
520 2336
521 2336
522 2336
523 2337
524 2337
525 2337
526 2338
527 2338
528 2338
529 2338
530 2338
531 2339
532 2339
533 2339
534 2339
535 2339
536 2339
537 2339
538 2340
539 2340
540 2340
541 2340
542 2340
543 2340
544 2340
545 2340
546 2340
547 2340
548 2340
549 2340
550 2340
551 2341
552 2341
553 2341
554 2341
555 2342
556 2342
557 2342
558 2343
559 2343
560 2343
561 2343
562 2344
563 2344
564 2344
565 2345
566 2345
567 2345
568 2345
569 2345
570 2346
571 2346
572 2346
573 2346
574 2347
575 2347
576 2347
577 2348
578 2348
579 2349
580 2349
581 2350
582 2350
583 2350
584 2350
585 2351
586 2351
587 2351
588 2351
589 2351
590 2352
591 2352
592 2352
593 2352
594 2352
595 2353
596 2353
597 2353
598 2353
599 2353
600 2353
601 2354
602 2354
603 2354
604 2355
605 2355
606 2356
607 2356
608 2357
609 2357
610 2357
611 2357
612 2358
613 2358
614 2358
615 2358
616 2358
617 2359
618 2359
619 2359
620 2359
621 2359
622 2359
623 2359
624 2359
625 2359
626 2359
627 2360
628 2360
629 2360
630 2360
631 2361
632 2361
633 2361
634 2362
635 2362
636 2363
637 2363
638 2363
639 2364
640 2364
641 2364
642 2365
643 2366
644 2366
645 2367
646 2367
647 2368
648 2368
649 2369
650 2369
651 2369
652 2370
653 2370
654 2370
655 2371
656 2371
657 2371
658 2371
659 2372
660 2372
661 2372
662 2372
663 2372
664 2373
665 2373
666 2373
667 2374
668 2374
669 2374
670 2375
671 2375
672 2375
673 2376
674 2376
675 2376
676 2377
677 2377
678 2377
679 2378
680 2378
681 2379
682 2379
683 2380
684 2381
685 2382
686 2383
687 2383
688 2384
689 2384
690 2384
691 2385
692 2385
693 2386
694 2386
695 2387
696 2388
697 2389
698 2390
699 2391
700 2392
701 2392
702 2393
703 2394
704 2394
705 2395
706 2395
707 2396
708 2396
709 2397
710 2397
711 2397
712 2398
713 2398
714 2399
715 2399
716 2400
717 2400
718 2401
719 2401
720 2401
721 2402
722 2402
723 2403
724 2404
725 2405
726 2406
727 2407
728 2408
729 2409
730 2410
731 2411
732 2412
733 2413
734 2414
735 2415
736 2415
737 2416
738 2417
739 2418
740 2419
741 2420
742 2421
743 2421
744 2422
745 2423
746 2423
747 2424
748 2424
749 2425
750 2426
751 2426
752 2427
753 2428
754 2428
755 2428
756 2429
757 2429
758 2430
759 2430
760 2430
761 2430
762 2431
763 2431
764 2432
765 2432
766 2433
767 2433
768 2433
769 2434
770 2434
771 2434
772 2435
773 2435
774 2436
775 2436
776 2436
777 2437
778 2437
779 2438
780 2438
781 2439
782 2439
783 2440
784 2441
785 2442
786 2443
787 2444
788 2444
789 2445
790 2446
791 2447
792 2447
793 2448
794 2449
795 2450
796 2450
797 2451
798 2452
799 2453
800 2453
801 2454
802 2454
803 2455
804 2455
805 2456
806 2457
807 2457
808 2458
809 2458
810 2459
811 2460
812 2461
813 2462
814 2463
815 2464
816 2465
817 2465
818 2466
819 2467
820 2468
821 2468
822 2468
823 2469
824 2469
825 2470
826 2470
827 2471
828 2472
829 2472
830 2473
831 2474
832 2474
833 2475
834 2475
835 2476
836 2477
837 2477
838 2478
839 2478
840 2479
841 2480
842 2481
843 2481
844 2482
845 2482
846 2483
847 2483
848 2483
849 2483
850 2484
851 2484
852 2485
853 2485
854 2486
855 2486
856 2486
857 2487
858 2487
859 2487
860 2488
861 2488
862 2488
863 2489
864 2490
865 2490
866 2491
867 2492
868 2492
869 2493
870 2493
871 2494
872 2494
873 2495
874 2495
875 2495
876 2496
877 2496
878 2497
879 2497
880 2498
881 2498
882 2499
883 2499
884 2500
885 2501
886 2501
887 2502
888 2502
889 2503
890 2504
891 2505
892 2505
893 2506
894 2507
895 2507
896 2508
897 2508
898 2509
899 2509
900 2509
901 2510
902 2510
903 2510
904 2510
905 2510
906 2511
907 2511
908 2511
909 2511
910 2511
911 2511
912 2512
913 2512
914 2513
915 2513
916 2513
917 2514
918 2514
919 2515
920 2515
921 2516
922 2516
923 2516
924 2516
925 2517
926 2517
927 2517
928 2518
929 2518
930 2519
931 2520
932 2520
933 2520
934 2521
935 2521
936 2522
937 2522
938 2522
939 2523
940 2523
941 2523
942 2524
943 2524
944 2525
945 2525
946 2526
947 2526
948 2527
949 2527
950 2528
951 2528
952 2529
953 2529
954 2529
955 2530
956 2530
957 2530
958 2531
959 2531
960 2532
961 2532
962 2533
963 2533
964 2534
965 2534
966 2535
967 2535
968 2536
969 2536
970 2536
971 2536
972 2537
973 2537
974 2537
975 2537
976 2537
977 2537
978 2538
979 2538
980 2538
981 2538
982 2538
983 2538
984 2539
985 2539
986 2539
987 2540
988 2540
989 2541
990 2541
991 2542
992 2542
993 2542
994 2542
995 2543
996 2543
997 2543
998 2543
999 2543
1000 2544
1001 2544
1002 2544
1003 2544
1004 2544
1005 2544
1006 2544
1007 2544
1008 2544
1009 2544
1010 2545
1011 2545
1012 2545
1013 2545
1014 2546
1015 2546
1016 2546
1017 2547
1018 2547
1019 2548
1020 2548
1021 2548
1022 2549
1023 2549
1024 2549
1025 2549
1026 2550
1027 2550
1028 2550
1029 2551
1030 2551
1031 2552
1032 2552
1033 2552
1034 2553
1035 2553
1036 2554
1037 2554
1038 2555
1039 2555
1040 2555
1041 2556
1042 2556
1043 2557
1044 2558
1045 2558
1046 2559
1047 2559
1048 2560
1049 2561
1050 2561
1051 2562
1052 2563
1053 2563
1054 2564
1055 2565
1056 2565
1057 2566
1058 2567
1059 2568
1060 2569
1061 2570
1061 2571
1062 2572
1063 2573
1064 2574
1065 2575
1066 2576
1067 2576
1068 2577
1069 2578
1070 2579
1071 2580
1072 2581
1073 2581
1074 2582
1075 2583
1076 2584
1077 2585
1078 2585
1079 2586
1080 2586
1081 2587
1082 2587
1083 2588
1084 2588
1085 2589
1086 2589
1087 2589
1088 2589
1089 2589
1090 2590
1091 2590
1092 2590
1093 2590
1094 2590
1095 2590
1096 2590
1097 2591
1098 2591
1099 2591
1100 2592
1101 2592
1102 2592
1103 2593
1104 2593
1105 2594
1106 2594
1107 2594
1108 2595
1109 2595
1110 2595
1111 2595
1112 2596
1113 2596
1114 2596
1115 2596
1116 2596
1117 2597
1118 2597
1119 2597
1120 2597
1121 2597
1122 2597
1123 2597
1124 2597
1125 2597
1126 2597
1127 2598
1128 2598
1129 2598
1130 2598
1131 2598
1132 2598
1133 2598
1134 2598
1135 2599
1136 2599
1137 2599
1138 2600
1139 2600
1140 2600
1141 2600
1142 2601
1143 2601
1144 2601
1145 2602
1146 2602
1147 2603
1148 2603
1149 2603
1150 2604
1151 2604
1152 2605
1153 2605
1154 2606
1155 2606
1156 2606
1157 2607
1158 2607
1159 2607
1160 2608
1161 2608
1162 2608
1163 2608
1164 2609
1165 2609
1166 2609
1167 2609
1168 2609
1169 2609
1170 2609
1171 2610
1172 2610
1173 2610
1174 2610
1175 2610
1176 2610
1177 2610
1178 2610
1179 2610
1180 2610
1181 2610
1182 2610
1183 2611
1184 2611
1185 2611
1186 2611
1187 2611
1188 2611
1189 2611
1190 2611
1191 2611
1192 2611
1193 2611
1194 2611
1195 2611
1196 2611
1197 2611
1198 2611
1199 2611
1200 2611
1201 2611
1202 2611
1203 2611
1204 2611
1205 2611
1206 2611
1207 2611
1208 2611
1209 2611
1210 2611
1211 2611
1212 2611
1213 2611
1214 2611
1215 2611
1216 2611
1217 2611
1218 2611
1219 2611
1220 2611
1221 2611
1222 2611
1223 2611
1224 2611
1225 2611
1226 2611
1227 2611
1228 2611
1229 2611
1230 2611
1231 2611
1232 2611
1233 2611
1234 2611
1235 2611
1236 2611
1237 2611
1238 2611
1239 2611
1240 2611
1241 2611
1242 2611
1243 2612
1244 2612
1245 2612
1246 2612
1247 2612
1248 2612
1249 2612
1250 2612
1251 2612
1252 2612
1253 2612
1254 2612
1255 2612
1256 2612
1257 2612
1258 2612
1259 2612
1260 2612
1261 2612
1262 2612
1263 2612
1264 2612
1265 2612
1266 2612
1267 2612
1268 2612
1269 2612
1270 2612
1271 2612
1272 2612
1273 2612
1274 2612
1275 2612
1276 2612
1277 2612
1278 2612
1279 2612
1280 2612
1281 2612
1282 2612
1283 2612
1284 2612
1285 2612
1286 2612
1287 2612
1288 2612
1289 2612
1290 2612
1291 2612
1292 2612
1293 2612
1294 2612
1295 2612
1296 2612
1297 2612
1298 2612
1299 2612
1300 2612
1301 2612
1302 2612
1303 2612
1304 2612
1305 2612
1306 2612
1307 2612
1308 2612
1309 2612
1310 2612
1311 2612
1312 2612
1313 2612
1314 2612
1315 2612
1316 2612
1317 2612
1318 2612
1319 2612
1320 2612
1321 2612
1322 2612
1323 2612
1324 2612
1325 2612
1326 2612
1327 2612
1328 2612
1329 2612
1330 2612
1331 2612
1332 2612
1333 2612
1334 2612
1335 2612
1336 2612
1337 2612
1338 2612
1339 2612
1340 2612
1341 2612
1342 2612
1343 2612
1344 2612
1345 2612
1346 2612
1347 2612
1348 2612
1349 2612
1350 2612
1351 2612
1352 2612
1353 2612
1354 2612
1355 2612
1356 2612
1357 2612
1358 2612
1359 2612
1360 2612
1361 2612
1362 2612
1363 2612
1364 2612
1365 2612
1366 2612
1367 2612
1368 2612
1369 2612
1370 2612
1371 2612
1372 2612
1373 2612
1374 2612
1375 2612
1376 2612
1377 2612
1378 2612
1379 2612
1380 2612
1381 2612
1382 2612
1383 2612
1384 2612
1385 2612
1386 2612
1387 2612
1388 2612
1389 2612
1390 2612
1391 2612
1392 2612
1393 2612
1394 2612
1395 2612
1396 2612
1397 2612
1398 2612
1399 2612
1400 2612
1401 2612
1402 2612
1403 2612
1404 2612
1405 2612
1406 2612
1407 2612
1408 2612
1409 2612
1410 2612
1411 2612
1412 2612
1413 2612
1414 2612
1415 2612
1416 2612
1417 2612
1418 2612
1419 2612
1420 2612
1421 2612
1422 2612
1423 2612
1424 2612
1425 2612
1426 2612
1427 2612
1428 2612
1429 2612
1430 2612
1431 2612
1432 2612
1433 2612
1434 2612
1435 2612
1436 2612
1437 2612
1438 2612
1439 2612
1440 2612
1441 2612
1442 2612
1443 2612
1444 2612
1445 2612
1446 2612
1447 2612
1448 2612
1449 2612
1450 2612
1451 2612
1452 2612
1453 2612
1454 2612
1455 2612
1456 2612
1457 2612
1458 2612
1459 2612
1460 2612
1461 2612
1462 2612
1463 2612
1464 2612
1465 2612
1466 2612
1467 2612
1468 2612
1469 2612
1470 2612
1471 2612
1472 2612
1473 2612
1474 2612
1475 2612
1476 2612
1477 2612
1478 2612
1479 2612
1480 2612
1481 2612
1482 2612
1483 2612
1484 2612
1485 2612
1486 2612
1487 2612
1488 2612
1489 2612
1490 2612
1491 2612
1492 2612
1493 2612
1494 2612
1495 2612
1496 2612
1497 2612
1498 2612
1499 2612
1500 2612
1501 2612
1502 2612
1503 2612
1504 2612
1505 2612
1506 2612
1507 2612
1508 2612
1509 2612
1510 2612
1511 2612
1512 2612
1513 2612
1514 2612
1515 2612
1516 2612
1517 2612
1518 2612
1519 2612
1520 2612
1521 2612
1522 2612
1523 2612
1524 2612
1525 2612
1526 2612
1527 2612
1528 2612
1529 2612
1530 2612
1531 2612
1532 2612
1533 2612
1534 2612
1535 2612
1536 2612
1537 2612
1538 2612
1539 2612
1540 2612
1541 2612
1542 2612
1543 2612
1544 2612
1545 2612
1546 2612
1547 2612
1548 2612
1549 2612
1550 2612
1551 2612
1552 2612
1553 2612
1554 2612
1555 2612
1556 2612
1557 2612
1558 2612
1559 2612
1560 2612
1561 2612
1562 2612
1563 2612
1564 2612
1565 2612
1566 2612
1567 2612
1568 2612
1569 2612
1570 2612
1571 2612
1572 2612
1573 2612
1574 2612
1575 2612
1576 2612
1577 2612
1578 2612
1579 2612
1580 2612
1581 2612
1582 2612
1583 2612
1584 2612
1585 2612
1586 2612
1587 2612
1588 2612
1589 2612
1590 2612
1591 2612
1592 2612
1593 2612
1594 2612
1595 2612
1596 2612
1597 2612
1598 2612
1599 2612
1600 2612
1601 2612
1602 2612
1603 2612
1604 2612
1605 2612
1606 2612
1607 2612
1608 2612
1609 2612
1610 2612
1611 2612
1612 2612
1613 2612
1614 2612
1615 2612
1616 2612
1617 2612
1618 2612
1619 2612
1620 2612
1621 2612
1622 2612
1623 2612
1624 2612
1625 2612
1626 2612
1627 2612
1628 2612
1629 2612
1630 2612
1631 2612
1632 2612
1633 2612
1634 2612
1635 2612
1636 2612
1637 2612
1638 2612
1639 2612
1640 2612
1641 2612
1642 2612
1643 2612
1644 2612
1645 2612
1646 2612
1647 2612
1648 2612
1649 2612
1650 2612
1651 2612
1652 2612
1653 2612
1654 2612
1655 2612
1656 2612
1657 2612
1658 2612
1659 2612
1660 2612
1661 2612
1662 2612
1663 2612
1664 2612
1665 2612
1666 2612
1667 2612
1668 2612
1669 2612
1670 2612
1671 2612
1672 2612
1673 2612
1674 2612
1675 2612
1676 2612
1677 2612
1678 2612
1679 2612
1680 2612
1681 2612
1682 2612
1683 2612
1684 2612
1685 2612
1686 2612
1687 2612
1688 2612
1689 2612
1690 2612
1691 2612
1692 2612
1693 2612
1694 2612
1695 2612
1696 2612
1697 2612
1698 2612
1699 2612
1700 2612
1701 2612
1702 2612
1703 2612
1704 2612
1705 2612
1706 2612
1707 2612
1708 2612
1709 2612
1710 2612
1711 2612
1712 2612
1713 2612
1714 2612
1715 2612
1716 2612
1717 2612
1718 2612
1719 2612
1720 2612
1721 2612
1722 2612
1723 2612
1724 2612
1725 2612
1726 2611
1727 2611
1728 2611
1729 2611
1730 2610
1731 2610
1732 2610
1733 2610
1734 2609
1735 2609
1736 2609
1737 2609
1738 2608
1739 2608
1740 2608
1741 2608
1742 2608
1743 2607
1744 2607
1745 2607
1746 2607
1747 2607
1748 2607
1749 2607
1750 2606
1751 2606
1752 2606
1753 2606
1754 2606
1755 2606
1756 2606
1757 2606
1758 2606
1759 2606
1760 2606
1761 2605
1762 2605
1763 2605
1764 2605
1765 2605
1766 2605
1767 2605
1768 2605
1769 2605
1770 2605
1771 2605
1772 2605
1773 2605
1774 2605
1775 2605
1776 2605
1777 2605
1778 2605
1779 2605
1780 2605
1781 2605
1782 2605
1783 2605
1784 2605
1785 2605
1786 2605
1787 2605
1788 2605
1789 2605
1790 2605
1791 2605
1792 2605
1793 2605
1794 2605
1795 2605
1796 2605
1797 2605
1798 2605
1799 2605
1800 2605
1801 2605
1802 2605
1803 2605
1804 2605
1805 2605
1806 2605
1807 2605
1808 2605
1809 2605
1810 2605
1811 2605
1812 2605
1813 2605
1814 2605
1815 2605
1816 2605
1817 2605
1818 2605
1819 2605
1820 2605
1821 2605
1822 2605
1823 2605
1824 2605
1825 2605
1826 2605
1827 2605
1828 2605
1829 2605
1830 2605
1831 2605
1832 2605
1833 2605
1834 2605
1835 2605
1836 2605
1837 2605
1838 2605
1839 2605
1840 2605
1841 2605
1842 2605
1843 2605
1844 2605
1845 2605
1846 2605
1847 2605
1848 2605
1849 2605
1850 2605
1851 2605
1852 2605
1853 2605
1854 2605
1855 2605
1856 2605
1857 2605
1858 2605
1859 2605
1860 2605
1861 2605
1862 2605
1863 2605
1864 2605
1865 2605
1866 2605
1867 2605
1868 2605
1869 2605
1870 2605
1871 2605
1872 2605
1873 2605
1874 2605
1875 2605
1876 2605
1877 2605
1878 2605
1879 2605
1880 2605
1881 2605
1882 2605
1883 2605
1884 2605
1885 2605
1886 2605
1887 2605
1888 2605
1889 2605
1890 2605
1891 2605
1892 2605
1893 2605
1894 2605
1895 2605
1896 2605
1897 2605
1898 2605
1899 2605
1900 2605
1901 2605
1902 2605
1903 2605
1904 2605
1905 2605
1906 2605
1907 2605
1908 2605
1909 2605
1910 2605
1911 2605
1912 2605
1913 2605
1914 2605
1915 2605
1916 2605
1917 2605
1918 2605
1919 2605
1920 2605
1921 2605
1922 2605
1923 2605
1924 2605
1925 2605
1926 2605
1927 2605
1928 2605
1929 2605
1930 2605
1931 2605
1932 2605
1933 2605
1934 2605
1935 2605
1936 2605
1937 2605
1938 2605
1939 2605
1940 2605
1941 2605
1942 2605
1943 2605
1944 2605
1945 2605
1946 2605
1947 2605
1948 2605
1949 2605
1950 2605
1951 2605
1952 2605
1953 2605
1954 2605
1955 2605
1956 2605
1957 2605
1958 2605
1959 2605
1960 2605
1961 2605
1962 2605
1963 2605
1964 2605
1965 2605
1966 2605
1967 2605
1968 2605
1969 2605
1970 2605
1971 2605
1972 2605
1973 2605
1974 2605
1975 2605
1976 2605
1977 2605
1978 2605
1979 2605
1980 2605
1981 2605
1982 2605
1983 2605
1984 2605
1985 2605
1986 2605
1987 2605
1988 2605
1989 2605
1990 2605
1991 2605
1992 2605
1993 2605
1994 2605
1995 2605
1996 2605
1997 2605
1998 2605
1999 2605
2000 2605
2001 2605
2002 2605
2003 2605
2004 2605
2005 2605
2006 2605
2007 2605
2008 2605
2009 2605
2010 2605
2011 2605
2012 2605
2013 2605
2014 2606
2015 2606
2016 2607
2017 2608
2018 2608
2019 2609
2020 2609
2021 2610
2022 2611
2023 2611
2024 2611
2025 2611
2026 2611
2027 2611
2028 2611
2029 2611
2030 2611
2031 2611
2032 2611
2033 2611
2034 2611
2035 2611
2036 2611
2037 2611
2038 2612
2039 2611
2040 2611
2041 2611
2042 2611
2043 2611
2044 2612
2045 2612
2046 2612
2047 2612
2048 2612
2049 2612
2050 2612
2051 2612
2052 2612
2053 2612
2054 2612
2055 2612
2056 2612
2057 2612
2058 2612
2059 2612
2060 2612
2061 2612
2062 2612
2063 2612
2064 2612
2065 2612
2066 2612
2067 2612
2068 2612
2069 2612
2070 2612
2071 2612
2072 2612
2073 2612
2074 2612
2075 2612
2076 2612
2077 2612
2078 2612
2079 2612
2080 2612
2081 2612
2082 2612
2083 2612
2084 2612
2085 2612
2086 2612
2087 2612
2088 2612
2089 2612
2090 2612
2091 2612
2092 2612
2093 2613
2094 2613
2095 2613
2096 2613
2097 2614
2098 2614
2099 2614
2100 2615
2101 2615
2102 2615
2103 2616
2104 2616
2105 2616
2106 2616
2107 2616
2108 2616
2109 2617
2110 2617
2111 2617
2112 2617
2113 2617
2114 2617
2115 2617
2116 2617
2117 2617
2118 2617
2119 2618
2120 2618
2121 2618
2122 2618
2123 2619
2124 2619
2125 2620
2126 2620
2127 2620
2128 2621
2129 2621
2130 2621
2131 2622
2132 2622
2133 2622
2134 2622
2135 2623
2136 2623
2137 2623
2138 2623
2139 2623
2140 2623
2141 2624
2142 2624
2143 2624
2144 2624
2145 2624
2146 2624
2147 2624
2148 2624
2149 2624
2150 2624
2151 2624
2152 2624
2153 2625
2154 2625
2155 2625
2156 2626
2157 2626
2158 2627
2159 2627
2160 2627
2161 2628
2162 2628
2163 2629
2164 2629
2165 2629
2166 2629
2167 2630
2168 2631
2169 2632
2170 2632
2171 2633
2172 2634
2173 2634
2174 2634
2175 2635
2176 2635
2177 2635
2178 2635
2179 2635
2180 2636
2181 2636
2182 2636
2183 2637
2184 2637
2185 2638
2186 2638
2187 2639
2188 2640
2189 2640
2190 2640
2191 2641
2192 2641
2193 2642
2194 2642
2195 2642
2196 2642
2197 2643
2198 2643
2199 2643
2200 2643
2201 2643
2202 2644
2203 2644
2204 2644
2205 2644
2206 2644
2207 2644
2208 2644
2209 2644
2210 2644
2211 2644
2212 2644
2213 2644
2214 2644
2215 2645
2216 2645
2217 2646
2218 2646
2219 2647
2220 2647
2221 2648
2222 2648
2223 2649
2224 2649
2225 2649
2226 2649
2227 2650
2228 2650
2229 2650
2230 2650
2231 2650
2232 2650
2233 2650
2234 2650
2235 2651
2236 2651
2237 2651
2238 2651
2239 2652
2240 2652
2241 2652
2242 2653
2243 2653
2244 2653
2245 2654
2246 2654
2247 2654
2248 2655
2249 2655
2250 2655
2251 2655
2252 2656
2253 2656
2254 2657
2255 2657
2256 2658
2257 2658
2258 2659
2259 2659
2260 2660
2261 2660
2262 2661
2263 2661
2264 2662
2265 2662
2266 2662
2267 2663
2268 2663
2269 2663
2270 2663
2271 2663
2272 2663
2273 2663
2274 2664
2275 2664
2276 2665
2277 2665
2278 2666
2279 2666
2280 2667
2281 2667
2282 2667
2283 2668
2284 2668
2285 2668
2286 2669
2287 2669
2288 2669
2289 2669
2290 2669
2291 2669
2292 2670
2293 2670
2294 2670
2295 2670
2296 2671
2297 2671
2298 2671
2299 2672
2300 2672
2301 2673
2302 2673
2303 2674
2304 2674
2305 2674
2306 2675
2307 2675
2308 2675
2309 2676
2310 2676
2311 2676
2312 2676
2313 2676
2314 2676
2315 2676
2316 2677
2317 2677
2318 2677
2319 2677
2320 2677
2321 2677
2322 2677
2323 2677
2324 2677
2325 2677
2326 2678
2327 2678
2328 2678
2329 2679
2330 2679
2331 2680
2332 2680
2333 2681
2334 2681
2335 2682
2336 2682
2337 2682
2338 2682
2339 2683
2340 2683
2341 2684
2342 2685
2343 2685
2344 2686
2345 2686
2346 2686
2347 2687
2348 2687
2349 2687
2350 2688
2351 2688
2352 2688
2353 2688
2354 2688
2355 2689
2356 2689
2357 2689
2358 2689
2359 2689
2360 2689
2361 2689
2362 2690
2363 2690
2364 2690
2365 2690
2366 2691
2367 2691
2368 2691
2369 2692
2370 2692
2371 2692
2372 2693
2373 2693
2374 2693
2375 2694
2376 2694
2377 2694
2378 2694
2379 2695
2380 2695
2381 2695
2382 2695
2383 2695
2384 2695
2385 2696
2386 2696
2387 2696
2388 2696
2389 2696
2390 2696
2391 2696
2392 2696
2393 2696
2394 2697
2395 2697
2396 2697
2397 2698
2398 2698
2399 2698
2400 2698
2401 2699
2402 2699
2403 2700
2404 2700
2405 2700
2406 2701
2407 2701
2408 2701
2409 2701
2410 2702
2411 2702
2412 2702
2413 2702
2414 2703
2415 2703
2416 2703
2417 2703
2418 2703
2419 2703
2420 2703
2421 2703
2422 2703
2423 2703
2424 2703
2425 2704
2426 2704
2427 2705
2428 2705
2429 2705
2430 2706
2431 2706
2432 2707
2433 2708
2434 2709
2435 2710
2435 2711
2436 2712
2437 2713
2438 2713
2439 2714
2440 2714
2441 2715
2442 2715
2443 2715
2444 2715
2445 2716
2446 2716
2447 2716
2448 2717
2449 2718
2450 2719
2451 2719
2452 2720
2453 2720
2454 2721
2455 2721
2456 2721
2457 2722
2458 2722
2459 2722
2460 2722
2461 2723
2462 2723
2463 2723
2464 2723
2465 2723
2466 2724
2467 2724
2468 2725
2469 2725
2470 2725
2471 2726
2472 2726
2473 2726
2474 2727
2475 2727
2476 2727
2477 2727
2478 2728
2479 2728
2480 2728
2481 2728
2482 2728
2483 2729
2484 2729
2485 2730
2486 2730
2487 2731
2488 2731
2489 2732
2490 2732
2491 2733
2492 2733
2493 2734
2494 2734
2495 2735
2496 2735
2497 2735
2498 2735
2499 2736
2500 2736
2501 2736
2502 2736
2503 2736
2504 2736
2505 2736
2506 2736
2507 2736
2508 2736
2509 2736
2510 2736
2511 2736
2512 2737
2513 2737
2514 2737
2515 2737
2516 2738
2517 2738
2518 2739
2519 2739
2520 2740
2521 2740
2522 2741
2523 2741
2524 2741
2525 2742
2526 2742
2527 2742
2528 2743
2529 2743
2530 2744
2531 2745
2532 2745
2533 2746
2534 2746
2535 2747
2536 2747
2537 2747
2538 2748
2539 2748
2540 2749
2541 2750
2542 2751
2543 2751
2544 2752
2545 2753
2546 2753
2547 2754
2548 2755
2549 2756
2550 2757
2551 2757
2552 2758
2553 2759
2554 2760
2555 2761
2556 2762
2557 2763
2558 2764
2558 2765
2559 2766
2560 2767
2561 2768
2561 2769
2562 2770
2562 2771
2563 2771
2564 2772
2565 2773
2566 2774
2567 2775
2568 2776
2569 2777
2569 2778
2570 2779
2571 2780
2572 2781
2573 2782
2573 2783
2574 2784
2575 2785
2576 2785
2577 2786
2578 2787
2579 2787
2580 2788
2581 2789
2582 2789
2583 2790
2584 2791
2585 2792
2586 2792
2587 2793
2588 2793
2589 2794
2590 2794
2591 2794
2592 2795
2593 2796
2594 2797
2595 2798
2596 2798
2597 2799
2598 2799
2599 2800
2600 2800
2601 2801
2602 2801
2603 2801
2604 2802
2605 2802
2606 2802
2607 2802
2608 2802
2609 2802
2610 2802
2611 2803
2612 2803
2613 2804
2614 2804
2615 2805
2616 2805
2617 2806
2618 2806
2619 2806
2620 2807
2621 2807
2622 2808
2623 2808
2624 2809
2625 2809
2626 2810
2627 2811
2628 2811
2629 2812
2630 2812
2631 2812
2632 2813
2633 2813
2634 2814
2635 2814
2636 2815
2637 2816
2638 2816
2639 2817
2640 2817
2641 2818
2642 2818
2643 2819
2644 2819
2645 2819
2646 2820
2647 2820
2648 2821
2649 2822
2650 2822
2651 2823
2652 2824
2653 2825
2654 2826
2655 2826
2656 2826
2657 2827
2658 2827
2659 2827
2660 2828
2661 2828
2662 2828
2663 2829
2664 2829
2665 2830
2666 2830
2667 2831
2668 2832
2669 2833
2670 2834
2671 2834
2672 2835
2673 2836
2674 2837
2675 2837
2676 2838
2677 2839
2678 2839
2679 2840
2680 2841
2681 2842
2682 2842
2683 2843
2684 2844
2685 2844
2686 2845
2687 2845
2688 2845
2689 2846
2690 2846
2691 2846
2692 2847
2693 2847
2694 2847
2695 2847
2696 2848
2697 2849
2698 2850
2699 2851
2700 2851
2701 2852
2702 2852
2703 2853
2704 2853
2705 2853
2706 2854
2707 2855
2708 2855
2709 2856
2710 2856
2711 2857
2712 2858
2713 2858
2714 2858
2715 2859
2716 2859
2717 2859
2718 2860
2719 2860
2720 2860
2721 2861
2722 2861
2723 2862
2724 2862
2725 2863
2726 2863
2727 2863
2728 2864
2729 2864
2730 2865
2731 2865
2732 2866
2733 2866
2734 2867
2735 2868
2736 2868
2737 2869
2738 2870
2739 2870
2740 2871
2741 2871
2742 2871
2743 2872
2744 2872
2745 2873
2746 2874
2747 2874
2748 2875
2749 2876
2750 2876
2751 2877
2752 2878
2753 2878
2754 2878
2755 2879
2756 2879
2757 2879
2758 2880
2759 2880
2760 2880
2761 2880
2762 2881
2763 2881
2764 2881
2765 2881
2766 2881
2767 2881
2768 2881
2769 2882
2770 2882
2771 2882
2772 2882
2773 2882
2774 2882
2775 2882
2776 2883
2777 2884
2778 2884
2779 2885
2780 2885
2781 2886
2782 2886
2783 2886
2784 2887
2785 2887
2786 2887
2787 2887
2788 2888
2789 2889
2790 2889
2791 2890
2792 2890
2793 2891
2794 2891
2795 2892
2796 2892
2797 2892
2798 2893
2799 2893
2800 2893
2801 2893
2802 2894
2803 2894
2804 2894
2805 2894
2806 2894
2807 2894
2808 2895
2809 2895
2810 2895
2811 2895
2812 2895
2813 2895
2814 2895
2815 2895
2816 2895
2817 2896
2818 2896
2819 2896
2820 2896
2821 2897
2822 2897
2823 2897
2824 2898
2825 2898
2826 2898
2827 2899
2828 2899
2829 2899
2830 2899
2831 2900
2832 2900
2833 2900
2834 2900
2835 2900
2836 2901
2837 2901
2838 2901
2839 2901
2840 2901
2841 2901
2842 2901
2843 2901
2844 2901
2845 2901
2846 2902
2847 2902
2848 2902
2849 2902
2850 2903
2851 2903
2852 2903
2853 2904
2854 2904
2855 2904
2856 2905
2857 2905
2858 2905
2859 2906
2860 2906
2861 2906
2862 2906
2863 2907
2864 2907
2865 2907
2866 2907
2867 2907
2868 2907
2869 2908
2870 2908
2871 2908
2872 2908
2873 2908
2874 2908
2875 2908
2876 2908
2877 2908
2878 2908
2879 2908
2880 2909
2881 2909
2882 2909
2883 2909
2884 2909
2885 2910
2886 2910
2887 2910
2888 2910
2889 2911
2890 2911
2891 2911
2892 2912
2893 2912
2894 2912
2895 2913
2896 2913
2897 2913
2898 2914
2899 2914
2900 2914
2901 2914
2902 2915
2903 2916
2904 2916
2905 2917
2906 2917
2907 2918
2908 2918
2909 2919
2910 2919
2911 2919
2912 2919
2913 2920
2914 2920
2915 2920
2916 2920
2917 2921
2918 2921
2919 2922
2920 2922
2921 2922
2922 2923
2923 2924
2924 2924
2925 2924
2926 2925
2927 2925
2928 2925
2929 2925
2930 2926
2931 2926
2932 2926
2933 2926
2934 2926
2935 2927
2936 2927
2937 2927
2938 2927
2939 2927
2940 2927
2941 2927
2942 2927
2943 2928
2944 2928
2945 2928
2946 2929
2947 2929
2948 2929
2949 2930
2950 2930
2951 2930
2952 2931
2953 2931
2954 2931
2955 2932
2956 2932
2957 2932
2958 2932
2959 2932
2960 2933
2961 2933
2962 2933
2963 2933
2964 2933
2965 2934
2966 2934
2967 2934
2968 2934
2969 2934
2970 2934
2971 2934
2972 2934
2973 2934
2974 2935
2975 2935
2976 2935
2977 2935
2978 2935
2979 2935
2980 2935
2981 2935
2982 2935
2983 2935
2984 2935
2985 2935
2986 2935
2987 2935
2988 2935
2989 2935
2990 2935
2991 2935
2992 2935
2993 2935
2994 2935
2995 2935
2996 2935
2997 2935
2998 2935
2999 2935
3000 2935
3001 2935
3002 2935
3003 2935
3004 2935
3005 2935
3006 2935
3007 2935
3008 2935
3009 2935
3010 2935
3011 2935
3012 2935
3013 2935
3014 2935
3015 2935
3016 2935
3017 2935
3018 2935
3019 2935
3020 2936
3021 2936
3022 2936
3023 2936
3024 2936
3025 2937
3026 2937
3027 2937
3028 2937
3029 2938
3030 2938
3031 2938
3032 2938
3033 2938
3034 2939
3035 2939
3036 2939
3037 2939
3038 2939
3039 2939
3040 2940
3041 2940
3042 2940
3043 2940
3044 2940
3045 2940
3046 2940
3047 2941
3048 2941
3049 2941
3050 2941
3051 2941
3052 2942
3053 2942
3054 2942
3055 2942
3056 2943
3057 2943
3058 2943
3059 2944
3060 2944
3061 2944
3062 2945
3063 2945
3064 2945
3065 2946
3066 2946
3067 2947
3068 2947
3069 2948
3070 2948
3071 2949
3072 2949
3073 2950
3074 2950
3075 2951
3076 2951
3077 2951
3078 2951
3079 2952
3080 2952
3081 2952
3082 2952
3083 2952
3084 2953
3085 2953
3086 2953
3087 2953
3088 2954
3089 2954
3090 2954
3091 2955
3092 2955
3093 2955
3094 2956
3095 2956
3096 2957
3097 2957
3098 2958
3099 2958
3100 2958
3101 2958
3102 2959
3103 2959
3104 2959
3105 2959
3106 2959
3107 2960
3108 2960
3109 2960
3110 2960
3111 2960
3112 2960
3113 2960
3114 2961
3115 2961
3116 2961
3117 2961
3118 2961
3119 2961
3120 2961
3121 2962
3122 2962
3123 2962
3124 2962
3125 2963
3126 2963
3127 2963
3128 2964
3129 2964
3130 2964
3131 2964
3132 2965
3133 2965
3134 2965
3135 2965
3136 2966
3137 2966
3138 2966
3139 2966
3140 2967
3141 2967
3142 2968
3143 2968
3144 2969
3145 2969
3146 2970
3147 2970
3148 2970
3149 2971
3150 2971
3151 2971
3152 2971
3153 2972
3154 2972
3155 2972
3156 2972
3157 2972
3158 2972
3159 2972
3160 2973
3161 2973
3162 2973
3163 2973
3164 2973
3165 2973
3166 2973
3167 2973
3168 2973
3169 2974
3170 2974
3171 2974
3172 2974
3173 2974
3174 2974
3175 2974
3176 2974
3177 2974
3178 2974
3179 2974
3180 2974
3181 2974
3182 2974
3183 2974
3184 2974
3185 2974
3186 2975
3187 2975
3188 2975
3189 2975
3190 2975
3191 2975
3192 2975
3193 2975
3194 2976
3195 2976
3196 2976
3197 2977
3198 2977
3199 2978
3200 2978
3201 2979
3202 2979
3203 2979
3204 2979
3205 2980
3206 2980
3207 2980
3208 2980
3209 2980
3210 2981
3211 2981
3212 2981
3213 2981
3214 2981
3215 2981
3216 2981
3217 2981
3218 2981
3219 2981
3220 2981
3221 2981
3222 2981
3223 2981
3224 2981
3225 2981
3226 2981
3227 2981
3228 2981
3229 2981
3230 2981
3231 2981
3232 2981
3233 2981
3234 2981
3235 2981
3236 2981
3237 2981
3238 2981
3239 2981
3240 2981
3241 2981
3242 2981
3243 2981
3244 2981
3245 2981
3246 2981
3247 2981
3248 2981
3249 2981
3250 2981
3251 2981
3252 2982
3253 2982
3254 2982
3255 2982
3256 2982
3257 2981
3258 2981
3259 2981
3260 2981
3261 2981
3262 2981
3263 2981
3264 2981
3265 2981
3266 2981
3267 2981
3268 2981
3269 2981
3270 2981
3271 2981
3272 2981
3273 2981
3274 2981
3275 2981
3276 2981
3277 2981
3278 2981
3279 2981
3280 2981
3281 2981
3282 2981
3283 2981
3284 2981
3285 2981
3286 2981
3287 2981
3288 2981
3289 2982
3290 2981
3291 2981
3292 2981
3293 2981
3294 2981
3295 2981
3296 2981
3297 2981
3298 2981
3299 2981
3300 2981
3301 2980
3302 2980
3303 2980
3304 2980
3305 2979
3306 2979
3307 2979
3308 2978
3309 2978
3310 2978
3311 2977
3312 2977
3313 2976
3314 2976
3315 2975
3316 2974
3317 2974
3318 2973
3319 2972
3320 2972
3321 2971
3322 2970
3323 2969
3324 2968
3325 2968
3326 2967
3327 2966
3328 2966
3329 2965
3330 2965
3331 2965
3332 2964
3333 2964
3334 2963
3335 2963
3336 2963
3337 2963
3338 2963
3339 2962
3340 2962
3341 2962
3342 2962
3343 2962
3344 2962
3345 2962
3346 2962
3347 2962
3348 2962
3349 2962
3350 2962
3351 2962
3352 2962
3353 2962
3354 2962
3355 2962
3356 2962
3357 2962
3358 2962
3359 2962
3360 2962
3361 2962
3362 2962
3363 2962
3364 2962
3365 2962
3366 2962
3367 2962
3368 2962
3369 2961
3370 2961
3371 2961
3372 2960
3373 2960
3374 2960
3375 2959
3376 2959
3377 2959
3378 2958
3379 2958
3380 2958
3381 2958
3382 2958
3383 2957
3384 2957
3385 2957
3386 2956
3387 2956
3388 2956
3389 2955
3390 2955
3391 2955
3392 2954
3393 2954
3394 2954
3395 2953
3396 2953
3397 2952
3398 2952
3399 2952
3400 2952
3401 2951
3402 2951
3403 2951
3404 2950
3405 2950
3406 2950
3407 2950
3408 2950
3409 2950
3410 2950
3411 2949
3412 2949
3413 2949
3414 2949
3415 2949
3416 2949
3417 2949
3418 2949
3419 2949
3420 2949
3421 2949
3422 2949
3423 2949
3424 2949
3425 2949
3426 2949
3427 2949
3428 2949
3429 2949
3430 2949
3431 2949
3432 2949
3433 2949
3434 2949
3435 2949
3436 2949
3437 2949
3438 2949
3439 2949
3440 2949
3441 2949
3442 2949
3443 2949
3444 2949
3445 2949
3446 2949
3447 2949
3448 2949
3449 2949
3450 2949
3451 2949
3452 2949
3453 2949
3454 2949
3455 2949
3456 2949
3457 2949
3458 2949
3459 2948
3460 2948
3461 2948
3462 2948
3463 2948
3464 2948
3465 2948
3466 2948
3467 2948
3468 2948
3469 2948
3470 2948
3471 2948
3472 2948
3473 2948
3474 2948
3475 2948
3476 2948
3477 2948
3478 2948
3479 2948
3480 2948
3481 2948
3482 2948
3483 2948
3484 2948
3485 2948
3486 2948
3487 2948
3488 2948
3489 2948
3490 2948
3491 2948
3492 2948
3493 2948
3494 2948
3495 2948
3496 2948
3497 2948
3498 2948
3499 2948
3500 2948
3501 2948
3502 2948
3503 2948
3504 2948
3505 2948
3506 2948
3507 2948
3508 2948
3509 2948
3510 2948
3511 2948
3512 2948
3513 2948
3514 2948
3515 2948
3516 2948
3517 2948
3518 2948
3519 2948
3520 2948
3521 2948
3522 2947
3523 2947
3524 2947
3525 2946
3526 2946
3527 2946
3528 2945
3529 2945
3530 2945
3531 2944
3532 2944
3533 2944
3534 2944
3535 2944
3536 2944
3537 2944
3538 2943
3539 2943
3540 2943
3541 2943
3542 2943
3543 2943
3544 2943
3545 2943
3546 2943
3547 2943
3548 2943
3549 2942
3550 2942
3551 2942
3552 2942
3553 2942
3554 2942
3555 2942
3556 2941
3557 2941
3558 2940
3559 2940
3560 2939
3561 2939
3562 2939
3563 2938
3564 2938
3565 2938
3566 2938
3567 2937
3568 2937
3569 2937
3570 2937
3571 2937
3572 2937
3573 2937
3574 2936
3575 2936
3576 2936
3577 2936
3578 2936
3579 2936
3580 2936
3581 2936
3582 2936
3583 2935
3584 2935
3585 2935
3586 2934
3587 2934
3588 2934
3589 2933
3590 2933
3591 2932
3592 2932
3593 2931
3594 2931
3595 2930
3596 2930
3597 2929
3598 2929
3599 2928
3600 2928
3601 2927
3602 2927
3603 2927
3604 2926
3605 2926
3606 2926
3607 2926
3608 2925
3609 2925
3610 2925
3611 2925
3612 2925
3613 2925
3614 2924
3615 2924
3616 2924
3617 2924
3618 2924
3619 2924
3620 2924
3621 2924
3622 2923
3623 2923
3624 2923
3625 2923
3626 2922
3627 2922
3628 2922
3629 2921
3630 2921
3631 2920
3632 2920
3633 2919
3634 2919
3635 2919
3636 2919
3637 2918
3638 2918
3639 2918
3640 2918
3641 2917
3642 2917
3643 2917
3644 2917
3645 2917
3646 2917
3647 2917
3648 2917
3649 2916
3650 2916
3651 2916
3652 2916
3653 2916
3654 2916
3655 2916
3656 2916
3657 2915
3658 2915
3659 2915
3660 2914
3661 2913
3662 2913
3663 2913
3664 2912
3665 2912
3666 2912
3667 2912
3668 2911
3669 2911
3670 2911
3671 2911
3672 2911
3673 2911
3674 2910
3675 2910
3676 2910
3677 2910
3678 2910
3679 2910
3680 2909
3681 2909
3682 2908
3683 2908
3684 2907
3685 2906
3686 2906
3687 2905
3688 2904
3689 2904
3690 2903
3691 2902
3692 2901
3693 2901
3694 2900
3695 2899
3696 2898
3697 2897
3698 2897
3699 2896
3700 2895
3701 2894
3702 2893
3703 2893
3704 2892
3705 2891
3706 2890
3707 2889
3708 2889
3709 2888
3710 2887
3711 2887
3712 2887
3713 2886
3714 2886
3715 2886
3716 2885
3717 2885
3718 2885
3719 2885
3720 2884
3721 2884
3722 2884
3723 2884
3724 2884
3725 2884
3726 2883
3727 2883
3728 2883
3729 2883
3730 2882
3731 2882
3732 2882
3733 2881
3734 2881
3735 2880
3736 2880
3737 2880
3738 2879
3739 2879
3740 2879
3741 2879
3742 2879
3743 2878
3744 2878
3745 2878
3746 2878
3747 2878
3748 2878
3749 2877
3750 2877
3751 2877
3752 2876
3753 2876
3754 2876
3755 2875
3756 2875
3757 2874
3758 2874
3759 2874
3760 2873
3761 2873
3762 2873
3763 2873
3764 2872
3765 2872
3766 2872
3767 2872
3768 2871
3769 2871
3770 2870
3771 2870
3772 2869
3773 2868
3774 2867
3775 2867
3776 2866
3777 2865
3778 2864
3779 2863
3780 2862
3781 2861
3782 2861
3783 2860
3784 2859
3785 2858
3786 2857
3787 2857
3788 2856
3789 2855
3790 2855
3791 2854
3792 2853
3793 2853
3794 2852
3795 2851
3796 2851
3797 2850
3798 2849
3799 2849
3800 2848
3801 2848
3802 2847
3803 2847
3804 2846
3805 2845
3806 2844
3807 2844
3808 2843
3809 2842
3810 2842
3810 2841
3811 2840
3812 2839
3813 2838
3814 2837
3815 2836
3816 2836
3817 2835
3818 2835
3819 2834
3820 2834
3821 2834
3822 2833
3823 2832
3824 2832
3825 2831
3826 2830
3827 2830
3828 2829
3829 2829
3830 2828
3831 2828
3832 2827
3833 2827
3834 2826
3835 2826
3836 2825
3837 2825
3838 2824
3839 2824
3840 2823
3841 2822
3842 2822
3843 2821
3844 2821
3845 2821
3846 2820
3847 2820
3848 2820
3849 2820
3850 2819
3851 2819
3852 2819
3853 2819
3854 2818
3855 2817
3856 2817
3857 2816
3858 2815
3859 2815
3860 2815
3861 2814
3862 2814
3863 2813
3864 2812
3865 2812
3866 2811
3867 2810
3868 2809
3869 2809
3870 2808
3871 2808
3872 2807
3873 2807
3874 2806
3875 2806
3876 2805
3877 2804
3878 2804
3879 2803
3880 2803
3881 2802
3882 2802
3883 2801
3884 2801
3885 2800
3886 2799
3887 2798
3888 2797
3889 2797
3890 2796
3891 2795
3892 2795
3893 2794
3894 2793
3895 2793
3896 2792
3897 2792
3898 2792
3899 2791
3900 2791
3901 2791
3902 2791
3903 2791
3904 2791
3905 2790
3906 2790
3907 2789
3908 2789
3909 2788
3910 2788
3911 2787
3912 2787
3913 2786
3914 2786
3915 2786
3916 2786
3917 2785
3918 2785
3919 2784
3920 2783
3921 2782
3922 2781
3923 2780
3924 2780
3925 2780
3926 2779
3927 2779
3928 2778
3929 2778
3930 2777
3931 2777
3932 2776
3933 2775
3934 2775
3935 2774
3936 2774
3937 2773
3938 2773
3939 2773
3940 2772
3941 2772
3942 2772
3943 2772
3944 2771
3945 2771
3946 2771
3947 2771
3948 2771
3949 2771
3950 2771
3951 2771
3952 2771
3953 2770
3954 2770
3955 2770
3956 2770
3957 2770
3958 2770
3959 2770
3960 2770
3961 2770
3962 2770
3963 2770
3964 2770
3965 2770
3965 2769
3964 2768
3964 2767
3963 2766
3963 2765
3962 2764
3962 2763
3961 2762
3961 2761
3960 2760
3960 2759
3959 2758
3960 2757
3961 2757
3962 2757
3963 2757
3964 2757
3965 2757
3966 2757
3967 2757
3968 2757
3969 2757
3970 2757
3971 2757
3972 2757
3973 2757
3974 2757
3975 2757
3976 2757
3977 2757
3978 2757
3979 2757
3980 2757
3981 2757
3982 2757
3983 2757
3984 2757
3985 2757
3986 2757
3987 2757
3988 2757
3989 2757
3990 2757
3991 2757
3992 2757
3993 2757
3994 2757
3995 2757
3996 2757
3997 2757
3998 2757
3999 2757
4000 2757
4001 2757
4002 2757
4003 2757
4004 2757
4005 2757
4006 2757
4007 2757
4008 2757
4009 2757
4010 2757
4011 2757
4012 2757
4013 2757
4014 2757
4015 2757
4016 2757
4017 2758
4018 2758
4019 2759
4020 2759
4021 2759
4022 2760
4023 2760
4024 2760
4025 2760
4026 2761
4027 2761
4028 2761
4029 2761
4030 2761
4031 2761
4032 2762
4033 2762
4034 2762
4035 2762
4036 2762
4037 2762
4038 2762
4039 2763
4040 2763
4041 2763
4042 2764
4043 2764
4044 2765
4045 2766
4046 2766
4047 2767
4048 2768
4049 2768
4050 2768
4051 2768
4052 2768
4053 2769
4054 2769
4055 2769
4056 2769
4057 2769
4058 2769
4059 2769
4060 2769
4061 2769
4062 2769
4063 2770
4064 2770
4065 2770
4066 2770
4067 2770
4068 2770
4069 2770
4070 2770
4071 2770
4072 2770
4073 2770
4074 2770
4075 2770
4076 2770
4077 2770
4078 2770
4079 2770
4080 2770
4081 2770
4082 2770
4083 2770
4084 2770
4085 2770
4086 2770
4087 2770
4088 2770
4089 2770
4090 2770
4091 2770
4092 2770
4093 2770
4094 2770
4095 2770
4096 2770
4097 2770
4098 2770
4099 2770
4100 2771
4101 2772
4102 2772
4103 2773
4104 2773
4105 2774
4106 2774
4107 2775
4108 2775
4109 2775
4110 2775
4111 2775
4112 2776
4113 2776
4114 2776
4115 2776
4116 2776
4117 2776
4118 2776
4119 2776
4120 2776
4121 2776
4122 2776
4123 2776
4124 2776
4125 2777
4126 2777
4127 2777
4128 2778
4129 2778
4130 2778
4131 2779
4132 2779
4133 2779
4134 2780
4135 2780
4136 2780
4137 2780
4138 2781
4139 2781
4140 2781
4141 2781
4142 2781
4143 2782
4144 2782
4145 2782
4146 2782
4147 2782
4148 2782
4149 2782
4150 2782
4151 2782
4152 2782
4153 2783
4154 2783
4155 2783
4156 2783
4157 2783
4158 2783
4159 2783
4160 2783
4161 2783
4162 2783
4163 2783
4164 2783
4165 2783
4166 2783
4167 2783
4168 2783
4169 2783
4170 2783
4171 2783
4172 2783
4173 2783
4174 2783
4175 2783
4176 2783
4177 2783
4178 2783
4179 2783
4180 2783
4181 2783
4182 2783
4183 2783
4184 2783
4185 2783
4186 2783
4187 2783
4188 2783
4189 2783
4190 2783
4191 2783
4192 2783
4193 2783
4194 2783
4195 2783
4196 2783
4197 2783
4198 2783
4199 2783
4200 2783
4201 2783
4202 2783
4203 2783
4204 2783
4205 2783
4206 2783
4207 2783
4208 2783
4209 2783
4210 2783
4211 2783
4212 2783
4213 2783
4214 2783
4215 2783
4216 2783
4217 2783
4218 2783
4219 2783
4220 2783
4221 2783
4222 2783
4223 2783
4224 2783
4225 2783
4226 2783
4227 2782
4228 2782
4229 2782
4230 2782
4231 2781
4232 2781
4233 2780
4234 2780
4235 2780
4236 2780
4237 2779
4238 2779
4239 2779
4240 2778
4241 2778
4242 2777
4243 2777
4244 2776
4245 2776
4246 2775
4247 2775
4248 2774
4249 2774
4250 2773
4251 2773
4252 2773
4253 2773
4254 2772
4255 2772
4256 2772
4257 2772
4258 2771
4259 2770
4260 2769
4261 2768
4262 2768
4263 2767
4264 2766
4265 2765
4265 2764
4266 2763
4267 2762
4268 2762
4269 2761
4270 2761
4271 2760
4272 2760
4273 2759
4274 2759
4275 2758
4276 2757
4277 2756
4278 2755
4279 2754
4280 2754
4281 2753
4282 2753
4283 2753
4284 2752
4285 2751
4286 2751
4287 2750
4288 2749
4289 2749
4290 2748
4291 2747
4292 2747
4293 2746
4294 2745
4295 2744
4296 2743
4297 2742
4298 2741
4299 2740
4300 2739
4301 2738
4302 2737
4303 2737
4304 2736
4305 2735
4306 2735
4307 2734
4308 2733
4309 2732
4310 2732
4311 2731
4312 2730
4313 2729
4314 2728
4315 2727
4316 2726
4317 2725
4318 2725
4319 2724
4320 2723
4321 2722
4322 2721
4323 2721
4324 2720
4325 2719
4326 2718
4326 2717
4327 2716
4328 2715
4328 2714
4329 2713
4330 2712
4331 2711
4332 2710
4333 2709
4333 2708
4334 2707
4335 2706
4336 2705
4337 2704
4338 2703
4339 2702
4339 2701
4340 2700
4340 2699
4341 2698
4341 2697
4342 2696
4342 2695
4343 2694
4343 2693
4344 2692
4344 2691
4344 2690
4345 2689
4345 2688
4346 2687
4347 2686
4348 2685
4349 2684
4350 2683
4351 2682
4351 2681
4352 2680
4353 2679
4354 2678
4355 2677
4355 2676
4356 2675
4356 2674
4357 2673
4358 2672
4358 2671
4359 2670
4360 2669
4361 2668
4361 2667
4362 2666
4362 2665
4363 2664
4363 2663
4364 2662
4364 2661
4365 2660
4366 2659
4366 2658
4367 2657
4368 2656
4369 2655
4369 2654
4370 2653
4370 2652
4371 2651
4371 2650
4372 2649
4373 2648
4373 2647
4374 2646
4375 2645
4376 2644
4377 2643
4378 2642
4379 2641
4380 2640
4380 2639
4381 2638
4382 2637
4382 2636
4383 2635
4383 2634
4384 2633
4384 2632
4385 2631
4385 2630
4385 2629
4385 2628
4386 2627
4386 2626
4386 2625
4387 2624
4387 2623
4388 2622
4388 2621
4389 2620
4389 2619
4390 2618
4390 2617
4390 2616
4391 2615
4391 2614
4391 2613
4392 2612
4392 2611
4392 2610
4392 2609
4392 2608
4393 2607
4393 2606
4393 2605
4393 2604
4393 2603
4393 2602
4393 2601
4394 2600
4394 2599
4394 2598
4394 2597
4394 2596
4394 2595
4394 2594
4395 2593
4395 2592
4395 2591
4396 2590
4396 2589
4397 2588
4397 2587
4397 2586
4398 2585
4398 2584
4398 2583
4398 2582
4399 2581
4399 2580
4399 2579
4399 2578
4399 2577
4400 2576
4400 2575
4400 2574
4400 2573
4400 2572
4400 2571
4400 2570
4400 2569
4401 2568
4401 2567
4401 2566
4401 2565
4401 2564
4401 2563
4402 2562
4402 2561
4403 2560
4403 2559
4404 2558
4404 2557
4404 2556
4405 2555
4405 2554
4405 2553
4405 2552
4405 2551
4406 2550
4406 2549
4406 2548
4406 2547
4406 2546
4406 2545
4407 2544
4407 2543
4407 2542
4407 2541
4407 2540
4407 2539
4407 2538
4407 2537
4407 2536
4407 2535
4407 2534
4407 2533
4407 2532
4407 2531
4408 2530
4408 2529
4408 2528
4408 2527
4408 2526
4408 2525
4408 2524
4408 2523
4408 2522
4408 2521
4408 2520
4408 2519
4408 2518
4408 2517
4408 2516
4408 2515
4408 2514
4408 2513
4408 2512
4408 2511
4408 2510
4408 2509
4408 2508
4408 2507
4408 2506
4408 2505
4408 2504
4408 2503
4408 2502
4408 2501
4408 2500
4408 2499
4408 2498
4408 2497
4408 2496
4408 2495
4408 2494
4408 2493
4407 2492
4407 2491
4407 2490
4407 2489
4406 2488
4406 2487
4406 2486
4406 2485
4406 2484
4405 2483
4405 2482
4405 2481
4405 2480
4405 2479
4404 2478
4404 2477
4404 2476
4404 2475
4404 2474
4404 2473
4403 2472
4403 2471
4403 2470
4403 2469
4402 2468
4402 2467
4402 2466
4402 2465
4401 2464
4401 2463
4401 2462
4400 2461
4400 2460
4400 2459
4399 2458
4399 2457
4399 2456
4399 2455
4398 2454
4398 2453
4397 2452
4396 2451
4396 2450
4395 2449
4394 2448
4393 2447
4393 2446
4392 2445
4391 2444
4390 2443
4389 2442
4388 2441
4388 2440
4387 2439
4386 2438
4386 2437
4385 2436
4384 2435
4384 2434
4383 2433
4382 2432
4381 2431
4380 2430
4379 2429
4378 2428
4377 2427
4376 2426
4375 2426
4374 2425
4373 2424
4372 2423
4371 2422
4370 2421
4369 2420
4368 2419
4367 2418
4366 2417
4365 2416
4364 2415
4363 2414
4362 2413
4361 2412
4361 2411
4360 2410
4359 2409
4358 2408
4357 2407
4356 2406
4356 2405
4355 2404
4354 2403
4353 2402
4352 2401
4351 2400
4350 2399
4349 2398
4348 2398
4347 2397
4346 2396
4345 2395
4344 2394
4343 2394
4342 2393
4341 2392
4340 2392
4339 2391
4338 2390
4337 2390
4336 2389
4335 2388
4334 2387
4334 2386
4333 2386
4332 2385
4331 2385
4330 2384
4329 2384
4328 2383
4327 2382
4326 2382
4325 2381
4324 2380
4323 2379
4322 2378
4321 2378
4320 2377
4319 2377
4318 2376
4317 2376
4316 2375
4315 2375
4314 2374
4313 2373
4312 2373
4311 2372
4310 2372
4309 2371
4308 2371
4307 2370
4306 2369
4305 2368
4304 2367
4303 2366
4302 2365
4301 2364
4300 2363
4299 2362
4298 2361
4297 2361
4296 2360
4295 2359
4294 2358
4293 2357
4292 2356
4291 2356
4290 2355
4289 2355
4288 2354
4287 2353
4286 2353
4285 2352
4284 2351
4283 2351
4282 2350
4281 2349
4280 2349
4279 2348
4278 2347
4277 2347
4276 2346
4275 2346
4274 2346
4273 2345
4272 2345
4271 2345
4270 2344
4269 2344
4268 2344
4267 2343
4266 2343
4265 2342
4264 2342
4263 2342
4262 2341
4261 2341
4260 2340
4259 2339
4258 2339
4257 2338
4256 2337
4255 2336
4254 2336
4253 2335
4252 2334
4251 2333
4250 2333
4249 2332
4248 2331
4247 2330
4246 2329
4245 2328
4244 2328
4243 2327
4242 2326
4241 2325
4240 2324
4239 2323
4238 2322
4237 2321
4236 2321
4235 2320
4234 2320
4233 2319
4232 2319
4231 2319
4230 2318
4229 2318
4228 2318
4227 2317
4226 2317
4225 2316
4224 2316
4223 2315
4222 2315
4221 2315
4220 2314
4219 2314
4218 2313
4217 2313
4216 2313
4215 2312
4214 2312
4213 2311
4212 2311
4211 2310
4210 2309
4209 2308
4208 2307
4207 2306
4206 2305
4205 2304
4204 2303
4203 2303
4202 2302
4201 2301
4200 2301
4199 2301
4198 2300
4197 2300
4196 2299
4195 2299
4194 2298
4193 2297
4192 2296
4191 2295
4190 2295
4189 2294
4188 2293
4187 2293
4186 2292
4185 2292
4184 2292
4183 2291
4182 2291
4181 2291
4180 2290
4179 2290
4178 2290
4177 2290
4176 2290
4175 2289
4174 2288
4174 2287
4173 2286
4172 2285
4171 2285
4170 2284
4169 2284
4168 2283
4167 2283
4166 2282
4165 2281
4164 2280
4163 2280
4162 2279
4162 2278
4161 2277
4161 2276
4160 2275
4160 2274
4159 2273
4159 2272
4158 2271
4158 2270
4158 2269
4158 2268
4158 2267
4158 2266
4158 2265
4157 2264
4157 2263
4157 2262
4157 2261
4157 2260
4157 2259
4157 2258
4157 2257
4157 2256
4157 2255
4157 2254
4157 2253
4157 2252
4157 2251
4157 2250
4157 2249
4157 2248
4157 2247
4157 2246
4157 2245
4157 2244
4157 2243
4157 2242
4157 2241
4157 2240
4157 2239
4157 2238
4157 2237
4157 2236
4157 2235
4157 2234
4157 2233
4157 2232
4157 2231
4158 2230
4158 2229
4159 2228
4159 2227
4160 2226
4160 2225
4160 2224
4161 2223
4161 2222
4162 2221
4162 2220
4163 2219
4164 2218
4165 2218
4166 2217
4167 2216
4168 2215
4169 2214
4170 2214
4171 2213
4172 2212
4173 2212
4174 2211
4175 2211
4176 2210
4177 2209
4178 2209
4179 2208
4180 2208
4181 2207
4182 2207
4183 2206
4184 2206
4185 2205
4186 2204
4187 2204
4188 2204
4189 2204
4190 2203
4191 2203
4192 2202
4193 2201
4194 2201
4195 2200
4196 2199
4197 2198
4198 2197
4199 2196
4200 2196
4201 2195
4202 2194
4203 2194
4204 2193
4205 2193
4206 2192
4207 2192
4208 2191
4209 2190
4210 2189
4211 2188
4212 2187
4213 2187
4214 2186
4215 2186
4216 2185
4217 2185
4218 2184
4219 2183
4220 2182
4220 2181
4221 2180
4221 2179
4222 2178
4222 2177
4223 2176
4223 2175
4224 2174
4224 2173
4225 2172
4225 2171
4226 2170
4226 2169
4227 2168
4227 2167
4228 2166
4228 2165
4229 2164
4230 2163
4231 2162
4232 2161
4233 2160
4233 2159
4234 2158
4234 2157
4234 2156
4235 2155
4235 2154
4235 2153
4235 2152
4235 2151
4235 2150
4235 2149
4235 2148
4236 2147
4236 2146
4236 2145
4236 2144
4236 2143
4236 2142
4236 2141
4236 2140
4236 2139
4236 2138
4236 2137
4236 2136
4236 2135
4236 2134
4236 2133
4236 2132
4236 2131
4236 2130
4236 2129
4236 2128
4236 2127
4236 2126
4236 2125
4236 2124
4236 2123
4236 2122
4236 2121
4236 2120
4236 2119
4236 2118
4236 2117
4236 2116
4236 2115
4236 2114
4236 2113
4236 2112
4236 2111
4236 2110
4236 2109
4236 2108
4236 2107
4236 2106
4236 2105
4236 2104
4235 2103
4234 2102
4234 2101
4233 2100
4232 2099
4231 2098
4230 2097
4229 2096
4228 2095
4227 2095
4226 2095
4225 2094
4224 2093
4223 2093
4222 2092
4221 2091
4220 2091
4219 2090
4218 2089
4217 2088
4216 2087
4215 2087
4214 2086
4213 2085
4212 2085
4211 2084
4210 2084
4209 2083
4208 2082
4207 2081
4206 2080
4205 2080
4204 2079
4203 2079
4202 2078
4201 2078
4200 2077
4199 2077
4198 2076
4197 2076
4196 2075
4195 2075
4194 2075
4193 2074
4192 2074
4191 2074
4190 2073
4189 2073
4188 2072
4187 2072
4186 2071
4185 2071
4184 2070
4183 2070
4182 2069
4181 2069
4180 2068
4179 2068
4178 2068
4177 2067
4176 2067
4175 2067
4174 2066
4173 2066
4172 2065
4171 2065
4170 2064
4169 2064
4168 2063
4167 2063
4166 2062
4165 2061
4164 2061
4163 2060
4162 2059
4161 2059
4160 2058
4159 2058
4158 2057
4157 2056
4156 2056
4155 2055
4154 2055
4153 2055
4152 2054
4151 2054
4150 2054
4149 2053
4148 2053
4147 2053
4146 2052
4145 2052
4144 2052
4143 2051
4142 2051
4141 2050
4140 2050
4139 2049
4138 2049
4137 2049
4136 2048
4135 2048
4134 2048
4133 2048
4132 2047
4131 2047
4130 2047
4129 2047
4128 2047
4127 2046
4126 2046
4125 2046
4124 2046
4123 2046
4122 2046
4121 2046
4120 2046
4119 2045
4118 2045
4117 2045
4116 2044
4115 2044
4114 2043
4113 2043
4112 2042
4111 2042
4110 2041
4109 2041
4108 2041
4107 2041
4106 2040
4105 2040
4104 2040
4103 2040
4102 2040
4101 2040
4100 2039
4099 2039
4098 2039
4097 2039
4096 2039
4095 2039
4094 2038
4093 2038
4092 2038
4091 2038
4090 2037
4089 2037
4088 2036
4087 2036
4086 2036
4085 2035
4084 2035
4083 2034
4082 2034
4081 2033
4080 2032
4079 2031
4078 2030
4077 2030
4076 2029
4075 2029
4074 2028
4073 2028
4072 2027
4071 2027
4070 2026
4070 2025
4069 2024
4068 2024
4067 2023
4066 2022
4065 2021
4064 2020
4063 2019
4062 2018
4062 2017
4061 2016
4060 2015
4059 2014
4058 2013
4058 2012
4057 2011
4056 2010
4055 2009
4054 2008
4053 2007
4052 2006
4051 2005
4051 2004
4050 2003
4049 2002
4048 2001
4047 2000
4046 1999
4046 1998
4045 1997
4044 1996
4044 1995
4043 1994
4043 1993
4043 1992
4042 1991
4042 1990
4041 1989
4041 1988
4040 1987
4040 1986
4039 1985
4039 1984
4038 1983
4037 1982
4037 1981
4036 1980
4035 1979
4035 1978
4034 1977
4033 1976
4032 1975
4032 1974
4031 1973
4030 1972
4029 1971
4028 1970
4028 1969
4027 1968
4027 1967
4026 1966
4026 1965
4025 1964
4025 1963
4024 1962
4024 1961
4024 1960
4023 1959
4023 1958
4023 1957
4022 1956
4022 1955
4021 1954
4020 1953
4020 1952
4019 1951
4018 1950
4017 1949
4017 1948
4016 1947
4016 1946
4015 1945
4015 1944
4014 1943
4014 1942
4013 1941
4013 1940
4012 1939
4012 1938
4011 1937
4010 1936
4009 1935
4009 1934
4009 1933
4008 1932
4008 1931
4008 1930
4008 1929
4007 1928
4007 1927
4007 1926
4007 1925
4007 1924
4007 1923
4006 1922
4006 1921
4006 1920
4006 1919
4006 1918
4006 1917
4006 1916
4006 1915
4006 1914
4006 1913
4005 1912
4005 1911
4004 1910
4004 1909
4004 1908
4003 1907
4003 1906
4003 1905
4002 1904
4002 1903
4002 1902
4002 1901
4001 1900
4001 1899
4001 1898
4001 1897
4001 1896
4000 1895
4000 1894
4000 1893
4000 1892
4000 1891
4000 1890
4000 1889
3999 1888
3999 1887
3999 1886
3999 1885
3999 1884
3999 1883
3999 1882
3999 1881
3999 1880
3999 1879
3999 1878
3999 1877
3999 1876
3999 1875
3999 1874
3999 1873
3999 1872
3999 1871
3999 1870
3999 1869
3999 1868
3999 1867
3999 1866
3999 1865
3999 1864
3999 1863
3999 1862
3999 1861
3999 1860
3999 1859
3999 1858
3999 1857
3999 1856
3999 1855
3999 1854
3999 1853
3999 1852
3999 1851
3999 1850
3999 1849
3999 1848
3999 1847
3999 1846
3999 1845
3999 1844
3999 1843
3999 1842
3999 1841
3999 1840
3999 1839
3999 1838
3999 1837
3999 1836
3999 1835
3999 1834
3999 1833
3999 1832
3999 1831
3999 1830
3999 1829
3999 1828
3999 1827
3999 1826
3999 1825
3998 1824
3998 1823
3998 1822
3998 1821
3997 1820
3997 1819
3997 1818
3996 1817
3996 1816
3996 1815
3996 1814
3995 1813
3995 1812
3995 1811
3994 1810
3994 1809
3994 1808
3994 1807
3994 1806
3994 1805
3994 1804
3993 1803
3993 1802
3993 1801
3993 1800
3993 1799
3992 1798
3992 1797
3992 1796
3991 1795
3991 1794
3991 1793
3990 1792
3990 1791
3990 1790
3989 1789
3989 1788
3988 1787
3988 1786
3987 1785
3986 1784
3986 1783
3985 1782
3985 1781
3984 1780
3984 1779
3983 1778
3983 1777
3983 1776
3982 1775
3982 1774
3982 1773
3981 1772
3981 1771
3981 1770
3981 1769
3981 1768
3980 1767
3980 1766
3980 1765
3980 1764
3980 1763
3980 1762
3980 1761
3980 1760
3979 1759
3979 1758
3979 1757
3978 1756
3978 1755
3977 1754
3977 1753
3976 1752
3975 1751
3974 1750
3973 1749
3973 1748
3972 1747
3972 1746
3971 1745
3970 1744
3969 1743
3969 1742
3968 1741
3967 1740
3966 1739
3965 1738
3965 1737
3964 1736
3963 1735
3962 1734
3961 1734
3960 1733
3959 1732
3958 1732
3957 1731
3956 1731
3955 1730
3954 1730
3953 1730
3952 1730
3951 1729
3950 1729
3949 1729
3948 1729
3947 1728
3946 1727
3945 1727
3944 1726
3943 1725
3942 1725
3941 1724
3940 1724
3939 1724
3938 1723
3937 1723
3936 1722
3935 1722
3934 1721
3933 1721
3932 1720
3931 1720
3930 1719
3929 1719
3928 1718
3927 1718
3926 1717
3925 1716
3924 1716
3923 1715
3922 1714
3921 1713
3921 1712
3920 1711
3919 1710
3918 1709
3917 1708
3916 1708
3915 1707
3914 1706
3913 1705
3912 1704
3912 1703
3911 1702
3910 1701
3909 1700
3908 1699
3907 1698
3906 1697
3905 1696
3905 1695
3905 1694
3904 1693
3904 1692
3903 1691
3902 1690
3902 1689
3901 1688
3901 1687
3900 1686
3900 1685
3899 1684
3899 1683
3898 1682
3898 1681
3897 1680
3897 1679
3896 1678
3895 1677
3895 1676
3894 1675
3893 1674
3893 1673
3892 1672
3891 1671
3890 1670
3889 1669
3889 1668
3888 1667
3888 1666
3887 1665
3886 1664
3886 1663
3885 1662
3885 1661
3885 1660
3884 1659
3884 1658
3883 1657
3883 1656
3882 1655
3881 1654
3881 1653
3880 1652
3879 1651
3879 1650
3878 1649
3877 1648
3876 1647
3876 1646
3875 1645
3874 1644
3873 1643
3873 1642
3872 1641
3872 1640
3871 1639
3871 1638
3870 1637
3870 1636
3869 1635
3869 1634
3868 1633
3868 1632
3867 1631
3867 1630
3866 1629
3865 1628
3864 1627
3864 1626
3863 1625
3863 1624
3862 1623
3861 1622
3860 1621
3859 1620
3858 1619
3857 1618
3856 1617
3855 1616
3854 1615
3853 1614
3852 1614
3851 1613
3850 1612
3849 1612
3848 1611
3847 1610
3846 1609
3845 1608
3844 1607
3844 1606
3843 1605
3842 1604
3841 1603
3840 1603
3839 1602
3838 1601
3837 1600
3836 1599
3835 1598
3834 1597
3833 1597
3832 1596
3831 1595
3830 1594
3829 1594
3828 1593
3827 1593
3826 1592
3825 1592
3824 1592
3823 1591
3822 1591
3821 1590
3820 1589
3819 1588
3818 1587
3817 1587
3816 1586
3815 1585
3814 1585
3813 1584
3812 1583
3811 1582
3810 1581
3809 1580
3808 1579
3807 1578
3806 1577
3805 1576
3804 1575
3803 1575
3802 1574
3801 1573
3800 1573
3799 1572
3798 1572
3797 1571
3796 1571
3795 1570
3794 1569
3793 1568
3792 1568
3791 1567
3790 1566
3789 1565
3788 1564
3787 1564
3786 1563
3785 1562
3784 1561
3783 1560
3782 1559
3781 1558
3780 1557
3779 1556
3778 1555
3777 1554
3776 1553
3775 1553
3774 1552
3773 1551
3772 1550
3771 1550
3770 1549
3769 1548
3768 1547
3767 1547
3766 1546
3765 1545
3764 1544
3763 1543
3762 1542
3761 1541
3760 1541
3759 1540
3758 1539
3757 1538
3756 1538
3755 1537
3754 1536
3753 1536
3752 1535
3751 1534
3750 1534
3749 1533
3748 1533
3747 1532
3746 1531
3745 1531
3744 1530
3743 1529
3742 1528
3741 1528
3740 1527
3739 1527
3738 1526
3737 1526
3736 1525
3735 1525
3734 1525
3733 1524
3732 1524
3731 1523
3730 1523
3729 1522
3728 1521
3727 1520
3726 1519
3725 1519
3724 1519
3723 1518
3722 1517
3721 1516
3720 1515
3719 1514
3718 1514
3717 1513
3716 1513
3715 1513
3714 1512
3713 1512
3712 1512
3711 1512
3710 1512
3709 1511
3708 1511
3707 1511
3706 1511
3705 1511
3704 1511
3703 1510
3702 1510
3701 1510
3700 1509
3699 1509
3698 1509
3697 1508
3696 1508
3695 1508
3694 1507
3693 1507
3692 1506
3691 1506
3690 1506
3689 1506
3688 1505
3687 1505
3686 1505
3685 1505
3684 1505
3683 1505
3682 1504
3681 1504
3680 1504
3679 1504
3678 1504
3677 1504
3676 1504
3675 1504
3674 1504
3673 1503
3672 1503
3671 1503
3670 1503
3669 1503
3668 1503
3667 1503
3666 1503
3665 1503
3664 1503
3663 1503
3662 1503
3661 1503
3660 1503
3659 1503
3658 1503
3657 1503
3656 1503
3655 1503
3654 1503
3653 1503
3652 1503
3651 1503
3650 1503
3649 1503
3648 1503
3647 1503
3646 1503
3645 1503
3644 1503
3643 1503
3642 1503
3641 1503
3640 1503
3639 1503
3638 1503
3637 1503
3636 1503
3635 1503
3634 1503
3633 1503
3632 1503
3631 1503
3630 1503
3629 1503
3628 1503
3627 1503
3626 1503
3625 1503
3624 1503
3623 1503
3622 1503
3621 1503
3620 1503
3619 1503
3618 1503
3617 1503
3616 1503
3615 1503
3614 1503
3613 1503
3612 1503
3611 1503
3610 1503
3609 1503
3608 1503
3607 1503
3606 1503
3605 1503
3604 1503
3603 1503
3602 1503
3601 1503
3600 1503
3599 1503
3598 1503
3597 1503
3596 1503
3595 1503
3594 1503
3593 1503
3592 1503
3591 1502
3590 1502
3589 1502
3588 1502
3587 1502
3586 1501
3585 1501
3584 1501
3583 1500
3582 1499
3581 1499
3580 1498
3579 1498
3578 1497
3577 1496
3576 1496
3575 1495
3574 1495
3573 1494
3572 1494
3571 1493
3570 1493
3569 1493
3568 1492
3567 1492
3566 1492
3565 1492
3564 1492
3563 1491
3562 1491
3561 1491
3560 1490
3559 1490
3558 1490
3557 1489
3556 1489
3555 1488
3554 1488
3553 1487
3552 1487
3551 1487
3550 1486
3549 1486
3548 1486
3547 1486
3546 1485
3545 1485
3544 1485
3543 1485
3542 1485
3541 1485
3540 1484
3539 1484
3538 1484
3537 1484
3536 1484
3535 1484
3534 1484
3533 1484
3532 1484
3531 1484
3530 1484
3529 1483
3528 1483
3527 1483
3526 1483
3525 1483
3524 1483
3523 1483
3522 1483
3521 1483
3520 1483
3519 1483
3518 1483
3517 1483
3516 1483
3515 1483
3514 1483
3513 1483
3512 1483
3511 1483
3510 1483
3509 1483
3508 1483
3507 1483
3506 1483
3505 1483
3504 1483
3503 1483
3502 1483
3501 1483
3500 1483
3499 1483
3498 1483
3497 1483
3496 1483
3495 1483
3494 1483
3493 1483
3492 1483
3491 1483
3490 1483
3489 1483
3488 1483
3487 1483
3486 1483
3485 1483
3484 1483
3483 1483
3482 1483
3481 1483
3480 1483
3479 1483
3478 1483
3477 1483
3476 1483
3475 1483
3474 1483
3473 1483
3472 1483
3471 1483
3470 1483
3469 1483
3468 1483
3467 1483
3466 1483
3465 1483
3464 1483
3463 1483
3462 1483
3461 1483
3460 1483
3459 1483
3458 1483
3457 1483
3456 1483
3455 1483
3454 1483
3453 1483
3452 1483
3451 1483
3450 1483
