2671 2003
2670 2004
2669 2004
2668 2004
2667 2004
2666 2004
2665 2004
2664 2004
2663 2004
2662 2004
2661 2004
2660 2004
2659 2004
2658 2004
2657 2004
2656 2004
2655 2004
2654 2004
2653 2004
2652 2004
2651 2004
2650 2004
2649 2004
2648 2004
2647 2004
2646 2004
2645 2004
2644 2005
2643 2005
2642 2005
2641 2005
2640 2005
2639 2006
2638 2006
2637 2006
2636 2007
2635 2007
2634 2007
2633 2008
2632 2008
2631 2008
2630 2008
2629 2008
2628 2008
2627 2009
2626 2009
2625 2009
2624 2009
2623 2009
2622 2009
2621 2009
2620 2010
2619 2010
2618 2010
2617 2010
2616 2010
2615 2010
2614 2010
2613 2010
2612 2010
2611 2010
2610 2010
2609 2010
2608 2011
2607 2011
2606 2011
2605 2012
2604 2012
2603 2012
2602 2013
2601 2013
2600 2014
2599 2014
2598 2015
2597 2015
2596 2016
2595 2016
2594 2016
2593 2016
2592 2017
2591 2017
2590 2017
2589 2017
2588 2018
2587 2018
2586 2018
2585 2018
2584 2018
2583 2018
2582 2018
2581 2018
2580 2019
2579 2019
2578 2019
2577 2019
2576 2019
2575 2019
2574 2019
2573 2019
2572 2019
2571 2020
2570 2020
2569 2021
2568 2021
2567 2021
2566 2022
2565 2022
2564 2023
2563 2023
2562 2023
2561 2024
2560 2024
2559 2025
2558 2025
2557 2025
2556 2025
2555 2026
2554 2026
2553 2026
2552 2026
2551 2026
2550 2026
2549 2026
2548 2026
2547 2027
2546 2027
2545 2027
2544 2027
2543 2027
2542 2027
2541 2027
2540 2027
2539 2027
2538 2027
2537 2027
2536 2027
2535 2027
2534 2028
2533 2028
2532 2028
2531 2028
2530 2028
2529 2028
2528 2028
2527 2028
2526 2028
2525 2028
2524 2029
2523 2029
2522 2029
2521 2029
2520 2030
2519 2030
2518 2030
2517 2031
2516 2031
2515 2031
2514 2032
2513 2032
2512 2033
2511 2033
2510 2034
2509 2034
2508 2035
2507 2035
2506 2036
2505 2037
2504 2037
2503 2038
2502 2038
2501 2039
2500 2039
2499 2040
2498 2040
2497 2040
2496 2041
2495 2041
2494 2041
2493 2041
2492 2042
2491 2042
2490 2042
2489 2042
2488 2042
2487 2042
2486 2043
2485 2043
2484 2043
2483 2043
2482 2043
2481 2043
2480 2043
2479 2043
2478 2043
2477 2043
2476 2043
2475 2043
2474 2043
2473 2044
2472 2044
2471 2044
2470 2044
2469 2044
2468 2044
2467 2044
2466 2044
2465 2044
2464 2044
2463 2044
2462 2044
2461 2044
2460 2044
2459 2044
2458 2044
2457 2044
2456 2044
2455 2044
2454 2044
2453 2044
2452 2044
2451 2044
2450 2044
2449 2044
2448 2044
2447 2044
2446 2044
2445 2044
2444 2044
2443 2044
2442 2044
2441 2044
2440 2044
2439 2044
2438 2044
2437 2044
2436 2044
2435 2044
2434 2044
2433 2044
2432 2044
2431 2044
2430 2044
2429 2044
2428 2044
2427 2044
2426 2045
2425 2045
2424 2045
2423 2045
2422 2045
2421 2045
2420 2045
2419 2045
2418 2045
2417 2045
2416 2045
2415 2045
2414 2045
2413 2045
2412 2045
2411 2045
2410 2045
2409 2045
2408 2045
2407 2045
2406 2045
2405 2045
2404 2045
2403 2045
2402 2045
2401 2045
2400 2045
2399 2045
2398 2045
2397 2045
2396 2045
2395 2045
2394 2045
2393 2045
2392 2045
2391 2045
2390 2045
2389 2045
2388 2045
2387 2045
2386 2045
2385 2044
2384 2044
2383 2044
2382 2043
2381 2043
2380 2043
2379 2042
2378 2042
2377 2042
2376 2041
2375 2041
2374 2040
2373 2040
2372 2040
2371 2039
2370 2039
2369 2039
2368 2038
2367 2038
2366 2038
2365 2038
2364 2038
2363 2038
2362 2038
2361 2038
2360 2038
2359 2038
2358 2037
2357 2037
2356 2037
2355 2037
2354 2037
2353 2037
2352 2037
2351 2037
2350 2037
2349 2037
2348 2037
2347 2037
2346 2037
2345 2037
2344 2037
2343 2037
2342 2037
2341 2037
2340 2037
2339 2037
2338 2037
2337 2037
2336 2037
2335 2037
2334 2037
2333 2037
2332 2037
2331 2037
2330 2037
2329 2037
2328 2037
2327 2037
2326 2037
2325 2037
2324 2037
2323 2037
2322 2037
2321 2037
2320 2037
2319 2037
2318 2037
2317 2037
2316 2037
2315 2037
2314 2037
2313 2037
2312 2037
2311 2037
2310 2037
2309 2037
2308 2037
2307 2037
2306 2037
2305 2037
2304 2037
2303 2037
2302 2037
2301 2037
2300 2037
2299 2037
2298 2037
2297 2037
2296 2037
2295 2037
2294 2037
2293 2037
2292 2037
2291 2037
2290 2037
2289 2037
2288 2037
2287 2037
2286 2037
2285 2037
2284 2037
2283 2037
2282 2037
2281 2037
2280 2037
2279 2037
2278 2037
2277 2037
2276 2037
2275 2037
2274 2037
2273 2037
2272 2037
2271 2037
2270 2037
2269 2037
2268 2037
2267 2037
2266 2037
2265 2037
2264 2037
2263 2037
2262 2037
2261 2037
2260 2037
2259 2037
2258 2037
2257 2037
2256 2037
2255 2037
2254 2037
2253 2037
2252 2037
2251 2037
2250 2037
2249 2037
2248 2037
2247 2037
2246 2037
2245 2037
2244 2037
2243 2037
2242 2037
2241 2037
2240 2037
2239 2037
2238 2037
2237 2037
2236 2037
2235 2037
2234 2037
2233 2037
2232 2037
2231 2037
2230 2037
2229 2037
2228 2037
2227 2037
2226 2037
2225 2037
2224 2037
2223 2037
2222 2037
2221 2037
2220 2038
2219 2038
2218 2038
2217 2038
2216 2038
2215 2038
2214 2038
2213 2038
2212 2038
2211 2038
2210 2038
2209 2038
2208 2038
2207 2038
2206 2038
2205 2038
2204 2038
2203 2038
2202 2038
2201 2038
2200 2038
2199 2038
2198 2038
2197 2038
2196 2038
2195 2038
2194 2038
2193 2038
2192 2038
2191 2038
2190 2038
2189 2038
2188 2038
2187 2038
2186 2038
2185 2038
2184 2038
2183 2038
2182 2038
2181 2038
2180 2038
2179 2038
2178 2038
2177 2038
2176 2038
2175 2038
2174 2038
2173 2038
2172 2038
2171 2038
2170 2038
2169 2038
2168 2038
2167 2038
2166 2038
2165 2038
2164 2038
2163 2038
2162 2038
2161 2038
2160 2038
2159 2038
2158 2038
2157 2038
2156 2038
2155 2038
2154 2038
2153 2038
2152 2038
2151 2038
2150 2038
2149 2038
2148 2038
2147 2038
2146 2038
2145 2038
2144 2038
2143 2038
2142 2038
2141 2038
2140 2038
2139 2038
2138 2038
2137 2038
2136 2038
2135 2038
2134 2038
2133 2038
2132 2038
2131 2038
2130 2038
2129 2038
2128 2038
2127 2038
2126 2038
2125 2038
2124 2038
2123 2038
2122 2038
2121 2038
2120 2038
2119 2038
2118 2038
2117 2038
2116 2038
2115 2038
2114 2038
2113 2038
2112 2038
2111 2039
2110 2039
2109 2039
2108 2039
2107 2040
2106 2040
2105 2041
2104 2041
2103 2041
2102 2042
2101 2042
2100 2042
2099 2042
2098 2043
2097 2043
2096 2043
2095 2043
2094 2043
2093 2044
2092 2044
2091 2044
2090 2044
2089 2044
2088 2044
2087 2045
2086 2045
2085 2045
2084 2045
2083 2045
2082 2045
2081 2045
2080 2045
2079 2046
2078 2046
2077 2047
2076 2047
2075 2048
2074 2048
2073 2049
2072 2049
2071 2049
2070 2050
2069 2050
2068 2050
2067 2051
2066 2051
2065 2052
2064 2053
2063 2053
2062 2054
2061 2054
2060 2055
2059 2056
2058 2056
2057 2057
2056 2057
2055 2058
2054 2058
2053 2058
2052 2059
2051 2059
2050 2060
2049 2060
2048 2061
2047 2061
2046 2062
2045 2063
2044 2064
2043 2064
2042 2065
2041 2066
2040 2067
2039 2067
2038 2068
2037 2068
2036 2069
2035 2069
2034 2070
2033 2071
2032 2071
2031 2072
2030 2072
2029 2072
2028 2073
2027 2073
2026 2074
2025 2074
2024 2075
2023 2075
2022 2076
2021 2076
2020 2077
2019 2078
2018 2078
2017 2079
2016 2079
2015 2080
2014 2081
2013 2081
2012 2081
2011 2082
2010 2082
2009 2083
2008 2083
2007 2084
2006 2084
2005 2085
2004 2086
2003 2086
2002 2086
2001 2087
2000 2087
1999 2088
1998 2088
1997 2089
1996 2089
1995 2090
1994 2090
1993 2090
1992 2091
1991 2091
1990 2091
1989 2092
1988 2092
1987 2092
1986 2093
1985 2093
1984 2094
1983 2094
1982 2095
1981 2095
1980 2096
1979 2096
1978 2097
1977 2097
1976 2097
1975 2098
1974 2098
1973 2098
1972 2099
1971 2099
1970 2099
1969 2099
1968 2100
1967 2100
1966 2100
1965 2100
1964 2101
1963 2101
1962 2102
1961 2102
1960 2103
1959 2103
1958 2104
1957 2104
1956 2105
1955 2105
1954 2105
1953 2106
1952 2106
1951 2106
1950 2107
1949 2107
1948 2107
1947 2107
1946 2108
1945 2108
1944 2108
1943 2108
1942 2109
1941 2109
1940 2109
1939 2109
1938 2109
1937 2110
1936 2110
1935 2110
1934 2110
1933 2110
1932 2110
1931 2110
1930 2110
1929 2110
1928 2110
1927 2111
1926 2111
1925 2111
1924 2112
1923 2112
1922 2112
1921 2112
1920 2113
1919 2113
1918 2113
1917 2114
1916 2114
1915 2114
1914 2114
1913 2115
1912 2115
1911 2116
1910 2116
1909 2117
1908 2117
1907 2117
1906 2118
1905 2119
1904 2119
1903 2120
1902 2120
1901 2121
1900 2122
1899 2122
1898 2123
1897 2124
1896 2124
1895 2125
1894 2125
1893 2126
1892 2126
1891 2127
1890 2127
1889 2128
1888 2128
1887 2129
1886 2129
1885 2129
1884 2130
1883 2130
1882 2131
1881 2131
1880 2131
1879 2131
1878 2132
1877 2132
1876 2132
1875 2133
1874 2133
1873 2134
1872 2135
1871 2135
1870 2136
1869 2136
1868 2137
1867 2137
1866 2138
1865 2138
1864 2138
1863 2139
1862 2139
1861 2139
1860 2139
1859 2140
1858 2140
1857 2140
1856 2140
1855 2140
1854 2141
1853 2141
1852 2141
1851 2141
1850 2141
1849 2141
1848 2141
1847 2141
1846 2142
1845 2142
1844 2142
1843 2142
1842 2142
1841 2142
1840 2142
1839 2142
1838 2142
1837 2142
1836 2143
1835 2143
1834 2143
1833 2144
1832 2144
1831 2145
1830 2145
1829 2146
1828 2146
1827 2146
1826 2147
1825 2147
1824 2147
1823 2147
1822 2148
1821 2148
1820 2148
1819 2148
1818 2149
1817 2149
1816 2149
1815 2149
1814 2149
1813 2149
1812 2150
1811 2150
1810 2150
1809 2150
1808 2150
1807 2150
1806 2150
1805 2150
1804 2150
1803 2150
1802 2151
1801 2151
1800 2151
1799 2152
1798 2152
1797 2152
1796 2153
1795 2153
1794 2153
1793 2154
1792 2154
1791 2154
1790 2155
1789 2155
1788 2155
1787 2156
1786 2156
1785 2156
1784 2156
1783 2156
1782 2157
1781 2157
1780 2157
1779 2157
1778 2157
1777 2157
1776 2158
1775 2158
1774 2158
1773 2158
1772 2158
1771 2159
1770 2159
1769 2159
1768 2160
1767 2160
1766 2160
1765 2161
1764 2161
1763 2162
1762 2162
1761 2163
1760 2163
1759 2163
1758 2163
1757 2163
1756 2164
1755 2164
1754 2164
1753 2164
1752 2165
1751 2165
1750 2165
1749 2165
1748 2165
1747 2165
1746 2165
1745 2165
1744 2166
1743 2166
1742 2166
1741 2166
1740 2166
1739 2166
1738 2166
1737 2166
1736 2166
1735 2166
1734 2166
1733 2167
1732 2167
1731 2167
1730 2167
1729 2167
1728 2167
1727 2167
1726 2167
1725 2167
1724 2167
1723 2167
1722 2167
1721 2167
1720 2167
1719 2167
1718 2167
1717 2167
1716 2167
1715 2167
1714 2167
1713 2167
1712 2168
1711 2168
1710 2168
1709 2168
1708 2168
1707 2168
1706 2168
1705 2168
1704 2168
1703 2168
1702 2168
1701 2168
1700 2168
1699 2168
1698 2168
1697 2168
1696 2168
1695 2168
1694 2168
1693 2168
1692 2168
1691 2168
1690 2168
1689 2168
1688 2168
1687 2168
1686 2168
1685 2168
1684 2168
1683 2168
1682 2168
1681 2168
1680 2168
1679 2168
1678 2168
1677 2168
1676 2168
1675 2168
1674 2168
1673 2168
1672 2168
1671 2168
1670 2168
1669 2168
1668 2168
1667 2168
1666 2168
1665 2168
1664 2168
1663 2168
1662 2168
1661 2168
1660 2168
1659 2168
1658 2168
1657 2168
1656 2168
1655 2168
1654 2168
1653 2168
1652 2168
1651 2168
1650 2168
1649 2168
1648 2168
1647 2168
1646 2168
1645 2168
1644 2168
1643 2168
1642 2168
1641 2168
1640 2168
1639 2168
1638 2168
1637 2168
1636 2168
1635 2168
1634 2168
1633 2168
1632 2168
1631 2168
1630 2168
1629 2168
1628 2168
1627 2168
1626 2168
1625 2168
1624 2168
1623 2168
1622 2168
1621 2168
1620 2168
1619 2168
1618 2168
1617 2168
1616 2169
1615 2169
1614 2169
1613 2170
1612 2170
1611 2170
1610 2171
1609 2171
1608 2172
1607 2172
1606 2173
1605 2173
1604 2173
1603 2174
1602 2174
1601 2174
1600 2174
1599 2174
1598 2175
1597 2175
1596 2175
1595 2175
1594 2175
1593 2175
1592 2175
1591 2175
1590 2175
1589 2176
1588 2176
1587 2176
1586 2176
1585 2176
1584 2176
1583 2176
1582 2177
1581 2177
1580 2178
1579 2178
1578 2179
1577 2179
1576 2180
1575 2180
1574 2181
1573 2181
1572 2182
1571 2182
1570 2182
1569 2182
1568 2182
1567 2183
1566 2183
1565 2183
1564 2183
1563 2183
1562 2183
1561 2183
1560 2183
1559 2183
1558 2183
1557 2183
1556 2184
1555 2184
1554 2184
1553 2184
1552 2184
1551 2184
1550 2184
1549 2185
1548 2185
1547 2185
1546 2185
1545 2186
1544 2186
1543 2186
1542 2186
1541 2187
1540 2187
1539 2187
1538 2187
1537 2188
1536 2188
1535 2188
1534 2188
1533 2189
1532 2189
1531 2189
1530 2190
1529 2190
1528 2190
1527 2191
1526 2191
1525 2192
1524 2192
1523 2192
1522 2193
1521 2193
1520 2194
1519 2194
1518 2194
1517 2195
1516 2195
1515 2196
1514 2196
1513 2196
1512 2197
1511 2197
1510 2197
1509 2198
1508 2198
1507 2198
1506 2198
1505 2199
1504 2199
1503 2199
1502 2199
1501 2199
1500 2200
1499 2200
1498 2200
1497 2200
1496 2200
1495 2201
1494 2201
1493 2201
1492 2201
1491 2201
1490 2201
1489 2201
1488 2201
1487 2201
1486 2201
1485 2201
1484 2201
1483 2201
1482 2201
1481 2201
1480 2201
1479 2201
1478 2201
1477 2201
1476 2201
1475 2201
1474 2201
1473 2201
1472 2201
1471 2201
1470 2201
1469 2201
1468 2201
1467 2201
1466 2201
1465 2201
1464 2201
1463 2201
1462 2201
1461 2201
1460 2201
1459 2201
1458 2201
1457 2201
1456 2201
1455 2201
1454 2201
1453 2201
1452 2201
1451 2201
1450 2201
1449 2201
1448 2201
1447 2202
1446 2202
1445 2202
1444 2203
1443 2203
1442 2204
1441 2204
1440 2205
1439 2205
1438 2205
1437 2205
1436 2206
1435 2206
1434 2206
1433 2207
1432 2207
1431 2207
1430 2207
1429 2207
1428 2208
1427 2208
1426 2208
1425 2209
1424 2209
1423 2209
1422 2210
1421 2210
1420 2211
1419 2211
1418 2212
1417 2212
1416 2212
1415 2213
1414 2213
1413 2213
1412 2214
1411 2214
1410 2214
1409 2215
1408 2215
1407 2216
1406 2217
1405 2217
1404 2218
1403 2218
1402 2219
1401 2219
1400 2220
1399 2221
1398 2222
1397 2223
1396 2224
1395 2224
1394 2225
1393 2226
1392 2227
1391 2228
1390 2228
1389 2229
1388 2230
1387 2231
1386 2232
1385 2232
1384 2233
1383 2234
1382 2235
1381 2235
1380 2236
1379 2237
1378 2238
1377 2238
1376 2239
1375 2240
1374 2240
1373 2241
1372 2242
1371 2242
1370 2243
1369 2243
1368 2244
1367 2245
1366 2245
1365 2246
1364 2246
1364 2247
1363 2248
1362 2249
1361 2250
1360 2250
1359 2251
1358 2251
1357 2252
1356 2252
1355 2253
1354 2254
1353 2255
1352 2255
1351 2256
1350 2257
1349 2257
1348 2258
1347 2259
1346 2259
1345 2260
1344 2261
1343 2261
1342 2262
1341 2263
1340 2263
1339 2264
1338 2264
1337 2265
1336 2266
1335 2266
1334 2267
1333 2267
1332 2267
1331 2268
1330 2268
1329 2268
1328 2269
1327 2269
1326 2269
1325 2270
1324 2270
1323 2271
1322 2271
1321 2272
1320 2272
1319 2273
1318 2273
1317 2274
1316 2274
1315 2275
1314 2275
1313 2276
1312 2276
1311 2277
1310 2277
1309 2277
1308 2278
1307 2278
1306 2279
1305 2279
1304 2280
1303 2280
1302 2281
1301 2281
1300 2282
1299 2282
1298 2283
1297 2283
1296 2283
1295 2284
1294 2284
1293 2285
1292 2285
1291 2286
1290 2286
1289 2287
1288 2287
1287 2288
1286 2288
1285 2289
1284 2290
1283 2290
1282 2291
1281 2291
1280 2292
1279 2292
1278 2293
1277 2293
1276 2293
1275 2294
1274 2294
1273 2294
1272 2294
1271 2295
1270 2295
1269 2295
1268 2295
1267 2295
1266 2296
1265 2296
1264 2296
1263 2296
1262 2296
1261 2296
1260 2296
1259 2296
1258 2297
1257 2297
1256 2297
1255 2297
1254 2297
1253 2297
1252 2297
1251 2297
1250 2297
1249 2298
1248 2298
1247 2298
1246 2298
1245 2299
1244 2299
1243 2299
1242 2300
1241 2300
1240 2300
1239 2300
1238 2300
1237 2301
1236 2301
1235 2301
1234 2301
1233 2302
1232 2302
1231 2302
1230 2302
1229 2302
1228 2303
1227 2303
1226 2303
1225 2303
1224 2303
1223 2304
1222 2304
1221 2304
1220 2304
1219 2304
1218 2304
1217 2304
1216 2304
1215 2304
1214 2304
1213 2305
1212 2305
1211 2305
1210 2305
1209 2306
1208 2306
1207 2306
1206 2306
1205 2307
1204 2307
1203 2307
1202 2307
1201 2308
1200 2308
1199 2308
1198 2308
1197 2309
1196 2309
1195 2309
1194 2310
1193 2310
1192 2310
1191 2310
1190 2310
1189 2311
1188 2311
1187 2311
1186 2311
1185 2311
1184 2312
1183 2312
1182 2312
1181 2312
1180 2312
1179 2312
1178 2312
1177 2312
1176 2313
1175 2313
1174 2313
1173 2313
1172 2313
1171 2313
1170 2313
1169 2313
1168 2313
1167 2313
1166 2313
1165 2313
1164 2313
1163 2313
1162 2313
1161 2313
1160 2314
1159 2314
1158 2314
1157 2314
1156 2314
1155 2314
1154 2314
1153 2314
1152 2314
1151 2314
1150 2314
1149 2314
1148 2314
1147 2314
1146 2314
1145 2314
1144 2314
1143 2314
1142 2314
1141 2314
1140 2314
1139 2314
1138 2314
1137 2314
1136 2314
1135 2314
1134 2314
1133 2314
1132 2314
1131 2314
1130 2314
1129 2314
1128 2314
1127 2314
1126 2314
1125 2314
1124 2314
1123 2314
1122 2314
1121 2314
1120 2314
1119 2314
1118 2314
1117 2314
1116 2314
1115 2314
1114 2314
1113 2314
1112 2314
1111 2314
1110 2314
1109 2315
1108 2315
1107 2315
1106 2315
1105 2315
1104 2315
1103 2315
1102 2315
1101 2315
1100 2315
1099 2315
1098 2315
1097 2315
1096 2315
1095 2315
1094 2315
1093 2315
1092 2315
1091 2315
1090 2315
1089 2315
1088 2315
1087 2315
1086 2315
1085 2315
1084 2315
1083 2315
1082 2315
1081 2315
1080 2315
1079 2315
1078 2315
1077 2315
1076 2315
1075 2315
1074 2315
1073 2315
1072 2315
1071 2315
1070 2315
1069 2315
1068 2315
1067 2315
1066 2315
1065 2315
1064 2315
1063 2315
1062 2315
1061 2315
1060 2315
1059 2315
1058 2315
1057 2316
1056 2316
1055 2316
1054 2317
1053 2317
1052 2318
1051 2318
1050 2318
1049 2319
1048 2319
1047 2320
1046 2321
1045 2321
1044 2322
1043 2322
1042 2323
1041 2323
1040 2324
1039 2324
1038 2325
1037 2325
1036 2326
1035 2326
1034 2326
1033 2326
1032 2327
1031 2327
1030 2327
1029 2327
1028 2328
1027 2328
1026 2328
1025 2328
1024 2328
1023 2328
1022 2329
1021 2329
1020 2329
1019 2329
1018 2329
1017 2329
1016 2329
1015 2330
1014 2330
1013 2330
1012 2331
1011 2331
1010 2331
1009 2332
1008 2332
1007 2332
1006 2333
1005 2333
1004 2333
1003 2334
1002 2334
1001 2334
1000 2335
999 2335
998 2335
997 2335
996 2336
995 2336
994 2336
993 2336
992 2336
991 2337
990 2337
989 2337
988 2337
987 2337
986 2337
985 2338
984 2338
983 2338
982 2338
981 2338
980 2338
979 2338
978 2338
977 2338
976 2338
975 2338
974 2338
973 2339
972 2339
971 2339
970 2339
969 2339
968 2339
967 2339
966 2339
965 2339
964 2339
963 2339
962 2339
961 2339
960 2339
959 2339
958 2339
957 2340
956 2340
955 2340
954 2341
953 2341
952 2341
951 2342
950 2342
949 2343
948 2343
947 2343
946 2344
945 2344
944 2344
943 2344
942 2345
941 2345
940 2345
939 2345
938 2345
937 2345
936 2345
935 2346
934 2346
933 2346
932 2346
931 2346
930 2346
929 2346
928 2346
927 2346
926 2346
925 2346
924 2346
923 2347
922 2347
921 2347
920 2348
919 2348
918 2349
917 2349
916 2349
915 2350
914 2350
913 2351
912 2351
911 2351
910 2352
909 2352
908 2352
907 2352
906 2352
905 2353
904 2353
903 2353
902 2353
901 2353
900 2354
899 2354
898 2354
897 2354
896 2354
895 2354
894 2354
893 2354
892 2354
891 2355
890 2355
889 2355
888 2355
887 2355
886 2355
885 2355
884 2355
883 2355
882 2355
881 2355
880 2355
879 2355
878 2355
877 2355
876 2355
875 2355
874 2355
873 2355
872 2356
871 2356
870 2357
869 2357
868 2358
867 2359
866 2359
865 2359
864 2360
863 2360
862 2360
861 2361
860 2361
859 2361
858 2361
857 2362
856 2362
855 2362
854 2362
853 2362
852 2363
851 2363
850 2363
849 2363
849 2364
849 2365
848 2366
848 2367
849 2368
850 2369
851 2369
852 2370
853 2371
854 2371
855 2372
856 2372
857 2373
858 2373
859 2374
860 2374
861 2374
862 2375
863 2375
864 2375
865 2375
866 2375
867 2376
868 2376
869 2376
870 2376
871 2376
872 2376
873 2377
874 2377
875 2377
876 2377
877 2377
878 2377
879 2377
880 2377
881 2377
882 2377
883 2378
884 2378
885 2378
886 2378
887 2379
888 2379
889 2379
890 2380
891 2380
892 2380
893 2380
894 2381
895 2381
896 2382
897 2382
898 2382
899 2383
900 2383
901 2383
902 2383
903 2383
904 2384
905 2384
906 2384
907 2384
908 2384
909 2384
910 2384
911 2385
912 2385
913 2385
914 2385
915 2385
916 2385
917 2385
918 2385
919 2385
920 2385
921 2386
922 2386
923 2386
924 2386
925 2386
926 2386
927 2386
928 2386
929 2386
930 2386
931 2386
932 2386
933 2386
934 2386
935 2386
936 2386
937 2386
938 2386
939 2386
940 2386
941 2386
942 2386
943 2386
944 2386
945 2386
946 2386
947 2386
948 2386
949 2386
950 2386
951 2386
952 2386
953 2386
954 2386
955 2387
956 2387
957 2387
958 2387
959 2386
960 2386
961 2386
962 2387
963 2387
964 2387
965 2387
966 2387
967 2387
968 2387
969 2387
970 2386
971 2386
972 2386
973 2386
974 2386
975 2386
976 2386
977 2387
978 2387
979 2387
980 2387
981 2387
982 2387
983 2387
984 2387
985 2387
986 2387
987 2387
988 2387
989 2387
990 2387
991 2387
992 2387
993 2387
994 2387
995 2387
996 2387
997 2387
998 2387
999 2387
1000 2387
1001 2387
1002 2387
1003 2387
1004 2387
1005 2386
1006 2386
1007 2386
1008 2386
1009 2386
1010 2386
1011 2386
1012 2386
1013 2386
1014 2386
1015 2386
1016 2386
1017 2386
1018 2386
1019 2386
1020 2386
1021 2386
1022 2386
1023 2386
1024 2386
1025 2386
1026 2386
1027 2386
1028 2386
1029 2386
1030 2386
1031 2386
1032 2386
1033 2386
1034 2386
1035 2386
1036 2386
1037 2386
1038 2386
1039 2386
1040 2386
1041 2386
1042 2386
1043 2386
1044 2386
1045 2386
1046 2386
1047 2386
1048 2386
1049 2386
1050 2386
1051 2386
1052 2386
1053 2386
1054 2386
1055 2386
1056 2386
1057 2386
1058 2386
1059 2386
1060 2386
1061 2386
1062 2386
1063 2386
1064 2386
1065 2386
1066 2386
1067 2386
1068 2386
1069 2386
1070 2386
1071 2386
1072 2386
1073 2386
1074 2386
1075 2386
1076 2386
1077 2386
1078 2386
1079 2386
1080 2386
1081 2386
1082 2386
1083 2386
1084 2386
1085 2386
1086 2386
1087 2386
1088 2386
1089 2386
1090 2386
1091 2386
1092 2386
1093 2386
1094 2386
1095 2386
1096 2386
1097 2386
1098 2386
1099 2386
1100 2386
1101 2386
1102 2386
1103 2386
1104 2386
1105 2386
1106 2386
1107 2386
1108 2386
1109 2386
1110 2386
1111 2386
1112 2386
1113 2386
1114 2386
1115 2386
1116 2386
1117 2386
1118 2386
1119 2386
1120 2386
1121 2386
1122 2386
1123 2386
1124 2386
1125 2386
1126 2386
1127 2386
1128 2386
1129 2386
1130 2387
1131 2387
1132 2387
1133 2387
1134 2387
1135 2388
1136 2388
1137 2388
1138 2388
1139 2389
1140 2389
1141 2389
1142 2390
1143 2390
1144 2390
1145 2390
1146 2390
1147 2391
1148 2391
1149 2391
1150 2391
1151 2392
1152 2392
1153 2392
1154 2393
1155 2393
1156 2393
1157 2394
1158 2394
1159 2394
1160 2395
1161 2395
1162 2396
1163 2396
1164 2396
1165 2397
1166 2397
1167 2397
1168 2397
1169 2397
1170 2398
1171 2398
1172 2398
1173 2398
1174 2399
1175 2399
1176 2399
1177 2400
1178 2400
1179 2401
1180 2401
1181 2401
1182 2402
1183 2402
1184 2402
1185 2403
1186 2403
1187 2403
1188 2404
1189 2404
1190 2405
1191 2405
1192 2405
1193 2405
1194 2406
1195 2406
1196 2406
1197 2406
1198 2407
1199 2407
1200 2407
1201 2408
1202 2408
1203 2409
1204 2409
1205 2410
1206 2411
1207 2411
1208 2412
1209 2412
1210 2413
1211 2413
1212 2413
1213 2414
1214 2414
1215 2415
1216 2415
1217 2415
1218 2415
1219 2415
1220 2416
1221 2416
1222 2416
1223 2416
1224 2416
1225 2416
1226 2416
1227 2416
1228 2416
1229 2416
1230 2417
1231 2417
1232 2417
1233 2417
1234 2417
1235 2417
1236 2418
1237 2418
1238 2418
1239 2419
1240 2419
1241 2419
1242 2420
1243 2420
1244 2421
1245 2421
1246 2421
1247 2422
1248 2422
1249 2422
1250 2422
1251 2422
1252 2423
1253 2423
1254 2423
1255 2423
1256 2424
1257 2424
1258 2424
1259 2425
1260 2425
1261 2425
1262 2426
1263 2426
1264 2427
1265 2427
1266 2427
1267 2428
1268 2428
1269 2429
1270 2429
1271 2430
1272 2430
1273 2430
1274 2430
1275 2430
1276 2430
1277 2431
1278 2431
1279 2431
1280 2431
1281 2431
1282 2431
1283 2432
1284 2432
1285 2432
1286 2433
1287 2433
1288 2433
1289 2433
1290 2434
1291 2434
1292 2435
1293 2435
1294 2435
1295 2436
1296 2436
1297 2436
1298 2437
1299 2437
1300 2437
1301 2437
1302 2438
1303 2438
1304 2438
1305 2438
1306 2438
1307 2438
1308 2439
1309 2439
1310 2439
1311 2439
1312 2439
1313 2439
1314 2439
1315 2439
1316 2439
1317 2440
1318 2440
1319 2440
1320 2441
1321 2441
1322 2441
1323 2442
1324 2442
1325 2442
1326 2443
1327 2443
1328 2444
1329 2444
1330 2444
1331 2444
1332 2445
1333 2445
1334 2445
1335 2445
1336 2446
1337 2446
1338 2446
1339 2446
1340 2446
1341 2446
1342 2447
1343 2447
1344 2447
1345 2447
1346 2447
1347 2447
1348 2447
1349 2447
1350 2447
1351 2448
1352 2448
1353 2448
1354 2449
1355 2449
1356 2449
1357 2449
1358 2450
1359 2450
1360 2451
1361 2451
1362 2451
1363 2452
1364 2452
1365 2452
1366 2453
1367 2453
1368 2453
1369 2454
1370 2454
1371 2455
1372 2455
1373 2456
1374 2456
1375 2457
1376 2457
1377 2458
1378 2458
1379 2458
1380 2459
1381 2459
1382 2459
1383 2459
1384 2460
1385 2460
1386 2460
1387 2460
1388 2461
1389 2461
1390 2461
1391 2461
1392 2461
1393 2462
1394 2462
1395 2462
1396 2462
1397 2462
1398 2462
1399 2462
1400 2463
1401 2463
1402 2463
1403 2463
1404 2463
1405 2463
1406 2463
1407 2463
1408 2463
1409 2463
1410 2463
1411 2463
1412 2463
1413 2463
1414 2464
1415 2464
1416 2464
1417 2464
1418 2464
1419 2464
1420 2464
1421 2464
1422 2464
1423 2464
1424 2465
1425 2465
1426 2465
1427 2466
1428 2466
1429 2466
1430 2467
1431 2467
1432 2467
1433 2468
1434 2468
1435 2468
1436 2469
1437 2469
1438 2469
1439 2470
1440 2470
1441 2470
1442 2471
1443 2471
1444 2472
1445 2473
1446 2474
1447 2474
1448 2475
1449 2475
1450 2476
1451 2476
1452 2476
1453 2476
1454 2477
1455 2477
1456 2477
1457 2477
1458 2478
1459 2478
1460 2478
1461 2478
1462 2478
1463 2478
1464 2478
1465 2479
1466 2479
1467 2479
1468 2479
1469 2479
1470 2479
1471 2479
1472 2480
1473 2480
1474 2480
1475 2481
1476 2481
1477 2481
1478 2481
1479 2482
1480 2482
1481 2482
1482 2483
1483 2483
1484 2483
1485 2484
1486 2484
1487 2484
1488 2485
1489 2485
1490 2486
1491 2486
1492 2486
1493 2487
1494 2487
1495 2488
1496 2488
1497 2488
1498 2489
1499 2489
1500 2490
1501 2490
1502 2490
1503 2491
1504 2491
1505 2491
1506 2492
1507 2492
1508 2492
1509 2492
1510 2493
1511 2493
1512 2493
1513 2493
1514 2493
1515 2493
1516 2493
1517 2494
1518 2494
1519 2494
1520 2494
1521 2494
1522 2494
1523 2494
1524 2494
1525 2495
1526 2496
1527 2497
1528 2497
1529 2498
1530 2498
1531 2499
1532 2499
1533 2499
1534 2500
1535 2500
1536 2501
1537 2502
1538 2502
1539 2503
1540 2504
1541 2504
1542 2505
1543 2505
1544 2506
1545 2506
1546 2506
1547 2507
1548 2507
1549 2508
1550 2508
1551 2509
1552 2509
1553 2510
1554 2510
1555 2511
1556 2512
1557 2513
1558 2513
1559 2514
1560 2515
1561 2515
1562 2515
1563 2516
1564 2517
1565 2517
1566 2518
1567 2519
1568 2519
1569 2520
1570 2520
1571 2521
1572 2521
1573 2522
1574 2522
1575 2522
1576 2523
1577 2523
1578 2523
1579 2523
1580 2524
1581 2524
1582 2524
1583 2524
1584 2525
1585 2525
1586 2525
1587 2525
1588 2526
1589 2526
1590 2527
1591 2527
1592 2528
1593 2528
1594 2529
1595 2529
1596 2530
1597 2530
1598 2531
1599 2531
1600 2531
1601 2532
1602 2532
1603 2532
1604 2532
1605 2532
1606 2533
1607 2533
1608 2533
1609 2533
1610 2533
1611 2533
1612 2534
1613 2534
1614 2534
1615 2534
1616 2534
1617 2534
1618 2534
1619 2534
1620 2534
1621 2534
1622 2535
1623 2535
1624 2535
1625 2536
1626 2536
1627 2537
1628 2537
1629 2538
1630 2538
1631 2539
1632 2539
1633 2539
1634 2540
1635 2540
1636 2540
1637 2541
1638 2541
1639 2542
1640 2543
1641 2543
1642 2544
1643 2545
1644 2545
1645 2546
1646 2546
1647 2546
1648 2547
1649 2547
1650 2547
1651 2548
1652 2548
1653 2548
1654 2548
1655 2549
1656 2549
1657 2550
1658 2550
1659 2551
1660 2551
1661 2552
1662 2553
1663 2553
1664 2554
1665 2555
1666 2555
1667 2555
1668 2556
1669 2556
1670 2556
1671 2556
1672 2557
1673 2557
1674 2557
1675 2557
1676 2557
1677 2557
1678 2558
1679 2558
1680 2558
1681 2558
1682 2558
1683 2558
1684 2558
1685 2558
1686 2558
1687 2558
1688 2559
1689 2559
1690 2559
1691 2560
1692 2561
1693 2561
1694 2562
1695 2562
1696 2563
1697 2563
1698 2563
1699 2564
1700 2564
1701 2564
1702 2565
1703 2565
1704 2565
1705 2565
1706 2565
1707 2565
1708 2565
1709 2565
1710 2566
1711 2566
1712 2566
1713 2567
1714 2567
1715 2567
1716 2568
1717 2568
1718 2569
1719 2569
1720 2569
1721 2570
1722 2570
1723 2571
1724 2571
1725 2571
1726 2572
1727 2572
1728 2572
1729 2572
1730 2573
1731 2573
1732 2573
1733 2573
1734 2573
1735 2573
1736 2573
1737 2574
1738 2574
1739 2574
1740 2574
1741 2574
1742 2574
1743 2574
1744 2574
1745 2574
1746 2574
1747 2574
1748 2575
1749 2575
1750 2575
1751 2576
1752 2576
1753 2576
1754 2577
1755 2577
1756 2578
1757 2578
1758 2579
1759 2579
1760 2579
1761 2579
1762 2580
1763 2580
1764 2580
1765 2580
1766 2581
1767 2581
1768 2581
1769 2581
1770 2581
1771 2582
1772 2582
1773 2582
1774 2582
1775 2583
1775 2584
1775 2585
1776 2586
1777 2586
1778 2587
1779 2588
1780 2588
1781 2588
1782 2588
1783 2589
1784 2589
1785 2589
1786 2589
1787 2589
1788 2589
1789 2589
1790 2589
1791 2590
1792 2590
1793 2590
1794 2590
1795 2590
1796 2590
1797 2590
1798 2590
1799 2590
1800 2591
1801 2591
1802 2591
1803 2592
1804 2592
1805 2593
1806 2593
1807 2594
1808 2594
1809 2595
1810 2595
1811 2595
1812 2595
1813 2596
1814 2596
1815 2596
1816 2596
1817 2597
1818 2597
1819 2597
1820 2597
1821 2598
1822 2598
1823 2599
1824 2600
1825 2601
1826 2601
1827 2601
1828 2602
1829 2602
1830 2603
1831 2603
1832 2603
1833 2603
1834 2604
1835 2604
1836 2605
1837 2605
1838 2606
1839 2606
1840 2607
1841 2607
1842 2608
1843 2608
1844 2609
1845 2609
1846 2609
1847 2610
1848 2610
1849 2610
1850 2610
1851 2611
1852 2611
1853 2611
1854 2611
1855 2611
1856 2612
1857 2612
1858 2613
1859 2613
1860 2613
1861 2614
1862 2614
1863 2614
1864 2615
1865 2615
1866 2616
1867 2616
1868 2617
1869 2617
1870 2618
1871 2618
1872 2619
1873 2619
1874 2620
1875 2620
1876 2621
1877 2621
1878 2622
1879 2622
1880 2623
1881 2623
1882 2624
1883 2624
1884 2624
1885 2625
1886 2625
1887 2625
1888 2626
1889 2626
1890 2626
1891 2626
1892 2627
1893 2627
1894 2627
1895 2628
1896 2628
1897 2628
1898 2628
1899 2629
1900 2629
1901 2629
1902 2629
1903 2629
1904 2629
1905 2629
1906 2629
1907 2629
1908 2629
1909 2629
1910 2629
1911 2629
1912 2629
1913 2629
1914 2629
1915 2629
1916 2629
1917 2630
1918 2630
1919 2630
1920 2630
1921 2630
1922 2630
1923 2631
1924 2631
1925 2631
1926 2631
1927 2632
1928 2632
1929 2632
1930 2633
1931 2633
1932 2634
1933 2634
1934 2634
1935 2634
1936 2635
1937 2635
1938 2635
1939 2635
1940 2635
1941 2635
1942 2636
1943 2636
1944 2636
1945 2636
1946 2636
1947 2636
1948 2636
1949 2636
1950 2636
1951 2637
1952 2637
1953 2637
1954 2637
1955 2638
1956 2638
1957 2639
1958 2639
1959 2640
1960 2640
1961 2640
1962 2641
1963 2641
1964 2642
1965 2642
1966 2642
1967 2642
1968 2643
1969 2643
1970 2643
1971 2643
1972 2643
1973 2643
1974 2643
1975 2644
1976 2644
1977 2644
1978 2644
1979 2644
1980 2644
1981 2644
1982 2644
1983 2644
1984 2644
1985 2644
1986 2644
1987 2645
1988 2645
1989 2645
1990 2645
1991 2645
1992 2645
1993 2646
1994 2646
1995 2646
1996 2647
1997 2647
1998 2647
1999 2648
2000 2648
2001 2648
2002 2648
2003 2649
2004 2649
2005 2649
2006 2649
2007 2649
2008 2650
2009 2650
2010 2650
2011 2650
2012 2650
2013 2650
2014 2651
2015 2651
2016 2651
2017 2652
2018 2652
2019 2652
2020 2652
2021 2653
2022 2653
2023 2653
2024 2654
2025 2654
2026 2654
2027 2654
2028 2655
2029 2655
2030 2655
2031 2656
2032 2656
2033 2656
2034 2657
2035 2657
2036 2657
2037 2657
2038 2658
2039 2658
2040 2658
2041 2658
2042 2658
2043 2658
2044 2659
2045 2659
2046 2659
2047 2659
2048 2659
2049 2659
2050 2659
2051 2660
2052 2660
2053 2660
2054 2660
2055 2660
2056 2660
2057 2660
2058 2660
2059 2660
2060 2660
2061 2660
2062 2660
2063 2660
2064 2660
2065 2660
2066 2660
2067 2660
2068 2660
2069 2661
2070 2661
2071 2661
2072 2661
2073 2661
2074 2661
2075 2661
2076 2661
2077 2661
2078 2661
2079 2661
2080 2661
2081 2662
2082 2662
2083 2663
2084 2663
2085 2664
2086 2664
2087 2664
2088 2665
2089 2665
2090 2665
2091 2666
2092 2666
2093 2666
2094 2666
2095 2666
2096 2667
2097 2667
2098 2667
2099 2667
2100 2667
2101 2667
2102 2667
2103 2667
2104 2668
2105 2668
2106 2668
2107 2668
2108 2668
2109 2668
2110 2668
2111 2668
2112 2668
2113 2668
2114 2668
2115 2668
2116 2668
2117 2668
2118 2668
2119 2668
2120 2668
2121 2668
2122 2668
2123 2669
2124 2669
2125 2669
2126 2669
2127 2669
2128 2669
2129 2669
2130 2669
2131 2669
2132 2669
2133 2669
2134 2669
2135 2669
2136 2669
2137 2669
2138 2669
2139 2669
2140 2669
2141 2669
2142 2669
2143 2669
2144 2669
2145 2669
2146 2669
2147 2669
2148 2669
2149 2669
2150 2669
2151 2669
2152 2669
2153 2669
2154 2669
2155 2669
2156 2669
2157 2669
2158 2669
2159 2669
2160 2669
2161 2669
2162 2669
2163 2669
2164 2669
2165 2669
2166 2669
2167 2669
2168 2669
2169 2669
2170 2669
2171 2669
2172 2669
2173 2669
2174 2669
2175 2669
2176 2669
2177 2669
2178 2669
2179 2669
2180 2669
2181 2669
2182 2669
2183 2669
2184 2669
2185 2669
2186 2669
2187 2669
2188 2669
2189 2669
2190 2669
2191 2669
2192 2669
2193 2669
2194 2669
2195 2669
2196 2669
2197 2669
2198 2669
2199 2669
2200 2669
2201 2668
2202 2669
2203 2668
2204 2668
2205 2668
2206 2668
2207 2668
2208 2668
2209 2668
2210 2668
2211 2668
2212 2668
2213 2668
2214 2668
2215 2668
2216 2668
2217 2668
2218 2668
2219 2668
2220 2668
2221 2668
2222 2668
2223 2668
2224 2668
2225 2668
2226 2668
2227 2668
2228 2668
2229 2668
2230 2668
2231 2668
2232 2668
2233 2668
2234 2668
2235 2668
2236 2668
2237 2668
2238 2668
2239 2668
2240 2669
2241 2669
2242 2669
2243 2670
2244 2670
2245 2670
2246 2670
2247 2671
2248 2671
2249 2671
2250 2672
2251 2672
2252 2672
2253 2672
2254 2673
2255 2673
2256 2673
2257 2673
2258 2673
2259 2674
2260 2674
2261 2674
2262 2674
2263 2674
2264 2674
2265 2674
2266 2674
2267 2675
2268 2675
2269 2675
2270 2675
2271 2675
2272 2675
2273 2675
2274 2675
2275 2675
2276 2675
2277 2676
2278 2676
2279 2676
2280 2677
2281 2677
2282 2677
2283 2678
2284 2678
2285 2679
2286 2679
2287 2680
2288 2680
2289 2681
2290 2681
2291 2681
2292 2682
2293 2682
2294 2682
2295 2682
2296 2682
2297 2682
2298 2682
2299 2683
2300 2683
2301 2683
2302 2683
2303 2683
2304 2683
2305 2683
2306 2683
2307 2683
2308 2683
2309 2683
2310 2683
2311 2683
2312 2683
2313 2683
2314 2683
2315 2684
2316 2684
2317 2684
2318 2684
2319 2684
2320 2684
2321 2684
2322 2684
2323 2684
2324 2684
2325 2684
2326 2684
2327 2684
2328 2684
2329 2684
2330 2684
2331 2684
2332 2684
2333 2684
2334 2684
2335 2684
2336 2684
2337 2684
2338 2684
2339 2684
2340 2684
2341 2684
2342 2684
2343 2684
2344 2684
2345 2684
2346 2684
2347 2684
2348 2684
2349 2684
2350 2684
2351 2684
2352 2684
2353 2684
2354 2684
2355 2684
2356 2684
2357 2684
2358 2684
2359 2684
2360 2684
2361 2684
2362 2684
2363 2684
2364 2684
2365 2684
2366 2684
2367 2684
2368 2684
2369 2684
2370 2684
2371 2684
2372 2684
2373 2684
2374 2684
2375 2684
2376 2684
2377 2684
2378 2684
2379 2684
2380 2684
2381 2684
2382 2684
2383 2684
2384 2684
2385 2684
2386 2684
2387 2684
2388 2684
2389 2684
2390 2684
2391 2684
2392 2684
2393 2684
2394 2684
2395 2684
2396 2684
2397 2684
2398 2684
2399 2684
2400 2684
2401 2684
2402 2684
2403 2684
2404 2684
2405 2684
2406 2684
2407 2684
2408 2683
2409 2683
2410 2683
2411 2683
2412 2683
2413 2683
2414 2683
2415 2683
2416 2683
2417 2683
2418 2683
2419 2683
2420 2683
2421 2683
2422 2683
2423 2683
2424 2683
2425 2683
2426 2683
2427 2683
2428 2683
2429 2683
2430 2683
2431 2683
2432 2683
2433 2683
2434 2683
2435 2683
2436 2683
2437 2683
2438 2683
2439 2683
2440 2683
2441 2683
2442 2683
2443 2683
2444 2683
2445 2683
2446 2683
2447 2683
2448 2683
2449 2683
2450 2683
2451 2683
2452 2683
2453 2683
2454 2683
2455 2683
2456 2683
2457 2683
2458 2683
2459 2683
2460 2683
2461 2683
2462 2683
2463 2683
2464 2683
2465 2683
2466 2683
2467 2683
2468 2683
2469 2683
2470 2683
2471 2683
2472 2683
2473 2683
2474 2683
2475 2683
2476 2683
2477 2683
2478 2683
2479 2683
2480 2683
2481 2683
2482 2683
2483 2683
2484 2683
2485 2683
2486 2683
2487 2683
2488 2683
2489 2684
2490 2684
2491 2685
2492 2685
2493 2686
2494 2686
2495 2686
2496 2687
2497 2687
2498 2687
2499 2688
2500 2688
2501 2688
2502 2688
2503 2689
2504 2689
2505 2689
2506 2689
2507 2689
2508 2690
2509 2690
2510 2690
2511 2690
2512 2690
2513 2690
2514 2690
2515 2690
2516 2690
2517 2690
2518 2690
2519 2690
2520 2690
2521 2690
2522 2691
2523 2691
2524 2691
2525 2691
2526 2691
2527 2691
2528 2691
2529 2691
2530 2691
2531 2691
2532 2691
2533 2691
2534 2691
2535 2691
2536 2691
2537 2691
2538 2692
2539 2692
2540 2692
2541 2692
2542 2692
2543 2693
2544 2693
2545 2693
2546 2693
2547 2693
2548 2694
2549 2694
2550 2694
2551 2694
2552 2694
2553 2695
2554 2695
2555 2695
2556 2695
2557 2695
2558 2696
2559 2696
2560 2696
2561 2696
2562 2696
2563 2696
2564 2696
2565 2697
2566 2697
2567 2697
2568 2697
2569 2697
2570 2697
2571 2697
2572 2697
2573 2697
2574 2697
2575 2697
2576 2697
2577 2698
2578 2698
2579 2698
2580 2698
2581 2698
2582 2698
2583 2698
2584 2698
2585 2698
2586 2698
2587 2698
2588 2698
2589 2698
2590 2698
2591 2698
2592 2698
2593 2698
2594 2698
2595 2698
2596 2698
2597 2698
2598 2698
2599 2698
2600 2698
2601 2698
2602 2698
2603 2698
2604 2698
2605 2698
2606 2698
2607 2698
2608 2698
2609 2698
2610 2698
2611 2698
2612 2698
2613 2698
2614 2698
2615 2698
2616 2698
2617 2698
2618 2698
2619 2698
2620 2698
2621 2698
2622 2698
2623 2698
2624 2698
2625 2698
2626 2698
2627 2698
2628 2698
2629 2698
2630 2698
2631 2698
2632 2698
2633 2698
2634 2698
2635 2698
2636 2698
2637 2698
2638 2698
2639 2698
2640 2698
2641 2698
2642 2698
2643 2698
2644 2698
2645 2698
2646 2698
2647 2698
2648 2698
2649 2698
2650 2698
2651 2698
2652 2698
2653 2698
2654 2698
2655 2698
2656 2698
2657 2698
2658 2698
2659 2698
2660 2698
2661 2698
2662 2698
2663 2698
2664 2698
2665 2698
2666 2698
2667 2698
2668 2698
2669 2699
2670 2699
2671 2699
2672 2700
2673 2700
2674 2701
2675 2701
2676 2702
2677 2702
2678 2703
2679 2703
2680 2704
2681 2704
2682 2705
2683 2706
2684 2706
2685 2707
2686 2708
2687 2708
2688 2709
2689 2709
2690 2710
2691 2710
2692 2710
2693 2710
2694 2711
2695 2711
2696 2711
2697 2711
2698 2712
2699 2712
2700 2712
2701 2712
2702 2712
2703 2712
2704 2712
2705 2713
2706 2713
2707 2713
2708 2713
2709 2713
2710 2713
2711 2713
2712 2713
2713 2713
2714 2713
2715 2713
2716 2713
2717 2713
2718 2713
2719 2713
2720 2713
2721 2713
2722 2714
2723 2714
2724 2714
2725 2714
2726 2714
2727 2714
2728 2714
2729 2714
2730 2714
2731 2714
2732 2714
2733 2714
2734 2714
2735 2714
2736 2714
2737 2714
2738 2714
2739 2714
2740 2714
2741 2714
2742 2714
2743 2714
2744 2714
2745 2714
2746 2714
2747 2714
2748 2714
2749 2714
2750 2714
2751 2714
2752 2714
2753 2714
2754 2714
2755 2714
2756 2714
2757 2714
2758 2714
2759 2714
2760 2714
2761 2714
2762 2714
2763 2714
2764 2714
2765 2714
2766 2714
2767 2714
2768 2714
2769 2714
2770 2714
2771 2714
2772 2714
2773 2714
2774 2714
2775 2714
2776 2714
2777 2714
2778 2714
2779 2713
2780 2713
2781 2713
2782 2713
2783 2713
2784 2712
2785 2712
2786 2712
2787 2711
2788 2711
2789 2711
2790 2710
2791 2710
2792 2710
2793 2710
2794 2709
2795 2709
2796 2709
2797 2709
2798 2709
2799 2708
2800 2708
2801 2708
2802 2708
2803 2708
2804 2708
2805 2707
2806 2707
2807 2707
2808 2707
2809 2707
2810 2707
2811 2707
2812 2707
2813 2707
2814 2707
2815 2707
2816 2706
2817 2706
2818 2706
2819 2706
2820 2706
2821 2706
2822 2706
2823 2706
2824 2706
2825 2706
2826 2706
2827 2706
2828 2706
2829 2706
2830 2706
2831 2706
2832 2706
2833 2706
2834 2706
2835 2706
2836 2706
2837 2706
2838 2706
2839 2706
2840 2706
2841 2705
2842 2705
2843 2705
2844 2705
2845 2705
2846 2704
2847 2704
2848 2704
2849 2704
2850 2703
2851 2703
2852 2702
2853 2702
2854 2702
2855 2701
2856 2701
2857 2701
2858 2700
2859 2700
2860 2700
2861 2700
2862 2700
2863 2699
2864 2699
2865 2699
2866 2699
2867 2699
2868 2699
2869 2698
2870 2698
2871 2698
2872 2698
2873 2698
2874 2698
2875 2698
2876 2698
2877 2698
2878 2698
2879 2698
2880 2698
2881 2698
2882 2698
2883 2698
2884 2698
2885 2698
2886 2698
2887 2697
2888 2697
2889 2697
2890 2697
2891 2697
2892 2697
2893 2697
2894 2697
2895 2697
2896 2697
2897 2697
2898 2697
2899 2697
2900 2697
2901 2697
2902 2697
2903 2697
2904 2697
2905 2697
2906 2697
2907 2697
2908 2697
2909 2697
2910 2697
2911 2697
2912 2697
2913 2697
2914 2697
2915 2697
2916 2697
2917 2697
2918 2697
2919 2697
2920 2697
2921 2697
2922 2697
2923 2697
2924 2697
2925 2697
2926 2697
2927 2697
2928 2697
2929 2697
2930 2697
2931 2697
2932 2697
2933 2697
2934 2697
2935 2697
2936 2697
2937 2697
2938 2697
2939 2697
2940 2697
2941 2697
2942 2697
2943 2697
2944 2697
2945 2697
2946 2697
2947 2697
2948 2697
2949 2697
2950 2697
2951 2697
2952 2697
2953 2697
2954 2697
2955 2697
2956 2697
2957 2697
2958 2697
2959 2697
2960 2697
2961 2697
2962 2697
2963 2697
2964 2697
2965 2697
2966 2697
2967 2697
2968 2697
2969 2698
2970 2698
2971 2698
2972 2699
2973 2699
2974 2700
2975 2700
2976 2700
2977 2701
2978 2701
2979 2701
2980 2702
2981 2702
2982 2702
2983 2702
2984 2702
2985 2703
2986 2703
2987 2703
2988 2704
2989 2704
2990 2705
2991 2705
2992 2706
2993 2706
2994 2707
2995 2707
2996 2708
2997 2708
2998 2708
2999 2708
3000 2709
3001 2709
3002 2709
3003 2709
3004 2710
3005 2710
3006 2710
3007 2710
3008 2710
3009 2710
3010 2711
3011 2711
3012 2711
3013 2711
3014 2711
3015 2711
3016 2711
3017 2711
3018 2711
3019 2711
3020 2711
3021 2711
3022 2711
3023 2711
3024 2712
3025 2712
3026 2712
3027 2712
3028 2712
3029 2712
3030 2712
3031 2712
3032 2712
3033 2712
3034 2712
3035 2712
3036 2712
3037 2712
3038 2712
3039 2712
3040 2712
3041 2712
3042 2712
3043 2712
3044 2712
3045 2712
3046 2712
3047 2712
3048 2712
3049 2712
3050 2712
3051 2712
3052 2712
3053 2712
3054 2712
3055 2712
3056 2712
3057 2712
3058 2712
3059 2712
3060 2712
3061 2712
3062 2712
3063 2712
3064 2712
3065 2712
3066 2712
3067 2712
3068 2712
3069 2712
3070 2712
3071 2712
3072 2712
3073 2712
3074 2712
3075 2712
3076 2712
3077 2712
3078 2712
3079 2712
3080 2712
3081 2712
3082 2712
3083 2712
3084 2712
3085 2712
3086 2712
3087 2712
3088 2712
3089 2712
3090 2712
3091 2712
3092 2712
3093 2712
3094 2712
3095 2712
3096 2712
3097 2712
3098 2712
3099 2712
3100 2712
3101 2712
3102 2712
3103 2712
3104 2712
3105 2712
3106 2712
3107 2712
3108 2712
3109 2712
3110 2712
3111 2712
3112 2712
3113 2712
3114 2712
3115 2712
3116 2712
3117 2712
3118 2712
3119 2712
3120 2712
3121 2712
3122 2712
3123 2712
3124 2712
3125 2712
3126 2712
3127 2712
3128 2712
3129 2712
3130 2712
3131 2712
3132 2712
3133 2712
3134 2712
3135 2712
3136 2712
3137 2712
3138 2712
3139 2712
3140 2712
3141 2712
3142 2712
3143 2712
3144 2712
3145 2712
3146 2712
3147 2712
3148 2712
3149 2712
3150 2712
3151 2712
3152 2712
3153 2712
3154 2712
3155 2712
3156 2712
3157 2712
3158 2712
3159 2712
3160 2712
3161 2712
3162 2712
3163 2712
3164 2712
3165 2712
3166 2712
3167 2712
3168 2712
3169 2712
3170 2712
3171 2712
3172 2712
3173 2712
3174 2712
3175 2712
3176 2712
3177 2712
3178 2712
3179 2712
3180 2712
3181 2712
3182 2712
3183 2712
3184 2712
3185 2712
3186 2712
3187 2712
3188 2712
3189 2712
3190 2712
3191 2712
3192 2712
3193 2712
3194 2712
3195 2712
3196 2712
3197 2712
3198 2712
3199 2712
3200 2712
3201 2712
3202 2712
3203 2712
3204 2712
3205 2712
3206 2712
3207 2712
3208 2712
3209 2712
3210 2712
3211 2712
3212 2712
3213 2712
3214 2712
3215 2712
3216 2712
3217 2712
3218 2712
3219 2712
3220 2712
3221 2712
3222 2712
3223 2712
3224 2712
3225 2712
3226 2712
3227 2711
3228 2711
3229 2711
3230 2710
3231 2710
3232 2709
3233 2709
3234 2708
3235 2708
3236 2708
3237 2707
3238 2707
3239 2707
3240 2706
3241 2706
3242 2706
3243 2706
3244 2706
3245 2705
3246 2705
3247 2705
3248 2705
3249 2705
3250 2705
3251 2705
3252 2705
3253 2704
3254 2704
3255 2703
3256 2703
3257 2702
3258 2702
3259 2701
3260 2701
3261 2700
3262 2700
3263 2700
3264 2699
3265 2699
3266 2698
3267 2698
3268 2698
3269 2697
3270 2696
3271 2696
3272 2695
3273 2694
3274 2693
3275 2692
3276 2691
3277 2690
3278 2690
3279 2690
3280 2689
3281 2689
3282 2689
3283 2689
3284 2689
3285 2689
3286 2689
3287 2688
3288 2688
3289 2688
3290 2688
3291 2688
3292 2688
3293 2688
3294 2688
3295 2688
3296 2688
3297 2688
3298 2688
3299 2688
3300 2688
3301 2687
3302 2687
3303 2687
3304 2687
3305 2687
3306 2687
3307 2687
3308 2687
3309 2687
3310 2687
3311 2687
3312 2687
3313 2687
3314 2687
3315 2687
3316 2687
3317 2687
3318 2687
3319 2687
3320 2687
3321 2687
3322 2687
3323 2687
3324 2687
3325 2687
3326 2687
3327 2687
3328 2687
3329 2687
3330 2687
3331 2687
3332 2687
3333 2687
3334 2687
3335 2687
3336 2687
3337 2687
3338 2687
3339 2687
3340 2687
3341 2687
3342 2687
3343 2687
3344 2687
3345 2687
3346 2687
3347 2687
3348 2687
3349 2687
3350 2687
3351 2687
3352 2687
3353 2687
3354 2687
3355 2687
3356 2687
3357 2687
3358 2687
3359 2687
3360 2687
3361 2687
3362 2687
3363 2687
3364 2687
3365 2687
3366 2687
3367 2687
3368 2687
3369 2687
3370 2687
3371 2687
3372 2687
3373 2687
3374 2687
3375 2687
3376 2687
3377 2687
3378 2687
3379 2687
3380 2687
3381 2687
3382 2687
3383 2687
3384 2687
3385 2687
3386 2687
3387 2687
3388 2687
3389 2687
3390 2687
3391 2686
3392 2686
3393 2686
3394 2686
3395 2685
3396 2685
3397 2685
3398 2684
3399 2684
3400 2684
3401 2683
3402 2683
3403 2683
3404 2682
3405 2682
3406 2681
3407 2680
3408 2679
3409 2678
3410 2677
3411 2677
3412 2676
3413 2676
3414 2675
3415 2675
3416 2674
3417 2674
3418 2674
3419 2673
3420 2673
3421 2673
3422 2673
3423 2673
3424 2673
3425 2672
3426 2672
3427 2672
3428 2672
3429 2672
3430 2672
3431 2672
3432 2672
3433 2671
3434 2671
3435 2671
3436 2670
3437 2670
3438 2669
3439 2669
3440 2668
3441 2668
3442 2668
3443 2667
3444 2667
3445 2667
3446 2666
3447 2666
3448 2666
3449 2666
3450 2665
3451 2665
3452 2665
3453 2665
3454 2665
3455 2665
3456 2664
3457 2664
3458 2664
3459 2664
3460 2664
3461 2664
3462 2664
3463 2663
3464 2663
3465 2663
3466 2663
3467 2663
3468 2663
3469 2663
3470 2663
3471 2662
3472 2662
3473 2661
3474 2661
3475 2660
3476 2660
3477 2659
3478 2659
3479 2659
3480 2658
3481 2658
3482 2657
3483 2657
3484 2657
3485 2657
3486 2656
3487 2656
3488 2656
3489 2656
3490 2656
3491 2655
3492 2655
3493 2654
3494 2654
3495 2653
3496 2652
3497 2651
3498 2650
3499 2649
3500 2649
3501 2648
3502 2647
3503 2646
3504 2645
3505 2645
3506 2644
3507 2644
3508 2644
3509 2643
3510 2643
3511 2643
3512 2642
3513 2642
3514 2641
3515 2641
3516 2640
3517 2640
3518 2640
3519 2639
3520 2639
3521 2638
3522 2638
3523 2637
3524 2636
3525 2636
3526 2636
3527 2635
3528 2635
3529 2634
3530 2634
3531 2633
3532 2633
3533 2632
3534 2631
3535 2631
3536 2630
3537 2629
3538 2629
3539 2628
3540 2627
3541 2626
3542 2625
3543 2625
3544 2624
3545 2623
3546 2622
3547 2622
3548 2621
3549 2620
3550 2620
3551 2619
3552 2618
3553 2618
3554 2617
3555 2616
3556 2615
3557 2614
3558 2614
3559 2613
3560 2612
3561 2611
3562 2610
3563 2610
3564 2609
3565 2608
3566 2607
3567 2606
3568 2605
3569 2604
3570 2603
3571 2602
3572 2601
3573 2600
3574 2599
3574 2598
3575 2597
3576 2596
3576 2595
3577 2594
3577 2593
3578 2592
3578 2591
3579 2590
3579 2589
3579 2588
3580 2587
3580 2586
3580 2585
3581 2584
3581 2583
3582 2582
3582 2581
3583 2580
3583 2579
3584 2578
3585 2577
3585 2576
3586 2575
3587 2574
3588 2574
3589 2573
3590 2572
3591 2571
3592 2570
3593 2569
3594 2568
3595 2567
3596 2566
3597 2565
3598 2564
3598 2563
3599 2562
3600 2561
3601 2560
3602 2559
3602 2558
3603 2557
3604 2556
3604 2555
3605 2554
3606 2553
3606 2552
3607 2551
3607 2550
3608 2549
3609 2548
3609 2547
3610 2546
3610 2545
3611 2544
3612 2543
3612 2542
3613 2541
3613 2540
3614 2539
3614 2538
3615 2537
3616 2536
3616 2535
3617 2534
3617 2533
3618 2532
3619 2531
3619 2530
3620 2529
3621 2528
3622 2527
3623 2526
3624 2525
3625 2524
3626 2523
3627 2522
3628 2521
3629 2520
3630 2519
3631 2518
3631 2517
3632 2516
3633 2515
3633 2514
3634 2513
3635 2512
3636 2511
3637 2510
3638 2509
3639 2508
3640 2507
3641 2506
3641 2505
3642 2504
3642 2503
3643 2502
3643 2501
3643 2500
3644 2499
3644 2498
3645 2497
3646 2496
3646 2495
3647 2494
3648 2493
3648 2492
3649 2491
3649 2490
3650 2489
3650 2488
3651 2487
3651 2486
3651 2485
3652 2484
3652 2483
3653 2482
3653 2481
3654 2480
3654 2479
3655 2478
3656 2477
3656 2476
3657 2475
3658 2474
3658 2473
3659 2472
3660 2471
3661 2470
3662 2469
3662 2468
3663 2467
3664 2466
3664 2465
3665 2464
3666 2463
3666 2462
3666 2461
3667 2460
3667 2459
3667 2458
3668 2457
3668 2456
3669 2455
3670 2454
3671 2453
3672 2452
3672 2451
3673 2450
3674 2449
3674 2448
3674 2447
3675 2446
3675 2445
3676 2444
3676 2443
3676 2442
3677 2441
3677 2440
3677 2439
3677 2438
3677 2437
3677 2436
3677 2435
3677 2434
3677 2433
3678 2432
3678 2431
3678 2430
3678 2429
3678 2428
3678 2427
3678 2426
3678 2425
3679 2424
3679 2423
3679 2422
3680 2421
3680 2420
3681 2419
3681 2418
3681 2417
3682 2416
3682 2415
3683 2414
3683 2413
3683 2412
3684 2411
3684 2410
3684 2409
3684 2408
3684 2407
3684 2406
3685 2405
3685 2404
3685 2403
3685 2402
3685 2401
3685 2400
3685 2399
3685 2398
3685 2397
3686 2396
3686 2395
3686 2394
3686 2393
3686 2392
3686 2391
3686 2390
3686 2389
3686 2388
3686 2387
3686 2386
3686 2385
3686 2384
3686 2383
3686 2382
3686 2381
3686 2380
3686 2379
3686 2378
3686 2377
3686 2376
3686 2375
3686 2374
3686 2373
3685 2372
3685 2371
3685 2370
3684 2369
3684 2368
3684 2367
3683 2366
3683 2365
3683 2364
3682 2363
3682 2362
3682 2361
3681 2360
3681 2359
3681 2358
3681 2357
3681 2356
3680 2355
3680 2354
3680 2353
3680 2352
3680 2351
3680 2350
3679 2349
3679 2348
3679 2347
3679 2346
3679 2345
3679 2344
3679 2343
3679 2342
3679 2341
3679 2340
3678 2339
3677 2338
3677 2337
3676 2336
3676 2335
3675 2334
3674 2333
3674 2332
3674 2331
3673 2330
3673 2329
3672 2328
3672 2327
3671 2326
3671 2325
3670 2324
3670 2323
3669 2322
3668 2321
3668 2320
3667 2319
3667 2318
3666 2317
3666 2316
3665 2315
3665 2314
3665 2313
3664 2312
3664 2311
3663 2310
3663 2309
3662 2308
3662 2307
3661 2306
3660 2305
3660 2304
3659 2303
3659 2302
3658 2301
3657 2300
3656 2299
3656 2298
3655 2297
3654 2296
3654 2295
3653 2294
3653 2293
3652 2292
3652 2291
3651 2290
3651 2289
3650 2288
3650 2287
3650 2286
3649 2285
3649 2284
3649 2283
3648 2282
3647 2281
3647 2280
3646 2279
3645 2278
3644 2277
3643 2276
3642 2275
3641 2274
3640 2273
3639 2272
3638 2271
3638 2270
3637 2269
3636 2268
3636 2267
3635 2266
3635 2265
3634 2264
3633 2263
3633 2262
3632 2261
3631 2260
3631 2259
3630 2258
3629 2257
3629 2256
3628 2255
3628 2254
3627 2253
3627 2252
3626 2251
3625 2250
3625 2249
3624 2248
3623 2247
3622 2246
3622 2245
3621 2244
3620 2243
3620 2242
3619 2241
3619 2240
3618 2239
3617 2238
3617 2237
3616 2236
3615 2235
3615 2234
3614 2233
3614 2232
3613 2231
3612 2230
3612 2229
3611 2228
3610 2227
3610 2226
3609 2225
3608 2224
3607 2223
3606 2222
3605 2221
3604 2220
3603 2219
3602 2218
3601 2218
3600 2217
3600 2216
3600 2215
3599 2214
3599 2213
3599 2212
3598 2211
3598 2210
3598 2209
3597 2208
3597 2207
3597 2206
3596 2205
3595 2204
3594 2203
3593 2202
3592 2202
3591 2202
3590 2201
3589 2201
3588 2200
3587 2200
3586 2199
3585 2198
3584 2198
3583 2197
3582 2196
3581 2196
3580 2195
3579 2195
3578 2195
3577 2195
3576 2195
3575 2194
3574 2194
3573 2193
3572 2193
3571 2192
3570 2192
3569 2191
3568 2191
3567 2190
3566 2190
3565 2189
3564 2189
3563 2188
3562 2188
3561 2187
3560 2186
3559 2186
3558 2185
3557 2185
3556 2184
3555 2184
3554 2183
3553 2182
3552 2182
3551 2181
3550 2181
3549 2180
3548 2180
3547 2180
3546 2179
3545 2179
3544 2179
3543 2178
3542 2178
3541 2178
3540 2178
3539 2178
3538 2177
3537 2177
3536 2177
3535 2176
3534 2176
3533 2175
3532 2175
3531 2174
3530 2174
3529 2173
3528 2173
3527 2172
3526 2172
3525 2171
3524 2171
3523 2171
3522 2170
3521 2170
3520 2170
3519 2170
3518 2169
3517 2169
3516 2169
3515 2169
3514 2169
3513 2169
3512 2169
3511 2168
3510 2168
3509 2168
3508 2168
3507 2168
3506 2168
3505 2168
3504 2168
3503 2167
3502 2167
3501 2166
3500 2166
3499 2166
3498 2165
3497 2165
3496 2165
3495 2164
3494 2164
3493 2164
3492 2163
3491 2163
3490 2163
3489 2163
3488 2162
3487 2162
3486 2162
3485 2162
3484 2162
3483 2161
3482 2161
3481 2161
3480 2161
3479 2161
3478 2161
3477 2161
3476 2161
3475 2160
3474 2160
3473 2160
3472 2160
3471 2160
3470 2160
3469 2160
3468 2160
3467 2160
3466 2160
3465 2160
3464 2159
3463 2159
3462 2158
3461 2157
3460 2156
3459 2156
3458 2155
3457 2155
3456 2155
3455 2154
3454 2154
3453 2154
3452 2154
3451 2153
3450 2153
3449 2153
3448 2152
3447 2151
3446 2151
3445 2150
3444 2150
3443 2149
3442 2149
3441 2149
3440 2148
3439 2148
3438 2148
3437 2147
3436 2147
3435 2147
3434 2147
3433 2147
3432 2146
3431 2146
3430 2146
3429 2146
3428 2146
3427 2146
3426 2146
3425 2146
3424 2145
3423 2145
3422 2145
3421 2145
3420 2145
3419 2145
3418 2145
3417 2144
3416 2144
3415 2144
3414 2144
3413 2143
3412 2143
3411 2143
3410 2142
3409 2142
3408 2142
3407 2142
3406 2141
3405 2141
3404 2141
3403 2140
3402 2140
3401 2140
3400 2139
3399 2139
3398 2139
3397 2139
3396 2138
3395 2138
3394 2138
3393 2138
3392 2138
3391 2138
3390 2138
3389 2137
3388 2137
3387 2136
3386 2136
3385 2136
3384 2135
3383 2135
3382 2134
3381 2134
3380 2133
3379 2133
3378 2133
3377 2132
3376 2132
3375 2131
3374 2131
3373 2131
3372 2131
3371 2130
3370 2130
3369 2130
3368 2130
3367 2130
3366 2130
3365 2130
3364 2130
3363 2129
3362 2129
3361 2129
3360 2129
3359 2129
3358 2129
3357 2129
3356 2129
3355 2129
3354 2129
3353 2129
3352 2129
3351 2129
3350 2129
3349 2129
3348 2129
3347 2129
3346 2129
3345 2129
3344 2129
3343 2129
3342 2129
3341 2129
3340 2129
3339 2128
3338 2128
3337 2128
3336 2128
3335 2128
3334 2128
3333 2128
3332 2127
3331 2127
3330 2127
3329 2126
3328 2126
3327 2126
3326 2125
3325 2125
3324 2125
3323 2124
3322 2124
3321 2124
3320 2123
3319 2123
3318 2123
3317 2123
3316 2123
3315 2122
3314 2122
3313 2122
3312 2122
3311 2122
3310 2122
3309 2121
3308 2121
3307 2121
3306 2121
3305 2120
3304 2120
3303 2120
3302 2119
3301 2119
3300 2118
3299 2118
3298 2118
3297 2117
3296 2117
3295 2117
3294 2116
3293 2116
3292 2116
3291 2116
3290 2115
3289 2115
3288 2115
3287 2115
3286 2115
3285 2114
3284 2114
3283 2114
3282 2114
3281 2114
3280 2114
3279 2114
3278 2114
3277 2114
3276 2114
3275 2114
3274 2113
3273 2113
3272 2112
3271 2112
3270 2111
3269 2111
3268 2110
3267 2110
3266 2110
3265 2109
3264 2109
3263 2109
3262 2108
3261 2108
3260 2108
3259 2108
3258 2108
3257 2107
3256 2107
3255 2107
3254 2107
3253 2107
3252 2107
3251 2107
3250 2107
3249 2106
3248 2106
3247 2106
3246 2106
3245 2106
3244 2106
3243 2106
3242 2106
3241 2106
3240 2106
3239 2106
3238 2106
3237 2105
3236 2105
3235 2105
3234 2105
3233 2105
3232 2105
3231 2105
3230 2105
3229 2105
3228 2105
3227 2105
3226 2105
3225 2105
3224 2105
3223 2105
3222 2105
3221 2105
3220 2105
3219 2105
3218 2105
3217 2105
3216 2105
3215 2105
3214 2105
3213 2105
3212 2105
3211 2105
3210 2105
3209 2105
3208 2105
3207 2105
3206 2105
3205 2105
3204 2105
3203 2105
3202 2105
3201 2105
3200 2105
3199 2105
3198 2105
3197 2105
3196 2105
3195 2105
3194 2105
3193 2105
3192 2105
3191 2105
3190 2105
3189 2105
3188 2105
3187 2105
3186 2105
3185 2105
3184 2105
3183 2105
3182 2105
3181 2105
3180 2105
3179 2105
3178 2105
3177 2105
3176 2105
3175 2105
3174 2105
3173 2105
3172 2105
3171 2105
3170 2105
3169 2105
3168 2105
3167 2105
3166 2105
3165 2105
3164 2105
3163 2105
3162 2105
3161 2105
3160 2105
3159 2105
3158 2105
3157 2105
3156 2105
3155 2105
3154 2105
3153 2105
3152 2105
3151 2105
3150 2105
3149 2105
3148 2105
3147 2105
3146 2105
3145 2105
3144 2105
3143 2105
3142 2105
3141 2105
3140 2105
3139 2105
3138 2105
3137 2105
3136 2105
3135 2105
3134 2105
3133 2105
3132 2105
3131 2105
3130 2105
3129 2105
3128 2105
3127 2105
3126 2105
3125 2105
3124 2105
3123 2105
3122 2105
3121 2105
3120 2105
3119 2105
3118 2105
3117 2105
3116 2105
3115 2105
3114 2105
3113 2105
3112 2105
3111 2105
3110 2105
3109 2105
3108 2105
3107 2105
3106 2105
3105 2105
3104 2104
3103 2104
3102 2104
3101 2104
3100 2104
3099 2103
3098 2103
3097 2103
3096 2103
3095 2102
3094 2102
3093 2102
3092 2101
3091 2101
3090 2101
3089 2101
3088 2101
3087 2100
3086 2100
3085 2100
3084 2100
3083 2100
3082 2100
3081 2099
3080 2099
3079 2098
3078 2097
3077 2097
3076 2096
3075 2096
3074 2095
3073 2095
3072 2094
3071 2094
3070 2093
3069 2092
3068 2091
3067 2090
3066 2089
3065 2089
3064 2088
3063 2088
3062 2087
3061 2087
3060 2086
3059 2086
3058 2086
3057 2085
3056 2085
3055 2085
3054 2085
3053 2084
3052 2084
3051 2084
3050 2084
3049 2084
3048 2083
3047 2083
3046 2083
3045 2083
3044 2083
3043 2083
3042 2083
3041 2083
3040 2082
3039 2082
3038 2082
3037 2081
3036 2080
3035 2079
3034 2078
3033 2077
3032 2076
3031 2076
3030 2076
3029 2075
3028 2075
3027 2075
3026 2074
3025 2074
3024 2073
3023 2072
3022 2072
3021 2071
3020 2070
3019 2069
3018 2068
3017 2068
3016 2067
3015 2066
3014 2065
3013 2064
3012 2064
3011 2063
3010 2062
3009 2061
3008 2060
3007 2059
3006 2058
3005 2057
3004 2056
3003 2055
3002 2054
3001 2053
3000 2053
2999 2052
2999 2051
2999 2050
2998 2049
2998 2048
2998 2047
2998 2046
2998 2045
2998 2044
2998 2043
2998 2042
2997 2041
2997 2040
2997 2039
2997 2038
2997 2037
2997 2036
2997 2035
2997 2034
2997 2033
2997 2032
2997 2031
2996 2030
2995 2030
2994 2029
2993 2028
2992 2028
2991 2028
2990 2028
2989 2028
2988 2028
2987 2027
2986 2027
2985 2027
2984 2027
2983 2027
2982 2027
2981 2027
2980 2027
2979 2027
2978 2028
2977 2028
2976 2028
2975 2028
2974 2029
2973 2029
2972 2030
2971 2030
2970 2030
2969 2030
2968 2031
2967 2031
2966 2032
2965 2033
2964 2034
2963 2035
2962 2036
2961 2037
2960 2038
2959 2039
2958 2040
2957 2041
2956 2042
2955 2043
2954 2044
2953 2045
2952 2046
2951 2047
2950 2047
2949 2048
2948 2049
2947 2050
2946 2050
2945 2051
2944 2051
2943 2052
2942 2053
2941 2053
2940 2054
2939 2054
2938 2054
2937 2055
2936 2056
2935 2056
2934 2057
2933 2058
2932 2059
2931 2060
2930 2061
2929 2062
2928 2063
2927 2064
2926 2064
2925 2065
2924 2065
2923 2065
2922 2065
2921 2065
2920 2065
2919 2066
2918 2066
2917 2066
2916 2066
2915 2066
2914 2066
2913 2065
2912 2065
2911 2065
2910 2065
2909 2064
2908 2064
2907 2064
2906 2063
2905 2063
2904 2062
2903 2062
2902 2062
2901 2061
2900 2061
2899 2061
2898 2060
2897 2060
2896 2060
2895 2060
2894 2060
2893 2059
2892 2059
2891 2058
2890 2057
2889 2056
2888 2055
2887 2054
2886 2054
2885 2053
2884 2052
2883 2051
2882 2050
2881 2049
2880 2048
2879 2047
2878 2046
2877 2045
2876 2044
2875 2044
2874 2043
2873 2042
2872 2042
2871 2041
2870 2040
2869 2040
2868 2039
2867 2038
2866 2038
2865 2038
2864 2037
2863 2037
2862 2037
2861 2036
2860 2035
2859 2034
2858 2034
2857 2033
2856 2033
2855 2032
2854 2032
2853 2031
2852 2031
2851 2031
2850 2031
2849 2030
2848 2030
2847 2030
2846 2030
2845 2029
2844 2029
2843 2029
2842 2029
2841 2029
2840 2028
2839 2028
2838 2027
2837 2027
2836 2027
2835 2026
2834 2026
2833 2025
2832 2025
2831 2025
2830 2024
2829 2024
2828 2024
2827 2023
2826 2023
2825 2023
2824 2023
2823 2022
2822 2022
2821 2022
2820 2022
2819 2022
2818 2021
2817 2021
2816 2021
2815 2021
2814 2021
2813 2021
2812 2021
2811 2021
2810 2021
2809 2020
2808 2020
2807 2020
2806 2020
2805 2020
2804 2020
2803 2020
2802 2020
2801 2019
2800 2019
2799 2019
2798 2018
2797 2018
2796 2018
2795 2017
2794 2017
2793 2016
2792 2016
2791 2015
2790 2015
2789 2015
2788 2015
2787 2014
2786 2014
2785 2014
2784 2014
2783 2014
2782 2013
2781 2013
2780 2013
2779 2013
2778 2013
2777 2013
2776 2013
2775 2013
2774 2012
2773 2012
2772 2012
2771 2012
2770 2012
2769 2012
2768 2011
2767 2011
2766 2011
2765 2010
2764 2010
2763 2009
2762 2009
2761 2009
2760 2008
2759 2008
2758 2008
2757 2007
2756 2007
2755 2007
2754 2007
2753 2007
2752 2006
2751 2006
2750 2006
2749 2006
2748 2006
2747 2006
2746 2005
2745 2005
2744 2005
2743 2005
2742 2005
2741 2005
2740 2005
2739 2005
2738 2005
2737 2004
2736 2004
2735 2004
2734 2004
2733 2004
2732 2004
2731 2004
2730 2004
2729 2004
2728 2004
2727 2004
2726 2004
2725 2004
2724 2004
2723 2004
2722 2004
2721 2004
2720 2004
2719 2004
2718 2004
2717 2004
2716 2004
2715 2004
2714 2004
2713 2004
2712 2004
2711 2004
2710 2004
2709 2004
2708 2004
2707 2004
2706 2004
2705 2004
2704 2004
2703 2004
2702 2004
2701 2003
2700 2003
2699 2003
2698 2003
2697 2003
2696 2003
2695 2003
2694 2003
2693 2003
2692 2004
2691 2004
2690 2004
2689 2003
2688 2003
2687 2003
2686 2003
2685 2003
2684 2004
2683 2004
2682 2004
2681 2004
2680 2004
2679 2004
2678 2004
2677 2004
2676 2004
2675 2004
2674 2004
2673 2004
2672 2004
2671 2003
