3252 1874
3252 1875
3251 1876
3250 1876
3249 1877
3248 1877
3248 1878
3247 1879
3247 1880
3246 1881
3246 1882
3245 1883
3244 1884
3243 1884
3242 1885
3241 1885
3240 1885
3239 1886
3238 1887
3237 1887
3236 1888
3235 1889
3234 1889
3233 1889
3232 1890
3231 1891
3230 1891
3230 1892
3229 1893
3228 1894
3227 1895
3226 1895
3225 1895
3224 1895
3223 1895
3222 1896
3221 1896
3220 1896
3219 1897
3218 1897
3217 1898
3216 1899
3215 1899
3214 1900
3213 1901
3212 1901
3211 1901
3210 1902
3209 1903
3208 1903
3207 1904
3206 1905
3205 1905
3204 1906
3203 1906
3202 1906
3201 1907
3200 1907
3199 1907
3198 1907
3197 1907
3196 1908
3195 1908
3194 1909
3193 1909
3192 1909
3191 1909
3190 1910
3189 1910
3188 1910
3187 1910
3186 1911
3185 1911
3184 1911
3183 1911
3182 1911
3181 1912
3180 1912
3179 1912
3178 1912
3177 1911
3176 1912
3175 1912
3174 1912
3173 1912
3172 1913
3171 1913
3170 1913
3169 1913
3168 1914
3167 1914
3166 1914
3165 1914
3164 1914
3163 1914
3162 1914
3161 1914
3160 1914
3159 1914
3158 1915
3157 1915
3156 1916
3155 1916
3154 1916
3153 1917
3152 1917
3151 1917
3150 1917
3149 1917
3148 1917
3147 1917
3146 1917
3145 1917
3144 1917
3143 1917
3142 1917
3141 1917
3140 1917
3139 1917
3138 1917
3137 1916
3136 1916
3135 1916
3134 1916
3133 1916
3132 1916
3131 1916
3130 1915
3129 1915
3128 1914
3127 1913
3126 1912
3125 1912
3124 1911
3123 1911
3122 1910
3121 1910
3120 1909
3119 1909
3118 1910
3117 1910
3116 1911
3115 1912
3115 1913
3114 1914
3114 1915
3113 1916
3113 1917
3113 1918
3112 1919
3112 1920
3111 1921
3110 1922
3109 1922
3108 1922
3107 1923
3106 1923
3105 1924
3104 1925
3103 1925
3102 1926
3101 1926
3100 1927
3099 1927
3098 1928
3097 1928
3096 1929
3095 1930
3094 1930
3093 1931
3092 1931
3091 1932
3090 1932
3089 1933
3088 1933
3087 1934
3086 1934
3085 1934
3084 1935
3083 1935
3082 1936
3082 1937
3081 1938
3080 1939
3079 1939
3078 1939
3077 1939
3076 1939
3075 1940
3074 1940
3073 1941
3072 1941
3071 1941
3070 1942
3069 1942
3068 1943
3067 1943
3066 1943
3065 1944
3064 1944
3063 1945
3062 1945
3061 1945
3060 1945
3059 1946
3058 1946
3057 1946
3056 1946
3055 1947
3054 1947
3053 1948
3052 1948
3051 1949
3050 1949
3049 1949
3048 1949
3047 1950
3046 1950
3045 1950
3044 1951
3043 1951
3042 1951
3041 1951
3040 1951
3039 1951
3038 1951
3037 1951
3036 1951
3035 1951
3034 1950
3033 1950
3032 1950
3031 1950
3030 1950
3029 1950
3028 1950
3027 1950
3026 1949
3025 1949
3024 1949
3023 1949
3022 1949
3021 1949
3020 1949
3019 1949
3018 1948
3017 1948
3016 1948
3015 1948
3014 1948
3013 1948
3012 1948
3011 1947
3010 1947
3009 1947
3008 1947
3007 1947
3006 1947
3005 1947
3004 1947
3003 1947
3002 1948
3001 1948
3000 1948
2999 1948
2998 1949
2997 1949
2996 1949
2995 1949
2994 1950
2993 1951
2992 1951
2991 1952
2990 1952
2989 1953
2988 1953
2987 1954
2986 1954
2985 1955
2984 1955
2983 1956
2982 1957
2981 1957
2980 1958
2979 1958
2978 1959
2977 1958
2976 1958
2975 1958
2974 1958
2973 1958
2972 1958
2971 1958
2970 1958
2969 1958
2968 1957
2967 1957
2966 1957
2965 1957
2964 1957
2963 1957
2962 1957
2961 1956
2960 1956
2959 1956
2958 1956
2957 1956
2956 1956
2955 1956
2954 1955
2953 1955
2952 1955
2951 1955
2950 1956
2949 1956
2948 1956
2947 1956
2946 1956
2945 1957
2944 1957
2943 1957
2942 1957
2941 1957
2940 1957
2939 1957
2938 1957
2937 1957
2936 1957
2935 1957
2934 1957
2933 1957
2932 1957
2931 1957
2930 1956
2929 1956
2928 1956
2927 1956
2926 1956
2925 1956
2924 1956
2923 1956
2922 1956
2921 1955
2920 1955
2919 1955
2918 1955
2917 1955
2916 1955
2915 1955
2914 1955
2913 1954
2912 1954
2911 1954
2910 1954
2909 1954
2908 1955
2907 1955
2906 1955
2905 1956
2904 1956
2903 1956
2902 1956
2901 1957
2900 1957
2899 1957
2898 1957
2897 1957
2896 1957
2895 1957
2894 1957
2893 1957
2892 1957
2891 1957
2890 1957
2889 1958
2888 1958
2887 1958
2886 1958
2885 1959
2884 1959
2883 1959
2882 1959
2881 1959
2880 1959
2879 1960
2878 1961
2877 1962
2876 1962
2875 1963
2874 1963
2873 1963
2872 1963
2871 1963
2870 1963
2869 1963
2868 1963
2867 1963
2866 1963
2865 1963
2864 1963
2863 1963
2862 1963
2861 1963
2860 1963
2859 1964
2858 1964
2857 1965
2856 1965
2855 1965
2854 1965
2853 1965
2852 1965
2851 1965
2850 1966
2849 1966
2848 1966
2847 1966
2846 1966
2845 1966
2844 1966
2843 1966
2842 1966
2841 1966
2840 1965
2839 1965
2838 1965
2837 1965
2836 1965
2835 1965
2834 1965
2833 1964
2832 1964
2831 1964
2830 1964
2829 1964
2828 1964
2827 1964
2826 1963
2825 1963
2824 1963
2823 1963
2822 1963
2821 1963
2820 1963
2819 1962
2818 1962
2817 1962
2816 1962
2815 1962
2814 1962
2813 1962
2812 1961
2811 1961
2810 1961
2809 1961
2808 1961
2807 1961
2806 1961
2805 1960
2804 1960
2803 1960
2802 1960
2801 1960
2800 1960
2799 1959
2798 1959
2797 1959
2796 1959
2795 1959
2794 1959
2793 1959
2792 1958
2791 1958
2790 1958
2789 1958
2788 1958
2787 1958
2786 1958
2785 1957
2784 1957
2783 1957
2782 1957
2781 1957
2780 1957
2779 1956
2778 1956
2777 1956
2776 1956
2775 1957
2774 1957
2773 1958
2772 1958
2771 1958
2770 1958
2769 1959
2768 1959
2767 1959
2766 1959
2765 1960
2764 1960
2763 1961
2762 1961
2761 1962
2760 1963
2759 1963
2758 1964
2757 1965
2756 1965
2755 1966
2754 1966
2753 1966
2752 1967
2751 1968
2750 1969
2749 1969
2748 1970
2747 1970
2746 1970
2745 1971
2744 1971
2743 1971
2742 1971
2741 1971
2740 1972
2739 1972
2738 1972
2737 1973
2736 1973
2735 1974
2734 1974
2733 1974
2732 1975
2731 1975
2730 1975
2729 1975
2728 1976
2727 1976
2726 1977
2725 1977
2724 1978
2723 1978
2722 1978
2721 1979
2720 1979
2719 1979
2718 1979
2717 1980
2716 1980
2715 1981
2714 1981
2713 1981
2712 1982
2711 1983
2710 1984
2709 1984
2708 1985
2707 1985
2706 1986
2705 1986
2704 1986
2703 1986
2702 1986
2701 1986
2700 1987
2699 1987
2698 1987
2697 1987
2696 1987
2695 1987
2694 1987
2693 1987
2692 1987
2691 1986
2690 1986
2689 1986
2688 1986
2687 1987
2686 1987
2685 1987
2684 1987
2683 1988
2682 1988
2681 1989
2680 1989
2679 1989
2678 1989
2677 1989
2676 1989
2675 1989
2674 1989
2673 1989
2672 1989
2671 1989
2670 1989
2669 1989
2668 1989
2667 1990
2666 1990
2665 1991
2664 1991
2663 1991
2662 1992
2661 1992
2660 1992
2659 1992
2658 1992
2657 1993
2656 1993
2655 1994
2654 1994
2653 1995
2652 1995
2651 1996
2650 1997
2649 1997
2648 1997
2647 1998
2646 1998
2645 1999
2644 1999
2643 1999
2642 2000
2641 2000
2640 2001
2639 2001
2638 2001
2637 2002
2636 2002
2635 2002
2634 2002
2633 2003
2632 2003
2631 2003
2630 2003
2629 2003
2628 2004
2627 2004
2626 2004
2625 2005
2624 2005
2623 2006
2622 2006
2621 2006
2620 2006
2619 2007
2618 2007
2617 2007
2616 2007
2615 2008
2614 2008
2613 2008
2612 2009
2611 2010
2610 2010
2609 2010
2608 2010
2607 2011
2606 2011
2605 2011
2604 2011
2603 2012
2602 2012
2601 2012
2600 2012
2599 2013
2598 2013
2597 2013
2596 2014
2595 2014
2594 2014
2593 2014
2592 2015
2591 2016
2590 2016
2589 2017
2588 2017
2587 2018
2586 2018
2585 2018
2584 2019
2583 2019
2582 2020
2581 2020
2580 2021
2579 2021
2578 2022
2577 2022
2576 2022
2575 2022
2574 2022
2573 2022
2572 2023
2571 2023
2570 2023
2569 2023
2568 2023
2567 2023
2566 2023
2565 2023
2564 2023
2563 2023
2562 2023
2561 2024
2560 2024
2559 2024
2558 2024
2557 2024
2556 2024
2555 2025
2554 2025
2553 2025
2552 2025
2551 2025
2550 2025
2549 2025
2548 2025
2547 2026
2546 2026
2545 2026
2544 2027
2543 2027
2542 2028
2541 2028
2540 2028
2539 2028
2538 2028
2537 2029
2536 2029
2535 2029
2534 2029
2533 2029
2532 2029
2531 2029
2530 2029
2529 2028
2528 2028
2527 2028
2526 2028
2525 2029
2524 2029
2523 2029
2522 2030
2521 2030
2520 2030
2519 2031
2518 2031
2517 2031
2516 2031
2515 2031
2514 2031
2513 2032
2512 2032
2511 2033
2510 2033
2509 2033
2508 2033
2507 2034
2506 2034
2505 2034
2504 2034
2503 2034
2502 2034
2501 2034
2500 2034
2499 2034
2498 2034
2497 2034
2496 2035
2495 2035
2494 2035
2493 2036
2492 2037
2491 2038
2490 2038
2489 2039
2488 2040
2487 2040
2486 2041
2485 2041
2484 2042
2483 2042
2482 2042
2481 2042
2480 2042
2479 2043
2478 2044
2477 2045
2476 2046
2475 2047
2474 2048
2473 2048
2472 2048
2471 2048
2470 2048
2469 2048
2468 2048
2467 2048
2466 2047
2465 2047
2464 2047
2463 2047
2462 2047
2461 2047
2460 2047
2459 2046
2458 2046
2457 2046
2456 2047
2455 2047
2454 2047
2453 2048
2452 2048
2451 2048
2450 2048
2449 2048
2448 2048
2447 2048
2446 2048
2445 2048
2444 2048
2443 2048
2442 2048
2441 2048
2440 2048
2439 2048
2438 2048
2437 2048
2436 2048
2435 2048
2434 2048
2433 2048
2432 2049
2431 2049
2430 2049
2429 2050
2428 2050
2427 2050
2426 2051
2425 2051
2424 2051
2423 2051
2422 2051
2421 2052
2420 2052
2419 2053
2418 2053
2417 2053
2416 2054
2415 2054
2414 2054
2413 2055
2412 2055
2411 2056
2410 2056
2409 2057
2408 2057
2407 2057
2406 2058
2405 2058
2404 2058
2403 2058
2402 2058
2401 2058
2400 2059
2399 2059
2398 2060
2397 2060
2396 2061
2395 2061
2394 2062
2393 2063
2392 2063
2391 2064
2390 2064
2389 2065
2388 2065
2387 2065
2386 2066
2385 2066
2384 2067
2383 2067
2382 2068
2381 2068
2380 2069
2379 2069
2378 2070
2377 2070
2376 2070
2375 2070
2374 2070
2373 2070
2372 2071
2371 2071
2370 2072
2369 2072
2368 2072
2367 2073
2366 2073
2365 2073
2364 2073
2363 2073
2362 2074
2361 2074
2360 2074
2359 2074
2358 2074
2357 2074
2356 2074
2355 2074
2354 2074
2353 2074
2352 2074
2351 2074
2350 2074
2349 2074
2348 2074
2347 2074
2346 2074
2345 2074
2344 2075
2343 2075
2342 2075
2341 2075
2340 2075
2339 2075
2338 2075
2337 2075
2336 2075
2335 2075
2334 2075
2333 2075
2332 2075
2331 2075
2330 2075
2329 2075
2328 2075
2327 2075
2326 2075
2325 2075
2324 2075
2323 2075
2322 2075
2321 2075
2320 2074
2319 2075
2318 2075
2317 2075
2316 2075
2315 2075
2314 2076
2313 2076
2312 2076
2311 2077
2310 2077
2309 2077
2308 2077
2307 2077
2306 2077
2305 2077
2304 2077
2303 2077
2302 2077
2301 2077
2300 2077
2299 2077
2298 2077
2297 2077
2296 2077
2295 2077
2294 2077
2293 2078
2292 2078
2291 2078
2290 2078
2289 2078
2288 2078
2287 2079
2286 2079
2285 2079
2284 2080
2283 2080
2282 2080
2281 2081
2280 2081
2279 2081
2278 2082
2277 2082
2276 2082
2275 2082
2274 2082
2273 2082
2272 2082
2271 2082
2270 2082
2269 2082
2268 2082
2267 2083
2266 2083
2265 2083
2264 2083
2263 2083
2262 2083
2261 2083
2260 2084
2259 2084
2258 2084
2257 2084
2256 2084
2255 2084
2254 2084
2253 2084
2252 2084
2251 2084
2250 2085
2249 2085
2248 2084
2247 2084
2246 2084
2245 2085
2244 2085
2243 2085
2242 2085
2241 2085
2240 2086
2239 2086
2238 2087
2237 2087
2236 2088
2235 2088
2234 2088
2233 2089
2232 2090
2231 2090
2230 2090
2229 2091
2228 2091
2227 2091
2226 2091
2225 2091
2224 2092
2223 2092
2222 2092
2221 2092
2220 2093
2219 2093
2218 2093
2217 2093
2216 2094
2215 2094
2214 2094
2213 2094
2212 2094
2211 2094
2210 2095
2209 2095
2208 2095
2207 2096
2206 2096
2205 2096
2204 2096
2203 2097
2202 2097
2201 2097
2200 2097
2199 2097
2198 2097
2197 2097
2196 2097
2195 2097
2194 2097
2193 2097
2192 2097
2191 2097
2190 2097
2189 2098
2188 2098
2187 2098
2186 2098
2185 2098
2184 2098
2183 2099
2182 2099
2181 2099
2180 2099
2179 2099
2178 2100
2177 2100
2176 2100
2175 2100
2174 2100
2173 2100
2172 2100
2171 2100
2170 2100
2169 2101
2168 2101
2167 2100
2166 2100
2165 2100
2164 2100
2163 2101
2162 2101
2161 2101
2160 2101
2159 2102
2158 2102
2157 2102
2156 2102
2155 2103
2154 2103
2153 2103
2152 2103
2151 2103
2150 2103
2149 2103
2148 2103
2147 2103
2146 2103
2145 2103
2144 2103
2143 2103
2142 2103
2141 2103
2140 2103
2139 2104
2138 2104
2137 2105
2136 2105
2135 2105
2134 2106
2133 2106
2132 2106
2131 2107
2130 2107
2129 2107
2128 2108
2127 2108
2126 2108
2125 2108
2124 2108
2123 2108
2122 2109
2121 2109
2120 2109
2119 2109
2118 2109
2117 2109
2116 2109
2115 2109
2114 2109
2113 2109
2112 2109
2111 2109
2110 2109
2109 2109
2108 2109
2107 2109
2106 2109
2105 2109
2104 2109
2103 2110
2102 2110
2101 2110
2100 2110
2099 2110
2098 2111
2097 2111
2096 2111
2095 2111
2094 2111
2093 2111
2092 2111
2091 2111
2090 2111
2089 2111
2088 2111
2087 2111
2086 2111
2085 2111
2084 2111
2083 2111
2082 2112
2081 2112
2080 2112
2079 2112
2078 2112
2077 2112
2076 2112
2075 2112
2074 2112
2073 2113
2072 2113
2071 2113
2070 2113
2069 2113
2068 2114
2067 2114
2066 2114
2065 2114
2064 2115
2063 2115
2062 2115
2061 2115
2060 2115
2059 2115
2058 2115
2057 2115
2056 2115
2055 2116
2054 2116
2053 2116
2052 2116
2051 2115
2050 2116
2049 2116
2048 2116
2047 2116
2046 2117
2045 2117
2044 2117
2043 2117
2042 2117
2041 2118
2040 2118
2039 2118
2038 2118
2037 2118
2036 2118
2035 2118
2034 2118
2033 2118
2032 2118
2031 2118
2030 2118
2029 2118
2028 2118
2027 2118
2026 2118
2025 2118
2024 2119
2023 2119
2022 2119
2021 2119
2020 2119
2019 2120
2018 2120
2017 2120
2016 2120
2015 2120
2014 2120
2013 2120
2012 2120
2011 2120
2010 2120
2009 2120
2008 2120
2007 2120
2006 2120
2005 2120
2004 2120
2003 2120
2002 2120
2001 2121
2000 2121
1999 2121
1998 2121
1997 2121
1996 2121
1995 2121
1994 2121
1993 2122
1992 2122
1991 2122
1990 2122
1989 2122
1988 2122
1987 2122
1986 2122
1985 2122
1984 2123
1983 2123
1982 2123
1981 2123
1980 2124
1979 2124
1978 2124
1977 2124
1976 2124
1975 2124
1974 2124
1973 2125
1972 2125
1971 2125
1970 2125
1969 2125
1968 2125
1967 2125
1966 2125
1965 2125
1964 2125
1963 2125
1962 2125
1961 2126
1960 2126
1959 2126
1958 2126
1957 2126
1956 2126
1955 2126
1954 2127
1953 2127
1952 2127
1951 2127
1950 2127
1949 2127
1948 2127
1947 2127
1946 2127
1945 2127
1944 2127
1943 2127
1942 2127
1941 2127
1940 2128
1939 2128
1938 2128
1937 2128
1936 2128
1935 2128
1934 2128
1933 2128
1932 2129
1931 2129
1930 2129
1929 2129
1928 2129
1927 2129
1926 2129
1925 2129
1924 2129
1923 2129
1922 2129
1921 2129
1920 2129
1919 2129
1918 2129
1917 2129
1916 2129
1915 2129
1914 2129
1913 2129
1912 2129
1911 2129
1910 2129
1909 2129
1908 2129
1907 2130
1906 2130
1905 2130
1904 2130
1903 2130
1902 2131
1901 2131
1900 2131
1899 2131
1898 2132
1897 2132
1896 2132
1895 2132
1894 2133
1893 2133
1892 2133
1891 2133
1890 2133
1889 2133
1888 2133
1887 2134
1886 2134
1885 2134
1884 2134
1883 2134
1882 2134
1881 2134
1880 2134
1879 2135
1878 2135
1877 2135
1876 2135
1875 2135
1874 2135
1873 2136
1872 2136
1871 2136
1870 2136
1869 2136
1868 2136
1867 2136
1866 2136
1865 2136
1864 2136
1863 2136
1862 2136
1861 2136
1860 2136
1859 2136
1858 2136
1857 2136
1856 2136
1855 2136
1854 2136
1853 2136
1852 2136
1851 2136
1850 2136
1849 2136
1848 2136
1847 2136
1846 2136
1845 2137
1844 2137
1843 2137
1842 2137
1841 2137
1840 2137
1839 2137
1838 2137
1837 2137
1836 2137
1835 2137
1834 2138
1833 2138
1832 2138
1831 2138
1830 2138
1829 2137
1828 2137
1827 2138
1826 2138
1825 2138
1824 2138
1823 2138
1822 2138
1821 2138
1820 2139
1819 2139
1818 2139
1817 2139
1816 2139
1815 2139
1814 2140
1813 2140
1812 2140
1811 2141
1810 2141
1809 2142
1808 2142
1807 2142
1806 2142
1805 2142
1804 2142
1803 2142
1802 2142
1801 2142
1800 2143
1799 2143
1798 2143
1797 2143
1796 2143
1795 2143
1794 2144
1793 2144
1792 2144
1791 2145
1790 2145
1789 2145
1788 2145
1787 2146
1786 2146
1785 2146
1784 2147
1783 2147
1782 2147
1781 2147
1780 2148
1779 2148
1778 2148
1777 2149
1776 2149
1775 2149
1774 2149
1773 2149
1772 2150
1771 2150
1770 2150
1769 2151
1768 2151
1767 2151
1766 2152
1765 2152
1764 2152
1763 2152
1762 2153
1761 2153
1760 2153
1759 2153
1758 2153
1757 2154
1756 2154
1755 2154
1754 2154
1753 2154
1752 2154
1751 2155
1750 2155
1749 2155
1748 2155
1747 2156
1746 2156
1745 2156
1744 2157
1743 2157
1742 2157
1741 2157
1740 2158
1739 2158
1738 2158
1737 2158
1736 2159
1735 2159
1734 2159
1733 2159
1732 2160
1731 2160
1730 2160
1729 2160
1728 2160
1727 2160
1726 2160
1725 2160
1724 2160
1723 2160
1722 2160
1721 2160
1720 2160
1719 2160
1718 2160
1717 2161
1716 2161
1715 2161
1714 2161
1713 2161
1712 2161
1711 2161
1710 2161
1709 2162
1708 2162
1707 2162
1706 2162
1705 2163
1704 2163
1703 2163
1702 2164
1701 2164
1700 2164
1699 2164
1698 2164
1697 2165
1696 2165
1695 2165
1694 2165
1693 2165
1692 2165
1691 2165
1690 2165
1689 2165
1688 2165
1687 2165
1686 2165
1685 2165
1684 2165
1683 2165
1682 2165
1681 2165
1680 2165
1679 2165
1678 2165
1677 2165
1676 2165
1675 2166
1674 2166
1673 2166
1672 2166
1671 2166
1670 2166
1669 2166
1668 2166
1667 2166
1666 2166
1665 2166
1664 2166
1663 2166
1662 2166
1661 2166
1660 2166
1659 2166
1658 2167
1657 2167
1656 2167
1655 2167
1654 2167
1653 2167
1652 2167
1651 2168
1650 2168
1649 2168
1648 2168
1647 2168
1646 2168
1645 2169
1644 2169
1643 2169
1642 2169
1641 2169
1640 2169
1639 2169
1638 2169
1637 2169
1636 2169
1635 2169
1634 2169
1633 2169
1632 2168
1631 2168
1630 2168
1629 2169
1628 2169
1627 2169
1626 2169
1625 2169
1624 2169
1623 2169
1622 2170
1621 2170
1620 2170
1619 2170
1618 2170
1617 2171
1616 2171
1615 2171
1614 2172
1613 2172
1612 2172
1611 2172
1610 2172
1609 2172
1608 2173
1607 2173
1606 2173
1605 2173
1604 2173
1603 2173
1602 2173
1601 2173
1600 2173
1599 2173
1598 2173
1597 2173
1596 2173
1595 2173
1594 2173
1593 2173
1592 2173
1591 2173
1590 2173
1589 2174
1588 2174
1587 2174
1586 2174
1585 2174
1584 2174
1583 2174
1582 2175
1581 2175
1580 2175
1579 2175
1578 2175
1577 2175
1576 2175
1575 2175
1574 2175
1573 2175
1572 2175
1571 2175
1570 2175
1569 2175
1568 2175
1567 2175
1566 2175
1565 2176
1564 2176
1563 2176
1562 2176
1561 2176
1560 2177
1559 2177
1558 2177
1557 2177
1556 2177
1555 2177
1554 2178
1553 2178
1552 2178
1551 2178
1550 2179
1549 2179
1548 2179
1547 2179
1546 2180
1545 2180
1544 2180
1543 2180
1542 2180
1541 2181
1540 2181
1539 2181
1538 2181
1537 2181
1536 2181
1535 2181
1534 2181
1533 2181
1532 2181
1531 2181
1530 2181
1529 2181
1528 2181
1527 2181
1526 2181
1525 2181
1524 2181
1523 2182
1522 2182
1521 2182
1520 2182
1519 2183
1518 2183
1517 2183
1516 2183
1515 2183
1514 2184
1513 2184
1512 2184
1511 2184
1510 2183
1509 2184
1508 2184
1507 2184
1506 2183
1505 2183
1504 2183
1503 2183
1502 2183
1501 2183
1500 2183
1499 2183
1498 2182
1497 2182
1496 2183
1495 2184
1494 2185
1493 2186
1492 2187
1491 2187
1490 2186
1489 2187
1488 2187
1487 2187
1486 2188
1485 2188
1484 2188
1483 2188
1482 2189
1481 2189
1480 2190
1479 2190
1478 2190
1477 2190
1476 2191
1475 2191
1474 2191
1473 2191
1472 2192
1471 2192
1470 2192
1469 2192
1468 2192
1467 2192
1466 2192
1465 2192
1464 2192
1463 2192
1462 2192
1461 2192
1460 2192
1459 2192
1458 2192
1457 2192
1456 2192
1455 2193
1454 2193
1453 2193
1452 2193
1451 2193
1450 2193
1449 2193
1448 2193
1447 2193
1446 2194
1445 2194
1444 2194
1443 2194
1442 2194
1441 2194
1440 2194
1439 2194
1438 2194
1437 2194
1436 2194
1435 2194
1434 2194
1433 2195
1432 2195
1431 2195
1430 2195
1429 2195
1428 2195
1427 2195
1426 2196
1425 2196
1424 2196
1423 2196
1422 2196
1421 2196
1420 2196
1419 2196
1418 2196
1417 2196
1416 2196
1415 2196
1414 2196
1413 2196
1412 2196
1411 2196
1410 2196
1409 2196
1408 2196
1407 2197
1406 2197
1405 2197
1404 2197
1403 2197
1402 2197
1401 2197
1400 2197
1399 2198
1398 2198
1397 2198
1396 2198
1395 2198
1394 2198
1393 2198
1392 2198
1391 2198
1390 2198
1389 2198
1388 2198
1387 2198
1386 2198
1385 2198
1384 2198
1383 2198
1382 2198
1381 2198
1380 2198
1379 2198
1378 2198
1377 2198
1376 2198
1375 2198
1374 2198
1373 2198
1372 2199
1371 2199
1370 2199
1369 2200
1368 2200
1367 2200
1366 2201
1365 2201
1364 2202
1363 2202
1362 2202
1361 2202
1360 2203
1359 2203
1358 2203
1357 2204
1356 2204
1355 2204
1354 2204
1353 2204
1352 2205
1351 2205
1350 2205
1349 2205
1348 2205
1347 2205
1346 2206
1345 2206
1344 2206
1343 2206
1342 2206
1341 2206
1340 2206
1339 2206
1338 2206
1337 2207
1336 2207
1335 2207
1334 2208
1333 2208
1332 2209
1331 2209
1330 2209
1329 2210
1328 2210
1327 2211
1326 2211
1325 2212
1324 2212
1323 2212
1322 2212
1321 2213
1320 2213
1319 2213
1318 2213
1317 2213
1316 2213
1315 2213
1314 2213
1313 2213
1312 2213
1311 2213
1310 2213
1309 2213
1308 2213
1307 2214
1306 2214
1305 2214
1304 2214
1303 2214
1302 2214
1301 2214
1300 2215
1299 2215
1298 2215
1297 2215
1296 2215
1295 2215
1294 2216
1293 2216
1292 2216
1291 2217
1290 2217
1289 2217
1288 2217
1287 2217
1286 2217
1285 2217
1284 2217
1283 2217
1282 2218
1281 2217
1280 2217
1279 2218
1278 2218
1277 2218
1276 2218
1275 2218
1274 2218
1273 2218
1272 2218
1271 2218
1270 2218
1269 2218
1268 2219
1267 2219
1266 2219
1265 2219
1264 2219
1263 2219
1262 2219
1261 2219
1260 2219
1259 2219
1258 2220
1257 2220
1256 2220
1255 2221
1254 2221
1253 2221
1252 2221
1251 2222
1250 2222
1249 2222
1248 2222
1247 2223
1246 2223
1245 2223
1244 2223
1243 2224
1242 2224
1241 2224
1240 2224
1239 2224
1238 2224
1237 2224
1236 2224
1235 2224
1234 2224
1233 2224
1232 2224
1231 2225
1230 2225
1229 2225
1228 2225
1227 2225
1226 2226
1225 2226
1224 2226
1223 2226
1222 2227
1221 2227
1220 2227
1219 2227
1218 2227
1217 2227
1216 2227
1215 2227
1214 2227
1213 2227
1212 2227
1211 2227
1210 2227
1209 2227
1208 2227
1207 2228
1206 2228
1205 2228
1204 2228
1203 2228
1202 2228
1201 2228
1200 2228
1199 2228
1198 2228
1197 2228
1196 2228
1195 2229
1194 2229
1193 2228
1192 2228
1191 2228
1190 2228
1189 2228
1188 2228
1187 2228
1186 2228
1185 2228
1184 2228
1183 2228
1182 2229
1181 2229
1180 2229
1179 2229
1178 2229
1177 2229
1176 2229
1175 2229
1174 2230
1173 2230
1172 2230
1171 2230
1170 2230
1169 2231
1168 2231
1167 2231
1166 2231
1165 2232
1164 2232
1163 2232
1162 2233
1161 2233
1160 2233
1159 2233
1158 2233
1157 2233
1156 2234
1155 2234
1154 2234
1153 2234
1152 2234
1151 2234
1150 2234
1149 2234
1148 2234
1147 2234
1146 2234
1145 2234
1144 2234
1143 2234
1142 2234
1141 2234
1140 2235
1139 2235
1138 2235
1137 2235
1136 2235
1135 2235
1134 2236
1133 2236
1132 2236
1131 2236
1130 2236
1129 2236
1128 2236
1127 2236
1126 2236
1125 2236
1124 2236
1123 2236
1122 2236
1121 2236
1120 2236
1119 2236
1118 2236
1117 2236
1116 2236
1115 2237
1114 2237
1113 2237
1112 2237
1111 2237
1110 2237
1109 2238
1108 2238
1107 2238
1106 2238
1105 2238
1104 2238
1103 2238
1102 2238
1101 2238
1100 2238
1099 2238
1098 2238
1097 2238
1096 2238
1095 2238
1094 2238
1093 2238
1092 2238
1091 2238
1090 2239
1089 2239
1088 2239
1087 2240
1086 2240
1085 2240
1084 2240
1083 2241
1082 2241
1081 2241
1080 2242
1079 2242
1078 2242
1077 2242
1076 2243
1075 2243
1074 2243
1073 2243
1072 2243
1071 2243
1070 2243
1069 2243
1068 2243
1067 2243
1066 2243
1065 2243
1064 2243
1063 2243
1062 2243
1061 2243
1060 2243
1059 2243
1058 2243
1057 2244
1056 2244
1055 2244
1054 2244
1053 2245
1052 2245
1051 2245
1050 2245
1049 2245
1048 2245
1047 2245
1046 2245
1045 2245
1044 2245
1043 2245
1042 2245
1041 2245
1040 2245
1039 2245
1038 2245
1037 2245
1036 2245
1035 2245
1034 2245
1033 2245
1032 2245
1031 2245
1030 2246
1029 2246
1028 2246
1027 2246
1026 2246
1025 2247
1024 2247
1023 2247
1022 2247
1021 2247
1020 2247
1019 2247
1018 2247
1017 2247
1016 2247
1015 2247
1014 2247
1013 2247
1012 2247
1011 2247
1010 2247
1009 2248
1008 2248
1007 2248
1006 2248
1005 2248
1004 2248
1003 2248
1002 2248
1001 2248
1000 2249
999 2249
998 2249
997 2249
996 2249
995 2250
994 2250
993 2250
992 2250
991 2250
990 2251
989 2251
988 2251
987 2252
986 2252
985 2252
984 2252
983 2253
982 2253
981 2253
980 2254
979 2254
978 2254
977 2254
976 2254
975 2255
974 2255
973 2255
972 2255
971 2255
970 2255
969 2255
968 2255
967 2255
966 2255
965 2255
964 2255
963 2255
962 2255
961 2255
960 2255
959 2255
958 2255
957 2255
956 2255
955 2256
954 2256
953 2257
952 2257
951 2258
950 2258
949 2258
948 2258
947 2259
946 2259
945 2259
944 2260
943 2260
942 2260
941 2260
940 2261
939 2261
938 2261
937 2262
936 2262
935 2262
934 2263
933 2263
932 2263
931 2264
930 2264
929 2264
928 2264
927 2265
926 2265
925 2266
924 2266
923 2267
922 2267
921 2268
920 2268
919 2268
918 2269
917 2269
916 2269
915 2269
914 2269
913 2270
912 2270
911 2271
910 2272
909 2272
908 2272
907 2273
906 2273
905 2274
904 2275
903 2275
902 2276
901 2276
900 2276
899 2277
898 2278
897 2279
896 2280
895 2281
894 2281
893 2282
892 2282
891 2282
890 2282
889 2282
888 2282
887 2282
886 2283
885 2284
884 2285
883 2285
882 2285
881 2286
880 2286
879 2287
878 2288
877 2289
876 2290
875 2291
875 2292
875 2293
875 2294
874 2295
874 2296
874 2297
875 2298
876 2299
877 2300
878 2301
879 2302
880 2303
881 2304
882 2305
883 2306
884 2307
885 2308
886 2309
887 2309
888 2309
889 2310
890 2310
891 2310
892 2311
893 2311
894 2311
895 2312
896 2312
897 2313
898 2313
899 2314
900 2314
901 2315
902 2316
903 2316
904 2317
905 2317
906 2317
907 2318
908 2318
909 2318
910 2319
911 2319
912 2319
913 2319
914 2319
915 2320
916 2320
917 2320
918 2321
919 2321
920 2321
921 2322
922 2322
923 2323
924 2323
925 2324
926 2324
927 2325
928 2325
929 2326
930 2327
931 2328
932 2328
933 2329
934 2329
935 2330
936 2331
937 2331
938 2332
939 2332
940 2333
941 2333
942 2334
943 2334
944 2335
945 2335
946 2335
947 2335
948 2335
949 2336
950 2336
951 2336
952 2337
953 2337
954 2337
955 2337
956 2337
957 2338
958 2338
959 2339
960 2339
961 2339
962 2340
963 2341
964 2341
965 2342
966 2342
967 2342
968 2343
969 2343
970 2344
971 2344
972 2344
973 2344
974 2345
975 2345
976 2345
977 2346
978 2346
979 2346
980 2346
981 2346
982 2347
983 2347
984 2347
985 2347
986 2348
987 2348
988 2349
989 2350
990 2350
991 2351
992 2352
993 2352
994 2353
995 2353
996 2354
997 2354
998 2354
999 2355
1000 2355
1001 2355
1002 2355
1003 2356
1004 2356
1005 2356
1006 2356
1007 2356
1008 2357
1009 2357
1010 2357
1011 2357
1012 2357
1013 2357
1014 2358
1015 2358
1016 2358
1017 2358
1018 2358
1019 2358
1020 2358
1021 2359
1022 2359
1023 2359
1024 2359
1025 2359
1026 2359
1027 2360
1028 2360
1029 2360
1030 2360
1031 2360
1032 2360
1033 2361
1034 2361
1035 2361
1036 2361
1037 2361
1038 2361
1039 2361
1040 2362
1041 2362
1042 2362
1043 2362
1044 2362
1045 2362
1046 2363
1047 2363
1048 2363
1049 2363
1050 2363
1051 2363
1052 2363
1053 2364
1054 2364
1055 2364
1056 2364
1057 2364
1058 2364
1059 2364
1060 2365
1061 2365
1062 2365
1063 2365
1064 2365
1065 2365
1066 2366
1067 2366
1068 2366
1069 2366
1070 2366
1071 2366
1072 2366
1073 2367
1074 2367
1075 2367
1076 2367
1077 2367
1078 2367
1079 2367
1080 2368
1081 2368
1082 2368
1083 2368
1084 2368
1085 2368
1086 2369
1087 2369
1088 2369
1089 2369
1090 2369
1091 2369
1092 2369
1093 2370
1094 2370
1095 2370
1096 2370
1097 2370
1098 2370
1099 2370
1100 2371
1101 2371
1102 2371
1103 2371
1104 2371
1105 2371
1106 2372
1107 2372
1108 2372
1109 2372
1110 2372
1111 2372
1112 2372
1113 2373
1114 2373
1115 2373
1116 2373
1117 2373
1118 2373
1119 2374
1120 2374
1121 2374
1122 2374
1123 2374
1124 2374
1125 2374
1126 2375
1127 2375
1128 2375
1129 2375
1130 2375
1131 2375
1132 2375
1133 2376
1134 2376
1135 2376
1136 2376
1137 2376
1138 2376
1139 2377
1140 2377
1141 2377
1142 2377
1143 2377
1144 2377
1145 2377
1146 2378
1147 2378
1148 2378
1149 2378
1150 2378
1151 2378
1152 2378
1153 2379
1154 2379
1155 2379
1156 2379
1157 2379
1158 2379
1159 2380
1160 2380
1161 2380
1162 2380
1163 2380
1164 2380
1165 2380
1166 2381
1167 2381
1168 2381
1169 2381
1170 2381
1171 2381
1172 2382
1173 2382
1174 2382
1175 2382
1176 2382
1177 2382
1178 2382
1179 2383
1180 2383
1181 2383
1182 2383
1183 2383
1184 2383
1185 2383
1186 2384
1187 2384
1188 2384
1189 2384
1190 2384
1191 2384
1192 2385
1193 2385
1194 2385
1195 2385
1196 2385
1197 2385
1198 2385
1199 2386
1200 2386
1201 2386
1202 2387
1203 2387
1204 2388
1205 2389
1206 2389
1207 2390
1208 2390
1209 2391
1210 2391
1211 2391
1212 2391
1213 2392
1214 2392
1215 2392
1216 2393
1217 2393
1218 2393
1219 2393
1220 2394
1221 2394
1222 2394
1223 2394
1224 2394
1225 2395
1226 2395
1227 2395
1228 2395
1229 2395
1230 2396
1231 2396
1232 2396
1233 2396
1234 2396
1235 2397
1236 2397
1237 2397
1238 2397
1239 2397
1240 2397
1241 2398
1242 2398
1243 2398
1244 2398
1245 2398
1246 2398
1247 2399
1248 2399
1249 2399
1250 2399
1251 2399
1252 2399
1253 2399
1254 2400
1255 2400
1256 2400
1257 2400
1258 2400
1259 2400
1260 2401
1261 2401
1262 2401
1263 2401
1264 2401
1265 2401
1266 2401
1267 2402
1268 2402
1269 2402
1270 2402
1271 2402
1272 2402
1273 2402
1274 2403
1275 2403
1276 2403
1277 2403
1278 2403
1279 2403
1280 2404
1281 2404
1282 2404
1283 2404
1284 2404
1285 2404
1286 2404
1287 2405
1288 2405
1289 2405
1290 2405
1291 2405
1292 2405
1293 2406
1294 2406
1295 2406
1296 2406
1297 2406
1298 2406
1299 2406
1300 2407
1301 2407
1302 2407
1303 2407
1304 2407
1305 2407
1306 2407
1307 2408
1308 2408
1309 2408
1310 2408
1311 2408
1312 2408
1313 2409
1314 2409
1315 2409
1316 2409
1317 2409
1318 2409
1319 2409
1320 2410
1321 2410
1322 2410
1323 2410
1324 2410
1325 2410
1326 2410
1327 2411
1328 2411
1329 2411
1330 2411
1331 2411
1332 2411
1333 2412
1334 2412
1335 2412
1336 2412
1337 2412
1338 2412
1339 2412
1340 2413
1341 2413
1342 2413
1343 2413
1344 2413
1345 2413
1346 2414
1347 2414
1348 2414
1349 2414
1350 2414
1351 2414
1352 2414
1353 2415
1354 2415
1355 2415
1356 2415
1357 2415
1358 2415
1359 2415
1360 2416
1361 2416
1362 2416
1363 2416
1364 2416
1365 2416
1366 2417
1367 2417
1368 2417
1369 2417
1370 2417
1371 2417
1372 2417
1373 2418
1374 2418
1375 2418
1376 2418
1377 2418
1378 2418
1379 2418
1380 2419
1381 2419
1382 2419
1383 2419
1384 2419
1385 2419
1386 2420
1387 2420
1388 2420
1389 2420
1390 2420
1391 2420
1392 2420
1393 2421
1394 2421
1395 2421
1396 2421
1397 2421
1398 2421
1399 2422
1400 2422
1401 2422
1402 2422
1403 2422
1404 2422
1405 2422
1406 2423
1407 2423
1408 2423
1409 2423
1410 2423
1411 2423
1412 2423
1413 2424
1414 2424
1415 2424
1416 2424
1417 2424
1418 2424
1419 2425
1420 2425
1421 2425
1422 2425
1423 2425
1424 2425
1425 2425
1426 2426
1427 2426
1428 2426
1429 2426
1430 2426
1431 2426
1432 2426
1433 2427
1434 2427
1435 2427
1436 2427
1437 2427
1438 2427
1439 2428
1440 2428
1441 2428
1442 2428
1443 2428
1444 2428
1445 2428
1446 2429
1447 2429
1448 2429
1449 2429
1450 2429
1451 2429
1452 2430
1453 2430
1454 2430
1455 2430
1456 2430
1457 2430
1458 2430
1459 2431
1460 2431
1461 2431
1462 2431
1463 2431
1464 2431
1465 2431
1466 2432
1467 2432
1468 2432
1469 2432
1470 2432
1471 2432
1472 2433
1473 2433
1474 2433
1475 2433
1476 2433
1477 2433
1478 2433
1479 2434
1480 2434
1481 2434
1482 2434
1483 2434
1484 2434
1485 2435
1486 2435
1487 2435
1488 2435
1489 2435
1490 2435
1491 2435
1492 2436
1493 2436
1494 2436
1495 2436
1496 2436
1497 2436
1498 2436
1499 2437
1500 2437
1501 2437
1502 2437
1503 2437
1504 2437
1505 2438
1506 2438
1507 2438
1508 2438
1509 2438
1510 2438
1511 2438
1512 2439
1513 2440
1513 2441
1513 2442
1514 2443
1515 2443
1516 2443
1517 2444
1518 2444
1519 2444
1520 2444
1521 2445
1522 2445
1523 2445
1524 2445
1525 2446
1526 2446
1527 2446
1528 2446
1529 2446
1530 2446
1531 2447
1532 2447
1533 2447
1534 2447
1535 2447
1536 2447
1537 2448
1538 2448
1539 2448
1540 2448
1541 2448
1542 2448
1543 2449
1544 2449
1545 2449
1546 2449
1547 2449
1548 2449
1549 2449
1550 2450
1551 2450
1552 2450
1553 2450
1554 2450
1555 2450
1556 2451
1557 2451
1558 2451
1559 2451
1560 2451
1561 2451
1562 2451
1563 2452
1564 2452
1565 2452
1566 2452
1567 2452
1568 2452
1569 2453
1570 2453
1571 2453
1572 2453
1573 2453
1574 2453
1575 2453
1576 2454
1577 2454
1578 2454
1579 2454
1580 2454
1581 2454
1582 2455
1583 2455
1584 2455
1585 2455
1586 2455
1587 2455
1588 2455
1589 2456
1590 2456
1591 2456
1592 2456
1593 2456
1594 2456
1595 2456
1596 2457
1597 2457
1598 2457
1599 2457
1600 2457
1601 2457
1602 2458
1603 2458
1604 2458
1605 2458
1606 2458
1607 2458
1608 2458
1609 2459
1610 2459
1611 2459
1612 2459
1613 2459
1614 2459
1615 2459
1616 2460
1617 2460
1618 2460
1619 2460
1620 2460
1621 2460
1622 2461
1623 2461
1624 2461
1625 2461
1626 2461
1627 2461
1628 2461
1629 2462
1630 2462
1631 2462
1632 2462
1633 2462
1634 2462
1635 2463
1636 2463
1637 2463
1638 2463
1639 2463
1640 2463
1641 2463
1642 2464
1643 2464
1644 2464
1645 2464
1646 2464
1647 2464
1648 2464
1649 2465
1650 2465
1651 2465
1652 2465
1653 2465
1654 2465
1655 2466
1656 2466
1657 2466
1658 2466
1659 2466
1660 2466
1661 2466
1662 2467
1663 2467
1664 2467
1665 2467
1666 2467
1667 2467
1668 2468
1669 2468
1670 2468
1671 2468
1672 2468
1673 2468
1674 2468
1675 2469
1676 2469
1677 2469
1678 2469
1679 2469
1680 2469
1681 2469
1682 2470
1683 2470
1684 2470
1685 2470
1686 2470
1687 2470
1688 2471
1689 2471
1690 2471
1691 2471
1692 2471
1693 2471
1694 2471
1695 2472
1696 2472
1697 2472
1698 2472
1699 2472
1700 2472
1701 2472
1702 2473
1703 2473
1704 2473
1705 2473
1706 2473
1707 2473
1708 2474
1709 2474
1710 2474
1711 2474
1712 2474
1713 2474
1714 2474
1715 2475
1716 2475
1717 2475
1718 2475
1719 2475
1720 2475
1721 2475
1722 2476
1723 2476
1724 2476
1725 2476
1726 2476
1727 2476
1728 2477
1729 2477
1730 2477
1731 2477
1732 2477
1733 2477
1734 2477
1735 2478
1736 2478
1737 2478
1738 2478
1739 2478
1740 2478
1741 2479
1742 2479
1743 2479
1744 2479
1745 2479
1746 2479
1747 2479
1748 2480
1749 2480
1750 2480
1751 2480
1752 2480
1753 2480
1754 2480
1755 2481
1756 2481
1757 2481
1758 2481
1759 2481
1760 2481
1761 2482
1762 2482
1763 2482
1764 2482
1765 2482
1766 2482
1767 2482
1768 2483
1769 2483
1770 2483
1771 2483
1772 2483
1773 2483
1774 2484
1775 2484
1776 2484
1777 2484
1778 2484
1779 2484
1780 2484
1781 2485
1782 2485
1783 2485
1784 2485
1785 2485
1786 2485
1787 2485
1788 2486
1789 2486
1790 2486
1791 2486
1792 2486
1793 2486
1794 2487
1795 2487
1796 2487
1797 2487
1798 2487
1799 2487
1800 2487
1801 2488
1802 2488
1803 2488
1804 2488
1805 2488
1806 2488
1807 2488
1808 2489
1809 2489
1810 2489
1811 2489
1812 2489
1813 2489
1814 2490
1815 2490
1816 2490
1817 2490
1818 2490
1819 2490
1820 2490
1821 2491
1822 2491
1823 2491
1824 2491
1825 2491
1826 2491
1827 2492
1828 2492
1829 2492
1830 2492
1831 2492
1832 2492
1833 2492
1834 2493
1835 2493
1836 2493
1837 2493
1838 2493
1839 2493
1840 2493
1841 2494
1842 2494
1843 2494
1844 2494
1845 2494
1846 2494
1847 2495
1848 2495
1849 2495
1850 2495
1851 2495
1852 2495
1853 2495
1854 2496
1855 2496
1856 2496
1857 2496
1858 2496
1859 2496
1860 2497
1861 2497
1862 2497
1863 2497
1864 2497
1865 2497
1866 2497
1867 2498
1868 2498
1869 2498
1870 2498
1871 2498
1872 2498
1873 2498
1874 2499
1875 2499
1876 2499
1877 2499
1878 2499
1879 2499
1880 2500
1881 2500
1882 2500
1883 2500
1884 2500
1885 2500
1886 2500
1887 2501
1888 2501
1889 2501
1890 2501
1891 2501
1892 2501
1893 2501
1894 2502
1895 2502
1896 2502
1897 2502
1898 2502
1899 2502
1900 2503
1901 2503
1902 2503
1903 2503
1904 2503
1905 2503
1906 2503
1907 2504
1908 2504
1909 2504
1910 2504
1911 2504
1912 2504
1913 2505
1914 2505
1915 2505
1916 2505
1917 2505
1918 2505
1919 2505
1920 2506
1921 2506
1922 2506
1923 2506
1924 2506
1925 2506
1926 2506
1927 2507
1928 2507
1929 2507
1930 2507
1931 2507
1932 2507
1933 2508
1934 2508
1935 2508
1936 2508
1937 2508
1938 2508
1939 2508
1940 2509
1941 2509
1942 2509
1943 2509
1944 2509
1945 2509
1946 2510
1947 2510
1948 2510
1949 2510
1950 2510
1951 2510
1952 2510
1953 2511
1954 2511
1955 2511
1956 2511
1957 2511
1958 2511
1959 2511
1960 2512
1961 2512
1962 2512
1963 2512
1964 2512
1965 2512
1966 2513
1967 2513
1968 2513
1969 2513
1970 2513
1971 2513
1972 2513
1973 2514
1974 2514
1975 2514
1976 2514
1977 2514
1978 2514
1979 2514
1980 2515
1981 2515
1982 2515
1983 2515
1984 2515
1985 2515
1986 2516
1987 2516
1988 2516
1989 2516
1990 2516
1991 2516
1992 2516
1993 2517
1994 2517
1995 2517
1996 2517
1997 2517
1998 2517
1999 2518
2000 2518
2001 2518
2002 2518
2003 2518
2004 2518
2005 2518
2006 2519
2007 2519
2008 2519
2009 2519
2010 2519
2011 2519
2012 2519
2013 2520
2014 2520
2015 2520
2016 2520
2017 2520
2018 2520
2019 2521
2020 2521
2021 2521
2022 2521
2023 2521
2024 2521
2025 2521
2026 2522
2027 2522
2028 2522
2029 2522
2030 2522
2031 2522
2032 2523
2033 2523
2034 2523
2035 2523
2036 2523
2037 2523
2038 2523
2039 2524
2040 2524
2041 2524
2042 2524
2043 2524
2044 2524
2045 2524
2046 2525
2047 2525
2048 2525
2049 2525
2050 2525
2051 2525
2052 2526
2053 2526
2054 2526
2055 2526
2056 2526
2057 2526
2058 2526
2059 2527
2060 2527
2061 2527
2062 2527
2063 2527
2064 2527
2065 2527
2066 2528
2067 2528
2068 2528
2069 2528
2070 2528
2071 2528
2072 2529
2073 2529
2074 2529
2075 2529
2076 2529
2077 2529
2078 2529
2079 2530
2080 2530
2081 2530
2082 2530
2083 2530
2084 2530
2085 2530
2086 2531
2087 2531
2088 2531
2089 2531
2090 2531
2091 2531
2092 2532
2093 2532
2094 2532
2095 2532
2096 2532
2097 2532
2098 2532
2099 2533
2100 2533
2101 2533
2102 2533
2103 2533
2104 2533
2105 2534
2106 2534
2107 2534
2108 2534
2109 2534
2110 2534
2111 2534
2112 2535
2113 2535
2114 2535
2115 2535
2116 2535
2117 2535
2118 2535
2119 2536
2120 2536
2121 2536
2122 2536
2123 2536
2124 2536
2125 2537
2126 2537
2127 2537
2128 2537
2129 2537
2130 2537
2131 2537
2132 2538
2133 2538
2134 2538
2135 2538
2136 2538
2137 2538
2138 2539
2139 2539
2140 2539
2141 2539
2142 2539
2143 2539
2144 2539
2145 2540
2146 2540
2147 2540
2148 2540
2149 2540
2150 2540
2151 2540
2152 2541
2153 2541
2154 2541
2155 2541
2156 2541
2157 2541
2158 2542
2159 2542
2160 2542
2161 2542
2162 2542
2163 2542
2164 2542
2165 2543
2166 2543
2167 2543
2168 2543
2169 2543
2170 2543
2171 2543
2172 2544
2173 2544
2174 2544
2175 2544
2176 2544
2177 2544
2178 2545
2179 2545
2180 2545
2181 2545
2182 2545
2183 2545
2184 2545
2185 2546
2186 2546
2187 2546
2188 2546
2189 2546
2190 2546
2191 2547
2192 2547
2193 2547
2194 2547
2195 2547
2196 2547
2197 2547
2198 2548
2199 2548
2200 2548
2201 2548
2202 2548
2203 2548
2204 2548
2205 2549
2206 2549
2207 2549
2208 2549
2209 2549
2210 2549
2211 2550
2212 2550
2213 2550
2214 2550
2215 2550
2216 2550
2217 2550
2218 2551
2219 2551
2220 2551
2221 2551
2222 2551
2223 2551
2224 2551
2225 2552
2226 2552
2227 2552
2228 2552
2229 2552
2230 2552
2231 2553
2232 2553
2233 2553
2234 2553
2235 2553
2236 2553
2237 2553
2238 2554
2239 2554
2240 2554
2241 2554
2242 2554
2243 2554
2244 2555
2245 2555
2246 2555
2247 2555
2248 2555
2249 2555
2250 2555
2251 2556
2252 2556
2253 2556
2254 2556
2255 2556
2256 2556
2257 2556
2258 2557
2259 2557
2260 2557
2261 2557
2262 2557
2263 2557
2264 2558
2265 2558
2266 2558
2267 2558
2268 2558
2269 2558
2270 2558
2271 2559
2272 2559
2273 2559
2274 2559
2275 2559
2276 2559
2277 2560
2278 2560
2279 2560
2280 2560
2281 2560
2282 2560
2283 2560
2284 2561
2285 2561
2286 2561
2287 2561
2288 2561
2289 2561
2290 2561
2291 2562
2292 2562
2293 2562
2294 2562
2295 2562
2296 2562
2297 2563
2298 2563
2299 2563
2300 2563
2301 2563
2302 2563
2303 2563
2304 2564
2305 2564
2306 2564
2307 2564
2308 2564
2309 2564
2310 2565
2311 2565
2312 2565
2313 2565
2314 2564
2315 2564
2316 2564
2317 2564
2318 2564
2319 2564
2320 2564
2321 2563
2322 2563
2323 2563
2324 2563
2325 2563
2326 2563
2327 2563
2328 2563
2329 2563
2330 2563
2331 2563
2332 2563
2333 2564
2334 2564
2335 2564
2336 2564
2337 2564
2338 2564
2339 2564
2340 2564
2341 2564
2342 2564
2343 2564
2344 2565
2345 2565
2346 2565
2347 2565
2348 2565
2349 2565
2350 2565
2351 2565
2352 2566
2353 2566
2354 2566
2355 2566
2356 2566
2357 2566
2358 2566
2359 2567
2360 2567
2361 2567
2362 2567
2363 2567
2364 2567
2365 2567
2366 2567
2367 2567
2368 2567
2369 2567
2370 2567
2371 2567
2372 2566
2373 2566
2374 2566
2375 2566
2376 2566
2377 2566
2378 2566
2379 2566
2380 2566
2381 2566
2382 2566
2383 2566
2384 2566
2385 2566
2386 2566
2387 2566
2388 2566
2389 2566
2390 2566
2391 2566
2392 2567
2393 2567
2394 2567
2395 2567
2396 2567
2397 2567
2398 2567
2399 2567
2400 2568
2401 2568
2402 2568
2403 2568
2404 2568
2405 2568
2406 2568
2407 2568
2408 2568
2409 2569
2410 2569
2411 2569
2412 2569
2413 2569
2414 2569
2415 2569
2416 2570
2417 2570
2418 2570
2419 2570
2420 2570
2421 2570
2422 2570
2423 2571
2424 2571
2425 2571
2426 2571
2427 2571
2428 2571
2429 2571
2430 2572
2431 2572
2432 2572
2433 2572
2434 2572
2435 2572
2436 2573
2437 2573
2438 2573
2439 2573
2440 2573
2441 2573
2442 2573
2443 2574
2444 2574
2445 2574
2446 2574
2447 2574
2448 2574
2449 2574
2450 2575
2451 2575
2452 2575
2453 2575
2454 2575
2455 2575
2456 2575
2457 2576
2458 2576
2459 2576
2460 2576
2461 2576
2462 2576
2463 2577
2464 2577
2465 2577
2466 2577
2467 2577
2468 2577
2469 2577
2470 2578
2471 2578
2472 2578
2473 2578
2474 2578
2475 2578
2476 2578
2477 2579
2478 2579
2479 2579
2480 2579
2481 2579
2482 2579
2483 2580
2484 2580
2485 2580
2486 2580
2487 2580
2488 2580
2489 2580
2490 2581
2491 2581
2492 2581
2493 2581
2494 2581
2495 2581
2496 2582
2497 2582
2498 2582
2499 2582
2500 2582
2501 2582
2502 2582
2503 2583
2504 2583
2505 2583
2506 2583
2507 2583
2508 2583
2509 2584
2510 2584
2511 2584
2512 2584
2513 2584
2514 2584
2515 2584
2516 2585
2517 2585
2518 2585
2519 2585
2520 2585
2521 2585
2522 2585
2523 2586
2524 2586
2525 2586
2526 2586
2527 2586
2528 2586
2529 2587
2530 2587
2531 2587
2532 2587
2533 2587
2534 2587
2535 2587
2536 2588
2537 2588
2538 2588
2539 2588
2540 2588
2541 2588
2542 2588
2543 2589
2544 2589
2545 2589
2546 2589
2547 2589
2548 2589
2549 2590
2550 2590
2551 2590
2552 2590
2553 2590
2554 2590
2555 2590
2556 2591
2557 2591
2558 2591
2559 2591
2560 2591
2561 2591
2562 2591
2563 2592
2564 2592
2565 2592
2566 2592
2567 2592
2568 2592
2569 2593
2570 2593
2571 2593
2572 2593
2573 2593
2574 2593
2575 2593
2576 2594
2577 2594
2578 2594
2579 2594
2580 2594
2581 2594
2582 2595
2583 2595
2584 2595
2585 2595
2586 2595
2587 2595
2588 2595
2589 2596
2590 2596
2591 2596
2592 2596
2593 2596
2594 2596
2595 2596
2596 2597
2597 2597
2598 2597
2599 2597
2600 2597
2601 2597
2602 2598
2603 2598
2604 2598
2605 2598
2606 2598
2607 2598
2608 2598
2609 2599
2610 2599
2611 2599
2612 2599
2613 2599
2614 2599
2615 2599
2616 2600
2617 2600
2618 2600
2619 2600
2620 2600
2621 2600
2622 2601
2623 2601
2624 2601
2625 2601
2626 2601
2627 2601
2628 2601
2629 2602
2630 2602
2631 2602
2632 2602
2633 2602
2634 2602
2635 2603
2636 2603
2637 2603
2638 2603
2639 2603
2640 2603
2641 2603
2642 2604
2643 2604
2644 2604
2645 2604
2646 2604
2647 2604
2648 2605
2649 2605
2650 2605
2651 2605
2652 2605
2653 2605
2654 2605
2655 2606
2656 2606
2657 2606
2658 2606
2659 2606
2660 2606
2661 2606
2662 2607
2663 2607
2664 2607
2665 2607
2666 2607
2667 2607
2668 2607
2669 2608
2670 2608
2671 2608
2672 2608
2673 2608
2674 2608
2675 2609
2676 2609
2677 2609
2678 2609
2679 2609
2680 2609
2681 2609
2682 2610
2683 2610
2684 2610
2685 2610
2686 2610
2687 2610
2688 2611
2689 2611
2690 2611
2691 2611
2692 2611
2693 2611
2694 2611
2695 2612
2696 2612
2697 2612
2698 2612
2699 2612
2700 2612
2701 2612
2702 2613
2703 2613
2704 2613
2705 2613
2706 2613
2707 2613
2708 2614
2709 2614
2710 2614
2711 2614
2712 2614
2713 2614
2714 2615
2715 2615
2716 2615
2717 2615
2718 2615
2719 2615
2720 2615
2721 2616
2722 2616
2723 2616
2724 2616
2725 2616
2726 2616
2727 2616
2728 2617
2729 2617
2730 2617
2731 2617
2732 2617
2733 2617
2734 2617
2735 2618
2736 2618
2737 2618
2738 2618
2739 2618
2740 2618
2741 2619
2742 2619
2743 2619
2744 2619
2745 2619
2746 2619
2747 2619
2748 2620
2749 2620
2750 2620
2751 2620
2752 2620
2753 2620
2754 2621
2755 2621
2756 2621
2757 2621
2758 2621
2759 2621
2760 2621
2761 2622
2762 2622
2763 2622
2764 2622
2765 2622
2766 2622
2767 2622
2768 2622
2769 2622
2770 2622
2771 2621
2772 2621
2773 2621
2774 2621
2775 2621
2776 2621
2777 2621
2778 2621
2779 2621
2780 2621
2781 2621
2782 2621
2783 2621
2784 2621
2785 2621
2786 2621
2787 2621
2788 2621
2789 2621
2790 2621
2791 2621
2792 2621
2793 2621
2794 2621
2795 2622
2796 2622
2797 2622
2798 2622
2799 2622
2800 2622
2801 2622
2802 2623
2803 2623
2804 2623
2805 2623
2806 2623
2807 2623
2808 2623
2809 2624
2810 2624
2811 2624
2812 2624
2813 2624
2814 2624
2815 2624
2816 2625
2817 2625
2818 2625
2819 2625
2820 2625
2821 2625
2822 2625
2823 2625
2824 2625
2825 2625
2826 2625
2827 2624
2828 2624
2829 2624
2830 2625
2831 2624
2832 2624
2833 2624
2834 2624
2835 2624
2836 2624
2837 2624
2838 2624
2839 2624
2840 2624
2841 2624
2842 2624
2843 2624
2844 2624
2845 2624
2846 2624
2847 2624
2848 2624
2849 2625
2850 2625
2851 2625
2852 2624
2853 2624
2854 2624
2855 2624
2856 2624
2857 2624
2858 2624
2859 2623
2860 2623
2861 2623
2862 2623
2863 2623
2864 2623
2865 2623
2866 2623
2867 2623
2868 2623
2869 2623
2870 2623
2871 2623
2872 2623
2873 2623
2874 2623
2875 2623
2876 2623
2877 2624
2878 2624
2879 2624
2880 2624
2881 2624
2882 2624
2883 2624
2884 2624
2885 2624
2886 2625
2887 2625
2888 2625
2889 2625
2890 2625
2891 2625
2892 2625
2893 2625
2894 2625
2895 2625
2896 2625
2897 2625
2898 2624
2899 2624
2900 2624
2901 2624
2902 2624
2903 2624
2904 2624
2905 2624
2906 2624
2907 2624
2908 2624
2909 2624
2910 2624
2911 2624
2912 2624
2913 2624
2914 2624
2915 2624
2916 2624
2917 2624
2918 2624
2919 2624
2920 2624
2921 2624
2922 2624
2923 2624
2924 2624
2925 2624
2926 2623
2927 2623
2928 2623
2929 2623
2930 2623
2931 2623
2932 2623
2933 2622
2934 2622
2935 2622
2936 2622
2937 2622
2938 2622
2939 2621
2940 2621
2941 2621
2942 2621
2943 2621
2944 2621
2945 2620
2946 2620
2947 2620
2948 2620
2949 2620
2950 2620
2951 2620
2952 2620
2953 2620
2954 2620
2955 2619
2956 2620
2957 2620
2958 2620
2959 2620
2960 2620
2961 2620
2962 2620
2963 2620
2964 2620
2965 2620
2966 2620
2967 2620
2968 2620
2969 2620
2970 2621
2971 2621
2972 2620
2973 2620
2974 2620
2975 2620
2976 2620
2977 2620
2978 2620
2979 2620
2980 2619
2981 2619
2982 2619
2983 2619
2984 2619
2985 2619
2986 2619
2987 2619
2988 2619
2989 2619
2990 2619
2991 2619
2992 2620
2993 2620
2994 2620
2995 2620
2996 2620
2997 2620
2998 2620
2999 2620
3000 2620
3001 2620
3002 2620
3003 2620
3004 2620
3005 2620
3006 2620
3007 2620
3008 2619
3009 2619
3010 2619
3011 2619
3012 2619
3013 2619
3014 2618
3015 2618
3016 2618
3017 2618
3018 2618
3019 2618
3020 2618
3021 2618
3022 2618
3023 2618
3024 2618
3025 2619
3026 2619
3027 2619
3028 2619
3029 2619
3030 2619
3031 2619
3032 2619
3033 2619
3034 2619
3035 2619
3036 2619
3037 2620
3038 2619
3039 2619
3040 2619
3041 2619
3042 2619
3043 2619
3044 2619
3045 2618
3046 2618
3047 2618
3048 2618
3049 2618
3050 2617
3051 2617
3052 2617
3053 2617
3054 2617
3055 2616
3056 2616
3057 2616
3058 2616
3059 2616
3060 2615
3061 2615
3062 2615
3063 2615
3064 2615
3065 2615
3066 2615
3067 2615
3068 2615
3069 2615
3070 2615
3071 2615
3072 2615
3073 2615
3074 2615
3075 2615
3076 2615
3077 2615
3078 2615
3079 2616
3080 2616
3081 2616
3082 2616
3083 2616
3084 2616
3085 2616
3086 2616
3087 2616
3088 2616
3089 2616
3090 2617
3091 2617
3092 2617
3093 2617
3094 2617
3095 2616
3096 2616
3097 2616
3098 2616
3099 2616
3100 2616
3101 2616
3102 2616
3103 2616
3104 2616
3105 2616
3106 2616
3107 2616
3108 2616
3109 2616
3110 2616
3111 2616
3112 2616
3113 2616
3114 2616
3115 2616
3116 2616
3117 2616
3118 2616
3119 2616
3120 2616
3121 2616
3122 2616
3123 2616
3124 2616
3125 2616
3126 2615
3127 2615
3128 2615
3129 2615
3130 2615
3131 2615
3132 2615
3133 2614
3134 2614
3135 2614
3136 2614
3137 2614
3138 2614
3139 2614
3140 2614
3141 2614
3142 2614
3143 2614
3144 2614
3145 2614
3146 2614
3147 2614
3148 2614
3149 2614
3150 2614
3151 2613
3152 2613
3153 2613
3154 2613
3155 2613
3156 2613
3157 2613
3158 2613
3159 2612
3160 2612
3161 2612
3162 2612
3163 2611
3164 2611
3165 2611
3166 2610
3167 2610
3168 2610
3169 2610
3170 2609
3171 2609
3172 2609
3173 2609
3174 2609
3175 2609
3176 2609
3177 2609
3178 2609
3179 2609
3180 2609
3181 2609
3182 2609
3183 2609
3184 2609
3185 2609
3186 2608
3187 2608
3188 2608
3189 2608
3190 2608
3191 2608
3192 2608
3193 2607
3194 2607
3195 2607
3196 2607
3197 2607
3198 2607
3199 2607
3200 2607
3201 2607
3202 2607
3203 2607
3204 2607
3205 2607
3206 2608
3207 2608
3208 2608
3209 2608
3210 2608
3211 2608
3212 2608
3213 2607
3214 2607
3215 2607
3216 2607
3217 2607
3218 2607
3219 2606
3220 2606
3221 2606
3222 2606
3223 2606
3224 2606
3225 2606
3226 2606
3227 2606
3228 2606
3229 2606
3230 2606
3231 2606
3232 2606
3233 2606
3234 2606
3235 2606
3236 2606
3237 2606
3238 2606
3239 2606
3240 2606
3241 2606
3242 2606
3243 2606
3244 2606
3245 2606
3246 2606
3247 2606
3248 2606
3249 2606
3250 2605
3251 2605
3252 2605
3253 2605
3254 2605
3255 2605
3256 2605
3257 2605
3258 2605
3259 2605
3260 2605
3261 2605
3262 2605
3263 2605
3264 2605
3265 2605
3266 2605
3267 2605
3268 2605
3269 2605
3270 2605
3271 2605
3272 2604
3273 2604
3274 2604
3275 2604
3276 2604
3277 2604
3278 2604
3279 2604
3280 2604
3281 2604
3282 2604
3283 2603
3284 2603
3285 2603
3286 2603
3287 2603
3288 2602
3289 2602
3290 2602
3291 2602
3292 2602
3293 2602
3294 2602
3295 2601
3296 2601
3297 2601
3298 2601
3299 2601
3300 2601
3301 2601
3302 2601
3303 2600
3304 2600
3305 2600
3306 2599
3307 2599
3308 2599
3309 2598
3310 2598
3311 2598
3312 2598
3313 2598
3314 2597
3315 2597
3316 2597
3317 2596
3318 2596
3319 2596
3320 2596
3321 2595
3322 2595
3323 2595
3324 2594
3325 2594
3326 2594
3327 2593
3328 2593
3329 2593
3330 2592
3331 2592
3332 2591
3333 2591
3334 2590
3335 2590
3336 2589
3337 2589
3338 2588
3339 2588
3340 2587
3341 2586
3342 2586
3343 2585
3344 2585
3345 2585
3346 2584
3347 2584
3348 2584
3349 2583
3350 2583
3351 2582
3352 2582
3353 2581
3354 2581
3355 2580
3356 2580
3357 2579
3358 2579
3359 2578
3360 2578
3361 2578
3362 2577
3363 2577
3364 2576
3365 2576
3366 2575
3367 2575
3368 2574
3369 2574
3370 2574
3371 2573
3372 2573
3373 2572
3374 2572
3375 2571
3376 2571
3377 2571
3378 2570
3379 2570
3380 2570
3381 2569
3382 2569
3383 2568
3384 2568
3385 2567
3386 2567
3387 2567
3388 2566
3389 2566
3390 2565
3391 2565
3392 2564
3393 2564
3394 2563
3395 2563
3396 2563
3397 2562
3398 2562
3399 2562
3400 2561
3401 2561
3402 2560
3403 2560
3404 2559
3405 2559
3406 2558
3407 2558
3408 2557
3409 2557
3410 2557
3411 2556
3412 2556
3413 2555
3414 2555
3415 2555
3416 2554
3417 2554
3418 2554
3419 2553
3420 2553
3421 2553
3422 2552
3423 2552
3424 2552
3425 2551
3426 2551
3427 2551
3428 2550
3429 2550
3430 2549
3431 2549
3432 2549
3433 2548
3434 2548
3435 2547
3436 2547
3437 2547
3438 2547
3439 2546
3440 2546
3441 2545
3442 2545
3443 2545
3444 2545
3445 2544
3446 2544
3447 2543
3448 2542
3449 2541
3450 2540
3451 2540
3452 2539
3453 2538
3454 2537
3455 2537
3456 2536
3457 2535
3458 2534
3459 2534
3460 2534
3461 2533
3462 2533
3463 2533
3464 2532
3465 2532
3466 2531
3467 2530
3468 2529
3469 2529
3470 2528
3471 2527
3472 2526
3473 2525
3474 2525
3475 2524
3476 2523
3477 2523
3478 2522
3479 2522
3480 2522
3481 2521
3482 2521
3483 2520
3484 2520
3485 2519
3486 2519
3487 2518
3488 2518
3489 2518
3490 2517
3491 2517
3492 2517
3493 2516
3494 2516
3495 2515
3496 2515
3497 2514
3498 2513
3499 2513
3500 2512
3501 2511
3502 2510
3503 2509
3504 2508
3505 2507
3506 2506
3507 2505
3508 2504
3509 2503
3510 2502
3511 2501
3512 2500
3513 2499
3514 2498
3514 2497
3515 2496
3516 2495
3517 2494
3517 2493
3518 2492
3519 2491
3520 2490
3520 2489
3521 2488
3522 2487
3523 2486
3523 2485
3524 2484
3525 2483
3526 2483
3527 2482
3528 2481
3529 2480
3530 2480
3531 2479
3532 2478
3533 2477
3534 2476
3535 2475
3535 2474
3536 2473
3537 2472
3538 2471
3538 2470
3539 2469
3540 2468
3541 2467
3542 2466
3543 2465
3544 2464
3545 2463
3546 2462
3547 2461
3548 2460
3549 2459
3550 2458
3550 2457
3551 2456
3552 2455
3553 2454
3554 2453
3555 2452
3556 2451
3556 2450
3557 2449
3558 2448
3558 2447
3559 2446
3559 2445
3560 2444
3560 2443
3561 2442
3562 2441
3563 2440
3564 2439
3565 2438
3566 2437
3567 2436
3568 2435
3569 2434
3570 2433
3571 2432
3571 2431
3572 2430
3572 2429
3573 2428
3574 2427
3575 2426
3576 2425
3577 2424
3578 2423
3579 2422
3580 2421
3581 2420
3581 2419
3582 2418
3583 2417
3583 2416
3584 2415
3585 2414
3585 2413
3586 2412
3586 2411
3587 2410
3588 2409
3588 2408
3589 2407
3590 2406
3591 2405
3592 2404
3593 2403
3594 2402
3595 2401
3596 2400
3597 2399
3597 2398
3598 2397
3598 2396
3599 2395
3600 2394
3601 2393
3602 2392
3602 2391
3603 2390
3604 2389
3605 2388
3605 2387
3606 2386
3607 2385
3607 2384
3607 2383
3608 2382
3608 2381
3608 2380
3608 2379
3609 2378
3609 2377
3610 2376
3610 2375
3611 2374
3611 2373
3612 2372
3613 2371
3613 2370
3614 2369
3614 2368
3615 2367
3615 2366
3615 2365
3616 2364
3616 2363
3617 2362
3617 2361
3617 2360
3617 2359
3617 2358
3618 2357
3618 2356
3618 2355
3619 2354
3619 2353
3620 2352
3621 2351
3621 2350
3622 2349
3622 2348
3623 2347
3623 2346
3624 2345
3625 2344
3625 2343
3626 2342
3627 2341
3627 2340
3628 2339
3628 2338
3629 2337
3629 2336
3630 2335
3630 2334
3631 2333
3631 2332
3631 2331
3632 2330
3632 2329
3633 2328
3633 2327
3633 2326
3633 2325
3634 2324
3634 2323
3634 2322
3635 2321
3635 2320
3635 2319
3635 2318
3636 2317
3636 2316
3636 2315
3636 2314
3636 2313
3636 2312
3637 2311
3637 2310
3637 2309
3637 2308
3637 2307
3638 2306
3638 2305
3638 2304
3638 2303
3638 2302
3638 2301
3638 2300
3639 2299
3639 2298
3639 2297
3639 2296
3639 2295
3639 2294
3640 2293
3640 2292
3640 2291
3640 2290
3640 2289
3640 2288
3641 2287
3641 2286
3641 2285
3641 2284
3641 2283
3641 2282
3642 2281
3642 2280
3642 2279
3642 2278
3642 2277
3642 2276
3643 2275
3643 2274
3643 2273
3643 2272
3643 2271
3643 2270
3643 2269
3644 2268
3644 2267
3644 2266
3644 2265
3644 2264
3644 2263
3645 2262
3645 2261
3645 2260
3645 2259
3645 2258
3645 2257
3645 2256
3646 2255
3646 2254
3646 2253
3646 2252
3646 2251
3646 2250
3646 2249
3647 2248
3647 2247
3647 2246
3647 2245
3647 2244
3647 2243
3648 2242
3648 2241
3648 2240
3648 2239
3648 2238
3648 2237
3648 2236
3649 2235
3649 2234
3649 2233
3649 2232
3649 2231
3649 2230
3649 2229
3650 2228
3650 2227
3650 2226
3650 2225
3650 2224
3650 2223
3651 2222
3651 2221
3651 2220
3651 2219
3651 2218
3651 2217
3651 2216
3652 2215
3652 2214
3652 2213
3652 2212
3652 2211
3652 2210
3653 2209
3652 2208
3652 2207
3652 2206
3652 2205
3652 2204
3652 2203
3652 2202
3651 2201
3651 2200
3651 2199
3651 2198
3651 2197
3651 2196
3651 2195
3651 2194
3651 2193
3651 2192
3651 2191
3651 2190
3651 2189
3651 2188
3651 2187
3651 2186
3651 2185
3651 2184
3651 2183
3651 2182
3650 2181
3650 2180
3650 2179
3650 2178
3650 2177
3650 2176
3650 2175
3649 2174
3649 2173
3649 2172
3649 2171
3649 2170
3649 2169
3648 2168
3648 2167
3648 2166
3647 2165
3647 2164
3647 2163
3646 2162
3646 2161
3646 2160
3645 2159
3645 2158
3645 2157
3644 2156
3644 2155
3643 2154
3642 2153
3642 2152
3641 2151
3641 2150
3640 2149
3640 2148
3639 2147
3638 2146
3638 2145
3637 2144
3637 2143
3636 2142
3636 2141
3635 2140
3635 2139
3634 2138
3634 2137
3634 2136
3633 2135
3633 2134
3632 2133
3632 2132
3631 2131
3631 2130
3631 2129
3630 2128
3630 2127
3629 2126
3629 2125
3629 2124
3628 2123
3628 2122
3628 2121
3627 2120
3627 2119
3627 2118
3626 2117
3626 2116
3625 2115
3625 2114
3624 2113
3624 2112
3623 2111
3623 2110
3622 2109
3622 2108
3622 2107
3621 2106
3620 2105
3620 2104
3620 2103
3620 2102
3619 2101
3619 2100
3618 2099
3618 2098
3618 2097
3618 2096
3618 2095
3618 2094
3617 2093
3617 2092
3617 2091
3616 2090
3616 2089
3616 2088
3616 2087
3615 2086
3615 2085
3614 2084
3614 2083
3613 2082
3613 2081
3612 2080
3612 2079
3611 2078
3611 2077
3611 2076
3610 2075
3610 2074
3610 2073
3610 2072
3610 2071
3609 2070
3609 2069
3608 2068
3608 2067
3607 2066
3607 2065
3606 2064
3605 2063
3605 2062
3604 2061
3604 2060
3603 2059
3603 2058
3602 2057
3602 2056
3602 2055
3601 2054
3601 2053
3601 2052
3600 2051
3600 2050
3599 2049
3599 2048
3599 2047
3598 2046
3598 2045
3598 2044
3597 2043
3597 2042
3596 2041
3596 2040
3596 2039
3595 2038
3595 2037
3594 2036
3594 2035
3593 2034
3593 2033
3592 2032
3591 2031
3591 2030
3590 2029
3590 2028
3589 2027
3589 2026
3588 2025
3587 2024
3587 2023
3586 2022
3586 2021
3585 2020
3585 2019
3584 2018
3583 2017
3583 2016
3582 2015
3582 2014
3581 2013
3581 2012
3581 2011
3580 2010
3580 2009
3579 2008
3578 2007
3578 2006
3577 2005
3577 2004
3577 2003
3576 2002
3576 2001
3575 2000
3575 1999
3575 1998
3574 1997
3573 1996
3573 1995
3572 1994
3571 1993
3570 1992
3569 1991
3568 1990
3567 1989
3567 1988
3566 1987
3565 1986
3564 1985
3563 1984
3563 1983
3562 1982
3562 1981
3562 1980
3562 1979
3561 1978
3560 1977
3559 1976
3558 1975
3558 1974
3557 1973
3556 1972
3555 1971
3554 1970
3553 1969
3552 1968
3551 1967
3550 1966
3549 1966
3548 1965
3547 1965
3546 1964
3545 1964
3544 1963
3543 1962
3542 1961
3541 1960
3540 1959
3539 1958
3538 1958
3537 1957
3536 1957
3535 1956
3534 1956
3533 1956
3532 1955
3531 1955
3530 1955
3529 1954
3528 1953
3528 1952
3527 1951
3527 1950
3526 1949
3526 1950
3526 1951
3526 1952
3526 1953
3526 1954
3526 1955
3526 1956
3525 1957
3525 1958
3525 1959
3525 1960
3524 1961
3523 1960
3522 1960
3521 1959
3520 1959
3519 1959
3518 1958
3517 1958
3516 1958
3515 1957
3514 1957
3513 1957
3512 1957
3511 1957
3510 1957
3509 1956
3508 1956
3507 1955
3506 1954
3505 1953
3504 1952
3503 1951
3502 1950
3501 1950
3500 1949
3499 1948
3498 1947
3497 1946
3496 1945
3495 1945
3494 1944
3493 1943
3492 1942
3492 1941
3491 1940
3490 1940
3489 1939
3488 1938
3487 1938
3486 1938
3485 1937
3484 1937
3483 1936
3482 1936
3481 1935
3480 1935
3479 1934
3478 1933
3477 1933
3476 1932
3475 1932
3474 1931
3473 1931
3472 1930
3471 1930
3470 1930
3469 1929
3468 1929
3467 1929
3466 1929
3465 1928
3464 1928
3463 1927
3462 1926
3461 1926
3460 1925
3459 1924
3458 1924
3457 1923
3456 1923
3455 1922
3454 1922
3453 1921
3453 1920
3452 1919
3451 1918
3451 1917
3450 1916
3449 1915
3449 1914
3448 1913
3447 1912
3446 1911
3445 1910
3444 1909
3443 1908
3442 1907
3441 1906
3440 1905
3439 1905
3438 1904
3437 1903
3436 1903
3435 1902
3434 1902
3433 1902
3432 1901
3431 1901
3430 1901
3429 1901
3428 1900
3427 1900
3426 1900
3425 1900
3424 1900
3423 1899
3422 1899
3421 1899
3420 1899
3419 1899
3418 1899
3417 1898
3416 1898
3415 1898
3414 1898
3413 1898
3412 1898
3411 1897
3410 1897
3409 1897
3408 1897
3407 1897
3406 1897
3405 1896
3404 1896
3403 1896
3402 1896
3401 1896
3400 1896
3399 1895
3398 1895
3397 1895
3396 1895
3395 1895
3394 1895
3393 1895
3392 1894
3391 1894
3390 1894
3389 1894
3388 1894
3387 1893
3386 1892
3385 1892
3384 1891
3383 1891
3382 1890
3381 1889
3380 1888
3379 1888
3378 1887
3377 1886
3376 1885
3375 1884
3374 1883
3373 1882
3372 1882
3371 1883
3370 1883
3369 1884
3369 1885
3368 1886
3367 1887
3366 1888
3365 1888
3364 1889
3363 1890
3362 1891
3361 1892
3360 1892
3359 1893
3358 1893
3357 1893
3356 1893
3355 1894
3354 1894
3353 1894
3352 1895
3351 1895
3350 1895
3349 1895
3348 1896
3347 1896
3346 1896
3345 1896
3344 1897
3343 1897
3342 1897
3341 1897
3340 1898
3339 1898
3338 1898
3337 1899
3336 1899
3335 1899
3334 1899
3333 1899
3332 1900
3331 1900
3330 1900
3329 1900
3328 1900
3327 1900
3326 1900
3325 1901
3324 1902
3323 1902
3322 1903
3321 1903
3320 1903
3319 1903
3318 1903
3317 1903
3316 1903
3315 1903
3314 1903
3313 1903
3312 1903
3311 1903
3310 1903
3309 1903
3308 1903
3307 1903
3306 1903
3305 1903
3304 1903
3303 1903
3302 1903
3301 1903
3300 1902
3299 1902
3298 1902
3297 1902
3296 1902
3295 1902
3294 1902
3293 1901
3292 1901
3291 1901
3290 1901
3289 1901
3288 1901
3287 1901
3286 1900
3285 1900
3284 1900
3283 1900
3282 1900
3281 1900
3280 1899
3279 1899
3278 1898
3277 1898
3276 1897
3275 1896
3274 1896
3273 1895
3272 1895
3271 1894
3270 1894
3269 1894
3268 1893
3267 1892
3267 1891
3266 1890
3265 1889
3265 1888
3264 1887
3264 1886
3263 1885
3262 1884
3262 1883
3261 1882
3261 1881
3260 1880
3259 1879
3259 1878
3258 1877
3257 1877
3256 1876
3255 1875
3254 1875
3253 1874
3252 1874
