3085 1651
3084 1652
3083 1652
3082 1652
3081 1653
3080 1654
3079 1655
3078 1656
3077 1656
3076 1657
3075 1658
3074 1659
3073 1659
3072 1660
3071 1661
3071 1662
3070 1663
3069 1664
3069 1665
3068 1666
3067 1667
3066 1668
3065 1668
3064 1669
3064 1670
3063 1671
3062 1672
3061 1673
3060 1674
3060 1675
3059 1676
3058 1677
3057 1678
3056 1679
3056 1680
3055 1681
3055 1682
3055 1683
3054 1684
3054 1685
3053 1686
3053 1687
3052 1688
3052 1689
3051 1690
3050 1691
3049 1692
3048 1693
3048 1694
3047 1695
3046 1696
3045 1697
3044 1698
3043 1699
3042 1699
3041 1700
3040 1700
3039 1701
3038 1701
3037 1702
3036 1702
3035 1702
3034 1703
3033 1703
3032 1704
3031 1705
3030 1706
3029 1707
3028 1708
3027 1709
3026 1710
3025 1711
3024 1711
3023 1712
3022 1713
3021 1713
3020 1713
3019 1714
3018 1714
3017 1714
3016 1715
3015 1715
3014 1716
3013 1716
3012 1717
3011 1717
3010 1718
3009 1718
3008 1719
3007 1719
3006 1720
3005 1721
3004 1721
3003 1722
3002 1723
3001 1723
3000 1724
2999 1725
2998 1725
2997 1726
2996 1727
2995 1727
2994 1727
2993 1727
2992 1728
2991 1728
2990 1728
2989 1728
2988 1729
2987 1729
2986 1729
2985 1729
2984 1729
2983 1729
2982 1730
2981 1730
2980 1730
2979 1731
2978 1731
2977 1732
2976 1733
2975 1733
2974 1733
2973 1734
2972 1734
2971 1735
2970 1735
2969 1735
2968 1735
2967 1735
2966 1735
2965 1736
2964 1736
2963 1736
2962 1737
2961 1737
2960 1737
2959 1738
2958 1739
2957 1739
2956 1740
2955 1740
2954 1740
2953 1741
2952 1741
2951 1741
2950 1742
2949 1742
2948 1742
2947 1742
2946 1742
2945 1742
2944 1743
2943 1743
2942 1743
2941 1744
2940 1744
2939 1744
2938 1745
2937 1745
2936 1745
2935 1746
2934 1746
2933 1747
2932 1747
2931 1747
2930 1747
2929 1748
2928 1748
2927 1748
2926 1748
2925 1748
2924 1749
2923 1749
2922 1749
2921 1749
2920 1749
2919 1749
2918 1749
2917 1749
2916 1749
2915 1749
2914 1750
2913 1750
2912 1750
2911 1750
2910 1751
2909 1751
2908 1751
2907 1752
2906 1752
2905 1753
2904 1753
2903 1754
2902 1754
2901 1754
2900 1755
2899 1756
2898 1756
2897 1757
2896 1758
2895 1758
2894 1759
2893 1760
2892 1761
2891 1762
2890 1762
2889 1763
2888 1764
2887 1765
2886 1765
2885 1766
2884 1767
2883 1768
2882 1769
2881 1770
2880 1771
2879 1771
2878 1772
2877 1772
2876 1773
2875 1773
2874 1773
2873 1774
2872 1774
2871 1774
2870 1775
2869 1776
2868 1776
2867 1777
2866 1777
2865 1778
2864 1778
2863 1779
2862 1779
2861 1779
2860 1780
2859 1780
2858 1781
2857 1782
2856 1783
2855 1783
2854 1784
2853 1785
2852 1786
2851 1787
2850 1788
2849 1789
2848 1789
2847 1790
2846 1791
2845 1792
2844 1793
2843 1793
2842 1794
2841 1795
2840 1795
2840 1796
2839 1797
2838 1798
2837 1798
2836 1799
2835 1800
2834 1801
2833 1801
2832 1802
2831 1803
2830 1803
2829 1804
2828 1805
2827 1805
2826 1806
2826 1807
2825 1808
2824 1809
2823 1810
2822 1811
2821 1812
2821 1813
2820 1814
2819 1815
2819 1816
2818 1817
2817 1818
2817 1819
2816 1820
2815 1821
2814 1822
2813 1823
2813 1824
2812 1825
2811 1826
2810 1827
2810 1828
2809 1829
2808 1830
2807 1831
2806 1832
2805 1833
2804 1834
2803 1835
2803 1836
2802 1837
2801 1838
2800 1839
2799 1840
2799 1841
2798 1842
2797 1843
2797 1844
2796 1845
2795 1846
2794 1847
2793 1848
2793 1849
2792 1850
2792 1851
2791 1852
2791 1853
2790 1854
2789 1855
2788 1856
2787 1857
2786 1858
2786 1859
2785 1860
2785 1861
2785 1862
2784 1863
2784 1864
2783 1865
2782 1866
2781 1867
2780 1868
2780 1869
2779 1870
2779 1871
2778 1872
2777 1873
2776 1874
2775 1875
2774 1876
2773 1877
2772 1878
2771 1879
2770 1880
2770 1881
2769 1882
2768 1883
2767 1884
2767 1885
2766 1886
2766 1887
2765 1888
2765 1889
2765 1890
2764 1891
2763 1892
2763 1893
2762 1894
2761 1895
2761 1896
2760 1897
2759 1898
2759 1899
2758 1900
2758 1901
2757 1902
2756 1903
2756 1904
2755 1905
2754 1906
2754 1907
2753 1908
2752 1908
2751 1909
2750 1910
2749 1911
2748 1912
2747 1913
2746 1914
2745 1915
2744 1916
2743 1917
2742 1918
2741 1919
2741 1920
2740 1921
2739 1921
2738 1922
2737 1923
2736 1924
2735 1924
2735 1925
2734 1926
2733 1927
2733 1928
2732 1929
2732 1930
2731 1931
2730 1932
2729 1933
2728 1934
2727 1935
2726 1936
2725 1937
2724 1937
2723 1938
2722 1939
2721 1940
2721 1941
2720 1942
2720 1943
2719 1944
2718 1945
2718 1946
2717 1947
2716 1948
2715 1949
2715 1950
2714 1951
2713 1952
2713 1953
2712 1954
2712 1955
2711 1956
2710 1957
2709 1958
2708 1959
2707 1960
2706 1961
2705 1962
2704 1963
2703 1963
2702 1964
2701 1964
2700 1965
2699 1965
2698 1965
2697 1966
2696 1966
2696 1967
2696 1968
2695 1969
2694 1969
2694 1970
2693 1971
2692 1972
2691 1972
2691 1973
2690 1974
2689 1975
2688 1976
2687 1977
2686 1978
2685 1979
2684 1979
2683 1980
2682 1981
2681 1982
2680 1982
2679 1983
2678 1984
2677 1984
2676 1985
2675 1985
2674 1986
2673 1987
2672 1987
2671 1988
2671 1989
2670 1990
2669 1990
2668 1990
2667 1991
2666 1992
2665 1992
2664 1992
2663 1993
2662 1993
2661 1994
2660 1995
2660 1996
2659 1997
2659 1998
2658 1999
2657 1999
2657 2000
2656 2001
2655 2001
2654 2001
2653 2002
2652 2003
2651 2004
2650 2004
2649 2005
2648 2006
2647 2006
2646 2006
2646 2007
2645 2008
2644 2008
2643 2008
2642 2007
2643 2008
2643 2009
2643 2010
2642 2011
2641 2012
2640 2012
2639 2012
2638 2011
2638 2010
2638 2009
2638 2008
2637 2009
2636 2010
2635 2010
2635 2011
2635 2012
2634 2013
2633 2013
2632 2013
2631 2012
2630 2013
2630 2014
2630 2015
2629 2016
2628 2016
2627 2016
2626 2015
2625 2014
2625 2015
2624 2016
2623 2016
2622 2016
2621 2017
2621 2018
2620 2019
2619 2019
2618 2019
2617 2019
2617 2020
2617 2021
2617 2022
2616 2023
2615 2023
2614 2024
2613 2024
2612 2024
2611 2024
2610 2024
2609 2025
2608 2025
2607 2025
2606 2025
2605 2025
2604 2026
2603 2026
2602 2026
2601 2027
2600 2027
2600 2028
2600 2029
2600 2030
2599 2031
2598 2032
2597 2032
2596 2032
2595 2032
2594 2032
2593 2032
2592 2032
2591 2032
2590 2033
2589 2033
2589 2034
2589 2035
2588 2036
2588 2037
2587 2038
2586 2038
2585 2038
2584 2037
2584 2036
2584 2035
2584 2034
2583 2035
2584 2036
2584 2037
2584 2038
2584 2039
2583 2040
2582 2040
2581 2040
2580 2039
2580 2038
2579 2038
2578 2037
2578 2036
2577 2036
2576 2036
2575 2036
2574 2035
2573 2036
2572 2036
2571 2036
2570 2037
2569 2037
2568 2038
2567 2038
2566 2039
2565 2040
2564 2040
2563 2040
2562 2040
2561 2039
2560 2040
2560 2041
2560 2042
2559 2043
2558 2043
2557 2043
2556 2042
2556 2041
2555 2041
2554 2041
2553 2041
2552 2041
2551 2041
2550 2042
2549 2042
2548 2042
2547 2041
2546 2041
2545 2041
2544 2041
2543 2042
2542 2042
2541 2042
2540 2043
2539 2043
2538 2043
2537 2043
2536 2044
2535 2045
2535 2046
2534 2047
2533 2047
2532 2047
2531 2046
2530 2046
2529 2046
2528 2046
2527 2046
2526 2047
2525 2047
2524 2047
2523 2047
2522 2048
2521 2048
2520 2049
2519 2049
2518 2050
2517 2051
2516 2052
2516 2053
2515 2054
2514 2054
2513 2054
2513 2055
2512 2056
2511 2056
2510 2056
2509 2057
2508 2057
2508 2058
2508 2059
2507 2060
2506 2060
2505 2060
2504 2060
2503 2059
2502 2060
2501 2060
2500 2060
2499 2060
2498 2060
2497 2061
2496 2061
2496 2062
2495 2063
2494 2064
2493 2064
2492 2064
2491 2063
2491 2062
2490 2063
2489 2064
2488 2064
2488 2065
2487 2066
2486 2067
2485 2067
2484 2067
2483 2066
2482 2066
2481 2067
2480 2068
2480 2069
2480 2070
2480 2071
2479 2072
2478 2072
2477 2072
2476 2071
2476 2070
2476 2069
2476 2068
2476 2069
2476 2070
2476 2071
2476 2072
2475 2073
2474 2073
2473 2073
2472 2072
2472 2073
2471 2074
2470 2074
2469 2074
2468 2075
2468 2076
2467 2077
2466 2077
2465 2078
2465 2079
2465 2080
2465 2081
2464 2082
2463 2082
2462 2082
2461 2082
2460 2083
2459 2084
2458 2084
2457 2084
2456 2085
2455 2085
2454 2086
2453 2087
2452 2087
2451 2087
2450 2088
2450 2089
2449 2090
2448 2090
2447 2090
2446 2091
2445 2091
2444 2092
2443 2093
2442 2094
2441 2095
2440 2095
2439 2096
2438 2097
2437 2097
2436 2098
2435 2098
2434 2099
2433 2099
2432 2100
2431 2100
2430 2101
2429 2102
2428 2103
2427 2103
2426 2104
2425 2105
2424 2106
2423 2107
2422 2107
2421 2108
2420 2109
2419 2109
2418 2110
2417 2111
2416 2112
2415 2113
2414 2114
2413 2115
2412 2115
2411 2116
2410 2117
2409 2117
2408 2118
2407 2119
2406 2120
2405 2121
2404 2121
2403 2122
2402 2123
2401 2124
2400 2124
2399 2125
2398 2125
2397 2126
2396 2127
2395 2127
2394 2128
2393 2128
2392 2129
2391 2130
2390 2130
2389 2131
2388 2132
2387 2132
2386 2133
2385 2134
2384 2135
2383 2136
2383 2137
2382 2138
2381 2139
2380 2140
2379 2141
2378 2141
2377 2142
2376 2143
2375 2144
2374 2144
2373 2145
2372 2146
2371 2146
2370 2147
2369 2148
2368 2148
2367 2149
2366 2149
2365 2150
2364 2150
2363 2150
2362 2151
2361 2152
2360 2152
2359 2153
2358 2154
2357 2154
2356 2155
2355 2156
2354 2156
2353 2156
2352 2157
2351 2157
2351 2158
2350 2159
2349 2160
2348 2161
2347 2161
2346 2162
2345 2163
2344 2164
2343 2165
2342 2166
2341 2167
2340 2168
2339 2168
2338 2169
2337 2169
2336 2170
2335 2170
2334 2171
2333 2171
2332 2172
2331 2173
2330 2174
2329 2175
2328 2176
2327 2177
2326 2178
2325 2178
2324 2178
2323 2179
2322 2179
2321 2179
2320 2179
2319 2179
2318 2179
2317 2179
2316 2179
2315 2179
2314 2179
2313 2179
2312 2179
2311 2179
2310 2178
2309 2178
2308 2177
2307 2176
2306 2175
2305 2174
2304 2173
2303 2172
2302 2171
2301 2170
2300 2169
2299 2168
2298 2167
2297 2166
2296 2165
2296 2164
2295 2164
2294 2163
2293 2163
2292 2163
2291 2162
2290 2162
2289 2161
2288 2161
2287 2161
2287 2162
2286 2163
2286 2164
2286 2165
2286 2166
2286 2167
2286 2168
2286 2169
2286 2170
2286 2171
2286 2172
2286 2173
2285 2174
2285 2175
2284 2176
2283 2177
2283 2178
2282 2179
2282 2180
2282 2181
2281 2182
2281 2183
2281 2184
2281 2185
2280 2186
2280 2187
2280 2188
2279 2189
2279 2190
2278 2191
2278 2192
2277 2193
2276 2194
2275 2195
2274 2196
2273 2196
2272 2197
2271 2198
2270 2199
2269 2200
2268 2201
2267 2201
2266 2202
2265 2202
2264 2202
2263 2203
2262 2204
2261 2204
2260 2205
2259 2206
2258 2206
2257 2207
2256 2207
2255 2208
2254 2208
2253 2209
2252 2209
2251 2210
2250 2210
2249 2210
2248 2210
2247 2211
2246 2211
2245 2212
2244 2213
2243 2214
2242 2214
2241 2215
2240 2215
2239 2216
2238 2216
2237 2217
2236 2217
2235 2217
2234 2218
2233 2218
2232 2218
2231 2218
2230 2218
2229 2218
2228 2218
2227 2219
2226 2219
2225 2219
2224 2219
2223 2219
2222 2219
2221 2219
2220 2219
2219 2219
2218 2219
2217 2219
2216 2219
2215 2219
2214 2219
2213 2219
2212 2219
2211 2219
2210 2219
2209 2219
2208 2219
2207 2219
2206 2219
2205 2219
2204 2219
2203 2219
2202 2219
2201 2219
2200 2219
2199 2219
2198 2219
2197 2219
2196 2219
2195 2219
2194 2219
2193 2219
2192 2219
2191 2219
2190 2219
2189 2219
2188 2219
2187 2219
2186 2219
2185 2219
2184 2219
2183 2219
2182 2219
2181 2219
2180 2219
2179 2219
2178 2219
2177 2219
2176 2219
2175 2219
2174 2219
2173 2219
2172 2219
2171 2219
2170 2219
2169 2219
2168 2219
2167 2219
2166 2219
2165 2219
2164 2219
2163 2219
2162 2219
2161 2219
2160 2219
2159 2219
2158 2219
2157 2219
2156 2219
2155 2219
2154 2219
2153 2219
2152 2220
2151 2220
2150 2220
2149 2220
2148 2221
2147 2221
2146 2222
2145 2222
2144 2223
2143 2223
2142 2224
2141 2224
2140 2225
2139 2226
2138 2226
2137 2227
2136 2227
2135 2228
2134 2228
2133 2228
2132 2229
2131 2229
2130 2229
2129 2230
2128 2230
2127 2230
2126 2230
2125 2230
2124 2231
2123 2231
2122 2231
2121 2231
2120 2231
2119 2231
2118 2231
2117 2231
2116 2232
2115 2232
2114 2233
2113 2233
2112 2234
2111 2234
2110 2234
2109 2235
2108 2235
2107 2235
2106 2236
2105 2236
2104 2236
2103 2236
2102 2237
2101 2237
2100 2237
2099 2237
2098 2237
2097 2237
2096 2237
2095 2238
2094 2238
2093 2238
2092 2238
2091 2239
2090 2239
2089 2239
2088 2240
2087 2240
2086 2241
2085 2241
2084 2241
2083 2242
2082 2242
2081 2242
2080 2242
2079 2243
2078 2243
2077 2243
2076 2243
2075 2243
2074 2244
2073 2244
2072 2244
2071 2244
2070 2244
2069 2244
2068 2245
2067 2245
2066 2245
2065 2245
2064 2245
2063 2246
2062 2246
2061 2246
2060 2247
2059 2247
2058 2248
2057 2248
2056 2248
2055 2249
2054 2249
2053 2250
2052 2250
2051 2250
2050 2250
2049 2250
2048 2250
2047 2251
2046 2251
2045 2251
2044 2251
2043 2251
2042 2251
2041 2251
2040 2251
2039 2251
2038 2252
2037 2252
2036 2252
2035 2252
2034 2252
2033 2252
2032 2252
2031 2252
2030 2252
2029 2252
2028 2252
2027 2252
2026 2252
2025 2252
2024 2252
2023 2252
2022 2252
2021 2252
2020 2252
2019 2252
2018 2252
2017 2252
2016 2252
2015 2252
2014 2252
2013 2252
2012 2252
2011 2252
2010 2252
2009 2252
2008 2252
2007 2252
2006 2252
2005 2252
2004 2252
2003 2252
2002 2252
2001 2252
2000 2252
1999 2252
1998 2252
1997 2252
1996 2252
1995 2252
1994 2252
1993 2252
1992 2252
1991 2252
1990 2252
1989 2252
1988 2252
1987 2252
1986 2252
1985 2252
1984 2252
1983 2252
1982 2252
1981 2252
1980 2252
1979 2252
1978 2252
1977 2252
1976 2252
1975 2252
1974 2252
1973 2252
1972 2252
1971 2252
1970 2252
1969 2252
1968 2252
1967 2252
1966 2252
1965 2252
1964 2252
1963 2252
1962 2252
1961 2252
1960 2252
1959 2252
1958 2252
1957 2252
1956 2252
1955 2252
1954 2252
1953 2252
1952 2252
1951 2252
1950 2252
1949 2252
1948 2252
1947 2252
1946 2251
1945 2251
1944 2250
1943 2250
1942 2250
1941 2249
1940 2249
1939 2249
1938 2248
1937 2248
1936 2248
1935 2247
1934 2247
1933 2246
1932 2246
1931 2245
1930 2244
1929 2244
1928 2243
1927 2242
1926 2242
1925 2241
1924 2241
1923 2241
1922 2240
1921 2240
1920 2240
1919 2239
1918 2238
1918 2237
1917 2236
1917 2235
1916 2234
1916 2233
1916 2232
1916 2231
1916 2230
1916 2229
1915 2228
1915 2227
1915 2226
1915 2225
1915 2224
1915 2223
1915 2222
1915 2221
1915 2220
1915 2219
1915 2218
1915 2217
1914 2216
1914 2215
1913 2214
1912 2213
1912 2212
1911 2211
1911 2210
1910 2209
1909 2208
1908 2207
1907 2207
1906 2207
1905 2207
1904 2207
1903 2207
1902 2207
1901 2207
1900 2206
1899 2206
1898 2206
1897 2206
1896 2206
1895 2206
1894 2206
1893 2207
1892 2207
1891 2207
1890 2207
1889 2208
1888 2208
1887 2208
1886 2209
1885 2209
1884 2210
1883 2210
1882 2210
1881 2210
1880 2211
1879 2211
1878 2211
1877 2211
1876 2212
1875 2213
1874 2213
1873 2214
1872 2214
1871 2215
1870 2216
1869 2216
1868 2217
1867 2217
1866 2218
1865 2219
1864 2220
1863 2220
1862 2221
1861 2222
1860 2223
1859 2224
1859 2225
1858 2226
1857 2227
1856 2228
1855 2228
1854 2229
1853 2229
1852 2230
1852 2231
1852 2232
1852 2233
1851 2234
1850 2234
1849 2234
1848 2233
1848 2232
1848 2231
1848 2232
1847 2233
1846 2234
1845 2234
1845 2235
1844 2236
1843 2236
1842 2236
1842 2237
1841 2238
1840 2239
1840 2240
1840 2241
1840 2242
1840 2243
1840 2244
1839 2245
1838 2246
1838 2247
1838 2248
1838 2249
1838 2250
1837 2251
1837 2252
1837 2253
1836 2254
1835 2254
1834 2254
1833 2253
1833 2252
1833 2251
1833 2250
1833 2249
1832 2249
1831 2248
1830 2248
1829 2247
1829 2248
1829 2249
1829 2250
1829 2251
1829 2252
1828 2253
1828 2254
1828 2255
1828 2256
1827 2257
1826 2257
1825 2257
1824 2258
1823 2258
1822 2258
1821 2257
1820 2258
1819 2258
1818 2258
1818 2259
1818 2260
1817 2261
1817 2262
1816 2263
1816 2264
1816 2265
1816 2266
1816 2267
1815 2268
1814 2268
1813 2268
1812 2267
1812 2266
1812 2265
1811 2264
1810 2264
1809 2265
1808 2265
1807 2265
1807 2266
1807 2267
1807 2268
1806 2269
1805 2269
1804 2269
1803 2269
1802 2269
1802 2270
1802 2271
1802 2272
1802 2273
1801 2274
1800 2274
1799 2274
1798 2273
1798 2272
1798 2271
1798 2270
1797 2269
1796 2268
1795 2269
1794 2269
1793 2269
1792 2269
1791 2269
1790 2269
1789 2269
1788 2269
1787 2269
1786 2269
1785 2269
1784 2269
1783 2269
1782 2269
1781 2269
1780 2269
1779 2269
1778 2269
1777 2269
1776 2269
1775 2269
1774 2270
1773 2270
1772 2270
1771 2269
1770 2269
1770 2270
1769 2271
1768 2271
1767 2271
1766 2271
1765 2270
1765 2269
1765 2268
1765 2267
1765 2266
1764 2267
1764 2268
1763 2269
1762 2269
1761 2269
1760 2269
1759 2268
1759 2267
1758 2268
1757 2268
1756 2268
1755 2267
1755 2266
1755 2265
1754 2265
1753 2265
1752 2265
1751 2264
1751 2263
1751 2262
1751 2261
1751 2260
1752 2259
1752 2258
1752 2257
1753 2256
1752 2255
1752 2254
1752 2253
1752 2252
1752 2251
1752 2250
1752 2249
1751 2248
1751 2247
1751 2246
1751 2245
1750 2245
1749 2245
1748 2245
1747 2244
1746 2243
1746 2242
1745 2242
1744 2242
1743 2241
1742 2241
1741 2241
1740 2241
1739 2241
1738 2241
1737 2241
1736 2241
1735 2241
1734 2240
1733 2240
1732 2240
1731 2240
1730 2240
1729 2240
1728 2240
1727 2239
1726 2239
1725 2238
1724 2237
1723 2237
1722 2236
1721 2235
1720 2235
1719 2235
1718 2235
1717 2234
1716 2234
1715 2234
1714 2234
1713 2233
1712 2233
1711 2233
1710 2233
1709 2233
1708 2233
1707 2233
1706 2233
1705 2233
1704 2233
1703 2233
1702 2233
1701 2233
1700 2233
1699 2233
1698 2233
1697 2233
1696 2233
1695 2233
1694 2233
1693 2233
1692 2233
1691 2233
1690 2233
1689 2233
1688 2233
1687 2233
1686 2233
1685 2234
1684 2235
1683 2235
1682 2236
1681 2237
1680 2238
1679 2239
1678 2240
1677 2241
1676 2242
1675 2243
1674 2244
1674 2245
1674 2246
1673 2247
1673 2248
1673 2249
1673 2250
1672 2251
1672 2252
1672 2253
1671 2254
1671 2255
1670 2256
1669 2257
1669 2258
1668 2259
1668 2260
1667 2261
1667 2262
1666 2263
1666 2264
1666 2265
1665 2266
1664 2267
1663 2268
1662 2269
1661 2270
1661 2271
1661 2272
1660 2273
1660 2274
1660 2275
1660 2276
1660 2277
1659 2278
1659 2279
1659 2280
1658 2281
1657 2281
1656 2282
1655 2283
1655 2284
1654 2285
1654 2286
1653 2287
1652 2288
1652 2289
1651 2290
1650 2291
1649 2292
1649 2293
1648 2294
1648 2295
1647 2296
1647 2297
1646 2298
1646 2299
1645 2300
1644 2301
1644 2302
1643 2303
1643 2304
1642 2305
1642 2306
1641 2307
1641 2308
1640 2309
1639 2310
1638 2311
1637 2312
1636 2313
1635 2314
1634 2315
1633 2316
1632 2317
1631 2318
1630 2319
1629 2320
1628 2321
1627 2322
1626 2323
1625 2323
1624 2324
1623 2325
1622 2326
1621 2327
1620 2327
1619 2328
1618 2329
1617 2330
1616 2331
1615 2332
1614 2333
1613 2333
1612 2334
1611 2334
1610 2335
1609 2335
1608 2336
1607 2336
1606 2336
1605 2336
1604 2336
1603 2337
1602 2337
1601 2337
1600 2337
1599 2337
1598 2337
1597 2337
1596 2337
1595 2338
1594 2338
1593 2338
1592 2338
1591 2338
1590 2338
1589 2338
1588 2338
1587 2338
1586 2338
1585 2338
1584 2338
1583 2338
1582 2338
1581 2338
1580 2338
1579 2338
1578 2338
1577 2338
1576 2338
1575 2338
1574 2338
1573 2338
1572 2338
1571 2338
1570 2338
1569 2338
1568 2338
1567 2338
1566 2338
1565 2338
1564 2338
1563 2338
1562 2338
1561 2338
1560 2338
1559 2338
1558 2338
1557 2338
1556 2338
1555 2338
1554 2338
1553 2338
1552 2338
1551 2338
1550 2338
1549 2338
1548 2338
1547 2338
1546 2337
1545 2337
1544 2337
1543 2336
1542 2336
1541 2336
1540 2335
1539 2335
1538 2334
1537 2334
1536 2334
1535 2334
1534 2334
1533 2333
1532 2333
1531 2333
1530 2333
1529 2333
1528 2333
1527 2333
1526 2332
1525 2332
1524 2332
1523 2332
1522 2332
1521 2332
1520 2332
1519 2332
1518 2332
1517 2332
1516 2332
1515 2332
1514 2332
1513 2332
1512 2332
1511 2332
1510 2332
1509 2332
1508 2332
1507 2332
1506 2332
1505 2332
1504 2332
1503 2332
1502 2332
1501 2332
1500 2332
1499 2332
1498 2332
1497 2332
1496 2332
1495 2332
1494 2332
1493 2332
1492 2332
1491 2332
1490 2332
1489 2332
1488 2332
1487 2332
1486 2332
1485 2332
1484 2332
1483 2332
1482 2332
1481 2332
1480 2332
1479 2332
1478 2332
1477 2332
1476 2332
1475 2332
1474 2332
1473 2332
1472 2332
1471 2332
1470 2332
1469 2332
1468 2332
1467 2332
1466 2332
1465 2332
1464 2332
1463 2332
1462 2332
1461 2332
1460 2332
1459 2332
1458 2332
1457 2332
1456 2333
1455 2333
1454 2333
1453 2333
1452 2333
1451 2334
1450 2334
1449 2334
1448 2334
1447 2335
1446 2335
1445 2335
1444 2335
1443 2336
1442 2336
1441 2336
1440 2336
1439 2336
1438 2336
1437 2337
1436 2337
1435 2337
1434 2337
1433 2337
1432 2337
1431 2337
1430 2337
1429 2337
1428 2337
1427 2337
1426 2337
1425 2337
1424 2338
1423 2338
1422 2338
1421 2338
1420 2338
1419 2338
1418 2338
1417 2339
1416 2339
1415 2339
1414 2340
1413 2341
1412 2341
1411 2341
1410 2342
1409 2342
1408 2342
1407 2342
1406 2343
1405 2343
1404 2343
1403 2343
1402 2343
1401 2343
1400 2343
1399 2344
1398 2344
1397 2344
1396 2344
1395 2344
1394 2344
1393 2345
1392 2346
1391 2346
1390 2347
1389 2347
1388 2348
1387 2348
1386 2348
1385 2349
1384 2349
1383 2349
1382 2349
1381 2349
1380 2350
1379 2350
1378 2350
1377 2350
1376 2350
1375 2350
1374 2350
1373 2350
1372 2350
1371 2350
1370 2351
1369 2351
1368 2351
1367 2351
1366 2351
1365 2351
1364 2352
1363 2352
1362 2352
1361 2353
1360 2353
1359 2354
1358 2354
1357 2355
1356 2355
1355 2355
1354 2355
1353 2356
1352 2356
1351 2357
1350 2358
1349 2359
1348 2359
1347 2359
1346 2360
1345 2360
1344 2361
1343 2361
1342 2361
1341 2362
1340 2362
1339 2362
1338 2362
1337 2363
1336 2363
1335 2363
1334 2363
1333 2363
1332 2364
1331 2364
1330 2364
1329 2365
1328 2365
1327 2366
1326 2367
1325 2367
1324 2368
1323 2368
1322 2368
1321 2369
1320 2369
1319 2370
1318 2371
1317 2371
1316 2372
1315 2372
1314 2373
1313 2373
1312 2374
1311 2374
1310 2374
1309 2375
1308 2376
1307 2376
1306 2377
1305 2377
1304 2378
1303 2379
1302 2380
1301 2381
1300 2382
1299 2383
1298 2384
1297 2385
1296 2385
1295 2386
1294 2386
1293 2387
1292 2387
1291 2387
1290 2388
1289 2388
1288 2388
1287 2388
1286 2389
1285 2389
1284 2389
1283 2389
1282 2389
1281 2389
1280 2390
1279 2390
1278 2391
1277 2391
1276 2391
1275 2392
1274 2392
1273 2393
1272 2393
1271 2394
1270 2394
1269 2394
1268 2394
1267 2395
1266 2395
1265 2395
1264 2395
1263 2395
1262 2396
1261 2396
1260 2396
1259 2396
1258 2396
1257 2396
1256 2396
1255 2397
1254 2397
1253 2397
1252 2397
1251 2397
1250 2397
1249 2397
1248 2397
1247 2397
1246 2398
1245 2398
1244 2398
1243 2399
1242 2399
1241 2400
1240 2400
1239 2401
1238 2401
1237 2401
1236 2401
1235 2402
1234 2402
1233 2402
1232 2402
1231 2402
1230 2403
1229 2403
1228 2403
1227 2403
1226 2403
1225 2403
1224 2403
1223 2403
1222 2403
1221 2403
1220 2404
1219 2404
1218 2404
1217 2404
1216 2405
1215 2405
1214 2405
1213 2406
1212 2406
1211 2407
1210 2407
1209 2407
1208 2408
1207 2408
1206 2408
1205 2408
1204 2408
1203 2409
1202 2409
1201 2409
1200 2410
1199 2410
1198 2410
1197 2411
1196 2411
1195 2412
1194 2413
1193 2413
1192 2414
1191 2414
1190 2414
1189 2415
1188 2415
1187 2415
1186 2415
1185 2416
1184 2416
1183 2416
1182 2416
1181 2416
1180 2416
1179 2416
1178 2416
1177 2417
1176 2417
1175 2417
1174 2417
1173 2417
1172 2417
1171 2417
1170 2418
1169 2418
1168 2418
1167 2419
1166 2419
1165 2420
1164 2420
1163 2421
1162 2421
1161 2421
1160 2422
1159 2422
1158 2422
1157 2422
1156 2422
1155 2422
1154 2422
1153 2423
1152 2423
1151 2423
1150 2423
1149 2423
1148 2423
1147 2424
1146 2424
1145 2424
1144 2424
1143 2425
1142 2425
1141 2425
1140 2426
1139 2426
1138 2426
1137 2427
1136 2427
1135 2427
1134 2428
1133 2428
1132 2428
1131 2428
1130 2429
1129 2429
1128 2429
1127 2429
1126 2429
1125 2429
1124 2429
1123 2430
1122 2430
1121 2430
1120 2430
1119 2430
1118 2430
1117 2430
1116 2430
1115 2430
1114 2430
1113 2431
1112 2431
1111 2431
1110 2432
1109 2432
1108 2432
1107 2433
1106 2433
1105 2434
1104 2434
1103 2434
1102 2434
1101 2435
1100 2435
1099 2435
1098 2435
1097 2435
1096 2435
1095 2436
1094 2436
1093 2436
1092 2436
1091 2436
1090 2436
1089 2436
1088 2436
1087 2436
1086 2436
1085 2437
1084 2437
1083 2437
1082 2437
1081 2437
1080 2438
1079 2438
1078 2438
1077 2439
1076 2439
1075 2439
1074 2440
1073 2440
1072 2440
1071 2440
1070 2441
1069 2441
1068 2441
1067 2441
1066 2442
1065 2442
1064 2443
1063 2443
1062 2444
1061 2444
1060 2444
1059 2445
1058 2445
1057 2446
1056 2446
1055 2447
1054 2447
1053 2447
1052 2447
1051 2448
1050 2448
1049 2448
1048 2448
1047 2449
1046 2449
1045 2449
1044 2449
1043 2449
1042 2449
1041 2449
1040 2449
1039 2450
1038 2450
1037 2450
1036 2450
1035 2450
1034 2450
1033 2451
1032 2451
1031 2451
1030 2452
1029 2452
1028 2452
1027 2453
1026 2453
1025 2453
1024 2453
1023 2454
1022 2454
1021 2454
1020 2454
1019 2455
1018 2455
1017 2455
1016 2455
1015 2455
1014 2455
1013 2455
1012 2455
1011 2456
1010 2456
1009 2456
1008 2456
1007 2456
1006 2456
1005 2456
1004 2456
1003 2456
1002 2456
1001 2456
1000 2456
999 2456
998 2456
997 2457
996 2457
995 2457
994 2457
993 2457
992 2457
991 2457
990 2457
989 2457
988 2458
987 2458
986 2458
985 2459
984 2459
983 2460
982 2460
981 2460
980 2461
979 2461
978 2461
977 2461
976 2462
975 2462
974 2462
973 2462
972 2462
971 2462
970 2462
969 2462
968 2463
967 2463
966 2463
965 2463
964 2463
963 2463
962 2463
961 2463
960 2463
959 2463
958 2463
957 2463
956 2463
955 2463
954 2463
953 2463
952 2463
951 2463
950 2463
949 2463
948 2463
947 2463
946 2463
945 2463
944 2463
943 2463
942 2463
941 2464
940 2464
939 2464
938 2464
937 2464
936 2464
935 2464
934 2464
933 2464
932 2464
931 2464
930 2464
929 2464
928 2464
927 2464
926 2464
925 2464
924 2464
923 2464
922 2464
921 2464
920 2464
919 2464
918 2464
917 2464
916 2464
915 2464
914 2464
913 2464
912 2464
911 2464
910 2464
909 2464
908 2464
907 2464
906 2464
905 2464
904 2464
903 2464
902 2464
901 2464
900 2464
899 2464
898 2464
897 2464
896 2464
895 2464
894 2464
893 2464
892 2464
891 2464
890 2464
889 2464
888 2464
887 2464
886 2464
885 2464
884 2464
883 2464
882 2464
881 2464
880 2464
879 2464
878 2464
877 2464
876 2464
875 2464
874 2464
873 2464
872 2464
871 2464
870 2464
869 2464
868 2464
867 2464
866 2464
865 2464
864 2464
863 2464
862 2464
861 2464
860 2464
859 2464
858 2464
857 2464
856 2464
855 2464
854 2464
853 2464
852 2464
851 2464
850 2464
849 2464
848 2464
847 2464
846 2464
845 2464
844 2464
843 2464
842 2464
841 2464
840 2464
839 2464
838 2464
837 2464
836 2464
835 2464
834 2464
833 2464
832 2464
831 2464
830 2464
829 2464
828 2464
827 2464
826 2464
825 2464
824 2464
823 2464
822 2464
821 2464
820 2464
819 2464
818 2464
817 2464
816 2464
815 2464
814 2464
813 2464
812 2464
811 2464
810 2464
809 2464
808 2464
807 2464
806 2464
805 2464
804 2464
803 2464
802 2464
801 2464
800 2464
799 2464
798 2464
797 2464
796 2464
795 2464
794 2464
793 2464
792 2464
791 2464
790 2464
789 2464
788 2464
787 2464
786 2465
785 2465
784 2465
783 2465
782 2466
781 2466
780 2466
779 2467
778 2467
777 2467
776 2467
775 2467
774 2468
773 2468
772 2468
771 2468
770 2468
769 2469
768 2469
767 2469
766 2469
765 2469
764 2469
763 2469
762 2469
761 2469
760 2469
759 2469
758 2469
757 2469
756 2470
755 2470
754 2470
753 2470
752 2470
751 2470
750 2470
749 2470
748 2470
747 2470
746 2470
745 2470
744 2470
743 2470
742 2470
741 2470
740 2470
739 2470
738 2470
737 2470
736 2470
735 2470
734 2470
733 2470
732 2470
731 2470
730 2470
729 2470
728 2470
727 2470
726 2470
725 2470
724 2470
723 2470
722 2471
721 2471
720 2471
719 2471
718 2471
717 2472
716 2472
715 2473
714 2473
713 2473
712 2474
711 2474
710 2474
709 2474
708 2475
707 2475
706 2475
705 2475
704 2475
703 2475
702 2476
701 2476
700 2476
699 2476
698 2476
697 2476
696 2476
695 2476
694 2476
693 2476
692 2477
691 2477
690 2478
689 2478
688 2479
687 2480
686 2480
685 2481
684 2481
683 2482
682 2482
682 2483
682 2484
683 2484
684 2485
685 2486
686 2486
687 2486
688 2487
689 2487
690 2487
691 2487
692 2488
693 2488
694 2488
695 2488
696 2489
697 2489
698 2489
699 2490
700 2490
701 2490
702 2491
703 2491
704 2492
705 2492
706 2493
707 2493
708 2494
709 2494
710 2495
711 2495
712 2496
713 2496
714 2497
715 2497
716 2498
717 2498
718 2498
719 2499
720 2499
721 2499
722 2500
723 2500
724 2500
725 2500
726 2501
727 2501
728 2501
729 2501
730 2501
731 2501
732 2502
733 2502
734 2502
735 2502
736 2502
737 2502
738 2502
739 2502
740 2502
741 2503
742 2503
743 2503
744 2503
745 2504
746 2504
747 2505
748 2505
749 2506
750 2506
751 2506
752 2507
753 2507
754 2507
755 2507
756 2508
757 2508
758 2508
759 2508
760 2508
761 2508
762 2508
763 2508
764 2509
765 2509
766 2509
767 2509
768 2509
769 2509
770 2509
771 2509
772 2509
773 2510
774 2510
775 2511
776 2511
777 2512
778 2512
779 2513
780 2513
781 2513
782 2514
783 2514
784 2514
785 2514
786 2514
787 2515
788 2515
789 2515
790 2515
791 2515
792 2515
793 2515
794 2515
795 2515
796 2515
797 2515
798 2515
799 2515
800 2515
801 2516
802 2516
803 2516
804 2517
805 2517
806 2517
807 2518
808 2518
809 2518
810 2519
811 2519
812 2520
813 2520
814 2520
815 2520
816 2520
817 2521
818 2521
819 2521
820 2521
821 2521
822 2521
823 2522
824 2522
825 2522
826 2522
827 2522
828 2522
829 2522
830 2522
831 2522
832 2522
833 2522
834 2522
835 2522
836 2522
837 2522
838 2522
839 2522
840 2522
841 2522
842 2522
843 2522
844 2522
845 2522
846 2522
847 2522
848 2522
849 2522
850 2522
851 2522
852 2522
853 2522
854 2522
855 2522
856 2522
857 2522
858 2522
859 2522
860 2522
861 2522
862 2522
863 2522
864 2522
865 2522
866 2522
867 2522
868 2522
869 2522
870 2522
871 2522
872 2522
873 2522
874 2522
875 2522
876 2522
877 2522
878 2522
879 2522
880 2522
881 2522
882 2522
883 2522
884 2522
885 2522
886 2522
887 2522
888 2522
889 2522
890 2522
891 2522
892 2522
893 2522
894 2522
895 2522
896 2522
897 2522
898 2522
899 2522
900 2522
901 2522
902 2522
903 2522
904 2522
905 2522
906 2522
907 2522
908 2522
909 2522
910 2522
911 2522
912 2522
913 2522
914 2522
915 2522
916 2522
917 2522
918 2522
919 2522
920 2522
921 2522
922 2522
923 2522
924 2522
925 2522
926 2522
927 2522
928 2522
929 2522
930 2522
931 2522
932 2522
933 2522
934 2522
935 2522
936 2522
937 2522
938 2522
939 2522
940 2522
941 2522
942 2522
943 2522
944 2522
945 2522
946 2522
947 2522
948 2522
949 2522
950 2522
951 2522
952 2522
953 2522
954 2522
955 2522
956 2522
957 2522
958 2522
959 2522
960 2522
961 2522
962 2522
963 2522
964 2522
965 2522
966 2522
967 2522
968 2522
969 2522
970 2522
971 2522
972 2522
973 2522
974 2522
975 2522
976 2522
977 2522
978 2522
979 2522
980 2522
981 2522
982 2522
983 2522
984 2522
985 2522
986 2522
987 2522
988 2522
989 2522
990 2522
991 2522
992 2522
993 2522
994 2522
995 2522
996 2522
997 2522
998 2522
999 2522
1000 2522
1001 2522
1002 2522
1003 2522
1004 2522
1005 2522
1006 2522
1007 2522
1008 2522
1009 2522
1010 2522
1011 2522
1012 2522
1013 2522
1014 2522
1015 2522
1016 2522
1017 2522
1018 2522
1019 2522
1020 2522
1021 2522
1022 2522
1023 2522
1024 2522
1025 2522
1026 2522
1027 2522
1028 2522
1029 2522
1030 2522
1031 2522
1032 2522
1033 2522
1034 2522
1035 2522
1036 2522
1037 2522
1038 2522
1039 2522
1040 2522
1041 2522
1042 2522
1043 2522
1044 2522
1045 2522
1046 2522
1047 2522
1048 2522
1049 2522
1050 2522
1051 2522
1052 2522
1053 2522
1054 2522
1055 2522
1056 2522
1057 2522
1058 2522
1059 2522
1060 2522
1061 2522
1062 2522
1063 2522
1064 2522
1065 2522
1066 2522
1067 2522
1068 2522
1069 2522
1070 2522
1071 2522
1072 2522
1073 2522
1074 2522
1075 2522
1076 2522
1077 2522
1078 2522
1079 2522
1080 2522
1081 2522
1082 2521
1083 2521
1084 2520
1085 2520
1086 2519
1087 2519
1088 2519
1089 2518
1090 2518
1091 2518
1092 2517
1093 2517
1094 2517
1095 2517
1096 2517
1097 2517
1098 2517
1099 2517
1100 2517
1101 2517
1102 2517
1103 2516
1104 2516
1105 2516
1106 2516
1107 2516
1108 2516
1109 2516
1110 2516
1111 2516
1112 2516
1113 2516
1114 2516
1115 2515
1116 2514
1117 2513
1118 2513
1119 2513
1120 2512
1121 2512
1122 2512
1123 2512
1124 2512
1125 2511
1126 2511
1127 2511
1128 2511
1129 2511
1130 2510
1131 2510
1132 2510
1133 2510
1134 2510
1135 2510
1136 2510
1137 2510
1138 2510
1139 2510
1140 2510
1141 2510
1142 2510
1143 2509
1144 2509
1145 2509
1146 2509
1147 2509
1148 2509
1149 2509
1150 2509
1151 2509
1152 2509
1153 2509
1154 2509
1155 2509
1156 2509
1157 2509
1158 2509
1159 2509
1160 2509
1161 2509
1162 2509
1163 2509
1164 2509
1165 2509
1166 2509
1167 2509
1168 2509
1169 2509
1170 2509
1171 2509
1172 2509
1173 2509
1174 2509
1175 2509
1176 2509
1177 2509
1178 2509
1179 2509
1180 2509
1181 2509
1182 2509
1183 2509
1184 2509
1185 2509
1186 2509
1187 2509
1188 2509
1189 2509
1190 2509
1191 2509
1192 2509
1193 2509
1194 2509
1195 2509
1196 2509
1197 2509
1198 2509
1199 2509
1200 2509
1201 2509
1202 2509
1203 2509
1204 2509
1205 2509
1206 2509
1207 2509
1208 2509
1209 2509
1210 2509
1211 2509
1212 2509
1213 2509
1214 2509
1215 2509
1216 2509
1217 2509
1218 2509
1219 2509
1220 2509
1221 2509
1222 2509
1223 2509
1224 2509
1225 2509
1226 2509
1227 2509
1228 2509
1229 2509
1230 2509
1231 2509
1232 2509
1233 2509
1234 2509
1235 2509
1236 2509
1237 2509
1238 2509
1239 2509
1240 2509
1241 2509
1242 2509
1243 2509
1244 2509
1245 2509
1246 2509
1247 2509
1248 2509
1249 2509
1250 2509
1251 2509
1252 2509
1253 2509
1254 2509
1255 2509
1256 2509
1257 2509
1258 2509
1259 2509
1260 2509
1261 2509
1262 2509
1263 2509
1264 2509
1265 2509
1266 2509
1267 2509
1268 2509
1269 2509
1270 2509
1271 2509
1272 2509
1273 2509
1274 2509
1275 2509
1276 2509
1277 2509
1278 2509
1279 2509
1280 2509
1281 2509
1282 2509
1283 2509
1284 2509
1285 2509
1286 2509
1287 2509
1288 2509
1289 2509
1290 2509
1291 2509
1292 2509
1293 2509
1294 2509
1295 2509
1296 2509
1297 2509
1298 2509
1299 2509
1300 2509
1301 2509
1302 2509
1303 2509
1304 2509
1305 2509
1306 2509
1307 2509
1308 2509
1309 2509
1310 2509
1311 2509
1312 2509
1313 2509
1314 2509
1315 2509
1316 2509
1317 2509
1318 2509
1319 2509
1320 2509
1321 2509
1322 2509
1323 2509
1324 2509
1325 2509
1326 2509
1327 2509
1328 2509
1329 2509
1330 2509
1331 2509
1332 2509
1333 2509
1334 2509
1335 2509
1336 2509
1337 2509
1338 2509
1339 2509
1340 2509
1341 2509
1342 2509
1343 2509
1344 2509
1345 2509
1346 2509
1347 2509
1348 2509
1349 2509
1350 2509
1351 2509
1352 2509
1353 2509
1354 2509
1355 2509
1356 2509
1357 2509
1358 2509
1359 2509
1360 2509
1361 2509
1362 2509
1363 2509
1364 2509
1365 2509
1366 2509
1367 2509
1368 2509
1369 2509
1370 2509
1371 2509
1372 2509
1373 2509
1374 2509
1375 2509
1376 2509
1377 2509
1378 2509
1379 2509
1380 2509
1381 2509
1382 2509
1383 2509
1384 2509
1385 2509
1386 2509
1387 2509
1388 2509
1389 2509
1390 2509
1391 2509
1392 2509
1393 2509
1394 2509
1395 2509
1396 2509
1397 2509
1398 2509
1399 2509
1400 2509
1401 2509
1402 2509
1403 2509
1404 2509
1405 2509
1406 2509
1407 2509
1408 2509
1409 2509
1410 2509
1411 2509
1412 2509
1413 2509
1414 2509
1415 2509
1416 2509
1417 2509
1418 2509
1419 2509
1420 2509
1421 2509
1422 2509
1423 2509
1424 2509
1425 2509
1426 2509
1427 2509
1428 2509
1429 2509
1430 2509
1431 2509
1432 2509
1433 2509
1434 2509
1435 2509
1436 2509
1437 2509
1438 2509
1439 2509
1440 2509
1441 2509
1442 2509
1443 2509
1444 2509
1445 2509
1446 2509
1447 2509
1448 2509
1449 2509
1450 2509
1451 2509
1452 2509
1453 2509
1454 2510
1455 2510
1456 2510
1457 2511
1458 2511
1459 2511
1460 2512
1461 2512
1462 2512
1463 2513
1464 2513
1465 2513
1466 2513
1467 2514
1468 2514
1469 2514
1470 2514
1471 2514
1472 2515
1473 2515
1474 2515
1475 2515
1476 2515
1477 2515
1478 2515
1479 2515
1480 2515
1481 2515
1482 2515
1483 2515
1484 2515
1485 2515
1486 2515
1487 2515
1488 2516
1489 2516
1490 2516
1491 2516
1492 2516
1493 2516
1494 2516
1495 2516
1496 2516
1497 2516
1498 2516
1499 2516
1500 2516
1501 2517
1502 2517
1503 2517
1504 2518
1505 2518
1506 2519
1507 2519
1508 2519
1509 2520
1510 2520
1511 2520
1512 2521
1513 2521
1514 2521
1515 2521
1516 2521
1517 2521
1518 2521
1519 2521
1520 2521
1521 2522
1522 2522
1523 2522
1524 2522
1525 2522
1526 2522
1527 2522
1528 2522
1529 2522
1530 2522
1531 2522
1532 2522
1533 2522
1534 2522
1535 2522
1536 2522
1537 2522
1538 2522
1539 2522
1540 2523
1541 2523
1542 2523
1543 2523
1544 2524
1545 2524
1546 2525
1547 2525
1548 2525
1549 2526
1550 2526
1551 2526
1552 2526
1553 2527
1554 2527
1555 2527
1556 2527
1557 2527
1558 2527
1559 2528
1560 2528
1561 2528
1562 2528
1563 2528
1564 2528
1565 2528
1566 2528
1567 2528
1568 2528
1569 2528
1570 2529
1571 2529
1572 2529
1573 2529
1574 2529
1575 2529
1576 2529
1577 2529
1578 2529
1579 2529
1580 2529
1581 2529
1582 2529
1583 2529
1584 2529
1585 2529
1586 2529
1587 2529
1588 2529
1589 2529
1590 2529
1591 2529
1592 2529
1593 2529
1594 2529
1595 2529
1596 2529
1597 2529
1598 2529
1599 2529
1600 2529
1601 2529
1602 2529
1603 2529
1604 2529
1605 2529
1606 2529
1607 2529
1608 2529
1609 2529
1610 2529
1611 2529
1612 2529
1613 2529
1614 2529
1615 2529
1616 2529
1617 2529
1618 2529
1619 2529
1620 2529
1621 2529
1622 2529
1623 2529
1624 2529
1625 2529
1626 2529
1627 2529
1628 2529
1629 2529
1630 2529
1631 2529
1632 2529
1633 2529
1634 2529
1635 2529
1636 2529
1637 2529
1638 2529
1639 2529
1640 2529
1641 2529
1642 2529
1643 2529
1644 2529
1645 2529
1646 2529
1647 2529
1648 2529
1649 2529
1650 2529
1651 2529
1652 2529
1653 2529
1654 2529
1655 2529
1656 2529
1657 2529
1658 2529
1659 2529
1660 2529
1661 2529
1662 2529
1663 2529
1664 2529
1665 2529
1666 2529
1667 2529
1668 2529
1669 2529
1670 2529
1671 2529
1672 2529
1673 2529
1674 2529
1675 2529
1676 2529
1677 2529
1678 2529
1679 2529
1680 2529
1681 2529
1682 2529
1683 2529
1684 2529
1685 2529
1686 2529
1687 2529
1688 2529
1689 2529
1690 2529
1691 2529
1692 2529
1693 2529
1694 2529
1695 2529
1696 2529
1697 2529
1698 2529
1699 2529
1700 2529
1701 2529
1702 2529
1703 2529
1704 2529
1705 2529
1706 2529
1707 2529
1708 2529
1709 2529
1710 2529
1711 2529
1712 2529
1713 2529
1714 2529
1715 2529
1716 2529
1717 2529
1718 2529
1719 2529
1720 2529
1721 2529
1722 2529
1723 2529
1724 2529
1725 2529
1726 2529
1727 2529
1728 2529
1729 2529
1730 2529
1731 2529
1732 2529
1733 2529
1734 2529
1735 2529
1736 2529
1737 2529
1738 2529
1739 2529
1740 2529
1741 2529
1742 2529
1743 2529
1744 2529
1745 2529
1746 2529
1747 2529
1748 2529
1749 2529
1750 2530
1751 2530
1752 2530
1753 2530
1754 2531
1755 2531
1756 2531
1757 2531
1758 2532
1759 2532
1760 2532
1761 2532
1762 2533
1763 2533
1764 2533
1765 2533
1766 2533
1767 2534
1768 2534
1769 2534
1770 2534
1771 2534
1772 2534
1773 2534
1774 2534
1775 2535
1776 2535
1777 2535
1778 2535
1779 2535
1780 2535
1781 2536
1782 2536
1783 2536
1784 2537
1785 2537
1786 2537
1787 2538
1788 2538
1789 2538
1790 2539
1791 2539
1792 2539
1793 2540
1794 2540
1795 2540
1796 2540
1797 2540
1798 2541
1799 2541
1800 2541
1801 2541
1802 2541
1803 2542
1804 2543
1805 2544
1806 2545
1807 2545
1808 2546
1809 2546
1810 2547
1811 2547
1812 2547
1813 2547
1814 2548
1815 2548
1816 2548
1817 2548
1818 2548
1819 2548
1820 2548
1821 2548
1822 2548
1823 2548
1824 2548
1825 2548
1826 2548
1827 2548
1828 2549
1829 2549
1830 2549
1831 2549
1832 2549
1833 2549
1834 2549
1835 2549
1836 2550
1837 2551
1838 2551
1839 2552
1840 2552
1841 2552
1842 2553
1843 2553
1844 2553
1845 2553
1846 2554
1847 2554
1848 2554
1849 2554
1850 2554
1851 2554
1852 2554
1853 2555
1854 2555
1855 2555
1856 2555
1857 2555
1858 2555
1859 2555
1860 2555
1861 2555
1862 2555
1863 2555
1864 2555
1865 2555
1866 2555
1867 2555
1868 2555
1869 2555
1870 2555
1871 2555
1872 2555
1873 2555
1874 2555
1875 2555
1876 2555
1877 2555
1878 2555
1879 2555
1880 2555
1881 2555
1882 2555
1883 2555
1884 2555
1885 2555
1886 2555
1887 2555
1888 2555
1889 2555
1890 2555
1891 2555
1892 2555
1893 2555
1894 2556
1895 2556
1896 2556
1897 2557
1898 2557
1899 2558
1900 2558
1901 2558
1902 2559
1903 2559
1904 2559
1905 2560
1906 2560
1907 2560
1908 2560
1909 2561
1910 2561
1911 2561
1912 2561
1913 2562
1914 2562
1915 2562
1916 2562
1917 2562
1918 2562
1919 2562
1920 2562
1921 2562
1922 2562
1923 2562
1924 2562
1925 2562
1926 2562
1927 2562
1928 2562
1929 2562
1930 2562
1931 2562
1932 2562
1933 2562
1934 2562
1935 2562
1936 2562
1937 2562
1938 2562
1939 2562
1940 2562
1941 2562
1942 2561
1943 2561
1944 2561
1945 2561
1946 2561
1947 2560
1948 2560
1949 2560
1950 2560
1951 2559
1952 2559
1953 2559
1954 2559
1955 2558
1956 2558
1957 2558
1958 2558
1959 2558
1960 2558
1961 2558
1962 2557
1963 2557
1964 2557
1965 2557
1966 2557
1967 2557
1968 2557
1969 2557
1970 2557
1971 2557
1972 2556
1973 2556
1974 2556
1975 2556
1976 2556
1977 2556
1978 2556
1979 2556
1980 2556
1981 2556
1982 2556
1983 2556
1984 2556
1985 2556
1986 2556
1987 2556
1988 2556
1989 2556
1990 2556
1991 2556
1992 2556
1993 2556
1994 2556
1995 2556
1996 2556
1997 2556
1998 2556
1999 2556
2000 2556
2001 2556
2002 2556
2003 2556
2004 2556
2005 2556
2006 2556
2007 2556
2008 2556
2009 2556
2010 2556
2011 2556
2012 2556
2013 2556
2014 2556
2015 2556
2016 2556
2017 2556
2018 2556
2019 2556
2020 2556
2021 2556
2022 2556
2023 2556
2024 2556
2025 2556
2026 2556
2027 2556
2028 2557
2029 2557
2030 2557
2031 2558
2032 2558
2033 2558
2034 2559
2035 2559
2036 2559
2037 2559
2038 2560
2039 2560
2040 2560
2041 2560
2042 2560
2043 2561
2044 2561
2045 2561
2046 2561
2047 2561
2048 2561
2049 2561
2050 2561
2051 2561
2052 2562
2053 2562
2054 2562
2055 2563
2056 2563
2057 2564
2058 2564
2059 2565
2060 2565
2061 2565
2062 2565
2063 2566
2064 2566
2065 2566
2066 2567
2067 2567
2068 2567
2069 2567
2070 2567
2071 2567
2072 2568
2073 2568
2074 2568
2075 2569
2076 2569
2077 2570
2078 2570
2079 2571
2080 2571
2081 2572
2082 2572
2083 2572
2084 2573
2085 2573
2086 2573
2087 2573
2088 2573
2089 2574
2090 2574
2091 2574
2092 2574
2093 2574
2094 2574
2095 2574
2096 2574
2097 2574
2098 2575
2099 2575
2100 2575
2101 2575
2102 2575
2103 2575
2104 2575
2105 2576
2106 2576
2107 2576
2108 2577
2109 2577
2110 2577
2111 2578
2112 2578
2113 2578
2114 2579
2115 2579
2116 2579
2117 2579
2118 2580
2119 2580
2120 2580
2121 2580
2122 2580
2123 2580
2124 2581
2125 2581
2126 2581
2127 2581
2128 2581
2129 2581
2130 2581
2131 2581
2132 2581
2133 2581
2134 2581
2135 2582
2136 2582
2137 2582
2138 2583
2139 2583
2140 2583
2141 2584
2142 2584
2143 2585
2144 2585
2145 2585
2146 2586
2147 2586
2148 2586
2149 2586
2150 2587
2151 2587
2152 2587
2153 2587
2154 2587
2155 2587
2156 2587
2157 2588
2158 2588
2159 2588
2160 2588
2161 2588
2162 2588
2163 2588
2164 2588
2165 2588
2166 2588
2167 2589
2168 2589
2169 2589
2170 2589
2171 2589
2172 2589
2173 2589
2174 2589
2175 2589
2176 2589
2177 2589
2178 2589
2179 2589
2180 2589
2181 2589
2182 2589
2183 2589
2184 2589
2185 2589
2186 2589
2187 2589
2188 2589
2189 2589
2190 2589
2191 2589
2192 2589
2193 2589
2194 2589
2195 2589
2196 2589
2197 2589
2198 2589
2199 2589
2200 2589
2201 2589
2202 2589
2203 2589
2204 2589
2205 2589
2206 2589
2207 2589
2208 2589
2209 2589
2210 2589
2211 2589
2212 2589
2213 2589
2214 2589
2215 2589
2216 2589
2217 2589
2218 2589
2219 2589
2220 2589
2221 2589
2222 2589
2223 2589
2224 2589
2225 2589
2226 2589
2227 2589
2228 2589
2229 2589
2230 2589
2231 2589
2232 2589
2233 2589
2234 2589
2235 2589
2236 2589
2237 2589
2238 2589
2239 2589
2240 2589
2241 2589
2242 2589
2243 2589
2244 2589
2245 2589
2246 2589
2247 2589
2248 2589
2249 2589
2250 2589
2251 2589
2252 2589
2253 2589
2254 2589
2255 2589
2256 2589
2257 2589
2258 2589
2259 2589
2260 2589
2261 2589
2262 2589
2263 2589
2264 2589
2265 2589
2266 2589
2267 2589
2268 2589
2269 2589
2270 2589
2271 2589
2272 2589
2273 2589
2274 2589
2275 2589
2276 2589
2277 2589
2278 2589
2279 2589
2280 2589
2281 2589
2282 2589
2283 2589
2284 2589
2285 2589
2286 2589
2287 2589
2288 2589
2289 2589
2290 2589
2291 2590
2292 2590
2293 2590
2294 2591
2295 2591
2296 2592
2297 2592
2298 2593
2299 2593
2300 2594
2301 2595
2302 2595
2303 2596
2304 2596
2305 2597
2306 2597
2307 2597
2308 2597
2309 2598
2310 2598
2311 2598
2312 2598
2313 2599
2314 2599
2315 2599
2316 2599
2317 2599
2318 2600
2319 2600
2320 2600
2321 2600
2322 2600
2323 2600
2324 2600
2325 2601
2326 2601
2327 2601
2328 2601
2329 2601
2330 2601
2331 2601
2332 2601
2333 2601
2334 2601
2335 2601
2336 2601
2337 2601
2338 2601
2339 2601
2340 2601
2341 2601
2342 2601
2343 2602
2344 2602
2345 2602
2346 2602
2347 2602
2348 2602
2349 2602
2350 2602
2351 2602
2352 2602
2353 2602
2354 2602
2355 2602
2356 2602
2357 2602
2358 2602
2359 2602
2360 2602
2361 2602
2362 2602
2363 2602
2364 2602
2365 2602
2366 2602
2367 2602
2368 2602
2369 2602
2370 2602
2371 2602
2372 2602
2373 2602
2374 2602
2375 2602
2376 2602
2377 2602
2378 2602
2379 2602
2380 2602
2381 2602
2382 2602
2383 2602
2384 2602
2385 2602
2386 2602
2387 2602
2388 2602
2389 2602
2390 2602
2391 2602
2392 2602
2393 2602
2394 2602
2395 2602
2396 2602
2397 2602
2398 2602
2399 2602
2400 2602
2401 2601
2402 2601
2403 2601
2404 2600
2405 2600
2406 2600
2407 2599
2408 2599
2409 2599
2410 2598
2411 2598
2412 2598
2413 2598
2414 2598
2415 2597
2416 2597
2417 2597
2418 2597
2419 2597
2420 2597
2421 2597
2422 2596
2423 2596
2424 2596
2425 2596
2426 2596
2427 2596
2428 2596
2429 2596
2430 2596
2431 2596
2432 2596
2433 2596
2434 2596
2435 2595
2436 2595
2437 2595
2438 2595
2439 2595
2440 2595
2441 2594
2442 2594
2443 2594
2444 2594
2445 2594
2446 2593
2447 2593
2448 2593
2449 2592
2450 2592
2451 2592
2452 2591
2453 2591
2454 2591
2455 2591
2456 2591
2457 2590
2458 2590
2459 2590
2460 2590
2461 2590
2462 2590
2463 2590
2464 2590
2465 2590
2466 2590
2467 2589
2468 2589
2469 2589
2470 2589
2471 2589
2472 2589
2473 2589
2474 2589
2475 2589
2476 2589
2477 2589
2478 2589
2479 2589
2480 2589
2481 2589
2482 2589
2483 2589
2484 2589
2485 2589
2486 2589
2487 2589
2488 2589
2489 2589
2490 2589
2491 2589
2492 2589
2493 2589
2494 2589
2495 2589
2496 2589
2497 2589
2498 2589
2499 2589
2500 2589
2501 2589
2502 2589
2503 2589
2504 2589
2505 2589
2506 2589
2507 2589
2508 2589
2509 2589
2510 2589
2511 2589
2512 2589
2513 2589
2514 2589
2515 2589
2516 2589
2517 2589
2518 2589
2519 2589
2520 2589
2521 2589
2522 2589
2523 2589
2524 2589
2525 2589
2526 2589
2527 2589
2528 2589
2529 2589
2530 2589
2531 2589
2532 2589
2533 2589
2534 2589
2535 2589
2536 2589
2537 2589
2538 2589
2539 2589
2540 2589
2541 2589
2542 2588
2542 2587
2543 2586
2544 2586
2545 2585
2546 2585
2547 2585
2548 2585
2549 2584
2550 2584
2551 2584
2552 2584
2553 2584
2554 2584
2555 2583
2556 2583
2557 2583
2558 2583
2559 2582
2560 2582
2561 2582
2562 2581
2563 2581
2564 2581
2565 2580
2566 2580
2567 2580
2568 2579
2569 2579
2570 2579
2571 2578
2572 2578
2573 2578
2574 2577
2575 2577
2576 2577
2577 2576
2578 2576
2579 2576
2580 2575
2581 2575
2582 2574
2583 2574
2584 2573
2585 2573
2586 2572
2587 2572
2588 2572
2589 2572
2590 2571
2591 2571
2592 2571
2593 2571
2594 2570
2595 2570
2596 2570
2597 2570
2598 2570
2599 2570
2600 2570
2601 2570
2602 2569
2603 2569
2604 2569
2605 2569
2606 2569
2607 2569
2608 2569
2609 2569
2610 2569
2611 2569
2612 2569
2613 2569
2614 2569
2615 2569
2616 2569
2617 2569
2618 2569
2619 2569
2620 2569
2621 2569
2622 2569
2623 2569
2624 2569
2625 2569
2626 2569
2627 2569
2628 2569
2629 2569
2630 2569
2631 2569
2632 2569
2633 2569
2634 2569
2635 2569
2636 2569
2637 2569
2638 2569
2639 2569
2640 2569
2641 2569
2642 2569
2643 2569
2644 2569
2645 2569
2646 2569
2647 2569
2648 2569
2649 2569
2650 2569
2651 2569
2652 2569
2653 2570
2654 2570
2655 2570
2656 2570
2657 2571
2658 2571
2659 2571
2660 2572
2661 2572
2662 2572
2663 2572
2664 2573
2665 2573
2666 2573
2667 2573
2668 2574
2669 2574
2670 2575
2671 2575
2672 2575
2673 2576
2674 2576
2675 2577
2676 2577
2677 2578
2678 2578
2679 2579
2680 2579
2681 2579
2682 2579
2683 2579
2684 2579
2685 2580
2686 2580
2687 2580
2688 2580
2689 2580
2690 2580
2691 2580
2692 2581
2693 2581
2694 2581
2695 2581
2696 2582
2697 2582
2698 2582
2699 2583
2700 2583
2701 2584
2702 2584
2703 2584
2704 2585
2705 2585
2706 2585
2707 2586
2708 2586
2709 2586
2710 2586
2711 2586
2712 2586
2713 2587
2714 2587
2715 2587
2716 2587
2717 2587
2718 2587
2719 2587
2720 2587
2721 2588
2722 2588
2723 2588
2724 2588
2725 2588
2726 2588
2727 2588
2728 2588
2729 2589
2730 2589
2731 2589
2732 2590
2733 2590
2734 2591
2735 2591
2736 2592
2737 2592
2738 2593
2739 2593
2740 2594
2741 2594
2742 2595
2743 2595
2744 2596
2745 2596
2746 2597
2747 2598
2748 2598
2749 2598
2750 2599
2751 2599
2752 2599
2753 2599
2754 2600
2755 2600
2756 2600
2757 2600
2758 2600
2759 2600
2760 2600
2761 2600
2762 2601
2763 2601
2764 2601
2765 2601
2766 2601
2767 2601
2768 2601
2769 2601
2770 2601
2771 2601
2772 2601
2773 2601
2774 2601
2775 2602
2776 2602
2777 2602
2778 2603
2779 2603
2780 2603
2781 2603
2782 2604
2783 2604
2784 2604
2785 2605
2786 2605
2787 2605
2788 2606
2789 2606
2790 2606
2791 2606
2792 2606
2793 2606
2794 2607
2795 2607
2796 2607
2797 2607
2798 2607
2799 2607
2800 2607
2801 2607
2802 2607
2803 2608
2804 2608
2805 2608
2806 2608
2807 2608
2808 2608
2809 2608
2810 2608
2811 2608
2812 2608
2813 2609
2814 2610
2815 2611
2816 2612
2817 2612
2818 2613
2819 2614
2820 2615
2821 2615
2822 2616
2823 2617
2824 2618
2825 2618
2826 2619
2827 2620
2828 2621
2829 2622
2830 2623
2831 2623
2832 2624
2833 2624
2834 2625
2835 2626
2836 2627
2837 2627
2838 2628
2839 2628
2840 2629
2841 2629
2842 2630
2843 2631
2844 2631
2845 2632
2846 2632
2847 2633
2848 2634
2849 2634
2850 2635
2851 2636
2852 2636
2853 2637
2854 2638
2855 2639
2856 2640
2857 2640
2858 2641
2859 2642
2860 2643
2861 2644
2862 2645
2863 2646
2864 2647
2864 2648
2865 2649
2866 2649
2867 2650
2868 2651
2869 2652
2870 2653
2871 2654
2872 2654
2873 2655
2874 2656
2875 2657
2876 2657
2877 2658
2878 2658
2879 2658
2880 2659
2881 2659
2882 2660
2883 2661
2884 2661
2885 2662
2886 2663
2887 2664
2888 2664
2889 2664
2890 2665
2891 2666
2892 2667
2893 2667
2894 2668
2895 2669
2896 2669
2897 2670
2898 2671
2899 2671
2900 2672
2901 2673
2902 2673
2903 2674
2904 2675
2905 2676
2906 2677
2907 2677
2908 2678
2909 2679
2910 2680
2911 2680
2912 2681
2913 2682
2914 2682
2915 2683
2916 2684
2917 2684
2918 2685
2919 2686
2920 2687
2921 2688
2922 2689
2923 2690
2924 2691
2924 2692
2925 2693
2926 2694
2927 2695
2928 2695
2929 2696
2930 2697
2931 2697
2932 2697
2933 2698
2934 2698
2935 2699
2936 2699
2937 2700
2938 2700
2939 2701
2940 2701
2941 2702
2942 2702
2943 2703
2944 2703
2945 2703
2946 2704
2947 2704
2948 2705
2949 2705
2950 2706
2951 2706
2952 2707
2953 2707
2954 2708
2955 2708
2956 2709
2957 2709
2958 2710
2959 2711
2960 2712
2961 2712
2962 2713
2963 2714
2964 2715
2965 2716
2966 2716
2967 2717
2968 2718
2969 2719
2970 2720
2971 2721
2972 2721
2973 2722
2974 2723
2975 2724
2976 2724
2977 2725
2978 2726
2979 2727
2980 2727
2981 2728
2982 2728
2983 2729
2984 2729
2985 2730
2986 2730
2987 2731
2988 2731
2989 2732
2990 2732
2991 2733
2992 2734
2993 2734
2994 2735
2995 2735
2996 2736
2997 2736
2998 2737
2999 2738
3000 2738
3001 2739
3002 2740
3003 2740
3004 2741
3005 2741
3006 2742
3007 2743
3008 2743
3009 2744
3010 2745
3011 2746
3012 2747
3013 2748
3014 2748
3015 2749
3016 2750
3017 2751
3018 2752
3018 2753
3019 2753
3020 2754
3021 2755
3022 2755
3023 2756
3024 2756
3025 2756
3026 2756
3027 2757
3028 2757
3029 2757
3030 2758
3031 2758
3032 2759
3033 2760
3034 2760
3035 2761
3036 2761
3037 2762
3038 2762
3039 2762
3040 2763
3041 2763
3042 2764
3043 2765
3044 2766
3045 2767
3046 2768
3047 2769
3048 2770
3049 2771
3050 2772
3051 2772
3052 2773
3053 2774
3054 2774
3055 2775
3056 2775
3057 2775
3058 2776
3059 2776
3060 2777
3061 2778
3062 2778
3063 2779
3064 2780
3065 2781
3066 2782
3067 2782
3068 2783
3069 2783
3070 2784
3071 2784
3072 2785
3073 2785
3074 2786
3075 2787
3076 2787
3077 2788
3078 2788
3079 2789
3080 2789
3081 2789
3082 2790
3083 2790
3084 2791
3085 2791
3086 2792
3087 2792
3088 2793
3089 2794
3090 2795
3091 2796
3092 2797
3093 2798
3094 2799
3095 2800
3096 2801
3097 2801
3098 2802
3099 2803
3100 2803
3101 2804
3102 2805
3103 2805
3104 2806
3105 2807
3106 2807
3107 2808
3108 2808
3109 2809
3110 2809
3111 2809
3112 2810
3113 2810
3114 2810
3115 2811
3116 2811
3117 2812
3118 2812
3119 2813
3120 2813
3121 2814
3122 2814
3123 2815
3124 2815
3125 2816
3126 2816
3127 2817
3128 2818
3129 2819
3130 2819
3131 2820
3132 2821
3133 2822
3134 2823
3135 2823
3136 2824
3137 2825
3138 2826
3139 2827
3140 2827
3141 2828
3142 2828
3143 2829
3144 2829
3145 2830
3146 2830
3147 2831
3148 2831
3149 2832
3150 2832
3151 2833
3152 2833
3153 2834
3154 2834
3155 2835
3156 2835
3157 2835
3158 2835
3159 2836
3160 2836
3161 2836
3162 2836
3163 2837
3164 2838
3165 2838
3166 2839
3167 2839
3168 2840
3169 2840
3170 2841
3171 2841
3172 2842
3173 2842
3174 2843
3175 2844
3176 2844
3177 2845
3178 2845
3179 2846
3180 2847
3181 2848
3182 2848
3183 2849
3184 2850
3185 2850
3186 2851
3187 2852
3188 2852
3189 2853
3190 2853
3191 2854
3192 2855
3193 2856
3194 2856
3195 2857
3196 2858
3197 2859
3198 2860
3199 2860
3200 2861
3201 2861
3202 2861
3203 2862
3204 2862
3205 2862
3206 2863
3207 2863
3208 2863
3209 2863
3210 2864
3211 2864
3212 2864
3213 2864
3214 2865
3215 2866
3216 2866
3217 2867
3218 2868
3219 2869
3220 2870
3221 2870
3222 2871
3223 2872
3224 2873
3225 2874
3226 2874
3227 2874
3228 2875
3229 2875
3230 2876
3231 2876
3232 2877
3233 2877
3234 2878
3235 2878
3236 2879
3237 2879
3238 2880
3239 2881
3240 2881
3241 2882
3242 2882
3243 2883
3244 2884
3245 2884
3246 2885
3247 2886
3248 2886
3249 2887
3250 2888
3251 2888
3252 2888
3253 2889
3254 2889
3255 2889
3256 2889
3257 2890
3258 2890
3259 2890
3260 2891
3261 2891
3262 2892
3263 2892
3264 2893
3265 2893
3266 2894
3267 2894
3268 2895
3269 2895
3270 2896
3271 2896
3272 2896
3273 2897
3274 2897
3275 2898
3276 2898
3277 2899
3278 2899
3279 2900
3280 2900
3281 2901
3282 2901
3283 2901
3284 2902
3285 2902
3286 2902
3287 2903
3288 2903
3289 2904
3290 2905
3291 2905
3292 2906
3293 2906
3294 2906
3295 2907
3296 2907
3297 2908
3298 2908
3299 2909
3300 2909
3301 2910
3302 2910
3303 2911
3304 2911
3305 2912
3306 2912
3307 2913
3308 2914
3309 2914
3310 2915
3311 2915
3312 2915
3313 2915
3314 2916
3315 2916
3316 2916
3317 2917
3318 2917
3319 2917
3320 2918
3321 2918
3322 2918
3323 2919
3324 2919
3325 2919
3326 2920
3327 2920
3328 2920
3329 2920
3330 2921
3331 2921
3332 2921
3333 2922
3334 2922
3335 2922
3336 2923
3337 2923
3338 2924
3339 2924
3340 2924
3341 2925
3342 2925
3343 2926
3344 2926
3345 2927
3346 2927
3347 2928
3348 2928
3349 2929
3350 2930
3351 2930
3352 2931
3353 2931
3354 2932
3355 2932
3356 2933
3357 2933
3358 2934
3359 2934
3360 2934
3361 2935
3362 2935
3363 2936
3364 2936
3365 2937
3366 2938
3367 2938
3368 2939
3369 2939
3370 2940
3371 2940
3372 2940
3373 2940
3374 2941
3375 2941
3376 2941
3377 2942
3378 2942
3379 2942
3380 2942
3381 2942
3382 2943
3383 2943
3384 2943
3385 2943
3386 2943
3387 2943
3388 2944
3389 2944
3390 2945
3391 2945
3392 2945
3393 2946
3394 2946
3395 2947
3396 2947
3397 2947
3398 2948
3399 2948
3400 2949
3401 2949
3402 2949
3403 2950
3404 2950
3405 2951
3406 2952
3407 2953
3408 2953
3409 2954
3410 2955
3411 2956
3412 2956
3413 2957
3414 2958
3415 2959
3416 2959
3417 2960
3418 2961
3419 2962
3420 2963
3421 2964
3422 2964
3423 2965
3424 2966
3425 2967
3426 2967
3427 2968
3428 2968
3429 2969
3430 2969
3431 2969
3432 2970
3433 2971
3434 2971
3435 2972
3436 2972
3437 2973
3438 2973
3439 2973
3440 2974
3441 2974
3442 2974
3443 2974
3444 2975
3445 2975
3446 2975
3447 2975
3448 2975
3449 2975
3450 2975
3451 2975
3452 2976
3453 2976
3454 2976
3455 2976
3456 2976
3457 2976
3458 2976
3459 2976
3460 2976
3461 2977
3462 2977
3463 2976
3464 2977
3465 2977
3466 2977
3467 2977
3468 2977
3469 2978
3470 2978
3471 2979
3472 2979
3473 2979
3474 2980
3475 2980
3476 2981
3477 2981
3478 2981
3479 2981
3480 2982
3481 2983
3482 2982
3483 2983
3484 2983
3485 2984
3486 2984
3487 2984
3488 2985
3489 2985
3490 2986
3491 2986
3492 2986
3493 2987
3494 2987
3495 2987
3496 2987
3497 2988
3498 2988
3499 2988
3500 2988
3501 2989
3502 2989
3503 2989
3504 2989
3505 2989
3506 2989
3507 2989
3508 2989
3509 2990
3510 2990
3511 2990
3512 2990
3513 2990
3514 2990
3515 2990
3516 2990
3517 2990
3518 2990
3519 2990
3520 2990
3521 2990
3522 2990
3523 2990
3524 2990
3525 2991
3526 2990
3527 2991
3528 2991
3529 2991
3530 2991
3531 2991
3532 2991
3533 2991
3534 2991
3535 2991
3536 2991
3537 2991
3538 2991
3539 2991
3540 2991
3541 2991
3542 2991
3543 2991
3544 2991
3545 2991
3546 2991
3547 2991
3548 2991
3549 2991
3550 2991
3551 2991
3552 2991
3553 2991
3554 2991
3555 2991
3556 2991
3557 2991
3558 2991
3559 2991
3560 2991
3561 2991
3562 2991
3563 2991
3564 2991
3565 2991
3566 2991
3567 2991
3568 2991
3569 2991
3570 2991
3571 2991
3572 2991
3573 2991
3574 2991
3575 2991
3576 2991
3577 2991
3578 2991
3579 2991
3580 2991
3581 2991
3582 2991
3583 2991
3584 2991
3585 2991
3586 2991
3587 2991
3588 2991
3589 2991
3590 2991
3591 2991
3592 2991
3593 2991
3594 2991
3595 2991
3596 2991
3597 2991
3598 2991
3599 2991
3600 2991
3601 2991
3602 2991
3603 2991
3604 2991
3605 2991
3606 2991
3607 2991
3608 2991
3609 2991
3610 2991
3611 2991
3612 2991
3613 2991
3614 2991
3615 2991
3616 2991
3617 2991
3618 2991
3619 2991
3620 2991
3621 2991
3622 2991
3623 2991
3624 2991
3625 2991
3626 2991
3627 2991
3628 2991
3629 2991
3630 2991
3631 2991
3632 2991
3633 2991
3634 2991
3635 2991
3636 2991
3637 2991
3638 2991
3639 2991
3640 2991
3641 2991
3642 2991
3643 2991
3644 2991
3645 2991
3646 2991
3647 2991
3648 2991
3649 2991
3650 2991
3651 2991
3652 2991
3653 2991
3654 2991
3655 2991
3656 2991
3657 2991
3658 2991
3659 2991
3660 2991
3661 2991
3662 2991
3663 2991
3664 2991
3665 2991
3666 2991
3667 2991
3668 2991
3669 2991
3670 2991
3671 2991
3672 2991
3673 2991
3674 2991
3675 2991
3676 2991
3677 2991
3678 2991
3679 2991
3680 2991
3681 2991
3682 2991
3683 2991
3684 2991
3685 2991
3686 2991
3687 2991
3688 2991
3689 2991
3690 2991
3691 2991
3692 2991
3693 2991
3694 2991
3695 2991
3696 2991
3697 2991
3698 2991
3699 2991
3700 2991
3701 2991
3702 2991
3703 2991
3704 2991
3705 2991
3706 2991
3707 2991
3708 2991
3709 2991
3710 2991
3711 2991
3712 2991
3713 2991
3714 2991
3715 2991
3716 2991
3717 2991
3718 2991
3719 2991
3720 2991
3721 2991
3722 2991
3723 2991
3724 2991
3725 2991
3726 2991
3727 2991
3728 2991
3729 2991
3730 2991
3731 2991
3732 2991
3733 2991
3734 2991
3735 2991
3736 2991
3737 2991
3738 2991
3739 2991
3740 2991
3741 2991
3742 2991
3743 2991
3744 2991
3745 2991
3746 2991
3747 2991
3748 2991
3749 2991
3750 2991
3751 2991
3752 2991
3753 2991
3754 2991
3755 2991
3756 2991
3757 2991
3758 2991
3759 2991
3760 2991
3761 2991
3762 2991
3763 2991
3764 2991
3765 2991
3766 2991
3767 2991
3768 2991
3769 2991
3770 2991
3771 2991
3772 2991
3773 2991
3774 2991
3775 2991
3776 2991
3777 2991
3778 2991
3779 2991
3780 2991
3781 2991
3782 2991
3783 2991
3784 2991
3785 2991
3786 2991
3787 2991
3788 2991
3789 2991
3790 2991
3791 2991
3792 2991
3793 2991
3794 2991
3795 2991
3796 2990
3797 2990
3798 2990
3799 2990
3800 2989
3801 2989
3802 2989
3803 2989
3804 2989
3805 2988
3806 2988
3807 2988
3808 2988
3809 2987
3810 2987
3811 2987
3812 2987
3813 2987
3814 2987
3815 2986
3816 2986
3817 2986
3818 2986
3819 2985
3820 2985
3821 2985
3822 2984
3823 2984
3824 2983
3825 2983
3826 2982
3827 2982
3828 2982
3829 2981
3830 2981
3831 2981
3832 2981
3833 2980
3834 2980
3835 2980
3836 2980
3837 2980
3838 2980
3839 2979
3840 2979
3841 2979
3842 2978
3843 2978
3844 2978
3845 2977
3846 2977
3847 2977
3848 2976
3849 2976
3850 2976
3851 2975
3852 2975
3853 2975
3854 2975
3855 2975
3856 2974
3857 2974
3858 2974
3859 2974
3860 2974
3861 2974
3862 2973
3863 2973
3864 2973
3865 2973
3866 2973
3867 2973
3868 2973
3869 2973
3870 2973
3871 2973
3872 2973
3873 2972
3874 2972
3875 2971
3876 2971
3877 2971
3878 2970
3879 2970
3880 2969
3881 2969
3882 2969
3883 2969
3884 2968
3885 2968
3886 2968
3887 2968
3888 2968
3889 2968
3890 2967
3891 2967
3892 2967
3893 2967
3894 2967
3895 2967
3896 2967
3897 2967
3898 2967
3899 2967
3900 2967
3901 2966
3902 2966
3903 2966
3904 2966
3905 2966
3906 2966
3907 2966
3908 2966
3909 2965
3910 2965
3911 2965
3912 2964
3913 2964
3914 2964
3915 2963
3916 2963
3917 2963
3918 2962
3919 2962
3920 2961
3921 2961
3922 2960
3923 2960
3924 2959
3925 2959
3926 2959
3927 2958
3928 2958
3929 2957
3930 2957
3931 2957
3932 2956
3933 2956
3934 2956
3935 2955
3936 2955
3937 2955
3938 2955
3939 2954
3940 2954
3941 2954
3942 2954
3943 2954
3944 2954
3945 2953
3946 2953
3947 2953
3948 2953
3949 2953
3950 2953
3951 2953
3952 2953
3953 2953
3954 2953
3955 2953
3956 2953
3957 2952
3958 2952
3959 2952
3960 2952
3961 2952
3962 2952
3963 2952
3964 2951
3965 2951
3966 2951
3967 2951
3968 2950
3969 2950
3970 2950
3971 2949
3972 2949
3973 2949
3974 2948
3975 2948
3976 2948
3977 2947
3978 2947
3979 2947
3980 2947
3981 2947
3982 2946
3983 2946
3984 2946
3985 2946
3986 2946
3987 2946
3988 2945
3987 2944
3986 2943
3985 2942
3984 2941
3983 2940
3982 2939
3981 2938
3980 2937
3979 2936
3978 2935
3977 2934
3976 2933
3977 2932
3978 2932
3979 2932
3980 2932
3981 2932
3982 2932
3983 2932
3984 2932
3985 2932
3986 2932
3987 2932
3988 2932
3989 2932
3990 2932
3991 2932
3992 2932
3993 2932
3994 2932
3995 2932
3996 2932
3997 2932
3998 2932
3999 2932
4000 2932
4001 2932
4002 2932
4003 2932
4004 2932
4005 2932
4006 2932
4007 2932
4008 2931
4009 2931
4010 2930
4011 2930
4012 2930
4013 2929
4014 2929
4015 2929
4016 2929
4017 2928
4018 2928
4019 2928
4020 2928
4021 2927
4022 2927
4023 2927
4024 2927
4025 2926
4026 2926
4027 2926
4028 2925
4029 2924
4030 2923
4031 2923
4032 2922
4033 2922
4034 2921
4035 2920
4036 2920
4036 2919
4037 2918
4038 2918
4039 2917
4040 2916
4041 2916
4042 2915
4043 2915
4044 2914
4045 2914
4046 2913
4047 2912
4048 2912
4049 2911
4050 2910
4051 2909
4052 2909
4053 2908
4054 2908
4055 2908
4056 2907
4057 2906
4057 2905
4058 2904
4059 2904
4060 2903
4061 2903
4062 2902
4063 2901
4064 2900
4065 2899
4065 2898
4066 2897
4066 2896
4067 2895
4067 2894
4068 2893
4068 2892
4069 2891
4070 2890
4071 2889
4071 2888
4072 2887
4073 2886
4074 2885
4075 2884
4076 2883
4077 2882
4077 2881
4077 2880
4078 2879
4078 2878
4079 2877
4079 2876
4080 2875
4081 2874
4082 2873
4083 2872
4083 2871
4084 2870
4084 2869
4085 2868
4086 2867
4087 2866
4087 2865
4088 2864
4089 2863
4089 2862
4090 2861
4090 2860
4091 2859
4091 2858
4091 2857
4092 2856
4092 2855
4093 2854
4093 2853
4094 2852
4094 2851
4095 2850
4096 2849
4096 2848
4097 2847
4097 2846
4098 2845
4098 2844
4099 2843
4099 2842
4100 2841
4100 2840
4101 2839
4102 2838
4103 2837
4103 2836
4104 2835
4104 2834
4105 2833
4105 2832
4106 2831
4107 2830
4107 2829
4108 2828
4109 2827
4109 2826
4110 2825
4110 2824
4110 2823
4111 2822
4111 2821
4111 2820
4112 2819
4112 2818
4112 2817
4112 2816
4112 2815
4113 2814
4113 2813
4113 2812
4113 2811
4113 2810
4114 2809
4114 2808
4114 2807
4115 2806
4115 2805
4115 2804
4116 2803
4116 2802
4116 2801
4117 2800
4117 2799
4117 2798
4117 2797
4118 2796
4118 2795
4118 2794
4118 2793
4119 2792
4119 2791
4119 2790
4119 2789
4119 2788
4120 2787
4120 2786
4120 2785
4120 2784
4120 2783
4120 2782
4121 2781
4121 2780
4121 2779
4122 2778
4122 2777
4122 2776
4123 2775
4123 2774
4123 2773
4124 2772
4124 2771
4124 2770
4125 2769
4125 2768
4125 2767
4125 2766
4126 2765
4126 2764
4127 2763
4127 2762
4128 2761
4129 2760
4129 2759
4130 2758
4130 2757
4130 2756
4131 2755
4131 2754
4131 2753
4131 2752
4131 2751
4132 2750
4132 2749
4132 2748
4132 2747
4132 2746
4132 2745
4132 2744
4133 2743
4133 2742
4133 2741
4133 2740
4133 2739
4133 2738
4133 2737
4133 2736
4134 2735
4134 2734
4135 2733
4135 2732
4135 2731
4136 2730
4136 2729
4137 2728
4137 2727
4137 2726
4138 2725
4138 2724
4138 2723
4138 2722
4138 2721
4139 2720
4139 2719
4139 2718
4139 2717
4139 2716
4139 2715
4140 2714
4140 2713
4140 2712
4140 2711
4140 2710
4140 2709
4140 2708
4140 2707
4140 2706
4140 2705
4141 2704
4141 2703
4141 2702
4142 2701
4142 2700
4142 2699
4143 2698
4143 2697
4144 2696
4144 2695
4144 2694
4145 2693
4145 2692
4145 2691
4145 2690
4146 2689
4146 2688
4146 2687
4146 2686
4146 2685
4146 2684
4146 2683
4146 2682
4146 2681
4147 2680
4147 2679
4147 2678
4147 2677
4147 2676
4147 2675
4147 2674
4147 2673
4147 2672
4147 2671
4147 2670
4147 2669
4147 2668
4147 2667
4147 2666
4147 2665
4147 2664
4147 2663
4147 2662
4147 2661
4147 2660
4147 2659
4147 2658
4147 2657
4147 2656
4147 2655
4147 2654
4147 2653
4147 2652
4147 2651
4147 2650
4147 2649
4147 2648
4147 2647
4147 2646
4147 2645
4147 2644
4147 2643
4147 2642
4147 2641
4147 2640
4147 2639
4147 2638
4147 2637
4147 2636
4147 2635
4147 2634
4147 2633
4147 2632
4147 2631
4147 2630
4147 2629
4147 2628
4147 2627
4147 2626
4147 2625
4147 2624
4147 2623
4147 2622
4147 2621
4147 2620
4147 2619
4147 2618
4147 2617
4147 2616
4147 2615
4147 2614
4147 2613
4147 2612
4147 2611
4147 2610
4147 2609
4147 2608
4147 2607
4147 2606
4147 2605
4147 2604
4147 2603
4147 2602
4147 2601
4147 2600
4147 2599
4147 2598
4147 2597
4147 2596
4147 2595
4147 2594
4147 2593
4147 2592
4147 2591
4147 2590
4147 2589
4147 2588
4147 2587
4147 2586
4147 2585
4147 2584
4147 2583
4147 2582
4147 2581
4147 2580
4147 2579
4147 2578
4147 2577
4147 2576
4147 2575
4147 2574
4147 2573
4147 2572
4147 2571
4147 2570
4147 2569
4147 2568
4147 2567
4147 2566
4147 2565
4147 2564
4147 2563
4147 2562
4147 2561
4147 2560
4147 2559
4147 2558
4147 2557
4147 2556
4147 2555
4147 2554
4147 2553
4147 2552
4147 2551
4147 2550
4147 2549
4147 2548
4147 2547
4147 2546
4147 2545
4147 2544
4147 2543
4147 2542
4147 2541
4147 2540
4147 2539
4147 2538
4147 2537
4147 2536
4147 2535
4147 2534
4147 2533
4147 2532
4147 2531
4147 2530
4147 2529
4147 2528
4147 2527
4147 2526
4147 2525
4147 2524
4147 2523
4147 2522
4147 2521
4147 2520
4147 2519
4147 2518
4147 2517
4147 2516
4147 2515
4147 2514
4147 2513
4147 2512
4147 2511
4147 2510
4147 2509
4147 2508
4147 2507
4147 2506
4147 2505
4147 2504
4147 2503
4147 2502
4147 2501
4147 2500
4147 2499
4147 2498
4147 2497
4147 2496
4147 2495
4147 2494
4147 2493
4147 2492
4147 2491
4147 2490
4147 2489
4147 2488
4147 2487
4147 2486
4147 2485
4147 2484
4147 2483
4147 2482
4147 2481
4147 2480
4147 2479
4147 2478
4147 2477
4147 2476
4147 2475
4147 2474
4147 2473
4147 2472
4147 2471
4147 2470
4147 2469
4147 2468
4147 2467
4147 2466
4147 2465
4147 2464
4147 2463
4147 2462
4147 2461
4147 2460
4147 2459
4147 2458
4147 2457
4147 2456
4147 2455
4147 2454
4147 2453
4147 2452
4147 2451
4147 2450
4147 2449
4147 2448
4147 2447
4147 2446
4147 2445
4147 2444
4147 2443
4147 2442
4147 2441
4147 2440
4147 2439
4147 2438
4147 2437
4147 2436
4147 2435
4147 2434
4147 2433
4147 2432
4147 2431
4147 2430
4147 2429
4147 2428
4147 2427
4147 2426
4147 2425
4147 2424
4147 2423
4147 2422
4147 2421
4147 2420
4147 2419
4147 2418
4147 2417
4147 2416
4147 2415
4147 2414
4147 2413
4147 2412
4147 2411
4147 2410
4147 2409
4147 2408
4147 2407
4147 2406
4147 2405
4147 2404
4147 2403
4147 2402
4147 2401
4147 2400
4147 2399
4147 2398
4147 2397
4147 2396
4147 2395
4147 2394
4147 2393
4147 2392
4147 2391
4147 2390
4147 2389
4147 2388
4147 2387
4147 2386
4147 2385
4147 2384
4147 2383
4147 2382
4147 2381
4147 2380
4147 2379
4147 2378
4147 2377
4147 2376
4147 2375
4147 2374
4147 2373
4147 2372
4147 2371
4147 2370
4147 2369
4147 2368
4147 2367
4147 2366
4147 2365
4147 2364
4147 2363
4147 2362
4147 2361
4147 2360
4147 2359
4147 2358
4147 2357
4147 2356
4147 2355
4147 2354
4147 2353
4147 2352
4147 2351
4147 2350
4147 2349
4147 2348
4147 2347
4147 2346
4147 2345
4147 2344
4147 2343
4147 2342
4147 2341
4147 2340
4147 2339
4147 2338
4147 2337
4147 2336
4147 2335
4147 2334
4147 2333
4147 2332
4147 2331
4147 2330
4147 2329
4147 2328
4147 2327
4147 2326
4147 2325
4147 2324
4147 2323
4147 2322
4147 2321
4147 2320
4147 2319
4147 2318
4147 2317
4147 2316
4147 2315
4147 2314
4147 2313
4147 2312
4147 2311
4147 2310
4147 2309
4147 2308
4147 2307
4147 2306
4147 2305
4147 2304
4147 2303
4147 2302
4147 2301
4147 2300
4147 2299
4147 2298
4147 2297
4147 2296
4147 2295
4147 2294
4147 2293
4147 2292
4147 2291
4147 2290
4147 2289
4147 2288
4147 2287
4147 2286
4147 2285
4147 2284
4147 2283
4147 2282
4147 2281
4147 2280
4147 2279
4147 2278
4147 2277
4147 2276
4147 2275
4147 2274
4147 2273
4147 2272
4147 2271
4147 2270
4147 2269
4147 2268
4147 2267
4147 2266
4147 2265
4147 2264
4147 2263
4147 2262
4147 2261
4147 2260
4147 2259
4147 2258
4147 2257
4147 2256
4147 2255
4146 2254
4146 2253
4145 2252
4145 2251
4144 2250
4144 2249
4144 2248
4143 2247
4143 2246
4143 2245
4143 2244
4143 2243
4143 2242
4142 2241
4142 2240
4142 2239
4142 2238
4142 2237
4142 2236
4142 2235
4142 2234
4142 2233
4142 2232
4142 2231
4141 2230
4141 2229
4141 2228
4141 2227
4141 2226
4141 2225
4141 2224
4141 2223
4140 2222
4140 2221
4140 2220
4140 2219
4139 2218
4139 2217
4139 2216
4138 2215
4138 2214
4138 2213
4137 2212
4137 2211
4137 2210
4137 2209
4137 2208
4136 2207
4136 2206
4136 2205
4136 2204
4136 2203
4135 2202
4135 2201
4135 2200
4134 2199
4134 2198
4134 2197
4133 2196
4133 2195
4132 2194
4132 2193
4131 2192
4131 2191
4131 2190
4131 2189
4130 2188
4130 2187
4130 2186
4130 2185
4130 2184
4129 2183
4129 2182
4129 2181
4129 2180
4129 2179
4128 2178
4128 2177
4128 2176
4127 2175
4127 2174
4127 2173
4126 2172
4126 2171
4125 2170
4125 2169
4125 2168
4124 2167
4124 2166
4124 2165
4124 2164
4123 2163
4123 2162
4123 2161
4123 2160
4123 2159
4123 2158
4123 2157
4123 2156
4122 2155
4122 2154
4122 2153
4122 2152
4121 2151
4121 2150
4121 2149
4120 2148
4120 2147
4119 2146
4119 2145
4118 2144
4118 2143
4118 2142
4117 2141
4117 2140
4117 2139
4117 2138
4117 2137
4116 2136
4116 2135
4116 2134
4116 2133
4116 2132
4115 2131
4115 2130
4115 2129
4115 2128
4114 2127
4114 2126
4113 2125
4113 2124
4113 2123
4112 2122
4112 2121
4111 2120
4111 2119
4111 2118
4110 2117
4110 2116
4110 2115
4110 2114
4110 2113
4109 2112
4109 2111
4108 2110
4108 2109
4107 2108
4107 2107
4106 2106
4106 2105
4106 2104
4105 2103
4105 2102
4105 2101
4105 2100
4104 2099
4104 2098
4104 2097
4104 2096
4103 2095
4103 2094
4103 2093
4103 2092
4103 2091
4103 2090
4103 2089
4102 2088
4102 2087
4102 2086
4102 2085
4102 2084
4102 2083
4102 2082
4102 2081
4102 2080
4102 2079
4102 2078
4102 2077
4102 2076
4102 2075
4101 2074
4101 2073
4101 2072
4101 2071
4100 2070
4100 2069
4100 2068
4099 2067
4099 2066
4098 2065
4098 2064
4098 2063
4097 2062
4097 2061
4097 2060
4097 2059
4096 2058
4096 2057
4096 2056
4096 2055
4096 2054
4096 2053
4095 2052
4095 2051
4095 2050
4094 2049
4094 2048
4094 2047
4093 2046
4093 2045
4092 2044
4092 2043
4092 2042
4091 2041
4091 2040
4091 2039
4091 2038
4090 2037
4089 2036
4089 2035
4088 2034
4087 2033
4087 2032
4086 2031
4086 2030
4085 2029
4084 2028
4084 2027
4084 2026
4083 2025
4083 2024
4082 2023
4082 2022
4081 2021
4081 2020
4080 2019
4080 2018
4079 2017
4079 2016
4079 2015
4078 2014
4078 2013
4078 2012
4078 2011
4077 2010
4077 2009
4077 2008
4077 2007
4077 2006
4076 2005
4076 2004
4076 2003
4076 2002
4076 2001
4076 2000
4076 1999
4076 1998
4076 1997
4076 1996
4076 1995
4076 1994
4076 1993
4075 1992
4075 1991
4075 1990
4075 1989
4075 1988
4075 1987
4075 1986
4075 1985
4075 1984
4075 1983
4075 1982
4075 1981
4075 1980
4074 1979
4074 1978
4074 1977
4074 1976
4074 1975
4073 1974
4073 1973
4072 1972
4072 1971
4071 1970
4070 1969
4070 1968
4069 1967
4068 1966
4068 1965
4067 1964
4067 1963
4066 1962
4066 1961
4065 1960
4065 1959
4064 1958
4063 1957
4062 1956
4061 1955
4061 1954
4061 1953
4060 1952
4060 1951
4059 1950
4059 1949
4058 1948
4057 1947
4056 1946
4056 1945
4055 1944
4054 1943
4054 1942
4053 1941
4052 1940
4052 1939
4051 1938
4050 1937
4049 1936
4048 1935
4047 1934
4046 1933
4045 1932
4044 1931
4044 1930
4043 1929
4042 1928
4041 1927
4041 1926
4040 1925
4040 1924
4039 1923
4038 1922
4038 1921
4037 1920
4036 1919
4036 1918
4035 1917
4034 1916
4034 1915
4033 1914
4033 1913
4032 1912
4031 1911
4031 1910
4030 1909
4029 1908
4029 1907
4028 1906
4028 1905
4027 1904
4026 1903
4026 1902
4025 1901
4024 1900
4023 1899
4022 1898
4021 1897
4020 1896
4019 1896
4018 1895
4017 1894
4016 1893
4015 1892
4014 1891
4013 1890
4012 1889
4011 1888
4010 1887
4009 1886
4008 1885
4008 1884
4007 1883
4006 1882
4005 1881
4004 1881
4003 1880
4002 1879
4001 1879
4000 1879
3999 1878
3998 1878
3997 1877
3996 1876
3995 1876
3994 1875
3993 1874
3992 1874
3991 1873
3990 1872
3989 1871
3988 1870
3987 1869
3986 1868
3985 1867
3984 1867
3983 1866
3982 1866
3981 1865
3980 1864
3979 1863
3978 1862
3977 1861
3976 1861
3975 1860
3974 1860
3973 1859
3972 1859
3971 1859
3970 1858
3969 1858
3968 1858
3967 1858
3966 1858
3965 1857
3964 1857
3963 1857
3962 1857
3961 1857
3960 1857
3959 1857
3958 1857
3957 1857
3956 1856
3955 1856
3954 1855
3953 1855
3952 1854
3951 1854
3950 1853
3949 1853
3948 1852
3947 1852
3946 1851
3945 1850
3944 1850
3943 1849
3942 1848
3941 1848
3940 1847
3939 1847
3938 1846
3937 1845
3936 1845
3935 1844
3934 1843
3933 1843
3932 1842
3931 1842
3930 1841
3929 1841
3928 1841
3927 1840
3926 1840
3925 1840
3924 1840
3923 1839
3922 1839
3921 1838
3920 1838
3919 1837
3918 1837
3917 1836
3916 1835
3915 1835
3914 1834
3913 1834
3912 1834
3911 1833
3910 1833
3909 1833
3908 1832
3907 1832
3906 1832
3905 1832
3904 1832
3903 1831
3902 1831
3901 1830
3900 1830
3899 1829
3898 1828
3897 1828
3896 1827
3895 1827
3894 1826
3893 1825
3892 1825
3891 1824
3890 1823
3889 1823
3888 1822
3887 1821
3886 1820
3885 1819
3884 1819
3883 1818
3882 1817
3881 1816
3880 1815
3879 1815
3878 1814
3877 1814
3876 1813
3875 1813
3874 1813
3873 1813
3872 1812
3871 1812
3870 1812
3869 1812
3868 1812
3867 1811
3866 1811
3865 1811
3864 1811
3863 1810
3862 1810
3861 1809
3860 1809
3859 1808
3858 1807
3857 1807
3856 1807
3855 1806
3854 1806
3853 1806
3852 1806
3851 1805
3850 1805
3849 1805
3848 1805
3847 1805
3846 1805
3845 1804
3844 1804
3843 1804
3842 1804
3841 1804
3840 1804
3839 1804
3838 1804
3837 1804
3836 1804
3835 1804
3834 1804
3833 1804
3832 1804
3831 1804
3830 1804
3829 1804
3828 1803
3827 1803
3826 1803
3825 1803
3824 1803
3823 1803
3822 1803
3821 1803
3820 1803
3819 1803
3818 1803
3817 1803
3816 1803
3815 1803
3814 1803
3813 1803
3812 1803
3811 1803
3810 1803
3809 1803
3808 1803
3807 1803
3806 1803
3805 1803
3804 1803
3803 1803
3802 1803
3801 1803
3800 1803
3799 1803
3798 1803
3797 1803
3796 1803
3795 1803
3794 1803
3793 1803
3792 1803
3791 1803
3790 1803
3789 1803
3788 1803
3787 1803
3786 1803
3785 1803
3784 1803
3783 1803
3782 1803
3781 1803
3780 1803
3779 1803
3778 1803
3777 1803
3776 1803
3775 1803
3774 1803
3773 1803
3772 1803
3771 1803
3770 1803
3769 1803
3768 1803
3767 1803
3766 1803
3765 1803
3764 1803
3763 1803
3762 1803
3761 1803
3760 1803
3759 1803
3758 1803
3757 1803
3756 1803
3755 1804
3754 1804
3753 1804
3752 1805
3751 1805
3750 1806
3749 1806
3748 1806
3747 1806
3746 1807
3745 1807
3744 1807
3743 1807
3742 1808
3741 1808
3740 1808
3739 1808
3738 1808
3737 1808
3736 1809
3735 1809
3734 1809
3733 1809
3732 1809
3731 1809
3730 1809
3729 1809
3728 1809
3727 1809
3726 1809
3725 1809
3724 1809
3723 1809
3722 1809
3721 1809
3720 1810
3719 1810
3718 1810
3717 1810
3716 1810
3715 1810
3714 1810
3713 1810
3712 1810
3711 1810
3710 1810
3709 1810
3708 1810
3707 1810
3706 1810
3705 1810
3704 1810
3703 1810
3702 1810
3701 1810
3700 1810
3699 1810
3698 1810
3697 1810
3696 1810
3695 1810
3694 1810
3693 1810
3692 1810
3691 1810
3690 1810
3689 1810
3688 1810
3687 1810
3686 1810
3685 1810
3684 1810
3683 1810
3682 1810
3681 1810
3680 1810
3679 1810
3678 1810
3677 1810
3676 1809
3675 1809
3674 1809
3673 1808
3672 1808
3671 1808
3670 1808
3669 1807
3668 1807
3667 1807
3666 1807
3665 1806
3664 1806
3663 1806
3662 1806
3661 1806
3660 1805
3659 1805
3658 1805
3657 1805
3656 1804
3655 1804
3654 1804
3653 1803
3652 1803
3651 1803
3650 1802
3649 1802
3648 1801
3647 1801
3646 1801
3645 1800
3644 1800
3643 1800
3642 1800
3641 1799
3640 1799
3639 1799
3638 1799
3637 1799
3636 1798
3635 1798
3634 1798
3633 1798
3632 1798
3631 1798
3630 1798
3629 1798
3628 1798
3627 1798
3626 1797
3625 1797
3624 1797
3623 1796
3622 1796
3621 1795
3620 1795
3619 1794
3618 1794
3617 1794
3616 1793
3615 1793
3614 1793
3613 1793
3612 1792
3611 1792
3610 1792
3609 1791
3608 1791
3607 1790
3606 1790
3605 1789
3604 1789
3603 1788
3602 1788
3601 1787
3600 1787
3599 1787
3598 1786
3597 1786
3596 1786
3595 1786
3594 1785
3593 1785
3592 1784
3591 1784
3590 1783
3589 1782
3588 1782
3587 1781
3586 1781
3585 1780
3584 1780
3583 1780
3582 1779
3581 1779
3580 1779
3579 1779
3578 1779
3577 1779
3576 1778
3575 1778
3574 1778
3573 1778
3572 1778
3571 1778
3570 1778
3569 1778
3568 1778
3567 1778
3566 1777
3565 1777
3564 1777
3563 1777
3562 1776
3561 1776
3560 1776
3559 1775
3558 1775
3557 1774
3556 1774
3555 1774
3554 1773
3553 1773
3552 1773
3551 1772
3550 1772
3549 1772
3548 1772
3547 1772
3546 1772
3545 1771
3544 1771
3543 1771
3542 1771
3541 1771
3540 1771
3539 1771
3538 1770
3537 1770
3536 1770
3535 1769
3534 1769
3533 1768
3532 1768
3531 1768
3530 1767
3529 1767
3528 1767
3527 1767
3526 1766
3525 1766
3524 1766
3523 1766
3522 1766
3521 1765
3520 1765
3519 1765
3518 1765
3517 1765
3516 1765
3515 1764
3514 1764
3513 1764
3512 1764
3511 1764
3510 1764
3509 1764
3508 1764
3507 1764
3506 1764
3505 1764
3504 1764
3503 1764
3502 1764
3501 1764
3500 1764
3499 1764
3498 1764
3497 1764
3496 1764
3495 1764
3494 1763
3493 1763
3492 1763
3491 1762
3490 1762
3489 1762
3488 1761
3487 1761
3486 1761
3485 1760
3484 1760
3483 1760
3482 1759
3481 1759
3480 1759
3479 1759
3478 1759
3477 1758
3476 1758
3475 1758
3474 1757
3473 1757
3472 1756
3471 1756
3470 1756
3469 1755
3468 1755
3467 1754
3466 1754
3465 1754
3464 1753
3463 1753
3462 1753
3461 1753
3460 1752
3459 1752
3458 1752
3457 1752
3456 1752
3455 1752
3454 1752
3453 1751
3452 1751
3451 1751
3450 1751
3449 1751
3448 1751
3447 1751
3446 1751
3445 1751
3444 1751
3443 1750
3442 1750
3441 1749
3440 1749
3439 1749
3438 1748
3437 1748
3436 1747
3435 1747
3434 1747
3433 1746
3432 1746
3431 1746
3430 1746
3429 1746
3428 1745
3427 1745
3426 1745
3425 1745
3424 1745
3423 1745
3422 1745
3421 1745
3420 1745
3419 1744
3418 1744
3417 1744
3416 1744
3415 1744
3414 1744
3413 1744
3412 1744
3411 1744
3410 1744
3409 1744
3408 1744
3407 1744
3406 1744
3405 1744
3404 1744
3403 1744
3402 1744
3401 1744
3400 1743
3399 1743
3398 1742
3397 1742
3396 1741
3395 1741
3394 1741
3393 1740
3392 1740
3391 1740
3390 1740
3389 1740
3388 1739
3387 1739
3386 1739
3385 1739
3384 1739
3383 1738
3382 1738
3381 1738
3380 1738
3379 1738
3378 1738
3377 1738
3376 1738
3375 1738
3374 1738
3373 1738
3372 1738
3371 1738
3370 1738
3369 1737
3368 1737
3367 1737
3366 1737
3365 1737
3364 1737
3363 1737
3362 1737
3361 1737
3360 1737
3359 1736
3358 1736
3357 1736
3356 1735
3355 1735
3354 1734
3353 1734
3352 1733
3351 1733
3350 1732
3349 1731
3348 1731
3347 1730
3346 1729
3345 1729
3344 1728
3343 1728
3342 1727
3341 1727
3340 1726
3339 1726
3338 1726
3337 1726
3336 1726
3335 1726
3334 1725
3333 1725
3332 1725
3331 1724
3330 1724
3329 1723
3328 1723
3327 1722
3326 1722
3325 1721
3324 1721
3323 1720
3322 1720
3321 1720
3320 1719
3319 1719
3318 1719
3317 1719
3316 1719
3315 1719
3314 1718
3313 1718
3312 1718
3311 1718
3310 1718
3309 1718
3308 1718
3307 1718
3306 1718
3305 1718
3304 1718
3303 1718
3302 1718
3301 1718
3300 1718
3299 1718
3298 1717
3297 1717
3296 1717
3295 1717
3294 1717
3293 1717
3292 1717
3291 1717
3290 1717
3289 1717
3288 1716
3287 1716
3286 1715
3285 1715
3284 1715
3283 1715
3282 1715
3281 1714
3280 1714
3279 1714
3278 1714
3277 1714
3276 1713
3275 1713
3274 1713
3273 1713
3272 1713
3271 1713
3270 1713
3269 1712
3268 1712
3267 1712
3266 1712
3265 1712
3264 1712
3263 1711
3262 1711
3261 1710
3260 1709
3259 1709
3258 1708
3257 1708
3256 1708
3255 1707
3254 1707
3253 1707
3252 1707
3251 1706
3250 1706
3249 1706
3248 1705
3247 1705
3246 1704
3245 1703
3244 1703
3243 1702
3242 1702
3241 1701
3240 1701
3239 1701
3238 1700
3237 1700
3236 1700
3235 1700
3234 1700
3233 1699
3232 1699
3231 1699
3230 1699
3229 1699
3228 1699
3227 1699
3226 1699
3225 1699
3224 1698
3223 1698
3222 1698
3221 1697
3220 1696
3219 1696
3218 1696
3217 1695
3216 1695
3215 1695
3214 1695
3213 1694
3212 1694
3211 1694
3210 1693
3209 1693
3208 1692
3208 1691
3207 1692
3206 1692
3205 1692
3204 1692
3203 1691
3203 1690
3202 1689
3201 1688
3200 1688
3200 1689
3200 1690
3199 1691
3198 1692
3197 1693
3196 1693
3195 1693
3194 1692
3194 1691
3194 1690
3194 1689
3193 1689
3193 1690
3192 1691
3192 1692
3192 1693
3191 1694
3190 1694
3189 1694
3188 1694
3187 1695
3186 1695
3185 1695
3184 1695
3183 1694
3183 1695
3182 1696
3181 1697
3181 1698
3181 1699
3181 1700
3181 1701
3181 1702
3180 1703
3179 1703
3178 1704
3177 1704
3176 1704
3175 1704
3174 1704
3173 1704
3172 1704
3171 1704
3170 1704
3169 1704
3168 1703
3167 1703
3166 1702
3166 1703
3166 1704
3166 1705
3165 1706
3164 1707
3163 1708
3162 1708
3161 1707
3161 1706
3161 1705
3161 1704
3161 1705
3161 1706
3161 1707
3161 1708
3160 1709
3159 1709
3158 1709
3157 1708
3157 1707
3157 1706
3156 1706
3155 1705
3155 1704
3154 1704
3153 1703
3152 1703
3151 1704
3150 1704
3149 1704
3148 1704
3147 1703
3146 1703
3145 1703
3144 1702
3143 1701
3143 1700
3143 1699
3143 1698
3142 1698
3141 1697
3141 1696
3140 1695
3139 1694
3138 1693
3138 1692
3138 1691
3137 1691
3136 1691
3135 1690
3135 1689
3135 1688
3135 1687
3135 1686
3134 1685
3133 1684
3133 1683
3133 1682
3133 1681
3134 1680
3135 1680
3136 1680
3137 1679
3138 1678
3139 1678
3139 1677
3140 1676
3141 1676
3142 1676
3143 1675
3144 1674
3145 1674
3146 1674
3147 1675
3148 1675
3149 1675
3150 1676
3151 1675
3152 1675
3153 1675
3154 1675
3155 1675
3156 1675
3157 1676
3157 1677
3158 1677
3158 1676
3159 1675
3160 1675
3161 1675
3162 1676
3162 1677
3163 1678
3163 1679
3164 1679
3165 1679
3166 1680
3166 1681
3166 1680
3166 1679
3167 1678
3168 1677
3169 1677
3170 1677
3171 1678
3171 1679
3172 1679
3173 1679
3174 1679
3175 1680
3176 1679
3175 1678
3174 1678
3173 1677
3172 1677
3171 1676
3170 1675
3169 1675
3168 1675
3167 1674
3166 1674
3165 1674
3164 1673
3163 1673
3162 1673
3161 1673
3160 1673
3159 1673
3158 1673
3157 1673
3156 1673
3155 1673
3154 1672
3153 1672
3152 1672
3151 1672
3150 1672
3149 1672
3148 1672
3147 1672
3146 1672
3145 1672
3144 1672
3143 1672
3142 1672
3141 1672
3140 1672
3139 1672
3138 1672
3137 1672
3136 1671
3135 1671
3134 1670
3133 1670
3132 1670
3131 1669
3130 1669
3129 1669
3128 1668
3127 1668
3126 1668
3125 1667
3124 1666
3123 1665
3122 1664
3121 1663
3120 1663
3119 1662
3118 1662
3117 1662
3116 1661
3115 1661
3114 1661
3113 1660
3112 1660
3111 1659
3110 1659
3109 1659
3108 1658
3107 1657
3106 1656
3105 1656
3104 1655
3103 1655
3102 1654
3101 1654
3100 1654
3099 1654
3098 1653
3097 1653
3096 1653
3095 1652
3094 1652
3093 1652
3092 1652
3091 1652
3090 1652
3089 1652
3088 1652
3087 1652
3086 1652
3085 1651
