3425 1701
3424 1702
3423 1702
3422 1703
3421 1703
3420 1703
3419 1703
3418 1704
3417 1704
3416 1704
3415 1704
3414 1705
3413 1705
3412 1706
3411 1707
3410 1707
3409 1708
3408 1709
3407 1709
3406 1710
3405 1711
3404 1712
3403 1713
3402 1714
3401 1715
3400 1716
3399 1717
3398 1718
3397 1718
3396 1719
3395 1720
3394 1721
3393 1722
3392 1723
3391 1724
3390 1725
3389 1725
3388 1726
3387 1726
3386 1727
3385 1727
3384 1728
3383 1728
3382 1728
3381 1728
3380 1729
3379 1729
3378 1729
3377 1730
3376 1731
3375 1731
3374 1732
3373 1733
3372 1733
3371 1734
3370 1734
3369 1735
3368 1736
3367 1737
3366 1738
3365 1739
3364 1739
3363 1740
3362 1741
3361 1742
3360 1743
3359 1744
3359 1745
3358 1746
3358 1747
3357 1748
3356 1749
3355 1750
3354 1750
3353 1751
3352 1752
3351 1753
3350 1754
3349 1755
3348 1756
3347 1757
3346 1758
3345 1758
3344 1758
3343 1759
3342 1759
3341 1759
3340 1760
3339 1760
3338 1760
3337 1761
3336 1762
3335 1763
3334 1764
3333 1764
3332 1765
3331 1766
3330 1766
3329 1766
3328 1767
3327 1767
3326 1767
3325 1768
3324 1768
3323 1768
3322 1768
3321 1769
3320 1769
3319 1769
3318 1769
3317 1769
3316 1769
3315 1769
3314 1770
3313 1770
3312 1770
3311 1770
3310 1770
3309 1770
3308 1770
3307 1770
3306 1770
3305 1771
3304 1771
3303 1771
3302 1772
3301 1772
3300 1773
3299 1774
3298 1774
3297 1775
3296 1775
3295 1776
3294 1776
3293 1776
3292 1777
3291 1777
3290 1777
3289 1778
3288 1779
3287 1780
3286 1780
3285 1781
3284 1781
3283 1782
3282 1782
3281 1783
3280 1783
3279 1783
3278 1783
3277 1784
3276 1784
3275 1784
3274 1785
3273 1785
3272 1785
3271 1785
3270 1785
3269 1785
3268 1786
3267 1786
3266 1786
3265 1786
3264 1786
3263 1786
3262 1786
3261 1786
3260 1786
3259 1786
3258 1787
3257 1787
3256 1787
3255 1787
3254 1787
3253 1787
3252 1787
3251 1787
3250 1787
3249 1787
3248 1787
3247 1787
3246 1787
3245 1787
3244 1787
3243 1787
3242 1787
3241 1787
3240 1787
3239 1787
3238 1787
3237 1787
3236 1787
3235 1787
3234 1787
3233 1787
3232 1787
3231 1787
3230 1787
3229 1787
3228 1787
3227 1787
3226 1787
3225 1787
3224 1787
3223 1787
3222 1787
3221 1787
3220 1787
3219 1787
3218 1787
3217 1787
3216 1787
3215 1787
3214 1787
3213 1787
3212 1787
3211 1787
3210 1787
3209 1787
3208 1787
3207 1787
3206 1787
3205 1787
3204 1787
3203 1787
3202 1787
3201 1787
3200 1787
3199 1787
3198 1787
3197 1787
3196 1787
3195 1787
3194 1787
3193 1787
3192 1787
3191 1787
3190 1787
3189 1787
3188 1787
3187 1787
3186 1787
3185 1787
3184 1787
3183 1787
3182 1787
3181 1787
3180 1787
3179 1787
3178 1788
3177 1788
3176 1788
3175 1789
3174 1789
3173 1789
3172 1790
3171 1790
3170 1791
3169 1791
3168 1792
3167 1792
3166 1792
3165 1793
3164 1793
3163 1793
3162 1793
3161 1793
3160 1793
3159 1794
3158 1794
3157 1794
3156 1794
3155 1794
3154 1794
3153 1794
3152 1794
3151 1794
3150 1794
3149 1794
3148 1795
3147 1795
3146 1796
3145 1797
3144 1798
3143 1798
3142 1799
3141 1799
3140 1800
3139 1800
3138 1800
3137 1801
3136 1801
3135 1802
3134 1803
3133 1804
3132 1805
3131 1806
3130 1807
3129 1808
3128 1809
3127 1810
3126 1811
3125 1812
3124 1813
3123 1814
3122 1814
3121 1815
3120 1815
3119 1816
3118 1816
3117 1816
3116 1817
3115 1817
3114 1817
3113 1817
3112 1817
3111 1818
3110 1818
3109 1818
3108 1818
3107 1818
3106 1818
3105 1818
3104 1819
3103 1819
3102 1819
3101 1819
3100 1819
3099 1819
3098 1819
3097 1819
3096 1819
3095 1819
3094 1819
3093 1819
3092 1819
3091 1819
3090 1819
3089 1819
3088 1819
3087 1819
3086 1819
3085 1819
3084 1819
3083 1819
3082 1820
3081 1820
3080 1820
3079 1821
3078 1821
3077 1822
3076 1822
3075 1823
3074 1823
3073 1824
3072 1824
3071 1824
3070 1825
3069 1825
3068 1825
3067 1825
3066 1825
3065 1826
3064 1826
3063 1826
3062 1826
3061 1826
3060 1826
3059 1826
3058 1826
3057 1827
3056 1828
3055 1829
3054 1829
3053 1830
3052 1831
3051 1831
3050 1831
3049 1832
3048 1832
3047 1833
3046 1833
3045 1833
3044 1833
3043 1833
3042 1834
3041 1834
3040 1834
3039 1834
3038 1834
3037 1834
3036 1835
3035 1835
3034 1835
3033 1836
3032 1837
3031 1837
3030 1838
3029 1838
3028 1839
3027 1839
3026 1840
3025 1840
3024 1841
3023 1841
3022 1842
3021 1843
3020 1843
3019 1844
3018 1844
3017 1845
3016 1845
3015 1846
3014 1846
3013 1847
3012 1847
3011 1847
3010 1848
3009 1848
3008 1848
3007 1849
3006 1849
3005 1849
3004 1850
3003 1850
3002 1850
3001 1850
3000 1851
2999 1852
2998 1853
2997 1853
2996 1854
2995 1855
2994 1855
2993 1856
2992 1856
2991 1857
2990 1857
2989 1858
2988 1859
2987 1859
2986 1860
2985 1860
2984 1861
2983 1861
2982 1862
2981 1862
2980 1862
2979 1863
2978 1863
2977 1864
2976 1864
2975 1865
2974 1865
2973 1865
2972 1865
2971 1865
2970 1865
2969 1866
2968 1866
2967 1867
2967 1868
2966 1869
2965 1870
2964 1871
2963 1872
2962 1873
2962 1874
2961 1875
2960 1876
2959 1877
2958 1878
2957 1878
2956 1879
2955 1879
2954 1880
2953 1880
2952 1881
2951 1882
2950 1882
2949 1883
2948 1884
2947 1884
2946 1885
2945 1886
2944 1886
2943 1887
2942 1887
2941 1888
2940 1888
2939 1889
2938 1890
2937 1891
2936 1892
2935 1893
2934 1894
2933 1894
2932 1895
2931 1895
2930 1896
2929 1896
2928 1897
2927 1898
2927 1899
2926 1900
2925 1901
2924 1902
2923 1902
2922 1902
2921 1903
2920 1903
2919 1903
2918 1904
2917 1904
2916 1904
2915 1904
2914 1905
2913 1905
2912 1905
2911 1905
2910 1905
2909 1906
2908 1906
2907 1906
2906 1907
2905 1907
2904 1908
2903 1909
2902 1910
2901 1911
2901 1912
2900 1913
2900 1914
2900 1915
2900 1916
2899 1917
2898 1918
2897 1919
2896 1919
2895 1920
2894 1921
2894 1922
2893 1923
2893 1924
2892 1925
2892 1926
2891 1927
2890 1927
2889 1928
2888 1929
2888 1930
2887 1931
2886 1932
2886 1933
2885 1934
2884 1935
2883 1936
2882 1937
2882 1938
2881 1939
2880 1940
2879 1941
2878 1942
2877 1943
2877 1944
2877 1945
2876 1946
2876 1947
2876 1948
2875 1949
2874 1950
2873 1951
2872 1951
2871 1952
2870 1952
2869 1953
2869 1954
2868 1955
2868 1956
2867 1957
2866 1958
2865 1958
2864 1959
2863 1959
2862 1960
2861 1961
2860 1962
2860 1963
2860 1964
2859 1965
2859 1966
2859 1967
2859 1968
2858 1969
2857 1970
2856 1970
2855 1970
2854 1970
2853 1970
2852 1970
2851 1970
2850 1971
2849 1971
2848 1971
2847 1971
2846 1971
2845 1971
2844 1971
2843 1971
2842 1971
2841 1971
2840 1971
2839 1971
2838 1971
2837 1971
2836 1971
2835 1971
2834 1971
2833 1971
2832 1971
2831 1971
2830 1971
2829 1971
2828 1971
2827 1972
2826 1973
2825 1974
2824 1975
2823 1975
2822 1976
2821 1977
2820 1978
2819 1979
2818 1979
2817 1980
2816 1981
2815 1981
2814 1982
2813 1982
2812 1983
2811 1983
2810 1983
2809 1984
2808 1984
2807 1985
2806 1985
2805 1985
2804 1985
2803 1986
2802 1986
2801 1987
2800 1988
2799 1989
2798 1989
2797 1990
2796 1990
2795 1991
2794 1991
2793 1992
2792 1992
2791 1993
2790 1994
2789 1995
2788 1996
2787 1996
2786 1997
2785 1997
2784 1998
2783 1998
2782 1999
2781 1999
2780 1999
2779 2000
2778 2000
2777 2000
2776 2001
2775 2001
2774 2001
2773 2001
2772 2001
2771 2001
2770 2002
2769 2002
2768 2002
2767 2002
2766 2002
2765 2003
2764 2003
2763 2003
2762 2004
2761 2004
2760 2005
2759 2005
2758 2006
2757 2006
2756 2006
2755 2007
2754 2007
2753 2007
2752 2007
2751 2008
2750 2008
2749 2008
2748 2008
2747 2009
2746 2009
2745 2009
2744 2009
2743 2009
2742 2009
2741 2010
2740 2010
2739 2011
2738 2011
2737 2012
2736 2013
2735 2014
2734 2014
2733 2015
2732 2015
2731 2016
2730 2016
2729 2016
2728 2017
2727 2017
2726 2018
2725 2018
2724 2019
2723 2019
2722 2020
2721 2020
2720 2021
2719 2021
2718 2022
2717 2022
2716 2023
2715 2023
2714 2023
2713 2024
2712 2024
2711 2024
2710 2024
2709 2024
2708 2025
2707 2025
2706 2025
2705 2025
2704 2025
2703 2026
2702 2027
2701 2028
2700 2029
2699 2030
2698 2030
2697 2031
2696 2031
2695 2032
2694 2033
2693 2034
2692 2034
2691 2035
2690 2036
2689 2036
2688 2037
2687 2037
2686 2038
2685 2038
2684 2038
2683 2039
2682 2039
2681 2039
2680 2039
2679 2040
2678 2040
2677 2041
2676 2041
2675 2042
2674 2042
2673 2043
2672 2044
2671 2044
2670 2045
2669 2045
2668 2046
2667 2046
2666 2046
2665 2047
2664 2047
2663 2048
2662 2048
2661 2049
2660 2049
2659 2049
2658 2049
2657 2049
2656 2050
2655 2050
2654 2050
2653 2050
2652 2050
2651 2050
2650 2050
2649 2050
2648 2050
2647 2050
2646 2051
2645 2051
2644 2051
2643 2052
2642 2053
2641 2053
2640 2054
2639 2055
2638 2055
2637 2055
2636 2056
2635 2056
2634 2056
2633 2057
2632 2057
2631 2057
2630 2057
2629 2058
2628 2058
2627 2058
2626 2059
2625 2059
2624 2060
2623 2060
2622 2061
2621 2062
2620 2062
2619 2063
2618 2063
2617 2063
2616 2063
2615 2064
2614 2064
2613 2065
2612 2065
2611 2066
2610 2066
2609 2067
2608 2068
2607 2069
2606 2070
2605 2071
2604 2072
2603 2073
2602 2074
2601 2075
2600 2076
2600 2077
2599 2078
2598 2079
2598 2080
2597 2081
2596 2082
2595 2083
2594 2084
2593 2084
2592 2085
2591 2086
2590 2087
2589 2088
2588 2088
2587 2089
2586 2088
2586 2087
2586 2086
2586 2085
2586 2084
2586 2083
2586 2082
2586 2081
2586 2080
2586 2079
2585 2078
2585 2077
2585 2076
2585 2075
2585 2074
2585 2073
2585 2072
2585 2071
2585 2070
2584 2070
2583 2069
2582 2069
2581 2068
2580 2068
2579 2068
2578 2068
2577 2068
2576 2067
2575 2067
2574 2067
2573 2067
2572 2068
2571 2068
2570 2069
2569 2069
2568 2070
2567 2070
2566 2071
2565 2071
2564 2071
2563 2072
2562 2073
2561 2074
2560 2074
2559 2075
2558 2075
2557 2076
2556 2076
2555 2077
2554 2077
2553 2078
2552 2078
2551 2078
2550 2079
2549 2079
2548 2079
2547 2080
2546 2080
2545 2080
2544 2081
2543 2081
2542 2081
2541 2081
2540 2082
2539 2082
2538 2082
2537 2082
2536 2082
2535 2082
2534 2082
2533 2082
2532 2082
2531 2082
2530 2082
2529 2082
2528 2082
2527 2082
2526 2082
2525 2082
2524 2082
2523 2082
2522 2082
2521 2082
2520 2082
2519 2082
2518 2082
2517 2082
2516 2082
2515 2082
2514 2082
2513 2083
2512 2083
2511 2083
2510 2082
2509 2082
2508 2082
2507 2082
2506 2082
2505 2082
2504 2082
2503 2082
2502 2082
2501 2082
2500 2083
2499 2083
2498 2083
2497 2083
2496 2083
2495 2083
2494 2083
2493 2083
2492 2083
2491 2083
2490 2083
2489 2082
2488 2082
2487 2083
2486 2083
2485 2083
2484 2083
2483 2083
2482 2083
2481 2083
2480 2083
2479 2083
2478 2083
2477 2083
2476 2083
2475 2083
2474 2083
2473 2083
2472 2083
2471 2083
2470 2083
2469 2083
2468 2083
2467 2083
2466 2083
2465 2083
2464 2083
2463 2083
2462 2083
2461 2083
2460 2083
2459 2083
2458 2083
2457 2083
2456 2083
2455 2083
2454 2083
2453 2083
2452 2084
2451 2084
2450 2085
2449 2085
2448 2086
2447 2087
2446 2087
2445 2088
2444 2088
2443 2088
2442 2088
2441 2089
2440 2089
2439 2090
2438 2090
2437 2091
2436 2092
2435 2092
2434 2093
2433 2093
2432 2094
2431 2094
2430 2094
2429 2095
2428 2095
2427 2095
2426 2095
2425 2096
2424 2096
2423 2096
2422 2096
2421 2096
2420 2097
2419 2097
2418 2097
2417 2097
2416 2097
2415 2097
2414 2097
2413 2097
2412 2097
2411 2098
2410 2098
2409 2098
2408 2098
2407 2099
2407 2100
2406 2101
2405 2102
2404 2103
2403 2103
2402 2104
2401 2104
2400 2104
2399 2105
2398 2105
2397 2105
2396 2106
2395 2106
2394 2106
2393 2106
2392 2106
2391 2106
2390 2106
2389 2106
2388 2106
2387 2107
2386 2107
2385 2107
2384 2108
2383 2109
2382 2110
2381 2111
2380 2112
2379 2112
2378 2112
2377 2112
2376 2113
2375 2113
2374 2113
2373 2114
2372 2114
2371 2114
2370 2114
2369 2114
2368 2114
2367 2113
2367 2112
2366 2111
2365 2110
2365 2109
2364 2108
2363 2107
2362 2106
2361 2105
2360 2104
2359 2103
2358 2102
2357 2101
2356 2100
2355 2100
2354 2099
2353 2098
2352 2097
2351 2096
2350 2095
2349 2094
2348 2093
2347 2093
2347 2094
2347 2095
2347 2096
2347 2097
2347 2098
2347 2099
2346 2100
2346 2101
2345 2102
2345 2103
2344 2104
2344 2105
2343 2106
2342 2107
2342 2108
2341 2109
2341 2110
2340 2111
2340 2112
2339 2113
2339 2114
2338 2115
2337 2116
2336 2117
2335 2118
2334 2119
2333 2119
2332 2120
2331 2121
2330 2121
2329 2121
2328 2122
2327 2122
2326 2122
2325 2122
2324 2122
2323 2122
2322 2122
2321 2122
2320 2122
2319 2122
2318 2122
2317 2122
2316 2122
2315 2122
2314 2122
2313 2122
2312 2122
2311 2122
2310 2122
2309 2122
2308 2122
2307 2122
2306 2122
2305 2122
2304 2122
2303 2122
2302 2123
2301 2123
2300 2123
2299 2122
2298 2121
2297 2120
2296 2119
2295 2118
2294 2117
2293 2116
2293 2115
2292 2114
2292 2113
2292 2112
2291 2111
2291 2110
2290 2109
2290 2108
2289 2108
2288 2109
2287 2109
2286 2110
2285 2110
2284 2111
2283 2111
2282 2112
2281 2112
2280 2113
2279 2114
2279 2115
2278 2116
2277 2117
2276 2118
2276 2119
2275 2120
2274 2121
2273 2122
2272 2123
2271 2124
2270 2125
2270 2126
2270 2127
2269 2128
2269 2129
2268 2130
2267 2131
2266 2132
2265 2133
2264 2134
2264 2135
2263 2136
2263 2137
2262 2138
2262 2139
2261 2140
2261 2141
2260 2142
2259 2143
2258 2144
2257 2144
2256 2144
2255 2145
2254 2145
2253 2145
2252 2145
2251 2145
2250 2145
2249 2145
2248 2145
2247 2146
2246 2146
2245 2146
2244 2146
2243 2146
2242 2146
2241 2146
2240 2146
2239 2146
2238 2146
2237 2146
2236 2146
2235 2146
2234 2146
2233 2146
2232 2146
2231 2146
2230 2146
2229 2146
2228 2146
2227 2146
2226 2146
2225 2146
2224 2146
2223 2146
2222 2146
2221 2146
2220 2146
2219 2146
2218 2146
2217 2146
2216 2146
2215 2146
2214 2146
2213 2146
2212 2146
2211 2146
2210 2146
2209 2146
2208 2146
2207 2146
2206 2146
2205 2146
2204 2146
2203 2146
2202 2146
2201 2146
2200 2146
2199 2146
2198 2146
2197 2146
2196 2146
2195 2146
2194 2146
2193 2146
2192 2146
2191 2146
2190 2146
2189 2146
2188 2146
2187 2146
2186 2146
2185 2146
2184 2146
2183 2146
2182 2146
2181 2145
2180 2144
2179 2143
2178 2143
2177 2142
2176 2142
2175 2141
2174 2140
2174 2139
2173 2138
2172 2137
2171 2136
2170 2135
2170 2134
2169 2133
2168 2132
2167 2131
2167 2130
2166 2129
2165 2128
2164 2127
2163 2126
2162 2125
2161 2124
2161 2123
2160 2122
2159 2121
2158 2120
2158 2119
2157 2118
2156 2117
2156 2116
2155 2115
2155 2114
2154 2113
2153 2112
2153 2111
2152 2110
2152 2109
2151 2108
2151 2107
2150 2106
2150 2105
2149 2104
2148 2103
2148 2102
2147 2101
2147 2100
2146 2099
2146 2098
2145 2097
2145 2096
2144 2095
2143 2094
2143 2093
2142 2092
2141 2091
2140 2091
2139 2090
2138 2089
2137 2088
2136 2087
2136 2086
2135 2085
2134 2084
2134 2083
2133 2082
2133 2081
2132 2080
2132 2079
2132 2078
2132 2077
2131 2076
2131 2075
2130 2074
2129 2073
2128 2072
2127 2071
2126 2070
2125 2069
2124 2069
2123 2070
2123 2071
2123 2072
2123 2073
2123 2074
2123 2075
2123 2076
2123 2077
2123 2078
2123 2079
2122 2080
2122 2081
2122 2082
2122 2083
2122 2084
2122 2085
2122 2086
2122 2087
2122 2088
2122 2089
2122 2090
2122 2091
2122 2092
2123 2093
2123 2094
2124 2095
2124 2096
2125 2097
2125 2098
2126 2099
2126 2100
2126 2101
2127 2102
2127 2103
2127 2104
2127 2105
2128 2106
2128 2107
2128 2108
2128 2109
2129 2110
2129 2111
2129 2112
2129 2113
2129 2114
2129 2115
2129 2116
2129 2117
2129 2118
2130 2119
2130 2120
2130 2121
2130 2122
2130 2123
2130 2124
2129 2125
2128 2126
2128 2127
2127 2128
2126 2129
2126 2130
2125 2131
2124 2132
2123 2133
2122 2134
2121 2135
2120 2136
2119 2137
2118 2138
2117 2138
2116 2139
2115 2139
2114 2140
2113 2140
2112 2141
2111 2141
2110 2141
2109 2142
2108 2142
2107 2142
2106 2143
2105 2143
2104 2143
2103 2144
2102 2145
2101 2145
2100 2146
2099 2146
2098 2147
2097 2147
2096 2148
2095 2148
2094 2149
2093 2149
2092 2149
2091 2150
2090 2150
2089 2151
2088 2151
2087 2151
2086 2152
2085 2152
2084 2152
2083 2152
2082 2153
2081 2153
2080 2153
2079 2153
2078 2154
2077 2154
2076 2154
2075 2154
2074 2154
2073 2154
2072 2154
2071 2154
2070 2154
2069 2154
2068 2154
2067 2154
2066 2154
2065 2154
2064 2154
2063 2154
2062 2154
2061 2154
2060 2154
2059 2154
2058 2154
2057 2154
2056 2154
2055 2154
2054 2154
2053 2154
2052 2154
2051 2154
2050 2154
2049 2154
2048 2154
2047 2154
2046 2154
2045 2154
2044 2155
2043 2154
2042 2154
2041 2153
2040 2152
2039 2151
2038 2150
2037 2149
2036 2148
2035 2147
2035 2146
2034 2146
2033 2145
2032 2145
2031 2144
2030 2144
2029 2143
2028 2143
2027 2143
2026 2142
2025 2142
2024 2142
2023 2142
2022 2141
2021 2141
2020 2141
2019 2141
2018 2140
2017 2140
2016 2140
2015 2140
2014 2140
2013 2140
2012 2140
2011 2140
2010 2139
2009 2139
2008 2139
2007 2139
2006 2139
2005 2139
2004 2139
2003 2139
2002 2139
2001 2139
2000 2139
1999 2139
1998 2139
1997 2139
1996 2139
1995 2139
1994 2139
1993 2139
1992 2139
1991 2139
1990 2139
1989 2139
1988 2139
1987 2139
1986 2139
1985 2139
1984 2139
1983 2139
1982 2139
1981 2139
1980 2139
1979 2139
1978 2139
1977 2139
1976 2139
1975 2139
1974 2139
1973 2139
1972 2139
1971 2139
1970 2139
1969 2139
1968 2139
1967 2139
1966 2139
1965 2139
1964 2139
1963 2139
1962 2139
1961 2139
1960 2139
1959 2139
1958 2139
1957 2139
1956 2139
1955 2139
1954 2139
1953 2139
1952 2139
1951 2139
1950 2139
1949 2139
1948 2139
1947 2139
1946 2139
1945 2139
1944 2139
1943 2139
1942 2139
1941 2139
1940 2139
1939 2139
1938 2139
1937 2139
1936 2139
1935 2139
1934 2139
1933 2139
1932 2139
1931 2139
1930 2139
1929 2139
1928 2139
1927 2139
1926 2139
1925 2139
1924 2139
1923 2139
1922 2139
1921 2139
1920 2139
1919 2139
1918 2139
1917 2139
1916 2139
1915 2139
1914 2139
1913 2139
1912 2139
1911 2139
1910 2139
1909 2139
1908 2139
1907 2139
1906 2139
1905 2139
1904 2139
1903 2139
1902 2139
1901 2139
1900 2139
1899 2139
1898 2139
1897 2139
1896 2139
1895 2139
1894 2139
1893 2139
1892 2139
1891 2139
1890 2139
1889 2139
1888 2139
1887 2139
1886 2139
1885 2139
1884 2139
1883 2139
1882 2139
1881 2139
1880 2138
1879 2137
1878 2136
1877 2135
1876 2134
1875 2133
1875 2132
1874 2131
1874 2130
1873 2129
1872 2128
1871 2127
1870 2127
1869 2126
1868 2125
1867 2125
1866 2125
1865 2124
1864 2124
1863 2124
1862 2124
1861 2123
1861 2122
1860 2121
1860 2120
1859 2119
1859 2118
1858 2117
1858 2118
1858 2119
1858 2120
1858 2121
1858 2122
1858 2123
1857 2124
1856 2125
1856 2126
1855 2127
1854 2128
1854 2129
1854 2130
1853 2131
1853 2132
1853 2133
1853 2134
1852 2135
1852 2136
1852 2137
1852 2138
1851 2139
1851 2140
1851 2141
1851 2142
1851 2143
1850 2144
1849 2144
1848 2144
1847 2145
1846 2145
1845 2145
1844 2145
1843 2145
1842 2145
1841 2146
1840 2146
1839 2146
1838 2146
1837 2146
1836 2146
1835 2146
1834 2146
1833 2146
1832 2146
1831 2146
1830 2145
1829 2145
1828 2144
1827 2144
1826 2143
1825 2143
1824 2142
1823 2142
1822 2141
1821 2140
1820 2139
1820 2138
1819 2137
1818 2136
1817 2135
1816 2134
1815 2133
1814 2132
1814 2131
1813 2130
1813 2129
1812 2128
1812 2127
1811 2126
1810 2125
1810 2124
1809 2123
1808 2122
1807 2121
1806 2120
1805 2119
1804 2118
1803 2117
1802 2116
1801 2115
1800 2114
1799 2113
1799 2112
1798 2111
1797 2110
1797 2109
1796 2108
1796 2107
1796 2106
1795 2105
1794 2104
1793 2103
1792 2103
1791 2102
1790 2101
1790 2100
1789 2099
1789 2098
1788 2097
1788 2096
1787 2095
1787 2094
1787 2095
1787 2096
1787 2097
1787 2098
1787 2099
1787 2100
1786 2101
1786 2102
1786 2103
1786 2104
1786 2105
1786 2106
1786 2107
1786 2108
1786 2109
1786 2110
1786 2111
1786 2112
1786 2113
1786 2114
1786 2115
1786 2116
1786 2117
1786 2118
1786 2119
1786 2120
1786 2121
1786 2122
1785 2123
1784 2124
1783 2125
1782 2126
1781 2127
1780 2128
1779 2128
1778 2129
1777 2129
1776 2129
1775 2130
1774 2130
1773 2131
1772 2132
1771 2132
1770 2133
1769 2134
1768 2134
1767 2134
1766 2135
1765 2135
1764 2135
1763 2136
1762 2136
1761 2136
1760 2136
1759 2137
1758 2137
1757 2137
1756 2137
1755 2137
1754 2137
1753 2137
1752 2138
1751 2138
1750 2138
1749 2138
1748 2138
1747 2138
1746 2138
1745 2138
1744 2138
1743 2138
1742 2138
1741 2138
1740 2137
1739 2136
1738 2136
1737 2135
1736 2135
1735 2134
1734 2133
1733 2132
1732 2131
1731 2131
1730 2130
1729 2129
1728 2128
1727 2127
1726 2126
1725 2126
1724 2125
1724 2124
1724 2123
1723 2122
1723 2121
1723 2120
1722 2119
1722 2118
1722 2119
1722 2120
1722 2121
1722 2122
1722 2123
1722 2124
1722 2125
1722 2126
1722 2127
1722 2128
1722 2129
1722 2130
1722 2131
1721 2132
1720 2133
1719 2134
1718 2135
1717 2136
1716 2137
1716 2138
1716 2139
1716 2140
1715 2141
1715 2142
1714 2143
1713 2143
1712 2144
1711 2144
1710 2144
1709 2145
1708 2145
1707 2145
1706 2145
1705 2145
1704 2145
1703 2145
1702 2145
1701 2146
1700 2146
1699 2146
1698 2146
1697 2146
1696 2146
1695 2146
1694 2146
1693 2147
1692 2147
1691 2147
1690 2148
1689 2149
1688 2150
1687 2150
1686 2151
1685 2151
1684 2151
1683 2152
1682 2152
1681 2152
1680 2153
1679 2153
1678 2153
1677 2154
1676 2154
1675 2154
1674 2154
1673 2154
1672 2154
1671 2154
1670 2154
1669 2154
1668 2154
1667 2154
1666 2154
1665 2154
1664 2154
1663 2154
1662 2154
1661 2154
1660 2154
1659 2154
1658 2154
1657 2155
1656 2155
1655 2155
1654 2155
1653 2155
1652 2155
1651 2155
1650 2155
1649 2155
1648 2155
1647 2155
1646 2155
1645 2155
1644 2155
1643 2155
1642 2155
1641 2155
1640 2155
1639 2155
1638 2155
1637 2155
1636 2155
1635 2155
1634 2155
1633 2155
1632 2155
1631 2155
1630 2155
1629 2155
1628 2155
1627 2155
1626 2155
1625 2155
1624 2154
1623 2154
1622 2154
1621 2154
1620 2154
1619 2154
1618 2154
1617 2154
1616 2154
1615 2154
1614 2154
1613 2154
1612 2154
1611 2154
1610 2154
1609 2154
1608 2154
1607 2154
1606 2154
1605 2155
1604 2155
1603 2155
1602 2155
1601 2155
1600 2155
1599 2155
1598 2155
1597 2155
1596 2155
1595 2155
1594 2155
1593 2155
1592 2155
1591 2155
1590 2155
1589 2155
1588 2155
1587 2155
1586 2155
1585 2155
1584 2155
1583 2155
1582 2155
1581 2155
1580 2155
1579 2155
1578 2155
1577 2155
1576 2155
1575 2155
1574 2155
1573 2155
1572 2155
1571 2155
1570 2155
1569 2155
1568 2155
1567 2155
1566 2155
1565 2155
1564 2155
1563 2155
1562 2155
1561 2155
1560 2155
1559 2155
1558 2155
1557 2155
1556 2155
1555 2155
1554 2155
1553 2155
1552 2155
1551 2155
1550 2155
1549 2155
1548 2155
1547 2155
1546 2155
1545 2155
1544 2155
1543 2155
1542 2155
1541 2155
1540 2155
1539 2155
1538 2155
1537 2155
1536 2155
1535 2155
1534 2155
1533 2155
1532 2155
1531 2155
1530 2155
1529 2155
1528 2155
1527 2155
1526 2155
1525 2155
1524 2155
1523 2155
1522 2155
1521 2155
1520 2155
1519 2155
1518 2155
1517 2155
1516 2155
1515 2155
1514 2155
1513 2155
1512 2155
1511 2155
1510 2155
1509 2155
1508 2155
1507 2155
1506 2155
1505 2155
1504 2155
1503 2155
1502 2155
1501 2155
1500 2155
1499 2155
1498 2155
1497 2155
1496 2155
1495 2155
1494 2155
1493 2155
1492 2155
1491 2155
1490 2155
1489 2156
1488 2156
1487 2157
1486 2157
1485 2158
1484 2158
1483 2158
1482 2159
1481 2159
1480 2160
1479 2160
1478 2160
1477 2160
1476 2161
1475 2161
1474 2161
1473 2161
1472 2161
1471 2161
1470 2161
1469 2161
1468 2161
1467 2161
1466 2162
1465 2162
1464 2162
1463 2162
1462 2162
1461 2162
1460 2162
1459 2162
1458 2162
1457 2162
1456 2163
1455 2163
1454 2163
1453 2163
1452 2164
1451 2164
1450 2164
1449 2165
1448 2165
1447 2165
1446 2166
1445 2166
1444 2166
1443 2167
1442 2167
1441 2167
1440 2167
1439 2168
1438 2168
1437 2168
1436 2169
1435 2169
1434 2170
1433 2170
1432 2171
1431 2171
1430 2172
1429 2172
1428 2173
1427 2173
1426 2174
1425 2174
1424 2175
1423 2175
1422 2175
1421 2175
1420 2176
1419 2176
1418 2176
1417 2176
1416 2177
1415 2177
1414 2177
1413 2177
1412 2177
1411 2177
1410 2177
1409 2177
1408 2177
1407 2177
1406 2178
1405 2178
1404 2178
1403 2178
1402 2178
1401 2178
1400 2178
1399 2178
1398 2178
1397 2178
1396 2178
1395 2178
1394 2178
1393 2178
1392 2178
1391 2178
1390 2178
1389 2178
1388 2178
1387 2178
1386 2179
1385 2179
1384 2180
1383 2181
1382 2181
1381 2181
1380 2182
1379 2182
1378 2183
1377 2183
1376 2183
1375 2184
1374 2184
1373 2184
1372 2184
1371 2184
1370 2185
1369 2185
1368 2185
1367 2185
1366 2185
1365 2185
1364 2185
1363 2185
1362 2186
1361 2186
1360 2186
1359 2186
1358 2186
1357 2186
1356 2186
1355 2186
1354 2186
1353 2186
1352 2186
1351 2186
1350 2186
1349 2186
1348 2186
1347 2186
1346 2186
1345 2186
1344 2186
1343 2186
1342 2186
1341 2186
1340 2186
1339 2186
1338 2186
1337 2186
1336 2186
1335 2186
1334 2186
1333 2186
1332 2186
1331 2186
1330 2186
1329 2187
1328 2187
1327 2188
1326 2188
1325 2189
1324 2189
1323 2190
1322 2190
1321 2191
1320 2191
1319 2192
1318 2192
1317 2192
1316 2192
1315 2192
1314 2192
1313 2193
1312 2193
1311 2193
1310 2193
1309 2193
1308 2193
1307 2193
1306 2193
1305 2194
1304 2194
1303 2194
1302 2194
1301 2195
1300 2195
1299 2196
1298 2196
1297 2197
1296 2198
1295 2198
1294 2198
1293 2199
1292 2199
1291 2199
1290 2200
1289 2200
1288 2200
1287 2200
1286 2201
1285 2201
1284 2202
1283 2203
1282 2203
1281 2204
1280 2205
1279 2205
1278 2206
1277 2206
1276 2206
1275 2207
1274 2207
1273 2207
1272 2207
1271 2208
1270 2208
1269 2208
1268 2208
1267 2209
1266 2209
1265 2209
1264 2209
1263 2210
1262 2211
1261 2211
1260 2212
1259 2212
1258 2213
1257 2214
1256 2214
1255 2215
1254 2215
1253 2216
1252 2216
1251 2216
1250 2216
1249 2217
1248 2217
1247 2217
1246 2217
1245 2217
1244 2217
1243 2217
1242 2217
1241 2217
1240 2218
1239 2218
1238 2218
1237 2218
1236 2218
1235 2218
1234 2218
1233 2218
1232 2218
1231 2218
1230 2218
1229 2218
1228 2218
1227 2218
1226 2218
1225 2219
1224 2219
1223 2219
1222 2220
1221 2220
1220 2221
1219 2221
1218 2222
1217 2222
1216 2223
1215 2223
1214 2224
1213 2224
1212 2224
1211 2224
1210 2224
1209 2225
1208 2225
1207 2225
1206 2225
1205 2225
1204 2225
1203 2225
1202 2225
1201 2225
1200 2226
1199 2226
1198 2226
1197 2226
1196 2226
1195 2226
1194 2227
1193 2227
1192 2227
1191 2228
1190 2228
1189 2229
1188 2229
1187 2229
1186 2230
1185 2230
1184 2230
1183 2231
1182 2231
1181 2231
1180 2231
1179 2232
1178 2232
1177 2232
1176 2233
1175 2233
1174 2233
1173 2234
1172 2234
1171 2235
1170 2235
1169 2236
1168 2236
1167 2237
1166 2237
1165 2237
1164 2238
1163 2238
1162 2238
1161 2239
1160 2239
1159 2239
1158 2240
1157 2240
1156 2240
1155 2240
1154 2240
1153 2240
1152 2241
1151 2241
1150 2242
1149 2242
1148 2242
1147 2243
1146 2243
1145 2244
1144 2244
1143 2244
1142 2245
1141 2245
1140 2246
1139 2246
1138 2247
1137 2247
1136 2247
1135 2248
1134 2248
1133 2248
1132 2249
1131 2249
1130 2249
1129 2249
1128 2249
1127 2249
1126 2250
1125 2250
1124 2250
1123 2250
1122 2250
1121 2251
1120 2251
1119 2252
1118 2252
1117 2253
1116 2253
1115 2253
1114 2254
1113 2254
1112 2254
1111 2255
1110 2255
1109 2255
1108 2255
1107 2256
1106 2256
1105 2256
1104 2256
1103 2256
1102 2257
1101 2257
1100 2257
1099 2257
1098 2257
1097 2257
1096 2257
1095 2257
1094 2257
1093 2258
1092 2258
1091 2258
1090 2258
1089 2258
1088 2258
1087 2258
1086 2258
1085 2258
1084 2258
1083 2258
1082 2258
1081 2258
1080 2258
1079 2258
1078 2258
1077 2258
1076 2258
1075 2258
1074 2258
1073 2258
1072 2258
1071 2258
1070 2258
1069 2259
1068 2259
1067 2259
1066 2260
1065 2260
1064 2260
1063 2261
1062 2261
1061 2262
1060 2262
1059 2262
1058 2263
1057 2263
1056 2263
1055 2264
1054 2264
1053 2264
1052 2264
1051 2265
1050 2265
1049 2266
1048 2266
1047 2266
1046 2267
1045 2268
1044 2268
1043 2269
1042 2269
1041 2270
1040 2270
1039 2271
1038 2271
1037 2271
1036 2272
1035 2272
1034 2272
1033 2272
1032 2273
1031 2273
1030 2273
1029 2273
1028 2273
1027 2273
1026 2274
1025 2274
1024 2274
1023 2274
1022 2274
1021 2274
1020 2274
1019 2274
1018 2274
1017 2274
1016 2274
1015 2274
1014 2274
1013 2274
1012 2274
1011 2275
1010 2275
1009 2276
1008 2277
1007 2278
1006 2278
1005 2279
1004 2279
1003 2280
1002 2280
1001 2280
1000 2281
999 2281
998 2281
997 2281
996 2281
995 2281
994 2281
993 2281
992 2282
991 2282
990 2282
989 2282
988 2282
987 2283
986 2283
985 2284
984 2284
983 2285
982 2286
981 2286
980 2286
979 2287
978 2287
977 2287
976 2288
975 2288
974 2288
973 2288
972 2289
971 2289
970 2289
969 2289
968 2289
967 2290
967 2291
966 2292
965 2293
965 2294
964 2295
964 2296
963 2297
963 2298
962 2299
961 2300
960 2301
959 2302
958 2302
957 2303
956 2304
955 2304
954 2305
953 2306
952 2307
951 2307
950 2308
949 2308
948 2309
947 2309
946 2310
945 2310
944 2311
943 2311
942 2312
941 2312
940 2312
939 2312
938 2313
937 2314
936 2314
936 2315
935 2316
934 2317
933 2318
932 2319
931 2319
930 2320
929 2320
928 2320
927 2321
926 2321
925 2321
924 2321
923 2321
922 2321
921 2321
920 2321
919 2322
918 2322
917 2322
916 2323
915 2323
914 2324
913 2325
912 2325
911 2326
910 2326
909 2327
908 2327
907 2327
906 2328
905 2328
904 2328
903 2329
902 2329
901 2329
900 2330
899 2330
898 2331
897 2331
896 2332
895 2333
894 2333
893 2334
892 2334
891 2335
890 2336
889 2336
888 2337
887 2337
886 2338
885 2338
884 2339
883 2339
882 2340
881 2340
880 2341
879 2341
878 2342
877 2342
876 2342
875 2343
874 2343
873 2343
872 2344
871 2344
870 2344
869 2344
868 2344
867 2345
866 2345
865 2345
864 2346
863 2347
862 2348
861 2348
860 2349
859 2349
858 2350
857 2350
856 2350
855 2350
854 2351
853 2351
852 2351
851 2351
850 2351
849 2352
848 2352
847 2352
846 2352
845 2352
844 2352
843 2353
842 2353
841 2353
840 2353
839 2353
838 2353
837 2353
836 2353
835 2354
834 2354
833 2355
832 2356
831 2357
830 2357
829 2358
828 2358
827 2358
826 2359
825 2359
824 2360
823 2360
822 2361
821 2361
820 2362
819 2362
818 2362
817 2363
816 2363
815 2364
814 2364
813 2364
812 2365
811 2365
810 2365
809 2366
808 2366
807 2367
806 2367
805 2368
804 2368
803 2369
802 2369
801 2370
800 2370
799 2370
798 2371
797 2371
796 2372
795 2372
794 2373
793 2373
792 2373
791 2373
790 2374
789 2374
788 2374
787 2374
786 2375
785 2375
784 2375
783 2375
782 2376
781 2376
780 2376
779 2376
778 2376
777 2377
776 2377
775 2377
774 2377
773 2377
773 2378
772 2379
772 2380
771 2381
770 2382
769 2383
768 2383
767 2384
766 2385
765 2386
764 2386
763 2387
762 2388
761 2389
760 2389
759 2390
758 2391
757 2392
757 2393
757 2394
756 2395
755 2396
754 2396
753 2397
752 2398
751 2398
750 2399
750 2400
749 2401
748 2402
747 2402
746 2403
745 2404
744 2405
743 2406
742 2406
741 2407
740 2407
739 2407
738 2408
737 2408
736 2408
735 2409
734 2410
733 2411
732 2412
731 2413
730 2413
729 2414
728 2415
727 2415
726 2416
725 2416
724 2417
723 2417
722 2417
721 2417
720 2418
719 2419
718 2420
717 2421
716 2421
715 2422
714 2422
713 2423
712 2423
711 2424
710 2424
709 2424
708 2425
707 2425
706 2426
705 2426
704 2427
703 2428
702 2429
701 2430
701 2431
700 2432
699 2433
699 2434
699 2435
699 2436
699 2437
698 2438
697 2439
696 2439
695 2440
694 2440
693 2441
693 2442
692 2443
692 2444
692 2445
691 2446
690 2447
689 2448
688 2448
687 2448
686 2449
686 2450
685 2451
685 2452
684 2453
683 2454
682 2454
681 2455
680 2455
679 2456
678 2456
678 2457
677 2458
677 2459
676 2460
675 2461
675 2462
674 2463
673 2464
672 2465
672 2466
671 2467
670 2468
669 2469
669 2470
668 2471
667 2472
667 2473
667 2474
667 2475
667 2476
667 2477
667 2478
666 2479
666 2480
666 2481
666 2482
666 2483
666 2484
665 2485
665 2486
665 2487
664 2488
664 2489
663 2490
663 2491
662 2492
662 2493
662 2494
661 2495
661 2496
661 2497
660 2498
660 2499
660 2500
660 2501
659 2502
659 2503
658 2504
658 2505
657 2506
657 2507
656 2508
655 2509
655 2510
654 2511
653 2512
652 2513
652 2514
651 2515
650 2515
649 2516
649 2517
648 2518
647 2519
647 2520
647 2521
646 2522
646 2523
645 2524
645 2525
644 2526
644 2527
643 2528
642 2529
642 2530
641 2531
640 2532
640 2533
639 2534
639 2535
638 2536
638 2537
638 2538
637 2539
637 2540
637 2541
636 2542
635 2543
634 2544
633 2545
633 2546
632 2547
632 2548
631 2549
631 2550
630 2551
630 2552
629 2553
629 2554
629 2555
629 2556
628 2557
628 2558
628 2559
628 2560
627 2561
627 2562
627 2563
627 2564
626 2565
625 2566
624 2567
624 2568
623 2569
622 2570
622 2571
621 2572
621 2573
621 2574
620 2575
620 2576
619 2577
618 2578
617 2579
616 2580
616 2581
615 2582
614 2583
614 2584
614 2585
613 2586
613 2587
613 2588
612 2589
612 2590
611 2591
611 2592
610 2593
610 2594
609 2595
608 2596
608 2597
607 2598
607 2599
606 2600
606 2601
605 2602
605 2603
605 2604
604 2605
604 2606
603 2607
603 2608
603 2609
603 2610
603 2611
603 2612
603 2613
602 2614
602 2615
602 2616
602 2617
602 2618
602 2619
602 2620
602 2621
602 2622
602 2623
602 2624
602 2625
602 2626
602 2627
602 2628
602 2629
602 2630
602 2631
602 2632
602 2633
602 2634
602 2635
602 2636
602 2637
603 2638
604 2639
604 2640
605 2641
605 2642
606 2643
607 2644
607 2645
608 2646
609 2646
610 2646
611 2647
612 2647
613 2647
614 2648
615 2648
616 2649
617 2649
618 2649
619 2649
620 2649
621 2649
622 2649
623 2649
624 2649
625 2649
626 2649
627 2649
628 2649
629 2648
630 2648
631 2647
632 2647
633 2646
634 2646
635 2645
636 2645
637 2644
638 2644
639 2643
640 2642
641 2642
642 2641
643 2640
644 2639
645 2638
646 2638
647 2637
648 2637
649 2636
650 2635
651 2634
652 2633
653 2632
654 2631
655 2631
656 2630
657 2630
658 2629
659 2629
660 2628
661 2628
661 2627
662 2626
663 2625
664 2624
665 2623
666 2622
667 2622
668 2621
669 2621
670 2620
671 2620
672 2620
673 2620
674 2619
675 2619
676 2618
676 2617
677 2616
678 2615
678 2614
678 2613
679 2612
679 2611
679 2610
680 2609
681 2608
682 2607
683 2606
684 2605
685 2605
685 2604
686 2603
686 2602
687 2601
687 2600
687 2599
687 2598
688 2597
688 2596
689 2595
689 2594
690 2593
691 2592
692 2591
693 2590
693 2589
694 2588
694 2587
694 2586
694 2585
695 2584
695 2583
695 2582
696 2581
696 2580
697 2579
697 2578
698 2577
699 2576
699 2575
700 2574
701 2573
701 2572
702 2571
703 2570
703 2569
704 2568
705 2567
706 2566
707 2565
707 2564
708 2563
708 2562
709 2561
709 2560
710 2559
711 2559
712 2558
713 2557
714 2556
715 2555
715 2554
716 2553
717 2552
717 2551
718 2550
719 2550
720 2549
721 2549
722 2548
723 2548
724 2547
725 2546
725 2545
726 2544
726 2543
726 2542
727 2541
727 2540
728 2539
729 2538
730 2537
731 2536
732 2535
733 2534
734 2533
735 2532
736 2531
737 2531
738 2531
739 2531
740 2530
741 2530
742 2530
743 2530
744 2530
745 2531
745 2532
746 2533
747 2534
747 2535
748 2536
749 2537
749 2538
750 2539
750 2540
751 2541
751 2542
751 2543
751 2544
752 2545
752 2546
752 2547
752 2548
752 2549
752 2550
753 2551
753 2552
753 2553
753 2554
754 2555
755 2556
755 2557
756 2558
756 2559
757 2560
757 2561
758 2562
758 2563
759 2564
759 2565
760 2566
760 2567
761 2568
761 2567
761 2566
761 2565
761 2564
761 2563
761 2562
761 2561
761 2560
761 2559
761 2558
761 2557
761 2556
761 2555
761 2554
761 2553
761 2552
761 2551
761 2550
761 2549
761 2548
761 2547
761 2546
761 2545
761 2544
761 2543
761 2542
761 2541
761 2540
761 2539
761 2538
761 2537
761 2536
761 2535
761 2534
761 2533
761 2532
761 2531
761 2530
761 2529
761 2528
761 2527
761 2526
761 2525
761 2524
761 2523
761 2522
761 2521
761 2520
761 2519
762 2518
763 2517
764 2516
764 2515
765 2514
765 2513
765 2512
766 2511
766 2510
767 2509
768 2508
768 2507
769 2506
770 2505
771 2504
772 2503
773 2502
774 2501
774 2500
775 2499
775 2498
775 2497
776 2496
777 2495
778 2495
779 2494
780 2493
781 2492
782 2492
782 2491
782 2490
783 2489
784 2488
785 2487
786 2486
787 2486
788 2485
788 2484
789 2483
789 2482
790 2481
791 2480
792 2479
793 2479
794 2478
795 2478
796 2477
796 2476
797 2475
798 2474
799 2473
800 2472
801 2471
802 2470
803 2470
804 2469
805 2468
806 2467
806 2466
807 2465
807 2464
808 2463
809 2463
810 2462
811 2461
812 2461
813 2460
813 2459
813 2458
814 2457
814 2456
815 2455
815 2454
816 2453
817 2452
818 2451
818 2450
819 2449
820 2448
821 2447
822 2446
822 2445
823 2444
823 2443
824 2442
825 2441
826 2440
827 2439
828 2439
829 2438
830 2438
831 2437
832 2437
833 2436
834 2435
835 2434
836 2434
837 2433
838 2432
839 2431
840 2431
841 2430
842 2430
843 2429
843 2428
844 2427
845 2426
845 2425
846 2424
847 2423
848 2422
849 2422
850 2421
851 2421
852 2420
853 2420
854 2419
855 2419
856 2419
857 2419
858 2418
859 2417
860 2416
861 2416
862 2415
863 2415
864 2414
865 2413
866 2412
867 2411
868 2410
869 2410
870 2409
871 2408
872 2407
873 2407
874 2406
875 2406
876 2405
877 2405
878 2404
879 2404
880 2403
881 2403
882 2402
883 2401
883 2400
884 2399
885 2398
886 2397
887 2397
888 2396
889 2396
890 2396
891 2395
892 2394
893 2393
894 2392
895 2391
896 2391
897 2390
898 2390
899 2390
900 2389
901 2389
902 2389
903 2389
904 2388
905 2388
906 2388
907 2387
908 2387
909 2386
910 2385
911 2384
912 2384
913 2383
914 2382
915 2381
916 2380
917 2379
918 2378
919 2378
920 2377
921 2376
922 2376
923 2375
924 2375
925 2374
926 2374
927 2374
928 2373
929 2373
930 2373
931 2372
932 2372
933 2372
934 2372
935 2372
936 2371
937 2371
938 2370
939 2370
940 2369
941 2368
942 2367
943 2366
944 2366
945 2365
946 2365
947 2364
948 2364
949 2364
950 2363
951 2362
951 2361
952 2360
953 2359
954 2359
955 2358
956 2358
957 2357
958 2357
959 2357
960 2356
961 2356
962 2356
963 2356
964 2355
965 2355
966 2354
967 2354
968 2353
969 2352
970 2351
971 2350
971 2349
972 2348
972 2347
973 2346
973 2345
974 2344
974 2343
975 2342
976 2341
977 2341
978 2341
979 2340
980 2340
981 2339
982 2338
983 2337
984 2336
985 2335
986 2335
987 2334
988 2333
989 2333
990 2332
991 2332
992 2332
993 2332
994 2331
995 2331
996 2331
997 2331
998 2331
999 2330
1000 2330
1001 2329
1002 2329
1003 2328
1004 2327
1005 2326
1006 2326
1007 2325
1008 2325
1009 2325
1010 2324
1011 2324
1012 2324
1013 2323
1014 2323
1015 2323
1016 2323
1017 2323
1018 2323
1019 2323
1020 2322
1021 2322
1022 2322
1023 2322
1024 2322
1025 2322
1026 2321
1027 2321
1028 2320
1029 2319
1030 2319
1031 2318
1032 2318
1033 2317
1034 2317
1035 2317
1036 2316
1037 2316
1038 2316
1039 2316
1040 2316
1041 2315
1042 2315
1043 2315
1044 2315
1045 2315
1046 2314
1047 2313
1048 2313
1049 2312
1050 2311
1051 2310
1052 2310
1053 2309
1054 2308
1055 2308
1056 2308
1057 2307
1058 2307
1059 2307
1060 2307
1061 2306
1062 2305
1062 2304
1063 2303
1063 2302
1064 2301
1065 2302
1065 2303
1065 2304
1066 2305
1066 2306
1066 2307
1066 2308
1066 2309
1066 2310
1065 2311
1064 2311
1063 2312
1063 2313
1062 2314
1062 2315
1061 2316
1061 2317
1060 2318
1059 2318
1058 2319
1057 2320
1056 2321
1055 2322
1055 2323
1054 2324
1054 2325
1053 2326
1053 2327
1052 2328
1051 2329
1051 2330
1050 2331
1049 2332
1049 2333
1048 2334
1047 2335
1047 2336
1046 2337
1045 2338
1044 2339
1043 2340
1042 2341
1041 2342
1040 2343
1039 2344
1039 2345
1038 2346
1038 2347
1037 2348
1037 2349
1037 2350
1036 2351
1036 2352
1036 2353
1035 2354
1034 2354
1033 2355
1032 2356
1031 2357
1030 2358
1029 2359
1029 2360
1028 2361
1028 2362
1028 2363
1028 2364
1027 2365
1027 2366
1028 2365
1029 2364
1030 2363
1031 2363
1032 2362
1033 2361
1034 2361
1035 2360
1036 2360
1037 2359
1038 2359
1039 2358
1040 2358
1041 2358
1042 2357
1043 2357
1044 2356
1045 2356
1046 2355
1047 2354
1048 2353
1049 2352
1050 2351
1051 2350
1052 2349
1052 2348
1053 2347
1054 2346
1054 2345
1055 2344
1056 2343
1057 2343
1058 2342
1059 2342
1060 2341
1061 2341
1062 2341
1063 2340
1064 2340
1065 2340
1066 2339
1067 2339
1068 2338
1069 2338
1070 2337
1071 2337
1072 2336
1073 2335
1074 2335
1075 2334
1076 2333
1077 2332
1078 2332
1079 2331
1080 2331
1081 2331
1082 2330
1083 2329
1084 2328
1085 2327
1086 2326
1087 2325
1088 2324
1089 2324
1090 2324
1091 2324
1092 2323
1093 2323
1094 2323
1095 2323
1096 2323
1097 2323
1098 2322
1099 2321
1100 2320
1101 2319
1102 2318
1103 2317
1104 2317
1105 2317
1106 2316
1107 2316
1108 2315
1109 2315
1110 2314
1111 2313
1112 2313
1113 2312
1114 2311
1115 2310
1115 2309
1116 2308
1116 2307
1117 2306
1117 2305
1118 2304
1118 2303
1119 2302
1120 2301
1121 2301
1122 2300
1123 2300
1124 2300
1125 2299
1126 2299
1127 2299
1128 2299
1129 2299
1130 2299
1131 2299
1132 2298
1133 2298
1134 2298
1135 2298
1136 2298
1137 2298
1138 2297
1139 2296
1140 2295
1141 2294
1142 2293
1143 2293
1144 2293
1145 2292
1146 2292
1147 2292
1148 2291
1149 2291
1150 2291
1151 2291
1152 2291
1153 2291
1154 2290
1155 2290
1156 2290
1157 2290
1158 2290
1159 2290
1160 2290
1161 2290
1162 2290
1163 2290
1164 2290
1165 2290
1166 2290
1167 2290
1168 2290
1169 2290
1170 2289
1171 2288
1172 2288
1173 2287
1174 2287
1175 2286
1176 2286
1177 2285
1178 2285
1179 2285
1180 2285
1181 2284
1182 2284
1183 2284
1184 2284
1185 2284
1186 2284
1187 2283
1188 2283
1189 2283
1190 2283
1191 2283
1192 2283
1193 2283
1194 2283
1195 2283
1196 2282
1197 2282
1198 2282
1199 2282
1200 2282
1201 2282
1202 2281
1203 2281
1204 2280
1205 2280
1206 2279
1207 2279
1208 2278
1209 2278
1210 2277
1211 2276
1211 2275
1212 2274
1213 2273
1213 2272
1214 2271
1215 2270
1216 2270
1217 2269
1218 2269
1219 2268
1220 2268
1221 2268
1222 2267
1223 2267
1224 2267
1225 2267
1226 2267
1227 2267
1228 2267
1229 2266
1230 2266
1231 2266
1232 2266
1233 2266
1234 2266
1235 2266
1236 2266
1237 2266
1238 2266
1239 2266
1240 2266
1241 2266
1242 2266
1243 2266
1244 2266
1245 2266
1246 2266
1247 2267
1248 2267
1249 2267
1250 2267
1251 2268
1252 2268
1253 2268
1254 2269
1255 2269
1256 2270
1257 2270
1258 2270
1259 2271
1260 2271
1261 2271
1262 2271
1263 2272
1264 2272
1265 2272
1266 2272
1267 2272
1268 2272
1269 2272
1270 2272
1271 2273
1272 2273
1273 2273
1274 2274
1275 2275
1276 2276
1277 2276
1278 2276
1279 2277
1280 2277
1281 2278
1282 2278
1283 2279
1284 2279
1285 2280
1286 2281
1287 2282
1288 2283
1289 2284
1290 2285
1291 2285
1292 2286
1293 2286
1294 2286
1295 2287
1296 2287
1297 2287
1298 2287
1299 2288
1300 2288
1301 2288
1302 2288
1303 2288
1304 2289
1305 2289
1306 2290
1307 2291
1308 2292
1309 2293
1310 2293
1311 2294
1312 2294
1313 2294
1314 2295
1315 2295
1316 2295
1317 2296
1318 2296
1319 2296
1320 2297
1321 2297
1322 2298
1323 2299
1324 2299
1325 2300
1326 2301
1327 2301
1328 2301
1329 2302
1330 2302
1331 2303
1332 2303
1333 2303
1334 2304
1335 2304
1336 2304
1337 2304
1338 2304
1339 2304
1340 2304
1341 2304
1342 2305
1343 2305
1344 2305
1345 2305
1346 2305
1347 2305
1348 2305
1349 2305
1350 2305
1351 2305
1352 2305
1353 2305
1354 2305
1355 2305
1356 2305
1357 2305
1358 2305
1359 2305
1360 2305
1361 2305
1362 2306
1363 2306
1364 2307
1365 2307
1366 2308
1367 2309
1368 2309
1369 2310
1370 2310
1371 2310
1372 2311
1373 2311
1374 2312
1375 2312
1376 2312
1377 2312
1378 2312
1379 2312
1380 2313
1381 2313
1382 2313
1383 2313
1384 2313
1385 2313
1386 2313
1387 2313
1388 2314
1389 2314
1390 2315
1391 2315
1392 2316
1393 2317
1394 2317
1395 2318
1396 2318
1397 2319
1398 2319
1399 2320
1400 2320
1401 2320
1402 2320
1403 2320
1404 2320
1405 2320
1406 2321
1407 2321
1408 2321
1409 2321
1410 2321
1411 2321
1412 2321
1413 2321
1414 2321
1415 2321
1416 2321
1417 2321
1418 2321
1419 2321
1420 2322
1421 2323
1422 2324
1423 2324
1424 2325
1425 2325
1426 2326
1427 2326
1428 2327
1429 2327
1430 2328
1431 2328
1432 2329
1433 2330
1433 2331
1433 2332
1433 2333
1433 2334
1433 2335
1433 2336
1433 2337
1433 2338
1433 2339
1433 2340
1433 2341
1433 2342
1432 2343
1432 2344
1431 2345
1431 2346
1430 2347
1430 2348
1430 2349
1430 2350
1429 2351
1429 2352
1429 2353
1429 2354
1428 2355
1428 2356
1429 2356
1430 2355
1431 2355
1432 2355
1433 2354
1434 2354
1435 2354
1436 2354
1437 2354
1438 2354
1439 2354
1440 2354
1441 2354
1442 2354
1443 2354
1444 2354
1445 2354
1446 2354
1447 2354
1448 2354
1449 2354
1450 2354
1451 2354
1452 2354
1453 2354
1454 2354
1455 2353
1456 2353
1457 2353
1458 2353
1459 2353
1460 2353
1461 2353
1462 2353
1463 2353
1464 2353
1465 2353
1466 2353
1467 2353
1468 2353
1469 2354
1470 2354
1471 2355
1472 2355
1473 2356
1474 2357
1475 2357
1476 2358
1477 2359
1478 2360
1479 2361
1480 2362
1480 2363
1481 2363
1482 2364
1483 2365
1484 2366
1485 2367
1486 2367
1487 2368
1488 2369
1489 2370
1490 2371
1491 2372
1492 2372
1493 2373
1494 2373
1495 2374
1496 2374
1497 2375
1498 2375
1499 2375
1500 2376
1501 2376
1502 2377
1503 2378
1504 2378
1505 2379
1506 2380
1507 2381
1508 2381
1509 2382
1510 2383
1511 2383
1512 2383
1513 2384
1514 2384
1515 2384
1516 2384
1517 2384
1518 2384
1519 2384
1520 2384
1521 2385
1522 2385
1523 2385
1524 2385
1525 2385
1526 2385
1527 2385
1528 2385
1529 2385
1530 2386
1531 2387
1532 2387
1533 2388
1534 2388
1535 2388
1536 2389
1537 2389
1538 2390
1539 2390
1540 2390
1541 2391
1542 2391
1543 2391
1544 2391
1545 2391
1546 2392
1547 2392
1548 2392
1549 2393
1550 2394
1551 2394
1552 2395
1553 2396
1554 2396
1555 2397
1556 2397
1557 2398
1558 2398
1559 2398
1560 2399
1561 2399
1562 2399
1563 2399
1564 2400
1565 2400
1566 2400
1567 2400
1568 2400
1569 2400
1570 2400
1571 2401
1572 2401
1573 2401
1574 2401
1575 2402
1576 2402
1577 2402
1578 2403
1579 2404
1580 2405
1581 2405
1582 2406
1583 2406
1584 2406
1585 2407
1586 2407
1587 2407
1588 2407
1589 2408
1590 2408
1591 2408
1592 2408
1593 2408
1594 2408
1595 2408
1596 2409
1597 2409
1598 2409
1599 2409
1600 2409
1601 2409
1602 2409
1603 2409
1604 2409
1605 2409
1606 2409
1607 2409
1608 2409
1609 2409
1610 2409
1611 2409
1612 2409
1613 2409
1614 2410
1615 2410
1616 2410
1617 2410
1618 2411
1619 2411
1620 2411
1621 2412
1622 2412
1623 2413
1624 2413
1625 2414
1626 2414
1627 2414
1628 2415
1629 2415
1630 2416
1631 2416
1632 2417
1633 2417
1634 2418
1635 2419
1636 2419
1637 2420
1638 2420
1639 2421
1640 2421
1641 2422
1642 2422
1643 2423
1644 2424
1645 2425
1646 2426
1647 2426
1648 2427
1649 2427
1650 2428
1651 2428
1652 2428
1653 2429
1654 2429
1655 2430
1656 2430
1657 2431
1658 2432
1659 2432
1660 2433
1661 2434
1662 2434
1663 2435
1664 2436
1665 2436
1666 2437
1667 2437
1668 2438
1669 2439
1670 2439
1671 2439
1672 2439
1673 2440
1674 2440
1675 2440
1676 2440
1677 2440
1678 2440
1679 2440
1680 2440
1681 2440
1682 2441
1683 2441
1684 2441
1685 2441
1686 2441
1687 2441
1688 2441
1689 2441
1690 2442
1691 2442
1692 2442
1693 2443
1694 2443
1695 2444
1696 2444
1697 2445
1698 2445
1699 2446
1700 2446
1701 2446
1702 2447
1703 2447
1704 2447
1705 2447
1706 2447
1707 2448
1708 2448
1709 2448
1710 2448
1711 2448
1712 2448
1713 2448
1714 2448
1715 2449
1716 2449
1717 2450
1718 2451
1719 2451
1720 2452
1721 2453
1722 2453
1723 2454
1724 2455
1725 2455
1726 2456
1727 2457
1728 2458
1729 2458
1730 2459
1731 2459
1732 2460
1733 2460
1734 2460
1735 2461
1736 2461
1737 2461
1738 2462
1739 2462
1740 2462
1741 2462
1742 2463
1743 2463
1744 2463
1745 2463
1746 2463
1747 2463
1748 2463
1749 2464
1750 2464
1751 2464
1752 2464
1753 2464
1754 2464
1755 2464
1756 2464
1757 2464
1758 2464
1759 2464
1760 2465
1761 2465
1762 2465
1763 2465
1764 2465
1765 2465
1766 2466
1767 2466
1768 2466
1769 2466
1770 2467
1771 2467
1772 2467
1773 2468
1774 2468
1775 2469
1776 2469
1777 2470
1778 2470
1779 2470
1780 2471
1781 2471
1782 2471
1783 2471
1784 2472
1785 2472
1786 2472
1787 2472
1788 2472
1789 2472
1790 2472
1791 2472
1792 2472
1793 2473
1794 2473
1795 2473
1796 2473
1797 2473
1798 2473
1799 2473
1800 2473
1801 2473
1802 2473
1803 2473
1804 2473
1805 2473
1806 2473
1807 2473
1808 2473
1809 2473
1810 2473
1811 2473
1812 2473
1813 2473
1814 2473
1815 2473
1816 2473
1817 2473
1818 2473
1819 2473
1820 2473
1821 2473
1822 2473
1823 2473
1824 2473
1825 2473
1826 2473
1827 2473
1828 2473
1829 2473
1830 2473
1831 2473
1832 2473
1833 2473
1834 2473
1835 2473
1836 2473
1837 2473
1838 2473
1839 2473
1840 2473
1841 2473
1842 2473
1843 2473
1844 2473
1845 2473
1846 2473
1847 2473
1848 2473
1849 2473
1850 2473
1851 2473
1852 2473
1853 2473
1854 2473
1855 2473
1856 2473
1857 2474
1858 2474
1859 2474
1860 2475
1861 2475
1862 2476
1863 2476
1864 2477
1865 2477
1866 2478
1867 2478
1868 2479
1869 2479
1870 2479
1871 2479
1872 2480
1873 2480
1874 2480
1875 2480
1876 2480
1877 2480
1878 2480
1879 2480
1880 2480
1881 2480
1882 2480
1883 2481
1884 2481
1885 2481
1886 2481
1887 2481
1888 2481
1889 2481
1890 2481
1891 2481
1892 2481
1893 2481
1894 2481
1895 2481
1896 2481
1897 2481
1898 2481
1899 2481
1900 2481
1901 2481
1902 2481
1903 2481
1904 2481
1905 2481
1906 2481
1907 2481
1908 2481
1909 2481
1910 2481
1911 2481
1912 2481
1913 2481
1914 2481
1915 2481
1916 2481
1917 2481
1918 2481
1919 2481
1920 2481
1921 2481
1922 2481
1923 2481
1924 2481
1925 2481
1926 2481
1927 2481
1928 2481
1929 2481
1930 2481
1931 2481
1932 2481
1933 2481
1934 2481
1935 2481
1936 2481
1937 2481
1938 2481
1939 2481
1940 2481
1941 2481
1942 2481
1943 2481
1944 2481
1945 2481
1946 2481
1947 2481
1948 2481
1949 2481
1950 2481
1951 2482
1952 2482
1953 2483
1954 2483
1955 2484
1956 2484
1957 2485
1958 2485
1959 2485
1960 2486
1961 2487
1962 2488
1963 2489
1964 2490
1965 2491
1966 2492
1967 2492
1968 2493
1969 2493
1970 2493
1971 2494
1972 2494
1973 2494
1974 2495
1975 2495
1976 2495
1977 2495
1978 2496
1979 2496
1980 2496
1981 2496
1982 2496
1983 2496
1984 2496
1985 2496
1986 2497
1987 2497
1988 2497
1989 2497
1990 2497
1991 2497
1992 2497
1993 2497
1994 2497
1995 2498
1996 2499
1997 2500
1998 2500
1999 2501
2000 2501
2001 2501
2002 2502
2003 2502
2004 2502
2005 2503
2006 2503
2007 2503
2008 2503
2009 2503
2010 2504
2011 2504
2012 2504
2013 2504
2014 2504
2015 2504
2016 2504
2017 2504
2018 2505
2019 2505
2020 2505
2021 2505
2022 2505
2023 2505
2024 2505
2025 2505
2026 2506
2026 2507
2026 2508
2025 2509
2025 2510
2025 2511
2025 2512
2025 2513
2025 2514
2025 2515
2024 2516
2024 2517
2024 2518
2023 2519
2023 2520
2022 2521
2022 2522
2021 2523
2021 2524
2020 2525
2019 2526
2019 2527
2018 2528
2017 2529
2016 2530
2015 2531
2015 2532
2014 2533
2013 2534
2012 2535
2012 2536
2012 2537
2011 2538
2010 2538
2009 2539
2008 2540
2007 2541
2006 2542
2005 2543
2004 2544
2003 2545
2004 2545
2005 2545
2006 2545
2007 2545
2008 2545
2009 2545
2010 2545
2011 2545
2012 2545
2013 2545
2014 2545
2015 2545
2016 2544
2017 2544
2018 2543
2019 2542
2020 2541
2021 2541
2022 2540
2023 2540
2024 2540
2025 2539
2026 2539
2027 2538
2028 2537
2028 2536
2029 2535
2030 2534
2031 2534
2032 2533
2033 2533
2034 2532
2035 2532
2036 2532
2037 2531
2038 2531
2039 2530
2040 2530
2041 2529
2042 2528
2043 2528
2044 2527
2045 2526
2046 2526
2047 2526
2048 2525
2049 2524
2050 2523
2051 2522
2052 2521
2052 2520
2053 2519
2054 2518
2055 2517
2055 2516
2056 2515
2057 2515
2058 2515
2059 2514
2060 2514
2061 2514
2062 2514
2063 2514
2064 2514
2065 2514
2066 2514
2067 2514
2068 2514
2069 2514
2070 2514
2071 2514
2072 2514
2073 2514
2074 2514
2075 2514
2076 2514
2077 2514
2078 2514
2079 2514
2080 2514
2081 2514
2082 2514
2083 2514
2084 2514
2085 2514
2086 2514
2087 2514
2088 2514
2089 2514
2090 2513
2091 2513
2092 2513
2093 2513
2094 2513
2095 2513
2096 2513
2097 2513
2098 2513
2099 2513
2100 2513
2101 2513
2102 2513
2103 2513
2104 2513
2105 2513
2106 2513
2107 2513
2108 2513
2109 2513
2110 2513
2111 2513
2112 2513
2113 2513
2114 2513
2115 2513
2116 2513
2117 2512
2118 2512
2119 2512
2120 2511
2121 2511
2122 2510
2123 2510
2124 2510
2125 2509
2126 2509
2127 2509
2128 2508
2129 2508
2130 2508
2131 2507
2132 2507
2133 2507
2134 2507
2135 2507
2136 2507
2137 2507
2138 2506
2139 2506
2140 2506
2141 2506
2142 2506
2143 2506
2144 2506
2145 2506
2146 2506
2147 2506
2148 2506
2149 2506
2150 2506
2151 2506
2152 2506
2153 2506
2154 2506
2155 2506
2156 2505
2157 2505
2158 2505
2159 2505
2160 2505
2161 2505
2162 2506
2163 2506
2164 2506
2165 2507
2166 2507
2167 2507
2168 2508
2169 2508
2170 2509
2171 2509
2172 2510
2173 2510
2174 2511
2175 2512
2176 2513
2177 2513
2178 2514
2179 2515
2180 2516
2181 2517
2182 2518
2183 2519
2184 2520
2185 2520
2186 2520
2187 2520
2188 2520
2189 2520
2190 2520
2191 2521
2192 2521
2193 2521
2194 2521
2195 2522
2196 2523
2197 2524
2198 2525
2198 2526
2199 2527
2200 2528
2201 2529
2202 2529
2203 2529
2204 2530
2205 2530
2206 2531
2207 2531
2208 2532
2209 2532
2210 2533
2211 2533
2212 2534
2213 2534
2214 2534
2215 2535
2216 2535
2217 2536
2218 2537
2219 2538
2220 2539
2221 2539
2222 2540
2223 2540
2224 2541
2225 2541
2226 2542
2227 2543
2228 2544
2229 2545
2229 2546
2230 2547
2230 2548
2231 2548
2232 2549
2233 2549
2234 2550
2235 2550
2236 2551
2237 2551
2238 2551
2239 2551
2240 2551
2241 2552
2242 2552
2243 2552
2244 2552
2245 2552
2246 2552
2247 2552
2248 2552
2249 2552
2250 2553
2251 2553
2252 2553
2253 2553
2254 2553
2255 2553
2256 2553
2257 2553
2258 2553
2259 2553
2260 2553
2261 2553
2262 2553
2263 2553
2264 2553
2265 2553
2266 2553
2267 2553
2268 2553
2269 2553
2270 2553
2271 2553
2272 2553
2273 2553
2274 2553
2275 2553
2276 2553
2277 2553
2278 2553
2279 2553
2280 2553
2281 2553
2282 2553
2283 2553
2284 2553
2285 2553
2286 2553
2287 2553
2288 2553
2289 2553
2290 2553
2291 2553
2292 2553
2293 2553
2294 2553
2295 2553
2296 2553
2297 2553
2298 2553
2299 2553
2300 2553
2301 2553
2302 2553
2303 2553
2304 2553
2305 2553
2306 2553
2307 2553
2308 2553
2309 2553
2310 2553
2311 2554
2312 2555
2313 2555
2314 2556
2315 2557
2316 2557
2317 2558
2318 2559
2319 2559
2320 2560
2321 2560
2322 2560
2323 2560
2324 2560
2325 2560
2326 2561
2327 2561
2328 2561
2329 2561
2330 2562
2330 2563
2330 2564
2330 2565
2330 2566
2330 2567
2329 2568
2328 2569
2327 2570
2327 2571
2326 2572
2325 2573
2325 2574
2324 2575
2324 2576
2324 2577
2323 2578
2323 2579
2322 2580
2322 2581
2321 2582
2320 2583
2320 2584
2319 2585
2318 2586
2317 2587
2316 2588
2315 2588
2314 2589
2313 2590
2312 2590
2311 2591
2310 2591
2309 2592
2308 2593
2309 2593
2310 2593
2311 2593
2312 2593
2313 2593
2314 2593
2315 2593
2316 2593
2317 2593
2318 2593
2319 2593
2320 2593
2321 2593
2322 2593
2323 2593
2324 2593
2325 2593
2326 2593
2327 2593
2328 2593
2329 2593
2330 2593
2331 2593
2332 2593
2333 2593
2334 2593
2335 2593
2336 2593
2337 2593
2338 2593
2339 2593
2340 2593
2341 2593
2342 2593
2343 2593
2344 2593
2345 2592
2346 2592
2347 2591
2347 2590
2348 2589
2349 2588
2349 2587
2350 2586
2351 2585
2352 2584
2353 2583
2354 2583
2355 2582
2356 2581
2357 2580
2358 2579
2358 2578
2359 2577
2359 2576
2359 2575
2360 2574
2361 2573
2362 2573
2363 2572
2364 2572
2365 2571
2366 2571
2367 2570
2368 2570
2369 2570
2370 2570
2371 2570
2372 2570
2373 2570
2374 2570
2375 2569
2376 2569
2377 2569
2378 2569
2379 2570
2380 2570
2381 2570
2382 2571
2383 2572
2384 2573
2385 2574
2386 2574
2387 2575
2387 2576
2388 2577
2389 2578
2390 2579
2391 2580
2392 2580
2393 2581
2394 2581
2395 2582
2396 2582
2397 2583
2398 2583
2399 2583
2400 2583
2401 2584
2402 2585
2403 2586
2404 2587
2405 2588
2406 2589
2407 2589
2408 2589
2409 2590
2410 2590
2411 2591
2412 2592
2413 2593
2413 2594
2414 2595
2415 2596
2416 2596
2417 2597
2418 2597
2419 2598
2420 2598
2421 2599
2422 2600
2423 2601
2424 2602
2425 2602
2426 2603
2427 2604
2428 2605
2429 2605
2430 2606
2431 2606
2432 2606
2433 2607
2434 2608
2435 2609
2436 2610
2437 2611
2438 2612
2439 2612
2440 2613
2441 2613
2442 2614
2443 2614
2444 2615
2445 2616
2446 2616
2447 2617
2448 2618
2449 2619
2450 2619
2451 2620
2452 2621
2453 2621
2454 2621
2455 2622
2456 2622
2457 2622
2458 2622
2459 2622
2460 2623
2461 2623
2462 2623
2463 2623
2464 2623
2465 2624
2466 2624
2467 2624
2468 2624
2469 2624
2470 2624
2471 2624
2472 2624
2473 2624
2474 2624
2475 2624
2476 2625
2477 2625
2478 2625
2479 2625
2480 2625
2481 2625
2482 2625
2483 2625
2484 2625
2485 2625
2486 2625
2487 2625
2488 2625
2489 2625
2490 2625
2491 2625
2492 2625
2493 2625
2494 2625
2495 2625
2496 2625
2497 2625
2498 2625
2499 2625
2500 2625
2501 2625
2502 2625
2503 2625
2504 2625
2505 2625
2506 2625
2507 2625
2508 2625
2509 2625
2510 2626
2511 2627
2512 2628
2513 2629
2514 2629
2515 2630
2516 2631
2517 2631
2518 2632
2519 2633
2520 2634
2521 2634
2522 2635
2523 2636
2524 2637
2525 2638
2526 2638
2527 2638
2528 2639
2529 2639
2530 2639
2531 2639
2532 2640
2533 2640
2534 2641
2535 2642
2535 2643
2536 2644
2536 2645
2536 2646
2537 2647
2537 2648
2538 2648
2539 2648
2540 2648
2541 2648
2542 2648
2543 2648
2544 2648
2545 2648
2546 2649
2547 2649
2548 2649
2549 2649
2550 2649
2551 2649
2552 2649
2553 2649
2554 2649
2555 2649
2556 2649
2557 2649
2558 2649
2559 2649
2560 2649
2561 2649
2562 2649
2563 2649
2564 2649
2565 2649
2566 2649
2567 2649
2568 2649
2569 2649
2570 2649
2571 2649
2572 2650
2573 2651
2574 2652
2575 2653
2576 2653
2577 2654
2578 2654
2579 2655
2580 2655
2581 2655
2582 2656
2583 2657
2583 2658
2584 2659
2584 2660
2585 2661
2586 2662
2587 2662
2588 2663
2589 2663
2590 2664
2591 2664
2592 2665
2592 2666
2592 2667
2592 2668
2592 2669
2593 2670
2593 2671
2593 2672
2593 2673
2593 2674
2593 2675
2593 2676
2593 2677
2593 2678
2593 2679
2593 2680
2593 2681
2593 2682
2593 2683
2593 2684
2593 2685
2593 2686
2594 2687
2594 2688
2594 2689
2594 2690
2594 2691
2594 2692
2594 2693
2594 2694
2594 2695
2594 2696
2594 2697
2593 2698
2593 2699
2592 2700
2591 2701
2591 2702
2590 2703
2590 2704
2589 2705
2589 2706
2589 2707
2588 2708
2588 2709
2587 2710
2586 2711
2586 2712
2585 2713
2584 2714
2583 2715
2583 2716
2582 2717
2582 2718
2581 2719
2581 2720
2581 2721
2580 2722
2579 2723
2578 2723
2577 2724
2576 2724
2575 2725
2574 2726
2573 2726
2572 2727
2571 2728
2570 2729
2569 2729
2568 2730
2567 2731
2566 2731
2565 2732
2564 2732
2563 2733
2562 2733
2561 2734
2560 2734
2559 2735
2558 2735
2557 2736
2556 2737
2556 2738
2556 2739
2556 2740
2555 2741
2555 2742
2555 2743
2556 2743
2557 2743
2558 2743
2559 2743
2560 2742
2561 2742
2562 2741
2563 2741
2564 2741
2565 2740
2566 2740
2567 2740
2568 2739
2569 2739
2570 2738
2571 2737
2572 2737
2573 2736
2574 2735
2575 2735
2576 2734
2577 2734
2578 2733
2579 2733
2580 2733
2581 2732
2582 2732
2583 2731
2584 2730
2585 2729
2586 2729
2587 2728
2588 2727
2589 2726
2590 2725
2591 2725
2592 2724
2592 2723
2593 2722
2594 2721
2595 2721
2596 2720
2597 2720
2598 2719
2599 2718
2600 2718
2601 2717
2602 2716
2603 2715
2604 2714
2605 2714
2606 2713
2607 2712
2608 2712
2609 2711
2610 2710
2611 2709
2612 2708
2612 2707
2613 2706
2614 2705
2615 2704
2616 2703
2617 2702
2618 2701
2619 2700
2619 2699
2620 2698
2621 2697
2621 2696
2622 2695
2623 2694
2624 2693
2625 2692
2625 2691
2626 2690
2627 2689
2628 2688
2629 2687
2630 2686
2631 2685
2632 2685
2633 2684
2634 2683
2634 2682
2635 2681
2636 2680
2637 2679
2638 2678
2638 2677
2639 2676
2640 2675
2641 2674
2642 2674
2643 2674
2644 2675
2645 2676
2646 2677
2647 2678
2648 2678
2649 2679
2650 2679
2651 2680
2652 2681
2653 2682
2654 2683
2655 2683
2656 2684
2657 2684
2658 2685
2659 2685
2660 2686
2661 2686
2662 2686
2663 2686
2664 2687
2665 2687
2666 2687
2667 2687
2668 2687
2669 2688
2670 2688
2671 2688
2672 2688
2673 2689
2674 2689
2675 2690
2676 2690
2677 2691
2678 2691
2679 2692
2680 2692
2681 2693
2682 2693
2683 2694
2684 2694
2685 2694
2686 2695
2687 2695
2688 2695
2689 2695
2690 2695
2691 2696
2692 2696
2693 2696
2694 2696
2695 2696
2696 2696
2697 2696
2698 2696
2699 2696
2700 2696
2701 2696
2702 2696
2703 2697
2704 2697
2705 2697
2706 2697
2707 2697
2708 2697
2709 2697
2710 2697
2711 2697
2712 2697
2713 2697
2714 2697
2715 2697
2716 2697
2717 2697
2718 2697
2719 2697
2720 2697
2721 2697
2722 2697
2723 2697
2724 2697
2725 2697
2726 2697
2727 2697
2728 2697
2729 2697
2730 2697
2731 2697
2732 2697
2733 2697
2734 2697
2735 2697
2736 2697
2737 2697
2738 2697
2739 2697
2740 2697
2741 2697
2742 2697
2743 2697
2744 2697
2745 2697
2746 2697
2747 2697
2748 2697
2749 2697
2750 2697
2751 2697
2752 2697
2753 2697
2754 2697
2755 2697
2756 2697
2757 2697
2758 2697
2759 2697
2760 2697
2761 2697
2762 2697
2763 2697
2764 2697
2765 2697
2766 2697
2767 2697
2768 2697
2769 2698
2770 2698
2771 2699
2772 2700
2773 2700
2774 2701
2775 2701
2776 2702
2777 2702
2778 2702
2779 2703
2780 2703
2781 2703
2782 2703
2783 2704
2784 2704
2785 2704
2786 2705
2787 2705
2788 2706
2789 2706
2790 2707
2791 2707
2792 2708
2793 2708
2794 2709
2795 2710
2796 2710
2797 2710
2798 2711
2799 2711
2800 2712
2801 2712
2802 2713
2803 2714
2804 2715
2805 2716
2806 2717
2807 2717
2808 2718
2809 2718
2810 2718
2811 2718
2812 2719
2813 2719
2814 2720
2815 2720
2816 2720
2817 2721
2818 2721
2819 2722
2820 2722
2821 2723
2822 2724
2823 2724
2824 2725
2825 2726
2826 2726
2827 2727
2828 2728
2829 2728
2830 2729
2831 2730
2832 2730
2833 2731
2834 2732
2835 2733
2836 2733
2837 2734
2838 2735
2839 2735
2840 2736
2840 2737
2840 2738
2840 2739
2840 2740
2841 2741
2841 2742
2841 2743
2841 2744
2841 2745
2841 2746
2840 2747
2840 2748
2840 2749
2840 2750
2839 2751
2839 2752
2839 2753
2839 2754
2838 2755
2838 2756
2838 2757
2838 2758
2837 2759
2837 2760
2837 2761
2836 2762
2836 2763
2835 2764
2835 2765
2834 2766
2834 2767
2834 2768
2833 2769
2833 2770
2832 2771
2831 2772
2830 2773
2830 2774
2829 2775
2828 2776
2827 2777
2827 2778
2826 2779
2825 2780
2824 2781
2824 2782
2823 2783
2822 2784
2821 2785
2820 2786
2820 2787
2819 2788
2818 2789
2817 2790
2816 2791
2816 2792
2815 2793
2815 2794
2814 2795
2814 2796
2813 2797
2813 2798
2812 2799
2811 2800
2810 2801
2809 2802
2808 2803
2807 2804
2806 2805
2805 2806
2804 2807
2805 2807
2806 2807
2807 2806
2808 2806
2809 2806
2810 2805
2811 2805
2812 2804
2813 2804
2814 2804
2815 2803
2816 2803
2817 2802
2818 2802
2819 2801
2820 2801
2821 2800
2822 2800
2823 2799
2824 2798
2825 2798
2826 2797
2827 2796
2828 2796
2829 2795
2830 2794
2831 2794
2832 2793
2833 2793
2834 2792
2835 2791
2836 2791
2837 2790
2838 2790
2839 2789
2840 2788
2841 2788
2842 2787
2843 2787
2844 2786
2845 2785
2846 2784
2847 2784
2848 2783
2849 2782
2850 2781
2851 2781
2852 2780
2853 2779
2854 2778
2855 2777
2856 2777
2857 2776
2858 2775
2859 2774
2860 2773
2861 2772
2862 2771
2863 2770
2864 2770
2865 2769
2866 2768
2867 2767
2868 2766
2869 2765
2870 2764
2870 2763
2871 2762
2871 2761
2871 2760
2871 2759
2872 2758
2872 2757
2872 2756
2872 2755
2872 2754
2873 2753
2873 2752
2874 2751
2875 2750
2875 2749
2876 2748
2876 2747
2877 2746
2877 2745
2878 2744
2879 2743
2879 2742
2880 2741
2881 2740
2882 2739
2882 2738
2883 2737
2883 2736
2884 2735
2884 2734
2885 2733
2885 2732
2886 2731
2886 2730
2886 2729
2887 2728
2887 2727
2887 2726
2888 2725
2888 2724
2889 2723
2890 2722
2891 2722
2892 2722
2893 2722
2894 2722
2895 2722
2896 2722
2897 2722
2898 2722
2899 2721
2900 2721
2901 2721
2902 2721
2903 2721
2904 2721
2905 2721
2906 2721
2907 2721
2908 2721
2909 2721
2910 2722
2911 2722
2912 2723
2913 2723
2914 2724
2915 2725
2916 2725
2917 2726
2918 2726
2919 2726
2920 2727
2921 2727
2922 2727
2923 2728
2924 2729
2925 2730
2926 2731
2927 2731
2928 2732
2929 2733
2930 2734
2930 2735
2931 2736
2932 2737
2933 2738
2934 2739
2935 2740
2936 2740
2937 2740
2938 2741
2939 2741
2940 2741
2941 2742
2942 2742
2943 2742
2944 2742
2945 2743
2946 2743
2947 2743
2948 2743
2949 2743
2950 2743
2951 2744
2952 2744
2953 2744
2954 2744
2955 2744
2956 2745
2957 2745
2958 2745
2959 2746
2960 2747
2961 2747
2962 2748
2963 2749
2964 2749
2965 2750
2966 2751
2967 2751
2968 2752
2969 2753
2970 2753
2971 2753
2972 2753
2973 2753
2974 2753
2975 2754
2976 2754
2977 2755
2978 2756
2979 2756
2980 2757
2981 2757
2982 2758
2983 2758
2984 2758
2985 2759
2986 2759
2987 2759
2988 2759
2989 2759
2990 2759
2991 2760
2992 2760
2993 2760
2994 2760
2995 2760
2996 2760
2997 2760
2998 2760
2999 2761
3000 2762
3001 2763
3002 2763
3003 2764
3004 2764
3005 2764
3006 2765
3007 2765
3008 2766
3009 2766
3010 2766
3011 2767
3012 2768
3013 2769
3014 2770
3015 2771
3016 2772
3017 2773
3017 2774
3018 2775
3019 2776
3020 2777
3020 2778
3021 2779
3022 2779
3023 2780
3024 2781
3025 2781
3026 2782
3027 2783
3028 2784
3028 2785
3029 2786
3030 2787
3031 2787
3032 2788
3033 2788
3034 2789
3035 2789
3036 2790
3037 2790
3038 2790
3039 2791
3040 2791
3041 2791
3042 2792
3043 2792
3044 2793
3044 2794
3045 2795
3046 2796
3047 2797
3048 2797
3049 2798
3050 2798
3051 2799
3052 2799
3053 2799
3054 2800
3055 2800
3056 2800
3057 2800
3058 2800
3059 2800
3060 2800
3061 2800
3062 2801
3063 2801
3064 2801
3065 2801
3066 2801
3067 2801
3068 2801
3069 2801
3070 2801
3071 2801
3072 2801
3073 2801
3074 2802
3075 2803
3076 2804
3077 2805
3078 2806
3079 2807
3080 2808
3081 2809
3082 2810
3083 2811
3084 2812
3085 2812
3086 2813
3087 2813
3088 2814
3089 2814
3090 2814
3091 2815
3092 2816
3093 2817
3094 2818
3095 2819
3096 2820
3097 2820
3098 2821
3099 2821
3100 2822
3101 2822
3102 2822
3103 2822
3104 2823
3105 2823
3106 2823
3107 2824
3108 2825
3109 2826
3110 2827
3111 2827
3112 2828
3113 2828
3114 2829
3115 2829
3116 2830
3117 2830
3118 2830
3119 2831
3120 2831
3121 2831
3122 2831
3123 2832
3124 2833
3125 2833
3126 2834
3127 2835
3128 2836
3129 2837
3130 2838
3131 2839
3131 2840
3132 2841
3133 2842
3134 2843
3135 2843
3136 2844
3137 2844
3138 2845
3139 2845
3140 2845
3141 2846
3142 2846
3143 2846
3144 2846
3145 2847
3146 2847
3147 2847
3148 2847
3149 2847
3150 2847
3151 2848
3152 2848
3153 2848
3154 2848
3155 2848
3156 2848
3157 2848
3158 2848
3159 2848
3160 2848
3161 2848
3162 2849
3163 2849
3164 2850
3165 2850
3166 2851
3167 2852
3168 2852
3169 2852
3170 2853
3171 2853
3172 2853
3173 2854
3174 2854
3175 2854
3176 2854
3177 2855
3178 2855
3179 2855
3180 2855
3181 2855
3182 2855
3183 2856
3184 2856
3185 2856
3186 2856
3187 2856
3188 2856
3189 2856
3190 2856
3191 2856
3192 2856
3193 2856
3194 2856
3195 2856
3196 2856
3197 2857
3198 2857
3199 2858
3200 2859
3201 2860
3202 2860
3203 2861
3204 2861
3205 2862
3206 2862
3207 2862
3208 2862
3209 2863
3210 2863
3211 2864
3212 2864
3213 2865
3214 2866
3215 2866
3216 2867
3217 2867
3218 2868
3219 2869
3220 2870
3221 2871
3221 2872
3222 2873
3223 2874
3224 2875
3225 2875
3226 2876
3227 2877
3228 2877
3229 2878
3230 2879
3231 2879
3232 2879
3233 2879
3234 2880
3235 2880
3236 2880
3237 2880
3238 2880
3239 2880
3240 2880
3241 2880
3242 2880
3243 2880
3244 2880
3245 2880
3246 2880
3247 2880
3248 2880
3249 2880
3250 2880
3251 2881
3252 2881
3253 2881
3254 2881
3255 2881
3256 2881
3257 2881
3258 2881
3259 2881
3260 2881
3261 2881
3262 2881
3263 2881
3264 2881
3265 2881
3266 2881
3267 2881
3268 2881
3269 2881
3270 2881
3271 2881
3272 2881
3273 2881
3274 2881
3275 2881
3276 2881
3277 2881
3278 2881
3279 2881
3280 2881
3281 2881
3282 2881
3283 2881
3284 2881
3285 2881
3286 2881
3287 2881
3288 2881
3289 2881
3290 2881
3291 2881
3292 2881
3293 2881
3294 2881
3295 2881
3296 2881
3297 2881
3298 2881
3299 2881
3300 2881
3301 2881
3302 2881
3303 2881
3304 2881
3305 2881
3306 2880
3307 2880
3308 2880
3309 2880
3310 2879
3311 2879
3312 2878
3313 2878
3314 2877
3315 2877
3316 2877
3317 2876
3318 2876
3319 2876
3320 2876
3321 2876
3322 2876
3323 2875
3324 2875
3325 2875
3326 2875
3327 2875
3328 2875
3329 2875
3330 2875
3331 2874
3332 2874
3333 2874
3334 2873
3335 2873
3336 2872
3337 2871
3338 2871
3339 2870
3340 2869
3341 2868
3342 2868
3343 2868
3344 2867
3345 2867
3346 2867
3347 2867
3348 2866
3349 2866
3350 2866
3351 2866
3352 2866
3353 2866
3354 2866
3355 2866
3356 2866
3357 2865
3358 2865
3359 2865
3360 2865
3361 2865
3362 2865
3363 2865
3364 2865
3365 2865
3366 2865
3367 2865
3368 2865
3369 2865
3370 2865
3371 2865
3372 2864
3373 2864
3374 2863
3375 2863
3376 2862
3377 2862
3378 2861
3379 2860
3380 2860
3381 2860
3382 2859
3383 2859
3384 2858
3385 2858
3386 2857
3386 2856
3387 2855
3388 2854
3388 2853
3389 2852
3390 2851
3391 2850
3391 2849
3392 2848
3393 2848
3394 2847
3395 2846
3396 2845
3397 2844
3398 2843
3399 2843
3400 2842
3401 2841
3402 2841
3403 2840
3404 2839
3405 2839
3406 2838
3407 2838
3408 2837
3409 2837
3410 2837
3411 2836
3412 2836
3413 2836
3414 2836
3415 2835
3416 2835
3417 2835
3418 2834
3419 2833
3420 2832
3421 2831
3422 2831
3423 2830
3424 2830
3425 2829
3426 2829
3427 2828
3428 2828
3429 2827
3430 2827
3431 2826
3432 2826
3433 2826
3434 2826
3435 2826
3436 2826
3437 2826
3438 2826
3439 2826
3440 2826
3441 2826
3442 2825
3443 2825
3444 2825
3445 2825
3446 2825
3447 2825
3448 2825
3449 2825
3450 2825
3451 2825
3452 2825
3453 2825
3454 2825
3455 2825
3456 2825
3457 2825
3458 2825
3459 2825
3460 2825
3461 2825
3462 2825
3463 2825
3464 2825
3465 2825
3466 2825
3467 2825
3468 2825
3469 2825
3470 2825
3471 2825
3472 2825
3473 2825
3474 2825
3475 2825
3476 2825
3477 2825
3478 2825
3479 2825
3480 2825
3481 2825
3482 2825
3483 2825
3484 2825
3485 2825
3486 2825
3487 2825
3488 2825
3489 2825
3490 2825
3491 2825
3492 2825
3493 2825
3494 2825
3495 2825
3496 2825
3497 2825
3498 2825
3499 2825
3500 2825
3501 2825
3502 2825
3503 2825
3504 2825
3505 2825
3506 2825
3507 2825
3508 2825
3509 2825
3510 2825
3511 2825
3512 2825
3513 2825
3514 2825
3515 2825
3516 2825
3517 2825
3518 2825
3519 2825
3520 2825
3521 2825
3522 2825
3523 2825
3524 2825
3525 2825
3526 2825
3527 2825
3528 2825
3529 2825
3530 2825
3531 2825
3532 2825
3533 2825
3534 2825
3535 2825
3536 2825
3537 2825
3538 2825
3539 2825
3540 2825
3541 2825
3542 2824
3543 2824
3544 2823
3545 2822
3546 2821
3546 2820
3547 2819
3548 2818
3548 2817
3549 2816
3549 2815
3550 2814
3551 2813
3551 2812
3552 2811
3553 2810
3554 2809
3555 2808
3556 2807
3557 2806
3558 2805
3559 2804
3560 2804
3561 2804
3562 2803
3563 2803
3564 2802
3565 2801
3566 2801
3567 2800
3568 2799
3569 2799
3570 2798
3571 2797
3572 2797
3573 2796
3574 2795
3575 2795
3576 2795
3577 2795
3578 2795
3579 2794
3580 2794
3581 2794
3582 2794
3583 2794
3584 2794
3585 2794
3586 2794
3587 2794
3588 2794
3589 2793
3590 2793
3591 2793
3592 2793
3593 2793
3594 2793
3595 2793
3596 2793
3597 2793
3598 2793
3599 2793
3600 2793
3601 2793
3602 2793
3603 2793
3604 2793
3605 2792
3606 2792
3607 2792
3608 2791
3609 2791
3610 2790
3611 2789
3612 2789
3613 2788
3614 2787
3615 2787
3616 2786
3617 2785
3618 2784
3619 2783
3620 2782
3621 2782
3622 2781
3623 2781
3624 2780
3625 2780
3626 2779
3627 2778
3628 2777
3629 2777
3630 2776
3631 2775
3632 2774
3633 2774
3634 2773
3635 2773
3636 2773
3637 2772
3638 2772
3639 2771
3640 2771
3641 2770
3642 2770
3643 2769
3644 2769
3645 2768
3646 2768
3647 2768
3648 2767
3649 2767
3650 2766
3651 2766
3652 2766
3653 2766
3654 2765
3655 2765
3656 2765
3657 2765
3658 2764
3659 2764
3660 2764
3661 2764
3662 2764
3663 2764
3664 2763
3665 2763
3666 2763
3667 2763
3668 2763
3669 2763
3670 2763
3671 2762
3672 2762
3673 2762
3674 2762
3675 2762
3676 2762
3677 2762
3678 2762
3679 2762
3680 2762
3681 2762
3682 2762
3683 2762
3684 2761
3685 2761
3686 2760
3686 2759
3687 2758
3687 2757
3688 2756
3688 2755
3689 2754
3689 2753
3690 2752
3690 2751
3691 2750
3691 2749
3692 2748
3692 2747
3693 2746
3694 2745
3695 2744
3696 2743
3697 2743
3698 2742
3699 2741
3700 2740
3701 2739
3702 2739
3703 2738
3704 2737
3705 2736
3706 2735
3707 2734
3708 2734
3709 2733
3710 2732
3711 2732
3712 2731
3713 2731
3714 2730
3715 2730
3716 2729
3717 2729
3718 2728
3719 2727
3720 2727
3721 2727
3722 2726
3723 2726
3724 2726
3725 2725
3726 2725
3727 2725
3728 2725
3729 2725
3730 2724
3731 2724
3732 2724
3733 2724
3734 2724
3735 2723
3736 2723
3737 2723
3738 2723
3739 2723
3740 2723
3741 2723
3742 2723
3743 2722
3744 2722
3745 2722
3746 2722
3747 2722
3748 2722
3749 2721
3750 2721
3751 2720
3752 2719
3753 2718
3754 2717
3755 2716
3755 2715
3756 2714
3756 2713
3757 2712
3757 2711
3758 2710
3758 2709
3759 2708
3760 2707
3760 2706
3761 2705
3762 2704
3762 2703
3763 2702
3764 2701
3765 2700
3766 2699
3767 2698
3768 2697
3769 2696
3770 2695
3771 2694
3772 2693
3772 2692
3773 2691
3773 2690
3774 2689
3774 2688
3775 2687
3775 2686
3776 2685
3777 2685
3778 2684
3779 2683
3780 2682
3781 2681
3781 2680
3782 2679
3783 2678
3783 2677
3784 2676
3785 2675
3786 2674
3787 2673
3788 2672
3788 2671
3789 2670
3790 2669
3791 2668
3792 2667
3793 2666
3794 2665
3795 2664
3796 2664
3797 2663
3798 2663
3799 2662
3800 2662
3801 2661
3802 2661
3803 2660
3804 2660
3805 2660
3806 2660
3807 2659
3808 2659
3809 2659
3810 2659
3811 2659
3812 2658
3813 2658
3814 2657
3814 2656
3814 2655
3815 2654
3815 2653
3815 2652
3815 2651
3815 2650
3815 2649
3816 2648
3816 2647
3816 2646
3816 2645
3816 2644
3816 2643
3816 2642
3816 2641
3817 2640
3817 2639
3817 2638
3818 2637
3818 2636
3818 2635
3819 2634
3819 2633
3819 2632
3820 2631
3820 2630
3821 2629
3821 2628
3821 2627
3821 2626
3822 2625
3822 2624
3822 2623
3822 2622
3823 2621
3823 2620
3823 2619
3823 2618
3824 2617
3824 2616
3824 2615
3824 2614
3825 2613
3825 2612
3826 2611
3827 2610
3828 2609
3829 2608
3830 2607
3831 2607
3832 2606
3833 2606
3834 2605
3835 2605
3836 2604
3837 2604
3838 2603
3839 2603
3840 2602
3841 2602
3842 2601
3843 2600
3844 2599
3845 2598
3846 2597
3847 2596
3847 2595
3847 2594
3847 2593
3847 2592
3848 2591
3848 2590
3848 2589
3848 2588
3848 2587
3848 2586
3848 2585
3848 2584
3848 2583
3849 2582
3850 2581
3850 2580
3851 2579
3852 2578
3852 2577
3853 2576
3853 2575
3854 2574
3854 2573
3854 2572
3855 2571
3855 2570
3855 2569
3855 2568
3856 2567
3856 2566
3856 2565
3856 2564
3856 2563
3856 2562
3856 2561
3857 2560
3857 2559
3857 2558
3857 2557
3857 2556
3857 2555
3858 2554
3859 2553
3859 2552
3860 2551
3861 2550
3862 2550
3863 2550
3864 2549
3865 2549
3866 2548
3867 2548
3868 2547
3868 2546
3869 2545
3869 2544
3870 2543
3871 2542
3871 2541
3871 2540
3871 2539
3871 2538
3872 2537
3872 2536
3872 2535
3872 2534
3872 2533
3872 2532
3872 2531
3872 2530
3872 2529
3872 2528
3872 2527
3872 2526
3872 2525
3873 2524
3873 2523
3873 2522
3873 2521
3873 2520
3873 2519
3873 2518
3873 2517
3873 2516
3873 2515
3873 2514
3873 2513
3873 2512
3873 2511
3873 2510
3873 2509
3873 2508
3873 2507
3873 2506
3873 2505
3873 2504
3873 2503
3873 2502
3873 2501
3873 2500
3873 2499
3873 2498
3873 2497
3873 2496
3873 2495
3873 2494
3873 2493
3873 2492
3873 2491
3873 2490
3873 2489
3873 2488
3873 2487
3873 2486
3873 2485
3874 2484
3874 2483
3875 2482
3875 2481
3876 2480
3877 2479
3877 2478
3877 2477
3878 2476
3878 2475
3878 2474
3879 2473
3879 2472
3879 2471
3880 2470
3880 2469
3880 2468
3880 2467
3881 2466
3881 2465
3882 2464
3882 2463
3883 2462
3883 2461
3884 2460
3884 2459
3885 2458
3885 2457
3886 2456
3886 2455
3886 2454
3887 2453
3887 2452
3888 2451
3888 2450
3888 2449
3889 2448
3890 2447
3891 2446
3891 2445
3892 2444
3893 2443
3894 2442
3895 2441
3896 2440
3897 2440
3898 2439
3898 2438
3899 2437
3900 2436
3900 2435
3901 2434
3901 2433
3902 2432
3902 2431
3903 2430
3904 2430
3905 2429
3906 2428
3907 2427
3907 2426
3908 2425
3909 2424
3909 2423
3910 2422
3911 2421
3911 2420
3911 2419
3912 2418
3912 2417
3912 2416
3912 2415
3912 2414
3912 2413
3913 2412
3913 2411
3913 2410
3913 2409
3913 2408
3913 2407
3913 2406
3913 2405
3914 2404
3914 2403
3915 2402
3915 2401
3916 2400
3916 2399
3917 2398
3917 2397
3917 2396
3918 2395
3918 2394
3918 2393
3918 2392
3919 2391
3919 2390
3919 2389
3919 2388
3920 2387
3920 2386
3921 2385
3921 2384
3922 2383
3922 2382
3923 2381
3923 2380
3924 2379
3924 2378
3925 2377
3926 2376
3926 2375
3927 2374
3927 2373
3928 2372
3928 2371
3929 2370
3929 2369
3930 2368
3931 2367
3932 2366
3933 2365
3934 2364
3934 2363
3935 2362
3935 2361
3935 2360
3936 2359
3936 2358
3937 2357
3938 2356
3939 2355
3939 2354
3940 2353
3941 2352
3941 2351
3942 2350
3943 2349
3943 2348
3944 2347
3944 2346
3945 2345
3945 2344
3946 2343
3946 2342
3947 2341
3948 2340
3948 2339
3949 2338
3949 2337
3950 2336
3950 2335
3951 2334
3952 2333
3952 2332
3953 2331
3953 2330
3954 2329
3955 2328
3955 2327
3956 2326
3957 2325
3958 2324
3959 2323
3960 2322
3961 2321
3962 2320
3963 2319
3964 2318
3965 2317
3965 2316
3966 2315
3967 2314
3968 2313
3969 2312
3970 2312
3971 2311
3972 2310
3972 2309
3973 2308
3973 2307
3974 2306
3974 2305
3975 2304
3976 2303
3977 2302
3978 2301
3979 2300
3979 2299
3979 2298
3980 2297
3980 2296
3981 2295
3982 2294
3983 2293
3984 2292
3985 2291
3986 2290
3987 2289
3988 2288
3989 2287
3990 2286
3991 2285
3991 2284
3992 2283
3993 2282
3994 2281
3995 2280
3996 2279
3996 2278
3997 2277
3997 2276
3998 2275
3998 2274
3999 2273
4000 2272
4001 2271
4002 2271
4003 2270
4003 2269
4004 2268
4004 2267
4005 2266
4005 2265
4006 2264
4007 2263
4007 2262
4008 2261
4009 2260
4010 2259
4011 2258
4011 2257
4012 2256
4013 2255
4014 2254
4014 2253
4015 2252
4016 2251
4017 2250
4018 2249
4019 2248
4019 2247
4020 2246
4021 2245
4021 2244
4022 2243
4023 2242
4024 2241
4025 2240
4026 2239
4027 2239
4028 2238
4029 2237
4030 2236
4031 2235
4032 2234
4032 2233
4033 2232
4034 2231
4034 2230
4035 2229
4036 2228
4036 2227
4037 2226
4037 2225
4038 2224
4039 2223
4040 2222
4041 2221
4042 2220
4043 2219
4044 2218
4045 2217
4046 2216
4047 2215
4048 2215
4049 2214
4050 2214
4051 2213
4052 2212
4053 2212
4053 2211
4054 2210
4054 2209
4055 2208
4056 2207
4057 2206
4058 2206
4059 2205
4060 2205
4061 2204
4062 2204
4062 2203
4063 2202
4063 2201
4063 2200
4064 2199
4064 2198
4065 2197
4065 2196
4066 2195
4066 2194
4067 2193
4067 2192
4068 2191
4068 2190
4069 2189
4069 2188
4070 2187
4071 2186
4071 2185
4072 2184
4072 2183
4073 2182
4074 2181
4074 2180
4075 2179
4075 2178
4076 2177
4076 2176
4077 2175
4077 2174
4078 2173
4079 2172
4079 2171
4080 2170
4081 2169
4081 2168
4082 2167
4083 2166
4084 2165
4085 2164
4086 2163
4087 2162
4087 2161
4088 2160
4089 2159
4090 2158
4090 2157
4091 2156
4092 2155
4092 2154
4093 2153
4093 2152
4094 2151
4095 2150
4095 2149
4095 2148
4095 2147
4095 2146
4096 2145
4097 2144
4098 2143
4098 2142
4099 2141
4100 2140
4100 2139
4101 2138
4102 2137
4102 2136
4103 2135
4103 2134
4103 2133
4103 2132
4103 2131
4104 2130
4105 2129
4106 2128
4107 2127
4108 2126
4108 2125
4109 2124
4109 2123
4110 2122
4110 2121
4111 2120
4111 2119
4111 2118
4111 2117
4112 2116
4112 2115
4112 2114
4112 2113
4112 2112
4112 2111
4112 2110
4112 2109
4112 2108
4112 2107
4113 2106
4113 2105
4113 2104
4113 2103
4113 2102
4113 2101
4113 2100
4113 2099
4113 2098
4113 2097
4113 2096
4113 2095
4113 2094
4113 2093
4113 2092
4113 2091
4113 2090
4113 2089
4113 2088
4113 2087
4113 2086
4113 2085
4113 2084
4113 2083
4113 2082
4113 2081
4113 2080
4113 2079
4113 2078
4113 2077
4113 2076
4113 2075
4113 2074
4113 2073
4113 2072
4113 2071
4113 2070
4113 2069
4113 2068
4113 2067
4113 2066
4113 2065
4113 2064
4113 2063
4113 2062
4113 2061
4113 2060
4113 2059
4113 2058
4113 2057
4113 2056
4113 2055
4113 2054
4113 2053
4113 2052
4113 2051
4113 2050
4113 2049
4113 2048
4113 2047
4113 2046
4113 2045
4113 2044
4113 2043
4113 2042
4113 2041
4113 2040
4113 2039
4113 2038
4113 2037
4113 2036
4113 2035
4113 2034
4113 2033
4113 2032
4113 2031
4113 2030
4113 2029
4113 2028
4113 2027
4113 2026
4113 2025
4113 2024
4113 2023
4113 2022
4113 2021
4113 2020
4113 2019
4113 2018
4113 2017
4113 2016
4113 2015
4113 2014
4113 2013
4113 2012
4113 2011
4113 2010
4113 2009
4113 2008
4113 2007
4113 2006
4113 2005
4113 2004
4113 2003
4113 2002
4113 2001
4113 2000
4113 1999
4113 1998
4113 1997
4113 1996
4113 1995
4113 1994
4113 1993
4113 1992
4113 1991
4113 1990
4113 1989
4113 1988
4113 1987
4113 1986
4113 1985
4113 1984
4113 1983
4113 1982
4113 1981
4113 1980
4113 1979
4113 1978
4113 1977
4112 1976
4112 1975
4111 1974
4111 1973
4110 1972
4110 1971
4109 1970
4109 1969
4109 1968
4108 1967
4108 1966
4108 1965
4107 1964
4107 1963
4107 1962
4106 1961
4106 1960
4105 1959
4105 1958
4105 1957
4104 1956
4104 1955
4104 1954
4103 1953
4103 1952
4102 1951
4102 1950
4101 1949
4100 1948
4099 1947
4098 1946
4097 1945
4096 1944
4095 1943
4095 1942
4094 1941
4093 1940
4092 1939
4092 1938
4091 1938
4090 1937
4089 1936
4088 1935
4087 1934
4087 1933
4086 1932
4085 1931
4085 1930
4084 1929
4083 1928
4082 1927
4081 1926
4080 1925
4079 1924
4079 1923
4078 1922
4078 1921
4077 1920
4077 1919
4077 1918
4076 1917
4076 1916
4076 1915
4076 1914
4075 1913
4075 1912
4075 1911
4074 1910
4074 1909
4073 1908
4072 1907
4071 1906
4071 1905
4070 1904
4070 1903
4069 1902
4069 1901
4069 1900
4068 1899
4068 1898
4067 1897
4066 1896
4065 1895
4064 1894
4063 1893
4063 1892
4062 1891
4061 1890
4060 1889
4059 1888
4058 1888
4057 1887
4056 1886
4055 1886
4054 1885
4053 1884
4052 1884
4051 1883
4050 1882
4049 1881
4048 1880
4047 1879
4046 1878
4046 1877
4045 1877
4044 1876
4043 1875
4042 1874
4041 1873
4040 1872
4039 1871
4038 1871
4037 1870
4037 1869
4036 1868
4036 1867
4036 1866
4035 1865
4035 1864
4034 1863
4033 1862
4032 1861
4031 1860
4031 1859
4030 1858
4029 1858
4028 1857
4027 1857
4026 1856
4025 1855
4024 1855
4023 1855
4022 1854
4021 1854
4020 1853
4019 1852
4018 1851
4017 1850
4016 1849
4015 1848
4014 1847
4013 1846
4012 1845
4011 1844
4010 1843
4009 1842
4008 1841
4007 1840
4006 1840
4005 1839
4004 1839
4003 1839
4002 1838
4001 1838
4000 1837
3999 1837
3998 1837
3997 1836
3996 1836
3995 1835
3994 1834
3993 1833
3992 1833
3991 1832
3990 1832
3989 1831
3988 1831
3987 1831
3986 1830
3985 1830
3984 1830
3983 1829
3982 1829
3981 1829
3980 1829
3979 1829
3978 1829
3977 1828
3976 1828
3975 1827
3974 1826
3973 1826
3972 1825
3971 1825
3970 1824
3969 1824
3968 1824
3967 1823
3966 1823
3965 1823
3964 1822
3963 1822
3962 1822
3961 1821
3960 1821
3959 1821
3958 1821
3957 1821
3956 1821
3955 1820
3954 1820
3953 1819
3952 1819
3951 1818
3950 1818
3949 1817
3948 1817
3947 1816
3946 1816
3945 1815
3944 1815
3943 1814
3942 1813
3941 1813
3940 1813
3939 1813
3938 1812
3937 1812
3936 1812
3935 1812
3934 1812
3933 1812
3932 1812
3931 1812
3930 1812
3929 1812
3928 1812
3927 1812
3926 1811
3925 1811
3924 1811
3923 1811
3922 1811
3921 1811
3920 1811
3919 1811
3918 1811
3917 1811
3916 1811
3915 1811
3914 1811
3913 1811
3912 1811
3911 1811
3910 1811
3909 1811
3908 1811
3907 1811
3906 1811
3905 1811
3904 1811
3903 1811
3902 1811
3901 1811
3900 1811
3899 1811
3898 1811
3897 1811
3896 1811
3895 1811
3894 1811
3893 1811
3892 1811
3891 1811
3890 1811
3889 1811
3888 1811
3887 1811
3886 1811
3885 1811
3884 1811
3883 1811
3882 1811
3881 1811
3880 1811
3879 1811
3878 1811
3877 1811
3876 1811
3875 1811
3874 1811
3873 1811
3872 1811
3871 1811
3870 1811
3869 1811
3868 1811
3867 1811
3866 1811
3865 1811
3864 1811
3863 1811
3862 1811
3861 1811
3860 1811
3859 1811
3858 1811
3857 1811
3856 1811
3855 1811
3854 1811
3853 1811
3852 1811
3851 1811
3850 1811
3849 1811
3848 1811
3847 1811
3846 1811
3845 1811
3844 1811
3843 1811
3842 1811
3841 1811
3840 1811
3839 1811
3838 1811
3837 1811
3836 1811
3835 1811
3834 1811
3833 1811
3832 1811
3831 1811
3830 1811
3829 1811
3828 1811
3827 1811
3826 1811
3825 1811
3824 1811
3823 1811
3822 1811
3821 1811
3820 1811
3819 1811
3818 1811
3817 1811
3816 1811
3815 1811
3814 1811
3813 1811
3812 1811
3811 1811
3810 1811
3809 1811
3808 1812
3807 1812
3806 1812
3805 1812
3804 1813
3803 1813
3802 1814
3801 1814
3800 1814
3799 1815
3798 1815
3797 1815
3796 1816
3795 1816
3794 1816
3793 1817
3792 1817
3791 1818
3790 1819
3789 1820
3788 1821
3787 1822
3786 1822
3785 1823
3784 1823
3783 1824
3782 1824
3781 1825
3780 1826
3779 1826
3778 1827
3777 1828
3776 1829
3775 1830
3774 1830
3773 1831
3772 1832
3771 1832
3770 1833
3769 1834
3768 1835
3767 1835
3766 1836
3765 1837
3764 1837
3763 1838
3762 1838
3761 1839
3760 1839
3759 1840
3758 1841
3757 1841
3756 1842
3755 1843
3754 1844
3753 1845
3752 1846
3751 1846
3750 1847
3749 1848
3749 1849
3748 1850
3747 1851
3746 1852
3745 1853
3744 1854
3743 1855
3742 1856
3741 1857
3741 1858
3741 1859
3740 1860
3740 1861
3740 1862
3740 1863
3739 1864
3739 1865
3738 1866
3737 1867
3736 1868
3735 1869
3734 1870
3733 1870
3732 1871
3731 1872
3730 1873
3729 1874
3728 1875
3727 1876
3726 1876
3725 1877
3724 1878
3723 1878
3722 1879
3721 1879
3720 1880
3719 1881
3719 1882
3718 1883
3718 1884
3717 1885
3716 1886
3715 1887
3714 1887
3713 1888
3712 1888
3711 1889
3710 1889
3709 1889
3708 1890
3707 1890
3706 1890
3705 1890
3704 1890
3703 1890
3702 1890
3701 1890
3700 1890
3699 1890
3698 1890
3697 1890
3696 1890
3695 1890
3694 1890
3693 1891
3692 1891
3691 1891
3690 1891
3689 1891
3688 1891
3687 1891
3686 1891
3685 1891
3684 1891
3683 1891
3682 1891
3681 1891
3680 1891
3679 1891
3678 1891
3677 1892
3676 1892
3675 1892
3674 1892
3673 1893
3672 1893
3671 1894
3670 1894
3669 1894
3668 1895
3667 1895
3666 1895
3665 1896
3664 1896
3663 1896
3662 1896
3661 1896
3660 1897
3659 1897
3658 1897
3657 1897
3656 1897
3655 1897
3654 1898
3653 1898
3652 1898
3651 1898
3650 1898
3649 1898
3648 1898
3647 1898
3646 1898
3645 1898
3644 1898
3643 1898
3642 1898
3641 1898
3640 1898
3639 1899
3638 1899
3637 1899
3636 1899
3635 1899
3634 1899
3633 1899
3632 1899
3631 1899
3630 1899
3629 1899
3628 1899
3627 1899
3626 1899
3625 1899
3624 1899
3623 1899
3622 1899
3621 1899
3620 1899
3619 1899
3618 1899
3617 1899
3616 1899
3615 1899
3614 1899
3613 1899
3612 1899
3611 1899
3610 1899
3609 1899
3608 1899
3607 1899
3606 1899
3605 1899
3604 1899
3603 1898
3602 1898
3601 1898
3600 1897
3599 1897
3598 1897
3597 1896
3596 1896
3595 1895
3594 1895
3593 1894
3592 1894
3591 1893
3590 1892
3589 1891
3589 1890
3588 1889
3587 1889
3586 1888
3585 1887
3584 1887
3583 1886
3583 1885
3582 1884
3582 1883
3581 1882
3581 1881
3580 1880
3580 1879
3580 1878
3580 1877
3579 1876
3579 1875
3579 1874
3579 1873
3579 1872
3578 1871
3578 1870
3578 1869
3578 1868
3578 1867
3578 1866
3578 1865
3578 1864
3578 1863
3578 1862
3578 1861
3578 1860
3578 1859
3577 1858
3577 1857
3577 1856
3577 1855
3577 1854
3577 1853
3578 1852
3579 1852
3580 1853
3580 1854
3580 1855
3581 1856
3581 1857
3582 1858
3582 1859
3582 1860
3583 1861
3583 1862
3583 1863
3584 1864
3584 1865
3585 1866
3585 1867
3585 1868
3586 1869
3586 1870
3587 1871
3587 1872
3587 1873
3588 1874
3588 1875
3588 1876
3589 1877
3589 1878
3590 1879
3590 1880
3590 1881
3591 1882
3591 1883
3591 1884
3592 1885
3592 1886
3592 1885
3592 1884
3591 1883
3591 1882
3591 1881
3591 1880
3590 1879
3590 1878
3590 1877
3590 1876
3589 1875
3589 1874
3589 1873
3589 1872
3588 1871
3588 1870
3588 1869
3588 1868
3587 1867
3587 1866
3587 1865
3587 1864
3586 1863
3586 1862
3586 1861
3586 1860
3585 1859
3585 1858
3585 1857
3585 1856
3585 1855
3585 1854
3585 1853
3585 1852
3585 1851
3585 1850
3585 1849
3585 1848
3585 1847
3585 1846
3585 1845
3585 1844
3585 1843
3585 1842
3585 1841
3585 1840
3585 1839
3585 1838
3585 1837
3585 1836
3585 1835
3585 1834
3585 1833
3585 1832
3585 1831
3585 1830
3585 1829
3585 1828
3585 1827
3585 1826
3585 1825
3585 1824
3585 1823
3585 1822
3585 1821
3585 1820
3585 1819
3585 1818
3585 1817
3585 1816
3585 1815
3585 1814
3585 1813
3585 1812
3585 1811
3585 1810
3585 1809
3585 1808
3585 1807
3585 1806
3585 1805
3585 1804
3585 1803
3585 1802
3585 1801
3585 1800
3585 1799
3585 1798
3585 1797
3585 1796
3585 1795
3585 1794
3585 1793
3585 1792
3585 1791
3585 1790
3585 1789
3585 1788
3585 1787
3585 1786
3585 1785
3585 1784
3585 1783
3585 1782
3585 1781
3585 1780
3585 1779
3585 1778
3585 1777
3585 1776
3585 1775
3585 1774
3585 1773
3585 1772
3585 1771
3585 1770
3585 1769
3585 1768
3585 1767
3585 1766
3585 1765
3585 1764
3585 1763
3585 1762
3585 1761
3585 1760
3585 1759
3585 1758
3585 1757
3585 1756
3585 1755
3585 1754
3585 1753
3585 1752
3585 1751
3585 1750
3585 1749
3585 1748
3585 1747
3585 1746
3585 1745
3585 1744
3584 1743
3583 1742
3583 1741
3582 1740
3581 1739
3581 1738
3580 1737
3580 1736
3579 1735
3579 1734
3578 1733
3578 1732
3577 1732
3576 1732
3575 1732
3574 1732
3573 1732
3572 1732
3571 1731
3570 1731
3569 1730
3568 1729
3567 1728
3566 1727
3565 1726
3564 1725
3563 1724
3562 1723
3561 1722
3560 1721
3559 1720
3558 1720
3557 1719
3556 1718
3555 1717
3554 1716
3553 1717
3552 1718
3551 1718
3550 1719
3549 1719
3548 1720
3547 1720
3546 1720
3545 1721
3544 1721
3543 1721
3542 1722
3541 1722
3540 1722
3539 1722
3538 1722
3537 1722
3536 1722
3535 1722
3534 1723
3533 1723
3532 1723
3531 1722
3530 1722
3529 1722
3528 1721
3527 1720
3526 1719
3525 1718
3524 1717
3523 1716
3522 1715
3521 1714
3520 1713
3519 1712
3518 1711
3517 1710
3516 1709
3515 1709
3514 1709
3513 1709
3512 1708
3511 1708
3510 1709
3509 1709
3508 1709
3507 1709
3506 1709
3505 1709
3504 1710
3503 1710
3502 1710
3501 1711
3500 1711
3499 1711
3498 1711
3497 1712
3496 1712
3495 1713
3494 1713
3493 1713
3492 1714
3491 1714
3490 1715
3489 1715
3488 1715
3487 1716
3486 1716
3485 1717
3484 1717
3483 1717
3482 1718
3481 1718
3480 1718
3479 1719
3478 1719
3477 1719
3476 1719
3475 1720
3474 1720
3473 1720
3472 1720
3471 1720
3470 1721
3469 1721
3468 1721
3467 1721
3466 1721
3465 1722
3464 1722
3463 1722
3462 1722
3461 1722
3460 1722
3459 1722
3458 1721
3457 1721
3456 1720
3455 1720
3454 1719
3453 1719
3452 1718
3451 1718
3450 1717
3449 1716
3448 1716
3447 1715
3446 1715
3445 1714
3444 1713
3443 1713
3442 1712
3441 1712
3440 1711
3439 1710
3438 1709
3437 1709
3436 1708
3435 1707
3434 1706
3433 1705
3432 1704
3431 1704
3430 1703
3429 1702
3428 1701
3427 1701
3426 1701
3425 1701
