2921 1710
2920 1711
2919 1711
2918 1711
2917 1711
2916 1712
2915 1713
2914 1713
2913 1714
2912 1715
2911 1715
2910 1716
2909 1717
2908 1718
2907 1718
2906 1719
2905 1719
2904 1720
2903 1721
2902 1721
2901 1722
2900 1723
2899 1723
2898 1724
2897 1725
2896 1726
2895 1726
2894 1726
2893 1727
2892 1727
2891 1727
2890 1728
2889 1728
2888 1728
2887 1728
2886 1728
2885 1729
2884 1729
2883 1729
2882 1729
2881 1729
2880 1729
2879 1729
2878 1730
2877 1730
2876 1730
2875 1730
2874 1730
2873 1730
2872 1730
2871 1730
2870 1730
2869 1730
2868 1730
2867 1730
2866 1730
2865 1730
2864 1730
2863 1730
2862 1730
2861 1730
2860 1730
2859 1730
2858 1730
2857 1730
2856 1730
2855 1730
2854 1730
2853 1730
2852 1730
2851 1730
2850 1730
2849 1730
2848 1730
2847 1730
2846 1730
2845 1730
2844 1730
2843 1730
2842 1730
2841 1730
2840 1730
2839 1730
2838 1730
2837 1730
2836 1730
2835 1730
2834 1730
2833 1730
2832 1730
2831 1730
2830 1730
2829 1730
2828 1730
2827 1730
2826 1730
2825 1730
2824 1731
2823 1731
2822 1732
2821 1732
2820 1733
2819 1733
2818 1734
2817 1734
2816 1734
2815 1734
2814 1735
2813 1735
2812 1736
2811 1736
2810 1736
2809 1737
2808 1738
2807 1738
2806 1739
2805 1740
2804 1740
2803 1741
2802 1741
2801 1742
2800 1743
2799 1744
2798 1745
2797 1746
2796 1746
2795 1747
2794 1747
2793 1747
2792 1748
2791 1748
2790 1748
2789 1749
2789 1750
2788 1751
2788 1752
2787 1753
2786 1754
2785 1755
2784 1756
2783 1757
2782 1758
2781 1759
2780 1759
2779 1760
2778 1760
2777 1760
2776 1761
2775 1761
2774 1762
2773 1763
2772 1764
2771 1764
2770 1765
2769 1766
2768 1766
2767 1766
2766 1767
2766 1768
2765 1769
2764 1770
2763 1771
2762 1771
2761 1772
2760 1772
2759 1773
2758 1773
2757 1774
2756 1774
2755 1774
2754 1775
2753 1775
2752 1775
2751 1775
2750 1775
2749 1775
2748 1776
2747 1775
2746 1774
2745 1774
2744 1773
2743 1773
2742 1773
2741 1772
2740 1771
2739 1770
2738 1769
2737 1768
2737 1767
2736 1766
2736 1765
2736 1764
2735 1763
2735 1762
2735 1761
2734 1760
2734 1759
2733 1759
2732 1758
2731 1759
2730 1760
2730 1761
2730 1762
2729 1763
2729 1764
2729 1765
2728 1766
2728 1767
2727 1768
2727 1769
2726 1770
2726 1771
2725 1772
2724 1773
2724 1774
2724 1775
2723 1776
2722 1777
2721 1778
2720 1778
2719 1779
2719 1780
2718 1781
2718 1782
2717 1783
2716 1784
2715 1785
2714 1786
2713 1786
2712 1787
2711 1787
2710 1788
2709 1789
2708 1789
2707 1790
2706 1791
2705 1791
2704 1792
2703 1793
2702 1794
2701 1795
2700 1795
2699 1796
2698 1797
2697 1797
2696 1798
2695 1798
2694 1798
2693 1799
2692 1799
2691 1800
2690 1800
2689 1801
2688 1801
2687 1802
2686 1803
2685 1804
2685 1805
2684 1806
2683 1807
2682 1807
2681 1808
2680 1808
2679 1809
2678 1809
2677 1810
2676 1810
2675 1811
2674 1811
2673 1812
2672 1812
2671 1813
2670 1813
2669 1814
2668 1814
2667 1815
2666 1816
2665 1817
2664 1817
2663 1818
2662 1819
2661 1820
2660 1821
2660 1822
2659 1823
2658 1824
2657 1825
2656 1826
2656 1827
2655 1828
2655 1829
2654 1830
2653 1831
2652 1832
2651 1833
2650 1834
2650 1835
2649 1836
2649 1837
2649 1838
2648 1839
2648 1840
2647 1841
2646 1842
2645 1843
2645 1844
2644 1845
2644 1846
2643 1847
2642 1848
2642 1849
2641 1850
2640 1851
2639 1852
2639 1853
2638 1854
2638 1855
2637 1856
2637 1857
2637 1858
2637 1859
2636 1860
2635 1861
2634 1862
2633 1863
2632 1864
2631 1865
2630 1866
2630 1867
2629 1868
2628 1869
2627 1870
2626 1871
2625 1872
2625 1873
2624 1874
2624 1875
2623 1876
2622 1877
2621 1878
2620 1879
2619 1880
2619 1881
2618 1882
2617 1883
2616 1884
2615 1884
2614 1885
2613 1885
2612 1886
2611 1886
2610 1887
2609 1887
2608 1887
2607 1887
2606 1888
2605 1888
2604 1888
2603 1887
2602 1887
2601 1887
2600 1886
2599 1885
2599 1884
2598 1883
2597 1882
2596 1881
2595 1881
2594 1880
2593 1879
2592 1878
2591 1877
2591 1876
2590 1875
2589 1874
2588 1873
2587 1873
2586 1872
2585 1871
2584 1871
2583 1870
2582 1870
2581 1871
2580 1872
2579 1873
2579 1874
2578 1875
2577 1876
2577 1877
2576 1878
2575 1879
2574 1880
2574 1881
2573 1882
2573 1883
2572 1884
2572 1885
2571 1886
2570 1887
2570 1888
2569 1889
2568 1890
2567 1891
2567 1892
2566 1893
2566 1894
2565 1895
2564 1896
2563 1897
2562 1898
2561 1898
2560 1899
2559 1899
2558 1900
2557 1900
2556 1901
2555 1901
2554 1901
2553 1901
2552 1901
2551 1901
2550 1901
2549 1901
2548 1901
2547 1901
2546 1901
2545 1901
2544 1902
2543 1901
2542 1901
2541 1900
2540 1899
2539 1899
2538 1898
2538 1897
2537 1896
2536 1895
2536 1894
2535 1893
2534 1892
2533 1891
2532 1890
2531 1889
2530 1888
2529 1887
2528 1886
2527 1885
2527 1884
2526 1883
2525 1882
2525 1881
2524 1880
2523 1879
2523 1878
2522 1877
2521 1876
2520 1875
2519 1874
2519 1873
2518 1872
2517 1871
2516 1870
2515 1870
2514 1870
2513 1870
2512 1870
2511 1870
2510 1870
2509 1870
2508 1870
2507 1871
2506 1871
2505 1871
2504 1872
2503 1873
2502 1874
2501 1875
2500 1876
2499 1877
2498 1878
2497 1878
2496 1879
2495 1880
2494 1881
2493 1882
2492 1883
2491 1883
2490 1883
2489 1884
2488 1884
2487 1885
2486 1886
2485 1886
2484 1887
2483 1888
2482 1888
2481 1889
2480 1890
2479 1891
2478 1891
2477 1892
2476 1893
2475 1894
2475 1895
2474 1896
2473 1897
2472 1898
2471 1899
2470 1899
2469 1899
2468 1900
2467 1900
2466 1900
2465 1901
2464 1901
2463 1902
2462 1902
2461 1903
2460 1904
2459 1905
2458 1906
2457 1907
2456 1907
2455 1907
2454 1907
2453 1907
2452 1907
2451 1907
2450 1908
2449 1908
2448 1908
2447 1908
2446 1908
2445 1908
2444 1908
2443 1908
2442 1908
2441 1908
2440 1908
2439 1908
2438 1909
2437 1909
2436 1910
2435 1911
2434 1912
2434 1913
2433 1914
2433 1915
2432 1916
2431 1917
2431 1918
2430 1919
2429 1920
2428 1921
2428 1922
2427 1923
2427 1924
2427 1925
2426 1926
2426 1927
2426 1928
2425 1929
2425 1930
2425 1931
2425 1932
2425 1933
2425 1934
2424 1935
2423 1936
2422 1937
2421 1938
2420 1939
2420 1940
2419 1941
2419 1942
2418 1943
2417 1944
2416 1945
2415 1945
2414 1945
2413 1946
2412 1946
2411 1946
2410 1946
2409 1946
2408 1947
2407 1947
2406 1947
2405 1947
2404 1947
2403 1947
2402 1947
2401 1947
2400 1947
2399 1947
2398 1947
2397 1947
2396 1948
2395 1948
2394 1948
2393 1948
2392 1948
2391 1948
2390 1948
2389 1949
2388 1950
2387 1951
2386 1952
2386 1953
2386 1954
2385 1955
2385 1956
2385 1957
2385 1958
2384 1959
2384 1960
2383 1961
2382 1962
2381 1963
2380 1964
2379 1965
2378 1966
2377 1967
2376 1968
2375 1968
2374 1969
2373 1969
2372 1969
2371 1970
2370 1970
2369 1971
2368 1971
2367 1971
2366 1972
2365 1972
2364 1972
2363 1972
2362 1973
2361 1973
2360 1973
2359 1973
2358 1973
2357 1973
2356 1974
2355 1974
2354 1974
2354 1975
2353 1976
2352 1977
2351 1978
2350 1979
2349 1980
2348 1981
2347 1982
2346 1982
2345 1983
2344 1984
2344 1985
2343 1986
2342 1987
2341 1988
2341 1989
2340 1990
2339 1991
2338 1992
2337 1992
2336 1992
2335 1993
2334 1994
2333 1995
2332 1995
2331 1996
2330 1997
2329 1997
2328 1997
2327 1997
2326 1998
2325 1998
2324 1998
2323 1999
2322 1999
2321 2000
2320 2000
2319 2001
2318 2001
2317 2002
2316 2002
2315 2002
2314 2003
2313 2003
2312 2003
2311 2004
2310 2004
2309 2004
2308 2004
2307 2005
2306 2005
2305 2005
2304 2005
2303 2006
2302 2007
2301 2007
2300 2008
2299 2008
2298 2009
2297 2010
2296 2010
2295 2011
2294 2012
2293 2013
2292 2014
2291 2014
2290 2015
2289 2016
2288 2017
2288 2018
2287 2019
2287 2020
2287 2021
2286 2022
2286 2023
2286 2024
2285 2025
2285 2026
2284 2027
2283 2028
2282 2029
2282 2030
2281 2031
2281 2032
2281 2033
2281 2034
2280 2035
2280 2036
2280 2037
2280 2038
2280 2039
2279 2040
2279 2041
2279 2042
2279 2043
2278 2044
2277 2044
2276 2045
2275 2045
2274 2045
2273 2046
2272 2046
2271 2047
2270 2047
2269 2047
2268 2048
2267 2048
2266 2049
2265 2050
2264 2050
2263 2050
2262 2051
2261 2051
2260 2051
2259 2052
2258 2052
2257 2052
2256 2052
2255 2052
2254 2052
2253 2053
2252 2053
2251 2053
2250 2053
2249 2053
2248 2053
2247 2053
2246 2053
2245 2053
2244 2053
2243 2053
2242 2054
2241 2054
2240 2055
2239 2055
2238 2056
2237 2057
2236 2057
2235 2058
2234 2059
2234 2060
2233 2061
2232 2062
2231 2063
2230 2063
2229 2064
2228 2065
2228 2066
2228 2067
2227 2068
2227 2069
2226 2070
2225 2071
2224 2071
2223 2072
2222 2072
2221 2072
2220 2073
2219 2073
2218 2073
2217 2073
2216 2073
2215 2073
2214 2072
2213 2072
2212 2071
2211 2071
2210 2070
2209 2069
2208 2068
2208 2067
2207 2066
2207 2065
2206 2064
2205 2063
2205 2062
2204 2061
2203 2060
2202 2059
2201 2058
2201 2057
2200 2056
2200 2055
2200 2054
2199 2053
2199 2052
2199 2051
2199 2050
2199 2049
2199 2048
2199 2047
2198 2046
2198 2045
2198 2044
2198 2043
2198 2042
2198 2041
2198 2040
2198 2039
2198 2038
2198 2037
2198 2036
2198 2035
2198 2034
2198 2033
2198 2032
2198 2031
2198 2030
2197 2029
2196 2029
2195 2029
2194 2030
2193 2031
2192 2031
2191 2032
2190 2032
2190 2033
2189 2034
2188 2035
2187 2036
2186 2036
2185 2037
2184 2038
2183 2039
2183 2040
2182 2041
2181 2042
2181 2043
2181 2044
2181 2045
2180 2046
2180 2047
2179 2048
2178 2049
2178 2050
2177 2051
2176 2052
2176 2053
2175 2054
2175 2055
2175 2056
2174 2057
2174 2058
2174 2059
2174 2060
2173 2061
2173 2062
2173 2063
2173 2064
2173 2065
2172 2066
2172 2067
2171 2068
2170 2069
2169 2070
2168 2071
2167 2072
2166 2073
2166 2074
2165 2075
2164 2076
2163 2077
2162 2077
2161 2078
2160 2079
2159 2080
2158 2080
2157 2080
2156 2080
2155 2080
2154 2080
2153 2080
2152 2080
2151 2080
2150 2080
2149 2080
2148 2080
2147 2080
2146 2080
2145 2080
2144 2080
2143 2080
2142 2080
2141 2080
2140 2080
2139 2080
2138 2080
2137 2080
2136 2080
2135 2080
2134 2080
2133 2080
2132 2080
2131 2080
2130 2080
2129 2080
2128 2080
2127 2080
2126 2080
2125 2080
2124 2080
2123 2080
2122 2080
2121 2080
2120 2080
2119 2080
2118 2080
2117 2081
2116 2081
2115 2081
2114 2081
2113 2082
2112 2082
2111 2083
2110 2083
2109 2084
2108 2084
2107 2084
2106 2085
2105 2085
2104 2085
2103 2085
2102 2085
2101 2085
2100 2086
2099 2086
2098 2086
2097 2086
2096 2086
2095 2086
2094 2086
2093 2086
2092 2086
2091 2086
2090 2087
2089 2087
2088 2087
2087 2086
2086 2086
2085 2085
2084 2085
2083 2084
2082 2084
2081 2083
2080 2083
2079 2083
2078 2083
2077 2082
2076 2082
2075 2082
2074 2082
2073 2082
2072 2081
2071 2081
2070 2081
2069 2081
2068 2081
2067 2081
2066 2081
2065 2081
2064 2080
2063 2080
2062 2080
2061 2080
2060 2080
2059 2079
2058 2078
2057 2077
2056 2076
2055 2075
2054 2074
2053 2073
2052 2072
2051 2072
2050 2071
2049 2071
2048 2070
2047 2070
2046 2070
2045 2069
2044 2069
2043 2068
2042 2067
2042 2066
2041 2065
2040 2065
2039 2064
2038 2063
2037 2062
2036 2061
2036 2060
2035 2059
2035 2058
2034 2057
2034 2056
2033 2056
2032 2056
2031 2056
2031 2057
2030 2058
2030 2059
2029 2060
2028 2061
2028 2062
2027 2063
2026 2064
2025 2065
2024 2066
2023 2066
2022 2067
2021 2068
2020 2069
2019 2070
2019 2071
2018 2072
2017 2073
2016 2074
2015 2075
2014 2076
2013 2077
2012 2078
2012 2079
2011 2080
2010 2081
2009 2082
2009 2083
2008 2084
2007 2085
2006 2086
2005 2087
2004 2088
2003 2089
2002 2090
2001 2090
2000 2090
1999 2091
1998 2091
1997 2092
1996 2092
1995 2092
1994 2092
1993 2092
1992 2092
1991 2093
1990 2093
1989 2093
1988 2093
1987 2093
1986 2093
1985 2093
1984 2093
1983 2093
1982 2093
1981 2093
1980 2093
1979 2093
1978 2093
1977 2093
1976 2093
1975 2093
1974 2093
1973 2093
1972 2093
1971 2093
1970 2093
1969 2093
1968 2093
1967 2093
1966 2092
1965 2092
1964 2091
1963 2090
1962 2090
1961 2090
1960 2089
1959 2088
1958 2087
1957 2086
1957 2085
1956 2084
1955 2083
1955 2082
1955 2083
1955 2084
1954 2085
1954 2086
1953 2087
1952 2088
1952 2089
1951 2090
1951 2091
1951 2092
1951 2093
1950 2094
1950 2095
1950 2096
1950 2097
1949 2098
1949 2099
1949 2100
1949 2101
1949 2102
1949 2103
1949 2104
1948 2105
1948 2106
1947 2107
1947 2108
1946 2109
1945 2110
1945 2111
1944 2112
1944 2113
1943 2114
1942 2115
1941 2115
1940 2116
1939 2116
1938 2117
1938 2118
1937 2119
1937 2120
1937 2121
1937 2122
1936 2123
1936 2124
1935 2125
1935 2126
1934 2127
1934 2128
1933 2129
1932 2130
1932 2131
1931 2132
1931 2133
1930 2134
1930 2135
1929 2136
1928 2137
1927 2137
1926 2138
1925 2138
1924 2138
1924 2139
1923 2140
1923 2141
1923 2142
1922 2143
1922 2144
1921 2145
1920 2145
1919 2145
1918 2145
1917 2145
1916 2145
1915 2146
1914 2146
1913 2147
1912 2148
1911 2149
1910 2149
1909 2150
1908 2151
1907 2152
1906 2153
1905 2154
1904 2155
1903 2156
1902 2156
1901 2157
1900 2158
1899 2159
1898 2160
1898 2161
1897 2162
1896 2163
1895 2163
1894 2164
1893 2164
1892 2164
1891 2165
1890 2165
1889 2165
1888 2165
1887 2166
1886 2166
1885 2166
1884 2166
1883 2166
1882 2166
1881 2166
1880 2166
1879 2166
1878 2166
1877 2166
1876 2166
1875 2166
1874 2166
1873 2166
1872 2166
1871 2166
1870 2166
1869 2166
1868 2166
1867 2166
1866 2166
1865 2166
1864 2165
1863 2165
1862 2164
1861 2163
1860 2163
1859 2162
1858 2161
1857 2160
1856 2159
1855 2159
1854 2158
1853 2157
1852 2156
1851 2156
1850 2155
1849 2154
1848 2154
1847 2153
1847 2152
1846 2151
1845 2150
1844 2149
1843 2148
1842 2147
1841 2146
1840 2146
1839 2146
1839 2147
1838 2148
1838 2149
1838 2150
1837 2151
1837 2152
1837 2153
1837 2154
1836 2155
1836 2156
1836 2157
1836 2158
1836 2159
1836 2160
1836 2161
1836 2162
1836 2163
1835 2164
1835 2165
1834 2166
1833 2167
1833 2168
1832 2169
1832 2170
1831 2171
1831 2172
1830 2173
1830 2174
1829 2175
1828 2176
1828 2177
1827 2178
1826 2179
1826 2180
1825 2181
1824 2182
1823 2183
1822 2184
1821 2185
1821 2186
1820 2187
1820 2188
1819 2189
1819 2190
1818 2191
1818 2192
1818 2193
1817 2194
1817 2195
1816 2196
1815 2196
1814 2197
1813 2197
1813 2198
1812 2199
1812 2200
1811 2201
1811 2202
1810 2203
1809 2204
1808 2205
1807 2205
1806 2205
1805 2205
1804 2206
1803 2206
1802 2206
1801 2206
1800 2206
1799 2206
1798 2206
1797 2206
1796 2206
1795 2206
1794 2206
1793 2206
1792 2206
1791 2206
1790 2206
1789 2206
1788 2206
1787 2206
1786 2206
1785 2206
1784 2206
1783 2206
1782 2206
1781 2206
1780 2206
1779 2206
1778 2206
1777 2206
1776 2205
1775 2205
1774 2204
1773 2203
1772 2202
1771 2202
1770 2201
1769 2201
1768 2201
1767 2200
1766 2199
1765 2199
1764 2198
1763 2197
1762 2197
1761 2196
1760 2195
1759 2195
1758 2194
1757 2194
1756 2194
1755 2194
1754 2193
1753 2193
1752 2192
1751 2192
1750 2191
1749 2190
1748 2190
1747 2189
1746 2188
1745 2188
1744 2187
1743 2187
1742 2187
1741 2187
1740 2186
1739 2187
1738 2187
1737 2187
1736 2188
1735 2189
1734 2189
1733 2189
1732 2189
1731 2190
1730 2190
1729 2191
1728 2191
1727 2192
1726 2192
1725 2193
1724 2193
1723 2194
1722 2194
1721 2194
1720 2195
1719 2195
1718 2196
1717 2196
1716 2197
1715 2197
1714 2198
1713 2199
1712 2200
1711 2200
1710 2201
1709 2202
1708 2203
1707 2204
1706 2205
1705 2206
1704 2207
1703 2208
1702 2208
1701 2209
1700 2209
1699 2209
1698 2210
1697 2210
1696 2210
1695 2210
1694 2210
1693 2211
1692 2212
1691 2213
1690 2213
1689 2214
1688 2215
1687 2215
1686 2215
1685 2216
1684 2216
1683 2216
1682 2217
1681 2217
1680 2218
1679 2218
1678 2219
1677 2219
1676 2220
1675 2221
1674 2221
1673 2222
1672 2222
1671 2222
1670 2223
1669 2223
1668 2223
1667 2223
1666 2224
1665 2224
1664 2224
1663 2224
1662 2224
1661 2225
1660 2225
1659 2225
1658 2225
1657 2225
1656 2225
1655 2225
1654 2225
1653 2225
1652 2225
1651 2225
1650 2225
1649 2225
1648 2225
1647 2225
1646 2226
1645 2226
1644 2226
1643 2226
1642 2227
1641 2227
1640 2227
1639 2228
1638 2228
1637 2229
1636 2229
1635 2229
1634 2229
1633 2230
1632 2230
1631 2231
1630 2232
1629 2233
1628 2233
1627 2234
1626 2234
1625 2235
1624 2235
1623 2236
1622 2236
1621 2237
1620 2237
1619 2237
1618 2237
1617 2237
1616 2238
1615 2238
1614 2238
1613 2238
1612 2238
1611 2238
1610 2238
1609 2238
1608 2238
1607 2238
1606 2238
1605 2238
1604 2238
1603 2238
1602 2239
1602 2240
1601 2241
1600 2242
1599 2243
1598 2243
1597 2244
1596 2244
1595 2244
1594 2244
1593 2244
1592 2244
1591 2244
1590 2244
1589 2243
1588 2243
1587 2242
1586 2241
1585 2240
1584 2240
1583 2239
1582 2238
1581 2237
1580 2237
1579 2236
1578 2236
1577 2235
1576 2235
1575 2234
1574 2233
1573 2232
1572 2232
1571 2231
1570 2230
1569 2229
1568 2229
1567 2228
1566 2227
1565 2227
1564 2227
1563 2226
1562 2226
1561 2226
1560 2226
1559 2226
1558 2226
1557 2226
1556 2226
1555 2226
1554 2226
1553 2226
1552 2226
1551 2226
1550 2226
1549 2226
1548 2226
1547 2226
1546 2226
1545 2226
1544 2226
1543 2226
1542 2226
1541 2226
1540 2226
1539 2226
1538 2226
1537 2226
1536 2226
1535 2226
1534 2225
1533 2225
1532 2225
1531 2225
1530 2225
1529 2225
1528 2225
1527 2225
1526 2225
1525 2225
1524 2225
1523 2225
1522 2224
1521 2224
1520 2223
1519 2223
1518 2223
1517 2222
1516 2222
1515 2222
1514 2221
1513 2221
1512 2221
1511 2221
1510 2220
1509 2220
1508 2220
1507 2220
1506 2219
1505 2219
1504 2219
1503 2219
1502 2219
1501 2219
1500 2219
1499 2219
1498 2219
1497 2219
1496 2219
1495 2219
1494 2219
1493 2219
1492 2219
1491 2219
1490 2219
1489 2220
1488 2220
1487 2220
1486 2221
1485 2221
1484 2222
1483 2222
1482 2223
1481 2223
1480 2223
1479 2223
1478 2224
1477 2224
1476 2224
1475 2224
1474 2225
1473 2225
1472 2225
1471 2225
1470 2225
1469 2225
1468 2225
1467 2225
1466 2225
1465 2225
1464 2225
1463 2225
1462 2225
1461 2225
1460 2225
1459 2225
1458 2225
1457 2225
1456 2225
1455 2225
1454 2225
1453 2225
1452 2225
1451 2225
1450 2225
1449 2225
1448 2225
1447 2225
1446 2225
1445 2225
1444 2225
1443 2225
1442 2225
1441 2224
1440 2223
1439 2223
1438 2222
1438 2221
1437 2220
1437 2219
1436 2218
1436 2217
1435 2216
1434 2215
1433 2214
1432 2213
1431 2212
1430 2211
1429 2210
1428 2209
1427 2208
1426 2207
1425 2206
1424 2205
1423 2205
1422 2204
1421 2203
1420 2202
1419 2201
1418 2200
1417 2200
1416 2199
1415 2198
1414 2197
1413 2196
1412 2195
1411 2194
1410 2193
1410 2192
1409 2191
1408 2190
1407 2190
1406 2189
1405 2189
1404 2188
1403 2188
1402 2187
1401 2187
1400 2187
1399 2187
1398 2187
1397 2186
1396 2186
1395 2186
1394 2186
1393 2186
1392 2186
1391 2186
1390 2186
1389 2186
1388 2186
1387 2186
1386 2186
1385 2186
1384 2186
1383 2186
1382 2186
1381 2186
1380 2186
1379 2186
1378 2186
1377 2186
1376 2186
1375 2186
1374 2186
1373 2186
1372 2186
1371 2186
1370 2186
1369 2186
1368 2186
1367 2186
1366 2186
1365 2186
1364 2186
1363 2186
1362 2186
1361 2186
1360 2186
1359 2186
1358 2186
1357 2186
1356 2185
1355 2185
1354 2184
1353 2184
1352 2183
1351 2183
1350 2183
1349 2182
1348 2182
1347 2182
1346 2181
1345 2181
1344 2181
1343 2181
1342 2181
1341 2180
1340 2180
1339 2180
1338 2179
1337 2178
1336 2177
1335 2176
1334 2176
1333 2176
1332 2175
1331 2174
1330 2173
1330 2172
1329 2171
1328 2170
1327 2169
1326 2169
1325 2168
1324 2168
1323 2167
1322 2166
1322 2165
1321 2164
1320 2163
1319 2162
1318 2161
1318 2160
1317 2159
1316 2159
1315 2158
1314 2157
1313 2157
1312 2156
1311 2155
1310 2155
1309 2155
1308 2154
1307 2154
1306 2153
1305 2152
1304 2151
1303 2150
1302 2150
1301 2149
1300 2149
1299 2149
1298 2149
1297 2148
1296 2148
1295 2148
1294 2148
1293 2148
1292 2147
1291 2147
1290 2147
1289 2147
1288 2147
1287 2147
1286 2147
1285 2147
1284 2147
1283 2147
1282 2147
1281 2147
1280 2147
1279 2147
1278 2146
1277 2146
1276 2146
1275 2146
1274 2145
1273 2145
1272 2145
1271 2144
1270 2144
1269 2143
1268 2143
1267 2143
1266 2142
1265 2142
1264 2142
1263 2142
1262 2141
1261 2141
1260 2141
1259 2141
1258 2141
1257 2141
1256 2141
1255 2140
1254 2140
1253 2140
1252 2140
1251 2140
1250 2140
1249 2140
1248 2140
1247 2140
1246 2140
1245 2140
1244 2139
1243 2139
1242 2138
1241 2138
1240 2137
1239 2136
1238 2135
1238 2134
1237 2133
1236 2132
1235 2131
1234 2131
1233 2130
1232 2130
1231 2130
1230 2129
1229 2129
1228 2128
1227 2128
1226 2127
1225 2126
1225 2125
1224 2124
1223 2123
1222 2122
1221 2121
1220 2120
1219 2119
1218 2118
1218 2117
1217 2116
1216 2115
1215 2114
1214 2113
1213 2112
1212 2111
1211 2110
1211 2109
1210 2108
1210 2107
1210 2106
1209 2105
1209 2104
1208 2104
1207 2103
1206 2103
1205 2102
1204 2102
1203 2101
1202 2101
1201 2100
1200 2099
1199 2098
1198 2097
1197 2097
1196 2096
1195 2095
1194 2095
1193 2094
1192 2093
1191 2092
1191 2091
1190 2090
1189 2089
1188 2088
1187 2088
1186 2087
1185 2086
1184 2085
1183 2084
1182 2083
1181 2082
1180 2081
1179 2080
1178 2079
1177 2078
1176 2078
1175 2077
1174 2076
1173 2076
1172 2075
1171 2074
1170 2073
1169 2072
1168 2071
1167 2070
1166 2069
1165 2068
1164 2067
1163 2067
1162 2066
1161 2065
1161 2064
1160 2063
1159 2062
1159 2061
1158 2060
1158 2059
1157 2059
1156 2058
1155 2057
1154 2057
1153 2056
1152 2056
1151 2055
1150 2054
1149 2054
1148 2053
1147 2052
1146 2051
1146 2050
1145 2049
1144 2048
1143 2047
1142 2046
1141 2045
1140 2044
1139 2043
1139 2042
1138 2041
1137 2040
1137 2039
1136 2038
1135 2037
1135 2036
1134 2035
1133 2034
1132 2033
1131 2032
1131 2031
1130 2030
1129 2029
1128 2028
1127 2027
1126 2026
1125 2025
1124 2024
1123 2023
1122 2022
1121 2021
1120 2020
1120 2019
1119 2018
1118 2017
1117 2016
1116 2015
1115 2014
1114 2013
1113 2012
1112 2011
1111 2011
1110 2010
1109 2009
1108 2008
1107 2007
1106 2006
1105 2006
1104 2005
1103 2005
1102 2004
1101 2003
1100 2003
1099 2002
1098 2001
1097 2001
1096 2000
1095 2000
1094 1999
1093 1999
1092 1998
1091 1997
1090 1996
1089 1995
1088 1994
1087 1993
1086 1993
1085 1992
1084 1992
1083 1991
1082 1991
1081 1990
1080 1990
1079 1990
1078 1990
1077 1990
1076 1989
1075 1989
1074 1989
1073 1989
1072 1989
1071 1989
1070 1989
1069 1989
1068 1988
1067 1988
1066 1988
1065 1988
1064 1987
1063 1987
1062 1987
1061 1986
1060 1986
1059 1985
1058 1985
1057 1985
1056 1984
1055 1984
1054 1984
1053 1983
1052 1983
1051 1982
1050 1982
1049 1982
1048 1981
1047 1981
1046 1980
1045 1979
1044 1979
1043 1979
1042 1978
1041 1978
1040 1978
1039 1977
1038 1977
1037 1977
1036 1976
1035 1976
1034 1976
1033 1976
1032 1976
1031 1975
1030 1975
1029 1975
1028 1975
1027 1974
1026 1974
1025 1973
1024 1973
1023 1972
1022 1972
1021 1971
1020 1970
1019 1970
1018 1969
1017 1969
1016 1968
1015 1968
1014 1967
1013 1966
1012 1966
1011 1965
1010 1964
1009 1964
1008 1963
1007 1962
1006 1962
1005 1961
1004 1960
1003 1959
1002 1959
1001 1958
1000 1957
999 1956
998 1956
997 1955
996 1955
995 1954
994 1953
993 1953
992 1953
991 1952
990 1952
989 1952
988 1951
987 1951
986 1951
985 1951
984 1950
983 1950
982 1950
981 1950
980 1949
979 1949
978 1949
977 1949
976 1949
975 1949
974 1949
973 1948
972 1948
971 1948
970 1948
969 1947
968 1947
967 1947
966 1947
965 1946
964 1946
963 1946
962 1946
961 1945
960 1945
959 1945
958 1944
957 1944
956 1944
955 1943
954 1943
953 1943
952 1942
951 1942
950 1942
949 1941
948 1940
947 1940
946 1939
945 1938
944 1938
943 1937
942 1936
941 1935
940 1935
939 1934
938 1933
937 1933
936 1932
935 1931
934 1930
933 1929
932 1929
931 1928
930 1927
929 1927
928 1926
927 1926
926 1926
925 1925
924 1925
923 1925
922 1924
921 1924
920 1923
919 1923
918 1922
917 1921
916 1921
915 1920
914 1920
913 1920
912 1919
911 1919
910 1919
909 1918
908 1918
907 1918
906 1918
905 1918
904 1918
903 1917
902 1917
901 1917
900 1917
899 1917
898 1916
897 1916
896 1916
895 1915
894 1915
893 1915
892 1914
891 1914
890 1914
889 1913
888 1913
887 1912
886 1912
885 1912
884 1912
883 1911
882 1911
881 1911
880 1911
879 1910
878 1910
877 1910
876 1910
875 1910
874 1910
873 1909
872 1909
871 1909
870 1909
869 1909
868 1909
867 1909
866 1909
865 1909
864 1909
863 1908
862 1908
861 1908
860 1907
859 1907
858 1907
857 1906
856 1906
855 1905
854 1905
853 1904
852 1904
851 1903
850 1903
849 1902
848 1902
847 1902
846 1901
845 1901
844 1901
843 1900
842 1900
841 1900
840 1899
839 1899
838 1898
837 1897
836 1897
835 1896
834 1895
833 1895
832 1894
831 1894
830 1894
829 1893
828 1893
827 1893
826 1892
825 1892
824 1892
823 1892
822 1892
821 1891
820 1891
819 1891
818 1891
817 1891
816 1891
815 1891
814 1890
813 1890
812 1890
811 1890
810 1890
809 1890
808 1890
807 1890
806 1890
805 1890
804 1890
803 1889
802 1889
801 1889
800 1889
799 1889
798 1889
797 1889
796 1889
795 1889
794 1889
793 1889
792 1888
791 1888
790 1887
789 1887
788 1886
787 1886
786 1885
785 1885
784 1884
783 1884
782 1884
781 1884
780 1884
779 1883
778 1882
777 1881
776 1881
775 1880
774 1879
773 1878
772 1877
771 1877
770 1876
769 1875
768 1874
767 1874
766 1873
765 1872
764 1872
763 1871
762 1870
761 1869
760 1869
759 1868
758 1868
757 1867
756 1867
755 1866
754 1866
753 1866
752 1865
751 1865
750 1865
749 1864
748 1864
747 1864
746 1864
745 1864
744 1863
743 1863
742 1863
741 1863
740 1863
739 1863
738 1863
737 1862
736 1862
735 1862
734 1862
735 1863
735 1864
736 1865
737 1866
738 1867
739 1868
740 1869
741 1870
742 1871
743 1871
744 1872
745 1872
746 1872
747 1873
748 1874
749 1875
750 1875
751 1876
752 1876
753 1877
754 1877
755 1878
756 1878
757 1879
758 1879
759 1880
760 1880
761 1881
762 1882
763 1882
764 1883
765 1883
766 1884
767 1884
768 1885
769 1886
770 1886
771 1887
772 1888
773 1889
774 1890
775 1891
776 1892
777 1893
778 1894
779 1895
780 1896
781 1896
782 1897
783 1898
784 1898
785 1899
786 1899
787 1900
788 1901
789 1901
790 1902
791 1903
792 1904
793 1905
794 1905
795 1906
796 1907
797 1908
798 1909
799 1910
800 1911
801 1912
802 1913
803 1913
804 1914
805 1915
806 1916
807 1917
808 1918
809 1919
810 1919
811 1920
812 1921
813 1922
814 1922
815 1923
816 1924
817 1925
818 1926
819 1927
820 1927
821 1928
822 1929
823 1930
824 1931
825 1932
825 1933
826 1934
827 1935
828 1936
829 1937
829 1938
830 1939
830 1940
831 1941
831 1942
832 1943
833 1944
833 1945
834 1946
835 1947
836 1948
837 1949
838 1950
839 1951
840 1952
841 1952
842 1953
843 1954
844 1955
845 1955
846 1956
847 1956
848 1957
849 1958
850 1958
851 1959
851 1960
852 1961
853 1962
853 1963
854 1964
854 1965
854 1966
855 1967
856 1968
857 1969
858 1969
859 1970
860 1971
861 1972
862 1973
863 1974
864 1975
865 1975
866 1976
867 1977
868 1978
868 1979
869 1980
869 1981
870 1982
871 1982
872 1983
873 1984
874 1984
875 1985
876 1986
877 1987
878 1988
879 1989
879 1990
880 1991
881 1992
881 1993
882 1994
882 1995
883 1996
884 1997
884 1998
885 1999
886 1999
887 2000
888 2001
889 2002
890 2003
891 2004
891 2005
892 2006
893 2007
894 2007
895 2008
896 2009
897 2010
897 2011
898 2012
899 2013
900 2013
901 2014
902 2015
903 2015
904 2016
905 2017
906 2018
906 2019
907 2020
908 2021
908 2022
909 2023
910 2024
911 2025
911 2026
912 2027
913 2028
914 2028
915 2029
916 2030
916 2031
917 2032
918 2033
919 2034
920 2035
921 2036
921 2037
922 2038
923 2039
924 2040
925 2040
926 2041
927 2042
928 2042
929 2043
930 2044
931 2045
932 2046
933 2047
934 2048
934 2049
935 2050
936 2050
937 2051
938 2052
939 2053
940 2054
941 2055
942 2056
943 2057
944 2058
945 2059
946 2059
947 2060
948 2061
949 2062
950 2063
950 2064
951 2065
952 2066
953 2066
954 2067
955 2068
956 2068
957 2069
958 2070
959 2071
959 2072
960 2073
961 2074
961 2075
962 2076
963 2077
964 2078
964 2079
965 2080
966 2081
966 2082
967 2083
967 2084
968 2085
969 2086
970 2087
971 2088
972 2089
973 2090
974 2091
975 2092
976 2093
977 2094
977 2095
978 2096
978 2097
979 2098
979 2099
979 2100
980 2101
981 2102
982 2103
983 2104
983 2105
984 2106
984 2107
985 2108
986 2109
986 2110
987 2111
988 2112
988 2113
989 2114
990 2115
991 2116
992 2117
993 2118
994 2119
994 2120
995 2121
996 2122
997 2123
998 2124
999 2125
999 2126
1000 2127
1001 2128
1002 2129
1002 2130
1003 2131
1004 2132
1005 2133
1005 2134
1006 2135
1007 2136
1008 2137
1009 2138
1010 2139
1011 2140
1012 2141
1013 2142
1014 2143
1015 2144
1016 2145
1017 2146
1018 2147
1019 2148
1020 2149
1021 2150
1022 2151
1023 2152
1024 2153
1025 2154
1025 2155
1026 2156
1027 2157
1028 2158
1029 2159
1030 2160
1031 2161
1032 2162
1033 2163
1034 2164
1034 2165
1035 2166
1035 2167
1036 2168
1037 2169
1038 2170
1039 2171
1040 2172
1041 2173
1042 2174
1042 2175
1043 2176
1044 2177
1045 2178
1046 2178
1047 2179
1048 2180
1049 2181
1050 2182
1051 2183
1051 2184
1052 2185
1053 2186
1054 2187
1055 2188
1056 2189
1057 2190
1058 2191
1058 2192
1059 2193
1060 2194
1060 2195
1061 2196
1062 2197
1063 2198
1064 2199
1065 2200
1066 2201
1066 2202
1067 2203
1068 2204
1069 2205
1070 2206
1071 2207
1072 2208
1073 2209
1074 2210
1074 2211
1075 2212
1076 2213
1076 2214
1077 2215
1078 2216
1078 2217
1079 2218
1080 2219
1080 2220
1081 2221
1082 2222
1083 2223
1084 2224
1085 2225
1086 2226
1087 2227
1088 2228
1089 2229
1090 2230
1091 2230
1092 2231
1093 2232
1094 2233
1095 2234
1096 2235
1097 2236
1098 2237
1099 2238
1100 2239
1101 2240
1102 2241
1103 2242
1104 2243
1105 2244
1105 2245
1106 2246
1107 2247
1108 2248
1108 2249
1109 2250
1110 2251
1111 2252
1112 2253
1113 2254
1114 2254
1115 2255
1116 2256
1117 2257
1118 2257
1119 2258
1120 2259
1121 2259
1122 2260
1122 2261
1123 2262
1124 2263
1125 2264
1126 2265
1127 2266
1128 2267
1129 2267
1130 2268
1131 2268
1132 2269
1132 2270
1133 2271
1133 2272
1133 2273
1134 2274
1135 2275
1136 2275
1137 2276
1138 2276
1139 2277
1140 2277
1141 2277
1142 2277
1143 2278
1144 2278
1145 2278
1146 2279
1147 2279
1148 2280
1149 2281
1150 2282
1151 2282
1152 2283
1153 2284
1154 2285
1155 2285
1156 2286
1157 2287
1158 2287
1159 2288
1160 2289
1161 2289
1162 2290
1163 2291
1163 2292
1164 2293
1165 2293
1166 2294
1167 2294
1168 2295
1169 2295
1170 2296
1171 2297
1172 2297
1173 2298
1174 2299
1175 2300
1176 2300
1177 2301
1178 2301
1179 2302
1180 2303
1181 2303
1182 2304
1183 2305
1184 2306
1185 2307
1186 2308
1187 2309
1188 2310
1189 2311
1190 2312
1191 2312
1192 2313
1193 2314
1194 2315
1195 2316
1196 2317
1197 2318
1198 2318
1199 2319
1200 2320
1201 2320
1202 2321
1203 2322
1204 2323
1205 2323
1206 2324
1207 2325
1208 2326
1209 2327
1210 2327
1211 2328
1212 2329
1213 2330
1214 2331
1215 2332
1216 2333
1217 2334
1218 2335
1219 2336
1220 2337
1221 2338
1222 2338
1223 2339
1224 2340
1225 2340
1226 2341
1227 2341
1228 2342
1229 2343
1230 2343
1231 2344
1232 2345
1233 2345
1234 2346
1235 2346
1236 2347
1237 2347
1238 2348
1239 2348
1240 2349
1241 2350
1242 2350
1243 2351
1244 2352
1245 2352
1246 2353
1247 2354
1248 2355
1249 2356
1250 2357
1250 2358
1251 2359
1252 2359
1253 2360
1254 2361
1255 2362
1256 2362
1257 2363
1258 2364
1259 2365
1260 2366
1261 2367
1262 2368
1263 2369
1264 2369
1265 2370
1266 2371
1267 2372
1268 2373
1269 2373
1270 2374
1271 2375
1272 2376
1273 2377
1274 2378
1275 2378
1276 2379
1277 2379
1278 2379
1279 2380
1280 2380
1281 2380
1282 2381
1283 2381
1284 2381
1285 2382
1286 2382
1287 2383
1288 2384
1289 2385
1290 2386
1291 2387
1292 2388
1293 2389
1294 2390
1295 2391
1296 2392
1297 2393
1298 2394
1299 2395
1300 2396
1301 2397
1302 2397
1303 2398
1304 2399
1305 2399
1306 2400
1307 2401
1308 2401
1309 2402
1310 2403
1311 2403
1312 2404
1313 2405
1314 2405
1315 2406
1316 2406
1317 2407
1318 2407
1319 2408
1320 2409
1321 2410
1322 2410
1323 2411
1324 2412
1325 2412
1326 2413
1327 2413
1328 2414
1329 2414
1330 2414
1331 2415
1332 2416
1333 2416
1334 2417
1335 2418
1336 2419
1337 2419
1338 2419
1339 2420
1340 2420
1341 2421
1342 2421
1343 2422
1344 2422
1345 2422
1346 2423
1347 2423
1348 2423
1349 2423
1350 2423
1351 2423
1352 2423
1353 2423
1354 2424
1355 2425
1356 2426
1357 2426
1358 2427
1359 2427
1360 2427
1361 2428
1362 2428
1363 2428
1364 2428
1365 2429
1366 2429
1367 2429
1368 2429
1369 2430
1370 2431
1371 2431
1372 2432
1373 2432
1374 2433
1375 2434
1376 2435
1377 2436
1378 2437
1379 2438
1379 2439
1380 2440
1381 2441
1381 2442
1382 2443
1383 2443
1384 2444
1385 2445
1386 2445
1387 2446
1388 2447
1389 2447
1390 2448
1391 2449
1392 2450
1393 2451
1394 2452
1395 2452
1396 2453
1397 2453
1398 2454
1399 2455
1400 2456
1401 2457
1402 2458
1403 2458
1404 2459
1405 2459
1406 2460
1407 2460
1408 2461
1409 2462
1410 2463
1411 2463
1412 2464
1413 2465
1414 2466
1414 2467
1415 2468
1415 2469
1416 2470
1417 2471
1418 2472
1418 2473
1419 2474
1420 2475
1421 2476
1421 2477
1422 2478
1423 2479
1424 2479
1425 2480
1426 2480
1427 2481
1428 2482
1428 2483
1429 2484
1430 2485
1431 2486
1432 2487
1433 2488
1434 2489
1435 2490
1435 2491
1436 2492
1437 2493
1438 2494
1438 2495
1439 2496
1440 2497
1440 2498
1441 2499
1441 2500
1442 2501
1442 2502
1443 2503
1443 2504
1443 2505
1444 2506
1444 2507
1444 2508
1444 2509
1444 2510
1445 2511
1446 2512
1446 2513
1447 2514
1447 2515
1448 2516
1449 2517
1449 2518
1450 2519
1450 2520
1450 2521
1451 2522
1451 2523
1451 2524
1451 2525
1451 2526
1451 2527
1452 2528
1453 2529
1454 2530
1455 2531
1456 2532
1456 2533
1457 2534
1457 2533
1457 2532
1458 2531
1458 2530
1458 2529
1458 2528
1458 2527
1457 2526
1457 2525
1457 2524
1456 2523
1456 2522
1455 2521
1455 2520
1455 2519
1454 2518
1454 2517
1454 2516
1453 2515
1453 2514
1453 2513
1453 2512
1453 2511
1453 2510
1452 2509
1452 2508
1452 2507
1452 2506
1452 2505
1452 2504
1451 2503
1451 2502
1450 2501
1450 2500
1449 2499
1449 2498
1449 2497
1448 2496
1448 2495
1447 2494
1447 2493
1447 2492
1446 2491
1446 2490
1446 2489
1446 2488
1446 2487
1446 2486
1446 2485
1446 2484
1445 2483
1445 2482
1445 2481
1445 2480
1445 2479
1445 2478
1445 2477
1445 2476
1445 2475
1445 2474
1445 2473
1445 2472
1445 2471
1445 2470
1446 2469
1447 2469
1448 2469
1449 2469
1450 2469
1451 2469
1452 2470
1453 2470
1454 2471
1455 2471
1456 2472
1457 2472
1458 2473
1459 2473
1460 2474
1461 2474
1462 2474
1463 2474
1464 2475
1465 2475
1466 2475
1467 2475
1468 2475
1469 2476
1470 2477
1471 2477
1472 2478
1473 2478
1474 2479
1475 2479
1476 2479
1477 2480
1478 2480
1479 2480
1480 2480
1481 2481
1482 2481
1483 2481
1484 2481
1485 2481
1486 2481
1487 2481
1488 2482
1489 2482
1490 2482
1491 2482
1492 2483
1493 2484
1494 2485
1495 2485
1496 2486
1497 2486
1498 2487
1499 2487
1500 2488
1501 2489
1502 2489
1503 2490
1504 2491
1505 2491
1506 2492
1507 2493
1508 2494
1509 2495
1510 2495
1511 2496
1512 2497
1513 2498
1514 2499
1515 2500
1516 2501
1517 2502
1518 2503
1519 2504
1520 2504
1521 2505
1522 2505
1523 2506
1524 2507
1525 2507
1526 2508
1527 2508
1528 2509
1529 2510
1530 2510
1531 2511
1532 2512
1533 2513
1534 2514
1534 2515
1535 2516
1536 2517
1537 2518
1538 2519
1539 2520
1540 2521
1540 2522
1541 2523
1542 2524
1543 2525
1543 2526
1544 2527
1545 2528
1546 2529
1547 2530
1547 2531
1548 2532
1549 2533
1550 2533
1551 2533
1552 2534
1553 2534
1554 2534
1555 2534
1556 2535
1557 2535
1558 2535
1559 2536
1560 2537
1561 2538
1562 2539
1563 2540
1564 2540
1565 2540
1566 2541
1567 2541
1568 2541
1569 2541
1570 2542
1571 2542
1572 2542
1573 2542
1574 2542
1575 2542
1576 2542
1577 2542
1578 2542
1579 2542
1580 2542
1581 2542
1582 2542
1583 2542
1584 2542
1585 2542
1586 2542
1587 2542
1588 2542
1589 2542
1590 2542
1591 2542
1592 2542
1593 2542
1594 2542
1595 2542
1596 2542
1597 2542
1598 2542
1599 2542
1600 2542
1601 2542
1602 2542
1603 2542
1604 2542
1605 2542
1606 2542
1607 2542
1608 2542
1609 2542
1610 2542
1611 2542
1612 2542
1613 2542
1614 2542
1615 2542
1616 2542
1617 2542
1618 2542
1619 2542
1620 2542
1621 2542
1622 2542
1623 2542
1624 2542
1625 2542
1626 2542
1627 2542
1628 2542
1629 2542
1630 2542
1631 2542
1632 2542
1633 2542
1634 2542
1635 2542
1636 2542
1637 2541
1638 2541
1639 2541
1640 2541
1641 2541
1642 2540
1643 2539
1644 2539
1645 2538
1646 2537
1646 2536
1647 2535
1648 2534
1649 2533
1650 2533
1651 2532
1652 2531
1653 2530
1654 2530
1655 2529
1656 2528
1657 2527
1658 2527
1659 2526
1660 2526
1661 2525
1662 2525
1663 2524
1664 2524
1665 2523
1666 2522
1667 2522
1668 2521
1669 2520
1670 2520
1671 2519
1672 2519
1673 2518
1674 2518
1675 2518
1676 2517
1677 2517
1678 2517
1679 2517
1680 2516
1681 2516
1682 2516
1683 2516
1684 2516
1685 2516
1686 2516
1687 2516
1688 2516
1689 2516
1690 2516
1691 2516
1692 2516
1693 2516
1694 2516
1695 2516
1696 2516
1697 2516
1698 2516
1699 2516
1700 2515
1701 2515
1702 2515
1703 2515
1704 2515
1705 2515
1706 2515
1707 2515
1708 2515
1709 2515
1710 2515
1711 2515
1712 2515
1713 2516
1714 2516
1715 2516
1716 2517
1717 2517
1718 2517
1719 2518
1720 2518
1721 2519
1722 2519
1723 2519
1724 2520
1725 2520
1726 2520
1727 2521
1728 2521
1729 2521
1730 2521
1731 2522
1732 2522
1733 2523
1734 2523
1735 2524
1736 2525
1737 2526
1738 2527
1739 2528
1739 2529
1740 2530
1740 2531
1741 2532
1742 2533
1743 2533
1744 2533
1745 2534
1746 2535
1746 2536
1747 2537
1748 2538
1748 2539
1749 2540
1750 2541
1751 2542
1751 2543
1752 2544
1752 2545
1752 2546
1753 2547
1753 2548
1753 2549
1754 2550
1754 2551
1755 2552
1755 2553
1756 2554
1756 2555
1757 2556
1758 2557
1758 2558
1759 2559
1759 2560
1759 2561
1760 2562
1760 2563
1761 2564
1761 2565
1762 2566
1762 2567
1763 2568
1764 2568
1765 2568
1766 2568
1767 2568
1768 2568
1769 2568
1770 2568
1771 2568
1772 2568
1773 2568
1774 2568
1775 2568
1776 2568
1777 2568
1778 2568
1779 2568
1780 2568
1781 2568
1782 2568
1783 2568
1784 2568
1785 2568
1786 2568
1787 2568
1788 2568
1789 2568
1790 2568
1791 2568
1792 2568
1793 2568
1794 2568
1795 2568
1796 2568
1797 2568
1798 2568
1799 2568
1800 2568
1801 2568
1802 2568
1803 2568
1804 2568
1805 2568
1806 2568
1807 2568
1808 2568
1809 2568
1810 2568
1811 2568
1812 2568
1813 2568
1814 2568
1815 2568
1816 2568
1817 2568
1818 2568
1819 2568
1820 2568
1821 2568
1822 2568
1823 2568
1824 2568
1825 2568
1826 2568
1827 2569
1828 2569
1829 2570
1830 2570
1831 2570
1832 2571
1833 2571
1834 2572
1835 2572
1836 2573
1837 2574
1837 2575
1838 2576
1839 2577
1840 2578
1840 2579
1841 2580
1842 2581
1843 2582
1844 2583
1845 2584
1846 2585
1846 2586
1847 2586
1848 2587
1849 2587
1850 2587
1851 2587
1852 2587
1853 2587
1854 2587
1855 2587
1856 2587
1857 2587
1858 2587
1859 2587
1860 2586
1861 2586
1862 2585
1863 2585
1864 2584
1865 2584
1866 2583
1867 2583
1868 2582
1869 2581
1870 2580
1871 2580
1872 2579
1873 2579
1874 2578
1875 2578
1876 2578
1877 2577
1878 2577
1879 2577
1880 2577
1881 2576
1882 2576
1883 2576
1884 2576
1885 2575
1886 2575
1887 2575
1888 2575
1889 2575
1890 2575
1891 2575
1892 2575
1893 2575
1894 2575
1895 2575
1896 2575
1897 2576
1898 2576
1899 2577
1900 2577
1901 2578
1902 2578
1903 2579
1904 2580
1905 2581
1906 2581
1907 2582
1908 2583
1909 2583
1910 2584
1911 2584
1912 2585
1913 2585
1914 2586
1915 2586
1916 2587
1917 2587
1918 2588
1919 2589
1920 2589
1921 2590
1922 2591
1923 2592
1923 2593
1924 2594
1925 2595
1926 2596
1927 2597
1928 2597
1929 2598
1930 2599
1931 2600
1932 2601
1933 2602
1934 2602
1935 2603
1936 2604
1937 2605
1938 2606
1939 2607
1940 2608
1941 2609
1942 2610
1943 2611
1944 2611
1945 2612
1946 2613
1947 2614
1948 2615
1949 2616
1950 2617
1951 2618
1952 2619
1953 2620
1953 2619
1953 2618
1953 2617
1953 2616
1953 2615
1953 2614
1953 2613
1953 2612
1953 2611
1953 2610
1953 2609
1953 2608
1953 2607
1953 2606
1953 2605
1953 2604
1953 2603
1953 2602
1953 2601
1953 2600
1953 2599
1953 2598
1953 2597
1953 2596
1953 2595
1953 2594
1953 2593
1953 2592
1953 2591
1953 2590
1953 2589
1953 2588
1953 2587
1953 2586
1953 2585
1953 2584
1953 2583
1953 2582
1953 2581
1953 2580
1953 2579
1953 2578
1953 2577
1953 2576
1954 2575
1955 2575
1956 2575
1957 2575
1958 2575
1959 2575
1960 2575
1961 2575
1962 2575
1963 2575
1964 2575
1965 2575
1966 2575
1967 2575
1968 2575
1969 2575
1970 2575
1971 2575
1972 2575
1973 2575
1974 2575
1975 2575
1976 2575
1977 2575
1978 2575
1979 2575
1980 2575
1981 2575
1982 2575
1983 2575
1984 2575
1985 2576
1986 2576
1987 2577
1988 2577
1989 2578
1990 2578
1991 2579
1992 2580
1993 2581
1994 2582
1995 2582
1996 2583
1997 2584
1998 2584
1999 2585
2000 2585
2001 2585
2002 2586
2003 2587
2004 2587
2005 2588
2006 2589
2007 2589
2008 2590
2009 2590
2010 2591
2011 2591
2012 2591
2013 2592
2014 2592
2015 2593
2016 2594
2017 2594
2018 2595
2019 2596
2020 2597
2021 2597
2022 2598
2023 2598
2024 2599
2025 2599
2026 2599
2027 2599
2028 2600
2029 2600
2030 2600
2031 2600
2032 2600
2033 2600
2034 2600
2035 2600
2036 2600
2037 2601
2038 2601
2039 2601
2040 2601
2041 2601
2042 2601
2043 2601
2044 2601
2045 2601
2046 2601
2047 2601
2048 2601
2049 2601
2050 2601
2051 2601
2052 2601
2053 2601
2054 2601
2055 2601
2056 2601
2057 2601
2058 2601
2059 2601
2060 2601
2061 2602
2062 2602
2063 2603
2064 2603
2065 2603
2066 2604
2067 2604
2068 2605
2069 2605
2070 2605
2071 2606
2072 2606
2073 2607
2074 2608
2075 2608
2076 2609
2077 2610
2078 2610
2079 2611
2080 2611
2081 2612
2082 2612
2083 2613
2084 2613
2085 2613
2086 2613
2087 2614
2088 2615
2089 2615
2090 2616
2091 2617
2092 2617
2093 2618
2094 2618
2095 2619
2096 2619
2097 2620
2098 2621
2098 2622
2098 2623
2098 2624
2099 2625
2099 2626
2099 2627
2099 2628
2099 2629
2099 2630
2099 2631
2099 2632
2099 2633
2099 2634
2099 2635
2099 2636
2099 2637
2099 2638
2099 2639
2099 2640
2099 2641
2099 2642
2099 2643
2099 2644
2099 2645
2099 2646
2099 2647
2099 2648
2099 2649
2099 2650
2099 2651
2099 2652
2099 2653
2099 2654
2099 2655
2099 2656
2099 2657
2099 2658
2099 2659
2099 2660
2099 2661
2099 2662
2099 2663
2099 2664
2099 2665
2099 2666
2099 2667
2099 2668
2099 2669
2099 2670
2099 2671
2099 2672
2098 2673
2098 2674
2097 2675
2096 2676
2096 2677
2095 2678
2094 2679
2094 2680
2095 2680
2096 2680
2097 2680
2098 2680
2099 2679
2100 2679
2101 2678
2102 2678
2103 2677
2104 2677
2105 2676
2106 2676
2107 2675
2108 2675
2109 2674
2110 2673
2110 2672
2111 2671
2112 2670
2113 2669
2114 2668
2114 2667
2115 2666
2116 2665
2117 2664
2118 2663
2119 2662
2120 2661
2121 2660
2122 2660
2123 2659
2124 2658
2125 2658
2126 2657
2127 2656
2128 2655
2129 2654
2130 2653
2131 2652
2132 2652
2133 2651
2134 2650
2134 2649
2135 2648
2135 2647
2136 2646
2136 2645
2137 2644
2137 2643
2138 2642
2139 2642
2140 2642
2141 2642
2142 2642
2143 2642
2144 2642
2145 2641
2146 2641
2147 2641
2148 2641
2149 2641
2150 2641
2151 2641
2152 2641
2153 2641
2154 2641
2155 2641
2156 2641
2157 2641
2158 2641
2159 2641
2160 2641
2161 2641
2162 2641
2163 2641
2164 2641
2165 2641
2166 2641
2167 2641
2168 2641
2169 2641
2170 2641
2171 2641
2172 2641
2173 2641
2174 2641
2175 2641
2176 2641
2177 2641
2178 2641
2179 2641
2180 2641
2181 2641
2182 2641
2183 2641
2184 2641
2185 2641
2186 2641
2187 2641
2188 2641
2189 2641
2190 2641
2191 2641
2192 2642
2193 2642
2194 2643
2195 2644
2196 2644
2197 2644
2198 2645
2199 2646
2200 2646
2201 2647
2202 2647
2203 2648
2204 2648
2205 2649
2206 2649
2207 2650
2208 2650
2209 2650
2210 2651
2211 2651
2212 2652
2213 2652
2214 2652
2215 2652
2216 2653
2217 2653
2218 2653
2219 2653
2220 2653
2221 2653
2222 2653
2223 2653
2224 2653
2225 2653
2226 2654
2227 2654
2228 2654
2229 2654
2230 2655
2231 2655
2232 2655
2233 2656
2234 2656
2235 2656
2236 2657
2237 2658
2238 2658
2239 2659
2240 2659
2241 2660
2242 2661
2243 2662
2244 2662
2245 2663
2246 2663
2247 2664
2248 2664
2249 2664
2250 2665
2251 2665
2252 2665
2253 2665
2254 2666
2255 2666
2256 2666
2257 2667
2258 2667
2259 2667
2260 2668
2261 2668
2262 2669
2263 2670
2264 2670
2265 2671
2266 2671
2267 2672
2268 2672
2269 2673
2270 2673
2271 2674
2272 2675
2273 2676
2274 2677
2275 2678
2276 2679
2277 2680
2278 2680
2279 2680
2280 2681
2281 2681
2282 2682
2283 2682
2284 2682
2285 2683
2286 2683
2287 2684
2288 2684
2289 2684
2290 2685
2291 2685
2292 2686
2293 2687
2294 2687
2295 2688
2296 2688
2297 2689
2297 2690
2298 2691
2299 2692
2300 2693
2300 2694
2301 2695
2302 2696
2303 2696
2304 2697
2305 2697
2306 2698
2307 2698
2308 2699
2309 2699
2310 2699
2311 2699
2312 2699
2313 2699
2314 2700
2315 2700
2316 2701
2317 2701
2318 2702
2319 2703
2320 2703
2321 2703
2322 2704
2323 2704
2324 2705
2325 2706
2326 2707
2327 2707
2328 2708
2329 2709
2330 2709
2331 2710
2332 2710
2333 2711
2334 2712
2335 2712
2336 2712
2337 2713
2338 2713
2339 2713
2340 2713
2341 2713
2342 2714
2343 2715
2343 2716
2343 2717
2343 2718
2343 2719
2343 2720
2343 2721
2343 2722
2344 2723
2344 2724
2344 2725
2344 2726
2344 2727
2344 2728
2344 2729
2344 2730
2344 2731
2344 2732
2344 2733
2345 2733
2346 2733
2347 2733
2348 2733
2349 2733
2350 2733
2351 2733
2352 2733
2353 2733
2354 2733
2355 2733
2356 2733
2357 2733
2358 2733
2359 2733
2360 2733
2361 2733
2362 2732
2363 2732
2364 2731
2365 2730
2366 2730
2367 2729
2368 2729
2369 2729
2370 2728
2371 2728
2372 2728
2373 2728
2374 2728
2375 2728
2376 2728
2377 2728
2378 2727
2379 2727
2380 2726
2381 2726
2382 2726
2383 2725
2384 2725
2385 2724
2386 2724
2387 2723
2388 2723
2389 2723
2390 2723
2391 2722
2392 2722
2393 2722
2394 2722
2395 2722
2396 2722
2397 2721
2398 2721
2399 2721
2400 2721
2401 2721
2402 2721
2403 2721
2404 2721
2405 2721
2406 2721
2407 2721
2408 2721
2409 2720
2410 2720
2411 2720
2412 2720
2413 2720
2414 2720
2415 2720
2416 2720
2417 2720
2418 2720
2419 2720
2420 2720
2421 2720
2422 2720
2423 2720
2424 2720
2425 2720
2426 2720
2427 2720
2428 2720
2429 2720
2430 2720
2431 2720
2432 2720
2433 2720
2434 2720
2435 2720
2436 2721
2437 2722
2438 2723
2439 2724
2440 2725
2441 2725
2442 2726
2443 2727
2444 2728
2445 2729
2446 2729
2447 2730
2448 2730
2449 2730
2450 2731
2451 2731
2452 2731
2453 2732
2454 2733
2455 2734
2456 2735
2457 2735
2458 2736
2459 2737
2460 2738
2461 2738
2462 2738
2463 2738
2464 2739
2465 2739
2466 2740
2467 2740
2468 2741
2469 2742
2470 2743
2471 2743
2472 2744
2473 2745
2474 2745
2475 2745
2476 2746
2477 2747
2478 2748
2479 2749
2480 2750
2481 2750
2482 2750
2483 2751
2484 2751
2485 2752
2486 2752
2487 2752
2488 2752
2489 2753
2490 2753
2491 2753
2492 2754
2493 2754
2494 2755
2495 2755
2496 2756
2497 2756
2498 2756
2499 2757
2500 2757
2501 2757
2502 2757
2503 2758
2504 2758
2505 2758
2506 2758
2507 2758
2508 2759
2509 2759
2510 2759
2511 2759
2512 2759
2513 2759
2514 2759
2515 2760
2516 2760
2517 2761
2518 2762
2519 2762
2520 2762
2521 2763
2522 2764
2523 2764
2524 2765
2525 2766
2526 2766
2527 2767
2528 2768
2529 2768
2530 2769
2531 2770
2532 2771
2533 2772
2534 2773
2535 2773
2536 2774
2537 2775
2538 2776
2539 2777
2540 2778
2541 2779
2541 2780
2541 2781
2540 2782
2539 2783
2539 2784
2538 2785
2537 2786
2537 2787
2536 2788
2535 2789
2535 2790
2534 2791
2534 2792
2533 2793
2533 2794
2532 2795
2532 2796
2531 2797
2531 2798
2531 2799
2530 2800
2530 2801
2529 2802
2529 2803
2528 2804
2528 2805
2527 2806
2527 2807
2526 2808
2526 2809
2525 2810
2525 2811
2524 2812
2524 2813
2523 2814
2523 2815
2522 2816
2521 2817
2520 2818
2520 2819
2519 2820
2518 2821
2518 2822
2517 2823
2516 2824
2515 2825
2514 2826
2513 2827
2512 2828
2512 2829
2511 2830
2510 2831
2510 2832
2509 2833
2508 2834
2508 2835
2507 2836
2507 2837
2506 2838
2505 2839
2504 2840
2503 2841
2502 2842
2501 2842
2500 2843
2499 2844
2498 2845
2497 2845
2498 2845
2499 2845
2500 2845
2501 2844
2502 2844
2503 2844
2504 2844
2505 2843
2506 2843
2507 2843
2508 2842
2509 2842
2510 2842
2511 2841
2512 2841
2513 2840
2514 2840
2515 2839
2516 2838
2517 2837
2518 2836
2519 2835
2520 2834
2521 2834
2522 2833
2523 2832
2524 2832
2525 2831
2526 2831
2527 2830
2528 2830
2529 2830
2530 2829
2531 2828
2532 2828
2533 2827
2534 2826
2535 2826
2536 2825
2537 2825
2538 2824
2539 2824
2540 2823
2541 2823
2542 2822
2543 2821
2544 2820
2545 2819
2546 2819
2547 2818
2548 2817
2549 2816
2550 2816
2551 2815
2552 2814
2552 2813
2553 2812
2554 2811
2554 2810
2555 2809
2556 2808
2556 2807
2557 2806
2557 2805
2558 2804
2558 2803
2558 2802
2559 2801
2559 2800
2559 2799
2559 2798
2560 2797
2560 2796
2560 2795
2560 2794
2560 2793
2560 2792
2560 2791
2561 2790
2561 2789
2561 2788
2561 2787
2561 2786
2561 2785
2561 2784
2561 2783
2561 2782
2561 2781
2561 2780
2561 2779
2561 2778
2561 2777
2561 2776
2562 2775
2563 2774
2564 2774
2565 2774
2566 2774
2567 2774
2568 2774
2569 2774
2570 2774
2571 2774
2572 2774
2573 2773
2574 2773
2575 2773
2576 2773
2577 2773
2578 2773
2579 2773
2580 2773
2581 2773
2582 2773
2583 2773
2584 2773
2585 2773
2586 2774
2587 2774
2588 2775
2589 2775
2590 2776
2591 2776
2592 2777
2593 2777
2594 2778
2595 2779
2596 2779
2597 2780
2598 2780
2599 2781
2600 2781
2601 2782
2602 2782
2603 2782
2604 2783
2605 2783
2606 2783
2607 2784
2608 2784
2609 2785
2610 2785
2611 2786
2612 2787
2613 2788
2614 2788
2615 2789
2616 2789
2617 2790
2618 2790
2619 2790
2620 2791
2621 2791
2622 2791
2623 2791
2624 2792
2625 2792
2626 2792
2627 2792
2628 2792
2629 2792
2630 2792
2631 2793
2632 2794
2632 2795
2633 2796
2633 2797
2634 2798
2634 2799
2634 2800
2634 2801
2634 2802
2634 2803
2634 2804
2634 2805
2634 2806
2634 2807
2634 2808
2634 2809
2634 2810
2634 2811
2634 2812
2634 2813
2634 2814
2634 2815
2634 2816
2635 2817
2635 2818
2635 2819
2635 2820
2635 2821
2635 2822
2635 2823
2635 2824
2635 2825
2635 2826
2635 2827
2635 2828
2635 2829
2635 2830
2635 2831
2635 2832
2635 2833
2635 2834
2635 2835
2635 2836
2635 2837
2635 2838
2635 2839
2635 2840
2635 2841
2635 2842
2635 2843
2635 2844
2635 2845
2635 2846
2635 2847
2635 2848
2635 2849
2635 2850
2635 2851
2636 2850
2636 2849
2637 2848
2637 2847
2637 2846
2638 2845
2638 2844
2638 2843
2638 2842
2639 2841
2639 2840
2640 2839
2640 2838
2641 2837
2641 2836
2641 2835
2641 2834
2642 2833
2642 2832
2642 2831
2643 2830
2643 2829
2643 2828
2644 2827
2644 2826
2644 2825
2644 2824
2644 2823
2645 2822
2645 2821
2645 2820
2645 2819
2645 2818
2645 2817
2646 2816
2646 2815
2646 2814
2646 2813
2646 2812
2646 2811
2646 2810
2646 2809
2646 2808
2646 2807
2646 2806
2647 2805
2647 2804
2647 2803
2648 2802
2648 2801
2649 2800
2649 2799
2650 2798
2650 2797
2650 2796
2651 2795
2651 2794
2651 2793
2651 2792
2652 2791
2652 2790
2652 2789
2652 2788
2652 2787
2653 2786
2653 2785
2653 2784
2653 2783
2653 2782
2654 2781
2655 2781
2656 2781
2657 2781
2658 2781
2659 2781
2660 2782
2661 2782
2662 2783
2663 2783
2664 2784
2665 2784
2666 2784
2667 2785
2668 2786
2669 2787
2670 2788
2671 2789
2672 2790
2673 2790
2674 2791
2675 2791
2676 2792
2677 2793
2678 2794
2679 2795
2680 2795
2681 2796
2682 2797
2683 2798
2684 2798
2685 2799
2686 2800
2687 2801
2688 2801
2689 2802
2690 2802
2691 2802
2692 2803
2693 2803
2694 2804
2695 2805
2696 2805
2697 2806
2698 2807
2699 2808
2700 2808
2701 2809
2702 2810
2703 2811
2704 2812
2705 2813
2706 2814
2707 2814
2708 2815
2709 2816
2710 2816
2711 2817
2712 2817
2713 2817
2714 2818
2715 2818
2716 2819
2717 2820
2718 2821
2719 2821
2720 2822
2721 2822
2722 2823
2723 2823
2724 2823
2725 2824
2726 2824
2727 2825
2728 2826
2729 2826
2730 2827
2731 2828
2732 2828
2733 2829
2734 2829
2735 2829
2736 2829
2737 2830
2738 2830
2739 2830
2740 2831
2741 2832
2742 2833
2743 2834
2744 2835
2745 2836
2746 2837
2747 2837
2748 2838
2748 2839
2749 2840
2750 2841
2751 2842
2751 2843
2752 2844
2753 2845
2754 2845
2755 2845
2756 2845
2757 2845
2758 2845
2759 2845
2760 2846
2761 2846
2762 2847
2763 2847
2764 2848
2765 2848
2766 2849
2767 2849
2768 2850
2769 2850
2770 2850
2771 2850
2772 2851
2773 2851
2774 2851
2775 2852
2775 2853
2776 2854
2777 2855
2778 2855
2779 2856
2780 2856
2781 2857
2782 2857
2783 2857
2784 2858
2785 2859
2786 2860
2787 2861
2788 2862
2789 2863
2790 2864
2791 2865
2792 2865
2793 2866
2794 2867
2795 2868
2796 2869
2797 2869
2798 2869
2799 2870
2800 2870
2801 2870
2802 2871
2803 2871
2804 2871
2805 2871
2806 2871
2807 2871
2808 2871
2809 2871
2810 2872
2811 2872
2812 2872
2813 2873
2814 2873
2815 2873
2816 2874
2817 2874
2818 2875
2819 2875
2820 2875
2821 2876
2822 2876
2823 2876
2824 2876
2825 2876
2826 2877
2827 2877
2828 2877
2829 2878
2830 2878
2831 2878
2832 2879
2833 2879
2834 2879
2835 2880
2836 2880
2837 2881
2838 2881
2839 2882
2840 2882
2841 2883
2842 2883
2843 2883
2844 2883
2845 2883
2846 2884
2847 2884
2848 2884
2849 2884
2850 2884
2851 2884
2852 2884
2853 2885
2854 2885
2855 2885
2856 2886
2857 2886
2858 2887
2859 2888
2860 2888
2861 2889
2862 2889
2863 2889
2864 2890
2865 2890
2866 2890
2867 2890
2868 2891
2869 2891
2870 2891
2871 2892
2872 2892
2873 2892
2874 2893
2875 2893
2876 2894
2877 2894
2878 2895
2879 2895
2880 2895
2881 2896
2882 2896
2883 2896
2884 2896
2885 2897
2886 2897
2887 2897
2888 2897
2889 2897
2890 2897
2891 2898
2892 2898
2893 2898
2894 2899
2895 2899
2896 2899
2897 2900
2898 2900
2899 2901
2900 2901
2901 2901
2902 2901
2903 2902
2904 2902
2905 2902
2906 2903
2907 2903
2908 2904
2909 2904
2910 2905
2911 2905
2912 2906
2913 2906
2914 2907
2915 2907
2916 2908
2917 2909
2918 2909
2919 2910
2920 2911
2921 2911
2922 2912
2923 2913
2924 2913
2925 2914
2926 2915
2927 2915
2928 2915
2929 2916
2930 2916
2931 2916
2932 2917
2933 2917
2934 2917
2935 2917
2936 2917
2937 2917
2938 2917
2939 2917
2940 2918
2941 2918
2942 2918
2943 2919
2944 2919
2945 2920
2946 2921
2947 2921
2948 2922
2949 2922
2950 2922
2951 2923
2952 2923
2953 2923
2954 2924
2955 2924
2956 2924
2957 2925
2958 2925
2959 2925
2960 2925
2961 2925
2962 2925
2963 2925
2964 2925
2965 2925
2966 2925
2967 2925
2968 2925
2969 2925
2970 2925
2971 2925
2972 2925
2973 2925
2974 2925
2975 2925
2976 2925
2977 2925
2978 2925
2979 2925
2980 2925
2981 2925
2982 2925
2983 2925
2984 2925
2985 2925
2986 2925
2987 2925
2988 2925
2989 2925
2990 2925
2991 2925
2992 2925
2993 2925
2994 2925
2995 2925
2996 2925
2997 2925
2998 2925
2999 2925
3000 2925
3001 2925
3002 2925
3003 2925
3004 2925
3005 2925
3006 2925
3007 2925
3008 2925
3009 2925
3010 2925
3011 2925
3012 2925
3013 2925
3014 2925
3015 2926
3016 2926
3017 2926
3018 2926
3019 2927
3020 2927
3021 2928
3022 2928
3023 2928
3024 2929
3025 2929
3026 2929
3027 2930
3028 2930
3029 2931
3030 2932
3031 2932
3032 2933
3033 2934
3034 2935
3035 2935
3036 2935
3037 2936
3038 2936
3039 2936
3040 2937
3041 2937
3042 2937
3043 2937
3044 2937
3045 2937
3046 2937
3047 2937
3048 2937
3049 2937
3050 2937
3051 2937
3052 2938
3053 2938
3054 2938
3055 2938
3056 2938
3057 2938
3058 2938
3059 2938
3060 2938
3061 2938
3062 2938
3063 2938
3064 2938
3065 2938
3066 2938
3067 2938
3068 2938
3069 2938
3070 2938
3071 2938
3072 2938
3073 2938
3074 2938
3075 2938
3076 2938
3077 2938
3078 2938
3079 2938
3080 2938
3081 2938
3082 2938
3083 2938
3084 2938
3085 2938
3086 2938
3087 2938
3088 2938
3089 2938
3090 2938
3091 2938
3092 2938
3093 2938
3094 2938
3095 2938
3096 2938
3097 2938
3098 2938
3099 2938
3100 2938
3101 2938
3102 2938
3103 2938
3104 2938
3105 2938
3106 2938
3107 2938
3108 2938
3109 2938
3110 2938
3111 2938
3112 2938
3113 2938
3114 2938
3115 2938
3116 2938
3117 2938
3118 2938
3119 2938
3120 2938
3121 2938
3122 2938
3123 2938
3124 2938
3125 2938
3126 2938
3127 2938
3128 2938
3129 2938
3130 2938
3131 2938
3132 2938
3133 2938
3134 2938
3135 2938
3136 2938
3137 2938
3138 2938
3139 2938
3140 2938
3141 2938
3142 2938
3143 2938
3144 2938
3145 2938
3146 2938
3147 2938
3148 2938
3149 2938
3150 2938
3151 2938
3152 2938
3153 2938
3154 2938
3155 2938
3156 2938
3157 2938
3158 2938
3159 2938
3160 2938
3161 2937
3162 2937
3163 2937
3164 2936
3165 2936
3166 2936
3167 2935
3168 2935
3169 2935
3170 2935
3171 2934
3172 2934
3173 2934
3174 2934
3175 2934
3176 2933
3177 2933
3178 2933
3179 2933
3180 2933
3181 2933
3182 2933
3183 2933
3184 2933
3185 2932
3186 2932
3187 2931
3188 2931
3189 2931
3190 2930
3191 2930
3192 2929
3193 2929
3194 2929
3195 2928
3196 2928
3197 2928
3198 2928
3199 2927
3200 2927
3201 2927
3202 2927
3203 2927
3204 2927
3205 2926
3206 2926
3207 2926
3208 2926
3209 2926
3210 2926
3211 2926
3212 2926
3213 2926
3214 2926
3215 2925
3216 2925
3217 2925
3218 2925
3219 2925
3220 2925
3221 2925
3222 2925
3223 2925
3224 2925
3225 2925
3226 2925
3227 2925
3228 2925
3229 2925
3230 2925
3231 2925
3232 2925
3233 2925
3234 2925
3235 2925
3236 2925
3237 2925
3238 2925
3239 2925
3240 2925
3241 2925
3242 2925
3243 2925
3244 2925
3245 2925
3246 2925
3247 2925
3248 2925
3249 2925
3250 2925
3251 2925
3252 2925
3253 2925
3254 2925
3255 2925
3256 2925
3257 2925
3258 2925
3259 2925
3260 2925
3261 2925
3262 2925
3263 2925
3264 2925
3265 2925
3266 2925
3267 2925
3268 2925
3269 2925
3270 2925
3271 2925
3272 2924
3273 2924
3274 2924
3275 2924
3276 2923
3277 2923
3278 2922
3279 2922
3280 2922
3281 2921
3282 2921
3283 2921
3284 2920
3285 2920
3286 2920
3287 2920
3288 2920
3289 2920
3290 2920
3291 2920
3292 2919
3293 2919
3294 2919
3295 2919
3296 2919
3297 2919
3298 2919
3299 2919
3300 2919
3301 2919
3302 2919
3303 2919
3304 2919
3305 2919
3306 2919
3307 2919
3308 2919
3309 2918
3310 2918
3311 2918
3312 2917
3313 2917
3314 2917
3315 2916
3316 2916
3317 2916
3318 2915
3319 2915
3320 2915
3321 2914
3322 2914
3323 2914
3324 2913
3325 2913
3326 2912
3327 2912
3328 2912
3329 2911
3330 2911
3331 2910
3332 2910
3333 2909
3334 2909
3335 2908
3336 2908
3337 2908
3338 2908
3339 2907
3340 2907
3341 2907
3342 2907
3343 2907
3344 2906
3345 2906
3346 2906
3347 2905
3348 2905
3349 2904
3350 2904
3351 2903
3352 2903
3353 2903
3354 2902
3355 2902
3356 2902
3357 2901
3358 2901
3359 2901
3360 2901
3361 2901
3362 2900
3363 2900
3364 2900
3365 2900
3366 2899
3367 2899
3368 2899
3369 2899
3370 2898
3371 2898
3372 2897
3373 2896
3374 2896
3375 2895
3376 2894
3377 2893
3378 2893
3379 2892
3380 2891
3381 2890
3382 2889
3383 2889
3384 2888
3385 2888
3386 2887
3387 2887
3388 2887
3389 2887
3390 2886
3391 2886
3392 2885
3393 2885
3394 2884
3395 2884
3396 2883
3397 2883
3398 2883
3399 2882
3400 2882
3401 2881
3402 2881
3403 2881
3404 2880
3405 2879
3406 2878
3407 2877
3408 2877
3409 2876
3410 2876
3411 2875
3412 2875
3413 2874
3414 2873
3415 2873
3415 2872
3416 2871
3417 2870
3418 2869
3419 2869
3420 2868
3421 2868
3422 2868
3423 2868
3424 2867
3425 2867
3426 2867
3427 2867
3428 2867
3429 2867
3430 2866
3431 2866
3432 2866
3433 2865
3434 2864
3435 2864
3436 2863
3437 2863
3438 2862
3439 2862
3440 2861
3441 2860
3442 2860
3443 2859
3444 2858
3445 2857
3446 2857
3447 2856
3448 2855
3449 2855
3450 2854
3451 2853
3452 2852
3453 2852
3454 2851
3455 2850
3456 2850
3457 2850
3458 2849
3459 2849
3460 2849
3461 2848
3462 2848
3463 2848
3464 2848
3465 2847
3466 2846
3467 2845
3468 2844
3468 2843
3469 2842
3470 2841
3471 2840
3472 2839
3473 2838
3474 2838
3475 2837
3476 2837
3477 2836
3478 2836
3479 2835
3480 2835
3481 2834
3482 2834
3483 2833
3484 2833
3485 2832
3486 2831
3487 2831
3488 2830
3489 2829
3490 2829
3491 2829
3492 2828
3493 2828
3494 2828
3495 2828
3496 2827
3497 2827
3498 2827
3499 2827
3500 2826
3501 2826
3502 2825
3503 2825
3504 2824
3505 2824
3506 2823
3507 2823
3508 2822
3509 2822
3510 2821
3511 2820
3512 2820
3513 2819
3513 2818
3514 2817
3515 2816
3515 2815
3516 2814
3517 2813
3518 2812
3519 2812
3520 2811
3521 2810
3522 2810
3523 2809
3524 2809
3525 2809
3526 2808
3527 2807
3528 2806
3529 2805
3530 2804
3531 2804
3532 2803
3533 2803
3534 2802
3535 2802
3536 2801
3537 2800
3538 2800
3539 2799
3540 2799
3541 2798
3542 2797
3543 2796
3544 2796
3545 2795
3546 2794
3547 2793
3548 2792
3549 2791
3550 2790
3551 2789
3552 2788
3553 2787
3554 2786
3555 2785
3556 2784
3557 2784
3558 2783
3559 2783
3560 2782
3561 2782
3562 2782
3563 2781
3564 2780
3565 2780
3566 2779
3567 2779
3568 2778
3569 2777
3570 2777
3571 2777
3572 2776
3573 2775
3574 2774
3575 2773
3576 2772
3577 2771
3578 2771
3579 2770
3580 2769
3581 2769
3582 2768
3583 2767
3584 2766
3585 2766
3586 2765
3587 2765
3588 2764
3589 2764
3590 2763
3591 2763
3592 2762
3593 2761
3594 2761
3595 2760
3596 2759
3597 2758
3598 2757
3599 2756
3600 2755
3601 2754
3602 2753
3603 2752
3604 2752
3605 2751
3606 2750
3607 2750
3608 2749
3609 2748
3610 2747
3611 2746
3612 2745
3613 2745
3614 2744
3615 2744
3616 2743
3617 2743
3618 2743
3619 2742
3620 2742
3621 2742
3622 2741
3623 2741
3624 2740
3625 2740
3626 2739
3627 2738
3628 2737
3629 2736
3630 2735
3631 2735
3632 2735
3633 2734
3633 2733
3634 2732
3635 2731
3636 2730
3637 2729
3638 2728
3639 2727
3640 2726
3641 2726
3642 2725
3643 2724
3644 2724
3645 2723
3646 2723
3647 2722
3648 2722
3649 2722
3650 2721
3651 2721
3652 2720
3653 2719
3654 2719
3655 2718
3656 2718
3657 2717
3658 2717
3659 2716
3660 2716
3661 2716
3662 2716
3663 2715
3664 2715
3665 2715
3666 2715
3667 2715
3668 2715
3669 2715
3670 2714
3671 2714
3672 2714
3673 2714
3674 2714
3675 2714
3676 2713
3677 2713
3678 2712
3679 2712
3680 2711
3681 2711
3682 2711
3683 2710
3684 2710
3685 2710
3686 2709
3687 2709
3688 2709
3689 2709
3690 2709
3691 2709
3692 2709
3693 2708
3694 2708
3695 2708
3696 2708
3697 2708
3698 2708
3699 2708
3700 2708
3701 2707
3702 2707
3703 2707
3704 2707
3705 2707
3706 2706
3707 2706
3708 2706
3709 2705
3710 2705
3711 2705
3712 2705
3713 2704
3714 2704
3715 2704
3716 2703
3717 2703
3718 2703
3719 2702
3720 2702
3721 2701
3722 2700
3723 2700
3724 2699
3725 2698
3726 2698
3727 2697
3728 2697
3729 2697
3730 2696
3731 2696
3732 2695
3733 2695
3734 2695
3735 2695
3736 2695
3737 2695
3738 2694
3739 2694
3740 2694
3741 2694
3742 2693
3743 2693
3744 2692
3745 2691
3746 2691
3747 2690
3748 2690
3749 2689
3750 2689
3751 2688
3752 2688
3753 2687
3754 2686
3755 2686
3756 2685
3757 2685
3758 2684
3759 2684
3760 2684
3761 2683
3762 2683
3763 2683
3764 2683
3765 2682
3766 2682
3767 2682
3768 2681
3769 2681
3770 2680
3771 2679
3772 2678
3773 2677
3774 2676
3775 2675
3776 2674
3777 2673
3778 2672
3779 2672
3780 2671
3781 2670
3782 2669
3783 2668
3784 2667
3785 2666
3786 2665
3786 2664
3787 2663
3788 2662
3788 2661
3789 2660
3789 2659
3790 2658
3791 2657
3791 2656
3792 2655
3792 2654
3793 2653
3793 2652
3794 2651
3794 2650
3794 2649
3795 2648
3795 2647
3796 2646
3797 2645
3797 2644
3798 2643
3799 2642
3799 2641
3800 2640
3801 2639
3801 2638
3802 2637
3803 2636
3804 2635
3805 2634
3806 2633
3807 2632
3808 2631
3809 2631
3810 2630
3811 2629
3811 2628
3812 2627
3812 2626
3813 2625
3813 2624
3813 2623
3814 2622
3815 2621
3816 2620
3816 2619
3817 2618
3818 2617
3818 2616
3819 2615
3819 2614
3820 2613
3821 2612
3821 2611
3822 2610
3823 2609
3823 2608
3824 2607
3825 2606
3825 2605
3826 2604
3826 2603
3826 2602
3827 2601
3827 2600
3827 2599
3827 2598
3828 2597
3828 2596
3828 2595
3828 2594
3828 2593
3829 2592
3829 2591
3829 2590
3830 2589
3831 2588
3831 2587
3832 2586
3832 2585
3833 2584
3833 2583
3833 2582
3834 2581
3834 2580
3834 2579
3835 2578
3835 2577
3836 2576
3836 2575
3836 2574
3837 2573
3837 2572
3838 2571
3838 2570
3839 2569
3839 2568
3840 2567
3840 2566
3840 2565
3841 2564
3841 2563
3841 2562
3841 2561
3841 2560
3841 2559
3841 2558
3842 2557
3842 2556
3842 2555
3842 2554
3842 2553
3842 2552
3842 2551
3842 2550
3842 2549
3842 2548
3842 2547
3842 2546
3842 2545
3842 2544
3842 2543
3842 2542
3842 2541
3842 2540
3842 2539
3842 2538
3842 2537
3842 2536
3842 2535
3842 2534
3842 2533
3842 2532
3842 2531
3842 2530
3843 2529
3843 2528
3843 2527
3843 2526
3843 2525
3843 2524
3843 2523
3843 2522
3843 2521
3843 2520
3843 2519
3843 2518
3843 2517
3843 2516
3843 2515
3843 2514
3843 2513
3843 2512
3843 2511
3843 2510
3843 2509
3843 2508
3843 2507
3843 2506
3843 2505
3843 2504
3843 2503
3843 2502
3843 2501
3843 2500
3843 2499
3843 2498
3843 2497
3843 2496
3843 2495
3843 2494
3843 2493
3843 2492
3843 2491
3843 2490
3843 2489
3842 2488
3842 2487
3842 2486
3841 2485
3841 2484
3840 2483
3840 2482
3839 2481
3839 2480
3839 2479
3838 2478
3837 2477
3837 2476
3836 2475
3835 2474
3835 2473
3834 2472
3834 2471
3833 2470
3833 2469
3832 2468
3832 2467
3832 2466
3832 2465
3831 2464
3831 2463
3831 2462
3830 2461
3830 2460
3829 2459
3829 2458
3828 2457
3827 2456
3827 2455
3826 2454
3826 2453
3826 2452
3825 2451
3824 2450
3823 2449
3822 2448
3822 2447
3821 2446
3820 2445
3819 2444
3818 2443
3817 2442
3817 2441
3816 2440
3815 2439
3815 2438
3814 2437
3814 2436
3813 2435
3813 2434
3812 2433
3811 2432
3811 2431
3810 2430
3809 2429
3808 2428
3807 2427
3806 2426
3806 2425
3805 2424
3804 2423
3803 2422
3802 2421
3801 2420
3800 2419
3800 2418
3799 2417
3799 2416
3798 2415
3798 2414
3797 2414
3796 2413
3795 2413
3794 2412
3793 2412
3792 2411
3791 2410
3790 2409
3789 2409
3788 2408
3787 2407
3786 2406
3785 2405
3784 2404
3783 2403
3782 2402
3781 2402
3780 2401
3779 2401
3778 2400
3777 2400
3776 2399
3775 2398
3774 2398
3773 2397
3772 2397
3771 2396
3770 2396
3769 2395
3768 2395
3767 2394
3766 2394
3765 2394
3764 2393
3763 2393
3762 2392
3761 2391
3760 2391
3759 2390
3758 2390
3757 2389
3756 2389
3755 2388
3754 2388
3753 2388
3752 2387
3751 2386
3750 2385
3749 2384
3748 2384
3747 2383
3746 2382
3745 2381
3744 2380
3743 2379
3742 2378
3741 2377
3740 2377
3739 2376
3738 2376
3737 2375
3736 2375
3735 2374
3734 2374
3733 2373
3732 2373
3731 2372
3730 2372
3729 2371
3728 2371
3727 2370
3726 2370
3725 2369
3724 2369
3723 2368
3722 2368
3721 2367
3720 2367
3719 2367
3718 2366
3717 2366
3716 2366
3715 2366
3714 2366
3713 2366
3712 2365
3711 2365
3710 2365
3709 2365
3708 2365
3707 2365
3706 2365
3705 2364
3704 2364
3703 2363
3702 2363
3701 2362
3700 2362
3699 2361
3698 2361
3697 2360
3696 2360
3695 2360
3694 2359
3693 2359
3692 2359
3691 2359
3690 2359
3689 2359
3688 2358
3687 2358
3686 2358
3685 2358
3684 2358
3683 2358
3682 2358
3681 2358
3680 2358
3679 2358
3678 2357
3677 2357
3676 2357
3675 2356
3674 2355
3673 2354
3672 2353
3671 2353
3670 2352
3669 2351
3668 2350
3667 2350
3666 2349
3665 2348
3664 2348
3663 2347
3662 2347
3661 2346
3660 2345
3659 2344
3659 2343
3659 2342
3659 2341
3660 2340
3660 2339
3661 2338
3661 2337
3662 2336
3663 2335
3664 2335
3665 2334
3666 2333
3667 2333
3668 2332
3669 2331
3670 2331
3671 2330
3672 2329
3673 2329
3674 2328
3675 2327
3676 2326
3677 2326
3678 2325
3678 2324
3679 2323
3680 2323
3681 2322
3682 2321
3683 2320
3684 2320
3685 2319
3686 2318
3687 2317
3688 2316
3689 2315
3690 2315
3691 2314
3692 2314
3693 2314
3694 2313
3695 2313
3696 2312
3697 2311
3698 2310
3699 2310
3700 2309
3701 2309
3702 2308
3703 2308
3704 2307
3705 2307
3706 2307
3707 2306
3708 2306
3709 2306
3710 2305
3711 2304
3712 2303
3713 2302
3714 2301
3715 2301
3716 2301
3717 2300
3718 2300
3719 2300
3720 2299
3721 2299
3722 2299
3723 2299
3724 2299
3725 2298
3726 2298
3727 2298
3728 2298
3729 2298
3730 2297
3731 2296
3732 2295
3733 2295
3734 2295
3735 2294
3736 2294
3737 2293
3738 2292
3739 2291
3740 2290
3741 2290
3742 2289
3743 2288
3744 2288
3745 2287
3746 2287
3747 2286
3748 2286
3749 2285
3750 2285
3751 2284
3752 2284
3753 2283
3754 2282
3755 2282
3756 2281
3757 2280
3758 2280
3759 2279
3760 2278
3761 2278
3762 2277
3763 2276
3764 2276
3765 2275
3766 2275
3767 2274
3768 2273
3769 2273
3770 2272
3771 2271
3772 2270
3772 2269
3773 2268
3774 2267
3775 2267
3776 2266
3777 2266
3778 2265
3779 2265
3780 2264
3781 2263
3782 2263
3783 2262
3784 2262
3785 2261
3786 2260
3787 2260
3788 2260
3789 2259
3790 2259
3791 2258
3792 2257
3793 2256
3793 2255
3794 2254
3795 2253
3796 2252
3796 2251
3797 2250
3797 2249
3798 2248
3799 2247
3799 2246
3800 2245
3800 2244
3801 2243
3802 2242
3803 2241
3804 2240
3805 2239
3806 2238
3806 2237
3807 2236
3808 2235
3808 2234
3809 2233
3810 2232
3810 2231
3811 2230
3811 2229
3811 2228
3812 2227
3812 2226
3812 2225
3812 2224
3813 2223
3813 2222
3813 2221
3813 2220
3813 2219
3814 2218
3814 2217
3814 2216
3814 2215
3814 2214
3814 2213
3814 2212
3815 2211
3815 2210
3815 2209
3815 2208
3816 2207
3816 2206
3816 2205
3817 2204
3817 2203
3817 2202
3817 2201
3818 2200
3818 2199
3818 2198
3819 2197
3819 2196
3820 2195
3820 2194
3820 2193
3820 2192
3821 2191
3821 2190
3821 2189
3821 2188
3821 2187
3821 2186
3822 2185
3822 2184
3822 2183
3822 2182
3822 2181
3822 2180
3822 2179
3822 2178
3822 2177
3822 2176
3822 2175
3822 2174
3823 2173
3823 2172
3823 2171
3823 2170
3823 2169
3823 2168
3823 2167
3823 2166
3823 2165
3823 2164
3823 2163
3823 2162
3823 2161
3823 2160
3823 2159
3823 2158
3823 2157
3823 2156
3823 2155
3823 2154
3823 2153
3823 2152
3823 2151
3823 2150
3823 2149
3823 2148
3823 2147
3823 2146
3823 2145
3823 2144
3823 2143
3823 2142
3822 2141
3822 2140
3821 2139
3820 2138
3820 2137
3819 2136
3819 2135
3819 2134
3818 2133
3818 2132
3818 2131
3817 2130
3817 2129
3816 2128
3815 2127
3815 2126
3814 2125
3813 2124
3812 2123
3811 2122
3810 2121
3810 2120
3809 2119
3808 2118
3807 2117
3806 2116
3806 2115
3805 2114
3804 2113
3804 2112
3803 2111
3803 2110
3802 2109
3801 2108
3801 2107
3800 2106
3800 2105
3800 2104
3799 2103
3799 2102
3799 2101
3798 2100
3798 2099
3797 2098
3796 2097
3796 2096
3795 2095
3795 2094
3794 2093
3793 2092
3792 2091
3791 2090
3791 2089
3790 2088
3789 2087
3788 2086
3788 2085
3787 2084
3787 2083
3786 2082
3786 2081
3785 2080
3785 2079
3784 2079
3783 2078
3782 2077
3781 2076
3780 2075
3779 2074
3779 2073
3778 2072
3777 2071
3776 2070
3775 2069
3774 2068
3773 2067
3772 2066
3771 2065
3770 2065
3769 2064
3768 2064
3767 2064
3766 2063
3765 2063
3764 2062
3763 2061
3762 2060
3761 2059
3760 2058
3759 2058
3758 2057
3757 2056
3756 2056
3755 2055
3754 2054
3753 2053
3752 2052
3751 2052
3750 2052
3749 2051
3748 2051
3747 2051
3746 2050
3745 2050
3744 2050
3743 2049
3742 2049
3741 2049
3740 2048
3739 2048
3738 2047
3737 2047
3736 2046
3735 2046
3734 2045
3733 2045
3732 2044
3731 2043
3730 2042
3729 2041
3728 2040
3727 2039
3726 2038
3725 2038
3724 2037
3723 2036
3722 2035
3721 2034
3720 2033
3719 2033
3718 2032
3717 2032
3716 2031
3715 2030
3714 2030
3713 2029
3712 2028
3711 2028
3710 2027
3709 2026
3708 2026
3707 2025
3706 2025
3705 2024
3704 2023
3703 2022
3702 2022
3701 2021
3700 2020
3699 2019
3698 2018
3697 2018
3696 2017
3695 2016
3694 2016
3693 2015
3692 2014
3691 2014
3690 2013
3689 2012
3688 2012
3687 2011
3686 2010
3685 2009
3684 2008
3683 2007
3682 2007
3681 2006
3680 2005
3679 2005
3678 2004
3677 2004
3676 2003
3675 2002
3674 2001
3673 2001
3672 2000
3671 1999
3670 1998
3669 1998
3668 1997
3667 1996
3666 1996
3665 1995
3664 1994
3663 1993
3662 1992
3661 1991
3660 1991
3659 1990
3658 1989
3657 1988
3656 1988
3655 1987
3654 1986
3653 1986
3652 1985
3651 1984
3650 1983
3649 1982
3649 1981
3648 1980
3647 1979
3647 1978
3646 1977
3645 1976
3644 1975
3643 1974
3642 1973
3641 1972
3640 1972
3639 1971
3638 1970
3637 1969
3637 1968
3636 1967
3635 1967
3634 1966
3633 1965
3632 1964
3631 1963
3630 1962
3629 1961
3628 1961
3627 1960
3626 1959
3625 1958
3624 1957
3623 1956
3622 1955
3622 1954
3621 1953
3621 1952
3620 1951
3620 1950
3620 1949
3620 1948
3619 1947
3618 1946
3617 1945
3616 1945
3615 1944
3614 1943
3613 1943
3612 1943
3611 1942
3610 1941
3609 1940
3608 1939
3607 1939
3606 1938
3605 1938
3604 1937
3603 1937
3602 1937
3601 1937
3600 1936
3599 1936
3598 1936
3597 1936
3596 1936
3595 1936
3594 1936
3593 1935
3592 1935
3591 1935
3590 1935
3589 1935
3588 1935
3587 1935
3586 1935
3585 1935
3584 1934
3583 1934
3582 1933
3581 1933
3580 1933
3579 1932
3578 1932
3577 1932
3576 1931
3575 1931
3574 1931
3573 1931
3572 1930
3571 1930
3570 1930
3569 1930
3568 1930
3567 1929
3566 1929
3565 1929
3564 1929
3563 1929
3562 1929
3561 1929
3560 1929
3559 1929
3558 1929
3557 1929
3556 1929
3555 1929
3554 1929
3553 1929
3552 1929
3551 1928
3550 1928
3549 1928
3548 1928
3547 1928
3546 1928
3545 1928
3544 1928
3543 1928
3542 1928
3541 1928
3540 1928
3539 1928
3538 1928
3537 1928
3536 1928
3535 1928
3534 1928
3533 1928
3532 1928
3531 1928
3530 1928
3529 1928
3528 1928
3527 1928
3526 1928
3525 1928
3524 1928
3523 1928
3522 1928
3521 1928
3520 1928
3519 1928
3518 1928
3517 1928
3516 1928
3515 1928
3514 1928
3513 1928
3512 1928
3511 1928
3510 1928
3509 1929
3508 1929
3507 1930
3506 1931
3505 1931
3504 1932
3503 1932
3502 1933
3501 1933
3500 1933
3499 1933
3498 1933
3497 1933
3496 1934
3495 1934
3494 1934
3493 1935
3492 1936
3491 1936
3490 1937
3489 1938
3488 1938
3487 1939
3486 1939
3485 1939
3484 1940
3483 1941
3482 1942
3481 1943
3480 1943
3479 1944
3478 1945
3477 1945
3476 1946
3475 1946
3474 1946
3473 1947
3472 1947
3471 1947
3470 1947
3469 1947
3468 1947
3467 1947
3466 1947
3465 1947
3464 1948
3463 1948
3462 1948
3461 1948
3460 1948
3459 1948
3458 1948
3457 1948
3456 1948
3455 1948
3454 1948
3453 1947
3452 1947
3451 1947
3450 1947
3449 1946
3448 1946
3447 1945
3446 1945
3445 1944
3444 1944
3443 1943
3442 1943
3441 1943
3440 1943
3439 1943
3438 1943
3437 1942
3436 1942
3435 1942
3434 1942
3433 1941
3432 1941
3431 1940
3430 1940
3429 1939
3428 1939
3427 1938
3426 1937
3425 1937
3424 1936
3423 1935
3422 1935
3421 1934
3420 1933
3419 1932
3418 1931
3417 1930
3416 1929
3415 1929
3414 1928
3413 1927
3412 1926
3411 1925
3410 1924
3409 1923
3408 1922
3407 1921
3406 1920
3405 1919
3404 1918
3403 1917
3402 1916
3401 1915
3400 1914
3399 1913
3398 1912
3397 1911
3396 1910
3395 1909
3395 1908
3394 1907
3393 1906
3392 1906
3391 1905
3391 1904
3390 1903
3390 1902
3389 1901
3388 1900
3388 1899
3387 1898
3386 1897
3386 1896
3385 1895
3384 1895
3383 1894
3382 1893
3381 1892
3380 1891
3380 1890
3379 1889
3379 1888
3378 1887
3378 1886
3377 1885
3377 1884
3376 1883
3376 1882
3375 1881
3375 1880
3374 1879
3374 1878
3373 1877
3373 1876
3372 1875
3371 1874
3371 1873
3371 1872
3370 1871
3370 1870
3370 1869
3369 1868
3369 1867
3368 1866
3368 1865
3367 1864
3367 1863
3367 1862
3366 1861
3366 1860
3365 1859
3365 1858
3365 1857
3364 1856
3364 1855
3364 1854
3363 1853
3363 1852
3363 1851
3363 1850
3363 1849
3363 1848
3362 1847
3362 1846
3362 1845
3362 1844
3362 1843
3362 1842
3361 1841
3361 1840
3361 1839
3361 1838
3361 1837
3361 1836
3361 1835
3361 1834
3361 1833
3361 1832
3360 1831
3360 1830
3360 1829
3359 1828
3359 1827
3359 1826
3358 1825
3358 1824
3357 1823
3357 1822
3356 1821
3356 1820
3355 1819
3355 1818
3354 1818
3353 1817
3352 1817
3351 1816
3351 1815
3350 1814
3349 1813
3349 1812
3348 1811
3348 1810
3348 1809
3349 1808
3350 1808
3351 1808
3352 1808
3353 1808
3354 1808
3355 1808
3356 1808
3357 1808
3358 1808
3359 1808
3358 1807
3357 1806
3356 1805
3355 1804
3354 1803
3353 1802
3352 1801
3351 1800
3350 1799
3349 1798
3348 1797
3347 1796
3346 1795
3345 1794
3344 1793
3343 1792
3342 1791
3341 1790
3340 1789
3339 1788
3338 1787
3337 1786
3336 1785
3335 1784
3334 1783
3333 1783
3332 1783
3331 1783
3330 1783
3329 1783
3328 1783
3327 1783
3326 1783
3325 1783
3324 1783
3323 1783
3322 1783
3321 1783
3320 1783
3319 1783
3318 1783
3317 1782
3316 1781
3315 1781
3314 1780
3313 1779
3313 1778
3312 1777
3311 1776
3311 1775
3310 1774
3309 1773
3308 1773
3307 1772
3306 1772
3305 1771
3304 1771
3303 1771
3302 1770
3301 1770
3300 1770
3299 1770
3298 1770
3297 1770
3296 1770
3295 1770
3294 1770
3293 1770
3292 1770
3291 1770
3290 1770
3289 1770
3288 1770
3287 1770
3286 1770
3285 1770
3284 1770
3283 1770
3282 1770
3281 1770
3280 1770
3279 1770
3278 1770
3277 1770
3276 1770
3275 1770
3274 1770
3273 1770
3272 1770
3271 1770
3270 1770
3269 1770
3268 1770
3267 1770
3266 1770
3265 1770
3264 1769
3263 1769
3262 1769
3261 1768
3260 1768
3259 1768
3258 1767
3257 1767
3256 1766
3255 1766
3254 1766
3253 1765
3252 1765
3251 1765
3250 1764
3249 1764
3248 1763
3247 1763
3246 1762
3245 1762
3244 1761
3243 1761
3242 1760
3241 1759
3240 1758
3239 1757
3239 1756
3238 1755
3238 1754
3237 1753
3237 1752
3237 1751
3237 1750
3236 1749
3236 1748
3236 1747
3235 1746
3234 1746
3233 1745
3232 1745
3231 1744
3230 1744
3229 1744
3228 1744
3227 1743
3226 1742
3225 1741
3224 1741
3223 1741
3222 1740
3221 1740
3220 1740
3219 1739
3218 1739
3217 1739
3216 1738
3215 1737
3214 1736
3213 1735
3212 1734
3211 1733
3210 1732
3210 1731
3209 1730
3208 1729
3208 1728
3207 1727
3207 1726
3206 1725
3206 1724
3205 1723
3205 1722
3204 1721
3204 1720
3203 1719
3202 1719
3201 1719
3200 1719
3199 1720
3198 1720
3197 1721
3196 1721
3195 1721
3194 1721
3193 1721
3192 1722
3191 1722
3190 1722
3189 1722
3188 1722
3187 1722
3186 1723
3185 1723
3184 1723
3183 1724
3182 1724
3181 1725
3180 1725
3179 1726
3178 1726
3177 1726
3176 1727
3175 1727
3174 1727
3173 1728
3172 1728
3171 1728
3170 1728
3169 1729
3168 1729
3167 1729
3166 1729
3165 1729
3164 1729
3163 1729
3162 1729
3161 1729
3160 1730
3159 1730
3158 1730
3157 1730
3156 1730
3155 1729
3154 1728
3153 1727
3152 1727
3151 1726
3150 1725
3149 1724
3148 1724
3147 1723
3146 1722
3145 1722
3144 1721
3143 1721
3142 1720
3141 1720
3140 1719
3139 1719
3138 1718
3137 1718
3136 1717
3135 1717
3134 1716
3133 1715
3132 1715
3131 1714
3130 1714
3129 1713
3128 1713
3127 1712
3126 1712
3125 1712
3124 1711
3123 1711
3122 1711
3121 1711
3120 1711
3119 1711
3118 1711
3117 1711
3116 1711
3115 1711
3114 1711
3113 1711
3112 1711
3111 1712
3110 1712
3109 1712
3108 1712
3107 1713
3106 1713
3105 1714
3104 1714
3103 1714
3102 1714
3101 1714
3100 1715
3099 1715
3098 1715
3097 1715
3096 1715
3095 1715
3094 1716
3093 1716
3092 1716
3091 1716
3090 1716
3089 1716
3088 1716
3087 1716
3086 1716
3085 1716
3084 1716
3083 1716
3082 1716
3081 1717
3080 1717
3079 1717
3078 1717
3077 1717
3076 1717
3075 1717
3074 1717
3073 1717
3072 1717
3071 1717
3070 1716
3069 1716
3068 1715
3067 1714
3066 1713
3065 1712
3064 1712
3063 1712
3062 1712
3061 1712
3060 1711
3059 1712
3058 1712
3057 1712
3056 1712
3055 1712
3054 1712
3053 1712
3052 1713
3051 1714
3050 1715
3049 1716
3048 1717
3048 1718
3047 1719
3046 1720
3045 1720
3044 1721
3043 1721
3042 1721
3041 1722
3040 1722
3039 1722
3038 1723
3037 1723
3036 1723
3035 1723
3034 1723
3033 1723
3032 1723
3031 1723
3030 1723
3029 1723
3028 1722
3027 1722
3026 1721
3025 1721
3024 1720
3023 1720
3022 1719
3021 1719
3020 1719
3019 1719
3018 1718
3017 1718
3016 1718
3015 1718
3014 1718
3013 1718
3012 1718
3011 1717
3010 1717
3009 1716
3008 1715
3007 1714
3006 1713
3005 1713
3004 1712
3003 1712
3002 1712
3001 1712
3000 1712
2999 1711
2998 1711
2997 1711
2996 1711
2995 1711
2994 1711
2993 1711
2992 1711
2991 1711
2990 1711
2989 1711
2988 1711
2987 1711
2986 1711
2985 1711
2984 1710
2983 1710
2982 1710
2981 1710
2980 1710
2979 1710
2978 1710
2977 1710
2976 1710
2975 1710
2974 1710
2973 1710
2972 1710
2971 1710
2970 1710
2969 1710
2968 1710
2967 1710
2966 1710
2965 1710
2964 1710
2963 1710
2962 1710
2961 1710
2960 1710
2959 1710
2958 1710
2957 1710
2956 1710
2955 1710
2954 1710
2953 1710
2952 1710
2951 1710
2950 1710
2949 1710
2948 1710
2947 1710
2946 1710
2945 1710
2944 1710
2943 1710
2942 1710
2941 1710
2940 1710
2939 1710
2938 1710
2937 1710
2936 1710
2935 1710
2934 1710
2933 1710
2932 1710
2931 1710
2930 1710
2929 1710
2928 1710
2927 1710
2926 1710
2925 1710
2924 1710
2923 1710
2922 1710
2921 1710
