3252 1859
3251 1860
3250 1861
3249 1862
3249 1863
3248 1864
3247 1865
3246 1866
3245 1867
3245 1868
3244 1869
3243 1870
3242 1871
3242 1872
3241 1873
3240 1874
3239 1874
3239 1875
3238 1876
3238 1877
3237 1878
3236 1879
3235 1880
3234 1880
3233 1881
3232 1882
3231 1883
3230 1884
3229 1885
3228 1886
3227 1887
3226 1887
3225 1888
3224 1889
3223 1890
3222 1890
3221 1891
3220 1892
3219 1893
3218 1894
3218 1895
3217 1896
3216 1896
3215 1896
3214 1896
3213 1896
3212 1897
3211 1897
3210 1897
3209 1897
3208 1897
3207 1897
3206 1897
3205 1897
3204 1897
3203 1897
3202 1897
3201 1897
3200 1897
3199 1897
3198 1897
3197 1897
3196 1897
3195 1897
3194 1897
3193 1897
3192 1897
3191 1897
3190 1897
3189 1897
3188 1897
3187 1897
3186 1897
3185 1897
3184 1897
3183 1897
3182 1897
3181 1897
3180 1897
3179 1897
3178 1897
3177 1897
3176 1897
3175 1897
3174 1897
3173 1897
3172 1897
3171 1897
3170 1897
3169 1897
3168 1897
3167 1897
3166 1897
3165 1897
3164 1897
3163 1897
3162 1897
3161 1897
3160 1897
3159 1897
3158 1897
3157 1897
3156 1897
3155 1897
3154 1897
3153 1897
3152 1897
3151 1897
3150 1897
3149 1897
3148 1897
3147 1897
3146 1897
3145 1897
3144 1897
3143 1897
3142 1897
3141 1897
3140 1898
3139 1898
3138 1899
3137 1899
3136 1900
3135 1900
3134 1900
3133 1901
3132 1901
3131 1901
3130 1901
3129 1901
3128 1901
3127 1902
3126 1902
3125 1902
3124 1902
3123 1902
3122 1902
3121 1902
3120 1902
3119 1902
3118 1902
3117 1903
3116 1904
3115 1904
3114 1904
3113 1905
3112 1905
3111 1905
3110 1905
3109 1906
3108 1906
3107 1906
3106 1906
3105 1906
3104 1906
3103 1906
3102 1906
3101 1907
3100 1907
3099 1907
3098 1907
3097 1907
3096 1907
3095 1907
3094 1907
3093 1907
3092 1907
3091 1907
3090 1907
3089 1907
3088 1907
3087 1907
3086 1907
3085 1907
3084 1907
3083 1907
3082 1907
3081 1907
3080 1907
3079 1907
3078 1907
3077 1907
3076 1907
3075 1907
3074 1907
3073 1907
3072 1907
3071 1907
3070 1906
3069 1906
3068 1905
3067 1905
3066 1905
3065 1904
3064 1904
3063 1904
3062 1903
3061 1903
3060 1902
3060 1901
3059 1900
3058 1899
3057 1898
3056 1897
3055 1896
3054 1895
3053 1894
3053 1895
3053 1896
3053 1897
3053 1898
3052 1899
3052 1900
3051 1901
3051 1902
3050 1903
3050 1904
3050 1905
3049 1906
3049 1907
3049 1908
3048 1909
3048 1910
3048 1911
3048 1912
3048 1913
3048 1914
3048 1915
3047 1916
3047 1917
3046 1918
3045 1919
3044 1920
3043 1920
3042 1921
3041 1921
3040 1921
3039 1921
3038 1921
3037 1922
3036 1922
3035 1922
3034 1922
3033 1922
3032 1922
3031 1922
3030 1922
3029 1922
3028 1922
3027 1922
3026 1922
3025 1922
3024 1922
3023 1922
3022 1922
3021 1921
3020 1921
3019 1920
3018 1920
3017 1919
3016 1919
3015 1918
3014 1918
3013 1918
3012 1919
3012 1920
3011 1921
3010 1922
3010 1923
3010 1924
3009 1925
3008 1926
3008 1927
3007 1928
3006 1929
3005 1930
3005 1931
3004 1932
3003 1933
3002 1934
3001 1934
3000 1935
2999 1935
2998 1936
2997 1937
2996 1938
2995 1938
2994 1939
2993 1939
2992 1940
2991 1941
2990 1941
2989 1942
2988 1943
2987 1944
2986 1944
2985 1944
2984 1945
2983 1945
2982 1945
2981 1945
2980 1946
2979 1946
2978 1946
2977 1946
2976 1946
2975 1946
2974 1946
2973 1946
2972 1946
2971 1947
2970 1947
2969 1947
2968 1947
2967 1947
2966 1947
2965 1947
2964 1947
2963 1947
2962 1947
2961 1947
2960 1947
2959 1947
2958 1946
2957 1945
2956 1945
2955 1944
2954 1944
2953 1944
2952 1943
2951 1942
2950 1941
2949 1941
2948 1940
2947 1939
2946 1939
2945 1938
2944 1938
2943 1938
2942 1938
2941 1939
2940 1939
2939 1939
2938 1940
2937 1940
2936 1941
2935 1942
2934 1942
2933 1943
2932 1944
2931 1944
2930 1945
2929 1945
2928 1946
2927 1946
2926 1947
2925 1948
2924 1949
2923 1949
2922 1950
2921 1950
2920 1951
2919 1951
2918 1952
2917 1953
2917 1954
2916 1955
2915 1956
2914 1957
2913 1958
2912 1958
2911 1959
2910 1959
2909 1960
2908 1961
2907 1962
2906 1963
2905 1964
2904 1964
2903 1964
2902 1965
2901 1965
2900 1965
2899 1966
2898 1966
2897 1966
2896 1966
2895 1966
2894 1966
2893 1966
2892 1966
2891 1966
2890 1967
2889 1967
2888 1967
2887 1967
2886 1967
2885 1967
2884 1967
2883 1967
2882 1967
2881 1967
2880 1967
2879 1967
2878 1967
2877 1967
2876 1967
2875 1967
2874 1967
2873 1967
2872 1967
2871 1967
2870 1967
2869 1967
2868 1967
2867 1967
2866 1967
2865 1967
2864 1967
2863 1967
2862 1967
2861 1967
2860 1967
2859 1967
2858 1967
2857 1967
2856 1967
2855 1967
2854 1967
2853 1967
2852 1967
2851 1967
2850 1967
2849 1967
2848 1967
2847 1967
2846 1966
2845 1966
2844 1965
2843 1965
2842 1965
2841 1964
2840 1964
2839 1964
2838 1964
2837 1964
2836 1963
2835 1963
2834 1962
2833 1962
2832 1961
2831 1960
2830 1960
2829 1960
2828 1959
2827 1959
2826 1959
2825 1958
2824 1958
2823 1958
2822 1958
2821 1958
2820 1958
2819 1957
2818 1957
2817 1957
2816 1957
2815 1957
2814 1956
2813 1956
2812 1955
2811 1955
2810 1954
2809 1954
2808 1954
2807 1954
2806 1953
2805 1953
2804 1953
2803 1953
2802 1953
2801 1952
2800 1952
2799 1952
2798 1951
2797 1951
2796 1950
2795 1950
2794 1950
2793 1949
2792 1949
2791 1949
2790 1948
2789 1948
2788 1948
2787 1948
2786 1947
2785 1947
2784 1946
2783 1945
2782 1945
2781 1944
2780 1944
2779 1944
2778 1943
2777 1943
2776 1943
2775 1943
2774 1944
2773 1944
2772 1945
2772 1946
2771 1947
2771 1948
2771 1949
2770 1950
2770 1951
2769 1952
2768 1953
2767 1954
2767 1955
2766 1956
2766 1957
2766 1958
2765 1959
2764 1960
2763 1960
2762 1960
2761 1960
2760 1960
2759 1959
2758 1959
2757 1959
2756 1958
2755 1958
2754 1958
2753 1957
2752 1956
2751 1956
2750 1955
2749 1955
2748 1954
2747 1953
2746 1952
2745 1952
2744 1951
2743 1950
2742 1949
2741 1948
2740 1947
2739 1946
2738 1945
2737 1945
2736 1944
2735 1943
2734 1942
2733 1941
2732 1940
2732 1939
2731 1938
2730 1937
2729 1936
2728 1935
2727 1934
2726 1933
2725 1933
2724 1933
2723 1933
2722 1933
2721 1933
2720 1932
2719 1932
2718 1932
2717 1932
2716 1932
2715 1932
2714 1932
2713 1933
2712 1933
2711 1933
2710 1934
2709 1934
2708 1934
2707 1935
2706 1935
2705 1935
2704 1936
2703 1936
2702 1937
2702 1938
2701 1939
2700 1940
2699 1941
2698 1942
2698 1943
2697 1944
2696 1945
2696 1946
2696 1947
2695 1948
2694 1949
2693 1950
2692 1951
2692 1952
2691 1953
2691 1954
2690 1955
2690 1956
2689 1957
2688 1958
2688 1959
2687 1960
2687 1961
2686 1962
2686 1963
2686 1964
2685 1965
2685 1966
2684 1967
2683 1968
2682 1969
2682 1970
2682 1971
2681 1972
2681 1973
2680 1974
2680 1975
2679 1976
2678 1977
2677 1978
2676 1979
2675 1979
2674 1980
2673 1981
2672 1982
2671 1982
2670 1983
2669 1984
2668 1984
2667 1985
2666 1985
2665 1985
2664 1986
2663 1986
2662 1987
2661 1987
2660 1988
2659 1989
2658 1989
2657 1990
2656 1991
2655 1991
2654 1991
2653 1991
2652 1991
2651 1991
2650 1991
2649 1991
2648 1991
2647 1991
2646 1992
2645 1992
2644 1992
2643 1992
2642 1992
2641 1992
2640 1992
2639 1993
2638 1993
2637 1994
2636 1994
2635 1994
2634 1994
2633 1995
2632 1995
2631 1995
2630 1995
2629 1995
2628 1996
2627 1996
2626 1996
2625 1997
2624 1998
2623 1999
2622 1999
2621 2000
2620 2000
2619 2000
2618 2000
2617 2001
2616 2001
2615 2001
2614 2001
2613 2001
2612 2001
2611 2001
2610 2001
2609 2001
2608 2001
2607 2002
2606 2003
2605 2003
2604 2004
2603 2004
2602 2005
2601 2005
2600 2005
2599 2005
2598 2005
2597 2006
2596 2006
2595 2006
2594 2006
2593 2006
2592 2006
2591 2006
2590 2006
2589 2006
2588 2007
2587 2007
2586 2008
2585 2008
2584 2009
2583 2009
2582 2010
2581 2010
2580 2010
2579 2010
2578 2011
2577 2011
2576 2011
2575 2011
2574 2011
2573 2011
2572 2011
2571 2011
2570 2012
2569 2012
2568 2013
2567 2013
2566 2014
2565 2014
2564 2015
2563 2015
2562 2015
2561 2015
2560 2016
2559 2016
2558 2016
2557 2016
2556 2016
2555 2016
2554 2017
2553 2018
2552 2019
2551 2019
2550 2019
2549 2020
2548 2020
2547 2021
2546 2021
2545 2022
2544 2022
2543 2023
2542 2023
2541 2024
2540 2025
2539 2025
2538 2026
2537 2027
2536 2027
2535 2028
2534 2029
2533 2029
2532 2030
2531 2030
2530 2029
2529 2028
2528 2027
2527 2026
2526 2025
2525 2024
2525 2023
2524 2022
2523 2021
2523 2020
2522 2019
2521 2018
2520 2017
2519 2016
2518 2015
2518 2014
2517 2013
2517 2012
2517 2011
2516 2010
2516 2009
2516 2008
2515 2008
2514 2008
2513 2009
2513 2010
2513 2011
2512 2012
2512 2013
2512 2014
2511 2015
2511 2016
2510 2017
2509 2018
2509 2019
2508 2020
2507 2021
2506 2022
2505 2023
2505 2024
2504 2025
2503 2026
2503 2027
2503 2028
2502 2029
2502 2030
2502 2031
2502 2032
2501 2033
2500 2034
2499 2035
2498 2035
2497 2035
2496 2035
2495 2036
2494 2036
2493 2036
2492 2036
2491 2036
2490 2036
2489 2036
2488 2036
2487 2036
2486 2036
2485 2036
2484 2036
2483 2036
2482 2036
2481 2036
2480 2036
2479 2036
2478 2036
2477 2036
2476 2036
2475 2036
2474 2036
2473 2035
2472 2035
2471 2035
2470 2034
2469 2034
2468 2034
2467 2033
2466 2032
2465 2031
2464 2030
2463 2029
2462 2028
2461 2027
2460 2026
2459 2025
2459 2024
2458 2023
2458 2022
2457 2021
2457 2020
2456 2019
2455 2018
2454 2018
2453 2017
2452 2017
2451 2017
2450 2017
2449 2018
2449 2019
2448 2020
2448 2021
2448 2022
2448 2023
2447 2024
2447 2025
2447 2026
2447 2027
2447 2028
2447 2029
2447 2030
2447 2031
2447 2032
2447 2033
2447 2034
2447 2035
2447 2036
2446 2037
2445 2038
2444 2039
2444 2040
2444 2041
2443 2042
2442 2043
2441 2044
2440 2044
2439 2044
2438 2045
2437 2045
2436 2046
2435 2047
2434 2048
2433 2049
2432 2049
2431 2050
2430 2051
2429 2051
2428 2052
2427 2053
2426 2053
2425 2054
2424 2054
2423 2055
2422 2056
2421 2057
2420 2057
2419 2058
2418 2058
2417 2058
2416 2059
2415 2059
2414 2059
2413 2060
2412 2060
2411 2060
2410 2060
2409 2060
2408 2060
2407 2061
2406 2061
2405 2062
2404 2062
2403 2063
2402 2063
2401 2064
2400 2064
2399 2064
2398 2064
2397 2065
2396 2065
2395 2065
2394 2065
2393 2066
2392 2066
2391 2066
2390 2066
2389 2066
2388 2067
2387 2067
2386 2068
2385 2069
2384 2069
2383 2070
2382 2070
2381 2070
2380 2069
2379 2068
2378 2067
2377 2066
2376 2065
2375 2064
2374 2063
2373 2063
2373 2064
2372 2065
2372 2066
2372 2067
2372 2068
2372 2069
2372 2070
2372 2071
2372 2072
2372 2073
2372 2074
2372 2075
2372 2076
2371 2077
2370 2078
2369 2079
2368 2079
2367 2079
2366 2079
2365 2080
2364 2080
2363 2080
2362 2081
2361 2081
2360 2082
2359 2082
2358 2083
2357 2083
2356 2083
2355 2084
2354 2084
2353 2084
2352 2084
2351 2084
2350 2085
2349 2085
2348 2085
2347 2085
2346 2085
2345 2085
2344 2085
2343 2085
2342 2085
2341 2085
2340 2086
2339 2086
2338 2087
2337 2088
2336 2088
2335 2089
2334 2089
2333 2089
2332 2089
2331 2089
2330 2090
2329 2090
2328 2090
2327 2090
2326 2090
2325 2090
2324 2090
2323 2090
2322 2090
2321 2091
2320 2091
2319 2091
2318 2092
2317 2092
2316 2093
2315 2093
2314 2093
2313 2094
2312 2094
2311 2095
2310 2095
2309 2096
2308 2097
2307 2097
2306 2098
2305 2099
2304 2099
2303 2100
2302 2100
2301 2100
2300 2100
2299 2100
2298 2100
2297 2099
2296 2098
2295 2097
2294 2096
2293 2095
2292 2094
2291 2093
2290 2092
2290 2091
2290 2090
2289 2089
2289 2088
2288 2087
2288 2086
2287 2085
2286 2084
2285 2083
2285 2082
2284 2081
2283 2080
2282 2079
2281 2078
2280 2078
2279 2077
2279 2076
2278 2075
2278 2074
2278 2075
2278 2076
2278 2077
2278 2078
2278 2079
2278 2080
2278 2081
2278 2082
2278 2083
2278 2084
2278 2085
2278 2086
2278 2087
2278 2088
2278 2089
2278 2090
2278 2091
2278 2092
2278 2093
2278 2094
2278 2095
2277 2096
2277 2097
2276 2098
2276 2099
2275 2100
2275 2101
2274 2102
2273 2103
2272 2103
2271 2104
2270 2104
2269 2104
2268 2105
2267 2105
2266 2105
2265 2106
2264 2106
2263 2106
2262 2107
2261 2107
2260 2108
2259 2108
2258 2109
2257 2109
2256 2109
2255 2109
2254 2110
2253 2110
2252 2111
2251 2112
2250 2113
2249 2113
2248 2114
2247 2114
2246 2114
2245 2115
2244 2115
2243 2116
2242 2117
2241 2117
2240 2117
2239 2118
2238 2119
2237 2120
2236 2121
2235 2122
2234 2123
2233 2123
2232 2123
2231 2123
2230 2124
2229 2124
2228 2124
2227 2125
2226 2125
2225 2125
2224 2126
2223 2126
2222 2127
2221 2127
2220 2128
2219 2129
2218 2129
2217 2130
2216 2131
2215 2131
2214 2131
2213 2132
2212 2132
2211 2133
2210 2134
2209 2135
2208 2135
2207 2136
2206 2137
2205 2138
2204 2138
2203 2139
2202 2140
2201 2140
2200 2141
2199 2142
2198 2142
2197 2143
2196 2144
2195 2144
2194 2145
2193 2145
2192 2146
2191 2146
2190 2147
2189 2147
2188 2148
2187 2148
2186 2148
2185 2148
2184 2149
2183 2149
2182 2150
2181 2151
2181 2152
2180 2153
2179 2153
2178 2154
2177 2154
2176 2154
2175 2154
2174 2154
2173 2155
2172 2155
2171 2156
2170 2157
2169 2157
2168 2158
2167 2159
2166 2159
2165 2160
2164 2161
2163 2161
2162 2162
2161 2162
2160 2163
2159 2163
2158 2163
2157 2164
2156 2164
2155 2164
2154 2164
2153 2165
2152 2166
2151 2167
2150 2168
2149 2169
2148 2170
2147 2170
2146 2170
2145 2170
2144 2170
2143 2170
2142 2170
2141 2170
2140 2170
2139 2170
2138 2170
2137 2170
2136 2170
2135 2170
2134 2170
2133 2170
2132 2170
2131 2170
2130 2170
2129 2170
2128 2170
2127 2170
2126 2170
2125 2170
2124 2170
2123 2170
2122 2170
2121 2170
2120 2170
2119 2171
2118 2171
2117 2171
2116 2171
2115 2171
2114 2171
2113 2172
2112 2172
2111 2172
2110 2172
2109 2172
2108 2172
2107 2173
2106 2173
2105 2173
2104 2173
2103 2173
2102 2174
2101 2174
2100 2174
2099 2174
2098 2174
2097 2175
2096 2175
2095 2175
2094 2175
2093 2176
2092 2176
2091 2176
2090 2176
2089 2177
2088 2177
2087 2177
2086 2178
2085 2178
2084 2178
2083 2178
2082 2179
2081 2179
2080 2180
2079 2180
2078 2181
2077 2181
2076 2182
2075 2182
2074 2183
2073 2183
2072 2184
2071 2184
2070 2184
2069 2184
2068 2184
2067 2184
2066 2184
2065 2184
2064 2184
2063 2185
2062 2185
2061 2185
2060 2185
2059 2186
2058 2186
2057 2186
2056 2187
2055 2187
2054 2187
2053 2188
2052 2188
2051 2188
2050 2188
2049 2188
2048 2189
2047 2189
2046 2189
2045 2189
2044 2189
2043 2189
2042 2189
2041 2189
2040 2189
2039 2190
2038 2190
2037 2190
2036 2190
2035 2191
2034 2191
2033 2191
2032 2192
2031 2192
2030 2192
2029 2193
2028 2193
2027 2193
2026 2194
2025 2194
2024 2195
2023 2196
2022 2196
2021 2197
2020 2197
2019 2198
2018 2199
2017 2200
2016 2200
2015 2201
2014 2201
2013 2202
2012 2202
2011 2202
2010 2203
2009 2203
2008 2203
2007 2203
2006 2203
2005 2204
2004 2204
2003 2204
2002 2204
2001 2204
2000 2205
1999 2205
1998 2205
1997 2206
1996 2206
1995 2206
1994 2207
1993 2207
1992 2207
1991 2208
1990 2208
1989 2208
1988 2208
1987 2208
1986 2209
1985 2209
1984 2209
1983 2209
1982 2209
1981 2209
1980 2210
1979 2210
1978 2211
1977 2211
1976 2212
1975 2212
1974 2212
1973 2213
1972 2213
1971 2213
1970 2213
1969 2214
1968 2214
1967 2214
1966 2214
1965 2214
1964 2215
1963 2215
1962 2216
1961 2216
1960 2217
1959 2217
1958 2218
1957 2218
1956 2219
1955 2219
1954 2220
1953 2221
1952 2221
1951 2222
1950 2222
1949 2223
1948 2223
1947 2224
1946 2225
1945 2225
1944 2226
1943 2227
1942 2227
1941 2228
1940 2228
1939 2229
1938 2230
1937 2230
1936 2231
1935 2232
1934 2232
1933 2233
1932 2234
1931 2235
1930 2236
1929 2236
1928 2237
1927 2238
1926 2238
1925 2239
1924 2239
1923 2240
1922 2240
1921 2241
1920 2241
1919 2242
1918 2242
1917 2243
1916 2243
1915 2244
1914 2244
1913 2245
1912 2245
1911 2246
1910 2246
1909 2247
1908 2247
1907 2247
1906 2248
1905 2248
1904 2248
1903 2249
1902 2249
1901 2249
1900 2249
1899 2249
1898 2249
1897 2249
1896 2249
1895 2249
1894 2249
1893 2249
1892 2249
1891 2249
1890 2250
1889 2250
1888 2250
1887 2250
1886 2250
1885 2250
1884 2251
1883 2251
1882 2251
1881 2251
1880 2251
1879 2252
1878 2252
1877 2252
1876 2252
1875 2253
1874 2253
1873 2253
1872 2254
1871 2254
1870 2254
1869 2255
1868 2255
1867 2255
1866 2256
1865 2256
1864 2256
1863 2256
1862 2257
1861 2257
1860 2257
1859 2257
1858 2258
1857 2258
1856 2258
1855 2258
1854 2258
1853 2259
1852 2259
1851 2259
1850 2259
1849 2259
1848 2259
1847 2259
1846 2259
1845 2259
1844 2259
1843 2259
1842 2260
1841 2260
1840 2260
1839 2261
1838 2261
1837 2261
1836 2262
1835 2262
1834 2262
1833 2262
1832 2263
1831 2263
1830 2263
1829 2263
1828 2264
1827 2264
1826 2264
1825 2265
1824 2265
1823 2265
1822 2265
1821 2266
1820 2266
1819 2266
1818 2266
1817 2267
1816 2267
1815 2267
1814 2267
1813 2267
1812 2268
1811 2268
1810 2268
1809 2268
1808 2268
1807 2268
1806 2268
1805 2269
1804 2269
1803 2269
1802 2270
1801 2270
1800 2271
1799 2271
1798 2271
1797 2272
1796 2272
1795 2272
1794 2272
1793 2272
1792 2273
1791 2273
1790 2273
1789 2273
1788 2273
1787 2274
1786 2274
1785 2275
1784 2276
1783 2276
1782 2277
1781 2277
1780 2277
1779 2277
1778 2278
1777 2278
1776 2278
1775 2278
1774 2278
1773 2278
1772 2278
1771 2279
1770 2279
1769 2279
1768 2279
1767 2279
1766 2279
1765 2279
1764 2280
1763 2280
1762 2280
1761 2281
1760 2281
1759 2281
1758 2282
1757 2282
1756 2282
1755 2282
1754 2282
1753 2283
1752 2283
1751 2283
1750 2284
1749 2284
1748 2284
1747 2285
1746 2285
1745 2285
1744 2286
1743 2286
1742 2286
1741 2287
1740 2287
1739 2287
1738 2287
1737 2287
1736 2288
1735 2288
1734 2288
1733 2288
1732 2288
1731 2288
1730 2288
1729 2288
1728 2288
1727 2289
1726 2289
1725 2289
1724 2289
1723 2289
1722 2290
1721 2290
1720 2290
1719 2291
1718 2291
1717 2292
1716 2292
1715 2292
1714 2293
1713 2293
1712 2293
1711 2294
1710 2294
1709 2295
1708 2295
1707 2296
1706 2296
1705 2296
1704 2297
1703 2297
1702 2297
1701 2297
1700 2298
1699 2298
1698 2298
1697 2298
1696 2298
1695 2298
1694 2298
1693 2298
1692 2299
1691 2299
1690 2300
1689 2300
1688 2301
1687 2301
1686 2301
1685 2302
1684 2302
1683 2302
1682 2302
1681 2303
1680 2303
1679 2303
1678 2304
1677 2304
1676 2304
1675 2304
1674 2304
1673 2304
1672 2304
1671 2304
1670 2304
1669 2304
1668 2304
1667 2304
1666 2304
1665 2304
1664 2304
1663 2304
1662 2304
1661 2304
1660 2304
1659 2304
1658 2304
1657 2304
1656 2304
1655 2304
1654 2304
1653 2304
1652 2304
1651 2304
1650 2304
1649 2304
1648 2304
1647 2304
1646 2304
1645 2304
1644 2304
1643 2304
1642 2304
1641 2304
1640 2304
1639 2304
1638 2304
1637 2304
1636 2304
1635 2304
1634 2304
1633 2304
1632 2304
1631 2304
1630 2304
1629 2304
1628 2304
1627 2304
1626 2304
1625 2304
1624 2304
1623 2303
1622 2303
1621 2303
1620 2303
1619 2302
1618 2302
1617 2302
1616 2302
1615 2301
1614 2301
1613 2301
1612 2301
1611 2301
1610 2300
1609 2300
1608 2300
1607 2300
1606 2300
1605 2300
1604 2300
1603 2300
1602 2300
1601 2300
1600 2300
1599 2300
1598 2300
1597 2300
1596 2300
1595 2300
1594 2299
1593 2299
1592 2299
1591 2299
1590 2299
1589 2299
1588 2299
1587 2299
1586 2299
1585 2299
1584 2299
1583 2299
1582 2299
1581 2299
1580 2299
1579 2299
1578 2299
1577 2299
1576 2299
1575 2299
1574 2299
1573 2299
1572 2299
1571 2299
1570 2299
1569 2298
1568 2298
1567 2298
1566 2298
1565 2298
1564 2297
1563 2297
1562 2297
1561 2297
1560 2297
1559 2296
1558 2296
1557 2296
1556 2296
1555 2296
1554 2296
1553 2296
1552 2296
1551 2295
1550 2295
1549 2295
1548 2295
1547 2294
1546 2294
1545 2294
1544 2294
1543 2293
1542 2293
1541 2293
1540 2293
1539 2293
1538 2292
1537 2292
1536 2292
1535 2292
1534 2291
1533 2291
1532 2291
1531 2291
1530 2291
1529 2291
1528 2291
1527 2290
1526 2290
1525 2290
1524 2290
1523 2290
1522 2290
1521 2290
1520 2289
1519 2289
1518 2289
1517 2289
1516 2288
1515 2288
1514 2287
1513 2287
1512 2287
1511 2287
1510 2286
1509 2286
1508 2286
1507 2286
1506 2285
1505 2285
1504 2284
1503 2284
1502 2283
1501 2283
1500 2282
1499 2282
1498 2282
1497 2281
1496 2281
1495 2281
1494 2281
1493 2281
1492 2280
1491 2280
1490 2280
1489 2280
1488 2280
1487 2279
1486 2279
1485 2278
1484 2278
1483 2278
1482 2277
1481 2277
1480 2276
1479 2276
1478 2275
1477 2275
1476 2274
1475 2274
1474 2273
1473 2272
1472 2272
1471 2271
1470 2270
1469 2270
1468 2269
1467 2269
1466 2268
1465 2268
1464 2267
1463 2267
1462 2267
1461 2266
1460 2266
1459 2266
1458 2266
1457 2266
1456 2266
1455 2265
1454 2265
1453 2265
1452 2264
1451 2264
1450 2263
1449 2263
1448 2262
1447 2262
1446 2262
1445 2261
1444 2261
1443 2261
1442 2261
1441 2260
1440 2260
1439 2260
1438 2260
1437 2259
1436 2259
1435 2259
1434 2258
1433 2258
1432 2257
1431 2257
1430 2257
1429 2256
1428 2256
1427 2256
1426 2256
1425 2256
1424 2255
1423 2255
1422 2254
1421 2253
1420 2253
1419 2252
1418 2251
1417 2250
1416 2249
1415 2248
1414 2247
1413 2247
1412 2247
1411 2246
1410 2246
1409 2245
1408 2244
1407 2244
1406 2243
1405 2242
1404 2242
1403 2241
1402 2240
1401 2239
1400 2239
1399 2238
1398 2238
1397 2237
1396 2237
1395 2236
1394 2236
1393 2235
1392 2235
1391 2234
1390 2234
1389 2233
1388 2232
1387 2231
1386 2230
1385 2229
1384 2228
1383 2228
1382 2227
1381 2226
1380 2226
1379 2225
1378 2224
1377 2223
1376 2222
1375 2222
1374 2221
1373 2221
1372 2220
1371 2220
1370 2219
1369 2219
1368 2218
1367 2218
1366 2218
1365 2217
1364 2217
1363 2216
1362 2216
1361 2215
1360 2214
1359 2213
1358 2212
1357 2211
1356 2210
1355 2210
1354 2209
1353 2208
1352 2208
1351 2207
1350 2207
1349 2207
1348 2206
1347 2206
1346 2205
1345 2204
1344 2204
1343 2203
1342 2203
1341 2202
1340 2201
1339 2201
1338 2200
1337 2200
1336 2199
1335 2198
1334 2198
1333 2197
1332 2196
1331 2195
1330 2195
1329 2194
1328 2193
1327 2192
1326 2192
1325 2191
1324 2191
1323 2190
1322 2190
1321 2190
1320 2189
1319 2189
1318 2188
1317 2188
1316 2187
1315 2187
1314 2186
1313 2186
1312 2185
1311 2184
1310 2184
1309 2183
1308 2183
1307 2182
1306 2182
1305 2181
1304 2180
1303 2179
1302 2179
1301 2178
1300 2177
1299 2176
1298 2176
1297 2175
1296 2174
1295 2174
1294 2173
1293 2173
1292 2172
1291 2171
1290 2171
1289 2170
1288 2170
1287 2169
1286 2169
1285 2168
1284 2168
1283 2167
1282 2166
1281 2166
1280 2165
1279 2165
1278 2164
1277 2164
1276 2163
1275 2163
1274 2162
1273 2161
1272 2161
1271 2160
1270 2159
1269 2158
1268 2157
1267 2156
1266 2155
1265 2155
1264 2154
1263 2154
1262 2153
1261 2153
1260 2153
1259 2152
1258 2152
1257 2151
1256 2151
1255 2150
1254 2150
1253 2149
1252 2148
1251 2148
1250 2147
1249 2147
1248 2146
1247 2146
1246 2145
1245 2145
1244 2145
1243 2144
1242 2144
1241 2143
1240 2143
1239 2142
1238 2142
1237 2141
1236 2141
1235 2140
1234 2139
1233 2139
1232 2139
1231 2138
1230 2137
1229 2136
1228 2135
1227 2134
1226 2133
1225 2133
1224 2132
1223 2132
1222 2132
1221 2132
1220 2132
1219 2131
1218 2131
1217 2131
1216 2131
1215 2130
1214 2130
1213 2129
1212 2129
1211 2128
1210 2128
1209 2128
1208 2127
1207 2127
1206 2127
1205 2127
1204 2127
1203 2127
1202 2126
1201 2126
1200 2126
1199 2126
1198 2126
1197 2126
1196 2126
1195 2126
1194 2126
1193 2126
1192 2126
1191 2126
1190 2126
1189 2126
1188 2126
1187 2126
1186 2126
1185 2126
1184 2126
1183 2126
1182 2126
1181 2126
1180 2125
1179 2125
1178 2124
1177 2124
1176 2123
1175 2123
1174 2122
1173 2122
1172 2122
1171 2122
1170 2122
1169 2121
1168 2121
1167 2121
1166 2121
1165 2121
1164 2121
1163 2121
1162 2121
1161 2121
1160 2121
1159 2120
1158 2120
1157 2119
1156 2119
1155 2118
1154 2118
1153 2117
1152 2117
1151 2117
1150 2117
1149 2117
1148 2117
1147 2117
1146 2116
1145 2116
1144 2116
1143 2116
1142 2116
1141 2116
1140 2116
1139 2116
1138 2116
1137 2116
1136 2116
1135 2116
1134 2116
1133 2116
1132 2116
1131 2116
1130 2116
1129 2116
1128 2116
1127 2116
1126 2116
1125 2116
1124 2116
1123 2116
1122 2116
1121 2116
1120 2116
1119 2116
1118 2116
1117 2116
1116 2116
1115 2116
1114 2116
1113 2116
1112 2116
1111 2116
1110 2116
1109 2116
1108 2116
1107 2116
1106 2116
1105 2116
1104 2116
1103 2116
1102 2116
1101 2116
1100 2116
1099 2116
1098 2116
1097 2116
1096 2116
1095 2116
1094 2116
1093 2116
1092 2116
1091 2116
1090 2116
1089 2116
1088 2116
1087 2116
1086 2116
1085 2116
1084 2117
1083 2118
1082 2118
1081 2119
1080 2119
1079 2119
1078 2119
1077 2120
1076 2120
1075 2120
1074 2121
1073 2121
1072 2122
1071 2122
1070 2123
1069 2124
1068 2124
1067 2124
1066 2125
1065 2125
1064 2126
1063 2126
1062 2127
1061 2127
1061 2128
1060 2129
1059 2130
1058 2131
1057 2131
1056 2132
1055 2133
1054 2134
1053 2135
1052 2136
1051 2136
1050 2137
1049 2137
1048 2138
1047 2138
1046 2139
1045 2139
1044 2140
1043 2140
1042 2141
1041 2141
1040 2142
1039 2143
1038 2143
1037 2143
1036 2144
1035 2145
1034 2146
1033 2147
1032 2148
1031 2148
1030 2148
1029 2149
1029 2150
1028 2151
1027 2152
1026 2152
1025 2152
1024 2153
1023 2153
1022 2153
1021 2154
1020 2154
1019 2155
1018 2155
1017 2156
1016 2157
1015 2157
1014 2158
1013 2159
1012 2159
1011 2159
1010 2160
1009 2161
1008 2161
1007 2162
1006 2162
1005 2163
1004 2163
1003 2163
1002 2164
1001 2165
1000 2166
999 2166
998 2167
997 2167
996 2168
995 2169
994 2169
993 2170
992 2171
991 2172
990 2173
989 2174
988 2175
987 2175
986 2176
985 2177
984 2178
983 2179
982 2180
981 2181
980 2182
979 2183
978 2183
977 2184
976 2184
975 2185
974 2186
973 2187
972 2187
971 2187
970 2188
969 2188
968 2189
967 2189
966 2190
965 2191
964 2192
963 2193
962 2194
961 2194
960 2195
959 2196
958 2197
957 2197
956 2198
955 2199
954 2200
953 2201
952 2201
951 2202
950 2203
949 2204
948 2204
947 2205
946 2206
945 2206
944 2207
943 2207
942 2208
941 2208
940 2208
939 2209
939 2210
938 2211
938 2212
938 2213
937 2214
936 2215
935 2216
934 2217
934 2218
934 2219
933 2220
933 2221
933 2222
932 2223
932 2224
931 2225
930 2226
929 2227
929 2228
928 2229
928 2230
928 2231
927 2232
927 2233
926 2234
926 2235
925 2236
924 2236
923 2237
922 2238
921 2239
920 2240
919 2241
918 2242
917 2242
916 2243
915 2244
914 2245
914 2246
913 2247
912 2248
912 2249
912 2250
912 2251
912 2252
912 2253
912 2254
913 2255
914 2256
914 2257
915 2258
915 2259
916 2260
917 2260
918 2261
919 2262
920 2262
921 2263
922 2263
923 2263
924 2263
925 2263
926 2263
927 2263
928 2263
929 2263
930 2263
931 2263
932 2263
933 2263
934 2262
935 2262
936 2261
937 2260
938 2260
939 2259
940 2258
941 2257
942 2257
943 2256
944 2255
945 2254
946 2254
947 2253
948 2253
949 2252
950 2252
951 2251
952 2251
953 2250
954 2250
955 2249
956 2249
957 2248
958 2247
959 2247
960 2246
961 2245
962 2245
963 2244
964 2243
965 2242
966 2241
967 2240
968 2240
969 2239
970 2238
971 2238
972 2237
973 2236
974 2235
975 2234
976 2234
977 2233
978 2232
979 2231
980 2230
981 2229
982 2228
983 2228
984 2227
985 2227
986 2226
987 2226
987 2225
988 2224
989 2223
990 2222
991 2222
992 2222
993 2221
994 2221
995 2220
996 2219
997 2218
998 2218
999 2217
1000 2216
1001 2215
1002 2215
1003 2214
1004 2213
1005 2213
1006 2212
1007 2212
1008 2211
1009 2211
1010 2210
1011 2210
1012 2209
1013 2209
1014 2208
1015 2208
1016 2207
1017 2207
1018 2206
1019 2206
1020 2205
1021 2204
1022 2203
1023 2202
1024 2202
1025 2201
1026 2201
1027 2200
1028 2199
1029 2199
1030 2198
1031 2198
1032 2197
1033 2197
1034 2196
1035 2196
1036 2196
1037 2196
1038 2196
1039 2195
1040 2195
1041 2195
1042 2195
1043 2194
1044 2194
1045 2194
1046 2193
1047 2192
1048 2191
1049 2191
1050 2191
1051 2190
1052 2190
1053 2190
1054 2190
1055 2190
1056 2190
1057 2190
1058 2190
1059 2190
1060 2189
1061 2189
1062 2189
1063 2189
1064 2189
1065 2189
1066 2188
1067 2187
1068 2187
1069 2187
1070 2186
1071 2186
1072 2186
1073 2186
1074 2185
1075 2185
1076 2185
1077 2185
1078 2185
1079 2185
1080 2185
1081 2185
1082 2185
1083 2184
1084 2184
1085 2184
1086 2183
1087 2183
1088 2182
1089 2182
1090 2181
1091 2181
1092 2181
1093 2180
1094 2180
1095 2180
1096 2180
1097 2180
1098 2179
1099 2178
1100 2178
1101 2178
1102 2177
1103 2177
1104 2177
1105 2176
1106 2176
1107 2176
1108 2176
1109 2175
1110 2175
1111 2175
1112 2175
1113 2175
1114 2175
1115 2175
1116 2175
1117 2175
1118 2175
1119 2175
1120 2175
1121 2175
1122 2175
1123 2174
1124 2174
1125 2174
1126 2174
1127 2174
1128 2174
1129 2174
1130 2174
1131 2174
1132 2174
1133 2174
1134 2174
1135 2174
1136 2174
1137 2174
1138 2174
1139 2174
1140 2174
1141 2174
1142 2174
1143 2174
1144 2174
1145 2174
1146 2174
1147 2174
1148 2174
1149 2175
1150 2175
1151 2175
1152 2176
1153 2176
1154 2176
1155 2177
1156 2177
1157 2177
1158 2178
1159 2178
1160 2178
1161 2178
1162 2178
1163 2179
1164 2179
1165 2179
1166 2179
1167 2179
1168 2179
1169 2179
1170 2179
1171 2179
1172 2180
1173 2180
1174 2180
1175 2181
1176 2181
1177 2181
1178 2182
1179 2182
1180 2183
1181 2183
1182 2183
1183 2183
1184 2183
1185 2183
1186 2184
1187 2184
1188 2184
1189 2184
1190 2184
1191 2184
1192 2184
1193 2184
1194 2184
1195 2184
1196 2184
1197 2184
1198 2184
1199 2185
1200 2185
1201 2185
1202 2186
1203 2186
1204 2187
1205 2187
1206 2188
1207 2188
1208 2189
1209 2189
1210 2190
1211 2190
1212 2191
1213 2191
1214 2191
1215 2192
1216 2192
1217 2193
1218 2193
1219 2194
1220 2195
1221 2195
1222 2196
1223 2196
1224 2197
1225 2197
1226 2197
1227 2197
1228 2198
1229 2198
1230 2199
1231 2199
1232 2200
1233 2200
1234 2201
1235 2201
1236 2201
1237 2202
1238 2202
1239 2202
1240 2203
1241 2203
1242 2203
1243 2204
1244 2204
1245 2205
1246 2206
1247 2207
1248 2208
1249 2209
1250 2210
1251 2211
1252 2211
1253 2211
1254 2212
1255 2212
1256 2213
1257 2213
1258 2214
1259 2214
1260 2215
1261 2215
1262 2216
1263 2216
1264 2217
1265 2217
1266 2217
1267 2218
1268 2218
1269 2219
1270 2220
1271 2220
1272 2221
1273 2221
1274 2222
1275 2222
1276 2222
1277 2222
1278 2222
1279 2223
1280 2223
1281 2223
1282 2223
1283 2224
1284 2224
1285 2224
1286 2225
1287 2225
1288 2226
1289 2226
1290 2226
1291 2227
1292 2227
1293 2228
1294 2228
1295 2229
1296 2229
1297 2230
1298 2230
1299 2231
1300 2231
1301 2231
1302 2232
1303 2232
1304 2233
1305 2234
1306 2234
1307 2235
1308 2235
1309 2236
1310 2236
1311 2236
1312 2236
1313 2237
1314 2237
1315 2238
1316 2238
1317 2239
1318 2239
1319 2239
1320 2240
1321 2240
1322 2241
1323 2241
1324 2241
1325 2242
1326 2242
1327 2243
1328 2244
1329 2245
1330 2246
1331 2247
1331 2248
1331 2249
1332 2250
1333 2251
1334 2251
1335 2252
1336 2252
1337 2252
1338 2252
1339 2253
1340 2254
1341 2255
1342 2255
1343 2256
1344 2256
1345 2257
1346 2257
1347 2258
1348 2258
1349 2259
1350 2260
1351 2260
1352 2261
1353 2261
1354 2262
1355 2262
1356 2262
1357 2263
1358 2263
1359 2264
1360 2264
1361 2265
1362 2265
1363 2266
1364 2266
1365 2266
1366 2267
1367 2267
1368 2268
1369 2268
1370 2269
1371 2269
1372 2270
1373 2270
1374 2271
1375 2271
1376 2271
1377 2272
1378 2272
1379 2273
1380 2274
1381 2274
1382 2275
1383 2275
1384 2276
1385 2276
1386 2277
1387 2277
1388 2278
1389 2278
1390 2279
1391 2280
1392 2280
1393 2281
1394 2281
1395 2282
1396 2282
1397 2283
1398 2283
1399 2284
1400 2285
1401 2285
1402 2286
1403 2287
1404 2288
1404 2289
1405 2289
1406 2290
1407 2290
1408 2291
1409 2291
1410 2292
1411 2292
1412 2292
1413 2293
1414 2293
1415 2294
1416 2294
1417 2295
1418 2295
1419 2296
1420 2296
1421 2296
1422 2297
1423 2297
1424 2297
1425 2297
1426 2298
1427 2298
1428 2299
1429 2300
1430 2300
1431 2301
1432 2301
1433 2302
1434 2302
1435 2303
1436 2304
1437 2304
1438 2305
1439 2305
1440 2306
1441 2307
1442 2307
1443 2308
1444 2309
1445 2310
1446 2310
1447 2311
1448 2311
1449 2312
1449 2313
1450 2313
1451 2314
1452 2314
1453 2315
1454 2315
1455 2316
1456 2316
1457 2316
1458 2317
1459 2317
1460 2318
1461 2319
1462 2319
1463 2320
1464 2321
1465 2321
1466 2321
1467 2321
1468 2322
1469 2322
1470 2323
1471 2323
1472 2324
1473 2324
1474 2325
1475 2325
1476 2326
1477 2326
1478 2327
1479 2328
1480 2329
1481 2330
1482 2330
1483 2331
1484 2331
1485 2332
1486 2332
1487 2333
1488 2333
1489 2333
1490 2333
1491 2333
1492 2334
1493 2334
1494 2335
1495 2335
1496 2336
1497 2336
1498 2336
1499 2336
1500 2337
1501 2337
1502 2337
1503 2338
1504 2338
1505 2339
1506 2339
1507 2340
1508 2340
1509 2340
1510 2340
1511 2341
1512 2341
1513 2341
1514 2341
1515 2342
1516 2342
1517 2342
1518 2342
1519 2343
1520 2344
1521 2345
1522 2345
1523 2346
1524 2346
1525 2347
1526 2348
1527 2349
1528 2350
1529 2350
1530 2351
1531 2351
1532 2351
1533 2351
1534 2352
1535 2352
1536 2352
1537 2352
1538 2352
1539 2352
1540 2353
1541 2353
1542 2354
1543 2354
1544 2355
1545 2355
1546 2355
1547 2356
1548 2356
1549 2356
1550 2356
1551 2357
1552 2357
1553 2357
1554 2357
1555 2357
1556 2357
1557 2357
1558 2358
1559 2358
1560 2358
1561 2359
1562 2359
1563 2360
1564 2360
1565 2360
1566 2361
1567 2361
1568 2361
1569 2362
1570 2362
1571 2362
1572 2363
1573 2363
1574 2364
1575 2364
1576 2365
1577 2366
1578 2366
1579 2367
1580 2368
1581 2368
1582 2369
1583 2369
1584 2370
1585 2370
1586 2370
1587 2371
1588 2371
1589 2371
1590 2371
1591 2371
1592 2372
1593 2372
1594 2372
1595 2372
1596 2372
1597 2372
1598 2372
1599 2372
1600 2373
1601 2373
1602 2374
1603 2374
1604 2375
1605 2375
1606 2376
1607 2376
1608 2376
1609 2376
1610 2377
1611 2377
1612 2377
1613 2377
1614 2377
1615 2377
1616 2377
1617 2377
1618 2377
1619 2377
1620 2377
1621 2377
1622 2377
1623 2378
1624 2378
1625 2378
1626 2378
1627 2378
1628 2378
1629 2378
1630 2378
1631 2378
1632 2378
1633 2378
1634 2378
1635 2378
1636 2378
1637 2378
1638 2378
1639 2378
1640 2378
1641 2378
1642 2378
1643 2378
1644 2378
1645 2378
1646 2378
1647 2378
1648 2378
1649 2378
1650 2378
1651 2378
1652 2378
1653 2378
1654 2378
1655 2378
1656 2378
1657 2378
1658 2378
1659 2378
1660 2378
1661 2378
1662 2378
1663 2378
1664 2378
1665 2378
1666 2378
1667 2378
1668 2378
1669 2378
1670 2378
1671 2378
1672 2378
1673 2378
1674 2378
1675 2378
1676 2378
1677 2378
1678 2378
1679 2378
1680 2378
1681 2378
1682 2378
1683 2378
1684 2378
1685 2378
1686 2378
1687 2378
1688 2378
1689 2378
1690 2378
1691 2378
1692 2378
1693 2378
1694 2378
1695 2378
1696 2378
1697 2378
1698 2378
1699 2378
1700 2378
1701 2378
1702 2378
1703 2378
1704 2378
1705 2378
1706 2378
1707 2378
1708 2378
1709 2378
1710 2378
1711 2378
1712 2378
1713 2379
1714 2379
1715 2380
1716 2380
1717 2381
1718 2381
1719 2381
1720 2381
1721 2382
1722 2383
1723 2383
1724 2384
1725 2385
1726 2385
1727 2385
1728 2386
1729 2386
1730 2386
1731 2386
1732 2386
1733 2387
1734 2387
1735 2387
1736 2387
1737 2387
1738 2387
1739 2387
1740 2387
1741 2387
1742 2387
1743 2387
1744 2387
1745 2387
1746 2387
1747 2387
1748 2387
1749 2388
1750 2388
1751 2388
1752 2389
1753 2389
1754 2390
1755 2390
1756 2390
1757 2391
1758 2391
1759 2391
1760 2391
1761 2392
1762 2392
1763 2392
1764 2392
1765 2392
1766 2392
1767 2392
1768 2392
1769 2392
1770 2392
1771 2392
1772 2392
1773 2392
1774 2392
1775 2392
1776 2392
1777 2392
1778 2392
1779 2392
1780 2392
1781 2392
1782 2392
1783 2392
1784 2392
1785 2393
1786 2393
1787 2393
1788 2393
1789 2393
1790 2393
1791 2393
1792 2393
1793 2393
1794 2393
1795 2393
1796 2393
1797 2393
1798 2393
1799 2393
1800 2393
1801 2393
1802 2393
1803 2393
1804 2393
1805 2393
1806 2393
1807 2393
1808 2393
1809 2393
1810 2393
1811 2393
1812 2393
1813 2393
1814 2393
1815 2393
1816 2393
1817 2393
1818 2393
1819 2393
1820 2393
1821 2393
1822 2393
1823 2393
1824 2393
1825 2393
1826 2393
1827 2393
1828 2393
1829 2393
1830 2393
1831 2393
1832 2393
1833 2393
1834 2393
1835 2393
1836 2393
1837 2393
1838 2393
1839 2393
1840 2393
1841 2393
1842 2393
1843 2393
1844 2393
1845 2393
1846 2393
1847 2393
1848 2393
1849 2393
1850 2393
1851 2393
1852 2393
1853 2393
1854 2393
1855 2393
1856 2393
1857 2393
1858 2393
1859 2393
1860 2393
1861 2393
1862 2393
1863 2393
1864 2393
1865 2393
1866 2393
1867 2393
1868 2393
1869 2393
1870 2393
1871 2393
1872 2393
1873 2393
1874 2393
1875 2393
1876 2393
1877 2393
1878 2393
1879 2393
1880 2393
1881 2393
1882 2393
1883 2393
1884 2393
1885 2393
1886 2393
1887 2393
1888 2393
1889 2393
1890 2393
1891 2393
1892 2393
1893 2393
1894 2393
1895 2393
1896 2393
1897 2393
1898 2393
1899 2393
1900 2393
1901 2393
1902 2393
1903 2393
1904 2393
1905 2393
1906 2393
1907 2393
1908 2393
1909 2393
1910 2393
1911 2393
1912 2393
1913 2393
1914 2393
1915 2393
1916 2393
1917 2393
1918 2393
1919 2393
1920 2393
1921 2393
1922 2393
1923 2393
1924 2393
1925 2393
1926 2393
1927 2393
1928 2393
1929 2393
1930 2393
1931 2393
1932 2393
1933 2393
1934 2393
1935 2393
1936 2393
1937 2393
1938 2393
1939 2393
1940 2393
1941 2393
1942 2393
1943 2393
1944 2393
1945 2393
1946 2392
1947 2391
1948 2391
1949 2390
1950 2390
1951 2389
1952 2389
1953 2389
1954 2389
1955 2389
1956 2388
1957 2388
1958 2388
1959 2389
1959 2390
1959 2391
1959 2392
1959 2393
1959 2394
1959 2395
1959 2396
1958 2397
1958 2398
1958 2399
1957 2400
1957 2401
1957 2402
1956 2403
1956 2404
1956 2405
1956 2406
1956 2407
1955 2408
1955 2409
1955 2410
1955 2411
1956 2410
1957 2409
1958 2408
1959 2407
1960 2406
1961 2405
1962 2405
1963 2404
1964 2404
1965 2403
1966 2402
1967 2402
1968 2401
1969 2400
1970 2400
1971 2400
1972 2399
1973 2399
1974 2399
1975 2398
1976 2398
1977 2397
1978 2396
1979 2396
1980 2395
1981 2395
1982 2395
1983 2394
1984 2394
1985 2394
1986 2394
1987 2394
1988 2394
1989 2393
1990 2393
1991 2393
1992 2393
1993 2393
1994 2393
1995 2393
1996 2393
1997 2393
1998 2392
1999 2392
2000 2391
2001 2391
2002 2391
2003 2390
2004 2390
2005 2390
2006 2389
2007 2389
2008 2388
2009 2388
2010 2387
2011 2386
2012 2386
2013 2385
2014 2385
2015 2385
2016 2384
2017 2384
2018 2384
2019 2384
2020 2384
2021 2383
2022 2383
2023 2383
2024 2383
2025 2383
2026 2383
2027 2383
2028 2383
2029 2383
2030 2383
2031 2383
2032 2383
2033 2383
2034 2383
2035 2383
2036 2383
2037 2383
2038 2383
2039 2383
2040 2383
2041 2383
2042 2383
2043 2383
2044 2383
2045 2383
2046 2383
2047 2383
2048 2383
2049 2383
2050 2383
2051 2383
2052 2383
2053 2383
2054 2383
2055 2383
2056 2383
2057 2383
2058 2383
2059 2383
2060 2383
2061 2383
2062 2383
2063 2383
2064 2383
2065 2383
2066 2383
2067 2383
2068 2383
2069 2383
2070 2383
2071 2383
2072 2383
2073 2383
2074 2383
2075 2383
2076 2383
2077 2383
2078 2383
2079 2384
2080 2384
2081 2385
2082 2385
2083 2385
2084 2386
2085 2386
2086 2386
2087 2386
2088 2387
2089 2387
2090 2387
2091 2387
2092 2387
2093 2387
2094 2387
2095 2387
2096 2388
2097 2388
2098 2389
2099 2389
2100 2390
2101 2390
2102 2391
2103 2391
2104 2391
2105 2391
2106 2392
2107 2392
2108 2392
2109 2393
2110 2394
2111 2394
2112 2395
2113 2395
2114 2396
2115 2396
2116 2396
2117 2397
2118 2397
2119 2397
2120 2397
2121 2397
2122 2397
2123 2397
2124 2397
2125 2397
2126 2397
2127 2397
2128 2397
2129 2397
2130 2397
2131 2397
2132 2397
2133 2397
2134 2398
2135 2398
2136 2398
2137 2399
2137 2400
2138 2401
2138 2402
2138 2403
2138 2404
2138 2405
2138 2406
2138 2407
2138 2408
2138 2409
2137 2410
2136 2411
2135 2412
2135 2413
2134 2414
2133 2415
2132 2416
2131 2416
2130 2416
2129 2417
2128 2417
2127 2417
2126 2418
2126 2419
2126 2420
2125 2421
2125 2422
2124 2423
2123 2424
2122 2425
2121 2426
2121 2427
2121 2428
2120 2429
2120 2430
2119 2431
2120 2431
2121 2432
2122 2432
2123 2432
2124 2432
2125 2432
2126 2432
2127 2432
2128 2432
2129 2432
2130 2432
2131 2432
2132 2432
2133 2432
2134 2432
2135 2432
2136 2432
2137 2432
2138 2432
2139 2432
2140 2432
2141 2432
2142 2432
2143 2431
2144 2430
2145 2430
2146 2429
2146 2428
2147 2427
2148 2426
2149 2425
2150 2424
2151 2423
2152 2423
2153 2422
2154 2421
2155 2420
2156 2420
2157 2420
2158 2419
2159 2419
2160 2418
2161 2418
2162 2417
2163 2416
2164 2416
2165 2415
2166 2414
2167 2414
2168 2413
2169 2413
2170 2413
2171 2412
2172 2412
2173 2411
2174 2410
2175 2410
2176 2409
2177 2409
2178 2408
2179 2408
2180 2407
2181 2406
2182 2406
2183 2405
2184 2405
2185 2404
2186 2404
2187 2404
2188 2404
2189 2403
2190 2403
2191 2403
2192 2403
2193 2403
2194 2403
2195 2403
2196 2403
2197 2403
2198 2403
2199 2403
2200 2403
2201 2403
2202 2403
2203 2403
2204 2404
2205 2404
2206 2405
2207 2405
2208 2405
2209 2406
2210 2406
2211 2406
2212 2406
2213 2406
2214 2406
2215 2407
2216 2407
2217 2407
2218 2407
2219 2407
2220 2407
2221 2407
2222 2407
2223 2407
2224 2407
2225 2407
2226 2408
2227 2409
2228 2409
2229 2410
2230 2410
2231 2410
2232 2411
2233 2411
2234 2411
2235 2411
2236 2412
2237 2412
2238 2412
2239 2412
2240 2412
2241 2412
2242 2412
2243 2412
2244 2412
2245 2412
2246 2412
2247 2412
2248 2413
2249 2413
2250 2414
2251 2414
2252 2415
2253 2415
2254 2416
2255 2416
2256 2416
2257 2416
2258 2416
2259 2416
2260 2417
2261 2417
2262 2417
2263 2417
2264 2417
2265 2417
2266 2417
2267 2418
2268 2418
2269 2418
2270 2419
2271 2419
2272 2420
2273 2420
2274 2421
2275 2422
2276 2423
2277 2424
2278 2424
2279 2425
2280 2425
2281 2426
2282 2427
2283 2428
2284 2428
2285 2429
2286 2429
2287 2430
2288 2431
2289 2432
2290 2433
2291 2434
2292 2434
2293 2435
2294 2436
2295 2436
2296 2437
2296 2438
2297 2439
2298 2440
2299 2441
2300 2442
2301 2443
2302 2444
2303 2445
2304 2446
2305 2446
2306 2447
2307 2448
2308 2449
2309 2450
2310 2451
2311 2452
2312 2453
2313 2454
2314 2454
2315 2455
2315 2454
2315 2453
2315 2452
2316 2451
2316 2450
2316 2449
2316 2448
2316 2447
2316 2446
2316 2445
2316 2444
2316 2443
2316 2442
2316 2441
2316 2440
2316 2439
2316 2438
2316 2437
2316 2436
2316 2435
2316 2434
2316 2433
2316 2432
2316 2431
2316 2430
2317 2429
2318 2428
2319 2428
2320 2428
2321 2428
2322 2428
2323 2429
2324 2429
2325 2430
2326 2430
2327 2430
2328 2430
2329 2431
2330 2431
2331 2432
2332 2432
2333 2433
2334 2434
2335 2435
2336 2435
2337 2436
2338 2436
2339 2436
2340 2437
2341 2437
2342 2437
2343 2437
2344 2437
2345 2437
2346 2437
2347 2437
2348 2437
2349 2437
2350 2437
2351 2437
2352 2437
2353 2437
2354 2437
2355 2437
2356 2437
2357 2437
2358 2437
2359 2437
2360 2437
2361 2437
2362 2437
2363 2437
2364 2437
2365 2437
2366 2437
2367 2437
2368 2438
2369 2438
2370 2439
2371 2440
2372 2441
2373 2442
2374 2442
2375 2443
2376 2444
2377 2444
2378 2445
2379 2445
2380 2445
2381 2445
2382 2445
2383 2446
2384 2446
2385 2446
2386 2447
2387 2447
2388 2448
2389 2448
2390 2449
2391 2449
2392 2450
2393 2450
2394 2450
2395 2450
2396 2451
2397 2451
2398 2451
2399 2451
2400 2451
2401 2451
2402 2452
2403 2452
2404 2452
2405 2452
2406 2452
2407 2452
2408 2452
2409 2452
2410 2452
2411 2452
2412 2452
2413 2453
2414 2453
2415 2454
2416 2454
2417 2455
2418 2455
2419 2455
2420 2455
2421 2455
2422 2456
2423 2456
2424 2456
2425 2456
2426 2456
2427 2456
2428 2456
2429 2457
2430 2457
2431 2457
2432 2457
2433 2457
2434 2457
2435 2457
2436 2457
2437 2457
2438 2457
2439 2457
2440 2457
2441 2457
2442 2457
2443 2457
2444 2457
2445 2457
2446 2457
2447 2457
2448 2457
2449 2457
2450 2457
2451 2457
2452 2458
2453 2458
2454 2458
2455 2459
2456 2459
2457 2460
2458 2460
2459 2460
2460 2460
2461 2461
2462 2461
2463 2461
2464 2461
2465 2461
2466 2461
2467 2461
2468 2461
2469 2462
2470 2462
2471 2462
2472 2463
2473 2464
2474 2465
2475 2466
2476 2467
2477 2468
2478 2469
2479 2469
2480 2470
2481 2471
2482 2472
2483 2473
2484 2473
2485 2474
2486 2474
2487 2474
2488 2475
2489 2476
2490 2476
2491 2477
2492 2478
2493 2479
2494 2479
2495 2480
2496 2480
2497 2480
2498 2481
2499 2482
2500 2481
2500 2480
2500 2479
2500 2478
2500 2477
2500 2476
2500 2475
2500 2474
2500 2473
2500 2472
2500 2471
2500 2470
2500 2469
2500 2468
2501 2467
2501 2466
2501 2465
2502 2464
2502 2463
2503 2462
2503 2461
2504 2460
2505 2459
2506 2459
2507 2458
2508 2458
2509 2459
2510 2459
2511 2459
2512 2460
2513 2460
2514 2460
2515 2461
2516 2461
2517 2461
2518 2462
2519 2463
2520 2464
2521 2465
2522 2466
2522 2467
2523 2467
2524 2468
2525 2469
2526 2469
2527 2470
2528 2470
2529 2470
2530 2471
2531 2471
2532 2472
2533 2473
2534 2474
2535 2474
2536 2475
2537 2475
2538 2475
2539 2475
2540 2476
2541 2476
2542 2476
2543 2476
2544 2476
2545 2476
2546 2476
2547 2477
2548 2477
2549 2477
2550 2477
2551 2477
2552 2477
2553 2478
2553 2479
2554 2480
2555 2481
2556 2482
2557 2483
2557 2484
2558 2485
2558 2486
2558 2487
2559 2488
2559 2489
2559 2490
2559 2491
2559 2492
2560 2493
2560 2494
2560 2495
2560 2496
2560 2497
2560 2498
2560 2497
2560 2496
2560 2495
2560 2494
2560 2493
2560 2492
2560 2491
2560 2490
2560 2489
2560 2488
2560 2487
2560 2486
2560 2485
2560 2484
2560 2483
2560 2482
2560 2481
2560 2480
2560 2479
2561 2478
2562 2478
2563 2477
2564 2477
2565 2477
2566 2477
2567 2477
2568 2477
2569 2477
2570 2477
2571 2477
2572 2477
2573 2477
2574 2477
2575 2477
2576 2477
2577 2477
2578 2477
2579 2477
2580 2477
2581 2477
2582 2477
2583 2477
2584 2477
2585 2477
2586 2477
2587 2477
2588 2478
2589 2478
2590 2478
2591 2478
2592 2479
2593 2479
2594 2480
2595 2480
2596 2480
2597 2481
2598 2481
2599 2481
2600 2481
2601 2482
2602 2482
2603 2483
2604 2484
2605 2485
2606 2486
2607 2487
2608 2487
2609 2488
2610 2489
2611 2489
2612 2489
2613 2490
2614 2490
2615 2491
2616 2492
2617 2493
2618 2493
2619 2494
2620 2494
2621 2495
2622 2495
2623 2495
2624 2496
2625 2496
2626 2497
2627 2497
2628 2498
2629 2498
2630 2499
2631 2499
2632 2500
2633 2500
2634 2500
2635 2501
2636 2501
2637 2502
2638 2503
2639 2503
2640 2504
2641 2504
2642 2504
2643 2505
2644 2505
2645 2506
2646 2506
2647 2506
2648 2507
2649 2507
2650 2507
2651 2508
2652 2508
2653 2508
2654 2509
2655 2509
2656 2509
2657 2509
2658 2510
2659 2510
2660 2510
2661 2510
2662 2510
2663 2511
2664 2511
2665 2512
2666 2512
2667 2513
2668 2513
2669 2513
2670 2514
2671 2514
2672 2514
2673 2515
2674 2515
2675 2515
2676 2515
2677 2515
2678 2516
2679 2516
2680 2516
2681 2516
2682 2516
2683 2516
2684 2516
2685 2516
2686 2517
2687 2517
2688 2517
2689 2517
2690 2518
2691 2518
2692 2519
2693 2519
2694 2519
2695 2519
2696 2520
2697 2520
2698 2520
2699 2520
2700 2520
2701 2520
2702 2521
2703 2521
2704 2521
2705 2521
2706 2521
2707 2522
2708 2522
2709 2522
2710 2523
2711 2523
2712 2524
2713 2524
2714 2524
2715 2525
2716 2525
2717 2526
2718 2526
2719 2527
2720 2527
2721 2528
2722 2528
2723 2529
2724 2529
2725 2529
2726 2530
2727 2530
2728 2531
2729 2531
2730 2531
2731 2532
2732 2533
2733 2533
2734 2534
2735 2534
2736 2534
2737 2535
2738 2535
2739 2535
2740 2536
2741 2537
2742 2537
2743 2538
2744 2538
2745 2539
2746 2539
2747 2539
2748 2540
2749 2540
2750 2541
2751 2542
2752 2542
2753 2543
2754 2543
2755 2543
2756 2544
2757 2545
2758 2545
2759 2546
2760 2547
2761 2548
2762 2549
2763 2549
2764 2549
2765 2550
2766 2551
2767 2552
2768 2552
2769 2553
2770 2554
2771 2555
2772 2555
2773 2556
2774 2557
2775 2557
2776 2558
2777 2559
2778 2560
2779 2561
2780 2562
2781 2562
2782 2563
2783 2563
2784 2564
2785 2564
2786 2565
2787 2565
2788 2566
2789 2566
2790 2566
2791 2567
2792 2567
2793 2567
2794 2568
2795 2568
2796 2568
2797 2569
2798 2569
2799 2569
2800 2570
2801 2570
2802 2570
2803 2571
2804 2571
2805 2571
2806 2572
2807 2572
2808 2572
2809 2572
2810 2573
2811 2573
2812 2573
2813 2573
2814 2574
2815 2574
2816 2574
2817 2574
2818 2575
2819 2575
2820 2576
2821 2576
2822 2576
2823 2577
2824 2577
2825 2578
2826 2578
2827 2579
2828 2580
2829 2580
2830 2580
2831 2581
2832 2581
2833 2581
2834 2582
2835 2582
2836 2583
2837 2583
2838 2583
2839 2583
2840 2584
2841 2584
2842 2584
2843 2584
2844 2584
2845 2584
2846 2585
2847 2585
2848 2585
2849 2586
2850 2586
2851 2586
2852 2587
2853 2587
2854 2587
2855 2588
2856 2588
2857 2588
2858 2588
2859 2588
2860 2589
2861 2589
2862 2589
2863 2589
2864 2589
2865 2590
2866 2590
2867 2590
2868 2590
2869 2590
2870 2590
2871 2590
2872 2590
2873 2591
2874 2591
2875 2591
2876 2592
2877 2592
2878 2592
2879 2593
2880 2593
2881 2594
2882 2594
2883 2595
2884 2595
2885 2596
2886 2596
2887 2597
2888 2597
2889 2598
2890 2598
2891 2598
2892 2598
2893 2599
2894 2599
2895 2599
2896 2599
2897 2599
2898 2600
2899 2600
2900 2601
2901 2601
2902 2602
2903 2602
2904 2602
2905 2603
2906 2603
2907 2603
2908 2604
2909 2604
2910 2604
2911 2604
2912 2605
2913 2605
2914 2605
2915 2605
2916 2606
2917 2606
2918 2607
2919 2607
2920 2608
2921 2608
2922 2609
2923 2609
2924 2609
2925 2610
2926 2610
2927 2611
2928 2611
2929 2612
2930 2613
2931 2613
2932 2614
2933 2615
2934 2615
2935 2616
2936 2617
2937 2617
2938 2618
2939 2618
2940 2618
2941 2618
2942 2619
2943 2619
2944 2619
2945 2619
2946 2620
2947 2621
2948 2621
2949 2622
2950 2622
2951 2622
2952 2623
2953 2623
2954 2623
2955 2623
2956 2624
2957 2624
2958 2624
2959 2624
2960 2624
2961 2624
2962 2625
2963 2625
2964 2625
2965 2625
2966 2625
2967 2625
2968 2625
2969 2625
2970 2625
2971 2625
2972 2626
2973 2626
2974 2626
2975 2626
2976 2627
2977 2627
2978 2627
2979 2627
2980 2628
2981 2628
2982 2628
2983 2629
2984 2629
2985 2629
2986 2629
2987 2629
2988 2629
2989 2630
2990 2630
2991 2630
2992 2630
2993 2631
2994 2631
2995 2631
2996 2631
2997 2631
2998 2632
2999 2632
3000 2632
3001 2633
3002 2633
3003 2633
3004 2633
3005 2634
3006 2634
3007 2634
3008 2634
3009 2634
3010 2634
3011 2635
3012 2635
3013 2635
3014 2635
3015 2635
3016 2635
3017 2635
3018 2635
3019 2635
3020 2635
3021 2635
3022 2636
3023 2636
3024 2636
3025 2636
3026 2637
3027 2637
3028 2637
3029 2638
3030 2638
3031 2638
3032 2638
3033 2639
3034 2639
3035 2639
3036 2640
3037 2640
3038 2641
3039 2641
3040 2642
3041 2642
3042 2643
3043 2643
3044 2643
3045 2644
3046 2644
3047 2644
3048 2644
3049 2644
3050 2645
3051 2645
3052 2645
3053 2645
3054 2645
3055 2645
3056 2645
3057 2645
3058 2645
3059 2645
3060 2645
3061 2645
3062 2645
3063 2645
3064 2646
3065 2646
3066 2646
3067 2646
3068 2646
3069 2646
3070 2647
3071 2647
3072 2648
3073 2648
3074 2648
3075 2649
3076 2649
3077 2649
3078 2649
3079 2649
3080 2649
3081 2650
3082 2650
3083 2650
3084 2650
3085 2650
3086 2650
3087 2650
3088 2650
3089 2650
3090 2650
3091 2650
3092 2650
3093 2650
3094 2650
3095 2650
3096 2650
3097 2651
3098 2651
3099 2651
3100 2651
3101 2652
3102 2653
3103 2653
3104 2653
3105 2654
3106 2654
3107 2654
3108 2654
3109 2654
3110 2654
3111 2655
3112 2655
3113 2655
3114 2655
3115 2655
3116 2655
3117 2655
3118 2655
3119 2655
3120 2655
3121 2655
3122 2655
3123 2655
3124 2655
3125 2655
3126 2655
3127 2655
3128 2655
3129 2655
3130 2655
3131 2655
3132 2655
3133 2655
3134 2655
3135 2655
3136 2655
3137 2656
3138 2656
3139 2656
3140 2656
3141 2656
3142 2656
3143 2656
3144 2656
3145 2656
3146 2656
3147 2656
3148 2656
3149 2656
3150 2656
3151 2656
3152 2656
3153 2656
3154 2656
3155 2656
3156 2656
3157 2656
3158 2656
3159 2656
3160 2656
3161 2656
3162 2656
3163 2656
3164 2656
3165 2656
3166 2656
3167 2656
3168 2656
3169 2656
3170 2656
3171 2656
3172 2656
3173 2656
3174 2656
3175 2656
3176 2656
3177 2656
3178 2656
3179 2656
3180 2656
3181 2656
3182 2656
3183 2656
3184 2656
3185 2656
3186 2656
3187 2656
3188 2656
3189 2656
3190 2656
3191 2656
3192 2656
3193 2656
3194 2656
3195 2656
3196 2656
3197 2656
3198 2656
3199 2656
3200 2656
3201 2656
3202 2656
3203 2656
3204 2656
3205 2656
3206 2656
3207 2656
3208 2656
3209 2656
3210 2656
3211 2656
3212 2656
3213 2656
3214 2656
3215 2656
3216 2656
3217 2656
3218 2656
3219 2656
3220 2656
3221 2656
3222 2656
3223 2656
3224 2656
3225 2655
3226 2655
3227 2655
3228 2655
3229 2654
3230 2654
3231 2654
3232 2653
3233 2653
3234 2653
3235 2653
3236 2652
3237 2652
3238 2652
3239 2652
3240 2652
3241 2652
3242 2651
3243 2651
3244 2651
3245 2650
3246 2650
3247 2650
3248 2649
3249 2649
3250 2648
3251 2647
3252 2647
3253 2646
3254 2646
3255 2645
3256 2645
3257 2644
3258 2644
3259 2643
3260 2643
3261 2642
3262 2642
3263 2641
3264 2641
3265 2640
3266 2640
3267 2639
3268 2638
3269 2638
3270 2637
3271 2636
3272 2636
3273 2635
3274 2635
3275 2634
3276 2633
3277 2633
3278 2632
3279 2632
3280 2631
3281 2630
3282 2630
3283 2629
3284 2629
3285 2628
3286 2628
3287 2627
3288 2627
3289 2626
3290 2625
3291 2624
3292 2624
3293 2623
3294 2622
3295 2622
3296 2621
3297 2620
3298 2620
3299 2619
3300 2619
3301 2618
3302 2618
3303 2618
3304 2617
3305 2617
3306 2616
3307 2616
3308 2615
3309 2615
3310 2614
3311 2614
3312 2614
3313 2613
3314 2613
3315 2612
3316 2612
3317 2611
3318 2611
3319 2610
3320 2610
3321 2610
3322 2609
3323 2609
3324 2608
3325 2608
3326 2608
3327 2607
3328 2606
3329 2606
3329 2605
3330 2604
3331 2603
3331 2602
3332 2601
3333 2600
3334 2599
3335 2599
3336 2598
3337 2598
3338 2598
3339 2597
3340 2597
3341 2597
3342 2596
3343 2596
3344 2595
3345 2595
3346 2594
3347 2594
3348 2593
3349 2593
3350 2592
3351 2592
3352 2591
3353 2590
3354 2589
3355 2588
3356 2587
3357 2586
3358 2585
3359 2585
3360 2584
3361 2583
3362 2582
3363 2581
3364 2581
3365 2580
3366 2580
3367 2579
3368 2579
3369 2578
3370 2578
3371 2577
3372 2577
3373 2576
3374 2576
3375 2575
3376 2575
3377 2574
3378 2574
3379 2573
3380 2573
3381 2572
3382 2572
3383 2571
3384 2571
3385 2570
3386 2570
3387 2569
3388 2569
3389 2568
3390 2568
3391 2567
3392 2567
3393 2566
3394 2565
3395 2564
3396 2563
3397 2562
3398 2561
3399 2561
3400 2560
3401 2560
3402 2559
3403 2559
3404 2558
3405 2558
3406 2557
3407 2557
3408 2556
3409 2556
3410 2555
3411 2555
3412 2554
3413 2553
3414 2553
3415 2552
3416 2552
3417 2551
3418 2551
3419 2550
3420 2550
3421 2549
3422 2549
3423 2549
3424 2548
3425 2548
3426 2548
3427 2547
3428 2547
3429 2546
3430 2546
3431 2545
3432 2544
3433 2544
3434 2543
3435 2542
3436 2541
3437 2541
3438 2540
3439 2539
3440 2539
3441 2538
3442 2537
3443 2537
3444 2536
3445 2536
3446 2535
3447 2535
3448 2534
3449 2533
3450 2533
3451 2532
3452 2531
3453 2531
3454 2530
3455 2529
3456 2528
3457 2527
3458 2527
3459 2526
3460 2525
3461 2524
3462 2524
3463 2523
3464 2522
3465 2522
3466 2521
3467 2520
3468 2520
3469 2519
3470 2518
3471 2518
3472 2517
3473 2516
3474 2515
3475 2514
3476 2513
3477 2512
3478 2511
3478 2510
3479 2509
3480 2508
3480 2507
3481 2506
3481 2505
3482 2504
3482 2503
3483 2502
3483 2501
3484 2500
3485 2499
3486 2498
3487 2497
3488 2496
3489 2495
3489 2494
3490 2493
3491 2492
3492 2491
3492 2490
3493 2489
3493 2488
3494 2487
3495 2486
3495 2485
3496 2484
3496 2483
3497 2482
3498 2481
3498 2480
3499 2479
3500 2478
3500 2477
3501 2476
3501 2475
3502 2474
3502 2473
3503 2472
3504 2471
3505 2470
3506 2469
3507 2468
3508 2468
3508 2467
3509 2466
3510 2465
3510 2464
3511 2463
3511 2462
3511 2461
3511 2460
3512 2459
3512 2458
3513 2457
3513 2456
3514 2455
3514 2454
3515 2453
3515 2452
3515 2451
3516 2450
3516 2449
3517 2448
3517 2447
3518 2446
3518 2445
3519 2444
3519 2443
3520 2442
3520 2441
3521 2440
3521 2439
3522 2438
3522 2437
3523 2436
3524 2435
3524 2434
3525 2433
3526 2432
3527 2431
3528 2431
3529 2430
3530 2429
3530 2428
3531 2427
3531 2426
3532 2425
3532 2424
3533 2423
3533 2422
3534 2421
3534 2420
3535 2419
3535 2418
3536 2417
3536 2416
3536 2415
3537 2414
3537 2413
3537 2412
3537 2411
3537 2410
3538 2409
3538 2408
3539 2407
3540 2406
3540 2405
3541 2404
3541 2403
3542 2402
3542 2401
3542 2400
3542 2399
3542 2398
3542 2397
3543 2396
3543 2395
3543 2394
3543 2393
3543 2392
3543 2391
3543 2390
3543 2389
3543 2388
3543 2387
3543 2386
3544 2385
3544 2384
3544 2383
3545 2382
3545 2381
3545 2380
3546 2379
3546 2378
3547 2377
3547 2376
3548 2375
3548 2374
3549 2373
3549 2372
3549 2371
3550 2370
3550 2369
3551 2368
3551 2367
3551 2366
3552 2365
3553 2364
3553 2363
3554 2362
3555 2361
3556 2360
3556 2359
3557 2358
3558 2357
3559 2356
3559 2355
3560 2354
3561 2353
3562 2353
3563 2352
3564 2351
3565 2350
3566 2349
3567 2348
3568 2348
3569 2347
3570 2346
3571 2345
3572 2344
3573 2344
3574 2343
3575 2342
3576 2341
3577 2341
3578 2340
3578 2339
3579 2338
3580 2338
3581 2337
3582 2336
3583 2335
3584 2334
3585 2333
3586 2332
3587 2332
3588 2331
3589 2331
3590 2330
3591 2329
3591 2328
3591 2327
3592 2326
3592 2325
3592 2324
3592 2323
3592 2322
3592 2321
3592 2320
3592 2319
3593 2318
3593 2317
3593 2316
3593 2315
3594 2314
3594 2313
3594 2312
3595 2311
3595 2310
3595 2309
3596 2308
3596 2307
3596 2306
3596 2305
3597 2304
3597 2303
3597 2302
3597 2301
3597 2300
3597 2299
3597 2298
3597 2297
3597 2296
3597 2295
3597 2294
3597 2293
3597 2292
3598 2291
3598 2290
3598 2289
3598 2288
3598 2287
3598 2286
3598 2285
3598 2284
3598 2283
3599 2282
3599 2281
3599 2280
3600 2279
3600 2278
3600 2277
3601 2276
3601 2275
3601 2274
3601 2273
3601 2272
3601 2271
3602 2270
3602 2269
3602 2268
3602 2267
3602 2266
3602 2265
3602 2264
3602 2263
3602 2262
3602 2261
3603 2260
3603 2259
3603 2258
3603 2257
3604 2256
3604 2255
3605 2254
3605 2253
3605 2252
3606 2251
3606 2250
3606 2249
3606 2248
3606 2247
3607 2246
3607 2245
3607 2244
3607 2243
3607 2242
3607 2241
3607 2240
3607 2239
3607 2238
3607 2237
3608 2236
3608 2235
3608 2234
3609 2233
3609 2232
3610 2231
3610 2230
3611 2229
3611 2228
3611 2227
3612 2226
3612 2225
3612 2224
3613 2223
3613 2222
3613 2221
3614 2220
3614 2219
3615 2218
3615 2217
3616 2216
3616 2215
3616 2214
3616 2213
3616 2212
3617 2211
3617 2210
3617 2209
3617 2208
3617 2207
3617 2206
3617 2205
3617 2204
3617 2203
3618 2202
3618 2201
3618 2200
3619 2199
3619 2198
3619 2197
3620 2196
3620 2195
3620 2194
3620 2193
3621 2192
3621 2191
3621 2190
3621 2189
3621 2188
3621 2187
3621 2186
3622 2185
3622 2184
3622 2183
3622 2182
3622 2181
3622 2180
3622 2179
3622 2178
3623 2177
3623 2176
3624 2175
3624 2174
3625 2173
3625 2172
3625 2171
3626 2170
3626 2169
3626 2168
3626 2167
3626 2166
3627 2165
3627 2164
3627 2163
3627 2162
3627 2161
3627 2160
3627 2159
3627 2158
3627 2157
3627 2156
3627 2155
3627 2154
3627 2153
3627 2152
3628 2151
3628 2150
3628 2149
3628 2148
3628 2147
3628 2146
3628 2145
3628 2144
3628 2143
3628 2142
3628 2141
3628 2140
3628 2139
3628 2138
3628 2137
3628 2136
3628 2135
3628 2134
3628 2133
3628 2132
3628 2131
3628 2130
3628 2129
3628 2128
3628 2127
3628 2126
3628 2125
3628 2124
3628 2123
3628 2122
3628 2121
3628 2120
3628 2119
3628 2118
3628 2117
3628 2116
3628 2115
3628 2114
3628 2113
3628 2112
3628 2111
3627 2110
3627 2109
3627 2108
3626 2107
3626 2106
3626 2105
3625 2104
3625 2103
3625 2102
3625 2101
3625 2100
3624 2099
3624 2098
3624 2097
3624 2096
3624 2095
3624 2094
3624 2093
3623 2092
3623 2091
3623 2090
3623 2089
3622 2088
3622 2087
3622 2086
3621 2085
3621 2084
3621 2083
3620 2082
3620 2081
3620 2080
3619 2079
3619 2078
3618 2077
3618 2076
3617 2075
3617 2074
3616 2073
3616 2072
3615 2071
3615 2070
3614 2069
3614 2068
3614 2067
3614 2066
3614 2065
3614 2064
3613 2063
3613 2062
3612 2061
3612 2060
3611 2059
3611 2058
3611 2057
3610 2056
3610 2055
3610 2054
3610 2053
3609 2052
3609 2051
3609 2050
3609 2049
3609 2048
3609 2047
3609 2046
3609 2045
3609 2044
3608 2043
3608 2042
3608 2041
3608 2040
3608 2039
3608 2038
3608 2037
3608 2036
3608 2035
3608 2034
3608 2033
3608 2032
3608 2031
3608 2030
3608 2029
3607 2028
3606 2027
3606 2026
3605 2025
3605 2024
3604 2023
3603 2022
3603 2021
3604 2020
3605 2019
3606 2018
3607 2017
3608 2016
3609 2015
3610 2014
3611 2013
3612 2012
3613 2011
3614 2010
3615 2009
3616 2008
3617 2007
3617 2006
3616 2006
3615 2006
3614 2005
3613 2005
3612 2005
3611 2005
3610 2004
3609 2004
3608 2004
3607 2003
3606 2003
3605 2003
3604 2003
3603 2002
3602 2002
3601 2002
3600 2002
3599 2001
3598 2001
3597 2000
3596 1999
3595 1998
3595 1997
3594 1996
3593 1995
3592 1994
3591 1994
3590 1993
3589 1993
3588 1992
3587 1991
3586 1990
3585 1989
3584 1989
3583 1988
3582 1988
3581 1987
3580 1987
3579 1986
3578 1985
3577 1984
3576 1984
3575 1983
3574 1982
3573 1981
3572 1980
3571 1979
3570 1979
3569 1979
3568 1978
3567 1978
3566 1977
3565 1976
3564 1976
3563 1975
3562 1974
3561 1973
3560 1973
3559 1972
3558 1971
3557 1970
3556 1970
3555 1969
3554 1969
3553 1969
3552 1968
3551 1967
3550 1966
3550 1965
3549 1965
3548 1964
3547 1963
3546 1962
3545 1961
3545 1960
3544 1959
3544 1958
3543 1957
3542 1956
3541 1955
3540 1954
3540 1953
3540 1952
3539 1951
3538 1950
3537 1949
3536 1948
3536 1947
3535 1946
3535 1945
3534 1945
3533 1944
3532 1943
3532 1942
3531 1941
3530 1940
3530 1939
3529 1938
3528 1937
3527 1936
3526 1935
3526 1934
3525 1933
3525 1932
3525 1931
3524 1930
3524 1929
3523 1928
3522 1927
3521 1926
3521 1925
3520 1924
3519 1923
3518 1922
3517 1921
3516 1920
3515 1919
3514 1918
3513 1917
3512 1916
3512 1915
3511 1914
3511 1913
3511 1912
3510 1911
3510 1910
3510 1909
3510 1908
3510 1907
3509 1906
3509 1905
3509 1904
3508 1904
3507 1904
3506 1903
3505 1903
3504 1903
3503 1903
3502 1903
3501 1903
3500 1903
3499 1903
3498 1903
3497 1903
3496 1902
3495 1902
3494 1902
3493 1902
3492 1902
3491 1902
3490 1902
3489 1902
3488 1902
3487 1903
3486 1904
3485 1905
3484 1905
3483 1906
3482 1906
3481 1906
3480 1906
3479 1907
3478 1907
3477 1907
3476 1907
3475 1907
3474 1907
3473 1907
3472 1907
3471 1908
3470 1909
3469 1909
3468 1910
3467 1910
3466 1911
3465 1911
3464 1911
3463 1911
3462 1912
3461 1912
3460 1912
3459 1912
3458 1912
3457 1912
3456 1912
3455 1912
3454 1912
3453 1912
3452 1912
3451 1912
3450 1912
3449 1912
3448 1911
3447 1910
3446 1909
3445 1908
3444 1908
3443 1907
3442 1906
3441 1906
3440 1905
3439 1905
3438 1905
3437 1904
3436 1903
3435 1903
3434 1902
3433 1901
3432 1901
3431 1900
3430 1899
3429 1899
3428 1898
3427 1897
3426 1897
3425 1896
3424 1895
3423 1894
3422 1894
3421 1893
3420 1892
3419 1891
3418 1891
3417 1890
3416 1890
3415 1889
3414 1889
3413 1888
3412 1887
3412 1886
3411 1885
3411 1884
3411 1883
3411 1882
3410 1881
3409 1881
3408 1880
3407 1879
3406 1878
3405 1877
3404 1876
3404 1875
3403 1874
3402 1873
3402 1872
3401 1871
3401 1870
3400 1869
3399 1868
3398 1867
3397 1866
3396 1865
3395 1865
3394 1864
3393 1864
3392 1863
3391 1862
3391 1861
3390 1862
3390 1863
3389 1864
3388 1865
3388 1866
3387 1867
3387 1868
3387 1869
3386 1870
3386 1871
3386 1872
3386 1873
3386 1874
3386 1875
3385 1876
3385 1877
3384 1878
3384 1879
3383 1880
3383 1881
3382 1882
3382 1883
3381 1884
3380 1885
3379 1885
3378 1886
3377 1886
3376 1887
3375 1887
3374 1887
3373 1888
3372 1888
3371 1889
3370 1889
3369 1890
3368 1890
3367 1891
3366 1891
3365 1891
3364 1891
3363 1891
3362 1892
3361 1892
3360 1892
3359 1892
3358 1892
3357 1892
3356 1892
3355 1892
3354 1892
3353 1892
3352 1892
3351 1893
3350 1894
3349 1894
3348 1895
3347 1895
3346 1895
3345 1895
3344 1896
3343 1896
3342 1896
3341 1896
3340 1896
3339 1896
3338 1896
3337 1897
3336 1897
3335 1897
3334 1897
3333 1897
3332 1897
3331 1897
3330 1897
3329 1897
3328 1897
3327 1897
3326 1897
3325 1897
3324 1897
3323 1897
3322 1897
3321 1897
3320 1897
3319 1897
3318 1897
3317 1897
3316 1897
3315 1897
3314 1897
3313 1897
3312 1897
3311 1897
3310 1897
3309 1897
3308 1897
3307 1897
3306 1897
3305 1897
3304 1897
3303 1897
3302 1897
3301 1897
3300 1897
3299 1897
3298 1897
3297 1897
3296 1897
3295 1897
3294 1897
3293 1897
3292 1896
3291 1896
3290 1895
3289 1894
3288 1893
3287 1892
3286 1892
3285 1891
3284 1890
3283 1889
3282 1889
3281 1888
3280 1887
3279 1887
3278 1886
3277 1886
3276 1885
3275 1884
3274 1883
3273 1882
3272 1881
3271 1880
3271 1879
3270 1879
3269 1878
3268 1877
3267 1876
3266 1876
3265 1875
3264 1874
3264 1873
3263 1872
3262 1871
3262 1870
3261 1869
3260 1868
3259 1867
3258 1866
3257 1865
3257 1864
3256 1863
3255 1862
3254 1861
3253 1860
3252 1859
