2493 2081
2492 2082
2491 2082
2490 2083
2489 2084
2489 2085
2489 2086
2488 2087
2487 2088
2486 2088
2485 2088
2484 2087
2484 2086
2483 2087
2482 2087
2481 2087
2480 2087
2479 2086
2479 2085
2479 2086
2480 2087
2479 2088
2479 2089
2478 2090
2477 2090
2476 2090
2475 2089
2475 2088
2475 2087
2475 2086
2475 2087
2475 2088
2474 2089
2473 2089
2472 2089
2471 2089
2470 2090
2469 2090
2468 2090
2467 2090
2466 2090
2465 2090
2464 2090
2463 2090
2462 2090
2461 2090
2460 2090
2459 2090
2459 2091
2459 2092
2458 2093
2457 2093
2456 2093
2455 2092
2454 2092
2453 2092
2452 2092
2451 2092
2450 2092
2449 2092
2448 2092
2447 2092
2446 2093
2445 2093
2444 2093
2443 2093
2442 2094
2441 2094
2440 2094
2439 2095
2438 2096
2437 2096
2436 2096
2435 2096
2434 2097
2433 2098
2432 2098
2431 2098
2430 2099
2429 2100
2428 2100
2427 2100
2426 2100
2425 2101
2424 2102
2423 2102
2422 2102
2421 2103
2420 2103
2419 2103
2418 2104
2417 2104
2416 2105
2415 2105
2414 2106
2413 2106
2412 2107
2411 2108
2410 2109
2409 2110
2408 2111
2407 2112
2406 2112
2405 2112
2404 2113
2403 2113
2402 2114
2401 2114
2400 2115
2399 2115
2398 2116
2397 2116
2396 2117
2395 2118
2394 2118
2393 2119
2392 2119
2391 2119
2390 2120
2389 2120
2388 2121
2387 2122
2386 2122
2385 2123
2384 2124
2383 2125
2382 2125
2381 2126
2380 2126
2379 2126
2378 2127
2377 2127
2376 2127
2375 2127
2374 2127
2373 2127
2372 2127
2371 2127
2370 2127
2369 2128
2368 2128
2367 2129
2366 2129
2365 2129
2364 2130
2363 2130
2362 2130
2361 2130
2360 2130
2359 2130
2358 2130
2357 2130
2356 2131
2355 2131
2354 2132
2353 2132
2352 2132
2351 2133
2350 2133
2349 2133
2348 2133
2347 2133
2346 2133
2345 2133
2344 2133
2343 2134
2342 2134
2341 2134
2340 2135
2339 2135
2338 2136
2337 2137
2336 2137
2335 2138
2334 2138
2333 2139
2332 2139
2331 2139
2330 2140
2329 2141
2328 2141
2327 2142
2326 2142
2325 2143
2324 2143
2323 2144
2322 2145
2321 2145
2320 2146
2319 2146
2318 2146
2317 2147
2316 2148
2315 2148
2315 2149
2314 2150
2313 2151
2312 2151
2311 2152
2310 2152
2309 2153
2308 2154
2307 2155
2306 2155
2305 2156
2304 2156
2303 2156
2302 2156
2301 2156
2300 2156
2299 2156
2298 2156
2297 2156
2296 2156
2295 2157
2294 2157
2293 2157
2292 2158
2291 2158
2290 2158
2289 2158
2288 2158
2287 2159
2286 2159
2285 2159
2284 2159
2283 2159
2282 2159
2281 2159
2280 2159
2279 2159
2278 2159
2277 2159
2276 2159
2275 2159
2274 2159
2273 2160
2272 2160
2271 2160
2270 2161
2269 2161
2268 2161
2267 2162
2266 2162
2265 2162
2264 2162
2263 2162
2262 2162
2261 2162
2260 2163
2259 2163
2258 2163
2257 2163
2256 2163
2255 2163
2254 2163
2253 2163
2252 2163
2251 2163
2250 2163
2249 2163
2248 2163
2247 2163
2246 2163
2245 2163
2244 2162
2243 2162
2242 2162
2241 2162
2240 2162
2239 2162
2238 2162
2237 2162
2236 2162
2235 2162
2234 2162
2233 2162
2232 2162
2231 2162
2230 2162
2229 2162
2228 2162
2227 2163
2226 2163
2225 2164
2224 2164
2223 2164
2222 2165
2221 2165
2220 2166
2219 2166
2218 2167
2217 2167
2216 2167
2215 2168
2214 2168
2213 2168
2212 2168
2211 2168
2210 2169
2209 2170
2208 2170
2207 2171
2206 2171
2205 2171
2204 2171
2203 2171
2202 2171
2201 2171
2200 2172
2199 2172
2198 2172
2197 2172
2196 2173
2195 2174
2194 2175
2193 2175
2192 2176
2191 2176
2190 2176
2189 2177
2188 2177
2187 2177
2186 2177
2185 2178
2184 2178
2183 2179
2182 2179
2181 2179
2180 2180
2179 2180
2178 2180
2177 2180
2176 2180
2175 2181
2174 2181
2173 2181
2172 2181
2171 2181
2170 2182
2169 2182
2168 2182
2167 2183
2166 2183
2165 2183
2164 2183
2163 2183
2162 2184
2161 2184
2160 2184
2159 2184
2158 2184
2157 2184
2156 2185
2155 2185
2154 2185
2153 2186
2152 2186
2151 2186
2150 2186
2149 2187
2148 2187
2147 2188
2146 2188
2145 2188
2144 2189
2143 2189
2142 2189
2141 2190
2140 2190
2139 2190
2138 2190
2137 2190
2136 2190
2135 2191
2134 2191
2133 2191
2132 2191
2131 2191
2130 2191
2129 2191
2128 2191
2127 2192
2126 2192
2125 2192
2124 2193
2123 2193
2122 2193
2121 2193
2120 2193
2119 2193
2118 2194
2117 2194
2116 2194
2115 2195
2114 2195
2113 2195
2112 2195
2111 2196
2110 2196
2109 2196
2108 2196
2107 2196
2106 2196
2105 2197
2104 2197
2103 2197
2102 2197
2101 2197
2100 2197
2099 2197
2098 2197
2097 2197
2096 2197
2095 2197
2094 2197
2093 2198
2092 2198
2091 2198
2090 2199
2089 2199
2088 2199
2087 2199
2086 2199
2085 2199
2084 2200
2083 2200
2082 2200
2081 2200
2080 2200
2079 2200
2078 2200
2077 2200
2076 2200
2075 2200
2074 2200
2073 2200
2072 2200
2071 2200
2070 2200
2069 2200
2068 2200
2067 2200
2066 2200
2065 2201
2064 2201
2063 2201
2062 2202
2061 2202
2060 2202
2059 2202
2058 2203
2057 2203
2056 2203
2055 2204
2054 2204
2053 2204
2052 2205
2051 2205
2050 2205
2049 2205
2048 2205
2047 2205
2046 2205
2045 2206
2044 2206
2043 2206
2042 2207
2041 2207
2040 2207
2039 2207
2038 2208
2037 2208
2036 2208
2035 2208
2034 2208
2033 2208
2032 2209
2031 2209
2030 2209
2029 2210
2028 2210
2027 2211
2026 2211
2025 2211
2024 2212
2023 2212
2022 2213
2021 2213
2020 2214
2019 2214
2018 2215
2017 2215
2016 2215
2015 2216
2014 2216
2013 2217
2012 2217
2011 2218
2010 2218
2009 2219
2008 2219
2007 2220
2006 2221
2005 2221
2004 2222
2003 2222
2002 2223
2001 2223
2000 2224
1999 2224
1998 2225
1997 2225
1996 2226
1995 2226
1994 2226
1993 2227
1992 2227
1991 2228
1990 2228
1989 2228
1988 2229
1987 2229
1986 2230
1985 2230
1984 2231
1983 2231
1982 2232
1981 2232
1980 2233
1979 2233
1978 2234
1977 2234
1976 2235
1975 2235
1974 2236
1973 2236
1972 2237
1971 2237
1970 2238
1969 2238
1968 2238
1967 2239
1966 2239
1965 2239
1964 2240
1963 2240
1962 2240
1961 2241
1960 2241
1959 2241
1958 2242
1957 2242
1956 2242
1955 2242
1954 2243
1953 2243
1952 2243
1951 2243
1950 2244
1949 2244
1948 2245
1947 2245
1946 2245
1945 2246
1944 2246
1943 2247
1942 2247
1941 2247
1940 2247
1939 2247
1938 2247
1937 2248
1936 2248
1935 2248
1934 2248
1933 2249
1932 2249
1931 2249
1930 2249
1929 2250
1928 2250
1927 2250
1926 2250
1925 2250
1924 2251
1923 2251
1922 2251
1921 2251
1920 2252
1919 2252
1918 2252
1917 2252
1916 2253
1915 2253
1914 2253
1913 2253
1912 2253
1911 2253
1910 2254
1909 2254
1908 2254
1907 2254
1906 2254
1905 2254
1904 2255
1903 2255
1902 2255
1901 2256
1900 2256
1899 2256
1898 2256
1897 2257
1896 2257
1895 2257
1894 2258
1893 2258
1892 2258
1891 2259
1890 2259
1889 2259
1888 2259
1887 2260
1886 2260
1885 2260
1884 2260
1883 2260
1882 2260
1881 2260
1880 2261
1879 2261
1878 2261
1877 2262
1876 2262
1875 2262
1874 2262
1873 2262
1872 2263
1871 2263
1870 2263
1869 2263
1868 2263
1867 2263
1866 2264
1865 2264
1864 2264
1863 2264
1862 2264
1861 2265
1860 2265
1859 2265
1858 2265
1857 2266
1856 2266
1855 2266
1854 2266
1853 2267
1852 2267
1851 2267
1850 2267
1849 2268
1848 2268
1847 2268
1846 2268
1845 2268
1844 2268
1843 2268
1842 2269
1841 2269
1840 2269
1839 2269
1838 2269
1837 2270
1836 2270
1835 2270
1834 2270
1833 2271
1832 2271
1831 2271
1830 2271
1829 2272
1828 2272
1827 2272
1826 2272
1825 2272
1824 2272
1823 2272
1822 2272
1821 2273
1820 2273
1819 2273
1818 2273
1817 2274
1816 2274
1815 2274
1814 2274
1813 2274
1812 2275
1811 2275
1810 2275
1809 2275
1808 2275
1807 2276
1806 2276
1805 2276
1804 2277
1803 2277
1802 2277
1801 2278
1800 2278
1799 2278
1798 2279
1797 2279
1796 2280
1795 2280
1794 2280
1793 2281
1792 2281
1791 2281
1790 2281
1789 2281
1788 2282
1787 2282
1786 2282
1785 2282
1784 2282
1783 2283
1782 2283
1781 2283
1780 2283
1779 2284
1778 2284
1777 2284
1776 2284
1775 2285
1774 2285
1773 2285
1772 2286
1771 2286
1770 2286
1769 2287
1768 2287
1767 2288
1766 2288
1765 2288
1764 2288
1763 2288
1762 2288
1761 2288
1760 2288
1759 2289
1758 2289
1757 2289
1756 2289
1755 2289
1754 2290
1753 2290
1752 2290
1751 2290
1750 2291
1749 2291
1748 2292
1747 2292
1746 2292
1745 2293
1744 2293
1743 2294
1742 2294
1741 2294
1740 2294
1739 2294
1738 2295
1737 2295
1736 2295
1735 2296
1734 2296
1733 2296
1732 2297
1731 2297
1730 2297
1729 2298
1728 2298
1727 2298
1726 2298
1725 2298
1724 2298
1723 2299
1722 2299
1721 2300
1720 2300
1719 2300
1718 2301
1717 2302
1716 2303
1715 2303
1714 2304
1714 2305
1714 2306
1715 2307
1716 2307
1717 2307
1718 2307
1719 2308
1720 2308
1721 2308
1722 2308
1723 2308
1724 2308
1725 2308
1726 2308
1727 2308
1728 2308
1729 2308
1730 2308
1731 2308
1732 2308
1733 2308
1734 2308
1735 2308
1736 2308
1737 2308
1738 2308
1739 2309
1740 2309
1741 2309
1742 2309
1743 2309
1744 2309
1745 2309
1746 2309
1747 2309
1748 2309
1749 2309
1750 2309
1751 2309
1752 2309
1753 2309
1754 2309
1755 2309
1756 2309
1757 2309
1758 2309
1759 2309
1760 2309
1761 2309
1762 2309
1763 2309
1764 2309
1765 2309
1766 2309
1767 2309
1768 2309
1769 2309
1770 2309
1771 2309
1772 2309
1773 2309
1774 2309
1775 2309
1776 2309
1777 2309
1778 2309
1779 2309
1780 2309
1781 2309
1782 2309
1783 2309
1784 2309
1785 2309
1786 2309
1787 2309
1788 2310
1789 2310
1790 2310
1791 2310
1792 2310
1793 2310
1794 2310
1795 2310
1796 2310
1797 2310
1798 2310
1799 2310
1800 2310
1801 2310
1802 2310
1803 2310
1804 2310
1805 2310
1806 2310
1807 2310
1808 2310
1809 2310
1810 2310
1811 2310
1812 2310
1813 2310
1814 2310
1815 2310
1816 2310
1817 2310
1818 2310
1819 2310
1820 2310
1821 2310
1822 2310
1823 2310
1824 2310
1825 2310
1826 2310
1827 2310
1828 2310
1829 2310
1830 2310
1831 2310
1832 2310
1833 2310
1834 2310
1835 2310
1836 2310
1837 2310
1838 2310
1839 2310
1840 2310
1841 2310
1842 2311
1843 2311
1844 2311
1845 2311
1846 2311
1847 2311
1848 2311
1849 2311
1850 2311
1851 2311
1852 2311
1853 2311
1854 2311
1855 2311
1856 2311
1857 2311
1858 2311
1859 2311
1860 2311
1861 2311
1862 2311
1863 2311
1864 2311
1865 2311
1866 2311
1867 2311
1868 2311
1869 2311
1870 2311
1871 2311
1872 2311
1873 2311
1874 2311
1875 2311
1876 2311
1877 2311
1878 2311
1879 2311
1880 2311
1881 2311
1882 2311
1883 2311
1884 2311
1885 2311
1886 2311
1887 2311
1888 2310
1889 2310
1890 2310
1891 2309
1892 2309
1893 2309
1894 2309
1895 2309
1896 2309
1897 2309
1898 2309
1899 2309
1900 2309
1901 2309
1902 2309
1903 2309
1904 2309
1905 2309
1906 2309
1907 2309
1908 2309
1909 2309
1910 2309
1911 2309
1912 2309
1913 2309
1914 2309
1915 2309
1916 2309
1917 2309
1918 2309
1919 2309
1920 2309
1921 2309
1922 2309
1923 2309
1924 2309
1925 2309
1926 2309
1927 2309
1928 2309
1929 2309
1930 2309
1931 2309
1932 2309
1933 2309
1934 2309
1935 2309
1936 2309
1937 2309
1938 2309
1939 2309
1940 2309
1941 2309
1942 2309
1943 2309
1944 2309
1945 2309
1946 2309
1947 2309
1948 2309
1949 2309
1950 2309
1951 2309
1952 2309
1953 2309
1954 2309
1955 2309
1956 2309
1957 2309
1958 2309
1959 2309
1960 2309
1961 2309
1962 2309
1963 2310
1964 2310
1965 2310
1966 2310
1967 2310
1968 2310
1969 2310
1970 2310
1971 2310
1972 2310
1973 2310
1974 2310
1975 2310
1976 2310
1977 2310
1978 2310
1979 2310
1980 2310
1981 2310
1982 2310
1983 2310
1984 2310
1985 2310
1986 2310
1987 2310
1988 2310
1989 2310
1990 2310
1991 2310
1992 2310
1993 2310
1994 2310
1995 2310
1996 2310
1997 2310
1998 2310
1999 2310
2000 2310
2001 2310
2002 2310
2003 2310
2004 2310
2005 2310
2006 2310
2007 2310
2008 2310
2009 2310
2010 2310
2011 2310
2012 2310
2013 2310
2014 2310
2015 2311
2016 2311
2017 2311
2018 2311
2019 2311
2020 2311
2021 2311
2022 2311
2023 2311
2024 2311
2025 2311
2026 2311
2027 2311
2028 2311
2029 2311
2030 2311
2031 2311
2032 2311
2033 2311
2034 2311
2035 2311
2036 2311
2037 2311
2038 2311
2039 2311
2040 2311
2041 2311
2042 2311
2043 2311
2044 2311
2045 2311
2046 2311
2047 2311
2048 2311
2049 2311
2050 2311
2051 2311
2052 2311
2053 2311
2054 2311
2055 2311
2056 2311
2057 2312
2058 2312
2059 2312
2060 2313
2061 2313
2062 2313
2063 2313
2064 2314
2065 2314
2066 2314
2067 2314
2068 2314
2069 2314
2070 2315
2071 2315
2072 2315
2073 2315
2074 2315
2075 2316
2076 2316
2077 2316
2078 2316
2079 2317
2080 2317
2081 2317
2082 2317
2083 2318
2084 2318
2085 2318
2086 2318
2087 2318
2088 2319
2089 2319
2090 2319
2091 2320
2092 2320
2093 2320
2094 2321
2095 2321
2096 2321
2097 2321
2098 2321
2099 2321
2100 2321
2101 2322
2102 2322
2103 2322
2104 2322
2105 2322
2106 2323
2107 2323
2108 2323
2109 2324
2110 2324
2111 2325
2112 2325
2113 2326
2114 2327
2115 2327
2116 2327
2117 2328
2118 2328
2119 2328
2120 2328
2121 2329
2122 2329
2123 2329
2124 2329
2125 2329
2126 2329
2127 2330
2128 2330
2129 2330
2130 2331
2131 2331
2132 2331
2133 2332
2134 2332
2135 2332
2136 2332
2137 2332
2138 2333
2139 2333
2140 2333
2141 2334
2142 2334
2143 2335
2144 2335
2145 2336
2146 2336
2147 2337
2148 2337
2149 2338
2150 2338
2151 2338
2152 2339
2153 2339
2154 2339
2155 2339
2156 2339
2157 2340
2158 2340
2159 2340
2160 2341
2161 2341
2162 2341
2163 2342
2164 2342
2165 2342
2166 2343
2167 2343
2168 2343
2169 2343
2170 2343
2171 2344
2172 2344
2173 2344
2174 2344
2175 2344
2176 2344
2177 2344
2178 2344
2179 2344
2180 2345
2181 2345
2182 2346
2183 2346
2184 2346
2185 2346
2186 2347
2187 2347
2188 2347
2189 2347
2190 2347
2191 2347
2192 2348
2193 2348
2194 2349
2195 2349
2196 2349
2197 2350
2198 2350
2199 2351
2200 2351
2201 2351
2202 2351
2203 2351
2204 2352
2205 2352
2206 2353
2207 2353
2208 2353
2209 2354
2210 2354
2211 2355
2212 2355
2213 2356
2214 2356
2215 2357
2216 2357
2217 2357
2218 2357
2219 2358
2220 2358
2221 2359
2222 2360
2223 2360
2224 2360
2225 2361
2226 2361
2227 2362
2228 2362
2229 2363
2230 2363
2231 2364
2232 2364
2233 2365
2234 2365
2235 2365
2236 2366
2237 2366
2238 2367
2239 2367
2240 2367
2241 2367
2242 2368
2243 2368
2244 2368
2245 2368
2246 2369
2247 2369
2248 2370
2249 2370
2250 2371
2251 2371
2252 2372
2253 2372
2254 2373
2255 2373
2256 2374
2257 2374
2258 2374
2259 2375
2260 2375
2261 2375
2262 2376
2263 2377
2264 2377
2265 2378
2266 2379
2267 2380
2268 2380
2269 2381
2270 2382
2271 2382
2272 2383
2273 2383
2274 2384
2275 2384
2276 2385
2277 2385
2278 2386
2279 2387
2280 2387
2281 2388
2282 2389
2283 2389
2284 2390
2285 2390
2286 2391
2287 2391
2288 2391
2289 2392
2290 2392
2291 2393
2292 2393
2293 2394
2294 2394
2295 2395
2296 2395
2297 2395
2298 2396
2299 2396
2300 2396
2301 2396
2302 2397
2303 2397
2304 2397
2305 2398
2306 2398
2307 2399
2308 2399
2309 2400
2310 2401
2311 2401
2312 2402
2313 2402
2314 2402
2315 2403
2316 2403
2317 2404
2318 2404
2319 2405
2320 2405
2321 2406
2322 2406
2323 2406
2324 2406
2325 2407
2326 2407
2327 2407
2328 2407
2329 2407
2330 2408
2331 2408
2332 2408
2333 2409
2334 2409
2335 2410
2336 2410
2337 2411
2338 2411
2339 2412
2340 2413
2341 2413
2342 2414
2343 2414
2344 2415
2345 2415
2346 2415
2347 2416
2348 2416
2349 2417
2349 2418
2350 2418
2351 2419
2352 2420
2353 2420
2354 2421
2355 2421
2356 2422
2357 2423
2358 2423
2359 2423
2360 2424
2361 2424
2362 2425
2363 2426
2364 2426
2365 2427
2366 2427
2367 2428
2368 2429
2369 2429
2370 2430
2371 2430
2372 2430
2373 2431
2374 2432
2375 2432
2376 2433
2377 2433
2378 2433
2379 2434
2380 2435
2381 2435
2382 2436
2383 2436
2384 2437
2385 2437
2386 2438
2387 2438
2388 2438
2389 2439
2390 2439
2391 2440
2392 2440
2393 2441
2394 2441
2395 2442
2396 2442
2397 2442
2398 2443
2399 2443
2400 2444
2401 2444
2402 2445
2403 2446
2404 2446
2405 2447
2406 2448
2407 2448
2408 2449
2409 2449
2410 2449
2411 2449
2412 2450
2413 2450
2414 2451
2415 2451
2416 2452
2417 2452
2418 2452
2419 2453
2420 2453
2421 2453
2422 2453
2423 2453
2424 2453
2425 2453
2426 2453
2427 2454
2428 2454
2429 2455
2430 2455
2431 2455
2432 2456
2433 2456
2434 2456
2435 2456
2436 2457
2437 2457
2438 2457
2439 2458
2440 2458
2441 2459
2442 2459
2443 2459
2444 2460
2445 2460
2446 2461
2447 2461
2448 2461
2449 2462
2450 2462
2451 2462
2452 2463
2453 2463
2454 2463
2455 2463
2456 2463
2457 2464
2458 2464
2459 2464
2460 2464
2461 2464
2462 2465
2463 2465
2464 2465
2465 2466
2466 2466
2467 2466
2468 2467
2469 2467
2470 2467
2471 2467
2472 2467
2473 2467
2474 2467
2475 2468
2476 2468
2477 2468
2478 2468
2479 2468
2480 2468
2481 2468
2482 2468
2483 2469
2484 2469
2485 2470
2486 2470
2487 2470
2488 2470
2489 2471
2490 2471
2491 2471
2492 2471
2493 2471
2494 2471
2495 2471
2496 2472
2497 2472
2498 2472
2499 2472
2500 2472
2501 2472
2502 2472
2503 2472
2504 2472
2505 2472
2506 2472
2507 2472
2508 2472
2509 2472
2510 2472
2511 2472
2512 2472
2513 2472
2514 2472
2515 2472
2516 2472
2517 2472
2518 2472
2519 2472
2520 2472
2521 2472
2522 2472
2523 2472
2524 2472
2525 2472
2526 2472
2527 2472
2528 2472
2529 2473
2530 2473
2531 2473
2532 2473
2533 2473
2534 2473
2535 2473
2536 2473
2537 2473
2538 2473
2539 2474
2540 2474
2541 2475
2542 2476
2543 2476
2544 2477
2545 2477
2546 2478
2547 2478
2548 2478
2549 2479
2550 2479
2551 2479
2552 2479
2553 2479
2554 2479
2555 2480
2556 2480
2557 2480
2558 2481
2559 2481
2560 2481
2561 2482
2562 2482
2563 2482
2564 2482
2565 2482
2566 2483
2567 2483
2568 2483
2569 2483
2570 2483
2571 2483
2572 2483
2573 2483
2574 2484
2575 2484
2576 2484
2577 2485
2578 2485
2579 2485
2580 2486
2581 2486
2582 2486
2583 2486
2584 2486
2585 2486
2586 2487
2587 2487
2588 2487
2589 2487
2590 2487
2591 2487
2592 2487
2593 2487
2594 2487
2595 2487
2596 2488
2597 2488
2598 2489
2599 2489
2600 2489
2601 2489
2602 2490
2603 2490
2604 2490
2605 2490
2606 2490
2607 2490
2608 2491
2609 2491
2610 2491
2611 2491
2612 2491
2613 2491
2614 2491
2615 2491
2616 2491
2617 2491
2618 2491
2619 2491
2620 2491
2621 2491
2622 2491
2623 2491
2624 2491
2625 2491
2626 2491
2627 2491
2628 2491
2629 2491
2630 2491
2631 2491
2632 2491
2633 2491
2634 2491
2635 2491
2636 2491
2637 2491
2638 2491
2639 2492
2640 2492
2641 2492
2642 2492
2643 2491
2644 2491
2645 2491
2646 2491
2647 2490
2648 2490
2649 2490
2650 2490
2651 2490
2652 2489
2653 2489
2654 2489
2655 2489
2656 2489
2657 2489
2658 2488
2659 2488
2660 2488
2661 2487
2662 2487
2663 2487
2664 2487
2665 2486
2666 2486
2667 2486
2668 2486
2669 2486
2670 2486
2671 2486
2672 2486
2673 2486
2674 2486
2675 2485
2676 2485
2677 2484
2678 2484
2679 2484
2680 2483
2681 2483
2682 2483
2683 2483
2684 2483
2685 2483
2686 2483
2687 2483
2688 2483
2689 2482
2690 2482
2691 2482
2692 2481
2693 2481
2694 2480
2695 2480
2696 2480
2697 2480
2698 2480
2699 2479
2700 2479
2701 2478
2702 2478
2703 2477
2704 2477
2705 2476
2706 2476
2707 2475
2708 2475
2709 2474
2710 2473
2711 2473
2712 2472
2713 2472
2714 2471
2715 2471
2716 2471
2717 2470
2718 2470
2719 2470
2720 2469
2721 2468
2722 2467
2723 2466
2724 2466
2725 2465
2726 2464
2727 2464
2728 2463
2729 2462
2730 2462
2731 2461
2732 2460
2733 2460
2734 2459
2735 2458
2736 2458
2737 2457
2738 2457
2739 2456
2740 2455
2741 2455
2742 2454
2743 2453
2744 2452
2745 2451
2746 2450
2746 2449
2747 2448
2748 2447
2749 2446
2749 2445
2750 2444
2750 2443
2750 2442
2750 2441
2751 2440
2751 2439
2751 2438
2751 2437
2751 2436
2752 2435
2752 2434
2753 2433
2753 2432
2753 2431
2754 2430
2754 2429
2754 2428
2755 2427
2755 2426
2756 2425
2757 2424
2757 2423
2757 2422
2758 2421
2759 2420
2759 2419
2760 2418
2760 2417
2761 2416
2761 2415
2762 2414
2763 2413
2763 2412
2764 2411
2764 2410
2765 2409
2765 2408
2765 2407
2766 2406
2767 2405
2767 2404
2768 2403
2769 2402
2769 2401
2770 2400
2770 2399
2771 2398
2772 2397
2773 2396
2773 2395
2774 2394
2774 2393
2775 2392
2775 2391
2775 2390
2776 2389
2776 2388
2777 2387
2777 2386
2778 2385
2778 2384
2778 2383
2779 2382
2779 2381
2779 2380
2780 2379
2780 2378
2781 2377
2782 2376
2782 2375
2782 2374
2783 2373
2783 2372
2784 2371
2784 2370
2785 2369
2786 2368
2787 2367
2787 2366
2788 2365
2788 2364
2789 2363
2789 2362
2789 2361
2790 2360
2790 2359
2790 2358
2790 2357
2790 2356
2790 2355
2790 2354
2790 2353
2791 2352
2791 2351
2791 2350
2792 2349
2792 2348
2792 2347
2793 2346
2793 2345
2793 2344
2793 2343
2793 2342
2794 2341
2794 2340
2794 2339
2794 2338
2794 2337
2794 2336
2795 2335
2795 2334
2795 2333
2795 2332
2796 2331
2796 2330
2796 2329
2797 2328
2797 2327
2797 2326
2797 2325
2798 2324
2798 2323
2798 2322
2798 2321
2798 2320
2798 2319
2798 2318
2798 2317
2798 2316
2798 2315
2799 2314
2799 2313
2799 2312
2800 2311
2800 2310
2801 2309
2801 2308
2802 2307
2802 2306
2802 2305
2803 2304
2803 2303
2804 2302
2804 2301
2804 2300
2804 2299
2804 2298
2805 2297
2805 2296
2805 2295
2805 2294
2805 2293
2805 2292
2805 2291
2806 2290
2806 2289
2807 2288
2807 2287
2807 2286
2808 2285
2808 2284
2808 2283
2808 2282
2808 2281
2809 2280
2809 2279
2809 2278
2809 2277
2809 2276
2809 2275
2809 2274
2809 2273
2809 2272
2809 2271
2809 2270
2809 2269
2809 2268
2809 2267
2810 2266
2810 2265
2810 2264
2810 2263
2810 2262
2810 2261
2810 2260
2810 2259
2810 2258
2810 2257
2810 2256
2810 2255
2810 2254
2810 2253
2810 2252
2810 2251
2810 2250
2810 2249
2810 2248
2810 2247
2810 2246
2810 2245
2810 2244
2810 2243
2810 2242
2810 2241
2810 2240
2810 2239
2810 2238
2810 2237
2810 2236
2810 2235
2810 2234
2810 2233
2810 2232
2810 2231
2810 2230
2810 2229
2810 2228
2810 2227
2810 2226
2810 2225
2810 2224
2810 2223
2810 2222
2810 2221
2810 2220
2810 2219
2809 2218
2809 2217
2809 2216
2809 2215
2809 2214
2809 2213
2808 2212
2808 2211
2808 2210
2807 2209
2807 2208
2806 2207
2806 2206
2805 2205
2805 2204
2804 2203
2804 2202
2803 2201
2803 2200
2802 2199
2802 2198
2802 2197
2802 2196
2801 2195
2801 2194
2801 2193
2800 2192
2800 2191
2799 2190
2799 2189
2799 2188
2799 2187
2799 2186
2798 2185
2798 2184
2798 2183
2797 2182
2797 2181
2796 2180
2796 2179
2795 2178
2795 2177
2794 2176
2794 2175
2793 2174
2793 2173
2793 2172
2792 2171
2792 2170
2791 2169
2791 2168
2790 2167
2790 2166
2789 2165
2788 2164
2788 2163
2787 2162
2787 2161
2786 2160
2786 2159
2786 2158
2785 2157
2785 2156
2784 2155
2784 2154
2783 2153
2783 2152
2782 2151
2781 2150
2781 2149
2780 2148
2780 2147
2780 2146
2779 2145
2779 2144
2778 2143
2777 2142
2776 2141
2776 2140
2775 2139
2774 2138
2774 2137
2773 2136
2773 2135
2772 2134
2771 2133
2771 2132
2770 2131
2770 2130
2770 2129
2769 2128
2768 2127
2768 2126
2767 2125
2766 2124
2765 2123
2765 2122
2764 2121
2763 2120
2763 2119
2762 2118
2762 2117
2761 2117
2760 2116
2760 2115
2759 2115
2758 2114
2757 2113
2757 2112
2756 2111
2755 2110
2754 2109
2754 2108
2754 2107
2753 2107
2753 2108
2752 2109
2751 2109
2750 2109
2749 2108
2749 2107
2748 2107
2747 2107
2746 2106
2746 2105
2746 2104
2745 2104
2744 2104
2743 2104
2743 2105
2743 2106
2742 2107
2741 2107
2740 2107
2739 2106
2739 2105
2739 2104
2739 2103
2739 2104
2738 2105
2737 2105
2736 2105
2735 2104
2735 2103
2735 2102
2734 2102
2733 2102
2732 2102
2731 2101
2731 2100
2731 2101
2730 2102
2729 2102
2728 2102
2727 2101
2726 2102
2725 2102
2724 2102
2723 2102
2722 2101
2722 2100
2722 2099
2722 2098
2721 2098
2720 2098
2719 2097
2719 2096
2718 2095
2717 2095
2716 2095
2715 2095
2714 2095
2713 2096
2712 2096
2711 2096
2710 2096
2709 2095
2709 2094
2709 2093
2708 2093
2707 2094
2706 2094
2705 2094
2704 2093
2703 2093
2702 2093
2701 2093
2700 2092
2700 2091
2700 2090
2699 2091
2698 2091
2697 2091
2696 2090
2696 2089
2695 2089
2694 2088
2693 2088
2692 2089
2691 2089
2690 2089
2690 2090
2690 2091
2689 2092
2688 2092
2687 2092
2686 2091
2686 2090
2686 2089
2685 2088
2684 2088
2683 2087
2682 2088
2681 2089
2680 2089
2679 2089
2679 2090
2679 2091
2678 2092
2677 2092
2676 2092
2675 2092
2674 2091
2674 2090
2674 2089
2674 2090
2674 2091
2673 2092
2672 2092
2671 2092
2670 2092
2669 2091
2669 2090
2669 2089
2669 2090
2668 2091
2667 2091
2666 2091
2665 2090
2664 2089
2663 2088
2663 2087
2662 2087
2661 2088
2660 2088
2659 2088
2659 2089
2658 2090
2657 2090
2656 2090
2655 2089
2655 2088
2654 2088
2653 2088
2652 2089
2651 2089
2650 2089
2649 2088
2648 2088
2647 2088
2646 2088
2645 2088
2644 2088
2643 2088
2642 2088
2641 2088
2640 2087
2639 2087
2638 2087
2637 2087
2636 2087
2635 2086
2635 2085
2635 2086
2636 2087
2635 2088
2634 2089
2633 2089
2632 2089
2631 2088
2631 2087
2631 2086
2631 2085
2630 2085
2629 2085
2628 2086
2627 2086
2626 2087
2625 2087
2624 2087
2623 2087
2622 2087
2621 2087
2620 2088
2619 2088
2618 2088
2617 2088
2616 2088
2615 2088
2614 2088
2613 2088
2612 2088
2611 2088
2610 2088
2609 2088
2608 2088
2607 2088
2606 2088
2605 2088
2604 2088
2603 2088
2602 2088
2601 2088
2600 2088
2599 2088
2598 2088
2597 2088
2596 2088
2595 2088
2594 2088
2593 2088
2592 2088
2591 2088
2590 2088
2589 2088
2588 2088
2587 2088
2586 2088
2585 2088
2584 2088
2583 2088
2582 2088
2581 2088
2580 2088
2579 2087
2578 2087
2577 2087
2576 2087
2575 2087
2574 2086
2573 2086
2572 2086
2571 2085
2570 2085
2569 2085
2568 2085
2567 2085
2566 2085
2565 2085
2564 2085
2563 2085
2562 2085
2561 2084
2560 2084
2559 2084
2558 2083
2557 2083
2556 2083
2555 2082
2554 2082
2553 2082
2552 2082
2551 2082
2550 2082
2549 2081
2548 2081
2547 2081
2546 2081
2545 2081
2544 2081
2543 2081
2542 2081
2541 2081
2540 2081
2539 2081
2538 2081
2537 2081
2536 2081
2535 2081
2534 2081
2533 2081
2532 2082
2531 2082
2530 2082
2529 2081
2528 2081
2528 2082
2527 2083
2526 2084
2525 2084
2524 2084
2523 2083
2523 2082
2523 2081
2522 2082
2521 2082
2520 2081
2520 2082
2519 2083
2518 2083
2517 2083
2516 2083
2515 2082
2515 2083
2515 2084
2514 2085
2513 2085
2512 2085
2511 2084
2511 2083
2511 2082
2511 2081
2511 2082
2511 2083
2511 2084
2510 2085
2509 2085
2508 2085
2507 2084
2507 2083
2506 2084
2505 2084
2504 2084
2503 2084
2502 2083
2501 2083
2500 2082
2499 2082
2498 2082
2497 2081
2497 2082
2497 2083
2496 2084
2495 2084
2494 2084
2493 2083
2493 2082
2493 2081
