3878 1938
3877 1939
3876 1939
3875 1939
3874 1939
3873 1939
3872 1939
3871 1939
3870 1939
3869 1939
3868 1939
3867 1939
3866 1939
3865 1939
3864 1939
3863 1939
3862 1939
3861 1939
3860 1939
3859 1939
3858 1940
3857 1940
3856 1940
3855 1940
3854 1940
3853 1940
3852 1940
3851 1940
3850 1941
3849 1941
3848 1941
3847 1941
3846 1941
3845 1942
3844 1942
3843 1942
3842 1942
3841 1942
3840 1943
3839 1943
3838 1943
3837 1944
3836 1944
3835 1945
3834 1945
3833 1945
3832 1945
3831 1945
3830 1945
3829 1946
3828 1946
3827 1946
3826 1946
3825 1946
3824 1946
3823 1947
3822 1947
3821 1947
3820 1948
3819 1948
3818 1948
3817 1949
3816 1949
3815 1950
3814 1950
3813 1950
3812 1950
3811 1951
3810 1951
3809 1951
3808 1951
3807 1951
3806 1951
3805 1951
3804 1951
3803 1952
3802 1952
3801 1952
3800 1952
3799 1952
3798 1953
3797 1953
3796 1953
3795 1953
3794 1954
3793 1954
3792 1954
3791 1954
3790 1955
3789 1955
3788 1955
3787 1955
3786 1956
3785 1956
3784 1956
3783 1956
3782 1956
3781 1956
3780 1956
3779 1956
3778 1956
3777 1956
3776 1956
3775 1956
3774 1956
3773 1956
3772 1956
3771 1956
3770 1956
3769 1956
3768 1956
3767 1956
3766 1956
3765 1956
3764 1956
3763 1956
3762 1956
3761 1956
3760 1956
3759 1956
3758 1956
3757 1956
3756 1956
3755 1956
3754 1956
3753 1956
3752 1956
3751 1956
3750 1956
3749 1956
3748 1956
3747 1956
3746 1956
3745 1956
3744 1956
3743 1956
3742 1956
3741 1955
3740 1955
3739 1955
3738 1955
3737 1955
3736 1955
3735 1955
3734 1955
3733 1955
3732 1955
3731 1955
3730 1955
3729 1955
3728 1955
3727 1955
3726 1955
3725 1955
3724 1955
3723 1955
3722 1956
3721 1956
3720 1956
3719 1956
3718 1957
3717 1957
3716 1957
3715 1957
3714 1957
3713 1957
3712 1958
3711 1958
3710 1958
3709 1958
3708 1958
3707 1958
3706 1958
3705 1959
3704 1959
3703 1959
3702 1959
3701 1960
3700 1960
3699 1960
3698 1961
3697 1961
3696 1961
3695 1962
3694 1962
3693 1963
3692 1963
3691 1963
3690 1963
3689 1963
3688 1963
3687 1964
3686 1964
3685 1964
3684 1964
3683 1964
3682 1964
3681 1965
3680 1965
3679 1965
3678 1966
3677 1966
3676 1966
3675 1967
3674 1967
3673 1967
3672 1967
3671 1968
3670 1968
3669 1968
3668 1969
3667 1969
3666 1969
3665 1969
3664 1969
3663 1969
3662 1969
3661 1969
3660 1969
3659 1969
3658 1969
3657 1970
3656 1970
3655 1970
3654 1970
3653 1970
3652 1970
3651 1970
3650 1971
3649 1971
3648 1971
3647 1971
3646 1971
3645 1972
3644 1972
3643 1972
3642 1972
3641 1973
3640 1973
3639 1974
3638 1974
3637 1974
3636 1975
3635 1975
3634 1975
3633 1975
3632 1975
3631 1975
3630 1975
3629 1975
3628 1975
3627 1975
3626 1975
3625 1975
3624 1975
3623 1975
3622 1975
3621 1975
3620 1975
3619 1976
3618 1976
3617 1976
3616 1976
3615 1976
3614 1976
3613 1976
3612 1977
3611 1977
3610 1977
3609 1978
3608 1978
3607 1979
3606 1979
3605 1980
3604 1981
3603 1981
3602 1981
3601 1982
3600 1982
3599 1982
3598 1983
3597 1983
3596 1983
3595 1983
3594 1984
3593 1984
3592 1984
3591 1985
3590 1985
3589 1986
3588 1986
3587 1986
3586 1987
3585 1987
3584 1987
3583 1987
3582 1987
3581 1987
3580 1987
3579 1988
3578 1988
3577 1988
3576 1988
3575 1988
3574 1988
3573 1988
3572 1988
3571 1988
3570 1989
3569 1989
3568 1989
3567 1990
3566 1990
3565 1990
3564 1991
3563 1992
3562 1992
3561 1992
3560 1993
3559 1993
3558 1993
3557 1993
3556 1993
3555 1993
3554 1993
3553 1993
3552 1993
3551 1993
3550 1993
3549 1994
3548 1994
3547 1994
3546 1994
3545 1994
3544 1994
3543 1994
3542 1995
3541 1995
3540 1995
3539 1995
3538 1996
3537 1996
3536 1997
3535 1997
3534 1998
3533 1999
3532 1999
3531 1999
3530 1999
3529 1999
3528 1999
3527 2000
3526 2000
3525 2000
3524 2000
3523 2000
3522 2000
3521 2001
3520 2001
3519 2001
3518 2002
3517 2002
3516 2003
3515 2004
3514 2005
3513 2005
3512 2006
3511 2006
3510 2006
3509 2006
3508 2007
3507 2007
3506 2007
3505 2007
3504 2008
3503 2008
3502 2008
3501 2008
3500 2009
3499 2009
3498 2009
3497 2010
3496 2010
3495 2010
3494 2011
3493 2011
3492 2011
3491 2012
3490 2012
3489 2012
3488 2012
3487 2012
3486 2012
3485 2013
3484 2013
3483 2013
3482 2013
3481 2013
3480 2014
3479 2014
3478 2014
3477 2014
3476 2015
3475 2015
3474 2015
3473 2016
3472 2016
3471 2016
3470 2016
3469 2016
3468 2017
3467 2017
3466 2017
3465 2017
3464 2017
3463 2017
3462 2017
3461 2017
3460 2017
3459 2017
3458 2018
3457 2018
3456 2018
3455 2018
3454 2018
3453 2018
3452 2018
3451 2018
3450 2019
3449 2019
3448 2019
3447 2019
3446 2020
3445 2020
3444 2021
3443 2021
3442 2021
3441 2022
3440 2022
3439 2022
3438 2023
3437 2023
3436 2023
3435 2023
3434 2023
3433 2023
3432 2023
3431 2023
3430 2023
3429 2023
3428 2024
3427 2024
3426 2024
3425 2024
3424 2024
3423 2024
3422 2024
3421 2024
3420 2024
3419 2025
3418 2025
3417 2025
3416 2025
3415 2026
3414 2026
3413 2026
3412 2026
3411 2027
3410 2027
3409 2028
3408 2028
3407 2028
3406 2029
3405 2029
3404 2029
3403 2029
3402 2029
3401 2029
3400 2029
3399 2029
3398 2029
3397 2029
3396 2029
3395 2029
3394 2029
3393 2029
3392 2029
3391 2030
3390 2030
3389 2030
3388 2030
3387 2030
3386 2030
3385 2030
3384 2031
3383 2031
3382 2031
3381 2031
3380 2032
3379 2032
3378 2032
3377 2032
3376 2033
3375 2033
3374 2033
3373 2034
3372 2034
3371 2034
3370 2034
3369 2035
3368 2035
3367 2035
3366 2035
3365 2035
3364 2035
3363 2035
3362 2035
3361 2036
3360 2036
3359 2036
3358 2036
3357 2036
3356 2036
3355 2036
3354 2036
3353 2036
3352 2036
3351 2036
3350 2037
3349 2037
3348 2037
3347 2037
3346 2037
3345 2037
3344 2038
3343 2038
3342 2038
3341 2038
3340 2038
3339 2039
3338 2039
3337 2039
3336 2040
3335 2040
3334 2040
3333 2041
3332 2041
3331 2042
3330 2042
3329 2042
3328 2042
3327 2043
3326 2043
3325 2043
3324 2043
3323 2044
3322 2044
3321 2044
3320 2045
3319 2045
3318 2045
3317 2046
3316 2046
3315 2046
3314 2047
3313 2047
3312 2047
3311 2047
3310 2048
3309 2048
3308 2048
3307 2048
3306 2048
3305 2049
3304 2049
3303 2049
3302 2049
3301 2049
3300 2050
3299 2050
3298 2050
3297 2051
3296 2051
3295 2052
3294 2052
3293 2052
3292 2053
3291 2053
3290 2053
3289 2054
3288 2054
3287 2054
3286 2054
3285 2055
3284 2055
3283 2055
3282 2055
3281 2056
3280 2056
3279 2056
3278 2057
3277 2057
3276 2058
3275 2058
3274 2058
3273 2059
3272 2059
3271 2059
3270 2059
3269 2059
3268 2059
3267 2059
3266 2059
3265 2060
3264 2060
3263 2060
3262 2060
3261 2060
3260 2060
3259 2060
3258 2060
3257 2061
3256 2061
3255 2061
3254 2061
3253 2061
3252 2062
3251 2062
3250 2062
3249 2063
3248 2063
3247 2064
3246 2064
3245 2064
3244 2065
3243 2065
3242 2065
3241 2066
3240 2066
3239 2066
3238 2066
3237 2066
3236 2067
3235 2067
3234 2067
3233 2067
3232 2068
3231 2068
3230 2068
3229 2069
3228 2069
3227 2069
3226 2070
3225 2070
3224 2070
3223 2071
3222 2071
3221 2071
3220 2071
3219 2071
3218 2071
3217 2071
3216 2071
3215 2071
3214 2071
3213 2071
3212 2071
3211 2071
3210 2071
3209 2071
3208 2071
3207 2071
3206 2071
3205 2071
3204 2071
3203 2071
3202 2071
3201 2071
3200 2071
3199 2071
3198 2071
3197 2071
3196 2071
3195 2072
3194 2072
3193 2072
3192 2072
3191 2072
3190 2072
3189 2072
3188 2072
3187 2072
3186 2072
3185 2072
3184 2073
3183 2073
3182 2073
3181 2073
3180 2073
3179 2073
3178 2074
3177 2074
3176 2074
3175 2075
3174 2075
3173 2076
3172 2077
3171 2078
3170 2078
3169 2079
3168 2080
3167 2081
3166 2081
3165 2082
3164 2082
3163 2082
3162 2083
3161 2083
3160 2083
3159 2083
3158 2083
3157 2083
3156 2083
3155 2083
3154 2083
3153 2083
3152 2083
3151 2084
3150 2084
3149 2084
3148 2084
3147 2084
3146 2084
3145 2084
3144 2084
3143 2085
3142 2085
3141 2085
3140 2085
3139 2086
3138 2086
3137 2086
3136 2087
3135 2087
3134 2088
3133 2088
3132 2088
3131 2088
3130 2089
3129 2089
3128 2089
3127 2089
3126 2089
3125 2089
3124 2089
3123 2089
3122 2089
3121 2089
3120 2089
3119 2089
3118 2089
3117 2089
3116 2089
3115 2089
3114 2089
3113 2089
3112 2089
3111 2089
3110 2089
3109 2089
3108 2089
3107 2089
3106 2089
3105 2089
3104 2089
3103 2089
3102 2089
3101 2089
3100 2089
3099 2089
3098 2089
3097 2089
3096 2089
3095 2089
3094 2089
3093 2089
3092 2089
3091 2089
3090 2089
3089 2089
3088 2089
3087 2089
3086 2089
3085 2089
3084 2089
3083 2089
3082 2089
3081 2089
3080 2089
3079 2089
3078 2089
3077 2089
3076 2089
3075 2089
3074 2089
3073 2089
3072 2089
3071 2089
3070 2089
3069 2089
3068 2089
3067 2089
3066 2089
3065 2089
3064 2089
3063 2089
3062 2089
3061 2089
3060 2089
3059 2089
3058 2089
3057 2089
3056 2089
3055 2089
3054 2089
3053 2089
3052 2089
3051 2089
3050 2089
3049 2089
3048 2089
3047 2089
3046 2089
3045 2089
3044 2089
3043 2089
3042 2089
3041 2089
3040 2089
3039 2089
3038 2090
3037 2090
3036 2090
3035 2090
3034 2090
3033 2090
3032 2090
3031 2090
3030 2090
3029 2091
3028 2091
3027 2091
3026 2092
3025 2092
3024 2092
3023 2093
3022 2093
3021 2093
3020 2094
3019 2094
3018 2094
3017 2095
3016 2095
3015 2095
3014 2095
3013 2095
3012 2095
3011 2095
3010 2095
3009 2095
3008 2095
3007 2095
3006 2095
3005 2095
3004 2095
3003 2095
3002 2095
3001 2095
3000 2095
2999 2095
2998 2095
2997 2095
2996 2095
2995 2095
2994 2095
2993 2095
2992 2095
2991 2095
2990 2095
2989 2095
2988 2095
2987 2095
2986 2095
2985 2095
2984 2095
2983 2095
2982 2095
2981 2095
2980 2095
2979 2095
2978 2095
2977 2095
2976 2095
2975 2095
2974 2095
2973 2095
2972 2095
2971 2095
2970 2095
2969 2095
2968 2095
2967 2095
2966 2095
2965 2095
2964 2095
2963 2095
2962 2095
2961 2095
2960 2095
2959 2095
2958 2095
2957 2095
2956 2095
2955 2095
2954 2095
2953 2095
2952 2095
2951 2095
2950 2095
2949 2095
2948 2095
2947 2095
2946 2095
2945 2095
2944 2095
2943 2095
2942 2095
2941 2095
2940 2095
2939 2095
2938 2095
2937 2095
2936 2095
2935 2095
2934 2095
2933 2095
2932 2095
2931 2095
2930 2095
2929 2095
2928 2095
2927 2095
2926 2095
2925 2095
2924 2095
2923 2095
2922 2095
2921 2095
2920 2095
2919 2095
2918 2095
2917 2095
2916 2095
2915 2095
2914 2095
2913 2095
2912 2095
2911 2095
2910 2095
2909 2095
2908 2095
2907 2095
2906 2095
2905 2095
2904 2095
2903 2095
2902 2095
2901 2095
2900 2095
2899 2095
2898 2095
2897 2095
2896 2095
2895 2095
2894 2095
2893 2095
2892 2095
2891 2095
2890 2095
2889 2095
2888 2095
2887 2095
2886 2095
2885 2095
2884 2095
2883 2095
2882 2095
2881 2095
2880 2095
2879 2095
2878 2095
2877 2095
2876 2095
2875 2095
2874 2095
2873 2095
2872 2095
2871 2095
2870 2095
2869 2096
2868 2096
2867 2096
2866 2096
2865 2096
2864 2096
2863 2096
2862 2096
2861 2096
2860 2097
2859 2097
2858 2097
2857 2097
2856 2097
2855 2098
2854 2098
2853 2098
2852 2098
2851 2098
2850 2099
2849 2099
2848 2099
2847 2099
2846 2099
2845 2100
2844 2100
2843 2100
2842 2100
2841 2101
2840 2101
2839 2101
2838 2101
2837 2101
2836 2101
2835 2101
2834 2101
2833 2101
2832 2101
2831 2101
2830 2101
2829 2101
2828 2101
2827 2101
2826 2101
2825 2101
2824 2101
2823 2101
2822 2101
2821 2101
2820 2101
2819 2101
2818 2101
2817 2101
2816 2101
2815 2101
2814 2101
2813 2101
2812 2101
2811 2101
2810 2101
2809 2101
2808 2101
2807 2101
2806 2101
2805 2101
2804 2101
2803 2101
2802 2101
2801 2101
2800 2101
2799 2101
2798 2101
2797 2101
2796 2101
2795 2101
2794 2101
2793 2101
2792 2101
2791 2101
2790 2101
2789 2101
2788 2101
2787 2101
2786 2101
2785 2101
2784 2101
2783 2101
2782 2101
2781 2101
2780 2101
2779 2101
2778 2101
2777 2101
2776 2101
2775 2101
2774 2101
2773 2101
2772 2101
2771 2101
2770 2101
2769 2101
2768 2101
2767 2101
2766 2101
2765 2101
2764 2101
2763 2101
2762 2101
2761 2101
2760 2101
2759 2101
2758 2101
2757 2101
2756 2101
2755 2101
2754 2101
2753 2101
2752 2101
2751 2101
2750 2101
2749 2101
2748 2101
2747 2101
2746 2101
2745 2101
2744 2101
2743 2101
2742 2101
2741 2101
2740 2101
2739 2101
2738 2101
2737 2101
2736 2101
2735 2101
2734 2101
2733 2101
2732 2101
2731 2101
2730 2101
2729 2101
2728 2101
2727 2101
2726 2101
2725 2101
2724 2101
2723 2101
2722 2101
2721 2101
2720 2101
2719 2101
2718 2101
2717 2101
2716 2101
2715 2101
2714 2101
2713 2101
2712 2101
2711 2101
2710 2101
2709 2101
2708 2101
2707 2101
2706 2101
2705 2101
2704 2101
2703 2101
2702 2101
2701 2101
2700 2101
2699 2101
2698 2101
2697 2101
2696 2101
2695 2101
2694 2101
2693 2101
2692 2101
2691 2101
2690 2101
2689 2101
2688 2101
2687 2101
2686 2101
2685 2101
2684 2101
2683 2101
2682 2101
2681 2101
2680 2101
2679 2101
2678 2101
2677 2101
2676 2101
2675 2101
2674 2101
2673 2101
2672 2101
2671 2101
2670 2101
2669 2101
2668 2101
2667 2101
2666 2101
2665 2101
2664 2101
2663 2101
2662 2101
2661 2101
2660 2101
2659 2101
2658 2101
2657 2101
2656 2101
2655 2101
2654 2101
2653 2102
2652 2102
2651 2102
2650 2102
2649 2102
2648 2102
2647 2102
2646 2102
2645 2103
2644 2103
2643 2103
2642 2104
2641 2104
2640 2105
2639 2105
2638 2106
2637 2106
2636 2107
2635 2107
2634 2107
2633 2107
2632 2108
2631 2108
2630 2108
2629 2108
2628 2108
2627 2108
2626 2108
2625 2108
2624 2108
2623 2109
2622 2109
2621 2109
2620 2109
2619 2109
2618 2110
2617 2110
2616 2110
2615 2110
2614 2111
2613 2111
2612 2112
2611 2112
2610 2113
2609 2113
2608 2113
2607 2114
2606 2114
2605 2114
2604 2114
2603 2114
2602 2114
2601 2114
2600 2115
2599 2115
2598 2115
2597 2115
2596 2116
2595 2116
2594 2116
2593 2117
2592 2117
2591 2118
2590 2118
2589 2118
2588 2118
2587 2119
2586 2119
2585 2119
2584 2119
2583 2119
2582 2119
2581 2119
2580 2119
2579 2119
2578 2119
2577 2119
2576 2119
2575 2119
2574 2119
2573 2119
2572 2119
2571 2119
2570 2119
2569 2119
2568 2119
2567 2119
2566 2119
2565 2119
2564 2119
2563 2119
2562 2119
2561 2119
2560 2119
2559 2119
2558 2119
2557 2119
2556 2119
2555 2119
2554 2119
2553 2119
2552 2119
2551 2119
2550 2119
2549 2119
2548 2119
2547 2119
2546 2119
2545 2119
2544 2119
2543 2119
2542 2119
2541 2119
2540 2119
2539 2119
2538 2119
2537 2119
2536 2119
2535 2119
2534 2119
2533 2119
2532 2119
2531 2119
2530 2119
2529 2119
2528 2119
2527 2119
2526 2119
2525 2119
2524 2119
2523 2119
2522 2119
2521 2119
2520 2119
2519 2119
2518 2119
2517 2119
2516 2119
2515 2119
2514 2119
2513 2119
2512 2119
2511 2119
2510 2119
2509 2119
2508 2119
2507 2119
2506 2119
2505 2119
2504 2119
2503 2119
2502 2119
2501 2119
2500 2119
2499 2119
2498 2119
2497 2119
2496 2119
2495 2119
2494 2119
2493 2119
2492 2119
2491 2119
2490 2119
2489 2119
2488 2119
2487 2119
2486 2119
2485 2119
2484 2119
2483 2119
2482 2119
2481 2119
2480 2119
2479 2119
2478 2120
2477 2120
2476 2120
2475 2120
2474 2120
2473 2121
2472 2121
2471 2121
2470 2121
2469 2122
2468 2122
2467 2122
2466 2123
2465 2123
2464 2123
2463 2124
2462 2124
2461 2125
2460 2125
2459 2126
2458 2126
2457 2127
2456 2127
2455 2128
2454 2128
2453 2129
2452 2129
2451 2130
2450 2130
2449 2130
2448 2130
2447 2131
2446 2131
2445 2131
2444 2131
2443 2131
2442 2131
2441 2131
2440 2131
2439 2131
2438 2131
2437 2131
2436 2131
2435 2131
2434 2131
2433 2131
2432 2131
2431 2131
2430 2131
2429 2131
2428 2131
2427 2132
2426 2132
2425 2132
2424 2132
2423 2132
2422 2132
2421 2132
2420 2132
2419 2132
2418 2132
2417 2132
2416 2133
2415 2133
2414 2133
2413 2133
2412 2133
2411 2133
2410 2134
2409 2134
2408 2134
2407 2134
2406 2134
2405 2135
2404 2135
2403 2135
2402 2136
2401 2136
2400 2136
2399 2136
2398 2137
2397 2137
2396 2137
2395 2137
2394 2137
2393 2137
2392 2137
2391 2137
2390 2137
2389 2137
2388 2137
2387 2137
2386 2137
2385 2138
2384 2138
2383 2138
2382 2138
2381 2138
2380 2138
2379 2138
2378 2138
2377 2138
2376 2139
2375 2139
2374 2139
2373 2139
2372 2140
2371 2140
2370 2140
2369 2141
2368 2142
2367 2142
2366 2143
2365 2143
2364 2143
2363 2143
2362 2143
2361 2144
2360 2144
2359 2144
2358 2144
2357 2144
2356 2144
2355 2144
2354 2144
2353 2144
2352 2145
2351 2145
2350 2145
2349 2145
2348 2145
2347 2146
2346 2146
2345 2146
2344 2147
2343 2147
2342 2147
2341 2148
2340 2148
2339 2148
2338 2149
2337 2149
2336 2149
2335 2149
2334 2149
2333 2149
2332 2149
2331 2149
2330 2149
2329 2149
2328 2149
2327 2149
2326 2149
2325 2149
2324 2149
2323 2149
2322 2150
2321 2150
2320 2150
2319 2150
2318 2150
2317 2150
2316 2150
2315 2150
2314 2151
2313 2151
2312 2151
2311 2151
2310 2151
2309 2152
2308 2152
2307 2153
2306 2153
2305 2153
2304 2154
2303 2154
2302 2155
2301 2155
2300 2156
2299 2156
2298 2157
2297 2157
2296 2157
2295 2158
2294 2158
2293 2158
2292 2158
2291 2159
2290 2159
2289 2159
2288 2160
2287 2160
2286 2161
2285 2161
2284 2161
2283 2162
2282 2162
2281 2162
2280 2162
2279 2162
2278 2162
2277 2162
2276 2162
2275 2162
2274 2163
2273 2163
2272 2163
2271 2163
2270 2163
2269 2164
2268 2164
2267 2164
2266 2165
2265 2165
2264 2166
2263 2166
2262 2166
2261 2167
2260 2167
2259 2167
2258 2167
2257 2167
2256 2167
2255 2167
2254 2167
2253 2167
2252 2167
2251 2167
2250 2167
2249 2167
2248 2167
2247 2167
2246 2167
2245 2167
2244 2167
2243 2167
2242 2167
2241 2167
2240 2167
2239 2167
2238 2167
2237 2167
2236 2167
2235 2167
2234 2167
2233 2167
2232 2167
2231 2167
2230 2167
2229 2167
2228 2167
2227 2167
2226 2167
2225 2167
2224 2167
2223 2167
2222 2167
2221 2167
2220 2167
2219 2168
2218 2168
2217 2168
2216 2168
2215 2168
2214 2168
2213 2169
2212 2169
2211 2169
2210 2169
2209 2170
2208 2170
2207 2170
2206 2171
2205 2171
2204 2172
2203 2172
2202 2173
2201 2173
2200 2173
2199 2174
2198 2174
2197 2174
2196 2174
2195 2174
2194 2174
2193 2175
2192 2175
2191 2175
2190 2175
2189 2176
2188 2176
2187 2176
2186 2177
2185 2177
2184 2178
2183 2178
2182 2179
2181 2179
2180 2180
2179 2180
2178 2180
2177 2180
2176 2180
2175 2180
2174 2181
2173 2181
2172 2181
2171 2181
2170 2182
2169 2182
2168 2183
2167 2183
2166 2184
2165 2184
2164 2184
2163 2185
2162 2185
2161 2185
2160 2185
2159 2185
2158 2186
2157 2186
2156 2186
2155 2186
2154 2186
2153 2186
2152 2186
2151 2186
2150 2187
2149 2187
2148 2187
2147 2187
2146 2188
2145 2188
2144 2188
2143 2188
2142 2189
2141 2189
2140 2189
2139 2189
2138 2190
2137 2190
2136 2190
2135 2190
2134 2190
2133 2190
2132 2190
2131 2190
2130 2190
2129 2190
2128 2190
2127 2190
2126 2190
2125 2190
2124 2190
2123 2190
2122 2190
2121 2190
2120 2190
2119 2190
2118 2190
2117 2190
2116 2190
2115 2190
2114 2189
2113 2189
2112 2189
2111 2189
2110 2189
2109 2189
2108 2189
2107 2188
2106 2188
2105 2188
2104 2188
2103 2188
2102 2187
2101 2187
2100 2187
2099 2186
2098 2186
2097 2186
2096 2186
2095 2185
2094 2185
2093 2185
2092 2185
2091 2185
2090 2185
2089 2185
2088 2185
2087 2185
2086 2185
2085 2185
2084 2185
2083 2185
2082 2185
2081 2185
2080 2185
2079 2185
2078 2185
2077 2185
2076 2185
2075 2185
2074 2185
2073 2185
2072 2185
2071 2185
2070 2185
2069 2185
2068 2185
2067 2185
2066 2185
2065 2185
2064 2185
2063 2185
2062 2185
2061 2185
2060 2185
2059 2185
2058 2185
2057 2185
2056 2185
2055 2185
2054 2185
2053 2185
2052 2185
2051 2185
2050 2185
2049 2185
2048 2185
2047 2185
2046 2185
2045 2185
2044 2185
2043 2185
2042 2185
2041 2185
2040 2185
2039 2185
2038 2185
2037 2185
2036 2185
2035 2185
2034 2185
2033 2185
2032 2185
2031 2185
2030 2185
2029 2185
2028 2185
2027 2185
2026 2185
2025 2185
2024 2185
2023 2185
2022 2185
2021 2185
2020 2185
2019 2185
2018 2185
2017 2185
2016 2185
2015 2185
2014 2185
2013 2185
2012 2185
2011 2185
2010 2185
2009 2185
2008 2185
2007 2185
2006 2185
2005 2185
2004 2185
2003 2185
2002 2185
2001 2185
2000 2185
1999 2185
1998 2185
1997 2185
1996 2185
1995 2185
1994 2185
1993 2185
1992 2185
1991 2185
1990 2185
1989 2185
1988 2185
1987 2185
1986 2185
1985 2185
1984 2185
1983 2185
1982 2185
1981 2185
1980 2185
1979 2185
1978 2185
1977 2185
1976 2185
1975 2185
1974 2185
1973 2185
1972 2185
1971 2185
1970 2185
1969 2185
1968 2185
1967 2185
1966 2185
1965 2185
1964 2185
1963 2185
1962 2185
1961 2185
1960 2185
1959 2185
1958 2185
1957 2185
1956 2185
1955 2185
1954 2185
1953 2185
1952 2185
1951 2185
1950 2185
1949 2185
1948 2185
1947 2185
1946 2185
1945 2185
1944 2185
1943 2185
1942 2185
1941 2185
1940 2185
1939 2185
1938 2185
1937 2185
1936 2185
1935 2185
1934 2185
1933 2185
1932 2185
1931 2185
1930 2185
1929 2185
1928 2185
1927 2184
1926 2184
1925 2184
1924 2184
1923 2184
1922 2184
1921 2184
1920 2184
1919 2184
1918 2184
1917 2184
1916 2184
1915 2184
1914 2184
1913 2184
1912 2184
1911 2184
1910 2184
1909 2184
1908 2184
1907 2183
1906 2183
1905 2183
1904 2183
1903 2183
1902 2182
1901 2182
1900 2182
1899 2181
1898 2181
1897 2180
1896 2180
1895 2180
1894 2179
1893 2179
1892 2179
1891 2178
1890 2178
1889 2178
1888 2177
1887 2177
1886 2177
1885 2177
1884 2177
1883 2176
1882 2176
1881 2176
1880 2176
1879 2175
1878 2175
1877 2174
1876 2174
1875 2173
1874 2173
1873 2172
1872 2171
1871 2170
1870 2170
1869 2169
1868 2168
1867 2168
1866 2167
1865 2166
1864 2166
1863 2166
1862 2166
1861 2166
1860 2165
1859 2165
1858 2165
1857 2165
1856 2165
1855 2164
1854 2164
1853 2164
1852 2164
1851 2163
1850 2163
1849 2163
1848 2162
1847 2162
1846 2162
1845 2161
1844 2161
1843 2161
1842 2160
1841 2160
1840 2160
1839 2160
1838 2160
1837 2160
1836 2160
1835 2160
1834 2160
1833 2160
1832 2159
1831 2159
1830 2159
1829 2159
1828 2159
1827 2159
1826 2158
1825 2158
1824 2158
1823 2158
1822 2157
1821 2157
1820 2157
1819 2156
1818 2156
1817 2155
1816 2155
1815 2155
1814 2154
1813 2154
1812 2154
1811 2153
1810 2153
1809 2152
1808 2152
1807 2152
1806 2151
1805 2151
1804 2151
1803 2150
1802 2150
1801 2149
1800 2149
1799 2149
1798 2149
1797 2149
1796 2149
1795 2149
1794 2149
1793 2149
1792 2149
1791 2149
1790 2149
1789 2149
1788 2149
1787 2149
1786 2149
1785 2149
1784 2149
1783 2149
1782 2149
1781 2149
1780 2149
1779 2149
1778 2149
1777 2149
1776 2149
1775 2149
1774 2149
1773 2149
1772 2149
1771 2149
1770 2149
1769 2149
1768 2149
1767 2149
1766 2149
1765 2149
1764 2149
1763 2149
1762 2149
1761 2149
1760 2149
1759 2149
1758 2149
1757 2149
1756 2149
1755 2149
1754 2149
1753 2149
1752 2149
1751 2149
1750 2149
1749 2149
1748 2149
1747 2149
1746 2149
1745 2149
1744 2149
1743 2149
1742 2149
1741 2149
1740 2149
1739 2149
1738 2149
1737 2149
1736 2149
1735 2149
1734 2149
1733 2149
1732 2149
1731 2149
1730 2149
1729 2149
1728 2149
1727 2149
1726 2149
1725 2149
1724 2149
1723 2149
1722 2150
1721 2150
1720 2150
1719 2150
1718 2150
1717 2150
1716 2150
1715 2150
1714 2151
1713 2151
1712 2151
1711 2152
1710 2152
1709 2153
1708 2154
1707 2154
1706 2155
1705 2155
1704 2155
1703 2156
1702 2156
1701 2156
1700 2156
1699 2156
1698 2156
1697 2157
1696 2157
1695 2157
1694 2157
1693 2158
1692 2158
1691 2159
1690 2159
1689 2160
1688 2160
1687 2161
1686 2162
1685 2162
1684 2163
1683 2163
1682 2164
1681 2164
1680 2165
1679 2165
1678 2166
1677 2166
1676 2167
1675 2167
1674 2167
1673 2167
1672 2167
1671 2167
1670 2167
1669 2167
1668 2167
1667 2167
1666 2168
1665 2168
1664 2168
1663 2168
1662 2168
1661 2168
1660 2168
1659 2168
1658 2169
1657 2169
1656 2169
1655 2169
1654 2169
1653 2169
1652 2170
1651 2170
1650 2170
1649 2171
1648 2171
1647 2171
1646 2172
1645 2172
1644 2172
1643 2173
1642 2173
1641 2173
1640 2173
1639 2173
1638 2173
1637 2173
1636 2173
1635 2173
1634 2173
1633 2173
1632 2173
1631 2173
1630 2174
1629 2174
1628 2174
1627 2174
1626 2174
1625 2174
1624 2174
1623 2175
1622 2175
1621 2175
1620 2175
1619 2175
1618 2176
1617 2176
1616 2177
1615 2177
1614 2178
1613 2178
1612 2178
1611 2179
1610 2179
1609 2179
1608 2179
1607 2179
1606 2179
1605 2179
1604 2179
1603 2179
1602 2179
1601 2179
1600 2179
1599 2179
1598 2180
1597 2180
1596 2180
1595 2180
1594 2180
1593 2180
1592 2181
1591 2181
1590 2181
1589 2182
1588 2182
1587 2183
1586 2183
1585 2184
1584 2185
1583 2185
1582 2185
1581 2186
1580 2186
1579 2187
1578 2187
1577 2187
1576 2187
1575 2188
1574 2188
1573 2188
1572 2189
1571 2189
1570 2190
1569 2191
1568 2191
1567 2191
1566 2191
1565 2191
1564 2191
1563 2192
1562 2192
1561 2192
1560 2192
1559 2192
1558 2192
1557 2192
1556 2193
1555 2193
1554 2193
1553 2193
1552 2194
1551 2194
1550 2194
1549 2195
1548 2195
1547 2196
1546 2196
1545 2197
1544 2197
1543 2197
1542 2197
1541 2197
1540 2197
1539 2197
1538 2197
1537 2197
1536 2197
1535 2197
1534 2198
1533 2198
1532 2198
1531 2198
1530 2198
1529 2198
1528 2198
1527 2198
1526 2198
1525 2199
1524 2199
1523 2199
1522 2199
1521 2199
1520 2200
1519 2200
1518 2200
1517 2201
1516 2201
1515 2202
1514 2202
1513 2202
1512 2203
1511 2203
1510 2203
1509 2204
1508 2204
1507 2204
1506 2204
1505 2204
1504 2205
1503 2205
1502 2205
1501 2205
1500 2205
1499 2206
1498 2206
1497 2206
1496 2207
1495 2207
1494 2208
1493 2208
1493 2209
1492 2210
1491 2210
1490 2210
1489 2210
1488 2211
1487 2211
1486 2211
1485 2211
1484 2212
1483 2212
1482 2213
1481 2213
1480 2214
1479 2215
1478 2215
1477 2215
1476 2216
1475 2216
1474 2216
1473 2216
1472 2216
1471 2217
1470 2217
1469 2217
1468 2218
1467 2218
1466 2218
1465 2219
1464 2219
1463 2220
1462 2220
1461 2221
1460 2221
1459 2222
1458 2222
1457 2222
1456 2222
1455 2222
1454 2222
1453 2223
1452 2223
1451 2223
1450 2223
1449 2223
1448 2223
1447 2224
1446 2224
1445 2224
1444 2225
1443 2225
1442 2226
1441 2226
1440 2227
1439 2227
1438 2227
1437 2227
1436 2227
1435 2227
1434 2227
1433 2227
1432 2228
1431 2228
1430 2228
1429 2228
1428 2228
1427 2228
1426 2228
1425 2228
1424 2229
1423 2229
1422 2229
1421 2230
1420 2230
1419 2231
1418 2231
1417 2232
1416 2232
1415 2233
1414 2233
1413 2233
1412 2234
1411 2234
1410 2234
1409 2234
1408 2234
1407 2234
1406 2234
1405 2234
1404 2234
1403 2235
1402 2235
1401 2235
1400 2235
1399 2236
1398 2236
1397 2236
1396 2237
1395 2237
1394 2238
1393 2238
1392 2239
1391 2239
1390 2239
1389 2239
1388 2239
1387 2240
1386 2240
1385 2240
1384 2240
1383 2240
1382 2240
1381 2240
1380 2240
1379 2240
1378 2240
1377 2241
1376 2241
1375 2241
1374 2241
1373 2241
1372 2241
1371 2241
1370 2242
1369 2242
1368 2242
1367 2243
1366 2243
1365 2244
1364 2244
1363 2245
1362 2245
1361 2245
1360 2245
1359 2245
1358 2245
1357 2245
1356 2245
1355 2246
1354 2246
1353 2246
1352 2246
1351 2246
1350 2246
1349 2246
1348 2247
1347 2247
1346 2247
1345 2248
1344 2248
1343 2248
1342 2249
1341 2249
1340 2250
1339 2250
1338 2251
1337 2251
1336 2251
1335 2251
1334 2251
1333 2251
1332 2251
1331 2251
1330 2251
1329 2251
1328 2252
1327 2252
1326 2252
1325 2252
1324 2252
1323 2252
1322 2252
1321 2253
1320 2253
1319 2253
1318 2254
1317 2254
1316 2255
1315 2255
1314 2256
1313 2256
1312 2256
1311 2257
1310 2257
1309 2257
1308 2257
1307 2257
1306 2257
1305 2257
1304 2257
1303 2257
1302 2257
1301 2258
1300 2258
1299 2258
1298 2258
1297 2258
1296 2258
1295 2259
1294 2259
1293 2259
1292 2260
1291 2260
1290 2260
1289 2261
1288 2262
1287 2262
1286 2263
1285 2264
1284 2264
1283 2264
1282 2264
1281 2264
1280 2265
1279 2265
1278 2265
1277 2266
1276 2267
1275 2268
1274 2268
1273 2268
1272 2269
1271 2269
1270 2269
1269 2269
1268 2269
1267 2269
1266 2269
1265 2269
1264 2269
1263 2269
1262 2270
1261 2270
1260 2270
1259 2270
1258 2270
1257 2270
1256 2270
1255 2270
1254 2270
1253 2270
1252 2271
1251 2271
1250 2271
1249 2271
1248 2272
1247 2272
1246 2273
1245 2274
1244 2274
1243 2275
1242 2275
1241 2275
1240 2275
1239 2276
1238 2276
1237 2276
1236 2276
1235 2276
1234 2276
1233 2276
1232 2276
1231 2276
1230 2276
1229 2277
1228 2277
1227 2277
1226 2277
1225 2278
1224 2278
1223 2279
1222 2279
1221 2280
1220 2281
1219 2282
1218 2282
1217 2283
1216 2283
1215 2283
1214 2284
1213 2284
1212 2285
1211 2285
1210 2286
1209 2286
1208 2287
1207 2288
1206 2289
1205 2290
1204 2291
1203 2292
1202 2293
1201 2293
1200 2293
1199 2293
1198 2293
1197 2293
1196 2293
1195 2293
1194 2293
1193 2293
1192 2293
1191 2293
1190 2293
1189 2293
1188 2293
1187 2293
1186 2293
1185 2293
1184 2293
1183 2293
1182 2293
1181 2293
1180 2293
1179 2293
1178 2293
1177 2293
1176 2293
1175 2293
1174 2293
1173 2293
1172 2293
1171 2293
1170 2294
1169 2294
1168 2294
1167 2294
1166 2294
1165 2294
1164 2294
1163 2295
1162 2295
1161 2295
1160 2296
1159 2296
1158 2296
1157 2297
1156 2297
1155 2297
1154 2298
1153 2298
1152 2299
1151 2299
1150 2299
1149 2299
1148 2299
1147 2299
1146 2299
1145 2299
1144 2300
1143 2300
1142 2300
1141 2300
1140 2300
1139 2300
1138 2300
1137 2300
1136 2300
1135 2300
1134 2300
1133 2301
1132 2301
1131 2301
1130 2301
1129 2301
1128 2301
1127 2302
1126 2302
1125 2303
1124 2303
1123 2304
1122 2305
1122 2306
1121 2307
1121 2308
1120 2309
1119 2310
1118 2310
1117 2311
1116 2311
1115 2311
1114 2311
1113 2311
1112 2311
1111 2311
1110 2311
1109 2311
1108 2311
1107 2311
1106 2311
1105 2311
1104 2311
1103 2311
1102 2311
1101 2311
1100 2311
1099 2311
1098 2311
1097 2311
1096 2311
1095 2311
1094 2311
1093 2311
1092 2311
1091 2311
1090 2311
1089 2311
1088 2312
1087 2312
1086 2312
1085 2312
1084 2312
1083 2312
1082 2312
1081 2312
1080 2312
1079 2313
1078 2313
1077 2313
1076 2313
1075 2313
1074 2314
1073 2314
1072 2314
1071 2315
1070 2316
1069 2316
1068 2317
1067 2317
1066 2317
1065 2317
1064 2317
1063 2317
1062 2317
1061 2317
1060 2317
1059 2317
1058 2317
1057 2318
1056 2318
1055 2318
1054 2318
1053 2318
1052 2318
1051 2318
1050 2318
1049 2318
1048 2318
1047 2318
1046 2319
1045 2319
1044 2319
1043 2319
1042 2319
1041 2320
1040 2320
1039 2320
1038 2320
1037 2321
1036 2321
1035 2321
1034 2322
1033 2322
1032 2323
1031 2323
1030 2323
1029 2324
1028 2324
1027 2324
1026 2324
1025 2324
1024 2324
1023 2324
1022 2324
1021 2324
1020 2325
1019 2325
1018 2325
1017 2326
1016 2326
1015 2327
1014 2327
1013 2328
1012 2328
1011 2329
1010 2329
1009 2330
1008 2330
1007 2330
1006 2331
1005 2331
1004 2331
1003 2331
1002 2331
1001 2331
1000 2332
999 2332
998 2332
997 2333
996 2333
995 2334
994 2334
993 2335
992 2335
991 2335
990 2335
989 2336
988 2336
987 2336
986 2336
985 2336
984 2336
983 2336
982 2336
981 2336
980 2337
979 2337
978 2337
977 2337
976 2338
975 2338
974 2338
973 2339
972 2339
971 2340
970 2340
969 2341
968 2341
967 2342
966 2342
965 2342
964 2342
963 2342
962 2342
961 2342
960 2342
959 2342
958 2342
957 2342
956 2343
955 2343
954 2343
953 2343
952 2343
951 2344
950 2344
949 2344
948 2345
947 2345
946 2346
945 2346
944 2347
943 2347
942 2347
941 2347
940 2347
939 2347
938 2348
937 2348
936 2348
935 2348
934 2348
933 2348
932 2348
931 2348
930 2348
929 2348
928 2348
927 2349
926 2349
925 2349
924 2350
923 2350
922 2351
921 2351
920 2352
919 2352
918 2353
917 2354
916 2354
915 2355
914 2355
913 2355
912 2355
911 2356
910 2356
909 2356
908 2357
907 2357
906 2357
905 2358
904 2359
903 2359
902 2360
901 2361
900 2361
899 2362
898 2363
897 2363
896 2364
895 2364
894 2365
893 2365
892 2366
891 2366
890 2366
889 2366
888 2367
887 2367
886 2368
885 2368
884 2369
883 2369
882 2370
881 2371
880 2372
879 2373
878 2373
877 2374
876 2375
875 2376
874 2377
873 2378
872 2378
871 2379
870 2380
869 2380
868 2380
867 2381
866 2382
865 2382
864 2383
863 2384
862 2385
861 2385
860 2386
859 2386
858 2386
857 2387
856 2387
855 2388
854 2388
853 2389
852 2389
851 2389
850 2389
849 2389
848 2389
847 2389
846 2389
845 2389
844 2389
843 2390
842 2390
841 2390
840 2390
839 2390
838 2390
837 2390
836 2390
835 2390
834 2390
833 2391
832 2391
831 2391
830 2391
829 2391
828 2391
827 2392
826 2392
825 2392
824 2393
823 2393
822 2394
821 2394
820 2394
819 2395
818 2395
817 2395
816 2395
815 2395
814 2395
813 2396
812 2396
811 2396
810 2396
809 2396
808 2396
807 2396
806 2396
805 2396
804 2396
803 2396
802 2396
801 2397
800 2397
799 2397
798 2397
797 2398
796 2398
795 2399
794 2399
793 2400
792 2401
791 2401
790 2401
789 2402
788 2402
787 2402
786 2402
785 2402
784 2402
783 2402
782 2402
781 2402
780 2402
779 2402
778 2403
777 2403
776 2403
775 2403
774 2403
773 2404
772 2404
771 2405
770 2405
769 2406
768 2407
767 2407
766 2408
765 2408
764 2408
763 2409
762 2409
761 2410
760 2410
759 2411
758 2411
757 2411
756 2412
755 2412
754 2413
753 2413
752 2414
751 2414
750 2415
749 2415
748 2416
747 2416
746 2417
745 2417
744 2418
743 2419
742 2420
741 2421
740 2422
739 2423
738 2424
737 2425
736 2425
736 2426
735 2427
735 2428
734 2429
734 2430
734 2431
733 2432
733 2433
732 2434
731 2435
730 2436
729 2437
728 2437
727 2437
726 2437
725 2437
724 2437
723 2437
722 2438
721 2438
720 2438
719 2438
718 2438
717 2438
716 2438
715 2438
714 2438
713 2439
712 2439
711 2439
710 2439
709 2439
708 2440
707 2440
706 2440
705 2441
704 2441
703 2442
702 2443
701 2443
700 2444
699 2445
698 2445
697 2445
696 2445
695 2446
694 2446
693 2447
692 2447
691 2448
690 2449
689 2449
688 2450
687 2451
686 2451
685 2451
684 2452
683 2452
682 2452
681 2453
680 2454
679 2454
678 2455
677 2455
676 2456
675 2457
674 2458
673 2459
672 2459
671 2460
670 2461
669 2461
668 2462
667 2462
666 2463
665 2463
664 2464
663 2464
662 2464
661 2465
660 2465
659 2465
658 2466
657 2466
656 2467
655 2468
654 2469
653 2470
652 2470
651 2471
650 2472
649 2472
649 2473
648 2474
647 2475
646 2475
645 2476
644 2476
643 2476
642 2477
641 2477
640 2478
639 2478
638 2479
637 2479
636 2480
635 2481
634 2481
633 2482
632 2483
631 2484
630 2484
629 2485
628 2486
627 2487
626 2488
625 2488
624 2489
623 2490
622 2490
621 2491
620 2492
619 2493
618 2493
617 2494
616 2494
615 2495
614 2495
613 2495
612 2496
611 2497
610 2498
609 2498
608 2499
607 2499
606 2500
605 2500
604 2500
603 2501
602 2501
601 2502
600 2503
599 2504
598 2505
597 2506
596 2506
595 2507
594 2508
593 2508
592 2508
591 2509
590 2510
589 2510
588 2511
587 2512
586 2513
585 2514
584 2515
583 2516
582 2516
581 2517
580 2518
579 2518
578 2519
577 2519
576 2520
575 2521
575 2522
574 2523
573 2524
572 2524
571 2525
570 2525
569 2526
568 2526
567 2527
566 2528
565 2528
565 2529
564 2530
563 2531
562 2532
561 2533
560 2534
559 2535
558 2536
557 2537
556 2538
556 2539
555 2540
554 2541
553 2542
552 2543
551 2544
550 2544
549 2545
548 2546
547 2547
546 2547
545 2548
544 2549
543 2549
542 2550
541 2551
540 2552
539 2553
539 2554
538 2555
537 2556
537 2557
536 2558
535 2559
535 2560
534 2561
534 2562
534 2563
533 2564
533 2565
532 2566
531 2567
530 2567
529 2568
528 2569
527 2570
527 2571
526 2572
525 2573
524 2574
523 2575
522 2576
521 2577
521 2578
520 2579
519 2580
518 2581
517 2582
517 2583
516 2584
515 2585
514 2586
514 2587
513 2588
512 2589
511 2590
511 2591
510 2592
509 2593
508 2594
507 2595
506 2595
505 2595
504 2596
503 2596
502 2596
501 2596
500 2597
499 2597
498 2598
497 2598
496 2599
495 2599
494 2600
493 2600
492 2601
491 2602
490 2602
489 2603
488 2604
487 2605
486 2605
485 2606
484 2607
483 2607
482 2608
481 2609
480 2609
479 2610
478 2610
477 2611
476 2611
475 2612
474 2612
473 2612
472 2613
471 2613
470 2613
469 2613
468 2614
467 2615
466 2616
465 2617
464 2618
463 2619
462 2620
461 2621
460 2622
459 2623
458 2624
457 2625
456 2626
455 2627
454 2628
453 2629
452 2630
451 2631
450 2632
449 2633
448 2634
447 2635
446 2636
445 2637
444 2638
443 2639
442 2640
441 2641
440 2642
439 2643
438 2644
438 2645
437 2646
436 2647
435 2648
434 2649
434 2650
433 2651
432 2652
432 2653
431 2654
430 2655
430 2656
429 2657
428 2658
428 2659
427 2660
426 2661
426 2662
425 2663
424 2664
424 2665
425 2665
426 2665
427 2665
428 2665
429 2665
430 2665
431 2665
432 2665
433 2665
434 2665
435 2665
436 2665
437 2665
438 2665
439 2665
440 2665
441 2665
442 2665
443 2665
444 2665
445 2665
446 2665
447 2665
448 2665
449 2665
450 2665
451 2665
452 2665
453 2665
454 2665
455 2665
456 2665
457 2665
458 2665
459 2665
460 2665
461 2665
462 2665
463 2665
464 2665
465 2665
466 2665
467 2665
468 2665
469 2665
470 2664
471 2664
472 2664
473 2664
474 2664
475 2664
476 2664
477 2664
478 2664
479 2664
480 2664
481 2664
482 2664
483 2664
484 2663
485 2663
486 2663
487 2662
488 2662
489 2661
490 2660
491 2659
491 2658
492 2657
493 2657
494 2656
495 2655
496 2655
497 2654
498 2654
499 2653
500 2652
501 2652
502 2652
503 2651
504 2651
505 2651
506 2651
507 2651
508 2650
509 2650
510 2649
511 2649
512 2648
513 2647
514 2646
515 2645
516 2644
516 2643
517 2642
518 2641
519 2640
520 2639
521 2638
522 2637
523 2636
523 2635
524 2634
525 2633
525 2632
526 2631
527 2630
528 2629
528 2628
529 2627
530 2626
530 2625
531 2624
532 2623
532 2622
533 2621
533 2620
534 2619
534 2618
534 2617
535 2616
535 2615
536 2614
537 2613
538 2612
538 2611
538 2610
539 2609
539 2608
539 2607
539 2606
540 2605
540 2604
540 2603
541 2602
541 2601
542 2600
543 2599
543 2598
544 2597
544 2596
545 2595
545 2594
545 2593
546 2592
546 2591
546 2590
547 2589
548 2588
549 2587
550 2586
551 2585
551 2584
551 2583
552 2582
552 2581
552 2580
553 2579
553 2578
554 2577
555 2576
556 2575
557 2574
558 2573
559 2573
560 2572
561 2571
562 2570
563 2569
564 2568
565 2567
565 2566
566 2565
567 2564
568 2563
569 2562
570 2561
571 2560
572 2559
573 2558
574 2558
575 2557
576 2556
577 2556
578 2555
579 2554
580 2554
581 2554
582 2553
583 2553
584 2552
585 2552
586 2551
587 2550
588 2549
589 2548
590 2548
591 2547
592 2546
593 2545
594 2544
595 2543
596 2542
597 2541
598 2540
599 2539
600 2538
600 2537
601 2536
602 2535
603 2534
603 2533
604 2532
605 2531
606 2530
607 2529
608 2528
609 2527
610 2526
610 2525
611 2524
612 2523
613 2522
614 2521
615 2520
616 2520
616 2519
617 2518
618 2517
619 2516
619 2515
620 2514
621 2513
622 2512
623 2512
624 2511
625 2511
626 2510
627 2509
628 2508
629 2508
630 2508
631 2508
632 2508
633 2507
634 2507
635 2507
636 2507
637 2507
638 2506
639 2506
640 2505
641 2505
642 2504
643 2503
643 2502
644 2501
645 2501
646 2501
647 2501
648 2500
649 2499
650 2498
651 2498
652 2497
653 2496
654 2495
655 2495
656 2494
657 2494
658 2493
659 2493
660 2492
661 2492
661 2491
662 2490
663 2489
664 2488
665 2487
666 2486
667 2485
668 2485
669 2484
670 2484
671 2484
672 2484
673 2483
674 2483
675 2483
676 2483
677 2483
678 2483
679 2482
680 2482
681 2482
682 2481
683 2481
684 2481
685 2480
686 2479
687 2478
688 2478
689 2478
690 2478
691 2478
692 2477
693 2477
694 2477
695 2477
696 2477
697 2476
698 2475
699 2475
700 2474
701 2473
702 2473
703 2473
704 2472
705 2472
706 2472
707 2472
708 2472
709 2472
710 2472
711 2472
712 2472
713 2472
714 2472
715 2472
716 2472
717 2472
718 2471
719 2471
720 2471
721 2470
722 2470
723 2469
724 2469
725 2468
725 2467
726 2466
727 2466
728 2466
729 2466
730 2466
731 2466
732 2466
733 2466
734 2465
735 2465
736 2465
737 2465
738 2464
739 2463
740 2462
741 2461
742 2461
743 2460
744 2460
745 2460
746 2460
747 2460
748 2460
749 2460
750 2460
751 2460
752 2460
753 2460
754 2460
755 2460
756 2459
757 2459
758 2459
759 2459
760 2459
761 2458
762 2458
763 2457
764 2457
765 2456
766 2455
767 2454
768 2453
769 2452
770 2451
771 2451
772 2450
773 2450
774 2449
775 2448
776 2447
777 2447
778 2446
779 2446
780 2446
781 2445
782 2445
783 2444
784 2444
785 2443
786 2442
786 2441
787 2440
788 2439
789 2438
790 2437
791 2437
792 2436
793 2436
794 2436
795 2436
796 2436
797 2435
798 2435
799 2435
800 2435
801 2435
802 2435
803 2434
804 2434
805 2434
806 2433
807 2433
808 2433
809 2432
810 2432
811 2431
812 2431
813 2430
814 2430
815 2430
816 2430
817 2430
818 2430
819 2430
820 2430
821 2430
822 2430
823 2430
824 2430
825 2430
826 2430
827 2429
828 2429
829 2429
830 2429
831 2429
832 2429
833 2428
834 2428
835 2428
836 2427
837 2427
838 2426
839 2426
840 2425
841 2424
842 2424
843 2424
844 2424
845 2424
846 2424
847 2424
848 2424
849 2424
850 2424
851 2424
852 2423
853 2423
854 2423
855 2423
856 2423
857 2423
858 2423
859 2423
860 2422
861 2422
862 2422
863 2422
864 2421
865 2421
866 2420
867 2420
868 2419
869 2418
870 2418
871 2418
872 2418
873 2418
874 2418
875 2418
876 2417
877 2417
878 2417
879 2417
880 2417
881 2417
882 2417
883 2416
884 2416
885 2415
886 2414
887 2414
888 2413
889 2412
890 2412
891 2412
892 2411
893 2411
894 2411
895 2410
896 2410
897 2409
898 2408
899 2408
900 2407
901 2406
902 2405
903 2405
904 2405
905 2405
906 2404
907 2404
908 2403
909 2402
910 2402
911 2401
911 2400
912 2399
913 2398
914 2397
915 2396
915 2395
916 2394
916 2393
916 2392
916 2391
916 2390
916 2389
916 2388
916 2387
916 2386
917 2385
917 2384
918 2383
919 2382
920 2382
921 2382
922 2382
923 2382
924 2382
925 2382
926 2382
927 2382
928 2382
929 2382
930 2382
931 2382
932 2382
933 2382
934 2381
935 2381
936 2381
937 2381
938 2381
939 2380
940 2380
941 2380
942 2379
943 2379
944 2378
945 2378
946 2377
947 2377
948 2376
949 2376
950 2376
951 2376
952 2376
953 2376
954 2375
955 2375
956 2375
957 2375
958 2375
959 2375
960 2374
961 2374
962 2374
963 2373
964 2372
965 2372
966 2371
967 2371
968 2371
969 2370
970 2370
971 2370
972 2370
973 2370
974 2370
975 2370
976 2370
977 2370
978 2370
979 2370
980 2370
981 2370
982 2370
983 2370
984 2370
985 2370
986 2370
987 2370
988 2370
989 2370
990 2369
991 2369
992 2369
993 2369
994 2369
995 2369
996 2369
997 2368
998 2368
999 2368
1000 2368
1001 2367
1002 2367
1003 2366
1004 2366
1005 2365
1006 2365
1007 2364
1008 2364
1009 2363
1010 2362
1011 2362
1012 2361
1013 2361
1014 2361
1015 2360
1016 2359
1017 2359
1018 2358
1019 2358
1020 2358
1021 2358
1022 2358
1023 2358
1024 2358
1025 2357
1026 2357
1027 2357
1028 2357
1029 2357
1030 2357
1031 2357
1032 2357
1033 2357
1034 2356
1035 2356
1036 2356
1037 2356
1038 2355
1039 2355
1040 2354
1041 2354
1042 2353
1043 2353
1044 2352
1045 2352
1046 2352
1047 2352
1048 2352
1049 2352
1050 2352
1051 2352
1052 2352
1053 2352
1054 2352
1055 2351
1056 2351
1057 2351
1058 2351
1059 2351
1060 2351
1061 2351
1062 2351
1063 2350
1064 2350
1065 2350
1066 2349
1067 2349
1068 2349
1069 2348
1070 2348
1071 2347
1072 2346
1073 2346
1074 2346
1075 2346
1076 2346
1077 2346
1078 2346
1079 2346
1080 2346
1081 2346
1082 2346
1083 2346
1084 2346
1085 2346
1086 2346
1087 2346
1088 2346
1089 2346
1090 2346
1091 2346
1092 2346
1093 2346
1094 2346
1095 2346
1096 2346
1097 2346
1098 2346
1099 2346
1100 2346
1101 2346
1102 2346
1103 2346
1104 2346
1105 2346
1106 2346
1107 2346
1108 2346
1109 2346
1110 2346
1111 2346
1112 2346
1113 2346
1114 2346
1115 2346
1116 2346
1117 2346
1118 2346
1119 2346
1120 2346
1121 2346
1122 2346
1123 2346
1124 2346
1125 2346
1126 2346
1127 2346
1128 2346
1129 2346
1130 2346
1131 2346
1132 2346
1133 2346
1134 2346
1135 2346
1136 2346
1137 2346
1138 2346
1139 2346
1140 2346
1141 2346
1142 2346
1143 2346
1144 2346
1145 2346
1146 2346
1147 2346
1148 2346
1149 2346
1150 2346
1151 2346
1152 2346
1153 2346
1154 2346
1155 2346
1156 2346
1157 2346
1158 2346
1159 2346
1160 2346
1161 2346
1162 2346
1163 2345
1164 2345
1165 2345
1166 2345
1167 2345
1168 2345
1169 2344
1170 2344
1171 2344
1172 2343
1173 2343
1174 2343
1175 2342
1176 2342
1177 2341
1178 2341
1179 2341
1180 2340
1181 2340
1182 2340
1183 2340
1184 2340
1185 2340
1186 2340
1187 2340
1188 2340
1189 2340
1190 2340
1191 2340
1192 2340
1193 2340
1194 2340
1195 2340
1196 2340
1197 2340
1198 2340
1199 2340
1200 2340
1201 2340
1202 2340
1203 2340
1204 2340
1205 2340
1206 2340
1207 2340
1208 2340
1209 2340
1210 2340
1211 2340
1212 2340
1213 2340
1214 2340
1215 2340
1216 2340
1217 2340
1218 2340
1219 2340
1220 2340
1221 2340
1222 2340
1223 2340
1224 2341
1225 2341
1226 2341
1227 2341
1228 2341
1229 2341
1230 2341
1231 2341
1232 2341
1233 2341
1234 2341
1235 2341
1236 2341
1237 2341
1238 2341
1239 2342
1240 2342
1241 2342
1242 2342
1243 2342
1244 2342
1245 2343
1246 2343
1247 2343
1248 2344
1249 2344
1250 2345
1251 2345
1252 2345
1253 2346
1254 2346
1255 2346
1256 2346
1257 2346
1258 2346
1259 2346
1260 2346
1261 2346
1262 2346
1263 2346
1264 2346
1265 2346
1266 2346
1267 2346
1268 2346
1269 2346
1270 2346
1271 2346
1272 2346
1273 2346
1274 2346
1275 2346
1276 2346
1277 2346
1278 2346
1279 2346
1280 2346
1281 2346
1282 2346
1283 2346
1284 2346
1285 2346
1286 2346
1287 2346
1288 2346
1289 2346
1290 2346
1291 2346
1292 2346
1293 2346
1294 2346
1295 2346
1296 2346
1297 2346
1298 2346
1299 2346
1300 2346
1301 2346
1302 2346
1303 2346
1304 2346
1305 2346
1306 2346
1307 2346
1308 2345
1309 2345
1310 2345
1311 2345
1312 2345
1313 2345
1314 2345
1315 2344
1316 2344
1317 2344
1318 2344
1319 2343
1320 2343
1321 2342
1322 2342
1323 2342
1324 2341
1325 2341
1326 2341
1327 2340
1328 2340
1329 2340
1330 2340
1331 2340
1332 2340
1333 2340
1334 2339
1335 2339
1336 2339
1337 2339
1338 2339
1339 2339
1340 2339
1341 2339
1342 2339
1343 2339
1344 2339
1345 2338
1346 2338
1347 2338
1348 2338
1349 2338
1350 2338
1351 2337
1352 2337
1353 2337
1354 2337
1355 2336
1356 2336
1357 2336
1358 2335
1359 2335
1360 2335
1361 2334
1362 2334
1363 2334
1364 2333
1365 2333
1366 2333
1367 2333
1368 2333
1369 2333
1370 2333
1371 2333
1372 2333
1373 2333
1374 2332
1375 2332
1376 2332
1377 2332
1378 2331
1379 2331
1380 2331
1381 2330
1382 2330
1383 2329
1384 2328
1385 2328
1386 2328
1387 2328
1388 2328
1389 2328
1390 2328
1391 2328
1392 2328
1393 2328
1394 2328
1395 2328
1396 2328
1397 2328
1398 2328
1399 2328
1400 2328
1401 2328
1402 2328
1403 2328
1404 2328
1405 2328
1406 2327
1407 2327
1408 2327
1409 2327
1410 2327
1411 2327
1412 2327
1413 2327
1414 2327
1415 2326
1416 2326
1417 2326
1418 2326
1419 2326
1420 2325
1421 2325
1422 2325
1423 2325
1424 2324
1425 2324
1426 2324
1427 2324
1428 2323
1429 2323
1430 2323
1431 2323
1432 2322
1433 2322
1434 2322
1435 2322
1436 2322
1437 2322
1438 2322
1439 2322
1440 2322
1441 2322
1442 2322
1443 2322
1444 2322
1445 2322
1446 2322
1447 2321
1448 2321
1449 2321
1450 2321
1451 2321
1452 2321
1453 2321
1454 2321
1455 2321
1456 2321
1457 2321
1458 2321
1459 2320
1460 2320
1461 2320
1462 2320
1463 2319
1464 2319
1465 2319
1466 2318
1467 2318
1468 2317
1469 2317
1470 2316
1471 2316
1472 2315
1473 2315
1474 2315
1475 2314
1476 2314
1477 2314
1478 2313
1479 2313
1480 2313
1481 2312
1482 2311
1483 2311
1484 2311
1485 2310
1486 2310
1487 2310
1488 2310
1489 2310
1490 2310
1491 2310
1492 2310
1493 2310
1494 2310
1495 2310
1496 2310
1497 2310
1498 2310
1499 2310
1500 2310
1501 2310
1502 2310
1503 2310
1504 2310
1505 2310
1506 2310
1507 2309
1508 2309
1509 2309
1510 2309
1511 2309
1512 2309
1513 2309
1514 2309
1515 2309
1516 2308
1517 2308
1518 2308
1519 2308
1520 2308
1521 2307
1522 2307
1523 2307
1524 2307
1525 2306
1526 2306
1527 2305
1528 2305
1529 2305
1530 2304
1531 2304
1532 2304
1533 2304
1534 2304
1535 2304
1536 2304
1537 2304
1538 2304
1539 2304
1540 2304
1541 2304
1542 2304
1543 2304
1544 2304
1545 2304
1546 2304
1547 2304
1548 2304
1549 2304
1550 2303
1551 2303
1552 2303
1553 2303
1554 2303
1555 2303
1556 2303
1557 2303
1558 2303
1559 2303
1560 2303
1561 2302
1562 2302
1563 2302
1564 2302
1565 2302
1566 2302
1567 2301
1568 2301
1569 2301
1570 2300
1571 2300
1572 2300
1573 2299
1574 2299
1575 2299
1576 2298
1577 2298
1578 2298
1579 2298
1580 2298
1581 2298
1582 2298
1583 2298
1584 2298
1585 2298
1586 2298
1587 2298
1588 2298
1589 2298
1590 2298
1591 2298
1592 2298
1593 2298
1594 2298
1595 2298
1596 2297
1597 2297
1598 2297
1599 2297
1600 2297
1601 2297
1602 2297
1603 2297
1604 2296
1605 2296
1606 2296
1607 2296
1608 2296
1609 2295
1610 2295
1611 2295
1612 2295
1613 2294
1614 2294
1615 2293
1616 2293
1617 2293
1618 2292
1619 2292
1620 2292
1621 2291
1622 2291
1623 2291
1624 2291
1625 2290
1626 2290
1627 2290
1628 2289
1629 2288
1630 2287
1631 2286
1632 2285
1633 2285
1634 2285
1635 2285
1636 2285
1637 2285
1638 2284
1639 2284
1640 2284
1641 2284
1642 2283
1643 2283
1644 2282
1645 2282
1646 2281
1647 2280
1648 2280
1649 2279
1650 2279
1651 2279
1652 2278
1653 2278
1654 2278
1655 2278
1656 2277
1657 2277
1658 2277
1659 2276
1660 2276
1661 2275
1662 2274
1663 2273
1664 2272
1665 2271
1666 2271
1667 2270
1668 2270
1669 2269
1670 2268
1671 2267
1672 2266
1673 2265
1674 2265
1675 2264
1676 2264
1677 2263
1678 2262
1679 2262
1680 2261
1681 2261
1682 2260
1683 2260
1684 2260
1685 2260
1686 2259
1687 2259
1688 2259
1689 2258
1690 2257
1691 2256
1692 2256
1693 2256
1694 2256
1695 2256
1696 2256
1697 2256
1698 2256
1699 2256
1700 2256
1701 2256
1702 2256
1703 2256
1704 2256
1705 2256
1706 2256
1707 2256
1708 2256
1709 2256
1710 2256
1711 2256
1712 2256
1713 2256
1714 2256
1715 2256
1716 2256
1717 2256
1718 2256
1719 2256
1720 2256
1721 2256
1722 2256
1723 2256
1724 2256
1725 2256
1726 2256
1727 2256
1728 2256
1729 2256
1730 2256
1731 2256
1732 2256
1733 2256
1734 2256
1735 2256
1736 2256
1737 2256
1738 2256
1739 2256
1740 2256
1741 2256
1742 2256
1743 2256
1744 2256
1745 2256
1746 2256
1747 2256
1748 2256
1749 2256
1750 2256
1751 2256
1752 2256
1753 2256
1754 2256
1755 2256
1756 2256
1757 2256
1758 2256
1759 2256
1760 2256
1761 2256
1762 2256
1763 2256
1764 2256
1765 2256
1766 2256
1767 2256
1768 2256
1769 2256
1770 2256
1771 2256
1772 2256
1773 2256
1774 2256
1775 2256
1776 2256
1777 2256
1778 2256
1779 2256
1780 2256
1781 2256
1782 2256
1783 2256
1784 2256
1785 2256
1786 2256
1787 2256
1788 2256
1789 2256
1790 2256
1791 2256
1792 2256
1793 2256
1794 2256
1795 2256
1796 2256
1797 2256
1798 2256
1799 2256
1800 2256
1801 2256
1802 2256
1803 2256
1804 2256
1805 2256
1806 2256
1807 2256
1808 2256
1809 2256
1810 2256
1811 2256
1812 2256
1813 2256
1814 2256
1815 2256
1816 2256
1817 2256
1818 2256
1819 2256
1820 2256
1821 2256
1822 2256
1823 2256
1824 2256
1825 2256
1826 2256
1827 2256
1828 2256
1829 2256
1830 2256
1831 2256
1832 2256
1833 2256
1834 2256
1835 2256
1836 2256
1837 2256
1838 2256
1839 2256
1840 2256
1841 2256
1842 2256
1843 2256
1844 2256
1845 2256
1846 2256
1847 2256
1848 2256
1849 2256
1850 2256
1851 2256
1852 2256
1853 2256
1854 2256
1855 2256
1856 2256
1857 2256
1858 2256
1859 2256
1860 2256
1861 2256
1862 2256
1863 2256
1864 2256
1865 2256
1866 2256
1867 2256
1868 2256
1869 2256
1870 2256
1871 2256
1872 2256
1873 2256
1874 2256
1875 2256
1876 2256
1877 2256
1878 2256
1879 2256
1880 2256
1881 2256
1882 2256
1883 2256
1884 2256
1885 2256
1886 2256
1887 2256
1888 2256
1889 2256
1890 2256
1891 2256
1892 2256
1893 2256
1894 2256
1895 2256
1896 2256
1897 2256
1898 2256
1899 2256
1900 2256
1901 2256
1902 2256
1903 2256
1904 2256
1905 2256
1906 2256
1907 2256
1908 2256
1909 2256
1910 2256
1911 2256
1912 2256
1913 2256
1914 2256
1915 2256
1916 2256
1917 2256
1918 2256
1919 2256
1920 2256
1921 2256
1922 2255
1923 2255
1924 2255
1925 2255
1926 2255
1927 2255
1928 2255
1929 2255
1930 2255
1931 2255
1932 2255
1933 2255
1934 2255
1935 2254
1936 2254
1937 2254
1938 2254
1939 2254
1940 2254
1941 2254
1942 2253
1943 2253
1944 2253
1945 2253
1946 2252
1947 2252
1948 2252
1949 2251
1950 2251
1951 2251
1952 2251
1953 2250
1954 2250
1955 2250
1956 2250
1957 2250
1958 2250
1959 2250
1960 2250
1961 2250
1962 2249
1963 2249
1964 2249
1965 2249
1966 2249
1967 2249
1968 2249
1969 2249
1970 2249
1971 2249
1972 2248
1973 2248
1974 2248
1975 2248
1976 2248
1977 2248
1978 2247
1979 2247
1980 2247
1981 2247
1982 2247
1983 2246
1984 2246
1985 2245
1986 2245
1987 2245
1988 2244
1989 2244
1990 2244
1991 2244
1992 2244
1993 2244
1994 2243
1995 2243
1996 2243
1997 2243
1998 2243
1999 2243
2000 2243
2001 2243
2002 2242
2003 2242
2004 2242
2005 2242
2006 2242
2007 2242
2008 2241
2009 2241
2010 2241
2011 2241
2012 2240
2013 2240
2014 2239
2015 2238
2016 2238
2017 2238
2018 2237
2019 2237
2020 2237
2021 2237
2022 2236
2023 2236
2024 2236
2025 2236
2026 2236
2027 2235
2028 2235
2029 2235
2030 2234
2031 2234
2032 2233
2033 2233
2034 2232
2035 2231
2036 2231
2037 2231
2038 2231
2039 2231
2040 2231
2041 2231
2042 2230
2043 2230
2044 2230
2045 2230
2046 2230
2047 2229
2048 2229
2049 2229
2050 2229
2051 2228
2052 2228
2053 2228
2054 2227
2055 2227
2056 2227
2057 2226
2058 2226
2059 2226
2060 2225
2061 2225
2062 2225
2063 2225
2064 2225
2065 2225
2066 2225
2067 2225
2068 2225
2069 2225
2070 2224
2071 2224
2072 2224
2073 2224
2074 2224
2075 2224
2076 2223
2077 2223
2078 2223
2079 2222
2080 2222
2081 2221
2082 2221
2083 2221
2084 2220
2085 2220
2086 2220
2087 2220
2088 2220
2089 2220
2090 2220
2091 2220
2092 2220
2093 2220
2094 2220
2095 2220
2096 2220
2097 2220
2098 2220
2099 2220
2100 2220
2101 2220
2102 2220
2103 2220
2104 2220
2105 2220
2106 2220
2107 2220
2108 2220
2109 2220
2110 2220
2111 2220
2112 2220
2113 2220
2114 2220
2115 2220
2116 2220
2117 2220
2118 2220
2119 2220
2120 2220
2121 2220
2122 2220
2123 2220
2124 2220
2125 2220
2126 2220
2127 2220
2128 2220
2129 2220
2130 2220
2131 2220
2132 2220
2133 2220
2134 2220
2135 2220
2136 2220
2137 2220
2138 2220
2139 2220
2140 2220
2141 2220
2142 2220
2143 2220
2144 2220
2145 2220
2146 2220
2147 2220
2148 2220
2149 2220
2150 2220
2151 2220
2152 2219
2153 2219
2154 2219
2155 2219
2156 2219
2157 2219
2158 2219
2159 2219
2160 2219
2161 2219
2162 2219
2163 2219
2164 2219
2165 2219
2166 2219
2167 2218
2168 2218
2169 2218
2170 2218
2171 2218
2172 2218
2173 2217
2174 2217
2175 2217
2176 2217
2177 2216
2178 2216
2179 2216
2180 2215
2181 2215
2182 2215
2183 2215
2184 2214
2185 2214
2186 2214
2187 2214
2188 2214
2189 2214
2190 2214
2191 2214
2192 2214
2193 2214
2194 2214
2195 2214
2196 2214
2197 2214
2198 2214
2199 2214
2200 2214
2201 2214
2202 2214
2203 2214
2204 2214
2205 2214
2206 2214
2207 2214
2208 2214
2209 2214
2210 2214
2211 2214
2212 2214
2213 2214
2214 2214
2215 2214
2216 2214
2217 2214
2218 2214
2219 2214
2220 2214
2221 2214
2222 2214
2223 2214
2224 2214
2225 2214
2226 2214
2227 2214
2228 2214
2229 2214
2230 2214
2231 2214
2232 2214
2233 2214
2234 2214
2235 2214
2236 2214
2237 2214
2238 2214
2239 2214
2240 2214
2241 2214
2242 2214
2243 2214
2244 2214
2245 2214
2246 2214
2247 2214
2248 2214
2249 2214
2250 2214
2251 2215
2252 2215
2253 2215
2254 2216
2255 2216
2256 2216
2257 2217
2258 2217
2259 2217
2260 2218
2261 2218
2262 2219
2263 2220
2264 2221
2265 2221
2266 2222
2267 2222
2268 2222
2269 2223
2270 2223
2271 2223
2272 2223
2273 2224
2274 2224
2275 2225
2276 2225
2277 2225
2278 2225
2279 2226
2280 2226
2281 2226
2282 2226
2283 2226
2284 2226
2285 2226
2286 2226
2287 2226
2288 2226
2289 2226
2290 2227
2291 2227
2292 2227
2293 2227
2294 2227
2295 2227
2296 2227
2297 2227
2298 2227
2299 2228
2300 2228
2301 2228
2302 2228
2303 2229
2304 2229
2305 2229
2306 2229
2307 2230
2308 2230
2309 2230
2310 2231
2311 2231
2312 2231
2313 2232
2314 2232
2315 2232
2316 2232
2317 2232
2318 2232
2319 2232
2320 2232
2321 2232
2322 2232
2323 2232
2324 2232
2325 2232
2326 2232
2327 2232
2328 2232
2329 2232
2330 2232
2331 2233
2332 2233
2333 2233
2334 2233
2335 2233
2336 2233
2337 2233
2338 2233
2339 2233
2340 2234
2341 2234
2342 2234
2343 2234
2344 2234
2345 2234
2346 2235
2347 2235
2348 2235
2349 2235
2350 2236
2351 2236
2352 2236
2353 2237
2354 2237
2355 2237
2356 2237
2357 2238
2358 2238
2359 2238
2360 2238
2361 2238
2362 2238
2363 2238
2364 2238
2365 2238
2366 2238
2367 2238
2368 2238
2369 2238
2370 2238
2371 2238
2372 2239
2373 2239
2374 2239
2375 2239
2376 2239
2377 2239
2378 2239
2379 2239
2380 2239
2381 2239
2382 2239
2383 2239
2384 2240
2385 2240
2386 2240
2387 2240
2388 2240
2389 2240
2390 2241
2391 2241
2392 2241
2393 2242
2394 2242
2395 2242
2396 2243
2397 2243
2398 2243
2399 2244
2400 2244
2401 2245
2402 2245
2403 2245
2404 2245
2405 2245
2406 2245
2407 2245
2408 2245
2409 2246
2410 2246
2411 2246
2412 2246
2413 2246
2414 2246
2415 2247
2416 2247
2417 2247
2418 2247
2419 2247
2420 2248
2421 2248
2422 2248
2423 2249
2424 2249
2425 2250
2426 2250
2427 2251
2428 2251
2429 2252
2430 2252
2431 2253
2432 2253
2433 2254
2434 2254
2435 2255
2436 2256
2437 2256
2438 2256
2439 2256
2440 2256
2441 2256
2442 2256
2443 2256
2444 2256
2445 2256
2446 2256
2447 2256
2448 2256
2449 2256
2450 2256
2451 2256
2452 2256
2453 2256
2454 2256
2455 2256
2456 2256
2457 2256
2458 2256
2459 2256
2460 2256
2461 2256
2462 2256
2463 2256
2464 2256
2465 2256
2466 2256
2467 2256
2468 2256
2469 2256
2470 2256
2471 2256
2472 2256
2473 2256
2474 2256
2475 2256
2476 2256
2477 2256
2478 2256
2479 2256
2480 2256
2481 2256
2482 2256
2483 2256
2484 2256
2485 2256
2486 2256
2487 2256
2488 2256
2489 2256
2490 2256
2491 2256
2492 2256
2493 2256
2494 2256
2495 2256
2496 2256
2497 2257
2498 2257
2499 2257
2500 2257
2501 2257
2502 2257
2503 2257
2504 2257
2505 2258
2506 2258
2507 2259
2508 2259
2509 2260
2510 2260
2511 2261
2512 2261
2513 2262
2514 2263
2515 2263
2516 2263
2517 2264
2518 2264
2519 2264
2520 2264
2521 2265
2522 2265
2523 2265
2524 2266
2525 2266
2526 2267
2527 2267
2528 2267
2529 2268
2530 2268
2531 2269
2532 2270
2533 2270
2534 2271
2535 2271
2536 2271
2537 2272
2538 2272
2539 2273
2540 2273
2541 2274
2542 2274
2543 2274
2544 2275
2545 2275
2546 2276
2547 2276
2548 2276
2549 2276
2550 2276
2551 2277
2552 2277
2553 2277
2554 2277
2555 2277
2556 2278
2557 2278
2558 2278
2559 2279
2560 2279
2561 2279
2562 2280
2563 2280
2564 2280
2565 2281
2566 2281
2567 2281
2568 2281
2569 2281
2570 2282
2571 2282
2572 2282
2573 2282
2574 2282
2575 2282
2576 2283
2577 2283
2578 2283
2579 2283
2580 2284
2581 2284
2582 2284
2583 2285
2584 2285
2585 2286
2586 2286
2587 2287
2588 2287
2589 2288
2590 2288
2591 2288
2592 2289
2593 2289
2594 2289
2595 2289
2596 2290
2597 2290
2598 2291
2599 2291
2600 2291
2601 2292
2602 2292
2603 2292
2604 2293
2605 2293
2606 2293
2607 2293
2608 2293
2609 2293
2610 2293
2611 2294
2612 2294
2613 2294
2614 2294
2615 2294
2616 2295
2617 2295
2618 2295
2619 2296
2620 2296
2621 2296
2622 2297
2623 2297
2624 2297
2625 2298
2626 2298
2627 2298
2628 2298
2629 2298
2630 2298
2631 2298
2632 2298
2633 2298
2634 2298
2635 2298
2636 2298
2637 2298
2638 2298
2639 2298
2640 2298
2641 2298
2642 2298
2643 2298
2644 2298
2645 2298
2646 2298
2647 2298
2648 2298
2649 2298
2650 2298
2651 2298
2652 2298
2653 2298
2654 2298
2655 2298
2656 2298
2657 2298
2658 2298
2659 2298
2660 2298
2661 2298
2662 2298
2663 2298
2664 2299
2665 2299
2666 2299
2667 2299
2668 2299
2669 2299
2670 2299
2671 2299
2672 2299
2673 2299
2674 2299
2675 2299
2676 2299
2677 2299
2678 2299
2679 2299
2680 2300
2681 2300
2682 2300
2683 2300
2684 2300
2685 2301
2686 2301
2687 2301
2688 2302
2689 2302
2690 2302
2691 2303
2692 2303
2693 2304
2694 2304
2695 2304
2696 2305
2697 2305
2698 2305
2699 2306
2700 2306
2701 2306
2702 2306
2703 2306
2704 2307
2705 2307
2706 2307
2707 2308
2708 2308
2709 2309
2710 2309
2711 2310
2712 2310
2713 2311
2714 2311
2715 2312
2716 2312
2717 2312
2718 2312
2719 2312
2720 2313
2721 2313
2722 2313
2723 2313
2724 2313
2725 2314
2726 2314
2727 2314
2728 2314
2729 2315
2730 2315
2731 2315
2732 2315
2733 2316
2734 2316
2735 2316
2736 2316
2737 2316
2738 2316
2739 2316
2740 2316
2741 2316
2742 2316
2743 2316
2744 2316
2745 2316
2746 2316
2747 2316
2748 2316
2749 2316
2750 2316
2751 2317
2752 2317
2753 2317
2754 2317
2755 2317
2756 2317
2757 2317
2758 2317
2759 2317
2760 2317
2761 2317
2762 2318
2763 2318
2764 2318
2765 2318
2766 2318
2767 2318
2768 2318
2769 2319
2770 2319
2771 2319
2772 2319
2773 2319
2774 2320
2775 2320
2776 2321
2777 2321
2778 2322
2779 2322
2780 2322
2781 2322
2782 2322
2783 2323
2784 2323
2785 2323
2786 2323
2787 2323
2788 2323
2789 2323
2790 2323
2791 2323
2792 2323
2793 2323
2794 2323
2795 2324
2796 2324
2797 2324
2798 2324
2799 2324
2800 2324
2801 2324
2802 2324
2803 2325
2804 2325
2805 2325
2806 2325
2807 2325
2808 2326
2809 2326
2810 2326
2811 2327
2812 2327
2813 2327
2814 2328
2815 2328
2816 2328
2817 2328
2818 2328
2819 2328
2820 2328
2821 2328
2822 2328
2823 2328
2824 2328
2825 2328
2826 2328
2827 2329
2828 2329
2829 2329
2830 2329
2831 2329
2832 2329
2833 2329
2834 2329
2835 2329
2836 2329
2837 2329
2838 2329
2839 2329
2840 2329
2841 2329
2842 2329
2843 2330
2844 2330
2845 2330
2846 2330
2847 2330
2848 2330
2849 2330
2850 2331
2851 2331
2852 2331
2853 2331
2854 2332
2855 2332
2856 2332
2857 2333
2858 2333
2859 2333
2860 2334
2861 2334
2862 2334
2863 2334
2864 2334
2865 2334
2866 2334
2867 2334
2868 2334
2869 2334
2870 2334
2871 2334
2872 2334
2873 2334
2874 2334
2875 2334
2876 2334
2877 2334
2878 2334
2879 2334
2880 2334
2881 2334
2882 2334
2883 2334
2884 2334
2885 2334
2886 2334
2887 2334
2888 2334
2889 2334
2890 2334
2891 2334
2892 2334
2893 2334
2894 2334
2895 2334
2896 2334
2897 2334
2898 2334
2899 2335
2900 2335
2901 2335
2902 2335
2903 2335
2904 2335
2905 2335
2906 2335
2907 2335
2908 2335
2909 2335
2910 2335
2911 2335
2912 2335
2913 2336
2914 2336
2915 2336
2916 2336
2917 2336
2918 2336
2919 2336
2920 2336
2921 2337
2922 2337
2923 2337
2924 2337
2925 2338
2926 2338
2927 2338
2928 2339
2929 2339
2930 2340
2931 2340
2932 2341
2933 2341
2934 2342
2935 2342
2936 2342
2937 2342
2938 2342
2939 2342
2940 2342
2941 2343
2942 2343
2943 2343
2944 2343
2945 2343
2946 2344
2947 2344
2948 2345
2949 2345
2950 2346
2951 2346
2952 2347
2953 2347
2954 2347
2955 2347
2956 2348
2957 2348
2958 2348
2959 2348
2960 2348
2961 2348
2962 2349
2963 2349
2964 2349
2965 2349
2966 2350
2967 2350
2968 2351
2969 2351
2970 2352
2971 2352
2972 2353
2973 2353
2974 2353
2975 2354
2976 2354
2977 2354
2978 2354
2979 2355
2980 2355
2981 2355
2982 2355
2983 2356
2984 2356
2985 2356
2986 2357
2987 2357
2988 2358
2989 2358
2990 2359
2991 2359
2992 2360
2993 2360
2994 2361
2995 2361
2996 2361
2997 2362
2998 2362
2999 2362
3000 2363
3001 2363
3002 2363
3003 2364
3004 2364
3005 2364
3006 2364
3007 2365
3008 2365
3009 2365
3010 2365
3011 2365
3012 2365
3013 2365
3014 2365
3015 2365
3016 2365
3017 2365
3018 2365
3019 2366
3020 2366
3021 2366
3022 2366
3023 2366
3024 2366
3025 2367
3026 2367
3027 2367
3028 2367
3029 2368
3030 2368
3031 2369
3032 2369
3033 2369
3034 2370
3035 2370
3036 2370
3037 2370
3038 2370
3039 2370
3040 2370
3041 2370
3042 2370
3043 2370
3044 2370
3045 2370
3046 2370
3047 2370
3048 2370
3049 2370
3050 2370
3051 2370
3052 2370
3053 2370
3054 2370
3055 2370
3056 2370
3057 2370
3058 2370
3059 2370
3060 2370
3061 2370
3062 2370
3063 2370
3064 2370
3065 2370
3066 2370
3067 2370
3068 2370
3069 2370
3070 2370
3071 2370
3072 2370
3073 2370
3074 2370
3075 2370
3076 2370
3077 2370
3078 2370
3079 2370
3080 2370
3081 2370
3082 2370
3083 2370
3084 2370
3085 2370
3086 2370
3087 2370
3088 2370
3089 2370
3090 2370
3091 2370
3092 2370
3093 2370
3094 2370
3095 2370
3096 2370
3097 2370
3098 2370
3099 2370
3100 2370
3101 2370
3102 2370
3103 2370
3104 2370
3105 2370
3106 2370
3107 2370
3108 2370
3109 2370
3110 2370
3111 2370
3112 2370
3113 2370
3114 2370
3115 2370
3116 2370
3117 2370
3118 2370
3119 2370
3120 2370
3121 2370
3122 2370
3123 2370
3124 2370
3125 2370
3126 2370
3127 2370
3128 2370
3129 2370
3130 2370
3131 2370
3132 2370
3133 2370
3134 2370
3135 2370
3136 2370
3137 2370
3138 2370
3139 2370
3140 2370
3141 2370
3142 2370
3143 2370
3144 2370
3145 2370
3146 2370
3147 2370
3148 2370
3149 2370
3150 2370
3151 2370
3152 2370
3153 2370
3154 2370
3155 2370
3156 2370
3157 2370
3158 2370
3159 2370
3160 2370
3161 2370
3162 2370
3163 2370
3164 2370
3165 2370
3166 2370
3167 2370
3168 2370
3169 2370
3170 2370
3171 2370
3172 2370
3173 2370
3174 2370
3175 2370
3176 2370
3177 2370
3178 2371
3179 2371
3180 2371
3181 2371
3182 2371
3183 2371
3184 2371
3185 2371
3186 2371
3187 2371
3188 2371
3189 2371
3190 2371
3191 2371
3192 2371
3193 2371
3194 2371
3195 2371
3196 2371
3197 2371
3198 2371
3199 2371
3200 2371
3201 2372
3202 2372
3203 2372
3204 2372
3205 2372
3206 2372
3207 2372
3208 2373
3209 2373
3210 2373
3211 2373
3212 2374
3213 2374
3214 2374
3215 2375
3216 2375
3217 2375
3218 2376
3219 2376
3220 2376
3221 2377
3222 2377
3223 2377
3224 2377
3225 2377
3226 2377
3227 2378
3228 2378
3229 2378
3230 2378
3231 2378
3232 2378
3233 2379
3234 2379
3235 2379
3236 2379
3237 2379
3238 2380
3239 2380
3240 2380
3241 2380
3242 2381
3243 2381
3244 2381
3245 2382
3246 2382
3247 2382
3248 2383
3249 2383
3250 2384
3251 2384
3252 2384
3253 2384
3254 2384
3255 2384
3256 2385
3257 2385
3258 2385
3259 2385
3260 2385
3261 2386
3262 2386
3263 2386
3264 2387
3265 2387
3266 2387
3267 2388
3268 2388
3269 2388
3270 2388
3271 2389
3272 2389
3273 2389
3274 2389
3275 2389
3276 2389
3277 2389
3278 2389
3279 2389
3280 2389
3281 2389
3282 2389
3283 2389
3284 2390
3285 2390
3286 2390
3287 2390
3288 2390
3289 2391
3290 2391
3291 2391
3292 2391
3293 2392
3294 2392
3295 2393
3296 2393
3297 2393
3298 2394
3299 2394
3300 2395
3301 2395
3302 2395
3303 2395
3304 2395
3305 2395
3306 2395
3307 2396
3308 2396
3309 2396
3310 2396
3311 2396
3312 2396
3313 2397
3314 2397
3315 2397
3316 2397
3317 2398
3318 2398
3319 2398
3320 2399
3321 2399
3322 2399
3323 2400
3324 2400
3325 2400
3326 2401
3327 2401
3328 2401
3329 2401
3330 2401
3331 2401
3332 2401
3333 2401
3334 2401
3335 2402
3336 2402
3337 2402
3338 2402
3339 2402
3340 2403
3341 2403
3342 2403
3343 2404
3344 2404
3345 2405
3346 2405
3347 2406
3348 2407
3349 2407
3350 2408
3351 2408
3352 2408
3353 2409
3354 2409
3355 2409
3356 2410
3357 2410
3358 2411
3359 2411
3360 2411
3361 2412
3362 2412
3363 2413
3364 2413
3365 2414
3366 2415
3367 2415
3368 2416
3369 2416
3370 2417
3371 2418
3372 2418
3373 2419
3374 2419
3375 2420
3376 2421
3377 2421
3378 2421
3379 2422
3380 2422
3381 2422
3382 2423
3383 2423
3384 2424
3385 2424
3386 2424
3387 2425
3388 2425
3389 2425
3390 2426
3391 2426
3392 2426
3393 2426
3394 2427
3395 2427
3396 2427
3397 2427
3398 2428
3399 2428
3400 2429
3401 2430
3402 2431
3403 2431
3404 2432
3405 2432
3406 2433
3407 2433
3408 2434
3409 2434
3410 2434
3411 2435
3412 2435
3413 2436
3414 2436
3415 2437
3416 2437
3417 2438
3418 2438
3419 2439
3420 2439
3421 2440
3422 2441
3423 2441
3424 2442
3425 2442
3426 2443
3427 2443
3428 2443
3429 2444
3430 2444
3431 2444
3432 2445
3433 2445
3434 2445
3435 2446
3436 2446
3437 2446
3438 2447
3439 2448
3440 2448
3441 2449
3442 2449
3443 2450
3444 2450
3445 2450
3446 2450
3447 2451
3448 2451
3449 2451
3450 2451
3451 2451
3452 2452
3453 2452
3454 2452
3455 2453
3456 2453
3457 2454
3458 2455
3459 2455
3460 2456
3461 2456
3462 2457
3463 2457
3464 2458
3465 2459
3466 2459
3467 2460
3468 2460
3469 2460
3470 2461
3471 2461
3472 2461
3473 2462
3474 2462
3475 2462
3476 2462
3477 2462
3478 2462
3479 2463
3480 2463
3481 2463
3482 2463
3483 2463
3484 2464
3485 2464
3486 2464
3487 2465
3488 2465
3489 2465
3490 2466
3491 2466
3492 2466
3493 2467
3494 2467
3495 2467
3496 2468
3497 2468
3498 2468
3499 2468
3500 2468
3501 2468
3502 2468
3503 2469
3504 2469
3505 2469
3506 2469
3507 2469
3508 2470
3509 2470
3510 2470
3511 2471
3512 2471
3513 2472
3514 2472
3515 2473
3516 2473
3517 2474
3518 2474
3519 2474
3520 2475
3521 2475
3522 2476
3523 2476
3524 2477
3525 2477
3526 2478
3527 2478
3528 2478
3529 2479
3530 2479
3531 2479
3532 2480
3533 2480
3534 2480
3535 2481
3536 2481
3537 2481
3538 2481
3539 2482
3540 2482
3541 2482
3542 2483
3543 2483
3544 2484
3545 2484
3546 2485
3547 2486
3548 2486
3549 2487
3550 2488
3551 2488
3552 2489
3553 2490
3554 2490
3555 2490
3556 2490
3557 2491
3558 2491
3559 2491
3560 2491
3561 2491
3562 2491
3563 2491
3564 2492
3565 2492
3566 2492
3567 2492
3568 2492
3569 2492
3570 2493
3571 2493
3572 2493
3573 2494
3574 2494
3575 2494
3576 2495
3577 2495
3578 2496
3579 2496
3580 2496
3581 2497
3582 2497
3583 2497
3584 2497
3585 2497
3586 2497
3587 2497
3588 2498
3589 2498
3590 2498
3591 2498
3592 2498
3593 2498
3594 2498
3595 2499
3596 2499
3597 2499
3598 2499
3599 2499
3600 2500
3601 2500
3602 2500
3603 2501
3604 2501
3605 2502
3606 2502
3607 2502
3608 2503
3609 2503
3610 2503
3611 2504
3612 2504
3613 2504
3614 2504
3615 2505
3616 2505
3617 2505
3618 2505
3619 2505
3620 2505
3621 2506
3622 2506
3623 2506
3624 2506
3625 2507
3626 2507
3627 2507
3628 2508
3629 2508
3630 2509
3631 2509
3632 2509
3633 2510
3634 2510
3635 2511
3636 2511
3637 2511
3638 2512
3639 2512
3640 2512
3641 2513
3642 2513
3643 2514
3644 2514
3645 2514
3646 2515
3647 2515
3648 2515
3649 2515
3650 2516
3651 2516
3652 2516
3653 2516
3654 2516
3655 2516
3656 2516
3657 2517
3658 2517
3659 2517
3660 2517
3661 2518
3662 2518
3663 2518
3664 2519
3665 2519
3666 2519
3667 2520
3668 2520
3669 2520
3670 2521
3671 2521
3672 2521
3673 2522
3674 2522
3675 2522
3676 2522
3677 2522
3678 2522
3679 2522
3680 2522
3681 2523
3682 2523
3683 2523
3684 2523
3685 2523
3686 2524
3687 2524
3688 2524
3689 2525
3690 2525
3691 2525
3692 2525
3693 2526
3694 2526
3695 2526
3696 2526
3697 2527
3698 2527
3699 2527
3700 2527
3701 2527
3702 2527
3703 2527
3704 2527
3705 2527
3706 2527
3707 2527
3708 2527
3709 2527
3710 2527
3711 2527
3712 2527
3713 2527
3714 2527
3715 2527
3716 2527
3717 2527
3718 2527
3719 2527
3720 2527
3721 2527
3722 2527
3723 2527
3724 2527
3725 2527
3726 2527
3727 2527
3728 2527
3729 2527
3730 2527
3731 2528
3732 2528
3733 2528
3734 2528
3735 2528
3736 2528
3737 2528
3738 2528
3739 2528
3740 2529
3741 2529
3742 2529
3743 2529
3744 2529
3745 2530
3746 2530
3747 2530
3748 2531
3749 2531
3750 2531
3751 2532
3752 2532
3753 2533
3754 2533
3755 2533
3756 2534
3757 2534
3758 2534
3759 2534
3760 2535
3761 2535
3762 2535
3763 2535
3764 2536
3765 2536
3766 2536
3767 2537
3768 2537
3769 2537
3770 2538
3771 2538
3772 2538
3773 2538
3774 2538
3775 2539
3776 2539
3777 2539
3778 2539
3779 2539
3780 2539
3781 2539
3782 2539
3783 2539
3784 2539
3785 2539
3786 2539
3787 2539
3788 2539
3789 2540
3790 2540
3791 2540
3792 2540
3793 2540
3794 2540
3795 2540
3796 2540
3797 2541
3798 2541
3799 2541
3800 2541
3801 2541
3802 2541
3803 2542
3804 2542
3805 2542
3806 2543
3807 2543
3808 2544
3809 2544
3810 2545
3811 2545
3812 2545
3813 2545
3814 2545
3815 2545
3816 2545
3817 2545
3818 2545
3819 2545
3820 2545
3821 2545
3822 2545
3823 2545
3824 2545
3825 2545
3826 2545
3827 2545
3828 2545
3829 2545
3830 2545
3831 2545
3832 2545
3833 2545
3834 2546
3835 2546
3836 2546
3837 2546
3838 2546
3839 2546
3840 2546
3841 2547
3842 2547
3843 2547
3844 2547
3845 2548
3846 2548
3847 2548
3848 2549
3849 2549
3850 2550
3851 2550
3852 2550
3853 2551
3854 2551
3855 2551
3856 2551
3857 2551
3858 2551
3859 2551
3860 2551
3861 2551
3862 2551
3863 2551
3864 2551
3865 2551
3866 2551
3867 2551
3868 2551
3869 2551
3870 2551
3871 2551
3872 2551
3873 2551
3874 2551
3875 2551
3876 2551
3877 2551
3878 2551
3879 2551
3880 2551
3881 2551
3882 2551
3883 2551
3884 2551
3885 2551
3886 2551
3887 2551
3888 2551
3889 2551
3890 2551
3891 2551
3892 2551
3893 2551
3894 2551
3895 2551
3896 2551
3897 2551
3898 2551
3899 2551
3900 2551
3901 2551
3902 2551
3903 2551
3904 2551
3905 2551
3906 2551
3907 2551
3908 2551
3909 2551
3910 2551
3911 2551
3912 2551
3913 2551
3914 2551
3915 2551
3916 2551
3917 2551
3918 2550
3919 2550
3920 2550
3921 2550
3922 2551
3923 2550
3924 2550
3925 2550
3926 2550
3927 2550
3928 2550
3929 2550
3930 2550
3931 2550
3932 2550
3933 2550
3934 2550
3935 2550
3936 2550
3937 2550
3938 2550
3939 2550
3940 2550
3941 2550
3942 2550
3943 2550
3944 2550
3945 2550
3946 2550
3947 2550
3948 2549
3949 2549
3950 2549
3951 2548
3952 2547
3953 2546
3954 2545
3955 2544
3956 2544
3957 2543
3958 2542
3959 2542
3960 2542
3961 2541
3962 2541
3963 2540
3964 2540
3965 2539
3966 2538
3967 2537
3968 2537
3969 2536
3970 2536
3971 2535
3972 2535
3973 2534
3974 2534
3975 2533
3976 2532
3977 2531
3978 2530
3979 2529
3980 2528
3981 2528
3982 2527
3983 2526
3984 2526
3985 2525
3986 2524
3987 2524
3988 2523
3989 2523
3990 2522
3991 2521
3992 2520
3993 2520
3994 2519
3995 2518
3996 2517
3997 2516
3998 2516
3999 2515
4000 2514
4001 2513
4002 2512
4003 2512
4004 2511
4005 2511
4006 2510
4007 2509
4008 2508
4009 2507
4010 2506
4011 2505
4011 2504
4012 2503
4013 2502
4013 2501
4014 2500
4015 2500
4016 2499
4017 2499
4018 2498
4019 2497
4019 2496
4020 2495
4021 2494
4022 2493
4023 2492
4024 2491
4025 2490
4026 2489
4026 2488
4027 2487
4027 2486
4028 2485
4028 2484
4028 2483
4029 2482
4030 2481
4031 2480
4032 2479
4033 2478
4034 2477
4034 2476
4035 2475
4036 2474
4036 2473
4037 2472
4037 2471
4038 2470
4038 2469
4039 2468
4040 2467
4041 2466
4041 2465
4042 2464
4043 2463
4044 2462
4045 2461
4046 2460
4046 2459
4047 2458
4048 2457
4049 2456
4050 2455
4051 2454
4051 2453
4052 2452
4053 2451
4053 2450
4054 2449
4054 2448
4055 2447
4055 2446
4056 2445
4057 2444
4057 2443
4058 2442
4059 2441
4059 2440
4060 2439
4060 2438
4061 2437
4062 2436
4063 2435
4064 2434
4065 2433
4066 2432
4066 2431
4067 2430
4068 2429
4069 2428
4070 2427
4070 2426
4071 2425
4071 2424
4072 2423
4073 2422
4073 2421
4074 2420
4075 2419
4076 2418
4076 2417
4077 2416
4077 2415
4078 2414
4079 2413
4080 2412
4080 2411
4081 2410
4082 2409
4083 2408
4084 2407
4084 2406
4085 2405
4086 2404
4087 2403
4088 2402
4089 2401
4090 2400
4091 2399
4092 2398
4093 2397
4093 2396
4094 2395
4094 2394
4094 2393
4094 2392
4095 2391
4095 2390
4096 2389
4097 2388
4098 2387
4098 2386
4099 2385
4100 2384
4100 2383
4101 2382
4102 2381
4102 2380
4103 2379
4103 2378
4104 2377
4104 2376
4105 2375
4105 2374
4106 2373
4106 2372
4107 2371
4107 2370
4108 2369
4109 2368
4110 2368
4111 2367
4112 2367
4113 2366
4114 2366
4115 2365
4116 2364
4116 2363
4117 2362
4118 2361
4119 2360
4119 2359
4120 2358
4120 2357
4121 2356
4121 2355
4122 2354
4122 2353
4123 2352
4123 2351
4124 2350
4124 2349
4125 2348
4125 2347
4126 2346
4126 2345
4126 2344
4127 2343
4128 2342
4128 2341
4129 2340
4129 2339
4130 2338
4131 2337
4131 2336
4132 2335
4133 2334
4134 2333
4134 2332
4135 2331
4136 2330
4137 2329
4137 2328
4138 2327
4139 2326
4139 2325
4140 2324
4141 2323
4142 2322
4143 2321
4144 2320
4145 2319
4146 2318
4146 2317
4147 2316
4148 2315
4149 2314
4150 2313
4151 2312
4151 2311
4152 2310
4153 2309
4153 2308
4154 2307
4155 2306
4155 2305
4156 2304
4157 2303
4158 2302
4159 2301
4159 2300
4160 2299
4160 2298
4161 2297
4161 2296
4162 2295
4162 2294
4163 2293
4163 2292
4164 2291
4165 2290
4165 2289
4166 2288
4167 2287
4167 2286
4168 2285
4168 2284
4169 2283
4169 2282
4170 2281
4170 2280
4170 2279
4170 2278
4170 2277
4170 2276
4170 2275
4170 2274
4170 2273
4170 2272
4170 2271
4170 2270
4170 2269
4170 2268
4170 2267
4170 2266
4170 2265
4170 2264
4170 2263
4170 2262
4170 2261
4170 2260
4170 2259
4170 2258
4170 2257
4170 2256
4170 2255
4170 2254
4170 2253
4170 2252
4170 2251
4170 2250
4170 2249
4170 2248
4170 2247
4170 2246
4170 2245
4170 2244
4170 2243
4170 2242
4170 2241
4170 2240
4170 2239
4170 2238
4170 2237
4170 2236
4170 2235
4170 2234
4170 2233
4170 2232
4170 2231
4170 2230
4170 2229
4170 2228
4170 2227
4169 2226
4169 2225
4169 2224
4169 2223
4169 2222
4169 2221
4169 2220
4168 2219
4168 2218
4168 2217
4167 2216
4167 2215
4166 2214
4166 2213
4165 2212
4165 2211
4164 2210
4164 2209
4164 2208
4163 2207
4163 2206
4163 2205
4163 2204
4162 2203
4162 2202
4162 2201
4162 2200
4162 2199
4162 2198
4162 2197
4162 2196
4161 2195
4161 2194
4161 2193
4161 2192
4161 2191
4161 2190
4160 2189
4160 2188
4160 2187
4159 2186
4159 2185
4158 2184
4158 2183
4158 2182
4157 2181
4157 2180
4157 2179
4156 2178
4156 2177
4155 2176
4155 2175
4155 2174
4154 2173
4154 2172
4154 2171
4153 2170
4153 2169
4152 2168
4152 2167
4152 2166
4152 2165
4151 2164
4151 2163
4151 2162
4151 2161
4150 2160
4150 2159
4150 2158
4149 2157
4149 2156
4149 2155
4149 2154
4148 2153
4148 2152
4148 2151
4148 2150
4147 2149
4147 2148
4147 2147
4147 2146
4146 2145
4146 2144
4146 2143
4145 2142
4145 2141
4145 2140
4144 2139
4144 2138
4144 2137
4143 2136
4143 2135
4143 2134
4143 2133
4142 2132
4142 2131
4142 2130
4141 2129
4141 2128
4141 2127
4141 2126
4141 2125
4141 2124
4140 2123
4140 2122
4140 2121
4140 2120
4140 2119
4140 2118
4140 2117
4140 2116
4140 2115
4140 2114
4140 2113
4140 2112
4140 2111
4140 2110
4140 2109
4140 2108
4140 2107
4140 2106
4140 2105
4140 2104
4140 2103
4140 2102
4140 2101
4140 2100
4140 2099
4140 2098
4140 2097
4140 2096
4140 2095
4140 2094
4140 2093
4140 2092
4140 2091
4140 2090
4140 2089
4140 2088
4140 2087
4140 2086
4140 2085
4140 2084
4140 2083
4140 2082
4140 2081
4140 2080
4140 2079
4140 2078
4140 2077
4140 2076
4140 2075
4140 2074
4140 2073
4140 2072
4140 2071
4140 2070
4140 2069
4140 2068
4140 2067
4140 2066
4140 2065
4140 2064
4140 2063
4140 2062
4140 2061
4140 2060
4140 2059
4140 2058
4140 2057
4140 2056
4140 2055
4140 2054
4140 2053
4140 2052
4140 2051
4140 2050
4139 2049
4139 2048
4139 2047
4139 2046
4139 2045
4139 2044
4139 2043
4139 2042
4139 2041
4139 2040
4139 2039
4139 2038
4139 2037
4139 2036
4138 2035
4138 2034
4138 2033
4138 2032
4137 2031
4137 2030
4136 2029
4136 2028
4135 2027
4134 2026
4134 2025
4133 2024
4133 2023
4133 2022
4133 2021
4132 2020
4132 2019
4131 2018
4130 2017
4129 2016
4128 2015
4128 2014
4127 2014
4126 2013
4125 2012
4124 2011
4123 2011
4122 2010
4121 2009
4120 2008
4119 2007
4118 2007
4117 2006
4116 2006
4115 2006
4114 2005
4113 2005
4112 2004
4111 2003
4110 2002
4109 2002
4108 2001
4107 2000
4106 1999
4105 1998
4104 1998
4103 1997
4102 1996
4101 1995
4100 1994
4099 1994
4098 1993
4097 1992
4096 1991
4095 1990
4094 1990
4093 1989
4092 1988
4091 1988
4090 1988
4089 1987
4088 1987
4087 1986
4086 1986
4085 1985
4084 1985
4083 1984
4082 1984
4081 1983
4080 1983
4079 1982
4078 1982
4077 1981
4076 1981
4075 1980
4074 1980
4073 1980
4072 1979
4071 1979
4070 1979
4069 1978
4068 1978
4067 1978
4066 1977
4065 1977
4064 1976
4063 1976
4062 1975
4061 1975
4060 1974
4059 1974
4058 1973
4057 1973
4056 1972
4055 1972
4054 1971
4053 1971
4052 1970
4051 1970
4050 1970
4049 1969
4048 1969
4047 1969
4046 1968
4045 1968
4044 1968
4043 1968
4042 1968
4041 1968
4040 1968
4039 1968
4038 1968
4037 1968
4036 1968
4035 1968
4034 1968
4033 1968
4032 1968
4031 1968
4030 1968
4029 1968
4028 1968
4027 1968
4026 1968
4025 1967
4024 1967
4023 1966
4022 1965
4021 1965
4020 1964
4019 1963
4018 1963
4017 1963
4016 1962
4015 1962
4014 1962
4013 1962
4012 1962
4011 1962
4010 1962
4009 1962
4008 1962
4007 1962
4006 1962
4005 1962
4004 1962
4003 1962
4002 1962
4001 1962
4000 1961
3999 1961
3998 1961
3997 1961
3996 1961
3995 1961
3994 1961
3993 1961
3992 1960
3991 1960
3990 1960
3989 1960
3988 1959
3987 1959
3986 1959
3985 1958
3984 1958
3983 1957
3982 1957
3981 1956
3980 1956
3979 1956
3978 1956
3977 1956
3976 1956
3975 1955
3974 1955
3973 1955
3972 1955
3971 1955
3970 1955
3969 1955
3968 1955
3967 1954
3966 1954
3965 1954
3964 1954
3963 1954
3962 1953
3961 1953
3960 1953
3959 1952
3958 1952
3957 1951
3956 1950
3955 1950
3954 1949
3953 1949
3952 1948
3951 1948
3950 1947
3949 1947
3948 1946
3947 1946
3946 1945
3945 1945
3944 1945
3943 1944
3942 1944
3941 1944
3940 1944
3939 1943
3938 1943
3937 1943
3936 1943
3935 1943
3934 1943
3933 1943
3932 1943
3931 1942
3930 1942
3929 1942
3928 1942
3927 1941
3926 1941
3925 1941
3924 1940
3923 1940
3922 1939
3921 1939
3920 1939
3919 1938
3918 1938
3917 1938
3916 1938
3915 1938
3914 1938
3913 1938
3912 1938
3911 1938
3910 1938
3909 1938
3908 1938
3907 1938
3906 1938
3905 1938
3904 1938
3903 1938
3902 1938
3901 1938
3900 1938
3899 1938
3898 1938
3897 1938
3896 1938
3895 1938
3894 1938
3893 1938
3892 1938
3891 1938
3890 1938
3889 1938
3888 1938
3887 1938
3886 1938
3885 1938
3884 1938
3883 1938
3882 1938
3881 1938
3880 1938
3879 1938
3878 1938
