3284 2017
3283 2018
3282 2019
3281 2020
3280 2021
3279 2022
3278 2022
3277 2023
3276 2023
3275 2024
3274 2025
3273 2025
3272 2025
3271 2025
3270 2025
3269 2025
3268 2025
3267 2026
3266 2026
3265 2026
3264 2026
3263 2026
3262 2026
3261 2026
3260 2027
3259 2027
3258 2027
3257 2028
3256 2028
3255 2028
3254 2029
3253 2029
3252 2029
3251 2030
3250 2030
3249 2030
3248 2030
3247 2030
3246 2030
3245 2030
3244 2031
3243 2031
3242 2031
3241 2032
3240 2032
3239 2033
3238 2033
3237 2034
3236 2035
3235 2035
3234 2035
3233 2036
3232 2036
3231 2036
3230 2037
3229 2038
3228 2038
3227 2039
3226 2039
3225 2039
3224 2040
3223 2040
3222 2040
3221 2041
3220 2041
3219 2042
3218 2042
3217 2043
3216 2043
3215 2044
3214 2044
3213 2044
3212 2045
3211 2045
3210 2046
3209 2047
3208 2047
3207 2048
3206 2048
3205 2049
3204 2049
3203 2049
3202 2050
3201 2050
3200 2050
3199 2050
3198 2050
3197 2050
3196 2050
3195 2050
3194 2050
3193 2050
3192 2050
3191 2051
3190 2051
3189 2051
3188 2051
3187 2051
3186 2051
3185 2052
3184 2052
3183 2052
3182 2052
3181 2053
3180 2053
3179 2054
3178 2054
3177 2055
3176 2056
3175 2057
3174 2057
3173 2058
3172 2058
3171 2059
3170 2060
3169 2060
3168 2061
3167 2061
3166 2062
3165 2062
3164 2063
3163 2063
3162 2064
3161 2065
3160 2066
3159 2066
3158 2067
3157 2068
3156 2069
3155 2069
3154 2070
3153 2071
3152 2071
3151 2072
3150 2073
3149 2073
3148 2074
3147 2074
3146 2074
3145 2075
3144 2075
3143 2076
3142 2076
3141 2077
3140 2078
3139 2078
3138 2078
3137 2079
3136 2079
3135 2080
3134 2080
3133 2081
3132 2081
3131 2082
3130 2082
3129 2083
3128 2083
3127 2083
3126 2083
3125 2084
3124 2084
3123 2084
3122 2084
3121 2084
3120 2084
3119 2085
3118 2085
3117 2085
3116 2086
3115 2086
3114 2087
3113 2088
3112 2088
3111 2089
3110 2090
3109 2090
3108 2091
3107 2091
3106 2092
3105 2092
3104 2093
3103 2093
3102 2094
3101 2094
3100 2095
3099 2096
3098 2096
3097 2097
3096 2098
3095 2098
3094 2099
3093 2099
3092 2100
3091 2100
3090 2101
3089 2102
3088 2102
3087 2103
3086 2103
3085 2104
3084 2104
3083 2105
3082 2106
3081 2106
3080 2107
3079 2108
3078 2108
3077 2109
3076 2109
3075 2109
3074 2110
3073 2110
3072 2111
3071 2111
3070 2112
3069 2112
3068 2113
3067 2113
3066 2114
3065 2114
3064 2114
3063 2115
3062 2116
3061 2116
3060 2117
3059 2117
3058 2118
3057 2118
3056 2119
3055 2119
3054 2119
3053 2120
3052 2120
3051 2121
3050 2121
3049 2121
3048 2121
3047 2122
3046 2122
3045 2122
3044 2123
3043 2124
3042 2125
3041 2125
3040 2126
3039 2126
3038 2127
3037 2127
3036 2128
3036 2129
3035 2130
3035 2131
3034 2132
3034 2133
3033 2134
3032 2134
3031 2135
3030 2136
3029 2137
3028 2138
3027 2138
3026 2138
3025 2139
3024 2139
3023 2140
3022 2140
3021 2140
3020 2140
3019 2140
3018 2140
3017 2140
3016 2140
3015 2140
3014 2140
3013 2140
3012 2140
3011 2140
3010 2140
3009 2140
3008 2140
3007 2140
3006 2140
3005 2140
3004 2141
3003 2141
3002 2141
3001 2141
3000 2141
2999 2141
2998 2141
2997 2141
2996 2141
2995 2142
2994 2142
2993 2142
2992 2142
2991 2143
2990 2143
2989 2144
2988 2145
2987 2145
2986 2146
2985 2147
2984 2148
2983 2148
2982 2149
2981 2150
2980 2151
2979 2151
2978 2152
2977 2153
2976 2154
2975 2155
2974 2156
2973 2157
2972 2157
2971 2158
2970 2158
2969 2159
2968 2159
2967 2160
2966 2160
2965 2161
2964 2161
2963 2162
2962 2162
2961 2163
2960 2163
2959 2164
2958 2164
2957 2165
2956 2165
2955 2166
2954 2166
2953 2167
2952 2167
2951 2168
2950 2168
2949 2169
2948 2169
2947 2170
2946 2170
2945 2170
2944 2171
2943 2171
2942 2172
2941 2172
2940 2173
2939 2173
2938 2174
2937 2175
2936 2175
2935 2175
2934 2176
2933 2176
2932 2176
2931 2177
2930 2177
2929 2177
2928 2177
2927 2178
2926 2178
2925 2178
2924 2178
2923 2178
2922 2178
2921 2179
2920 2179
2919 2179
2918 2179
2917 2180
2916 2180
2915 2180
2914 2181
2913 2181
2912 2181
2911 2181
2910 2181
2909 2181
2908 2181
2907 2180
2906 2180
2905 2180
2904 2180
2903 2180
2902 2180
2901 2180
2900 2180
2899 2179
2898 2178
2897 2177
2896 2176
2896 2175
2896 2174
2895 2173
2895 2172
2894 2171
2894 2170
2894 2169
2893 2168
2893 2167
2892 2166
2891 2165
2891 2164
2890 2163
2890 2162
2889 2161
2888 2160
2888 2159
2887 2158
2886 2157
2886 2156
2885 2155
2884 2154
2883 2153
2882 2152
2882 2151
2881 2150
2881 2149
2880 2148
2880 2147
2880 2146
2879 2145
2878 2145
2877 2145
2877 2146
2876 2147
2875 2148
2874 2149
2873 2150
2872 2151
2872 2152
2871 2153
2871 2154
2870 2155
2870 2156
2869 2157
2869 2158
2869 2159
2869 2160
2869 2161
2869 2162
2869 2163
2868 2164
2868 2165
2868 2166
2868 2167
2867 2168
2867 2169
2866 2170
2866 2171
2865 2172
2865 2173
2864 2174
2864 2175
2864 2176
2863 2177
2862 2177
2861 2178
2860 2178
2859 2178
2858 2178
2857 2178
2856 2178
2855 2178
2854 2179
2853 2179
2852 2179
2851 2180
2850 2180
2849 2180
2848 2180
2847 2181
2846 2181
2845 2181
2844 2181
2843 2181
2842 2181
2841 2182
2840 2182
2839 2182
2838 2182
2837 2182
2836 2182
2835 2183
2834 2183
2833 2183
2832 2183
2831 2184
2830 2185
2829 2186
2828 2187
2827 2187
2826 2187
2825 2188
2824 2188
2823 2189
2822 2189
2821 2189
2820 2189
2819 2189
2818 2189
2817 2189
2816 2189
2815 2189
2814 2189
2813 2189
2812 2189
2811 2189
2810 2189
2809 2189
2808 2189
2807 2189
2806 2188
2805 2188
2804 2188
2803 2188
2802 2188
2801 2188
2800 2187
2799 2187
2798 2187
2797 2186
2796 2186
2795 2186
2794 2186
2793 2186
2792 2186
2791 2186
2790 2186
2789 2186
2788 2187
2787 2187
2786 2188
2785 2188
2784 2189
2783 2190
2782 2190
2781 2191
2780 2192
2779 2192
2778 2193
2777 2193
2776 2194
2775 2194
2774 2195
2773 2196
2772 2197
2771 2197
2770 2198
2769 2198
2768 2199
2767 2199
2766 2199
2765 2200
2764 2200
2763 2201
2762 2201
2761 2201
2760 2202
2759 2202
2758 2202
2757 2202
2756 2202
2755 2202
2754 2202
2753 2202
2752 2202
2751 2202
2750 2202
2749 2202
2748 2202
2747 2202
2746 2202
2745 2202
2744 2202
2743 2202
2742 2202
2741 2203
2740 2203
2739 2203
2738 2204
2737 2204
2736 2205
2735 2205
2734 2206
2733 2206
2732 2207
2731 2207
2730 2208
2729 2208
2728 2209
2727 2209
2726 2210
2725 2211
2724 2212
2723 2213
2722 2214
2721 2214
2720 2215
2719 2215
2718 2216
2717 2216
2716 2217
2715 2217
2714 2218
2713 2219
2712 2219
2711 2220
2710 2220
2709 2221
2708 2222
2707 2222
2706 2222
2705 2222
2704 2222
2703 2222
2702 2222
2701 2222
2700 2222
2699 2222
2698 2222
2697 2222
2696 2222
2695 2222
2694 2222
2693 2222
2692 2222
2691 2222
2690 2222
2689 2222
2688 2222
2687 2222
2686 2222
2685 2222
2684 2222
2683 2222
2682 2222
2681 2222
2680 2221
2679 2220
2678 2220
2677 2219
2676 2218
2675 2218
2674 2218
2673 2217
2672 2217
2671 2217
2670 2217
2669 2217
2668 2217
2667 2217
2666 2216
2665 2216
2664 2215
2663 2215
2662 2214
2661 2214
2660 2214
2659 2214
2658 2214
2657 2214
2656 2214
2655 2214
2654 2214
2653 2214
2652 2214
2651 2214
2650 2215
2649 2215
2648 2215
2647 2215
2646 2216
2645 2216
2644 2217
2643 2218
2643 2219
2642 2220
2641 2221
2640 2222
2639 2223
2638 2224
2638 2225
2637 2226
2636 2227
2635 2228
2635 2229
2634 2230
2633 2231
2633 2232
2632 2233
2631 2234
2630 2235
2629 2235
2628 2236
2627 2237
2626 2237
2625 2238
2624 2238
2623 2238
2622 2238
2621 2238
2620 2238
2619 2238
2618 2238
2617 2238
2616 2239
2615 2239
2614 2239
2613 2239
2612 2239
2611 2239
2610 2239
2609 2239
2608 2239
2607 2239
2606 2239
2605 2239
2604 2239
2603 2239
2602 2239
2601 2239
2600 2239
2599 2239
2598 2239
2597 2239
2596 2239
2595 2240
2594 2240
2593 2240
2592 2240
2591 2241
2590 2241
2589 2242
2588 2243
2587 2244
2586 2244
2585 2245
2584 2246
2583 2247
2582 2248
2581 2248
2580 2248
2579 2249
2578 2249
2577 2249
2576 2250
2575 2250
2574 2251
2573 2251
2572 2251
2571 2251
2570 2251
2569 2251
2568 2251
2567 2251
2566 2251
2565 2251
2564 2251
2563 2251
2562 2251
2561 2251
2560 2251
2559 2251
2558 2251
2557 2251
2556 2251
2555 2251
2554 2251
2553 2251
2552 2251
2551 2251
2550 2251
2549 2251
2548 2251
2547 2251
2546 2251
2545 2251
2544 2251
2543 2251
2542 2251
2541 2252
2540 2252
2539 2252
2538 2252
2537 2253
2536 2253
2535 2254
2534 2254
2533 2255
2532 2255
2531 2255
2530 2255
2529 2255
2528 2255
2527 2255
2526 2255
2525 2255
2524 2255
2523 2255
2522 2255
2521 2255
2520 2255
2519 2255
2518 2255
2517 2255
2516 2255
2515 2255
2514 2255
2513 2255
2512 2255
2511 2255
2510 2255
2509 2255
2508 2255
2507 2254
2506 2254
2505 2254
2504 2254
2503 2254
2502 2254
2501 2254
2500 2254
2499 2253
2498 2253
2497 2253
2496 2253
2495 2252
2494 2252
2493 2251
2492 2251
2491 2251
2490 2250
2489 2250
2488 2250
2487 2250
2486 2249
2485 2249
2484 2249
2483 2249
2482 2248
2481 2248
2480 2248
2479 2247
2478 2247
2477 2246
2476 2245
2475 2245
2474 2244
2473 2244
2472 2243
2471 2243
2470 2242
2469 2241
2468 2240
2467 2240
2466 2240
2466 2241
2465 2242
2464 2243
2463 2244
2463 2245
2462 2246
2462 2247
2462 2248
2461 2249
2461 2250
2460 2251
2460 2252
2460 2253
2460 2254
2460 2255
2460 2256
2460 2257
2460 2258
2459 2259
2459 2260
2459 2261
2459 2262
2459 2263
2459 2264
2459 2265
2458 2266
2458 2267
2457 2268
2456 2269
2455 2270
2454 2270
2453 2271
2452 2271
2451 2271
2450 2271
2449 2271
2448 2271
2447 2271
2446 2271
2445 2271
2444 2271
2443 2271
2442 2271
2441 2271
2440 2271
2439 2271
2438 2271
2437 2271
2436 2270
2435 2270
2434 2270
2433 2270
2432 2270
2431 2270
2430 2269
2429 2269
2428 2268
2427 2268
2426 2267
2425 2267
2424 2267
2423 2267
2422 2267
2421 2267
2420 2267
2419 2267
2418 2267
2417 2267
2416 2267
2415 2267
2414 2267
2413 2267
2412 2267
2411 2267
2410 2267
2409 2267
2408 2267
2407 2267
2406 2266
2405 2266
2404 2266
2403 2266
2402 2265
2401 2265
2400 2265
2399 2264
2398 2263
2397 2263
2396 2262
2395 2262
2394 2262
2393 2262
2392 2262
2391 2261
2390 2261
2389 2261
2388 2260
2387 2260
2386 2259
2385 2259
2384 2260
2383 2260
2382 2260
2381 2260
2380 2260
2379 2261
2378 2262
2377 2262
2377 2263
2376 2264
2375 2265
2374 2266
2373 2267
2372 2267
2371 2267
2370 2267
2369 2267
2368 2266
2367 2265
2367 2264
2366 2263
2365 2262
2364 2261
2363 2260
2362 2260
2361 2259
2360 2259
2359 2258
2358 2257
2357 2256
2356 2256
2355 2255
2354 2255
2353 2254
2352 2253
2351 2253
2350 2253
2349 2253
2348 2252
2347 2252
2346 2251
2345 2251
2344 2250
2343 2250
2342 2250
2341 2250
2340 2250
2339 2249
2338 2249
2337 2249
2336 2248
2335 2248
2334 2247
2333 2247
2332 2246
2331 2245
2330 2244
2329 2243
2328 2243
2327 2242
2326 2241
2325 2240
2324 2239
2324 2240
2324 2241
2324 2242
2324 2243
2324 2244
2324 2245
2324 2246
2324 2247
2324 2248
2324 2249
2324 2250
2324 2251
2324 2252
2323 2253
2323 2254
2323 2255
2322 2256
2322 2257
2321 2258
2320 2259
2319 2259
2318 2260
2317 2261
2316 2261
2315 2261
2314 2261
2313 2262
2312 2262
2311 2263
2310 2263
2309 2263
2308 2263
2307 2263
2306 2263
2305 2262
2304 2262
2303 2262
2302 2262
2301 2261
2300 2261
2299 2260
2298 2260
2297 2259
2296 2258
2295 2257
2294 2256
2293 2255
2292 2254
2291 2253
2290 2252
2289 2252
2288 2251
2288 2250
2287 2249
2286 2249
2285 2249
2284 2248
2283 2247
2282 2247
2281 2246
2281 2245
2280 2244
2279 2243
2278 2242
2277 2241
2276 2240
2275 2239
2274 2238
2273 2237
2273 2236
2272 2235
2271 2234
2270 2233
2269 2232
2268 2231
2267 2231
2267 2232
2267 2233
2267 2234
2266 2235
2266 2236
2266 2237
2266 2238
2265 2239
2265 2240
2265 2241
2264 2242
2263 2243
2262 2244
2261 2245
2260 2246
2259 2247
2258 2248
2257 2248
2256 2249
2255 2249
2254 2249
2253 2250
2252 2250
2251 2250
2250 2251
2249 2251
2248 2251
2247 2251
2246 2251
2245 2251
2244 2251
2243 2251
2242 2251
2241 2251
2240 2251
2239 2251
2238 2251
2237 2251
2236 2251
2235 2251
2234 2251
2233 2251
2232 2251
2231 2251
2230 2251
2229 2251
2228 2251
2227 2251
2226 2251
2225 2252
2224 2252
2223 2252
2222 2252
2221 2252
2220 2253
2219 2253
2218 2253
2217 2254
2216 2255
2215 2255
2214 2256
2213 2256
2212 2256
2211 2257
2210 2257
2209 2257
2208 2257
2207 2258
2206 2258
2205 2258
2204 2258
2203 2258
2202 2259
2201 2259
2200 2259
2199 2259
2198 2259
2197 2259
2196 2259
2195 2259
2194 2259
2193 2259
2192 2259
2191 2259
2190 2259
2189 2259
2188 2259
2187 2259
2186 2259
2185 2259
2184 2258
2183 2257
2182 2256
2182 2255
2181 2254
2180 2254
2179 2254
2178 2254
2177 2254
2176 2253
2175 2253
2174 2253
2173 2252
2172 2252
2171 2251
2170 2251
2169 2251
2168 2251
2167 2251
2166 2251
2165 2251
2164 2251
2163 2250
2162 2250
2161 2250
2160 2250
2159 2250
2158 2249
2157 2248
2156 2247
2155 2246
2155 2245
2155 2244
2155 2243
2155 2242
2155 2241
2155 2240
2155 2239
2155 2238
2155 2237
2155 2236
2155 2235
2154 2234
2154 2233
2153 2232
2152 2231
2151 2232
2151 2233
2150 2234
2150 2235
2149 2236
2148 2237
2147 2238
2146 2238
2145 2239
2144 2239
2143 2240
2142 2240
2141 2241
2140 2241
2139 2242
2138 2243
2137 2243
2136 2244
2135 2244
2134 2245
2134 2246
2133 2247
2133 2248
2132 2249
2131 2250
2130 2251
2129 2252
2128 2253
2128 2254
2127 2255
2126 2256
2125 2256
2124 2257
2123 2257
2122 2257
2121 2258
2120 2258
2119 2259
2118 2260
2117 2261
2116 2261
2115 2262
2114 2262
2113 2263
2112 2263
2111 2263
2110 2263
2109 2263
2108 2263
2107 2263
2106 2263
2105 2264
2104 2264
2103 2264
2102 2264
2101 2264
2100 2264
2099 2265
2098 2265
2097 2266
2096 2266
2095 2267
2094 2268
2093 2269
2092 2269
2091 2270
2090 2270
2089 2271
2088 2272
2087 2273
2086 2274
2085 2275
2084 2276
2083 2276
2082 2277
2081 2277
2080 2277
2079 2278
2078 2278
2077 2278
2076 2279
2075 2279
2074 2279
2073 2279
2072 2279
2071 2279
2070 2278
2069 2278
2068 2277
2067 2276
2066 2275
2066 2274
2065 2273
2065 2272
2065 2271
2065 2270
2065 2269
2065 2268
2065 2267
2065 2266
2065 2265
2065 2264
2065 2263
2065 2262
2065 2261
2065 2260
2065 2259
2065 2258
2065 2257
2065 2256
2065 2255
2065 2254
2065 2253
2064 2252
2064 2251
2064 2250
2064 2249
2064 2248
2064 2247
2064 2246
2064 2245
2063 2244
2063 2243
2063 2242
2062 2241
2061 2240
2061 2241
2061 2242
2061 2243
2060 2244
2060 2245
2060 2246
2059 2247
2059 2248
2058 2249
2058 2250
2058 2251
2058 2252
2058 2253
2058 2254
2058 2255
2058 2256
2058 2257
2058 2258
2058 2259
2058 2260
2058 2261
2058 2262
2057 2263
2058 2264
2057 2265
2057 2266
2057 2267
2057 2268
2057 2269
2057 2270
2057 2271
2057 2272
2057 2273
2057 2274
2057 2275
2057 2276
2057 2277
2056 2278
2055 2279
2055 2280
2054 2281
2053 2282
2052 2283
2051 2283
2051 2284
2050 2285
2049 2286
2048 2287
2047 2287
2046 2288
2045 2289
2044 2290
2043 2290
2042 2291
2041 2291
2040 2292
2039 2293
2038 2293
2037 2294
2036 2294
2035 2294
2034 2295
2033 2295
2032 2296
2031 2296
2030 2297
2029 2297
2028 2297
2027 2297
2026 2298
2025 2298
2024 2299
2023 2300
2022 2300
2021 2301
2020 2301
2019 2301
2018 2301
2017 2302
2016 2302
2015 2302
2014 2303
2013 2303
2012 2304
2011 2304
2010 2304
2009 2304
2008 2304
2007 2304
2006 2304
2005 2304
2004 2304
2003 2304
2002 2304
2001 2304
2000 2304
1999 2304
1998 2304
1997 2304
1996 2304
1995 2304
1994 2304
1993 2304
1992 2304
1991 2304
1990 2304
1989 2304
1988 2304
1987 2304
1986 2304
1985 2304
1984 2304
1983 2304
1982 2304
1981 2304
1980 2305
1979 2305
1978 2305
1977 2305
1976 2305
1975 2306
1974 2306
1973 2307
1972 2307
1971 2308
1970 2308
1969 2309
1968 2309
1967 2310
1966 2310
1965 2311
1964 2311
1963 2311
1962 2312
1961 2312
1960 2312
1959 2312
1958 2312
1957 2312
1956 2312
1955 2312
1954 2312
1953 2312
1952 2312
1951 2312
1950 2312
1949 2312
1948 2313
1947 2313
1946 2313
1945 2313
1944 2313
1943 2313
1942 2314
1941 2314
1940 2315
1939 2315
1938 2316
1937 2317
1936 2318
1935 2319
1934 2320
1933 2321
1932 2322
1931 2323
1930 2323
1929 2324
1928 2325
1927 2325
1926 2326
1925 2327
1924 2327
1923 2328
1922 2328
1921 2329
1920 2329
1919 2330
1918 2331
1917 2331
1916 2332
1915 2333
1914 2334
1913 2334
1912 2335
1911 2336
1911 2337
1910 2338
1909 2339
1908 2340
1907 2341
1906 2342
1905 2342
1904 2343
1903 2343
1902 2344
1901 2345
1900 2346
1899 2346
1898 2346
1897 2346
1896 2346
1895 2346
1894 2347
1893 2347
1892 2347
1891 2348
1890 2348
1889 2349
1888 2349
1887 2350
1886 2350
1885 2350
1884 2351
1883 2351
1882 2351
1881 2352
1880 2353
1879 2353
1878 2354
1877 2355
1876 2355
1875 2356
1874 2356
1873 2357
1872 2357
1871 2358
1870 2358
1869 2359
1868 2359
1867 2359
1866 2360
1865 2360
1864 2361
1863 2361
1862 2362
1861 2362
1860 2363
1859 2363
1858 2364
1857 2364
1856 2364
1855 2365
1854 2365
1853 2365
1852 2366
1851 2366
1850 2366
1849 2366
1848 2366
1847 2366
1846 2366
1845 2366
1844 2366
1843 2366
1842 2366
1841 2366
1840 2366
1839 2366
1838 2366
1837 2366
1836 2367
1835 2367
1834 2367
1833 2367
1832 2368
1831 2368
1830 2369
1829 2369
1828 2369
1827 2370
1826 2370
1825 2370
1824 2370
1823 2370
1822 2370
1821 2370
1820 2369
1819 2369
1818 2369
1817 2369
1816 2369
1815 2369
1814 2369
1813 2369
1812 2369
1811 2369
1810 2369
1809 2369
1808 2369
1807 2369
1806 2368
1805 2368
1804 2367
1803 2366
1802 2365
1801 2364
1800 2364
1799 2363
1798 2362
1797 2362
1796 2362
1795 2362
1794 2361
1793 2361
1792 2361
1791 2361
1790 2361
1789 2361
1788 2361
1787 2361
1786 2361
1785 2361
1784 2361
1783 2361
1782 2361
1781 2361
1780 2361
1779 2361
1778 2361
1777 2361
1776 2361
1775 2361
1774 2361
1773 2361
1772 2361
1771 2361
1770 2360
1769 2360
1768 2360
1767 2360
1766 2359
1765 2359
1764 2358
1763 2358
1762 2358
1761 2358
1760 2358
1759 2359
1758 2359
1757 2359
1756 2360
1755 2360
1754 2361
1753 2361
1752 2361
1751 2361
1750 2362
1749 2362
1748 2362
1747 2361
1746 2361
1745 2361
1744 2361
1743 2361
1742 2361
1741 2361
1740 2361
1739 2361
1738 2361
1737 2361
1736 2361
1735 2361
1734 2361
1733 2361
1732 2361
1731 2361
1730 2361
1729 2361
1728 2361
1727 2361
1726 2361
1725 2360
1726 2359
1727 2358
1727 2357
1728 2356
1729 2355
1729 2354
1729 2353
1729 2352
1729 2351
1730 2350
1730 2349
1730 2348
1730 2347
1730 2346
1731 2345
1731 2344
1731 2343
1732 2342
1732 2341
1732 2340
1733 2339
1733 2338
1733 2337
1733 2336
1733 2335
1733 2334
1733 2333
1734 2332
1734 2331
1734 2330
1734 2329
1734 2328
1734 2327
1734 2326
1734 2325
1735 2324
1735 2323
1735 2322
1735 2321
1735 2320
1736 2319
1736 2318
1736 2317
1736 2316
1736 2315
1736 2314
1736 2313
1736 2312
1736 2311
1736 2312
1735 2313
1735 2314
1734 2315
1734 2316
1733 2317
1732 2318
1731 2319
1730 2320
1729 2321
1728 2322
1728 2323
1728 2324
1727 2325
1727 2326
1726 2327
1726 2328
1725 2329
1725 2330
1724 2331
1724 2332
1723 2333
1723 2334
1723 2335
1722 2336
1722 2337
1721 2338
1721 2339
1720 2340
1720 2341
1719 2342
1718 2343
1718 2344
1718 2345
1717 2346
1716 2347
1715 2348
1714 2349
1714 2350
1713 2351
1713 2352
1712 2353
1712 2354
1711 2355
1711 2356
1710 2357
1709 2358
1708 2359
1707 2360
1706 2361
1705 2362
1704 2363
1703 2364
1703 2365
1702 2366
1701 2367
1700 2367
1699 2368
1698 2368
1697 2369
1696 2370
1695 2371
1694 2372
1693 2373
1692 2373
1691 2374
1690 2374
1689 2373
1688 2373
1687 2373
1686 2373
1685 2373
1684 2373
1683 2373
1682 2372
1681 2371
1681 2370
1680 2369
1679 2368
1678 2367
1678 2366
1678 2365
1677 2364
1677 2363
1676 2362
1675 2361
1674 2360
1673 2359
1673 2358
1672 2357
1672 2356
1671 2355
1670 2354
1669 2353
1668 2353
1667 2353
1666 2354
1665 2354
1664 2354
1663 2354
1662 2354
1661 2354
1660 2355
1659 2355
1658 2356
1657 2356
1656 2357
1655 2358
1654 2359
1653 2359
1652 2360
1651 2360
1650 2361
1649 2361
1648 2362
1647 2362
1646 2363
1645 2363
1644 2364
1643 2364
1642 2365
1641 2365
1640 2365
1639 2365
1638 2365
1637 2365
1636 2365
1635 2365
1634 2365
1633 2365
1632 2365
1631 2365
1630 2365
1629 2365
1628 2365
1627 2364
1626 2363
1626 2362
1626 2361
1626 2360
1626 2359
1626 2358
1626 2357
1626 2356
1626 2355
1626 2354
1626 2353
1626 2352
1626 2351
1625 2350
1625 2349
1625 2348
1625 2347
1625 2346
1624 2345
1624 2344
1624 2343
1624 2342
1623 2341
1623 2340
1622 2339
1622 2338
1622 2337
1622 2336
1622 2335
1621 2334
1621 2333
1621 2332
1621 2331
1621 2330
1621 2329
1621 2328
1621 2327
1621 2326
1620 2325
1620 2324
1620 2323
1620 2322
1619 2321
1619 2320
1619 2319
1618 2318
1618 2317
1617 2316
1617 2315
1616 2314
1616 2313
1615 2313
1614 2314
1614 2315
1614 2316
1614 2317
1614 2318
1614 2319
1613 2320
1613 2321
1613 2322
1613 2323
1613 2324
1613 2325
1612 2326
1612 2327
1612 2328
1611 2329
1611 2330
1610 2331
1610 2332
1610 2333
1610 2334
1610 2335
1610 2336
1610 2337
1609 2338
1609 2339
1609 2340
1609 2341
1609 2342
1608 2343
1608 2344
1607 2345
1606 2346
1605 2347
1605 2348
1604 2349
1603 2350
1603 2351
1602 2352
1601 2353
1601 2354
1600 2355
1599 2356
1598 2357
1597 2358
1596 2359
1596 2360
1595 2361
1595 2362
1594 2363
1593 2364
1593 2365
1592 2366
1592 2367
1591 2368
1590 2369
1589 2370
1588 2370
1587 2370
1586 2370
1585 2370
1584 2370
1583 2369
1582 2369
1581 2369
1580 2369
1579 2369
1578 2369
1577 2369
1576 2369
1575 2369
1574 2369
1573 2369
1572 2368
1571 2368
1570 2368
1569 2367
1568 2367
1567 2366
1566 2366
1565 2365
1564 2365
1563 2365
1562 2365
1561 2365
1560 2365
1559 2365
1558 2365
1557 2364
1556 2364
1555 2363
1554 2362
1553 2361
1552 2360
1551 2360
1550 2360
1549 2359
1548 2359
1547 2358
1546 2358
1545 2358
1544 2357
1543 2358
1542 2358
1541 2358
1540 2358
1539 2358
1538 2358
1537 2358
1536 2358
1535 2358
1534 2358
1533 2358
1532 2359
1531 2359
1530 2359
1529 2360
1528 2361
1527 2361
1526 2362
1525 2363
1524 2364
1523 2364
1522 2365
1521 2365
1520 2366
1519 2367
1518 2368
1517 2368
1516 2368
1515 2369
1514 2370
1513 2370
1512 2370
1511 2370
1510 2370
1509 2370
1508 2369
1507 2369
1506 2369
1505 2369
1504 2369
1503 2369
1502 2369
1501 2369
1500 2369
1499 2369
1498 2368
1497 2368
1496 2368
1495 2367
1494 2367
1493 2366
1493 2365
1492 2364
1491 2364
1490 2363
1489 2362
1488 2362
1487 2363
1486 2363
1486 2364
1485 2365
1485 2366
1484 2367
1483 2368
1483 2369
1482 2370
1481 2371
1480 2371
1479 2372
1478 2373
1477 2373
1476 2374
1475 2375
1474 2375
1473 2376
1472 2376
1471 2377
1470 2378
1469 2378
1468 2378
1468 2379
1469 2380
1470 2381
1471 2382
1471 2383
1472 2384
1473 2385
1474 2386
1475 2387
1475 2388
1476 2389
1477 2389
1478 2390
1479 2391
1480 2391
1481 2392
1482 2392
1483 2393
1484 2393
1485 2394
1486 2394
1487 2394
1488 2394
1489 2394
1490 2394
1491 2394
1492 2394
1493 2394
1494 2394
1495 2394
1496 2394
1497 2394
1498 2394
1499 2394
1500 2394
1501 2394
1502 2394
1503 2394
1504 2394
1505 2394
1506 2394
1507 2394
1508 2394
1509 2395
1510 2395
1511 2395
1512 2396
1513 2396
1514 2397
1514 2398
1515 2399
1516 2400
1517 2401
1518 2402
1519 2402
1520 2403
1521 2403
1522 2403
1523 2403
1524 2404
1525 2404
1526 2404
1527 2404
1528 2405
1529 2406
1530 2406
1531 2406
1532 2406
1533 2406
1534 2406
1535 2406
1536 2406
1537 2406
1538 2406
1539 2406
1540 2406
1541 2406
1542 2406
1543 2406
1544 2406
1545 2406
1546 2406
1547 2406
1548 2406
1549 2406
1550 2406
1551 2406
1552 2406
1553 2406
1554 2406
1555 2406
1556 2406
1557 2406
1558 2406
1559 2406
1560 2406
1561 2406
1562 2406
1563 2406
1564 2406
1565 2406
1566 2406
1567 2406
1568 2406
1569 2406
1570 2407
1571 2407
1572 2407
1573 2407
1574 2407
1575 2407
1576 2407
1577 2408
1578 2408
1579 2408
1580 2409
1581 2409
1582 2410
1583 2410
1584 2411
1585 2411
1586 2411
1587 2412
1588 2412
1589 2412
1590 2413
1591 2414
1592 2414
1593 2415
1594 2415
1595 2416
1596 2416
1597 2417
1598 2418
1599 2419
1600 2420
1601 2420
1602 2421
1603 2421
1604 2422
1605 2423
1606 2424
1607 2425
1608 2425
1609 2426
1610 2427
1611 2428
1612 2429
1613 2430
1613 2431
1613 2432
1614 2433
1614 2434
1615 2435
1615 2436
1616 2437
1616 2438
1617 2439
1617 2440
1618 2441
1619 2441
1620 2442
1621 2442
1622 2442
1623 2442
1624 2441
1625 2441
1626 2440
1626 2439
1627 2438
1628 2437
1628 2436
1629 2435
1630 2435
1630 2434
1631 2433
1632 2433
1633 2432
1632 2432
1631 2431
1630 2430
1629 2430
1628 2430
1627 2430
1626 2430
1625 2430
1624 2430
1623 2429
1623 2428
1623 2427
1623 2426
1623 2425
1623 2424
1623 2423
1623 2422
1623 2421
1623 2420
1623 2419
1623 2418
1623 2417
1623 2416
1624 2415
1625 2414
1625 2413
1625 2412
1626 2411
1627 2411
1628 2410
1629 2410
1630 2409
1630 2408
1630 2407
1631 2406
1632 2406
1633 2406
1634 2407
1634 2408
1635 2407
1636 2407
1637 2407
1638 2407
1639 2408
1640 2408
1641 2408
1642 2408
1643 2407
1644 2407
1645 2407
1646 2408
1646 2407
1646 2406
1646 2405
1647 2404
1648 2404
1649 2404
1650 2405
1650 2406
1651 2405
1652 2405
1653 2405
1654 2406
1654 2407
1654 2408
1654 2407
1654 2406
1655 2405
1656 2405
1657 2405
1658 2405
1659 2406
1659 2407
1659 2408
1660 2408
1661 2408
1662 2408
1663 2408
1663 2407
1664 2406
1665 2406
1666 2405
1667 2405
1668 2405
1669 2405
1670 2406
1671 2407
1672 2407
1673 2407
1674 2407
1675 2408
1675 2409
1676 2408
1677 2407
1678 2407
1679 2408
1680 2408
1681 2408
1682 2408
1683 2409
1683 2410
1684 2410
1685 2410
1686 2411
1686 2410
1687 2409
1688 2409
1689 2409
1690 2410
1690 2411
1691 2411
1692 2411
1693 2411
1694 2412
1694 2413
1695 2412
1696 2412
1697 2412
1698 2412
1699 2412
1700 2413
1700 2414
1700 2415
1701 2415
1702 2415
1703 2416
1704 2415
1705 2415
1706 2414
1707 2414
1708 2414
1709 2413
1710 2413
1711 2413
1712 2413
1713 2413
1714 2413
1715 2412
1716 2412
1717 2413
1717 2414
1717 2415
1717 2416
1718 2417
1718 2418
1718 2419
1718 2420
1719 2420
1720 2420
1721 2421
1722 2420
1723 2420
1724 2420
1725 2420
1726 2421
1726 2422
1726 2421
1727 2420
1728 2420
1729 2420
1730 2420
1731 2421
1732 2421
1733 2421
1734 2421
1735 2421
1736 2421
1737 2421
1738 2421
1739 2421
1740 2421
1741 2422
1741 2423
1742 2422
1743 2422
1744 2422
1745 2422
1746 2422
1747 2421
1748 2421
1749 2421
1750 2421
1751 2422
1752 2421
1753 2421
1754 2420
1755 2420
1756 2419
1757 2419
1758 2419
1759 2419
1760 2418
1761 2417
1762 2417
1763 2417
1764 2416
1765 2416
1766 2416
1767 2415
1768 2415
1769 2414
1770 2414
1771 2413
1772 2412
1773 2412
1774 2411
1775 2411
1776 2410
1777 2410
1778 2410
1779 2410
1780 2410
1781 2410
1782 2410
1783 2410
1784 2410
1785 2410
1786 2410
1787 2410
1788 2411
1789 2411
1790 2411
1791 2411
1792 2411
1793 2412
1794 2412
1795 2413
1796 2414
1797 2415
1798 2416
1799 2417
1800 2418
1801 2419
1802 2420
1803 2421
1804 2421
1805 2422
1806 2423
1807 2424
1808 2425
1809 2426
1810 2427
1811 2427
1812 2428
1813 2428
1814 2428
1815 2429
1816 2429
1817 2430
1818 2430
1819 2430
1820 2430
1821 2430
1822 2430
1823 2430
1824 2430
1825 2430
1826 2430
1827 2430
1828 2430
1829 2430
1830 2430
1831 2429
1832 2429
1833 2429
1834 2429
1835 2428
1836 2428
1837 2427
1838 2426
1839 2425
1840 2424
1841 2424
1842 2423
1843 2423
1844 2422
1845 2422
1846 2422
1847 2422
1848 2422
1849 2422
1850 2422
1851 2422
1852 2422
1853 2423
1854 2423
1855 2423
1856 2423
1857 2423
1858 2423
1859 2424
1860 2424
1861 2425
1862 2425
1863 2425
1864 2426
1865 2427
1866 2428
1867 2429
1868 2430
1869 2431
1870 2432
1871 2433
1872 2434
1872 2435
1873 2436
1874 2436
1875 2437
1876 2438
1877 2438
1878 2439
1879 2439
1880 2439
1881 2439
1882 2439
1883 2439
1884 2439
1885 2439
1886 2439
1887 2439
1888 2439
1889 2439
1890 2439
1891 2439
1892 2439
1893 2439
1894 2439
1895 2439
1896 2439
1897 2439
1898 2439
1899 2439
1900 2439
1901 2439
1902 2439
1903 2439
1904 2439
1905 2439
1906 2439
1907 2439
1908 2439
1909 2439
1910 2439
1911 2439
1912 2439
1913 2439
1914 2439
1915 2439
1916 2439
1917 2439
1918 2439
1919 2439
1920 2439
1921 2439
1922 2439
1923 2439
1924 2439
1925 2439
1926 2439
1927 2439
1928 2439
1929 2439
1930 2439
1931 2439
1932 2439
1933 2439
1934 2439
1935 2439
1936 2439
1937 2439
1938 2439
1939 2439
1940 2439
1941 2439
1942 2439
1943 2439
1944 2439
1945 2439
1946 2439
1947 2439
1948 2439
1949 2439
1950 2439
1951 2439
1952 2439
1953 2439
1954 2439
1955 2440
1956 2440
1957 2440
1958 2440
1959 2440
1960 2441
1961 2441
1962 2442
1963 2442
1964 2442
1965 2443
1966 2443
1967 2443
1968 2443
1969 2444
1970 2444
1971 2444
1972 2444
1973 2444
1974 2444
1975 2445
1976 2445
1977 2445
1978 2445
1979 2446
1980 2446
1981 2447
1982 2447
1983 2448
1984 2448
1985 2449
1986 2449
1987 2450
1988 2450
1989 2450
1990 2451
1991 2451
1992 2451
1993 2451
1994 2451
1995 2451
1996 2451
1997 2451
1998 2451
1999 2451
2000 2451
2001 2451
2002 2451
2003 2451
2004 2451
2005 2452
2006 2452
2007 2452
2008 2452
2009 2452
2010 2452
2011 2453
2012 2453
2013 2453
2014 2453
2015 2454
2016 2454
2017 2455
2018 2455
2019 2455
2020 2455
2021 2455
2022 2455
2023 2456
2024 2456
2025 2456
2026 2456
2027 2456
2028 2456
2029 2457
2030 2457
2031 2457
2032 2458
2033 2458
2034 2459
2035 2460
2036 2461
2037 2462
2038 2463
2039 2464
2040 2465
2041 2466
2042 2466
2043 2467
2044 2468
2045 2468
2046 2469
2047 2469
2048 2470
2049 2471
2050 2472
2051 2472
2052 2473
2053 2474
2054 2474
2055 2475
2056 2476
2057 2476
2058 2477
2059 2477
2060 2477
2061 2478
2062 2478
2063 2479
2064 2479
2065 2480
2066 2480
2067 2481
2068 2481
2069 2481
2070 2481
2071 2482
2072 2482
2073 2482
2074 2483
2075 2483
2076 2483
2077 2484
2078 2484
2079 2484
2080 2484
2081 2484
2082 2484
2083 2484
2084 2484
2085 2484
2086 2484
2087 2484
2088 2485
2089 2485
2090 2485
2091 2485
2092 2485
2093 2485
2094 2486
2095 2487
2096 2487
2097 2488
2098 2489
2099 2489
2100 2489
2101 2490
2102 2490
2103 2491
2104 2492
2105 2492
2106 2493
2107 2494
2108 2494
2109 2495
2110 2496
2111 2497
2112 2498
2113 2498
2114 2499
2115 2499
2116 2500
2117 2501
2118 2501
2119 2502
2120 2502
2121 2503
2122 2503
2123 2503
2124 2504
2125 2504
2126 2504
2127 2504
2128 2504
2129 2504
2130 2504
2131 2504
2132 2504
2133 2504
2134 2504
2135 2504
2136 2504
2137 2504
2138 2504
2139 2504
2140 2504
2141 2504
2142 2504
2143 2505
2144 2505
2145 2505
2146 2505
2147 2505
2148 2505
2149 2505
2150 2505
2151 2505
2152 2506
2153 2506
2154 2506
2155 2506
2156 2506
2157 2507
2158 2507
2159 2507
2160 2508
2161 2508
2162 2509
2163 2510
2164 2510
2165 2511
2166 2512
2167 2512
2168 2513
2169 2514
2170 2515
2171 2516
2172 2517
2173 2518
2173 2519
2174 2520
2175 2521
2176 2521
2177 2521
2178 2521
2179 2521
2180 2521
2181 2522
2182 2522
2183 2522
2184 2522
2185 2523
2186 2523
2187 2523
2188 2524
2189 2524
2190 2524
2191 2525
2192 2525
2193 2525
2194 2526
2195 2526
2196 2526
2197 2526
2198 2526
2199 2526
2200 2527
2201 2527
2202 2527
2203 2527
2204 2528
2205 2528
2206 2528
2207 2529
2208 2529
2209 2529
2210 2529
2211 2529
2212 2529
2213 2529
2214 2529
2215 2529
2216 2529
2217 2529
2218 2529
2219 2529
2220 2529
2221 2529
2222 2529
2223 2529
2224 2529
2225 2529
2226 2529
2227 2529
2228 2529
2229 2529
2230 2529
2231 2530
2232 2530
2233 2530
2234 2530
2235 2530
2236 2530
2237 2530
2238 2531
2239 2531
2240 2532
2241 2532
2242 2532
2243 2533
2244 2533
2245 2533
2246 2534
2247 2534
2248 2534
2249 2534
2250 2534
2251 2535
2252 2535
2253 2535
2254 2535
2255 2536
2256 2536
2257 2536
2258 2537
2259 2537
2260 2538
2261 2538
2262 2538
2263 2539
2264 2539
2265 2540
2266 2540
2267 2540
2268 2541
2269 2541
2270 2542
2271 2542
2272 2542
2273 2542
2274 2542
2275 2543
2276 2543
2277 2543
2278 2543
2279 2544
2280 2544
2281 2544
2282 2545
2283 2545
2284 2545
2285 2545
2286 2545
2287 2545
2288 2545
2289 2545
2290 2545
2291 2545
2292 2545
2293 2545
2294 2545
2295 2545
2296 2545
2297 2545
2298 2545
2299 2545
2300 2545
2301 2545
2302 2545
2303 2545
2304 2545
2305 2545
2306 2545
2307 2545
2308 2545
2309 2545
2310 2545
2311 2545
2312 2545
2313 2545
2314 2545
2315 2545
2316 2545
2317 2544
2318 2544
2319 2544
2320 2544
2321 2543
2322 2543
2323 2542
2324 2541
2325 2541
2326 2541
2327 2541
2328 2541
2329 2541
2330 2541
2331 2541
2332 2541
2333 2541
2334 2541
2335 2541
2336 2541
2337 2541
2338 2541
2339 2541
2340 2541
2341 2541
2342 2541
2343 2541
2344 2541
2345 2541
2346 2541
2347 2541
2348 2541
2349 2541
2350 2541
2351 2541
2352 2541
2353 2541
2354 2541
2355 2541
2356 2541
2357 2541
2358 2541
2359 2540
2360 2540
2361 2539
2362 2539
2363 2538
2364 2538
2365 2538
2366 2537
2367 2537
2368 2537
2369 2537
2370 2537
2371 2537
2372 2537
2373 2537
2374 2537
2375 2537
2376 2537
2377 2537
2378 2537
2379 2537
2380 2537
2381 2537
2382 2537
2383 2537
2384 2537
2385 2537
2386 2538
2387 2538
2388 2538
2389 2538
2390 2538
2391 2538
2392 2538
2393 2538
2394 2539
2395 2539
2396 2540
2397 2540
2398 2540
2399 2541
2400 2541
2401 2541
2402 2541
2403 2541
2404 2541
2405 2541
2406 2541
2407 2540
2408 2539
2409 2538
2410 2537
2411 2537
2412 2537
2413 2536
2414 2536
2415 2536
2416 2536
2417 2535
2418 2534
2419 2533
2420 2532
2421 2531
2422 2531
2423 2530
2424 2529
2425 2528
2426 2527
2427 2526
2428 2525
2429 2524
2430 2523
2431 2523
2432 2522
2433 2522
2434 2521
2435 2520
2436 2520
2437 2520
2438 2519
2439 2519
2439 2518
2440 2517
2441 2517
2442 2517
2443 2517
2444 2517
2445 2517
2446 2517
2447 2517
2448 2517
2449 2517
2450 2517
2451 2517
2452 2517
2453 2517
2454 2517
2455 2517
2456 2517
2457 2517
2458 2517
2459 2517
2460 2517
2461 2517
2462 2518
2463 2518
2464 2519
2465 2519
2466 2519
2467 2520
2468 2520
2469 2521
2470 2521
2471 2522
2472 2522
2473 2523
2474 2523
2475 2524
2476 2525
2477 2526
2478 2527
2479 2528
2480 2529
2481 2530
2482 2531
2483 2532
2484 2533
2485 2534
2486 2535
2487 2536
2488 2537
2489 2538
2490 2539
2491 2540
2492 2541
2493 2542
2494 2543
2495 2544
2496 2545
2497 2546
2498 2547
2499 2548
2500 2549
2501 2550
2501 2551
2502 2552
2503 2553
2504 2554
2505 2555
2506 2556
2507 2557
2508 2558
2509 2559
2510 2560
2511 2561
2512 2562
2513 2563
2514 2564
2515 2564
2516 2565
2517 2565
2518 2566
2519 2566
2520 2566
2521 2566
2522 2566
2523 2565
2524 2565
2525 2565
2526 2565
2527 2565
2528 2565
2529 2565
2530 2565
2531 2565
2532 2564
2533 2564
2534 2564
2535 2564
2536 2564
2537 2563
2538 2563
2539 2563
2540 2562
2541 2562
2542 2562
2543 2562
2544 2562
2545 2562
2546 2562
2547 2562
2548 2562
2549 2562
2550 2562
2551 2562
2552 2562
2553 2562
2554 2562
2555 2562
2556 2562
2557 2562
2558 2562
2559 2562
2560 2562
2561 2562
2562 2562
2563 2562
2564 2562
2565 2562
2566 2562
2567 2562
2568 2562
2569 2562
2570 2562
2571 2562
2572 2562
2573 2562
2574 2562
2575 2562
2576 2562
2577 2562
2578 2562
2579 2562
2580 2562
2581 2562
2582 2562
2583 2562
2584 2562
2585 2562
2586 2562
2587 2562
2588 2562
2589 2562
2590 2562
2591 2562
2592 2562
2593 2562
2594 2562
2595 2562
2596 2562
2597 2562
2598 2562
2599 2562
2600 2562
2601 2562
2602 2562
2603 2562
2604 2562
2605 2563
2606 2563
2607 2563
2608 2564
2609 2565
2610 2566
2610 2567
2611 2568
2612 2569
2613 2569
2614 2570
2614 2571
2615 2572
2616 2573
2616 2574
2617 2574
2618 2574
2619 2574
2620 2574
2621 2574
2622 2574
2623 2574
2624 2574
2625 2574
2626 2574
2627 2574
2628 2574
2629 2574
2630 2574
2631 2574
2632 2574
2633 2574
2634 2574
2635 2574
2636 2574
2637 2574
2638 2574
2639 2574
2640 2574
2641 2574
2642 2574
2643 2574
2644 2574
2645 2574
2646 2574
2647 2575
2648 2575
2649 2575
2650 2575
2651 2576
2652 2576
2653 2577
2654 2577
2655 2578
2656 2578
2657 2578
2658 2578
2659 2578
2660 2579
2661 2579
2662 2579
2663 2579
2664 2580
2665 2580
2666 2580
2667 2581
2668 2581
2669 2582
2670 2582
2671 2582
2672 2582
2673 2582
2674 2582
2675 2582
2676 2582
2677 2582
2678 2582
2679 2582
2680 2582
2681 2582
2682 2582
2683 2582
2684 2582
2685 2582
2686 2582
2687 2582
2688 2582
2689 2582
2690 2582
2691 2582
2692 2582
2693 2582
2694 2582
2695 2582
2696 2582
2697 2582
2698 2582
2699 2582
2700 2582
2701 2582
2702 2582
2703 2582
2704 2582
2705 2582
2706 2582
2707 2582
2708 2582
2709 2582
2710 2582
2711 2582
2712 2582
2713 2582
2714 2583
2715 2583
2716 2583
2717 2583
2718 2583
2719 2583
2720 2583
2721 2583
2722 2584
2723 2584
2724 2584
2725 2585
2726 2585
2727 2586
2728 2587
2729 2587
2730 2588
2731 2589
2732 2589
2733 2589
2734 2590
2735 2590
2736 2590
2737 2590
2738 2590
2739 2590
2740 2590
2741 2590
2742 2590
2743 2590
2744 2590
2745 2590
2746 2590
2747 2590
2748 2590
2749 2590
2750 2590
2751 2590
2752 2590
2753 2590
2754 2590
2755 2590
2756 2590
2757 2590
2758 2590
2759 2590
2760 2590
2761 2590
2762 2590
2763 2590
2764 2590
2765 2590
2766 2590
2767 2590
2768 2590
2769 2590
2770 2590
2771 2590
2772 2590
2773 2590
2774 2590
2775 2590
2776 2589
2777 2589
2778 2589
2779 2589
2780 2588
2781 2588
2782 2587
2783 2587
2784 2586
2785 2586
2786 2586
2787 2586
2788 2586
2789 2586
2790 2586
2791 2586
2792 2586
2793 2586
2794 2586
2795 2586
2796 2586
2797 2586
2798 2586
2799 2586
2800 2586
2801 2586
2802 2587
2803 2587
2804 2587
2805 2587
2806 2587
2807 2587
2808 2587
2809 2587
2810 2587
2811 2588
2812 2588
2813 2588
2814 2588
2815 2589
2816 2590
2817 2590
2818 2591
2819 2591
2820 2591
2821 2591
2822 2591
2823 2591
2824 2591
2825 2591
2826 2591
2827 2591
2828 2591
2829 2591
2830 2591
2831 2592
2832 2592
2833 2592
2834 2593
2835 2593
2836 2594
2837 2595
2838 2595
2839 2596
2840 2596
2841 2597
2842 2597
2843 2598
2844 2599
2845 2599
2846 2599
2847 2600
2848 2600
2849 2600
2850 2600
2851 2601
2852 2601
2853 2601
2854 2602
2855 2602
2856 2603
2857 2604
2858 2604
2859 2605
2860 2605
2861 2606
2862 2607
2863 2607
2864 2608
2865 2608
2866 2608
2867 2608
2868 2609
2869 2609
2870 2610
2871 2610
2872 2611
2873 2611
2874 2611
2875 2611
2876 2611
2877 2611
2878 2611
2879 2611
2880 2611
2881 2611
2882 2611
2883 2611
2884 2611
2885 2611
2886 2611
2887 2611
2888 2611
2889 2611
2890 2611
2891 2612
2892 2612
2893 2612
2894 2612
2895 2612
2896 2613
2897 2613
2898 2613
2899 2614
2900 2614
2901 2615
2902 2615
2903 2615
2904 2616
2905 2616
2906 2616
2907 2616
2908 2616
2909 2616
2910 2617
2911 2617
2912 2618
2913 2618
2914 2619
2915 2619
2916 2619
2917 2619
2918 2619
2919 2619
2920 2619
2921 2619
2922 2619
2923 2620
2924 2620
2925 2620
2926 2620
2927 2620
2928 2621
2929 2621
2930 2621
2931 2622
2932 2623
2933 2624
2934 2624
2935 2624
2936 2624
2937 2625
2938 2625
2939 2625
2940 2625
2941 2626
2942 2626
2943 2627
2944 2627
2945 2628
2946 2628
2947 2628
2948 2628
2949 2628
2950 2628
2951 2628
2952 2629
2953 2629
2954 2629
2955 2630
2956 2630
2957 2631
2958 2631
2959 2631
2960 2631
2961 2631
2962 2631
2963 2631
2964 2631
2965 2631
2966 2631
2967 2631
2968 2631
2969 2631
2970 2632
2971 2632
2972 2632
2973 2632
2974 2632
2975 2632
2976 2632
2977 2632
2978 2632
2979 2632
2980 2632
2981 2632
2982 2632
2983 2633
2984 2633
2985 2633
2986 2634
2987 2634
2988 2635
2989 2635
2990 2635
2991 2636
2992 2636
2993 2636
2994 2636
2995 2636
2996 2636
2997 2636
2998 2636
2999 2636
3000 2636
3001 2636
3002 2636
3003 2636
3004 2636
3005 2636
3006 2636
3007 2636
3008 2636
3009 2637
3010 2637
3011 2637
3012 2638
3013 2639
3014 2640
3015 2640
3016 2641
3017 2641
3018 2642
3019 2642
3020 2642
3021 2643
3022 2643
3023 2643
3024 2644
3025 2644
3026 2644
3027 2644
3028 2644
3029 2644
3030 2644
3031 2644
3032 2644
3033 2644
3034 2644
3035 2644
3036 2645
3037 2645
3038 2645
3039 2645
3040 2645
3041 2645
3042 2646
3043 2646
3044 2647
3045 2648
3046 2648
3047 2649
3048 2649
3049 2649
3050 2650
3051 2650
3052 2651
3053 2651
3054 2652
3055 2653
3056 2653
3057 2654
3058 2654
3059 2654
3060 2654
3061 2655
3062 2655
3063 2656
3064 2657
3065 2657
3066 2658
3067 2658
3068 2659
3069 2659
3070 2660
3071 2660
3072 2661
3073 2662
3074 2662
3075 2662
3076 2663
3077 2663
3078 2663
3079 2664
3080 2664
3081 2664
3082 2665
3083 2665
3084 2665
3085 2665
3086 2665
3087 2665
3088 2665
3089 2665
3090 2665
3091 2666
3092 2666
3093 2667
3094 2668
3095 2669
3096 2670
3096 2671
3097 2672
3098 2673
3098 2674
3099 2674
3100 2675
3101 2675
3102 2676
3103 2676
3104 2677
3105 2678
3106 2678
3107 2679
3108 2680
3109 2681
3110 2682
3110 2683
3111 2684
3112 2685
3113 2685
3114 2685
3115 2685
3116 2685
3117 2684
3118 2684
3119 2684
3120 2684
3121 2684
3122 2684
3123 2684
3124 2684
3125 2684
3126 2683
3127 2683
3128 2682
3129 2681
3130 2681
3131 2681
3132 2681
3133 2681
3134 2682
3135 2682
3136 2682
3137 2682
3138 2683
3139 2684
3140 2685
3141 2685
3142 2685
3143 2685
3144 2685
3145 2686
3146 2686
3147 2686
3148 2686
3149 2686
3150 2687
3151 2687
3152 2687
3153 2688
3154 2688
3155 2689
3156 2689
3157 2689
3158 2689
3159 2689
3160 2690
3161 2690
3162 2690
3163 2690
3164 2690
3165 2691
3166 2691
3167 2691
3168 2692
3169 2692
3170 2692
3171 2693
3172 2693
3173 2693
3174 2693
3175 2693
3176 2693
3177 2693
3178 2693
3179 2693
3180 2693
3181 2693
3182 2693
3183 2693
3184 2693
3185 2693
3186 2693
3187 2693
3188 2693
3189 2693
3190 2693
3191 2693
3192 2693
3193 2693
3194 2693
3195 2693
3196 2693
3197 2693
3198 2693
3199 2694
3200 2694
3201 2694
3202 2694
3203 2695
3204 2695
3205 2695
3206 2696
3207 2696
3208 2697
3209 2698
3210 2698
3211 2699
3212 2699
3213 2700
3214 2701
3215 2702
3216 2703
3217 2704
3218 2705
3219 2705
3220 2705
3221 2705
3222 2705
3223 2705
3224 2705
3225 2705
3226 2705
3227 2705
3228 2705
3229 2705
3230 2705
3231 2706
3232 2706
3233 2706
3234 2706
3235 2706
3236 2706
3237 2706
3238 2706
3239 2707
3240 2707
3241 2708
3242 2709
3243 2710
3244 2710
3245 2711
3246 2711
3247 2712
3248 2713
3249 2714
3250 2715
3251 2715
3252 2716
3253 2716
3254 2717
3255 2718
3256 2718
3257 2719
3258 2720
3259 2720
3260 2721
3261 2721
3262 2722
3263 2722
3264 2722
3265 2722
3266 2722
3267 2722
3268 2722
3269 2722
3270 2722
3271 2722
3272 2722
3273 2722
3274 2722
3275 2722
3276 2722
3277 2722
3278 2722
3279 2722
3280 2722
3281 2722
3282 2722
3283 2722
3284 2722
3285 2722
3286 2722
3287 2722
3288 2722
3289 2722
3290 2722
3291 2722
3292 2722
3293 2722
3294 2722
3295 2722
3296 2722
3297 2722
3298 2722
3299 2722
3300 2722
3301 2722
3302 2722
3303 2722
3304 2722
3305 2722
3306 2722
3307 2722
3308 2722
3309 2722
3310 2722
3311 2722
3312 2722
3313 2722
3314 2722
3315 2722
3316 2722
3317 2722
3318 2722
3319 2722
3320 2722
3321 2722
3322 2722
3323 2722
3324 2722
3325 2722
3326 2722
3327 2722
3328 2722
3329 2722
3330 2722
3331 2722
3332 2722
3333 2722
3334 2722
3335 2722
3336 2722
3337 2722
3338 2723
3339 2723
3340 2723
3341 2723
3342 2723
3343 2723
3344 2724
3345 2724
3346 2724
3347 2725
3348 2725
3349 2726
3350 2726
3351 2727
3352 2727
3353 2728
3354 2728
3355 2728
3356 2729
3357 2729
3358 2730
3359 2730
3360 2730
3361 2730
3362 2730
3363 2730
3364 2730
3365 2730
3366 2731
3367 2731
3368 2731
3369 2731
3370 2731
3371 2731
3372 2732
3373 2732
3374 2732
3375 2733
3376 2733
3377 2734
3378 2734
3379 2735
3380 2735
3381 2735
3382 2735
3383 2736
3384 2736
3385 2737
3386 2737
3387 2738
3388 2738
3389 2738
3390 2738
3391 2738
3392 2738
3393 2738
3394 2738
3395 2738
3396 2738
3397 2738
3398 2738
3399 2738
3400 2737
3401 2737
3402 2737
3403 2737
3404 2737
3405 2737
3406 2737
3407 2737
3408 2736
3409 2736
3410 2736
3411 2736
3412 2735
3413 2735
3414 2734
3415 2733
3415 2732
3416 2731
3417 2730
3417 2729
3418 2728
3419 2727
3420 2726
3421 2725
3421 2724
3422 2723
3423 2722
3423 2721
3424 2720
3424 2719
3425 2718
3425 2717
3425 2716
3426 2715
3426 2714
3426 2713
3427 2712
3427 2711
3427 2710
3427 2709
3427 2708
3427 2707
3427 2706
3427 2705
3427 2704
3427 2703
3427 2702
3427 2701
3427 2700
3427 2699
3427 2698
3427 2697
3427 2696
3427 2695
3427 2694
3427 2693
3427 2692
3427 2691
3427 2690
3427 2689
3427 2688
3427 2687
3427 2686
3427 2685
3427 2684
3427 2683
3427 2682
3427 2681
3427 2680
3427 2679
3427 2678
3427 2677
3427 2676
3427 2675
3427 2674
3427 2673
3427 2672
3427 2671
3427 2670
3427 2669
3427 2668
3427 2667
3427 2666
3427 2665
3427 2664
3427 2663
3427 2662
3427 2661
3427 2660
3427 2659
3427 2658
3427 2657
3427 2656
3428 2655
3428 2654
3428 2653
3428 2652
3428 2651
3428 2650
3428 2649
3428 2648
3428 2647
3428 2646
3428 2645
3428 2644
3429 2643
3429 2642
3429 2641
3429 2640
3430 2639
3430 2638
3430 2637
3431 2636
3431 2635
3432 2634
3432 2633
3432 2632
3432 2631
3432 2630
3433 2629
3433 2628
3433 2627
3433 2626
3434 2625
3434 2624
3434 2623
3435 2622
3435 2621
3435 2620
3436 2619
3436 2618
3436 2617
3436 2616
3437 2615
3437 2614
3437 2613
3437 2612
3438 2611
3438 2610
3438 2609
3438 2608
3439 2607
3439 2606
3439 2605
3440 2604
3440 2603
3441 2602
3441 2601
3442 2600
3442 2599
3443 2598
3443 2597
3443 2596
3444 2595
3444 2594
3444 2593
3444 2592
3444 2591
3444 2590
3444 2589
3444 2588
3444 2587
3444 2586
3445 2585
3445 2584
3445 2583
3445 2582
3445 2581
3445 2580
3446 2579
3446 2578
3446 2577
3447 2576
3447 2575
3448 2574
3448 2573
3449 2572
3450 2571
3450 2570
3450 2569
3451 2568
3451 2567
3452 2566
3452 2565
3452 2564
3453 2563
3453 2562
3453 2561
3454 2560
3454 2559
3454 2558
3454 2557
3455 2556
3455 2555
3455 2554
3456 2553
3456 2552
3456 2551
3456 2550
3456 2549
3456 2548
3456 2547
3455 2546
3455 2545
3455 2544
3455 2543
3455 2542
3455 2541
3455 2540
3455 2539
3455 2538
3455 2537
3454 2536
3454 2535
3454 2534
3454 2533
3453 2532
3453 2531
3452 2530
3452 2529
3451 2528
3451 2527
3451 2526
3450 2525
3450 2524
3449 2523
3449 2522
3448 2521
3448 2520
3448 2519
3447 2518
3447 2517
3447 2516
3447 2515
3446 2514
3446 2513
3446 2512
3446 2511
3446 2510
3445 2509
3445 2508
3445 2507
3444 2506
3444 2505
3443 2504
3443 2503
3442 2502
3442 2501
3442 2500
3441 2499
3441 2498
3441 2497
3441 2496
3440 2495
3440 2494
3440 2493
3440 2492
3440 2491
3440 2490
3440 2489
3440 2488
3440 2487
3440 2486
3440 2485
3440 2484
3440 2483
3440 2482
3440 2481
3440 2480
3440 2479
3440 2478
3440 2477
3440 2476
3440 2475
3440 2474
3440 2473
3440 2472
3440 2471
3440 2470
3440 2469
3440 2468
3441 2467
3441 2466
3441 2465
3441 2464
3441 2463
3442 2462
3442 2461
3442 2460
3443 2459
3443 2458
3444 2457
3444 2456
3445 2455
3445 2454
3446 2453
3446 2452
3447 2451
3447 2450
3448 2449
3448 2448
3449 2447
3449 2446
3450 2445
3450 2444
3451 2443
3451 2442
3451 2441
3452 2440
3452 2439
3452 2438
3452 2437
3452 2436
3452 2435
3452 2434
3452 2433
3452 2432
3452 2431
3452 2430
3452 2429
3452 2428
3453 2427
3453 2426
3453 2425
3453 2424
3453 2423
3453 2422
3454 2421
3454 2420
3454 2419
3455 2418
3455 2417
3455 2416
3456 2415
3456 2414
3456 2413
3456 2412
3456 2411
3456 2410
3456 2409
3456 2408
3456 2407
3456 2406
3456 2405
3456 2404
3456 2403
3456 2402
3456 2401
3456 2400
3456 2399
3456 2398
3456 2397
3456 2396
3456 2395
3456 2394
3456 2393
3456 2392
3456 2391
3456 2390
3456 2389
3456 2388
3456 2387
3456 2386
3456 2385
3456 2384
3456 2383
3456 2382
3456 2381
3456 2380
3456 2379
3456 2378
3456 2377
3456 2376
3456 2375
3456 2374
3456 2373
3456 2372
3456 2371
3456 2370
3456 2369
3456 2368
3456 2367
3456 2366
3456 2365
3456 2364
3456 2363
3456 2362
3456 2361
3456 2360
3456 2359
3456 2358
3456 2357
3456 2356
3456 2355
3456 2354
3456 2353
3456 2352
3456 2351
3456 2350
3456 2349
3456 2348
3456 2347
3456 2346
3456 2345
3456 2344
3456 2343
3456 2342
3456 2341
3456 2340
3456 2339
3456 2338
3456 2337
3456 2336
3456 2335
3456 2334
3456 2333
3456 2332
3456 2331
3456 2330
3456 2329
3456 2328
3456 2327
3456 2326
3456 2325
3456 2324
3456 2323
3456 2322
3456 2321
3456 2320
3456 2319
3456 2318
3456 2317
3456 2316
3456 2315
3456 2314
3456 2313
3456 2312
3456 2311
3456 2310
3456 2309
3457 2308
3457 2307
3457 2306
3457 2305
3457 2304
3457 2303
3457 2302
3458 2301
3458 2300
3458 2299
3459 2298
3460 2297
3460 2296
3461 2295
3461 2294
3461 2293
3462 2292
3462 2291
3462 2290
3462 2289
3463 2288
3463 2287
3463 2286
3464 2285
3464 2284
3464 2283
3464 2282
3464 2281
3464 2280
3464 2279
3464 2278
3464 2277
3464 2276
3464 2275
3464 2274
3464 2273
3464 2272
3465 2271
3465 2270
3465 2269
3465 2268
3465 2267
3465 2266
3465 2265
3465 2264
3465 2263
3465 2262
3465 2261
3465 2260
3465 2259
3466 2258
3466 2257
3466 2256
3466 2255
3466 2254
3467 2253
3467 2252
3467 2251
3467 2250
3467 2249
3468 2248
3468 2247
3468 2246
3468 2245
3468 2244
3468 2243
3468 2242
3468 2241
3468 2240
3468 2239
3468 2238
3468 2237
3468 2236
3468 2235
3468 2234
3468 2233
3468 2232
3468 2231
3468 2230
3468 2229
3468 2228
3468 2227
3468 2226
3468 2225
3468 2224
3468 2223
3468 2222
3468 2221
3468 2220
3468 2219
3468 2218
3468 2217
3468 2216
3468 2215
3468 2214
3468 2213
3468 2212
3468 2211
3468 2210
3468 2209
3468 2208
3468 2207
3468 2206
3468 2205
3468 2204
3468 2203
3468 2202
3468 2201
3468 2200
3468 2199
3468 2198
3468 2197
3468 2196
3468 2195
3468 2194
3468 2193
3468 2192
3468 2191
3468 2190
3468 2189
3468 2188
3467 2187
3467 2186
3467 2185
3467 2184
3467 2183
3467 2182
3467 2181
3466 2180
3466 2179
3466 2178
3465 2177
3465 2176
3464 2175
3464 2174
3464 2173
3464 2172
3464 2171
3464 2170
3464 2169
3464 2168
3463 2167
3463 2166
3463 2165
3463 2164
3463 2163
3463 2162
3463 2161
3463 2160
3462 2159
3462 2158
3462 2157
3461 2156
3461 2155
3461 2154
3460 2153
3460 2152
3459 2151
3459 2150
3458 2149
3458 2148
3458 2147
3458 2146
3457 2145
3457 2144
3456 2143
3455 2142
3455 2141
3455 2140
3454 2139
3454 2138
3454 2137
3453 2136
3452 2135
3452 2134
3451 2133
3450 2132
3449 2131
3448 2130
3448 2129
3447 2128
3446 2127
3445 2126
3445 2125
3444 2124
3443 2123
3442 2122
3441 2121
3441 2120
3441 2119
3440 2118
3440 2117
3439 2116
3438 2116
3437 2115
3436 2114
3435 2113
3434 2113
3433 2112
3432 2111
3431 2110
3430 2109
3429 2108
3429 2107
3428 2106
3427 2106
3426 2105
3425 2105
3424 2104
3423 2103
3422 2102
3421 2101
3420 2101
3419 2100
3418 2099
3418 2098
3417 2097
3417 2096
3417 2095
3416 2094
3415 2093
3414 2092
3413 2091
3412 2090
3411 2089
3410 2089
3409 2089
3408 2088
3407 2087
3406 2086
3405 2086
3404 2085
3403 2084
3402 2083
3401 2082
3400 2081
3400 2080
3399 2079
3398 2078
3397 2077
3396 2076
3395 2075
3394 2075
3393 2074
3392 2073
3391 2072
3390 2072
3389 2071
3388 2070
3387 2070
3386 2069
3385 2068
3384 2067
3383 2066
3382 2065
3381 2064
3381 2063
3380 2062
3379 2061
3378 2060
3377 2059
3376 2058
3375 2058
3374 2057
3373 2056
3372 2055
3371 2054
3370 2053
3369 2052
3368 2052
3367 2051
3366 2050
3365 2050
3364 2049
3363 2048
3362 2047
3361 2046
3360 2046
3359 2045
3358 2044
3357 2044
3356 2043
3355 2043
3354 2042
3353 2042
3352 2041
3351 2040
3350 2039
3349 2038
3348 2038
3347 2037
3346 2036
3345 2035
3344 2034
3343 2033
3342 2033
3341 2032
3340 2031
3339 2031
3338 2030
3337 2030
3336 2029
3335 2029
3334 2028
3333 2027
3332 2027
3331 2026
3330 2025
3329 2025
3328 2024
3327 2024
3326 2024
3325 2024
3324 2024
3323 2023
3322 2023
3321 2023
3320 2023
3319 2022
3318 2022
3317 2021
3316 2021
3315 2021
3314 2021
3313 2021
3312 2021
3311 2021
3310 2021
3309 2021
3308 2021
3307 2021
3306 2021
3305 2021
3304 2021
3303 2021
3302 2021
3301 2021
3300 2021
3299 2021
3298 2020
3297 2020
3296 2020
3295 2020
3294 2019
3293 2019
3292 2019
3291 2019
3290 2018
3289 2018
3288 2018
3287 2018
3286 2017
3285 2017
3284 2017
