2564 1916
2563 1917
2562 1917
2561 1918
2560 1918
2559 1918
2558 1919
2557 1919
2556 1919
2555 1920
2554 1920
2553 1920
2552 1920
2551 1920
2550 1920
2549 1920
2548 1920
2547 1920
2546 1920
2545 1921
2544 1921
2543 1921
2542 1921
2541 1921
2540 1922
2539 1922
2538 1923
2537 1923
2536 1923
2535 1924
2534 1924
2533 1924
2532 1924
2531 1924
2530 1925
2529 1925
2528 1925
2527 1925
2526 1925
2525 1925
2524 1925
2523 1926
2522 1926
2521 1926
2520 1927
2519 1927
2518 1927
2517 1928
2516 1928
2515 1929
2514 1929
2513 1930
2512 1930
2511 1931
2510 1931
2509 1931
2508 1932
2507 1932
2506 1933
2505 1933
2504 1933
2503 1933
2502 1934
2501 1934
2500 1934
2499 1934
2498 1934
2497 1935
2496 1935
2495 1935
2494 1935
2493 1935
2492 1935
2491 1935
2490 1936
2489 1936
2488 1936
2487 1937
2486 1937
2485 1938
2484 1938
2483 1938
2482 1938
2481 1939
2480 1939
2479 1939
2478 1939
2477 1939
2476 1940
2475 1940
2474 1940
2473 1940
2472 1940
2471 1940
2470 1940
2469 1940
2468 1940
2467 1941
2466 1941
2465 1942
2464 1942
2463 1943
2462 1943
2461 1944
2460 1944
2459 1944
2458 1944
2457 1945
2456 1945
2455 1945
2454 1945
2453 1945
2452 1945
2451 1945
2450 1945
2449 1945
2448 1946
2447 1946
2446 1946
2445 1946
2444 1946
2443 1947
2442 1947
2441 1948
2440 1948
2439 1949
2438 1949
2437 1949
2436 1950
2435 1950
2434 1951
2433 1952
2432 1953
2431 1953
2430 1954
2429 1954
2428 1954
2427 1954
2426 1955
2425 1955
2424 1955
2423 1955
2422 1955
2421 1955
2420 1956
2419 1956
2418 1956
2417 1956
2416 1955
2415 1955
2414 1954
2413 1954
2412 1953
2411 1953
2410 1953
2409 1952
2408 1952
2407 1952
2406 1952
2405 1952
2404 1952
2403 1951
2402 1952
2402 1953
2401 1954
2401 1955
2400 1956
2399 1957
2398 1958
2397 1959
2396 1960
2395 1960
2394 1960
2393 1960
2392 1960
2391 1960
2390 1960
2389 1960
2388 1960
2387 1960
2386 1960
2385 1960
2384 1961
2383 1961
2382 1961
2381 1961
2380 1961
2379 1961
2378 1961
2377 1961
2376 1961
2375 1961
2374 1961
2373 1961
2372 1961
2371 1961
2370 1961
2369 1961
2368 1961
2367 1962
2366 1962
2365 1963
2364 1963
2363 1964
2362 1964
2361 1964
2360 1965
2359 1966
2358 1967
2357 1967
2357 1968
2356 1969
2355 1970
2354 1971
2353 1971
2352 1972
2351 1973
2350 1973
2349 1973
2348 1974
2347 1974
2346 1974
2345 1974
2344 1975
2343 1975
2342 1975
2341 1976
2340 1976
2339 1977
2338 1977
2337 1978
2336 1978
2335 1978
2334 1979
2333 1979
2332 1980
2331 1980
2330 1981
2329 1982
2328 1982
2327 1983
2326 1983
2325 1983
2324 1984
2323 1984
2322 1984
2321 1984
2320 1984
2319 1985
2318 1985
2317 1985
2316 1985
2315 1985
2314 1985
2313 1985
2312 1985
2311 1985
2310 1986
2309 1986
2308 1986
2307 1986
2306 1987
2305 1987
2304 1987
2303 1988
2302 1988
2301 1989
2300 1989
2299 1989
2298 1989
2297 1989
2296 1989
2295 1990
2294 1990
2293 1990
2292 1990
2291 1990
2290 1990
2289 1991
2288 1991
2287 1991
2286 1992
2285 1992
2284 1993
2283 1993
2282 1993
2281 1994
2280 1994
2279 1994
2278 1994
2277 1995
2276 1995
2275 1995
2274 1995
2273 1995
2272 1996
2271 1996
2270 1997
2269 1998
2268 1998
2267 1998
2266 1999
2265 1999
2264 1999
2263 2000
2262 2000
2261 2001
2260 2002
2259 2002
2258 2003
2257 2003
2256 2003
2255 2004
2254 2004
2253 2004
2252 2004
2251 2004
2250 2005
2249 2005
2248 2005
2247 2005
2246 2005
2245 2005
2244 2005
2243 2005
2242 2005
2241 2005
2240 2005
2239 2006
2238 2006
2237 2007
2236 2008
2235 2009
2234 2010
2233 2011
2232 2011
2231 2012
2230 2013
2229 2013
2228 2013
2227 2014
2226 2014
2225 2014
2224 2014
2223 2014
2222 2014
2221 2015
2220 2016
2219 2016
2218 2017
2217 2017
2216 2018
2215 2019
2214 2020
2213 2020
2212 2021
2211 2022
2211 2023
2210 2024
2209 2025
2209 2026
2208 2027
2207 2028
2206 2029
2205 2030
2204 2031
2203 2032
2202 2032
2201 2033
2200 2034
2200 2035
2199 2036
2198 2037
2197 2038
2196 2038
2195 2039
2194 2039
2193 2039
2192 2039
2191 2039
2190 2039
2189 2040
2188 2040
2187 2040
2186 2040
2185 2040
2184 2040
2183 2040
2182 2040
2181 2040
2180 2040
2179 2040
2178 2040
2177 2040
2176 2040
2175 2040
2174 2040
2173 2040
2172 2040
2171 2040
2170 2040
2169 2040
2168 2040
2167 2040
2166 2040
2165 2040
2164 2040
2163 2040
2162 2040
2161 2040
2160 2040
2159 2040
2158 2040
2157 2040
2156 2040
2155 2040
2154 2040
2153 2040
2152 2040
2151 2040
2150 2040
2149 2040
2148 2040
2147 2040
2146 2040
2145 2040
2144 2041
2143 2042
2142 2042
2141 2043
2140 2044
2139 2045
2138 2046
2137 2047
2136 2047
2135 2048
2134 2048
2133 2049
2132 2049
2131 2049
2130 2049
2129 2049
2128 2050
2127 2050
2126 2050
2125 2050
2124 2050
2123 2050
2122 2050
2121 2050
2120 2050
2119 2050
2118 2050
2117 2050
2116 2050
2115 2050
2114 2050
2113 2050
2112 2050
2111 2050
2110 2050
2109 2050
2108 2050
2107 2050
2106 2050
2105 2050
2104 2050
2103 2050
2102 2050
2101 2050
2100 2050
2099 2050
2098 2049
2097 2049
2096 2048
2095 2048
2094 2047
2093 2047
2092 2047
2091 2047
2090 2046
2089 2046
2088 2045
2087 2044
2086 2043
2085 2043
2084 2042
2083 2042
2082 2042
2081 2042
2080 2041
2079 2041
2078 2041
2077 2041
2076 2041
2075 2041
2074 2041
2073 2041
2072 2041
2071 2041
2070 2041
2069 2040
2068 2040
2067 2040
2066 2041
2065 2042
2064 2042
2063 2043
2062 2043
2061 2043
2060 2043
2059 2044
2058 2044
2057 2044
2056 2044
2055 2044
2054 2044
2053 2044
2052 2045
2051 2045
2050 2045
2049 2045
2048 2045
2047 2045
2046 2045
2045 2045
2044 2045
2043 2045
2042 2045
2041 2045
2040 2045
2039 2045
2038 2045
2037 2045
2036 2045
2035 2045
2034 2045
2033 2045
2032 2045
2031 2045
2030 2045
2029 2045
2028 2045
2027 2045
2026 2045
2025 2045
2024 2045
2023 2045
2022 2045
2021 2045
2020 2045
2019 2045
2018 2045
2017 2045
2016 2045
2015 2045
2014 2045
2013 2045
2012 2045
2011 2045
2010 2046
2009 2046
2008 2047
2007 2048
2006 2048
2005 2049
2004 2050
2003 2051
2002 2052
2001 2053
2000 2053
1999 2053
1998 2054
1997 2054
1996 2054
1995 2054
1994 2054
1993 2054
1992 2054
1991 2054
1990 2053
1989 2053
1988 2052
1987 2052
1986 2052
1985 2051
1984 2051
1983 2050
1982 2049
1981 2048
1980 2047
1979 2046
1978 2047
1977 2047
1976 2048
1975 2049
1974 2050
1973 2051
1972 2052
1971 2052
1970 2053
1969 2054
1968 2055
1967 2056
1966 2057
1965 2057
1964 2058
1963 2058
1962 2058
1961 2059
1960 2059
1959 2060
1958 2061
1957 2062
1956 2062
1955 2063
1954 2064
1953 2065
1952 2066
1951 2066
1950 2067
1949 2067
1948 2067
1947 2068
1946 2068
1945 2069
1944 2070
1943 2070
1942 2071
1941 2072
1940 2073
1939 2073
1938 2074
1937 2074
1936 2075
1935 2076
1934 2077
1933 2078
1932 2079
1931 2080
1930 2081
1929 2082
1928 2083
1927 2084
1926 2084
1925 2085
1924 2086
1923 2086
1922 2087
1921 2088
1920 2089
1919 2090
1918 2091
1917 2091
1916 2092
1915 2093
1914 2093
1913 2093
1912 2093
1911 2094
1910 2094
1909 2094
1908 2095
1907 2095
1906 2096
1905 2096
1904 2097
1903 2097
1902 2097
1901 2098
1900 2098
1899 2098
1898 2099
1897 2099
1896 2100
1895 2100
1894 2101
1893 2101
1892 2102
1891 2102
1890 2102
1889 2103
1888 2103
1887 2103
1886 2104
1885 2104
1884 2105
1883 2105
1882 2106
1881 2107
1880 2107
1879 2108
1878 2109
1877 2110
1876 2111
1875 2112
1874 2113
1873 2114
1872 2115
1871 2115
1870 2116
1869 2116
1868 2117
1867 2117
1866 2118
1865 2118
1864 2119
1863 2120
1862 2120
1861 2121
1860 2121
1859 2122
1858 2122
1857 2122
1856 2123
1855 2123
1854 2124
1853 2124
1852 2125
1851 2125
1850 2126
1849 2127
1848 2127
1847 2127
1846 2128
1845 2128
1844 2129
1843 2129
1842 2130
1841 2130
1840 2131
1839 2131
1838 2132
1837 2133
1836 2133
1835 2134
1834 2135
1833 2136
1832 2136
1831 2137
1830 2137
1829 2138
1828 2139
1827 2139
1826 2140
1825 2141
1824 2141
1823 2142
1822 2143
1821 2143
1820 2143
1819 2143
1818 2144
1817 2144
1816 2145
1815 2145
1814 2146
1813 2147
1812 2147
1811 2148
1810 2148
1809 2149
1808 2150
1807 2151
1806 2151
1805 2152
1804 2152
1803 2152
1802 2153
1801 2153
1800 2153
1799 2153
1798 2153
1797 2154
1796 2154
1795 2154
1794 2154
1793 2154
1792 2154
1791 2154
1790 2154
1789 2154
1788 2154
1787 2154
1786 2154
1785 2154
1784 2154
1783 2154
1782 2154
1781 2154
1780 2154
1779 2154
1778 2154
1777 2154
1776 2154
1775 2154
1774 2154
1773 2155
1772 2155
1771 2155
1770 2155
1769 2156
1768 2157
1767 2158
1766 2159
1765 2160
1764 2161
1763 2161
1762 2162
1761 2162
1761 2163
1760 2164
1759 2165
1758 2166
1758 2167
1757 2168
1757 2169
1756 2170
1755 2171
1754 2172
1754 2173
1753 2174
1752 2175
1751 2176
1751 2177
1750 2178
1750 2179
1749 2180
1748 2180
1747 2181
1746 2182
1745 2183
1745 2184
1744 2185
1743 2185
1742 2186
1742 2187
1741 2188
1740 2188
1740 2189
1739 2190
1738 2191
1737 2191
1736 2192
1735 2193
1734 2193
1734 2194
1733 2195
1732 2196
1731 2197
1730 2197
1729 2198
1728 2198
1727 2199
1726 2199
1725 2199
1724 2199
1723 2199
1722 2199
1721 2200
1721 2201
1721 2202
1721 2203
1720 2204
1719 2204
1719 2205
1719 2206
1719 2207
1719 2208
1720 2209
1721 2209
1722 2210
1722 2211
1722 2212
1722 2213
1722 2214
1721 2215
1720 2215
1719 2215
1718 2215
1717 2215
1716 2215
1717 2216
1718 2217
1718 2218
1718 2219
1718 2220
1717 2221
1716 2221
1715 2221
1714 2221
1713 2220
1712 2219
1712 2218
1712 2217
1711 2217
1710 2217
1710 2218
1710 2219
1710 2220
1709 2221
1709 2222
1710 2223
1710 2224
1710 2225
1710 2226
1710 2227
1710 2228
1710 2229
1710 2230
1710 2231
1710 2232
1709 2233
1708 2233
1707 2233
1706 2234
1705 2234
1705 2235
1705 2236
1705 2237
1704 2238
1703 2238
1702 2238
1701 2237
1700 2238
1700 2239
1700 2240
1699 2241
1698 2242
1698 2243
1698 2244
1699 2245
1699 2246
1699 2247
1699 2248
1698 2249
1697 2249
1696 2249
1695 2248
1694 2247
1693 2248
1692 2248
1692 2249
1692 2250
1692 2251
1692 2252
1691 2253
1690 2253
1689 2253
1689 2254
1689 2255
1688 2256
1688 2257
1687 2258
1686 2258
1685 2258
1684 2257
1684 2256
1684 2255
1684 2256
1684 2257
1683 2258
1683 2259
1682 2260
1681 2260
1680 2260
1680 2261
1679 2262
1679 2263
1678 2264
1677 2264
1676 2264
1675 2264
1674 2264
1673 2264
1672 2264
1673 2264
1674 2265
1675 2266
1675 2267
1675 2268
1675 2269
1674 2270
1673 2271
1672 2271
1671 2272
1670 2272
1669 2272
1669 2273
1668 2274
1668 2275
1667 2276
1666 2276
1665 2276
1664 2275
1663 2274
1662 2275
1661 2275
1660 2275
1659 2276
1659 2277
1660 2278
1660 2279
1660 2280
1660 2281
1660 2282
1660 2283
1660 2284
1660 2285
1659 2286
1658 2286
1657 2286
1656 2285
1655 2286
1655 2287
1654 2288
1654 2289
1653 2290
1653 2291
1652 2292
1651 2292
1650 2292
1649 2292
1648 2293
1647 2293
1646 2293
1645 2292
1645 2291
1644 2290
1644 2289
1644 2288
1644 2287
1643 2287
1642 2287
1641 2287
1641 2288
1641 2289
1641 2290
1641 2291
1640 2292
1639 2292
1638 2293
1638 2294
1638 2295
1638 2296
1638 2297
1638 2298
1638 2299
1638 2300
1637 2301
1636 2301
1636 2302
1635 2303
1635 2304
1634 2305
1633 2305
1632 2305
1631 2305
1630 2304
1630 2303
1630 2302
1629 2302
1628 2301
1628 2302
1627 2303
1627 2304
1627 2305
1627 2306
1627 2307
1627 2308
1627 2309
1627 2310
1626 2311
1625 2311
1624 2311
1623 2311
1622 2312
1622 2313
1622 2314
1622 2315
1621 2316
1621 2317
1622 2318
1622 2319
1622 2320
1621 2321
1620 2321
1619 2321
1618 2320
1618 2319
1617 2319
1616 2318
1615 2318
1614 2318
1613 2317
1613 2318
1613 2319
1613 2320
1613 2321
1613 2322
1613 2323
1613 2324
1613 2325
1612 2326
1611 2326
1610 2326
1609 2325
1609 2324
1609 2323
1608 2323
1608 2324
1607 2325
1606 2326
1605 2326
1604 2326
1603 2326
1602 2326
1602 2327
1601 2328
1600 2329
1599 2329
1598 2329
1597 2328
1597 2327
1596 2327
1596 2328
1597 2329
1597 2330
1597 2331
1596 2332
1596 2333
1596 2334
1596 2335
1596 2336
1596 2337
1595 2338
1594 2338
1593 2338
1592 2337
1591 2336
1591 2335
1591 2334
1590 2333
1590 2332
1589 2332
1588 2332
1587 2331
1587 2330
1587 2331
1587 2332
1587 2333
1587 2334
1587 2335
1587 2336
1587 2337
1586 2338
1585 2339
1585 2340
1585 2341
1584 2342
1583 2342
1582 2342
1582 2343
1581 2344
1580 2344
1579 2344
1578 2343
1578 2342
1578 2341
1578 2340
1578 2341
1578 2342
1577 2343
1576 2343
1575 2343
1574 2342
1573 2341
1573 2340
1573 2339
1573 2338
1572 2339
1571 2339
1572 2340
1572 2341
1572 2342
1572 2343
1572 2344
1573 2345
1573 2346
1573 2347
1573 2348
1573 2349
1572 2350
1572 2351
1572 2352
1572 2353
1571 2354
1570 2354
1569 2354
1568 2353
1567 2352
1567 2351
1567 2352
1566 2353
1565 2353
1564 2353
1563 2354
1562 2354
1561 2355
1560 2355
1560 2356
1560 2357
1560 2358
1560 2359
1560 2360
1560 2361
1559 2362
1558 2362
1557 2362
1556 2361
1556 2360
1555 2359
1554 2359
1553 2360
1553 2361
1553 2362
1552 2363
1551 2363
1550 2363
1549 2364
1548 2364
1547 2364
1546 2363
1546 2362
1546 2363
1546 2364
1546 2365
1545 2366
1544 2366
1543 2366
1542 2366
1542 2367
1543 2368
1543 2369
1543 2370
1543 2371
1542 2372
1541 2372
1540 2373
1539 2373
1538 2373
1537 2372
1537 2371
1537 2370
1537 2369
1538 2368
1538 2367
1537 2366
1536 2365
1536 2364
1535 2364
1534 2365
1534 2366
1534 2367
1534 2368
1534 2369
1534 2370
1534 2371
1533 2372
1533 2373
1533 2374
1533 2375
1533 2376
1532 2377
1531 2377
1530 2377
1529 2377
1528 2376
1528 2375
1528 2374
1527 2374
1527 2375
1527 2376
1527 2377
1526 2378
1525 2378
1526 2379
1526 2380
1526 2381
1525 2382
1524 2383
1523 2383
1522 2383
1521 2383
1521 2384
1521 2385
1521 2386
1521 2387
1521 2388
1521 2389
1520 2390
1519 2390
1518 2390
1517 2389
1516 2388
1516 2387
1515 2387
1514 2387
1513 2387
1512 2386
1511 2385
1510 2385
1510 2386
1510 2387
1510 2388
1509 2389
1508 2389
1507 2389
1506 2389
1505 2388
1505 2387
1504 2387
1503 2387
1502 2387
1501 2387
1500 2387
1499 2386
1499 2385
1499 2384
1499 2385
1499 2386
1499 2387
1499 2388
1499 2389
1498 2390
1497 2390
1497 2391
1498 2392
1498 2393
1498 2394
1497 2395
1496 2396
1495 2396
1494 2396
1494 2397
1494 2398
1493 2399
1492 2399
1492 2400
1491 2401
1490 2402
1490 2403
1489 2404
1488 2404
1488 2405
1489 2405
1490 2406
1490 2407
1490 2408
1489 2409
1488 2410
1487 2411
1486 2412
1485 2412
1484 2412
1483 2413
1482 2413
1482 2414
1481 2415
1480 2415
1479 2415
1479 2416
1479 2417
1478 2418
1477 2418
1476 2418
1475 2418
1475 2419
1474 2420
1474 2421
1474 2422
1474 2423
1473 2424
1472 2425
1471 2425
1470 2425
1470 2426
1469 2427
1468 2427
1467 2427
1466 2427
1465 2427
1464 2426
1464 2425
1463 2426
1462 2426
1461 2427
1460 2427
1459 2427
1458 2426
1457 2427
1457 2428
1457 2429
1457 2430
1457 2431
1457 2432
1456 2433
1455 2433
1454 2433
1453 2432
1452 2431
1451 2432
1450 2432
1449 2433
1448 2433
1447 2433
1446 2432
1446 2431
1446 2430
1446 2431
1445 2432
1445 2433
1445 2434
1445 2435
1445 2436
1444 2437
1443 2437
1442 2437
1441 2436
1441 2435
1440 2435
1439 2435
1438 2434
1438 2435
1438 2436
1438 2437
1437 2438
1436 2438
1435 2438
1434 2437
1434 2436
1433 2436
1433 2437
1433 2438
1432 2439
1431 2440
1430 2441
1429 2441
1429 2442
1429 2443
1429 2444
1429 2445
1428 2446
1427 2446
1426 2447
1425 2447
1424 2447
1423 2448
1422 2448
1421 2448
1420 2448
1419 2447
1418 2448
1417 2449
1416 2449
1415 2450
1415 2451
1415 2452
1414 2453
1413 2453
1412 2453
1413 2454
1413 2455
1413 2456
1412 2457
1411 2457
1410 2457
1409 2457
1408 2456
1407 2457
1406 2458
1406 2459
1406 2460
1405 2461
1404 2461
1403 2461
1402 2462
1401 2463
1400 2463
1399 2463
1399 2464
1398 2465
1397 2466
1396 2466
1395 2466
1394 2465
1394 2466
1393 2467
1392 2467
1391 2467
1390 2467
1389 2467
1389 2468
1389 2469
1389 2470
1389 2471
1388 2472
1387 2472
1386 2472
1385 2473
1384 2473
1383 2473
1382 2473
1381 2472
1381 2471
1381 2470
1381 2471
1381 2472
1381 2473
1381 2474
1380 2475
1379 2476
1378 2476
1377 2476
1377 2477
1377 2478
1377 2479
1376 2480
1375 2480
1374 2480
1373 2479
1372 2479
1371 2480
1370 2480
1369 2480
1368 2480
1367 2479
1366 2480
1366 2481
1365 2482
1364 2482
1363 2482
1362 2482
1362 2483
1361 2484
1361 2485
1360 2486
1359 2486
1358 2486
1357 2486
1357 2487
1356 2488
1355 2488
1354 2488
1353 2488
1352 2488
1351 2489
1350 2489
1349 2490
1348 2490
1347 2490
1346 2491
1345 2491
1345 2492
1344 2493
1343 2493
1342 2493
1341 2494
1340 2494
1339 2495
1338 2495
1337 2496
1336 2496
1335 2496
1334 2497
1333 2498
1332 2498
1331 2498
1330 2497
1330 2498
1329 2499
1328 2499
1327 2499
1326 2499
1325 2499
1324 2500
1324 2501
1324 2502
1323 2503
1322 2503
1321 2503
1320 2502
1319 2502
1318 2502
1317 2502
1316 2502
1315 2503
1314 2504
1313 2504
1312 2504
1311 2505
1310 2505
1309 2505
1308 2505
1307 2505
1306 2505
1306 2506
1305 2507
1304 2507
1304 2508
1303 2509
1303 2510
1302 2511
1301 2511
1300 2511
1299 2511
1299 2512
1298 2513
1297 2513
1296 2513
1295 2512
1294 2511
1294 2512
1294 2513
1293 2514
1292 2514
1292 2515
1291 2516
1290 2516
1289 2516
1288 2516
1287 2515
1286 2515
1285 2516
1284 2517
1283 2518
1282 2518
1281 2518
1280 2519
1280 2520
1280 2521
1280 2522
1279 2523
1278 2523
1277 2523
1276 2522
1276 2521
1276 2520
1275 2519
1274 2520
1273 2520
1273 2521
1272 2522
1272 2523
1271 2524
1270 2524
1269 2524
1268 2523
1267 2523
1266 2524
1265 2525
1264 2525
1263 2525
1262 2525
1261 2525
1260 2525
1260 2526
1259 2527
1258 2527
1257 2527
1256 2527
1255 2528
1255 2529
1255 2530
1254 2531
1253 2531
1252 2531
1251 2530
1250 2530
1250 2531
1250 2532
1249 2533
1248 2533
1247 2533
1246 2533
1246 2534
1246 2535
1245 2536
1244 2536
1243 2536
1242 2536
1241 2536
1240 2537
1239 2538
1238 2538
1237 2538
1236 2539
1235 2540
1234 2541
1233 2542
1232 2543
1232 2544
1231 2545
1230 2546
1229 2547
1228 2547
1227 2547
1226 2548
1225 2549
1224 2548
1223 2549
1222 2549
1222 2550
1221 2551
1220 2551
1219 2551
1218 2552
1217 2552
1217 2553
1216 2554
1215 2554
1214 2554
1213 2554
1212 2555
1211 2555
1210 2555
1210 2556
1209 2557
1208 2557
1207 2557
1206 2558
1206 2559
1205 2560
1204 2559
1203 2560
1202 2561
1201 2562
1200 2562
1199 2563
1198 2564
1197 2565
1196 2566
1195 2566
1194 2567
1193 2567
1192 2568
1191 2568
1190 2569
1189 2569
1188 2570
1187 2570
1186 2571
1185 2571
1184 2572
1183 2572
1182 2573
1181 2574
1180 2574
1179 2575
1178 2576
1177 2576
1176 2577
1175 2578
1174 2579
1173 2580
1172 2581
1171 2582
1170 2583
1170 2584
1169 2585
1168 2586
1167 2587
1166 2587
1165 2588
1164 2589
1164 2590
1163 2591
1162 2591
1161 2591
1161 2592
1162 2592
1163 2593
1163 2594
1163 2595
1163 2594
1164 2593
1165 2593
1166 2593
1167 2593
1168 2594
1169 2594
1170 2595
1170 2596
1171 2596
1172 2597
1173 2597
1174 2597
1175 2597
1176 2597
1177 2596
1178 2596
1179 2596
1180 2597
1180 2598
1181 2597
1182 2597
1183 2597
1184 2597
1185 2598
1186 2599
1187 2599
1188 2599
1189 2598
1190 2598
1191 2598
1192 2598
1193 2599
1193 2600
1193 2601
1193 2600
1194 2599
1195 2598
1196 2598
1197 2598
1198 2597
1199 2597
1200 2597
1201 2597
1202 2597
1203 2598
1203 2599
1204 2599
1205 2599
1206 2599
1207 2600
1207 2601
1208 2601
1208 2600
1209 2599
1210 2599
1211 2599
1212 2600
1212 2601
1213 2600
1214 2600
1215 2600
1216 2601
1216 2602
1216 2603
1217 2602
1218 2602
1218 2601
1219 2600
1220 2600
1221 2599
1222 2599
1223 2599
1224 2599
1224 2598
1224 2597
1225 2596
1226 2596
1227 2596
1228 2597
1229 2598
1229 2599
1229 2600
1229 2601
1229 2600
1229 2599
1229 2598
1230 2597
1231 2597
1232 2597
1233 2597
1234 2598
1234 2597
1234 2596
1235 2595
1236 2595
1237 2595
1238 2595
1239 2595
1240 2595
1241 2595
1242 2596
1242 2595
1242 2594
1242 2593
1243 2592
1244 2592
1245 2592
1246 2593
1247 2592
1248 2591
1249 2591
1250 2591
1251 2592
1251 2591
1252 2590
1252 2589
1253 2588
1254 2588
1255 2589
1256 2590
1257 2590
1258 2589
1259 2589
1260 2589
1261 2589
1262 2589
1263 2589
1264 2589
1265 2589
1266 2590
1267 2590
1268 2590
1269 2590
1269 2589
1270 2588
1271 2588
1272 2588
1273 2589
1274 2589
1275 2589
1276 2590
1277 2590
1277 2589
1278 2588
1279 2588
1280 2588
1281 2588
1282 2588
1283 2587
1284 2587
1285 2587
1286 2587
1287 2587
1288 2587
1289 2587
1290 2586
1291 2585
1292 2585
1293 2585
1294 2586
1295 2585
1296 2585
1297 2585
1297 2584
1297 2583
1297 2582
1298 2581
1299 2581
1300 2581
1301 2582
1301 2583
1301 2584
1302 2583
1303 2583
1304 2582
1305 2582
1306 2582
1307 2582
1308 2581
1309 2581
1310 2581
1311 2581
1312 2581
1313 2580
1314 2579
1315 2579
1316 2578
1317 2578
1318 2578
1319 2577
1320 2576
1321 2576
1322 2576
1323 2577
1323 2578
1323 2579
1323 2580
1323 2579
1324 2578
1325 2578
1326 2577
1327 2576
1328 2576
1329 2575
1330 2575
1331 2574
1332 2574
1333 2574
1334 2575
1335 2575
1336 2575
1337 2574
1338 2574
1339 2574
1340 2573
1341 2573
1342 2573
1343 2573
1344 2574
1345 2574
1346 2574
1347 2574
1348 2575
1348 2576
1348 2575
1348 2574
1348 2573
1349 2572
1350 2572
1351 2572
1352 2572
1353 2572
1354 2572
1355 2572
1356 2572
1357 2573
1358 2573
1359 2574
1359 2573
1359 2572
1359 2571
1360 2570
1361 2570
1362 2570
1363 2571
1364 2570
1365 2570
1366 2570
1367 2571
1368 2571
1369 2570
1370 2570
1371 2570
1372 2570
1373 2570
1374 2570
1375 2569
1376 2569
1377 2569
1378 2568
1379 2568
1380 2568
1381 2569
1382 2569
1383 2569
1384 2569
1385 2568
1386 2567
1387 2566
1388 2566
1389 2566
1390 2566
1391 2567
1392 2567
1392 2566
1393 2565
1394 2565
1395 2565
1396 2565
1397 2565
1398 2565
1399 2565
1400 2565
1401 2565
1402 2565
1402 2564
1403 2563
1404 2563
1405 2563
1406 2564
1406 2563
1407 2562
1408 2562
1409 2562
1410 2563
1410 2564
1411 2563
1412 2562
1413 2561
1414 2561
1415 2562
1415 2561
1416 2560
1417 2559
1418 2559
1419 2559
1420 2560
1420 2561
1421 2561
1421 2560
1421 2559
1421 2558
1422 2557
1423 2557
1424 2557
1425 2557
1426 2557
1427 2558
1427 2557
1428 2556
1429 2556
1430 2556
1431 2556
1431 2555
1432 2554
1433 2554
1434 2554
1435 2554
1435 2553
1435 2552
1436 2551
1437 2551
1438 2551
1439 2552
1440 2552
1440 2551
1440 2550
1441 2549
1442 2549
1443 2549
1444 2550
1444 2551
1444 2550
1445 2549
1446 2549
1447 2549
1448 2548
1449 2548
1450 2548
1451 2548
1452 2549
1453 2549
1454 2549
1455 2548
1456 2548
1457 2548
1458 2548
1459 2547
1460 2547
1461 2547
1462 2548
1462 2547
1463 2546
1464 2545
1465 2545
1466 2545
1467 2546
1468 2546
1469 2546
1469 2545
1469 2544
1470 2543
1471 2542
1472 2542
1473 2542
1474 2543
1474 2544
1474 2545
1474 2546
1474 2545
1474 2544
1474 2543
1475 2542
1476 2542
1477 2542
1478 2543
1479 2542
1479 2541
1480 2540
1481 2540
1482 2540
1483 2541
1484 2542
1484 2541
1484 2540
1484 2539
1485 2538
1486 2538
1487 2538
1488 2539
1488 2540
1489 2539
1490 2539
1491 2539
1492 2539
1493 2539
1494 2539
1495 2538
1496 2537
1497 2537
1498 2537
1499 2538
1499 2539
1499 2540
1499 2539
1499 2538
1500 2537
1501 2537
1502 2537
1503 2537
1504 2537
1505 2537
1506 2536
1506 2535
1506 2534
1507 2533
1508 2533
1509 2533
1510 2534
1511 2534
1512 2534
1513 2534
1514 2534
1515 2534
1516 2534
1517 2535
1518 2534
1519 2534
1520 2534
1521 2534
1522 2534
1523 2534
1524 2534
1524 2533
1525 2532
1526 2532
1527 2532
1528 2533
1529 2533
1530 2533
1531 2533
1532 2533
1533 2533
1534 2534
1534 2535
1535 2535
1535 2534
1535 2533
1535 2532
1535 2531
1535 2530
1535 2529
1535 2528
1536 2527
1537 2527
1538 2527
1539 2528
1539 2529
1539 2530
1539 2531
1540 2531
1541 2531
1542 2531
1543 2530
1544 2530
1544 2529
1545 2528
1546 2527
1547 2527
1548 2527
1549 2527
1550 2528
1550 2529
1551 2529
1552 2529
1552 2528
1553 2527
1554 2527
1555 2527
1556 2527
1557 2527
1558 2527
1559 2527
1560 2527
1561 2527
1561 2526
1562 2525
1563 2524
1564 2523
1565 2523
1566 2523
1567 2524
1568 2523
1569 2522
1570 2522
1571 2522
1572 2523
1573 2523
1574 2523
1574 2522
1574 2521
1574 2520
1575 2519
1576 2519
1577 2518
1578 2518
1579 2518
1580 2518
1581 2518
1582 2518
1583 2518
1584 2518
1585 2519
1586 2518
1587 2518
1588 2517
1589 2516
1590 2516
1591 2516
1592 2517
1592 2518
1593 2517
1594 2517
1595 2517
1596 2517
1597 2518
1598 2519
1599 2519
1600 2520
1601 2519
1602 2519
1603 2519
1604 2519
1605 2520
1605 2521
1606 2522
1606 2521
1606 2520
1606 2519
1606 2518
1607 2517
1608 2516
1609 2515
1610 2515
1611 2515
1612 2516
1612 2517
1612 2518
1612 2519
1613 2520
1613 2521
1613 2522
1613 2523
1613 2524
1613 2525
1614 2524
1615 2524
1616 2524
1617 2525
1617 2526
1617 2527
1617 2526
1617 2525
1617 2524
1618 2523
1619 2523
1620 2523
1621 2524
1621 2525
1621 2526
1621 2527
1621 2528
1621 2529
1621 2530
1622 2531
1623 2532
1623 2533
1623 2534
1624 2535
1624 2536
1624 2537
1624 2538
1623 2539
1623 2540
1623 2541
1622 2542
1622 2543
1622 2544
1623 2544
1624 2545
1624 2546
1625 2545
1625 2544
1626 2543
1627 2543
1628 2543
1629 2543
1630 2543
1631 2542
1632 2542
1633 2542
1634 2542
1635 2541
1636 2541
1637 2541
1638 2541
1639 2541
1640 2541
1640 2540
1640 2539
1640 2538
1641 2537
1642 2537
1643 2537
1644 2538
1644 2539
1644 2540
1644 2541
1645 2540
1646 2540
1647 2540
1648 2540
1649 2540
1650 2539
1651 2539
1652 2538
1653 2538
1654 2538
1655 2537
1656 2537
1657 2537
1658 2536
1659 2536
1660 2536
1661 2536
1662 2536
1663 2536
1664 2536
1665 2536
1666 2536
1667 2536
1667 2535
1668 2534
1669 2534
1670 2534
1671 2534
1671 2533
1672 2532
1673 2532
1674 2532
1674 2531
1675 2530
1676 2530
1677 2530
1678 2531
1679 2532
1680 2531
1681 2531
1682 2530
1683 2530
1684 2530
1684 2529
1685 2528
1686 2528
1687 2528
1688 2528
1689 2528
1690 2528
1691 2528
1692 2527
1693 2526
1694 2525
1694 2524
1694 2523
1694 2522
1694 2521
1694 2520
1695 2519
1696 2519
1697 2519
1698 2520
1698 2521
1698 2522
1697 2523
1698 2524
1699 2524
1700 2524
1701 2524
1702 2524
1703 2525
1704 2525
1705 2525
1706 2524
1706 2523
1706 2522
1707 2521
1708 2520
1707 2519
1707 2518
1707 2517
1707 2516
1707 2515
1708 2514
1709 2514
1710 2514
1711 2515
1711 2516
1712 2517
1712 2518
1712 2519
1712 2518
1712 2517
1712 2516
1712 2515
1712 2514
1712 2513
1712 2512
1712 2511
1712 2510
1713 2509
1714 2509
1715 2509
1716 2510
1716 2511
1716 2512
1716 2513
1717 2514
1717 2515
1717 2516
1717 2517
1717 2518
1718 2517
1718 2516
1718 2515
1719 2514
1720 2514
1721 2514
1722 2515
1722 2516
1722 2517
1722 2518
1722 2517
1722 2516
1722 2515
1722 2514
1723 2513
1724 2513
1724 2512
1724 2511
1725 2510
1725 2509
1725 2508
1726 2507
1727 2507
1728 2507
1729 2508
1729 2509
1730 2510
1730 2511
1731 2510
1732 2509
1733 2509
1734 2509
1735 2509
1735 2508
1734 2507
1734 2506
1734 2505
1735 2504
1736 2504
1737 2504
1738 2504
1739 2504
1740 2505
1741 2506
1741 2507
1741 2508
1740 2509
1740 2510
1740 2511
1740 2512
1741 2512
1742 2511
1743 2510
1744 2510
1745 2509
1745 2508
1745 2507
1746 2506
1746 2505
1747 2504
1748 2504
1748 2503
1748 2502
1748 2501
1749 2500
1750 2500
1751 2500
1752 2501
1753 2502
1754 2503
1754 2504
1755 2504
1756 2504
1756 2503
1756 2502
1757 2501
1758 2501
1759 2501
1760 2502
1761 2502
1762 2503
1762 2504
1763 2504
1763 2503
1764 2502
1765 2501
1766 2501
1767 2501
1768 2501
1769 2502
1770 2501
1771 2500
1772 2500
1773 2500
1774 2501
1775 2502
1776 2502
1777 2501
1778 2501
1779 2500
1779 2499
1780 2498
1781 2498
1782 2498
1783 2498
1784 2498
1785 2499
1785 2500
1785 2499
1785 2498
1786 2497
1787 2497
1788 2497
1789 2497
1790 2497
1791 2497
1792 2498
1793 2497
1794 2497
1795 2497
1796 2497
1797 2498
1797 2499
1798 2498
1799 2498
1800 2498
1801 2497
1802 2497
1803 2497
1804 2498
1805 2499
1806 2499
1807 2499
1808 2499
1809 2500
1810 2499
1811 2499
1812 2499
1813 2499
1813 2498
1813 2497
1814 2496
1815 2496
1816 2496
1817 2497
1818 2497
1819 2497
1820 2497
1821 2498
1821 2499
1821 2500
1821 2499
1821 2498
1822 2497
1823 2497
1824 2497
1825 2496
1826 2496
1827 2496
1828 2496
1829 2497
1830 2496
1831 2496
1832 2496
1833 2496
1834 2496
1835 2497
1836 2497
1837 2497
1838 2496
1839 2495
1840 2495
1841 2495
1842 2494
1842 2493
1843 2492
1844 2492
1845 2492
1846 2493
1846 2494
1847 2494
1847 2493
1848 2492
1849 2492
1850 2492
1851 2492
1852 2492
1853 2492
1854 2492
1855 2492
1856 2491
1857 2491
1857 2490
1857 2489
1858 2488
1859 2488
1860 2488
1861 2488
1862 2488
1863 2488
1864 2488
1865 2488
1866 2488
1867 2488
1868 2488
1869 2488
1870 2488
1871 2488
1872 2488
1873 2488
1874 2488
1875 2487
1876 2487
1877 2487
1878 2488
1879 2488
1880 2488
1881 2488
1880 2487
1881 2486
1882 2486
1883 2486
1884 2487
1884 2488
1885 2488
1886 2488
1887 2488
1888 2489
1888 2490
1889 2489
1889 2488
1890 2487
1891 2487
1892 2487
1893 2488
1894 2489
1894 2488
1895 2487
1896 2487
1897 2487
1898 2487
1899 2488
1900 2488
1901 2488
1902 2488
1903 2488
1904 2488
1905 2487
1906 2487
1907 2487
1908 2488
1908 2487
1909 2486
1910 2486
1911 2486
1912 2487
1912 2488
1913 2489
1913 2488
1913 2487
1913 2486
1913 2485
1914 2484
1915 2484
1916 2484
1917 2485
1917 2486
1917 2487
1918 2488
1918 2489
1919 2490
1919 2491
1920 2491
1920 2490
1920 2489
1920 2488
1921 2487
1922 2487
1923 2487
1923 2486
1924 2485
1925 2485
1926 2485
1927 2486
1927 2487
1927 2488
1927 2489
1927 2488
1928 2487
1929 2487
1930 2487
1931 2487
1932 2488
1932 2489
1933 2489
1934 2490
1934 2489
1934 2488
1935 2487
1936 2486
1937 2486
1938 2486
1939 2487
1940 2487
1941 2487
1942 2488
1943 2488
1944 2488
1945 2488
1946 2489
1946 2490
1946 2491
1947 2490
1948 2489
1949 2489
1950 2489
1951 2489
1952 2489
1953 2488
1954 2488
1955 2488
1956 2488
1957 2487
1958 2487
1959 2487
1960 2487
1961 2487
1962 2487
1963 2487
1964 2486
1965 2486
1966 2486
1967 2487
1968 2486
1969 2486
1970 2487
1971 2486
1972 2486
1973 2486
1974 2486
1975 2486
1976 2486
1977 2486
1978 2485
1979 2485
1980 2484
1981 2485
1982 2484
1983 2483
1984 2483
1985 2483
1986 2482
1987 2482
1988 2481
1989 2481
1990 2480
1991 2479
1992 2479
1993 2479
1994 2478
1995 2478
1996 2477
1997 2477
1998 2476
1999 2476
2000 2475
2001 2475
2002 2474
2003 2474
2004 2474
2005 2473
2006 2473
2007 2473
2008 2473
2009 2473
2010 2473
2011 2472
2012 2472
2013 2472
2014 2472
2015 2472
2016 2471
2017 2471
2018 2471
2019 2470
2020 2470
2021 2469
2022 2469
2023 2469
2024 2469
2025 2468
2026 2468
2027 2468
2028 2468
2029 2468
2030 2468
2031 2467
2032 2467
2033 2467
2034 2467
2035 2467
2036 2467
2037 2467
2038 2467
2039 2467
2040 2467
2041 2467
2042 2467
2043 2467
2044 2467
2045 2467
2046 2467
2047 2467
2048 2467
2049 2467
2050 2467
2051 2467
2052 2467
2053 2467
2054 2467
2055 2466
2056 2466
2057 2465
2058 2465
2059 2465
2060 2464
2061 2464
2062 2464
2063 2463
2064 2463
2065 2463
2066 2462
2067 2462
2068 2461
2069 2461
2070 2460
2071 2460
2072 2459
2073 2459
2074 2459
2075 2459
2076 2458
2077 2458
2078 2458
2079 2458
2080 2458
2081 2458
2082 2458
2083 2457
2084 2457
2085 2457
2086 2457
2087 2456
2088 2456
2089 2456
2090 2455
2091 2455
2092 2455
2093 2455
2094 2454
2095 2454
2096 2454
2097 2454
2098 2453
2099 2453
2100 2453
2101 2453
2102 2453
2103 2452
2104 2452
2105 2452
2106 2451
2107 2451
2108 2451
2109 2450
2110 2450
2111 2450
2112 2449
2113 2449
2114 2449
2115 2449
2116 2449
2117 2449
2118 2448
2119 2448
2120 2448
2121 2448
2122 2448
2123 2448
2124 2448
2125 2448
2126 2447
2127 2447
2128 2447
2129 2446
2130 2446
2131 2446
2132 2445
2133 2445
2134 2445
2135 2445
2136 2444
2137 2444
2138 2443
2139 2443
2140 2443
2141 2442
2142 2442
2143 2441
2144 2441
2145 2440
2146 2440
2147 2439
2148 2439
2149 2439
2150 2439
2151 2439
2152 2438
2153 2438
2154 2438
2155 2438
2156 2438
2157 2438
2158 2437
2159 2437
2160 2437
2161 2436
2162 2436
2163 2436
2164 2435
2165 2435
2166 2434
2167 2433
2168 2433
2169 2432
2170 2432
2171 2431
2172 2431
2173 2431
2174 2430
2175 2430
2176 2430
2177 2429
2178 2429
2179 2429
2180 2428
2181 2427
2182 2427
2183 2426
2184 2425
2185 2425
2186 2424
2187 2423
2188 2423
2189 2422
2190 2421
2191 2420
2192 2420
2193 2419
2194 2418
2195 2418
2196 2417
2197 2416
2198 2416
2199 2415
2200 2414
2201 2413
2202 2412
2203 2412
2204 2411
2205 2410
2206 2410
2207 2410
2208 2409
2209 2409
2210 2409
2211 2408
2212 2408
2213 2408
2214 2408
2215 2407
2216 2407
2217 2406
2218 2406
2219 2405
2220 2405
2221 2404
2222 2403
2223 2402
2224 2402
2225 2401
2226 2401
2227 2400
2228 2400
2229 2399
2230 2399
2231 2399
2232 2399
2233 2398
2234 2398
2235 2397
2236 2397
2237 2397
2238 2396
2239 2396
2240 2395
2241 2395
2242 2394
2243 2394
2244 2394
2245 2394
2246 2394
2247 2394
2248 2393
2249 2393
2250 2392
2251 2392
2252 2391
2253 2391
2254 2390
2255 2390
2256 2390
2257 2389
2258 2389
2259 2389
2260 2389
2261 2389
2262 2388
2263 2388
2264 2387
2265 2387
2266 2386
2267 2386
2268 2385
2269 2384
2270 2383
2271 2383
2272 2382
2273 2381
2274 2381
2275 2380
2276 2380
2277 2380
2278 2379
2279 2378
2280 2378
2281 2377
2282 2376
2283 2375
2284 2375
2285 2374
2286 2373
2287 2372
2288 2371
2289 2370
2290 2370
2291 2370
2292 2369
2293 2369
2294 2369
2295 2369
2296 2368
2297 2368
2298 2368
2299 2367
2300 2366
2301 2365
2302 2364
2303 2364
2304 2363
2305 2363
2306 2362
2307 2361
2308 2361
2309 2361
2310 2360
2311 2360
2312 2360
2313 2360
2314 2359
2315 2359
2316 2359
2317 2359
2318 2359
2319 2358
2320 2358
2321 2357
2322 2357
2323 2356
2324 2356
2325 2355
2326 2355
2327 2355
2328 2355
2329 2354
2330 2354
2331 2354
2332 2354
2333 2354
2334 2353
2335 2353
2336 2353
2337 2352
2338 2352
2339 2351
2340 2351
2341 2351
2342 2350
2343 2350
2344 2350
2345 2349
2346 2349
2347 2349
2348 2349
2349 2348
2350 2348
2351 2347
2352 2347
2353 2346
2354 2346
2355 2345
2356 2345
2357 2345
2358 2344
2359 2344
2360 2343
2361 2343
2362 2342
2363 2342
2364 2341
2365 2341
2366 2341
2367 2340
2368 2340
2369 2340
2370 2340
2371 2339
2372 2339
2373 2339
2374 2339
2375 2338
2376 2338
2377 2338
2378 2338
2379 2338
2380 2338
2381 2338
2382 2338
2383 2338
2384 2338
2385 2338
2386 2338
2387 2338
2388 2338
2389 2338
2390 2338
2391 2337
2392 2337
2393 2337
2394 2337
2395 2337
2396 2336
2397 2336
2398 2336
2399 2336
2400 2336
2401 2335
2402 2335
2403 2335
2404 2335
2405 2334
2406 2334
2407 2334
2408 2334
2409 2334
2410 2334
2411 2334
2412 2333
2413 2333
2414 2333
2415 2333
2416 2333
2417 2333
2418 2333
2419 2333
2420 2333
2421 2333
2422 2333
2423 2333
2424 2333
2425 2333
2426 2333
2427 2333
2428 2333
2429 2333
2430 2333
2431 2332
2432 2332
2433 2332
2434 2331
2435 2331
2436 2330
2437 2330
2438 2330
2439 2330
2440 2329
2441 2329
2442 2329
2443 2329
2444 2329
2445 2329
2446 2329
2447 2329
2448 2328
2449 2328
2450 2328
2451 2328
2452 2328
2453 2328
2454 2328
2455 2328
2456 2328
2457 2328
2458 2328
2459 2328
2460 2328
2461 2328
2462 2328
2463 2328
2464 2328
2465 2328
2466 2328
2467 2328
2468 2328
2469 2328
2470 2328
2471 2328
2472 2328
2473 2328
2474 2328
2475 2328
2476 2328
2477 2328
2478 2328
2479 2328
2480 2328
2481 2328
2482 2328
2483 2328
2484 2328
2485 2328
2486 2328
2487 2328
2488 2328
2489 2328
2490 2328
2491 2328
2492 2328
2493 2328
2494 2328
2495 2328
2496 2328
2497 2328
2498 2328
2499 2328
2500 2328
2501 2328
2502 2328
2503 2328
2504 2328
2505 2328
2506 2328
2507 2328
2508 2328
2509 2328
2510 2328
2511 2328
2512 2329
2513 2329
2514 2330
2515 2330
2516 2330
2517 2330
2518 2331
2519 2331
2520 2331
2521 2331
2522 2331
2523 2331
2524 2332
2525 2332
2526 2332
2527 2332
2528 2332
2529 2332
2530 2332
2531 2333
2532 2333
2533 2333
2534 2334
2535 2334
2536 2334
2537 2335
2538 2335
2539 2336
2540 2336
2541 2337
2542 2337
2543 2337
2544 2338
2545 2338
2546 2339
2547 2339
2548 2339
2549 2340
2550 2340
2551 2340
2552 2340
2553 2341
2554 2341
2555 2341
2556 2341
2557 2341
2558 2341
2559 2342
2560 2342
2561 2342
2562 2342
2563 2342
2564 2342
2565 2342
2566 2342
2567 2343
2568 2343
2569 2344
2570 2344
2571 2344
2572 2345
2573 2345
2574 2345
2575 2346
2576 2346
2577 2346
2578 2346
2579 2346
2580 2346
2581 2346
2582 2347
2583 2347
2584 2347
2585 2347
2586 2347
2587 2347
2588 2347
2589 2347
2590 2347
2591 2347
2592 2347
2593 2347
2594 2347
2595 2347
2596 2347
2597 2347
2598 2347
2599 2347
2600 2347
2601 2347
2602 2347
2603 2347
2604 2347
2605 2347
2606 2347
2607 2347
2608 2347
2609 2347
2610 2347
2611 2347
2612 2347
2613 2347
2614 2347
2615 2347
2616 2347
2617 2347
2618 2347
2619 2347
2620 2347
2621 2347
2622 2347
2623 2347
2624 2347
2625 2347
2626 2347
2627 2347
2628 2347
2629 2347
2630 2347
2631 2347
2632 2347
2633 2347
2634 2347
2635 2347
2636 2347
2637 2347
2638 2347
2639 2347
2640 2347
2641 2347
2642 2348
2643 2348
2644 2349
2645 2349
2646 2350
2647 2350
2648 2350
2649 2351
2650 2351
2651 2351
2652 2351
2653 2351
2654 2352
2655 2352
2656 2352
2657 2352
2658 2352
2659 2352
2660 2352
2661 2352
2662 2352
2663 2353
2664 2353
2665 2354
2666 2354
2667 2355
2668 2355
2669 2356
2670 2356
2671 2356
2672 2356
2673 2357
2674 2357
2675 2358
2676 2358
2677 2359
2678 2359
2679 2360
2680 2360
2681 2361
2682 2361
2683 2362
2684 2362
2685 2363
2686 2364
2687 2364
2688 2365
2689 2365
2690 2365
2691 2366
2692 2366
2693 2367
2694 2368
2695 2369
2696 2369
2697 2370
2698 2370
2699 2371
2700 2371
2701 2372
2702 2372
2703 2373
2704 2374
2705 2374
2706 2374
2707 2375
2708 2376
2709 2376
2710 2377
2711 2378
2712 2378
2713 2379
2714 2380
2715 2380
2716 2381
2717 2382
2718 2383
2719 2384
2720 2385
2721 2385
2722 2385
2723 2386
2724 2386
2725 2387
2726 2388
2727 2389
2728 2390
2729 2391
2730 2392
2731 2393
2731 2394
2732 2395
2733 2396
2734 2397
2735 2398
2736 2399
2737 2400
2737 2401
2738 2402
2739 2403
2740 2404
2741 2405
2742 2406
2743 2407
2744 2408
2745 2409
2746 2410
2747 2411
2748 2412
2749 2413
2750 2414
2751 2415
2751 2416
2752 2417
2752 2418
2752 2419
2753 2420
2754 2421
2755 2422
2756 2423
2757 2424
2758 2424
2759 2425
2760 2425
2761 2425
2762 2425
2763 2426
2764 2426
2765 2426
2766 2426
2767 2426
2768 2426
2769 2426
2770 2426
2771 2426
2772 2426
2773 2427
2774 2427
2775 2427
2776 2427
2777 2427
2778 2427
2779 2427
2780 2427
2781 2427
2782 2427
2783 2427
2784 2427
2785 2427
2786 2427
2787 2427
2788 2427
2789 2427
2790 2427
2791 2427
2792 2427
2793 2427
2794 2427
2795 2427
2796 2427
2797 2427
2798 2427
2799 2427
2800 2427
2801 2427
2802 2427
2803 2427
2804 2427
2805 2427
2806 2427
2807 2427
2808 2427
2809 2427
2810 2427
2811 2427
2812 2427
2813 2427
2814 2427
2815 2427
2816 2427
2817 2427
2818 2427
2819 2427
2820 2427
2821 2427
2822 2427
2823 2427
2824 2427
2825 2427
2826 2427
2827 2427
2828 2427
2829 2427
2830 2427
2831 2427
2832 2427
2833 2427
2834 2427
2835 2427
2836 2427
2837 2427
2838 2427
2839 2427
2840 2427
2841 2427
2842 2427
2843 2427
2844 2427
2845 2427
2846 2427
2847 2427
2848 2427
2849 2428
2850 2428
2851 2429
2852 2429
2853 2429
2854 2430
2855 2430
2856 2430
2857 2431
2858 2431
2859 2431
2860 2431
2861 2431
2862 2431
2863 2431
2864 2431
2865 2431
2866 2431
2867 2431
2868 2432
2869 2432
2870 2432
2871 2432
2872 2432
2873 2432
2874 2432
2875 2432
2876 2432
2877 2432
2878 2432
2879 2432
2880 2432
2881 2432
2882 2432
2883 2431
2884 2431
2885 2431
2886 2430
2887 2430
2888 2429
2889 2429
2890 2429
2891 2429
2892 2428
2893 2428
2894 2428
2895 2428
2896 2427
2897 2427
2898 2427
2899 2427
2900 2427
2901 2427
2902 2427
2903 2427
2904 2428
2905 2429
2906 2430
2907 2430
2908 2431
2909 2432
2910 2432
2911 2433
2912 2434
2913 2434
2914 2435
2914 2436
2915 2437
2915 2438
2916 2439
2917 2439
2918 2440
2919 2441
2919 2442
2920 2443
2921 2443
2922 2444
2923 2445
2924 2446
2925 2446
2926 2447
2927 2447
2928 2448
2929 2448
2930 2449
2931 2449
2932 2449
2933 2450
2934 2450
2935 2450
2936 2450
2937 2450
2938 2451
2939 2451
2940 2451
2941 2451
2942 2451
2943 2452
2944 2452
2945 2453
2946 2453
2947 2453
2948 2454
2949 2454
2950 2454
2951 2455
2952 2455
2953 2455
2954 2455
2955 2455
2956 2455
2957 2456
2958 2456
2959 2456
2960 2456
2961 2456
2962 2456
2963 2456
2964 2456
2965 2456
2966 2456
2967 2456
2968 2456
2969 2456
2970 2456
2971 2456
2972 2456
2973 2456
2974 2457
2975 2457
2976 2457
2977 2458
2978 2458
2979 2458
2980 2459
2981 2459
2982 2459
2983 2460
2984 2460
2985 2460
2986 2460
2987 2460
2988 2460
2989 2460
2990 2461
2991 2461
2992 2461
2993 2461
2994 2461
2995 2461
2996 2461
2997 2461
2998 2461
2999 2461
3000 2461
3001 2461
3002 2461
3003 2461
3004 2461
3005 2461
3006 2461
3007 2461
3008 2461
3009 2461
3010 2461
3011 2461
3012 2461
3013 2461
3014 2461
3015 2461
3016 2461
3017 2461
3018 2461
3019 2461
3020 2461
3021 2461
3022 2461
3023 2462
3024 2462
3025 2462
3026 2462
3027 2462
3028 2462
3029 2462
3030 2462
3031 2462
3032 2462
3033 2462
3034 2461
3035 2462
3036 2462
3037 2462
3038 2462
3039 2463
3040 2463
3041 2463
3042 2464
3043 2464
3044 2464
3045 2464
3046 2465
3047 2465
3048 2465
3049 2465
3050 2465
3051 2466
3052 2466
3053 2466
3054 2466
3055 2466
3056 2467
3057 2467
3058 2467
3059 2468
3060 2468
3061 2468
3062 2469
3063 2470
3064 2470
3065 2471
3066 2472
3067 2473
3068 2473
3069 2474
3070 2474
3071 2475
3072 2475
3073 2475
3074 2476
3075 2476
3076 2476
3077 2477
3078 2477
3079 2477
3080 2478
3081 2478
3082 2479
3083 2479
3084 2479
3085 2479
3086 2479
3087 2480
3088 2480
3089 2480
3090 2480
3091 2480
3092 2480
3093 2481
3094 2481
3095 2481
3096 2481
3097 2481
3098 2481
3099 2482
3100 2482
3101 2482
3102 2482
3103 2483
3104 2483
3105 2483
3106 2484
3107 2484
3108 2484
3109 2484
3110 2485
3111 2485
3112 2485
3113 2485
3114 2485
3115 2485
3116 2485
3117 2486
3118 2486
3119 2486
3120 2486
3121 2486
3122 2486
3123 2486
3124 2486
3125 2486
3126 2487
3127 2487
3128 2488
3129 2488
3130 2488
3131 2489
3132 2489
3133 2490
3134 2491
3135 2491
3136 2492
3137 2492
3138 2493
3139 2493
3140 2493
3141 2494
3142 2494
3143 2494
3144 2494
3145 2495
3146 2495
3147 2496
3148 2496
3149 2497
3150 2497
3151 2498
3152 2498
3153 2499
3154 2499
3155 2499
3156 2499
3157 2500
3158 2500
3159 2500
3160 2500
3161 2500
3162 2500
3163 2500
3164 2501
3165 2501
3166 2501
3167 2501
3168 2501
3169 2501
3170 2502
3171 2502
3172 2502
3173 2503
3174 2503
3175 2503
3176 2504
3177 2504
3178 2504
3179 2505
3180 2505
3181 2505
3182 2505
3183 2505
3184 2505
3185 2505
3186 2505
3187 2505
3188 2506
3189 2506
3190 2506
3191 2506
3192 2506
3193 2506
3194 2506
3195 2506
3196 2506
3197 2506
3198 2506
3199 2506
3200 2506
3201 2506
3202 2506
3203 2506
3204 2506
3205 2506
3206 2506
3207 2506
3208 2506
3209 2506
3210 2506
3211 2506
3212 2506
3213 2506
3214 2506
3215 2506
3216 2506
3217 2506
3218 2506
3219 2506
3220 2506
3221 2506
3222 2506
3223 2506
3224 2506
3225 2506
3226 2506
3227 2506
3228 2506
3229 2506
3230 2506
3231 2506
3232 2506
3233 2506
3234 2506
3235 2506
3236 2505
3237 2505
3238 2504
3239 2504
3240 2504
3241 2504
3242 2503
3243 2503
3244 2503
3245 2503
3246 2503
3247 2503
3248 2502
3249 2502
3250 2502
3251 2502
3252 2502
3253 2502
3254 2502
3255 2501
3256 2501
3257 2501
3258 2500
3259 2500
3260 2500
3261 2500
3262 2499
3263 2499
3264 2499
3265 2498
3266 2498
3267 2497
3268 2497
3269 2496
3270 2496
3271 2495
3272 2495
3273 2495
3274 2494
3275 2494
3276 2494
3277 2493
3278 2493
3279 2493
3280 2493
3281 2492
3282 2492
3283 2492
3284 2492
3285 2492
3286 2492
3287 2492
3288 2492
3289 2492
3290 2492
3291 2493
3292 2493
3293 2494
3294 2494
3295 2494
3296 2494
3297 2495
3298 2495
3299 2495
3300 2495
3301 2495
3302 2495
3303 2495
3304 2496
3305 2496
3306 2496
3307 2496
3308 2496
3309 2496
3310 2496
3311 2496
3312 2496
3313 2497
3314 2497
3315 2498
3316 2498
3317 2499
3318 2499
3319 2499
3320 2499
3321 2500
3322 2500
3323 2500
3324 2500
3325 2500
3326 2500
3327 2500
3328 2500
3329 2501
3330 2501
3331 2501
3332 2501
3333 2501
3334 2501
3335 2501
3336 2501
3337 2501
3338 2501
3339 2501
3340 2501
3341 2501
3342 2501
3343 2501
3344 2501
3345 2501
3346 2501
3347 2501
3348 2501
3349 2501
3350 2501
3351 2501
3352 2501
3353 2501
3354 2501
3355 2501
3356 2501
3357 2501
3358 2501
3359 2501
3360 2501
3361 2500
3362 2500
3363 2499
3364 2499
3365 2498
3366 2497
3367 2497
3368 2496
3369 2496
3370 2495
3371 2494
3372 2494
3373 2493
3374 2493
3375 2492
3376 2492
3377 2491
3378 2491
3379 2490
3380 2490
3381 2489
3382 2489
3383 2488
3384 2487
3385 2487
3386 2486
3387 2486
3388 2485
3389 2485
3390 2485
3391 2484
3392 2484
3393 2484
3394 2483
3395 2483
3396 2483
3397 2483
3398 2483
3399 2482
3400 2482
3401 2482
3402 2482
3403 2482
3404 2482
3405 2481
3406 2481
3407 2481
3408 2480
3409 2480
3410 2480
3411 2479
3412 2479
3413 2478
3414 2478
3415 2478
3416 2478
3417 2478
3418 2478
3419 2477
3420 2477
3421 2476
3422 2476
3423 2475
3424 2475
3425 2475
3426 2474
3427 2474
3428 2474
3429 2473
3430 2473
3431 2473
3432 2473
3433 2473
3434 2472
3435 2472
3436 2472
3437 2472
3438 2472
3439 2472
3440 2472
3441 2471
3442 2471
3443 2470
3444 2469
3445 2469
3446 2469
3447 2468
3448 2468
3449 2467
3450 2466
3451 2465
3452 2464
3453 2463
3454 2462
3455 2461
3455 2460
3456 2459
3457 2458
3457 2457
3458 2456
3459 2455
3460 2454
3461 2453
3462 2452
3463 2452
3464 2452
3465 2452
3466 2451
3467 2451
3468 2450
3469 2449
3470 2449
3471 2448
3472 2448
3473 2447
3474 2446
3475 2445
3476 2445
3477 2444
3478 2444
3479 2443
3480 2442
3481 2442
3481 2441
3482 2440
3483 2439
3484 2438
3485 2437
3486 2436
3487 2436
3488 2435
3488 2434
3489 2433
3490 2432
3491 2431
3492 2430
3493 2429
3494 2428
3495 2427
3496 2426
3497 2425
3498 2424
3498 2423
3499 2422
3499 2421
3499 2420
3500 2419
3500 2418
3500 2417
3501 2416
3501 2415
3501 2414
3501 2413
3502 2412
3502 2411
3503 2410
3503 2409
3504 2408
3505 2407
3505 2406
3505 2405
3505 2404
3506 2403
3506 2402
3506 2401
3506 2400
3507 2399
3507 2398
3508 2397
3508 2396
3509 2395
3509 2394
3510 2393
3510 2392
3510 2391
3511 2390
3511 2389
3511 2388
3511 2387
3511 2386
3512 2385
3512 2384
3513 2383
3513 2382
3514 2381
3514 2380
3515 2379
3515 2378
3515 2377
3516 2376
3516 2375
3516 2374
3517 2373
3517 2372
3518 2371
3519 2370
3519 2369
3520 2368
3520 2367
3520 2366
3521 2365
3521 2364
3522 2363
3522 2362
3523 2361
3523 2360
3524 2359
3524 2358
3525 2357
3525 2356
3526 2355
3526 2354
3526 2353
3526 2352
3526 2351
3527 2350
3527 2349
3528 2348
3528 2347
3529 2346
3529 2345
3530 2344
3530 2343
3530 2342
3530 2341
3530 2340
3531 2339
3531 2338
3531 2337
3531 2336
3531 2335
3531 2334
3531 2333
3531 2332
3531 2331
3532 2330
3532 2329
3533 2328
3533 2327
3534 2326
3534 2325
3535 2324
3535 2323
3535 2322
3535 2321
3536 2320
3536 2319
3536 2318
3536 2317
3536 2316
3536 2315
3536 2314
3536 2313
3536 2312
3537 2311
3537 2310
3537 2309
3537 2308
3537 2307
3537 2306
3537 2305
3537 2304
3537 2303
3537 2302
3537 2301
3537 2300
3537 2299
3537 2298
3537 2297
3537 2296
3537 2295
3537 2294
3537 2293
3537 2292
3537 2291
3537 2290
3537 2289
3537 2288
3537 2287
3537 2286
3537 2285
3537 2284
3537 2283
3537 2282
3537 2281
3537 2280
3537 2279
3537 2278
3538 2277
3538 2276
3538 2275
3539 2274
3539 2273
3540 2272
3540 2271
3540 2270
3540 2269
3541 2268
3541 2267
3541 2266
3541 2265
3541 2264
3541 2263
3541 2262
3541 2261
3541 2260
3541 2259
3542 2258
3542 2257
3542 2256
3542 2255
3542 2254
3542 2253
3542 2252
3542 2251
3542 2250
3542 2249
3542 2248
3542 2247
3542 2246
3542 2245
3542 2244
3542 2243
3542 2242
3542 2241
3542 2240
3541 2239
3541 2238
3541 2237
3541 2236
3540 2235
3540 2234
3540 2233
3539 2232
3539 2231
3539 2230
3539 2229
3539 2228
3538 2227
3538 2226
3538 2225
3538 2224
3538 2223
3538 2222
3538 2221
3538 2220
3538 2219
3537 2218
3537 2217
3537 2216
3536 2215
3536 2214
3535 2213
3535 2212
3535 2211
3534 2210
3534 2209
3533 2208
3532 2207
3532 2206
3531 2205
3530 2204
3530 2203
3529 2202
3528 2201
3528 2200
3527 2199
3526 2198
3526 2197
3525 2196
3525 2195
3524 2194
3524 2193
3523 2192
3522 2191
3522 2190
3521 2189
3521 2188
3520 2187
3520 2186
3519 2185
3518 2184
3517 2183
3516 2182
3515 2181
3514 2180
3513 2179
3512 2178
3511 2177
3510 2176
3509 2175
3509 2174
3509 2173
3508 2172
3508 2171
3507 2170
3507 2169
3506 2168
3506 2167
3505 2166
3505 2165
3505 2164
3504 2163
3504 2162
3503 2161
3503 2160
3502 2159
3501 2158
3501 2157
3500 2156
3500 2155
3499 2154
3499 2153
3498 2152
3497 2151
3496 2150
3495 2149
3494 2148
3493 2147
3492 2146
3491 2145
3491 2144
3490 2143
3490 2142
3490 2141
3489 2140
3489 2139
3489 2138
3489 2137
3489 2136
3488 2135
3487 2134
3487 2133
3486 2132
3486 2131
3485 2130
3484 2129
3483 2128
3482 2127
3482 2126
3481 2125
3481 2124
3480 2123
3480 2122
3480 2121
3479 2120
3478 2119
3477 2118
3476 2117
3475 2116
3474 2116
3473 2115
3472 2114
3472 2113
3471 2112
3470 2111
3469 2110
3468 2109
3467 2108
3467 2107
3466 2106
3465 2105
3465 2104
3465 2103
3464 2102
3464 2101
3463 2100
3462 2099
3462 2098
3461 2097
3461 2096
3460 2095
3459 2094
3459 2093
3458 2092
3457 2091
3456 2090
3455 2089
3454 2088
3454 2087
3453 2086
3452 2085
3451 2084
3450 2083
3449 2082
3448 2081
3448 2080
3447 2079
3446 2078
3446 2077
3446 2076
3445 2075
3445 2074
3445 2073
3444 2072
3444 2071
3443 2070
3443 2069
3442 2068
3441 2067
3440 2066
3439 2065
3439 2064
3438 2063
3437 2062
3436 2061
3436 2060
3435 2059
3434 2058
3433 2058
3432 2057
3431 2056
3430 2055
3430 2054
3429 2053
3428 2052
3428 2051
3427 2050
3426 2049
3426 2048
3425 2047
3425 2046
3424 2045
3424 2044
3423 2043
3422 2042
3422 2041
3421 2040
3420 2039
3419 2038
3419 2037
3418 2036
3417 2035
3416 2034
3415 2033
3414 2032
3413 2031
3413 2030
3412 2029
3411 2028
3411 2027
3410 2026
3409 2025
3409 2024
3408 2023
3408 2022
3407 2021
3406 2020
3406 2019
3405 2018
3405 2017
3404 2016
3403 2015
3402 2014
3401 2013
3400 2012
3399 2011
3398 2010
3397 2009
3396 2008
3396 2007
3395 2006
3395 2005
3394 2004
3393 2003
3393 2002
3392 2001
3391 2000
3390 1999
3389 1999
3388 1998
3387 1997
3386 1996
3386 1995
3385 1994
3384 1993
3383 1992
3382 1991
3381 1990
3380 1989
3379 1989
3378 1989
3377 1988
3376 1988
3375 1988
3374 1987
3373 1987
3372 1986
3371 1985
3370 1984
3369 1984
3368 1983
3367 1982
3367 1981
3366 1980
3365 1979
3364 1979
3363 1978
3362 1977
3361 1977
3360 1976
3359 1976
3358 1975
3357 1975
3356 1974
3355 1974
3354 1973
3353 1973
3352 1973
3351 1972
3350 1972
3349 1971
3348 1971
3347 1970
3346 1969
3345 1968
3344 1967
3343 1967
3342 1966
3341 1965
3340 1965
3339 1964
3338 1964
3337 1964
3336 1963
3335 1962
3334 1962
3333 1961
3332 1961
3331 1960
3330 1960
3329 1959
3328 1959
3327 1958
3326 1958
3325 1957
3324 1956
3323 1956
3322 1955
3321 1955
3320 1954
3319 1954
3318 1953
3317 1953
3316 1953
3315 1952
3314 1952
3313 1951
3312 1951
3311 1950
3310 1949
3309 1949
3308 1948
3307 1948
3306 1948
3305 1948
3304 1948
3303 1947
3302 1947
3301 1947
3300 1947
3299 1947
3298 1947
3297 1947
3296 1947
3295 1946
3294 1946
3293 1946
3292 1946
3291 1946
3290 1946
3289 1946
3288 1946
3287 1946
3286 1946
3285 1945
3284 1945
3283 1945
3282 1944
3281 1944
3280 1944
3279 1943
3278 1943
3277 1943
3276 1943
3275 1943
3274 1942
3273 1942
3272 1942
3271 1942
3270 1942
3269 1942
3268 1942
3267 1942
3266 1942
3265 1941
3264 1941
3263 1941
3262 1941
3261 1941
3260 1941
3259 1941
3258 1941
3257 1941
3256 1941
3255 1941
3254 1941
3253 1941
3252 1941
3251 1941
3250 1941
3249 1941
3248 1940
3247 1940
3246 1940
3245 1939
3244 1939
3243 1939
3242 1938
3241 1938
3240 1938
3239 1938
3238 1938
3237 1937
3236 1937
3235 1937
3234 1937
3233 1937
3232 1937
3231 1937
3230 1937
3229 1937
3228 1936
3227 1936
3226 1936
3225 1936
3224 1936
3223 1936
3222 1936
3221 1936
3220 1936
3219 1936
3218 1936
3217 1936
3216 1936
3215 1936
3214 1936
3213 1936
3212 1936
3211 1936
3210 1936
3209 1936
3208 1936
3207 1936
3206 1936
3205 1936
3204 1936
3203 1936
3202 1936
3201 1936
3200 1936
3199 1936
3198 1936
3197 1936
3196 1936
3195 1936
3194 1936
3193 1936
3192 1936
3191 1936
3190 1936
3189 1936
3188 1936
3187 1936
3186 1936
3185 1936
3184 1936
3183 1936
3182 1936
3181 1936
3180 1936
3179 1936
3178 1936
3177 1936
3176 1936
3175 1936
3174 1936
3173 1936
3172 1936
3171 1936
3170 1936
3169 1936
3168 1936
3167 1936
3166 1936
3165 1936
3164 1936
3163 1936
3162 1936
3161 1936
3160 1936
3159 1936
3158 1936
3157 1936
3156 1936
3155 1936
3154 1936
3153 1936
3152 1936
3151 1936
3150 1936
3149 1936
3148 1936
3147 1936
3146 1936
3145 1936
3144 1936
3143 1936
3142 1936
3141 1936
3140 1936
3139 1935
3138 1935
3137 1935
3136 1935
3135 1934
3134 1934
3133 1934
3132 1933
3131 1933
3130 1933
3129 1933
3128 1933
3127 1932
3126 1932
3125 1932
3124 1932
3123 1932
3122 1932
3121 1932
3120 1932
3119 1932
3118 1932
3117 1931
3116 1931
3115 1931
3114 1931
3113 1931
3112 1931
3111 1930
3110 1930
3109 1929
3108 1929
3107 1928
3106 1928
3105 1928
3104 1928
3103 1927
3102 1927
3101 1927
3100 1927
3099 1927
3098 1927
3097 1927
3096 1927
3095 1926
3094 1926
3093 1926
3092 1926
3091 1926
3090 1926
3089 1926
3088 1926
3087 1926
3086 1926
3085 1926
3084 1926
3083 1926
3082 1926
3081 1926
3080 1926
3079 1926
3078 1926
3077 1926
3076 1926
3075 1926
3074 1926
3073 1926
3072 1926
3071 1926
3070 1927
3069 1928
3068 1929
3068 1930
3067 1931
3066 1932
3065 1932
3064 1933
3063 1933
3062 1934
3061 1934
3060 1935
3059 1935
3058 1936
3057 1937
3056 1937
3055 1938
3054 1939
3053 1939
3052 1939
3051 1940
3050 1940
3049 1940
3048 1940
3047 1940
3046 1940
3045 1940
3044 1940
3043 1941
3042 1941
3041 1941
3040 1941
3039 1941
3038 1941
3037 1941
3036 1941
3035 1941
3034 1941
3033 1941
3032 1941
3031 1941
3030 1941
3029 1941
3028 1941
3027 1941
3026 1941
3025 1941
3024 1941
3023 1941
3022 1941
3021 1941
3020 1941
3019 1941
3018 1941
3017 1941
3016 1941
3015 1941
3014 1941
3013 1941
3012 1941
3011 1941
3010 1941
3009 1941
3008 1941
3007 1941
3006 1941
3005 1941
3004 1941
3003 1941
3002 1941
3001 1941
3000 1941
2999 1941
2998 1941
2997 1941
2996 1941
2995 1941
2994 1941
2993 1941
2992 1941
2991 1941
2990 1941
2989 1941
2988 1941
2987 1941
2986 1941
2985 1940
2984 1940
2983 1939
2982 1939
2981 1939
2980 1938
2979 1938
2978 1938
2977 1938
2976 1938
2975 1937
2974 1937
2973 1937
2972 1937
2971 1936
2970 1936
2969 1935
2968 1935
2967 1934
2966 1934
2965 1933
2964 1933
2963 1933
2962 1933
2961 1932
2960 1932
2959 1932
2958 1932
2957 1932
2956 1932
2955 1932
2954 1932
2953 1932
2952 1932
2951 1931
2950 1931
2949 1931
2948 1930
2947 1930
2946 1929
2945 1929
2944 1929
2943 1928
2942 1928
2941 1928
2940 1928
2939 1928
2938 1927
2937 1927
2936 1927
2935 1927
2934 1927
2933 1927
2932 1927
2931 1927
2930 1927
2929 1927
2928 1927
2927 1927
2926 1926
2925 1926
2924 1926
2923 1926
2922 1926
2921 1926
2920 1926
2919 1926
2918 1926
2917 1926
2916 1926
2915 1926
2914 1926
2913 1926
2912 1926
2911 1926
2910 1926
2909 1926
2908 1926
2907 1926
2906 1926
2905 1926
2904 1926
2903 1926
2902 1926
2901 1926
2900 1926
2899 1926
2898 1926
2897 1926
2896 1926
2895 1926
2894 1926
2893 1926
2892 1926
2891 1926
2890 1926
2889 1926
2888 1926
2887 1926
2886 1926
2885 1926
2884 1926
2883 1926
2882 1926
2881 1926
2880 1926
2879 1926
2878 1926
2877 1926
2876 1926
2875 1926
2874 1926
2873 1926
2872 1926
2871 1926
2870 1926
2869 1926
2868 1926
2867 1926
2866 1926
2865 1926
2864 1926
2863 1926
2862 1926
2861 1926
2860 1926
2859 1926
2858 1926
2857 1926
2856 1926
2855 1926
2854 1926
2853 1926
2852 1926
2851 1926
2850 1926
2849 1926
2848 1926
2847 1926
2846 1926
2845 1926
2844 1926
2843 1926
2842 1926
2841 1926
2840 1926
2839 1926
2838 1926
2837 1926
2836 1925
2835 1925
2834 1925
2833 1924
2832 1924
2831 1924
2830 1923
2829 1923
2828 1923
2827 1923
2826 1923
2825 1922
2824 1922
2823 1922
2822 1922
2821 1922
2820 1922
2819 1922
2818 1922
2817 1922
2816 1922
2815 1922
2814 1922
2813 1921
2812 1921
2811 1921
2810 1921
2809 1921
2808 1921
2807 1921
2806 1921
2805 1921
2804 1921
2803 1921
2802 1921
2801 1921
2800 1921
2799 1921
2798 1921
2797 1921
2796 1921
2795 1921
2794 1921
2793 1921
2792 1921
2791 1921
2790 1921
2789 1921
2788 1921
2787 1921
2786 1921
2785 1921
2784 1921
2783 1921
2782 1921
2781 1921
2780 1921
2779 1921
2778 1921
2777 1921
2776 1921
2775 1921
2774 1921
2773 1921
2772 1921
2771 1921
2770 1921
2769 1921
2768 1921
2767 1921
2766 1921
2765 1921
2764 1921
2763 1921
2762 1921
2761 1921
2760 1921
2759 1921
2758 1921
2757 1921
2756 1921
2755 1921
2754 1921
2753 1921
2752 1921
2751 1921
2750 1921
2749 1921
2748 1921
2747 1921
2746 1921
2745 1921
2744 1921
2743 1921
2742 1921
2741 1921
2740 1921
2739 1921
2738 1921
2737 1921
2736 1921
2735 1921
2734 1921
2733 1921
2732 1921
2731 1921
2730 1921
2729 1921
2728 1921
2727 1921
2726 1921
2725 1921
2724 1921
2723 1921
2722 1921
2721 1921
2720 1921
2719 1921
2718 1921
2717 1921
2716 1921
2715 1921
2714 1921
2713 1921
2712 1921
2711 1921
2710 1921
2709 1921
2708 1921
2707 1921
2706 1921
2705 1921
2704 1921
2703 1921
2702 1921
2701 1921
2700 1921
2699 1921
2698 1921
2697 1921
2696 1921
2695 1921
2694 1921
2693 1921
2692 1921
2691 1921
2690 1921
2689 1921
2688 1921
2687 1921
2686 1921
2685 1921
2684 1921
2683 1921
2682 1921
2681 1921
2680 1921
2679 1921
2678 1921
2677 1921
2676 1921
2675 1921
2674 1921
2673 1921
2672 1921
2671 1921
2670 1921
2669 1921
2668 1921
2667 1921
2666 1921
2665 1921
2664 1921
2663 1921
2662 1921
2661 1921
2660 1921
2659 1921
2658 1921
2657 1921
2656 1921
2655 1921
2654 1921
2653 1921
2652 1921
2651 1921
2650 1921
2649 1921
2648 1921
2647 1921
2646 1921
2645 1921
2644 1921
2643 1921
2642 1921
2641 1921
2640 1921
2639 1921
2638 1921
2637 1921
2636 1921
2635 1921
2634 1921
2633 1921
2632 1921
2631 1921
2630 1921
2629 1921
2628 1921
2627 1921
2626 1921
2625 1921
2624 1921
2623 1921
2622 1921
2621 1921
2620 1921
2619 1921
2618 1921
2617 1921
2616 1921
2615 1921
2614 1921
2613 1921
2612 1921
2611 1921
2610 1921
2609 1921
2608 1921
2607 1921
2606 1921
2605 1921
2604 1921
2603 1920
2602 1920
2601 1919
2600 1919
2599 1919
2598 1918
2597 1918
2596 1918
2595 1918
2594 1917
2593 1917
2592 1917
2591 1917
2590 1917
2589 1917
2588 1917
2587 1917
2586 1917
2585 1917
2584 1917
2583 1916
2582 1916
2581 1916
2580 1916
2579 1916
2578 1916
2577 1916
2576 1916
2575 1916
2574 1916
2573 1916
2572 1916
2571 1916
2570 1916
2569 1916
2568 1916
2567 1916
2566 1916
2565 1916
2564 1916
