2670 1958
2669 1959
2668 1959
2667 1959
2666 1959
2665 1959
2664 1960
2663 1960
2662 1960
2661 1960
2660 1960
2659 1961
2658 1961
2657 1961
2656 1961
2655 1961
2654 1961
2653 1961
2652 1961
2651 1961
2650 1961
2649 1962
2648 1962
2647 1962
2646 1962
2645 1962
2644 1962
2643 1962
2642 1962
2641 1963
2640 1963
2639 1963
2638 1964
2637 1964
2636 1964
2635 1964
2634 1965
2633 1965
2632 1965
2631 1966
2630 1966
2629 1966
2628 1967
2627 1967
2626 1967
2625 1968
2624 1968
2623 1968
2622 1968
2621 1968
2620 1969
2619 1969
2618 1969
2617 1969
2616 1969
2615 1969
2614 1969
2613 1969
2612 1969
2611 1969
2610 1969
2609 1969
2608 1969
2607 1970
2606 1970
2605 1970
2604 1970
2603 1971
2602 1971
2601 1971
2600 1971
2599 1971
2598 1972
2597 1972
2596 1972
2595 1972
2594 1972
2593 1973
2592 1973
2591 1973
2590 1973
2589 1973
2588 1973
2587 1973
2586 1973
2585 1973
2584 1973
2583 1973
2582 1973
2581 1973
2580 1973
2579 1974
2578 1974
2577 1974
2576 1975
2575 1975
2574 1975
2573 1976
2572 1976
2571 1976
2570 1977
2569 1977
2568 1977
2567 1977
2566 1977
2565 1977
2564 1977
2563 1977
2562 1977
2561 1978
2560 1978
2559 1978
2558 1978
2557 1978
2556 1978
2555 1978
2554 1978
2553 1977
2552 1977
2551 1977
2550 1977
2549 1977
2548 1977
2547 1977
2546 1977
2545 1977
2544 1977
2543 1977
2542 1977
2541 1977
2540 1977
2539 1977
2538 1977
2537 1977
2536 1977
2535 1977
2534 1977
2533 1977
2532 1977
2531 1977
2530 1977
2529 1977
2528 1977
2527 1977
2526 1976
2525 1976
2524 1976
2523 1976
2522 1976
2521 1976
2520 1976
2519 1976
2518 1976
2517 1976
2516 1976
2515 1977
2514 1977
2513 1977
2512 1977
2511 1977
2510 1978
2509 1978
2508 1978
2507 1978
2506 1979
2505 1979
2504 1979
2503 1980
2502 1980
2501 1980
2500 1981
2499 1981
2498 1981
2497 1982
2496 1982
2495 1982
2494 1982
2493 1983
2492 1983
2491 1983
2490 1983
2489 1983
2488 1983
2487 1983
2486 1983
2485 1983
2484 1983
2483 1983
2482 1983
2481 1983
2480 1983
2479 1983
2478 1983
2477 1983
2476 1983
2475 1984
2474 1984
2473 1984
2472 1984
2471 1985
2470 1985
2469 1985
2468 1986
2467 1986
2466 1986
2465 1987
2464 1987
2463 1987
2462 1987
2461 1987
2460 1987
2459 1987
2458 1987
2457 1987
2456 1987
2455 1987
2454 1987
2453 1987
2452 1987
2451 1987
2450 1987
2449 1987
2448 1987
2447 1988
2446 1988
2445 1988
2444 1988
2443 1988
2442 1988
2441 1989
2440 1989
2439 1989
2438 1989
2437 1989
2436 1990
2435 1990
2434 1990
2433 1990
2432 1990
2431 1990
2430 1990
2429 1990
2428 1990
2427 1990
2426 1990
2425 1991
2424 1991
2423 1991
2422 1992
2421 1992
2420 1992
2419 1992
2418 1993
2417 1993
2416 1993
2415 1993
2414 1993
2413 1994
2412 1994
2411 1994
2410 1995
2409 1995
2408 1996
2407 1996
2406 1997
2405 1997
2404 1998
2403 1998
2402 1998
2401 1998
2400 1999
2399 1999
2398 1999
2397 1999
2396 1999
2395 1999
2394 1999
2393 1999
2392 1999
2391 1999
2390 1999
2389 1999
2388 2000
2387 2000
2386 2000
2385 2000
2384 2000
2383 2001
2382 2001
2381 2001
2380 2001
2379 2002
2378 2002
2377 2002
2376 2002
2375 2003
2374 2003
2373 2003
2372 2003
2371 2003
2370 2003
2369 2003
2368 2003
2367 2003
2366 2004
2365 2004
2364 2004
2363 2004
2362 2005
2361 2005
2360 2005
2359 2006
2358 2006
2357 2006
2356 2006
2355 2007
2354 2007
2353 2007
2352 2007
2351 2007
2350 2007
2349 2007
2348 2007
2347 2008
2346 2008
2345 2008
2344 2008
2343 2008
2342 2008
2341 2008
2340 2008
2339 2008
2338 2008
2337 2008
2336 2008
2335 2009
2334 2009
2333 2009
2332 2009
2331 2010
2330 2010
2329 2009
2328 2010
2327 2010
2326 2010
2325 2011
2324 2011
2323 2011
2322 2012
2321 2012
2320 2012
2319 2012
2318 2013
2317 2013
2316 2014
2315 2014
2314 2014
2313 2014
2312 2015
2311 2015
2310 2015
2309 2015
2308 2015
2307 2015
2306 2016
2305 2015
2304 2016
2303 2016
2302 2016
2301 2016
2300 2016
2299 2016
2298 2016
2297 2016
2296 2016
2295 2016
2294 2016
2293 2016
2292 2016
2291 2016
2290 2016
2289 2016
2288 2016
2287 2016
2286 2016
2285 2017
2284 2016
2283 2017
2282 2018
2281 2018
2280 2018
2279 2019
2278 2019
2277 2019
2276 2019
2275 2019
2274 2019
2273 2019
2272 2019
2271 2020
2270 2020
2269 2020
2268 2021
2267 2021
2266 2021
2265 2022
2264 2023
2263 2023
2262 2023
2261 2023
2260 2023
2260 2024
2259 2025
2258 2025
2257 2025
2256 2025
2256 2026
2256 2027
2255 2028
2254 2028
2253 2029
2252 2030
2251 2031
2250 2031
2249 2032
2248 2033
2247 2033
2246 2034
2245 2034
2244 2034
2243 2034
2242 2034
2241 2034
2240 2034
2239 2035
2238 2035
2237 2036
2236 2037
2235 2037
2234 2037
2233 2038
2232 2038
2231 2039
2230 2039
2229 2039
2228 2040
2227 2040
2226 2041
2225 2041
2224 2042
2223 2042
2222 2042
2221 2043
2220 2043
2219 2043
2218 2043
2217 2043
2216 2044
2215 2044
2214 2044
2213 2045
2212 2046
2211 2046
2210 2046
2209 2046
2208 2047
2207 2047
2206 2047
2205 2047
2204 2048
2203 2048
2202 2049
2201 2049
2200 2050
2199 2050
2198 2051
2197 2051
2197 2052
2196 2053
2195 2053
2194 2052
2193 2052
2192 2053
2191 2053
2190 2054
2189 2055
2188 2055
2187 2056
2186 2056
2185 2056
2184 2057
2183 2057
2182 2057
2181 2057
2180 2058
2179 2058
2178 2058
2177 2058
2176 2059
2175 2059
2174 2059
2173 2059
2172 2060
2171 2060
2170 2059
2170 2058
2169 2059
2168 2060
2167 2060
2166 2060
2165 2060
2165 2061
2164 2062
2163 2062
2162 2063
2161 2063
2160 2063
2159 2062
2158 2062
2157 2062
2156 2062
2156 2063
2156 2064
2156 2065
2155 2066
2154 2066
2153 2066
2152 2065
2151 2065
2150 2065
2149 2065
2148 2066
2147 2067
2147 2068
2147 2069
2147 2070
2146 2071
2145 2071
2144 2071
2143 2070
2143 2069
2142 2069
2142 2070
2142 2071
2142 2072
2142 2073
2142 2074
2141 2075
2140 2075
2139 2075
2138 2075
2137 2074
2136 2074
2135 2074
2135 2075
2134 2076
2133 2076
2132 2076
2131 2075
2132 2076
2132 2077
2132 2078
2132 2079
2131 2080
2130 2080
2129 2080
2128 2079
2128 2080
2128 2081
2128 2082
2127 2083
2126 2083
2125 2083
2124 2083
2123 2082
2123 2081
2123 2080
2124 2079
2123 2078
2123 2077
2123 2076
2122 2075
2122 2076
2122 2077
2122 2078
2122 2079
2121 2080
2120 2080
2119 2080
2118 2080
2117 2080
2116 2080
2115 2080
2114 2080
2113 2080
2112 2080
2111 2080
2110 2079
2109 2080
2108 2080
2108 2081
2108 2082
2108 2083
2108 2084
2107 2085
2106 2086
2105 2086
2104 2086
2103 2086
2102 2087
2101 2087
2101 2088
2100 2089
2100 2090
2100 2091
2100 2092
2100 2093
2099 2094
2098 2094
2097 2094
2096 2093
2096 2094
2096 2095
2096 2096
2096 2097
2095 2098
2094 2098
2093 2098
2092 2097
2092 2096
2092 2097
2091 2098
2090 2098
2089 2098
2088 2097
2087 2096
2087 2095
2087 2094
2086 2094
2085 2094
2084 2094
2084 2095
2084 2096
2083 2097
2083 2098
2083 2099
2082 2100
2081 2101
2080 2101
2079 2101
2078 2101
2077 2100
2077 2099
2077 2100
2076 2101
2076 2102
2075 2103
2074 2103
2074 2104
2074 2105
2074 2106
2074 2107
2073 2108
2072 2108
2071 2108
2070 2107
2070 2106
2069 2107
2068 2107
2067 2107
2066 2107
2065 2106
2065 2105
2064 2106
2063 2107
2062 2107
2061 2107
2060 2107
2059 2107
2060 2108
2060 2109
2060 2110
2060 2111
2059 2112
2058 2112
2057 2112
2056 2112
2056 2113
2056 2114
2055 2115
2054 2115
2053 2115
2052 2114
2051 2114
2050 2114
2049 2113
2048 2113
2047 2114
2046 2114
2045 2115
2045 2116
2046 2117
2046 2118
2046 2119
2045 2120
2044 2120
2043 2120
2042 2120
2042 2121
2041 2122
2041 2123
2040 2124
2039 2125
2038 2125
2037 2125
2036 2124
2036 2123
2036 2124
2035 2125
2034 2125
2033 2125
2032 2125
2031 2125
2030 2125
2030 2126
2030 2127
2030 2128
2030 2129
2029 2130
2028 2130
2027 2130
2026 2131
2026 2132
2025 2133
2025 2134
2024 2135
2023 2136
2022 2136
2023 2136
2024 2137
2024 2138
2024 2139
2024 2140
2023 2141
2022 2142
2021 2142
2020 2142
2019 2142
2018 2142
2018 2143
2017 2144
2016 2144
2016 2145
2016 2146
2016 2147
2015 2148
2015 2149
2014 2150
2013 2151
2012 2152
2012 2153
2011 2154
2010 2154
2009 2154
2008 2154
2008 2155
2008 2156
2007 2157
2006 2158
2005 2158
2004 2158
2003 2158
2002 2158
2001 2157
2000 2158
2000 2159
2000 2160
1999 2161
1998 2161
1997 2161
1996 2161
1995 2161
1994 2161
1994 2162
1994 2163
1994 2164
1994 2165
1993 2166
1992 2166
1991 2166
1990 2166
1989 2166
1989 2167
1988 2168
1987 2168
1986 2168
1985 2167
1985 2168
1984 2169
1983 2169
1982 2169
1981 2168
1981 2169
1981 2170
1981 2171
1981 2172
1980 2173
1979 2173
1978 2173
1977 2173
1976 2173
1975 2173
1974 2174
1973 2174
1972 2175
1971 2175
1970 2175
1969 2176
1968 2177
1967 2177
1966 2178
1965 2179
1964 2179
1963 2179
1962 2179
1961 2179
1961 2180
1960 2181
1959 2182
1958 2182
1957 2182
1956 2181
1956 2182
1956 2183
1956 2184
1956 2185
1955 2186
1954 2186
1953 2186
1952 2185
1952 2184
1952 2185
1952 2186
1952 2187
1951 2188
1950 2188
1949 2188
1948 2187
1948 2186
1948 2185
1947 2186
1946 2186
1945 2186
1945 2187
1944 2188
1943 2188
1942 2188
1942 2189
1942 2190
1941 2191
1940 2191
1939 2191
1938 2190
1937 2191
1936 2192
1935 2192
1935 2193
1934 2194
1933 2194
1932 2195
1931 2195
1930 2196
1929 2197
1928 2198
1927 2199
1926 2200
1925 2200
1925 2201
1924 2202
1923 2203
1923 2204
1922 2205
1922 2206
1921 2207
1920 2208
1919 2209
1918 2210
1917 2211
1916 2212
1915 2212
1914 2213
1913 2213
1912 2214
1912 2215
1911 2216
1910 2217
1909 2217
1908 2217
1907 2218
1906 2219
1905 2220
1904 2221
1903 2222
1902 2223
1901 2223
1900 2223
1899 2224
1898 2224
1897 2224
1896 2225
1895 2226
1894 2227
1893 2227
1892 2228
1891 2228
1890 2229
1889 2229
1888 2230
1887 2231
1886 2232
1885 2232
1884 2233
1883 2233
1882 2233
1881 2234
1880 2234
1879 2234
1878 2235
1877 2234
1876 2235
1875 2235
1874 2235
1874 2236
1873 2237
1872 2238
1871 2238
1870 2238
1869 2238
1868 2239
1867 2239
1866 2239
1865 2239
1864 2240
1863 2240
1862 2241
1861 2242
1860 2242
1859 2243
1858 2243
1857 2244
1856 2245
1855 2245
1854 2245
1853 2246
1852 2247
1851 2247
1850 2248
1849 2249
1848 2250
1847 2251
1846 2252
1845 2252
1844 2253
1843 2254
1842 2253
1841 2254
1840 2255
1839 2256
1838 2256
1837 2257
1836 2258
1835 2258
1834 2258
1833 2258
1832 2258
1831 2259
1830 2260
1829 2260
1828 2261
1827 2261
1826 2262
1825 2263
1824 2263
1823 2263
1822 2263
1821 2263
1820 2263
1819 2263
1818 2264
1817 2264
1816 2264
1815 2264
1814 2264
1813 2264
1812 2264
1811 2264
1810 2265
1809 2265
1808 2265
1807 2266
1806 2266
1806 2267
1806 2268
1805 2269
1804 2269
1803 2269
1802 2269
1801 2269
1800 2269
1800 2270
1800 2271
1799 2272
1798 2272
1797 2272
1796 2271
1796 2270
1795 2270
1795 2271
1794 2272
1793 2273
1792 2273
1791 2273
1790 2274
1789 2274
1788 2275
1787 2275
1786 2275
1785 2276
1784 2276
1783 2276
1782 2276
1781 2276
1782 2276
1783 2277
1783 2278
1783 2279
1782 2280
1781 2280
1780 2280
1779 2280
1778 2280
1777 2279
1777 2278
1777 2279
1777 2280
1776 2281
1775 2281
1774 2281
1773 2281
1772 2280
1772 2281
1771 2282
1770 2282
1769 2282
1768 2283
1767 2283
1766 2283
1766 2284
1766 2285
1766 2286
1765 2287
1764 2287
1763 2287
1762 2286
1762 2287
1761 2288
1760 2288
1759 2289
1758 2289
1758 2290
1757 2291
1757 2292
1757 2293
1756 2294
1755 2294
1754 2294
1753 2294
1752 2294
1751 2294
1751 2295
1750 2296
1749 2296
1748 2296
1747 2297
1747 2298
1747 2299
1746 2300
1745 2301
1744 2301
1743 2301
1742 2301
1741 2301
1740 2301
1739 2301
1739 2302
1739 2303
1739 2304
1738 2305
1737 2305
1736 2305
1735 2305
1734 2305
1733 2306
1732 2306
1731 2306
1730 2305
1729 2306
1728 2307
1727 2307
1726 2307
1725 2308
1724 2309
1723 2309
1722 2309
1721 2308
1720 2308
1719 2308
1718 2309
1718 2310
1717 2311
1716 2311
1715 2312
1714 2312
1713 2312
1712 2312
1712 2313
1711 2314
1710 2314
1709 2314
1708 2315
1707 2315
1706 2315
1705 2314
1704 2315
1704 2316
1703 2317
1702 2317
1701 2318
1700 2318
1699 2318
1699 2319
1699 2320
1698 2321
1698 2322
1698 2323
1697 2324
1696 2324
1695 2324
1694 2323
1693 2324
1692 2324
1691 2324
1690 2324
1689 2325
1689 2326
1689 2327
1689 2328
1688 2329
1687 2330
1686 2330
1685 2330
1684 2329
1684 2330
1684 2331
1684 2332
1683 2333
1682 2333
1681 2333
1680 2333
1679 2334
1678 2335
1677 2336
1676 2337
1675 2337
1675 2338
1674 2339
1673 2339
1672 2339
1671 2339
1670 2338
1669 2339
1669 2340
1669 2341
1668 2342
1667 2343
1666 2344
1665 2344
1664 2344
1663 2344
1663 2345
1662 2346
1662 2347
1661 2348
1660 2348
1659 2348
1658 2347
1657 2346
1657 2347
1657 2348
1656 2349
1655 2349
1654 2349
1653 2348
1653 2349
1653 2350
1653 2351
1652 2352
1651 2352
1650 2353
1649 2353
1648 2353
1647 2353
1646 2353
1645 2353
1645 2354
1644 2355
1644 2356
1643 2357
1642 2357
1641 2357
1640 2358
1640 2359
1639 2360
1638 2360
1637 2360
1636 2360
1636 2361
1636 2362
1635 2363
1634 2363
1633 2363
1632 2363
1631 2363
1630 2363
1630 2364
1630 2365
1630 2366
1629 2367
1628 2368
1627 2368
1626 2368
1625 2369
1624 2369
1623 2370
1622 2370
1621 2370
1621 2371
1620 2372
1619 2372
1618 2372
1617 2371
1616 2372
1615 2372
1614 2372
1614 2373
1613 2374
1612 2374
1611 2374
1610 2375
1609 2376
1608 2376
1607 2376
1607 2377
1607 2378
1606 2379
1605 2380
1604 2380
1603 2380
1602 2380
1601 2380
1600 2380
1599 2380
1598 2380
1598 2381
1598 2382
1597 2383
1596 2383
1595 2383
1594 2382
1593 2383
1592 2383
1591 2383
1590 2384
1589 2384
1588 2384
1587 2384
1587 2385
1586 2386
1585 2386
1584 2386
1583 2385
1582 2386
1581 2387
1580 2387
1579 2387
1578 2387
1577 2388
1576 2388
1575 2388
1574 2388
1573 2388
1572 2389
1571 2390
1570 2390
1569 2390
1568 2390
1568 2391
1567 2392
1566 2392
1565 2392
1564 2393
1563 2393
1562 2393
1561 2394
1560 2394
1559 2394
1558 2394
1557 2394
1556 2394
1555 2394
1554 2394
1553 2394
1552 2394
1551 2394
1550 2395
1549 2395
1548 2395
1547 2395
1546 2395
1545 2396
1544 2397
1543 2397
1542 2397
1541 2397
1540 2397
1539 2397
1538 2398
1537 2398
1536 2398
1535 2398
1534 2398
1533 2398
1532 2399
1531 2399
1530 2399
1529 2399
1528 2399
1527 2399
1526 2399
1525 2399
1524 2400
1523 2400
1522 2400
1521 2401
1520 2401
1519 2401
1518 2401
1517 2402
1516 2402
1515 2402
1514 2403
1513 2403
1512 2404
1511 2405
1510 2405
1509 2405
1508 2406
1507 2406
1506 2407
1505 2407
1504 2408
1503 2408
1502 2408
1501 2409
1500 2409
1499 2410
1498 2410
1497 2410
1496 2410
1495 2411
1494 2411
1493 2412
1492 2412
1491 2413
1490 2413
1489 2414
1488 2414
1487 2414
1486 2414
1485 2415
1484 2415
1483 2415
1482 2415
1481 2416
1480 2416
1479 2416
1478 2417
1477 2417
1476 2417
1475 2418
1474 2418
1473 2418
1472 2419
1471 2419
1470 2419
1469 2419
1468 2419
1467 2420
1466 2420
1465 2420
1464 2420
1463 2420
1462 2420
1461 2420
1460 2420
1459 2420
1458 2420
1457 2420
1456 2420
1455 2421
1454 2421
1453 2421
1452 2422
1451 2422
1450 2422
1449 2423
1448 2423
1447 2423
1446 2423
1445 2423
1444 2423
1443 2424
1442 2424
1441 2425
1440 2425
1439 2426
1438 2426
1437 2427
1436 2427
1435 2427
1434 2427
1433 2428
1432 2428
1431 2428
1430 2428
1429 2428
1428 2428
1427 2428
1426 2428
1425 2428
1424 2429
1423 2429
1422 2429
1421 2429
1420 2430
1419 2430
1418 2430
1417 2430
1416 2430
1415 2431
1414 2431
1413 2431
1412 2431
1411 2431
1410 2432
1409 2432
1408 2432
1407 2433
1406 2433
1405 2433
1404 2434
1403 2434
1402 2434
1401 2435
1400 2435
1399 2436
1398 2436
1397 2436
1396 2437
1395 2437
1394 2438
1393 2438
1392 2438
1391 2439
1390 2439
1389 2440
1388 2440
1387 2440
1386 2441
1385 2441
1384 2441
1383 2441
1382 2441
1381 2441
1380 2441
1379 2441
1378 2441
1377 2441
1376 2442
1375 2442
1374 2442
1373 2442
1372 2442
1371 2442
1370 2443
1369 2443
1368 2443
1367 2444
1366 2444
1365 2444
1364 2444
1363 2445
1362 2445
1361 2445
1360 2445
1359 2445
1358 2445
1357 2445
1356 2446
1355 2446
1354 2446
1353 2446
1352 2446
1351 2446
1350 2446
1349 2446
1348 2446
1347 2446
1346 2446
1345 2446
1344 2447
1343 2447
1342 2448
1341 2448
1340 2448
1339 2448
1338 2449
1337 2449
1336 2449
1335 2449
1334 2449
1333 2449
1332 2449
1331 2449
1330 2449
1329 2450
1328 2450
1327 2450
1326 2450
1325 2450
1324 2450
1323 2450
1322 2451
1321 2451
1320 2451
1319 2452
1318 2452
1317 2452
1316 2452
1315 2453
1314 2453
1313 2453
1312 2453
1311 2453
1310 2453
1309 2454
1308 2454
1307 2454
1306 2455
1305 2455
1304 2456
1303 2456
1302 2457
1301 2457
1300 2457
1299 2457
1298 2458
1297 2458
1296 2458
1295 2458
1294 2458
1293 2458
1292 2459
1291 2459
1290 2459
1289 2459
1288 2460
1287 2460
1286 2461
1285 2461
1284 2461
1283 2461
1282 2462
1281 2462
1280 2462
1279 2462
1278 2462
1277 2462
1276 2462
1275 2462
1274 2462
1273 2462
1272 2462
1271 2463
1270 2463
1269 2463
1268 2463
1267 2464
1266 2464
1265 2465
1264 2465
1263 2466
1262 2466
1261 2466
1260 2466
1259 2466
1258 2466
1257 2467
1256 2467
1255 2467
1254 2468
1253 2468
1252 2469
1251 2469
1250 2470
1249 2470
1248 2470
1247 2471
1246 2471
1245 2471
1244 2471
1243 2471
1242 2472
1241 2472
1240 2473
1239 2473
1238 2474
1237 2474
1236 2475
1235 2475
1234 2475
1233 2476
1232 2476
1231 2477
1230 2478
1229 2478
1228 2479
1227 2479
1226 2479
1225 2480
1224 2480
1223 2480
1222 2480
1221 2480
1220 2481
1219 2481
1218 2482
1217 2482
1216 2483
1215 2483
1214 2484
1213 2484
1212 2484
1211 2484
1210 2485
1209 2485
1208 2485
1207 2486
1206 2486
1206 2487
1206 2488
1206 2489
1206 2490
1205 2491
1205 2492
1205 2493
1205 2494
1205 2495
1206 2496
1206 2497
1207 2498
1207 2499
1208 2500
1209 2501
1210 2502
1211 2502
1212 2503
1213 2504
1214 2505
1215 2506
1216 2507
1217 2508
1218 2509
1219 2510
1220 2510
1221 2511
1221 2512
1222 2513
1222 2514
1223 2515
1224 2516
1225 2517
1226 2517
1227 2518
1228 2518
1229 2519
1230 2519
1231 2519
1232 2519
1233 2520
1234 2520
1235 2520
1236 2520
1237 2521
1238 2521
1239 2521
1240 2521
1241 2521
1242 2521
1243 2521
1244 2521
1245 2521
1246 2521
1247 2521
1248 2521
1249 2522
1250 2522
1251 2522
1252 2522
1253 2522
1254 2522
1255 2522
1256 2522
1257 2522
1258 2522
1259 2522
1260 2522
1261 2522
1262 2523
1263 2523
1264 2523
1265 2523
1266 2523
1267 2523
1268 2523
1269 2523
1270 2523
1271 2523
1272 2523
1273 2523
1274 2523
1275 2523
1276 2524
1277 2524
1278 2524
1279 2524
1280 2524
1281 2524
1282 2524
1283 2524
1284 2524
1285 2524
1286 2524
1287 2524
1288 2524
1289 2524
1290 2524
1291 2525
1292 2525
1293 2525
1294 2525
1295 2525
1296 2525
1297 2525
1298 2525
1299 2525
1300 2525
1301 2525
1302 2525
1303 2525
1304 2525
1305 2525
1306 2525
1307 2525
1308 2526
1309 2526
1310 2526
1311 2526
1312 2526
1313 2526
1314 2526
1315 2526
1316 2526
1317 2526
1318 2526
1319 2526
1320 2526
1321 2526
1322 2526
1323 2526
1324 2526
1325 2526
1326 2527
1327 2527
1328 2526
1329 2527
1330 2527
1331 2527
1332 2527
1333 2527
1334 2527
1335 2527
1336 2527
1337 2527
1338 2527
1339 2527
1340 2527
1341 2527
1342 2528
1343 2528
1344 2528
1345 2528
1346 2528
1347 2528
1348 2528
1349 2528
1350 2528
1351 2528
1352 2528
1353 2528
1354 2528
1355 2528
1356 2529
1357 2528
1358 2528
1359 2528
1360 2529
1361 2529
1362 2529
1363 2529
1364 2529
1365 2529
1366 2529
1367 2529
1368 2529
1369 2529
1370 2529
1371 2529
1372 2529
1373 2529
1374 2530
1375 2530
1376 2530
1377 2530
1378 2530
1379 2530
1380 2530
1381 2530
1382 2530
1383 2530
1384 2530
1385 2530
1386 2530
1387 2530
1388 2531
1389 2531
1390 2531
1391 2531
1392 2531
1393 2531
1394 2531
1395 2531
1396 2531
1397 2531
1398 2531
1399 2531
1400 2531
1401 2531
1402 2531
1403 2531
1404 2531
1405 2531
1406 2531
1407 2532
1408 2532
1409 2532
1410 2531
1411 2531
1412 2531
1413 2532
1414 2532
1415 2532
1416 2532
1417 2532
1418 2532
1419 2532
1420 2532
1421 2532
1422 2532
1423 2532
1424 2532
1425 2532
1426 2532
1427 2532
1428 2532
1429 2532
1430 2532
1431 2532
1432 2532
1433 2532
1434 2533
1435 2533
1436 2533
1437 2534
1437 2533
1437 2532
1438 2531
1439 2531
1440 2531
1441 2532
1442 2533
1442 2534
1442 2535
1443 2536
1444 2536
1444 2535
1445 2534
1446 2533
1447 2533
1448 2533
1449 2534
1449 2535
1449 2534
1449 2533
1449 2532
1450 2531
1451 2531
1452 2531
1453 2531
1454 2532
1454 2531
1455 2530
1456 2530
1457 2530
1458 2531
1458 2532
1459 2532
1460 2532
1460 2531
1461 2530
1462 2530
1463 2530
1464 2531
1465 2532
1465 2533
1466 2533
1467 2533
1468 2534
1469 2533
1470 2532
1470 2531
1471 2530
1472 2530
1473 2530
1474 2531
1474 2532
1474 2533
1474 2534
1474 2533
1474 2532
1475 2531
1476 2531
1477 2531
1478 2532
1478 2533
1479 2534
1480 2533
1481 2533
1482 2533
1483 2533
1484 2533
1485 2533
1486 2532
1487 2532
1488 2532
1489 2532
1490 2533
1490 2534
1490 2533
1491 2532
1492 2532
1493 2532
1494 2533
1494 2534
1495 2534
1496 2534
1497 2534
1498 2535
1498 2536
1498 2535
1499 2534
1500 2534
1501 2534
1502 2535
1503 2535
1504 2536
1505 2536
1506 2536
1507 2536
1508 2535
1509 2534
1510 2534
1511 2534
1512 2535
1512 2536
1512 2537
1512 2538
1513 2537
1514 2537
1515 2537
1516 2537
1517 2538
1518 2539
1519 2539
1520 2539
1521 2540
1522 2540
1523 2541
1524 2540
1525 2540
1526 2540
1527 2540
1528 2541
1529 2541
1530 2540
1531 2540
1532 2540
1533 2540
1534 2541
1535 2542
1535 2543
1536 2543
1537 2543
1538 2543
1539 2544
1540 2544
1541 2543
1542 2542
1543 2542
1544 2542
1545 2542
1546 2543
1546 2544
1547 2544
1548 2543
1549 2543
1550 2543
1551 2544
1552 2544
1553 2544
1554 2544
1555 2543
1556 2542
1557 2542
1558 2541
1559 2541
1560 2541
1561 2542
1561 2543
1562 2543
1563 2543
1564 2544
1565 2544
1566 2544
1567 2544
1568 2545
1568 2546
1569 2545
1570 2545
1571 2545
1572 2545
1573 2545
1574 2545
1575 2546
1576 2545
1577 2545
1578 2545
1579 2545
1580 2545
1581 2545
1582 2546
1583 2545
1584 2545
1585 2545
1586 2546
1587 2546
1588 2546
1589 2546
1590 2547
1591 2547
1592 2547
1593 2547
1593 2546
1594 2545
1595 2545
1596 2545
1597 2546
1598 2546
1599 2545
1600 2545
1601 2545
1602 2546
1602 2547
1603 2547
1604 2547
1605 2547
1606 2547
1607 2547
1608 2547
1609 2548
1609 2549
1610 2550
1611 2550
1612 2550
1613 2550
1614 2550
1615 2550
1616 2551
1616 2552
1617 2551
1618 2551
1619 2551
1620 2551
1621 2552
1622 2551
1623 2551
1624 2551
1625 2551
1626 2552
1626 2553
1627 2552
1628 2552
1629 2552
1630 2553
1631 2553
1632 2554
1632 2555
1633 2554
1634 2554
1635 2554
1636 2555
1637 2555
1638 2556
1639 2555
1640 2555
1641 2555
1642 2556
1642 2557
1642 2558
1643 2558
1644 2558
1645 2558
1646 2559
1647 2559
1648 2559
1649 2559
1650 2560
1650 2561
1650 2562
1651 2561
1652 2561
1653 2561
1654 2562
1655 2562
1656 2562
1657 2562
1658 2563
1659 2563
1660 2563
1661 2563
1662 2563
1663 2564
1664 2564
1665 2564
1666 2564
1667 2564
1668 2565
1669 2565
1670 2565
1671 2565
1672 2565
1673 2565
1674 2565
1675 2565
1676 2565
1677 2565
1678 2565
1679 2565
1680 2565
1681 2566
1682 2566
1683 2566
1684 2566
1685 2567
1686 2566
1687 2566
1688 2566
1689 2566
1690 2566
1691 2566
1692 2566
1693 2566
1694 2567
1695 2567
1696 2567
1697 2567
1698 2567
1699 2567
1700 2567
1701 2567
1702 2567
1703 2567
1704 2568
1705 2567
1706 2568
1707 2568
1708 2568
1709 2568
1710 2568
1711 2568
1712 2568
1713 2568
1714 2568
1715 2568
1716 2568
1717 2568
1718 2568
1719 2569
1720 2568
1721 2569
1722 2569
1723 2569
1724 2570
1725 2570
1726 2570
1727 2571
1728 2571
1729 2572
1730 2572
1731 2572
1732 2572
1733 2573
1734 2573
1735 2573
1736 2574
1737 2574
1738 2574
1739 2574
1740 2574
1741 2574
1742 2575
1743 2575
1744 2575
1745 2575
1746 2576
1747 2576
1748 2576
1749 2576
1750 2577
1751 2577
1752 2577
1753 2578
1754 2579
1755 2580
1756 2580
1757 2581
1757 2582
1758 2582
1759 2583
1760 2583
1761 2583
1762 2584
1763 2584
1764 2585
1765 2585
1766 2585
1767 2585
1768 2586
1769 2586
1770 2586
1771 2587
1772 2587
1773 2586
1774 2586
1775 2586
1776 2587
1777 2587
1778 2588
1779 2588
1780 2588
1781 2588
1782 2588
1783 2588
1784 2589
1785 2589
1786 2590
1787 2590
1788 2590
1789 2591
1790 2592
1791 2592
1792 2592
1793 2592
1794 2593
1795 2593
1795 2592
1796 2591
1797 2591
1798 2591
1799 2592
1799 2593
1799 2594
1800 2594
1801 2594
1802 2594
1803 2594
1804 2594
1805 2595
1806 2595
1807 2595
1808 2595
1809 2595
1810 2595
1811 2595
1812 2595
1813 2595
1814 2595
1815 2595
1816 2595
1817 2596
1818 2596
1819 2596
1820 2596
1821 2596
1822 2596
1823 2596
1824 2596
1825 2596
1826 2597
1827 2597
1828 2596
1829 2596
1830 2596
1831 2597
1832 2597
1833 2597
1834 2598
1835 2597
1836 2597
1837 2597
1838 2598
1839 2598
1840 2598
1841 2598
1842 2598
1843 2599
1844 2599
1845 2600
1845 2601
1846 2601
1847 2601
1848 2601
1849 2601
1850 2602
1851 2602
1852 2602
1853 2602
1854 2603
1855 2603
1856 2603
1857 2603
1858 2603
1859 2603
1860 2604
1861 2604
1862 2604
1863 2604
1864 2604
1865 2605
1866 2605
1867 2604
1868 2604
1869 2604
1870 2605
1871 2605
1872 2605
1873 2605
1874 2605
1875 2605
1876 2605
1877 2605
1878 2605
1879 2606
1880 2606
1881 2606
1882 2606
1883 2606
1884 2606
1885 2606
1886 2606
1887 2606
1888 2606
1889 2606
1890 2606
1891 2606
1892 2606
1893 2606
1894 2607
1895 2607
1896 2607
1897 2607
1898 2607
1899 2607
1900 2607
1901 2607
1902 2608
1903 2608
1904 2609
1905 2609
1906 2608
1907 2609
1908 2610
1909 2610
1910 2611
1911 2611
1912 2611
1913 2611
1914 2612
1915 2613
1916 2613
1917 2613
1918 2614
1919 2614
1920 2615
1921 2616
1922 2615
1923 2616
1924 2617
1925 2617
1926 2617
1927 2618
1928 2618
1929 2618
1930 2618
1931 2619
1932 2619
1933 2619
1934 2619
1935 2620
1936 2620
1937 2620
1938 2621
1939 2622
1940 2623
1941 2623
1942 2623
1943 2623
1944 2624
1945 2625
1946 2624
1947 2624
1948 2624
1949 2625
1950 2625
1951 2625
1952 2625
1953 2625
1954 2626
1955 2626
1956 2626
1957 2626
1958 2627
1958 2628
1959 2628
1960 2629
1961 2629
1962 2629
1963 2630
1964 2630
1965 2630
1966 2630
1967 2631
1968 2631
1969 2631
1970 2632
1971 2632
1972 2632
1973 2633
1974 2633
1975 2633
1976 2633
1977 2634
1978 2633
1979 2633
1980 2633
1981 2634
1982 2634
1983 2634
1984 2634
1985 2634
1986 2634
1987 2634
1988 2635
1989 2635
1990 2635
1991 2635
1992 2635
1993 2635
1994 2635
1995 2635
1996 2635
1997 2636
1998 2636
1999 2635
2000 2636
2001 2636
2002 2636
2003 2636
2004 2636
2005 2636
2006 2636
2007 2637
2008 2637
2009 2636
2010 2636
2011 2637
2012 2637
2013 2637
2014 2637
2015 2637
2016 2637
2017 2637
2018 2637
2019 2637
2020 2637
2021 2637
2022 2637
2023 2637
2024 2637
2025 2637
2026 2638
2027 2638
2028 2638
2029 2638
2030 2638
2031 2638
2032 2638
2033 2638
2034 2638
2035 2638
2036 2638
2037 2639
2038 2639
2039 2639
2040 2639
2041 2639
2042 2639
2043 2639
2044 2639
2045 2639
2046 2639
2047 2639
2048 2639
2049 2640
2050 2640
2051 2640
2052 2640
2053 2640
2054 2640
2055 2640
2056 2640
2057 2640
2058 2640
2059 2640
2060 2640
2061 2640
2062 2640
2063 2640
2064 2641
2065 2641
2066 2641
2067 2641
2068 2641
2069 2641
2070 2641
2071 2641
2072 2641
2073 2641
2074 2641
2075 2641
2076 2641
2077 2641
2078 2641
2079 2642
2080 2642
2081 2642
2082 2642
2083 2642
2084 2642
2085 2642
2086 2642
2087 2642
2088 2642
2089 2642
2090 2642
2091 2642
2092 2642
2093 2642
2094 2642
2095 2643
2096 2643
2097 2643
2098 2643
2099 2643
2100 2643
2101 2643
2102 2643
2103 2643
2104 2643
2105 2643
2106 2643
2107 2643
2108 2643
2109 2643
2110 2644
2111 2644
2112 2644
2113 2644
2114 2644
2115 2644
2116 2644
2117 2644
2118 2644
2119 2644
2120 2644
2121 2644
2122 2644
2123 2644
2124 2644
2125 2644
2126 2645
2127 2645
2128 2645
2129 2645
2130 2645
2131 2645
2132 2645
2133 2645
2134 2645
2135 2645
2136 2645
2137 2645
2138 2645
2139 2645
2140 2645
2141 2646
2142 2646
2143 2646
2144 2646
2145 2646
2146 2646
2147 2646
2148 2646
2149 2646
2150 2646
2151 2646
2152 2646
2153 2646
2154 2646
2155 2646
2156 2647
2157 2647
2158 2647
2159 2647
2160 2647
2161 2647
2162 2647
2163 2647
2164 2647
2165 2647
2166 2647
2167 2647
2168 2647
2169 2647
2170 2647
2171 2647
2172 2648
2173 2648
2174 2648
2175 2648
2176 2648
2177 2648
2178 2648
2179 2648
2180 2648
2181 2648
2182 2648
2183 2648
2184 2648
2185 2648
2186 2648
2187 2649
2188 2649
2189 2649
2190 2649
2191 2649
2192 2649
2193 2649
2194 2649
2195 2649
2196 2649
2197 2649
2198 2649
2199 2649
2200 2649
2201 2649
2202 2649
2203 2650
2204 2650
2205 2650
2206 2650
2207 2650
2208 2650
2209 2650
2210 2650
2211 2650
2212 2650
2213 2650
2214 2650
2215 2650
2216 2650
2217 2650
2218 2651
2219 2651
2220 2651
2221 2651
2222 2651
2223 2651
2224 2651
2225 2651
2226 2651
2227 2651
2228 2651
2229 2651
2230 2651
2231 2651
2232 2651
2233 2652
2234 2652
2235 2652
2236 2652
2237 2652
2238 2652
2239 2652
2240 2652
2241 2652
2242 2652
2243 2652
2244 2652
2245 2652
2246 2652
2247 2652
2248 2652
2249 2653
2250 2653
2251 2653
2252 2653
2253 2653
2254 2653
2255 2653
2256 2653
2257 2653
2258 2653
2259 2653
2260 2653
2261 2653
2262 2653
2263 2653
2264 2654
2265 2654
2266 2654
2267 2654
2268 2654
2269 2654
2270 2654
2271 2654
2272 2654
2273 2654
2274 2654
2275 2654
2276 2654
2277 2654
2278 2654
2279 2655
2280 2655
2281 2655
2282 2655
2283 2655
2284 2655
2285 2655
2286 2655
2287 2655
2288 2655
2289 2655
2290 2655
2291 2655
2292 2655
2293 2655
2294 2656
2295 2656
2296 2656
2297 2656
2298 2656
2299 2656
2300 2656
2301 2656
2302 2656
2303 2656
2304 2656
2305 2656
2306 2656
2307 2656
2308 2656
2309 2656
2310 2657
2311 2657
2312 2657
2313 2657
2314 2657
2315 2657
2316 2657
2317 2657
2318 2657
2319 2657
2320 2657
2321 2657
2322 2657
2323 2657
2324 2657
2325 2658
2326 2658
2327 2658
2328 2658
2329 2658
2330 2658
2331 2658
2332 2658
2333 2658
2334 2658
2335 2658
2336 2658
2337 2658
2338 2659
2337 2660
2336 2660
2335 2660
2334 2660
2333 2660
2332 2660
2331 2660
2330 2660
2329 2660
2328 2660
2327 2660
2326 2660
2325 2660
2324 2660
2323 2660
2322 2660
2321 2660
2320 2660
2319 2660
2318 2660
2317 2660
2316 2660
2315 2660
2314 2660
2313 2660
2312 2660
2311 2660
2310 2660
2309 2660
2308 2660
2307 2660
2306 2660
2305 2660
2304 2660
2303 2660
2302 2660
2301 2660
2300 2660
2299 2660
2298 2660
2297 2660
2296 2660
2295 2660
2294 2660
2293 2660
2292 2660
2291 2660
2290 2660
2289 2660
2288 2660
2287 2661
2286 2661
2285 2661
2284 2661
2285 2661
2286 2661
2287 2661
2288 2661
2289 2661
2290 2661
2291 2661
2292 2661
2293 2661
2294 2661
2295 2661
2296 2661
2297 2661
2298 2661
2299 2661
2300 2661
2301 2661
2302 2661
2303 2661
2304 2661
2305 2662
2306 2662
2307 2662
2308 2662
2309 2662
2310 2663
2311 2663
2312 2663
2313 2664
2314 2665
2315 2665
2316 2666
2317 2666
2318 2666
2319 2667
2320 2667
2321 2667
2322 2667
2323 2667
2324 2667
2325 2668
2326 2668
2327 2668
2328 2668
2329 2668
2330 2668
2331 2668
2332 2668
2333 2669
2334 2669
2335 2669
2336 2669
2337 2669
2338 2669
2339 2669
2340 2669
2341 2669
2342 2669
2343 2669
2344 2670
2345 2670
2346 2670
2347 2670
2348 2670
2349 2670
2350 2670
2351 2670
2352 2670
2353 2670
2354 2670
2355 2670
2356 2670
2357 2671
2358 2671
2359 2671
2360 2671
2361 2671
2362 2671
2363 2671
2364 2671
2365 2671
2366 2671
2367 2671
2368 2671
2369 2671
2370 2671
2371 2671
2372 2672
2373 2672
2374 2672
2375 2672
2376 2672
2377 2672
2378 2672
2379 2672
2380 2672
2381 2672
2382 2672
2383 2672
2384 2672
2385 2671
2386 2671
2387 2671
2388 2671
2389 2670
2390 2670
2391 2670
2392 2670
2393 2669
2394 2669
2395 2669
2396 2669
2397 2669
2398 2669
2399 2669
2400 2669
2401 2669
2402 2669
2403 2669
2404 2669
2405 2669
2406 2669
2407 2669
2408 2669
2409 2669
2410 2669
2411 2669
2412 2669
2413 2669
2414 2669
2415 2669
2416 2669
2417 2669
2418 2669
2419 2669
2420 2669
2421 2669
2422 2669
2423 2669
2424 2669
2425 2669
2426 2669
2427 2670
2428 2670
2429 2670
2430 2670
2431 2670
2432 2670
2433 2670
2434 2670
2435 2670
2436 2670
2437 2670
2438 2670
2439 2670
2440 2670
2441 2670
2442 2670
2443 2670
2444 2671
2445 2671
2446 2671
2447 2671
2448 2671
2449 2671
2450 2671
2451 2671
2452 2671
2453 2671
2454 2671
2455 2671
2456 2671
2457 2671
2458 2671
2459 2672
2460 2672
2461 2672
2462 2672
2463 2672
2464 2672
2465 2672
2466 2672
2467 2672
2468 2672
2469 2672
2470 2672
2471 2672
2472 2672
2473 2672
2474 2672
2475 2673
2476 2673
2477 2673
2478 2673
2479 2673
2480 2673
2481 2673
2482 2673
2483 2673
2484 2673
2485 2673
2486 2673
2487 2673
2488 2673
2489 2673
2490 2674
2491 2674
2492 2674
2493 2674
2494 2674
2495 2674
2496 2674
2497 2674
2498 2674
2499 2674
2500 2674
2501 2674
2502 2674
2503 2674
2504 2674
2505 2675
2506 2675
2507 2675
2508 2675
2509 2675
2510 2675
2511 2675
2512 2675
2513 2675
2514 2675
2515 2675
2516 2675
2517 2675
2518 2675
2519 2675
2520 2675
2521 2676
2522 2676
2523 2676
2524 2676
2525 2676
2526 2676
2527 2676
2528 2676
2529 2676
2530 2676
2531 2676
2532 2676
2533 2676
2534 2676
2535 2676
2536 2677
2537 2677
2538 2677
2539 2677
2540 2677
2541 2677
2542 2677
2543 2677
2544 2677
2545 2677
2546 2677
2547 2677
2548 2677
2549 2677
2550 2677
2551 2678
2552 2678
2553 2678
2554 2678
2555 2678
2556 2678
2557 2678
2558 2678
2559 2678
2560 2678
2561 2678
2562 2678
2563 2678
2564 2679
2565 2679
2566 2679
2567 2680
2568 2680
2569 2681
2570 2681
2571 2682
2572 2682
2573 2682
2574 2683
2575 2683
2576 2684
2577 2684
2578 2685
2579 2685
2580 2686
2581 2687
2582 2687
2583 2688
2584 2688
2585 2689
2586 2689
2587 2689
2588 2690
2589 2690
2590 2690
2591 2690
2592 2690
2593 2690
2594 2691
2595 2691
2596 2691
2597 2691
2598 2691
2599 2691
2600 2691
2601 2691
2602 2692
2603 2692
2604 2692
2605 2692
2606 2692
2607 2692
2608 2692
2609 2692
2610 2692
2611 2692
2612 2692
2613 2692
2614 2692
2615 2692
2616 2693
2617 2693
2618 2693
2619 2693
2620 2693
2621 2693
2622 2693
2623 2693
2624 2693
2625 2693
2626 2693
2627 2693
2628 2693
2629 2693
2630 2694
2631 2694
2632 2694
2633 2694
2634 2694
2635 2694
2636 2694
2637 2694
2638 2694
2639 2694
2640 2694
2641 2694
2642 2694
2643 2694
2644 2694
2645 2695
2646 2695
2647 2695
2648 2695
2649 2695
2650 2695
2651 2695
2652 2695
2653 2695
2654 2695
2655 2695
2656 2695
2657 2695
2658 2695
2659 2695
2660 2695
2661 2696
2662 2696
2663 2696
2664 2696
2665 2696
2666 2696
2667 2696
2668 2696
2669 2696
2670 2696
2671 2696
2672 2696
2673 2696
2674 2696
2675 2696
2676 2697
2677 2697
2678 2697
2679 2697
2680 2697
2681 2697
2682 2697
2683 2697
2684 2697
2685 2697
2686 2697
2687 2697
2688 2697
2689 2697
2690 2697
2691 2698
2692 2698
2693 2698
2694 2698
2695 2698
2696 2698
2697 2698
2698 2698
2699 2698
2700 2698
2701 2698
2702 2698
2703 2698
2704 2698
2705 2698
2706 2698
2707 2699
2708 2699
2709 2699
2710 2699
2711 2699
2712 2699
2713 2699
2714 2699
2715 2699
2716 2699
2717 2699
2718 2699
2719 2699
2720 2699
2721 2699
2722 2700
2723 2700
2724 2700
2725 2700
2726 2700
2727 2700
2728 2700
2729 2700
2730 2700
2731 2700
2732 2700
2733 2700
2734 2700
2735 2700
2736 2700
2737 2700
2738 2701
2739 2701
2740 2701
2741 2701
2742 2701
2743 2701
2744 2701
2745 2701
2746 2701
2747 2701
2748 2701
2749 2701
2750 2701
2751 2701
2752 2701
2753 2702
2754 2702
2755 2702
2756 2702
2757 2702
2758 2702
2759 2702
2760 2702
2761 2702
2762 2702
2763 2702
2764 2702
2765 2702
2766 2702
2767 2702
2768 2703
2769 2703
2770 2703
2771 2703
2772 2703
2773 2703
2774 2703
2775 2703
2776 2703
2777 2703
2778 2703
2779 2703
2780 2703
2781 2703
2782 2703
2783 2704
2784 2704
2785 2704
2786 2704
2787 2704
2788 2704
2789 2704
2790 2704
2791 2704
2792 2704
2793 2704
2794 2704
2795 2704
2796 2704
2797 2704
2798 2704
2799 2705
2800 2705
2801 2705
2802 2705
2803 2705
2804 2705
2805 2705
2806 2705
2807 2705
2808 2705
2809 2705
2810 2705
2811 2705
2812 2705
2813 2705
2814 2706
2815 2706
2816 2706
2817 2706
2818 2706
2819 2706
2820 2706
2821 2706
2822 2706
2823 2706
2824 2706
2825 2706
2826 2707
2827 2707
2828 2707
2829 2708
2830 2708
2831 2708
2832 2709
2833 2709
2834 2709
2835 2710
2836 2710
2837 2710
2838 2711
2839 2711
2840 2711
2841 2711
2842 2711
2843 2712
2844 2712
2845 2712
2846 2712
2847 2712
2848 2713
2849 2713
2850 2714
2851 2714
2852 2714
2853 2715
2854 2715
2855 2716
2856 2716
2857 2716
2858 2717
2859 2717
2860 2717
2861 2718
2862 2718
2863 2718
2864 2719
2865 2719
2866 2719
2867 2719
2868 2719
2869 2719
2870 2719
2871 2720
2872 2720
2873 2720
2874 2720
2875 2720
2876 2720
2877 2720
2878 2720
2879 2721
2880 2721
2881 2721
2882 2721
2883 2721
2884 2721
2885 2721
2886 2721
2887 2721
2888 2721
2889 2721
2890 2721
2891 2721
2892 2722
2893 2722
2894 2722
2895 2722
2896 2722
2897 2722
2898 2722
2899 2722
2900 2722
2901 2722
2902 2722
2903 2722
2904 2722
2905 2722
2906 2722
2907 2723
2908 2723
2909 2723
2910 2723
2911 2723
2912 2723
2913 2723
2914 2723
2915 2723
2916 2723
2917 2723
2918 2723
2919 2723
2920 2723
2921 2723
2922 2723
2923 2724
2924 2724
2925 2724
2926 2724
2927 2724
2928 2724
2929 2724
2930 2724
2931 2724
2932 2724
2933 2724
2934 2724
2935 2724
2936 2724
2937 2724
2938 2725
2939 2725
2940 2725
2941 2725
2942 2725
2943 2725
2944 2725
2945 2725
2946 2725
2947 2725
2948 2725
2949 2725
2950 2725
2951 2725
2952 2725
2953 2726
2954 2726
2955 2726
2956 2726
2957 2726
2958 2726
2959 2726
2960 2726
2961 2726
2962 2726
2963 2726
2964 2726
2965 2726
2966 2726
2967 2726
2968 2726
2969 2727
2970 2727
2971 2727
2972 2727
2973 2727
2974 2727
2975 2727
2976 2727
2977 2727
2978 2727
2979 2727
2980 2727
2981 2727
2982 2727
2983 2727
2984 2728
2985 2728
2986 2728
2987 2728
2988 2728
2989 2728
2990 2728
2991 2728
2992 2728
2993 2728
2994 2728
2995 2728
2996 2728
2997 2728
2998 2728
2999 2729
3000 2729
3001 2729
3002 2729
3003 2729
3004 2729
3005 2729
3006 2729
3007 2729
3008 2729
3009 2729
3010 2729
3011 2729
3012 2729
3013 2729
3014 2729
3015 2730
3016 2730
3017 2730
3018 2730
3019 2730
3020 2730
3021 2730
3022 2730
3023 2730
3024 2730
3025 2730
3026 2730
3027 2730
3028 2730
3029 2731
3030 2731
3031 2732
3032 2732
3033 2733
3034 2733
3035 2734
3036 2734
3037 2734
3038 2735
3039 2735
3040 2735
3041 2736
3042 2736
3043 2736
3044 2737
3045 2737
3046 2737
3047 2737
3048 2737
3049 2737
3050 2737
3051 2737
3052 2737
3053 2737
3054 2737
3055 2738
3056 2738
3057 2738
3058 2738
3059 2738
3060 2738
3061 2738
3062 2738
3063 2738
3064 2738
3065 2738
3066 2738
3067 2738
3068 2738
3069 2739
3070 2739
3071 2739
3072 2739
3073 2739
3074 2739
3075 2739
3076 2739
3077 2739
3078 2739
3079 2739
3080 2739
3081 2739
3082 2740
3083 2740
3084 2740
3085 2740
3086 2740
3087 2740
3088 2740
3089 2740
3090 2740
3091 2740
3092 2740
3093 2740
3094 2740
3095 2740
3096 2740
3097 2741
3098 2741
3099 2741
3100 2741
3101 2741
3102 2741
3103 2741
3104 2741
3105 2741
3106 2741
3107 2741
3108 2741
3109 2741
3110 2741
3111 2741
3112 2741
3113 2742
3114 2742
3115 2742
3116 2742
3117 2742
3118 2742
3119 2742
3120 2742
3121 2742
3122 2742
3123 2742
3124 2742
3125 2742
3126 2742
3127 2742
3128 2743
3129 2743
3130 2743
3131 2743
3132 2743
3133 2743
3134 2743
3135 2743
3136 2743
3137 2743
3138 2743
3139 2743
3140 2743
3141 2743
3142 2743
3143 2744
3144 2744
3145 2744
3146 2744
3147 2744
3148 2744
3149 2744
3150 2744
3151 2744
3152 2744
3153 2744
3154 2744
3155 2744
3156 2744
3157 2744
3158 2744
3159 2745
3160 2745
3161 2745
3162 2745
3163 2745
3164 2745
3165 2745
3166 2745
3167 2745
3168 2745
3169 2745
3170 2745
3171 2745
3172 2745
3173 2745
3174 2746
3175 2746
3176 2746
3177 2746
3178 2746
3179 2746
3180 2746
3181 2746
3182 2746
3183 2746
3184 2746
3185 2746
3186 2746
3187 2746
3188 2746
3189 2746
3190 2747
3191 2747
3192 2747
3193 2747
3194 2747
3195 2747
3196 2747
3197 2747
3198 2747
3199 2747
3200 2747
3201 2747
3202 2747
3203 2747
3204 2747
3205 2748
3206 2748
3207 2748
3208 2748
3209 2748
3210 2748
3211 2748
3212 2748
3213 2748
3214 2748
3215 2748
3216 2748
3217 2748
3218 2748
3219 2748
3220 2749
3221 2749
3222 2749
3223 2749
3224 2749
3225 2749
3226 2749
3227 2749
3228 2749
3229 2749
3230 2749
3231 2749
3232 2749
3233 2749
3234 2749
3235 2749
3236 2750
3237 2750
3238 2749
3239 2749
3240 2749
3241 2749
3242 2749
3243 2748
3244 2748
3245 2748
3246 2748
3247 2748
3248 2747
3249 2747
3250 2747
3251 2747
3252 2747
3253 2747
3254 2747
3255 2747
3256 2747
3257 2747
3258 2746
3259 2746
3260 2746
3261 2747
3262 2747
3263 2747
3264 2747
3265 2747
3266 2747
3267 2747
3268 2747
3269 2746
3270 2746
3271 2746
3272 2745
3273 2745
3274 2745
3275 2744
3276 2744
3277 2744
3278 2744
3279 2744
3280 2744
3281 2744
3282 2744
3283 2743
3284 2743
3285 2743
3286 2743
3287 2743
3288 2743
3289 2743
3290 2743
3291 2743
3292 2743
3293 2743
3294 2743
3295 2743
3296 2743
3297 2743
3298 2743
3299 2743
3300 2743
3301 2743
3302 2743
3303 2743
3304 2743
3305 2743
3306 2743
3307 2743
3308 2744
3309 2744
3310 2744
3311 2744
3312 2744
3313 2744
3314 2744
3315 2744
3316 2744
3317 2744
3318 2744
3319 2744
3320 2744
3321 2744
3322 2744
3323 2744
3324 2744
3325 2745
3326 2745
3327 2745
3328 2745
3329 2745
3330 2745
3331 2745
3332 2745
3333 2745
3334 2745
3335 2745
3336 2745
3337 2745
3338 2745
3339 2745
3340 2746
3341 2746
3342 2746
3343 2746
3344 2746
3345 2746
3346 2746
3347 2746
3348 2746
3349 2746
3350 2746
3351 2746
3352 2746
3353 2746
3354 2746
3355 2746
3356 2747
3357 2747
3358 2747
3359 2747
3360 2747
3361 2747
3362 2747
3363 2747
3364 2747
3365 2747
3366 2747
3367 2747
3368 2747
3369 2747
3370 2747
3371 2747
3372 2748
3373 2748
3374 2748
3375 2748
3376 2748
3377 2748
3378 2748
3379 2748
3380 2748
3381 2748
3382 2748
3383 2748
3384 2748
3385 2748
3386 2748
3387 2748
3388 2748
3389 2747
3390 2747
3391 2747
3392 2747
3393 2746
3394 2746
3395 2746
3396 2746
3397 2746
3398 2745
3399 2745
3400 2745
3401 2745
3402 2744
3403 2744
3404 2744
3405 2743
3406 2743
3407 2743
3408 2742
3409 2742
3410 2742
3411 2741
3412 2741
3413 2741
3414 2741
3415 2741
3416 2741
3417 2741
3418 2741
3419 2741
3420 2740
3421 2740
3422 2740
3423 2739
3424 2739
3425 2738
3426 2738
3427 2738
3428 2738
3429 2737
3430 2737
3431 2737
3432 2737
3433 2737
3434 2737
3435 2737
3436 2737
3437 2737
3438 2736
3439 2736
3440 2736
3441 2736
3442 2736
3443 2736
3444 2736
3445 2736
3446 2735
3447 2735
3448 2735
3449 2734
3450 2734
3451 2734
3452 2733
3453 2733
3454 2733
3455 2733
3456 2733
3457 2733
3458 2733
3459 2732
3460 2732
3461 2732
3462 2732
3463 2731
3464 2731
3465 2730
3466 2730
3467 2730
3468 2729
3469 2729
3470 2729
3471 2728
3472 2728
3473 2727
3474 2727
3475 2726
3476 2726
3477 2726
3478 2726
3479 2725
3480 2725
3481 2724
3482 2724
3483 2723
3484 2723
3485 2722
3486 2721
3487 2721
3488 2720
3489 2720
3490 2719
3491 2719
3492 2718
3493 2718
3494 2717
3495 2716
3496 2716
3497 2715
3498 2715
3499 2714
3500 2714
3501 2713
3502 2713
3503 2712
3504 2711
3505 2711
3506 2710
3507 2710
3508 2709
3509 2709
3510 2708
3511 2707
3512 2706
3513 2706
3514 2705
3515 2705
3516 2704
3517 2703
3518 2702
3519 2702
3520 2701
3521 2701
3522 2700
3523 2700
3524 2700
3525 2699
3526 2699
3527 2698
3528 2697
3529 2696
3530 2696
3531 2695
3532 2695
3533 2695
3534 2694
3535 2694
3536 2694
3537 2693
3538 2693
3539 2692
3540 2692
3541 2691
3542 2691
3543 2691
3544 2690
3545 2690
3546 2690
3547 2689
3548 2689
3549 2688
3550 2687
3551 2687
3552 2686
3553 2685
3554 2684
3555 2683
3556 2683
3557 2682
3558 2681
3559 2680
3560 2680
3561 2679
3562 2678
3563 2678
3564 2677
3565 2676
3566 2676
3567 2675
3568 2675
3569 2674
3570 2674
3571 2673
3572 2672
3573 2672
3574 2672
3575 2671
3576 2670
3577 2670
3578 2669
3579 2668
3580 2667
3581 2666
3582 2665
3583 2664
3584 2663
3585 2663
3586 2662
3587 2661
3588 2660
3589 2659
3590 2658
3591 2657
3592 2656
3593 2656
3594 2655
3595 2654
3596 2653
3597 2652
3598 2651
3598 2650
3599 2649
3599 2648
3600 2647
3600 2646
3601 2645
3601 2644
3602 2643
3603 2642
3604 2641
3605 2640
3605 2639
3606 2638
3606 2637
3606 2636
3607 2635
3607 2634
3608 2633
3609 2632
3610 2631
3610 2630
3611 2629
3611 2628
3612 2627
3612 2626
3612 2625
3613 2624
3614 2623
3615 2622
3616 2621
3616 2620
3617 2619
3617 2618
3618 2617
3618 2616
3619 2615
3620 2614
3621 2613
3622 2612
3623 2611
3623 2610
3624 2609
3625 2608
3625 2607
3625 2606
3625 2605
3625 2604
3625 2603
3626 2602
3626 2601
3626 2600
3626 2599
3626 2598
3627 2597
3627 2596
3628 2595
3628 2594
3629 2593
3629 2592
3630 2591
3630 2590
3631 2589
3631 2588
3631 2587
3631 2586
3632 2585
3632 2584
3632 2583
3632 2582
3633 2581
3633 2580
3633 2579
3633 2578
3633 2577
3634 2576
3634 2575
3634 2574
3635 2573
3636 2572
3636 2571
3637 2570
3637 2569
3638 2568
3638 2567
3638 2566
3638 2565
3639 2564
3639 2563
3639 2562
3639 2561
3639 2560
3639 2559
3639 2558
3640 2557
3640 2556
3640 2555
3640 2554
3640 2553
3640 2552
3641 2551
3641 2550
3641 2549
3641 2548
3641 2547
3641 2546
3641 2545
3642 2544
3642 2543
3642 2542
3643 2541
3643 2540
3644 2539
3644 2538
3644 2537
3645 2536
3645 2535
3645 2534
3646 2533
3646 2532
3646 2531
3646 2530
3646 2529
3647 2528
3647 2527
3647 2526
3647 2525
3647 2524
3648 2523
3648 2522
3648 2521
3648 2520
3648 2519
3648 2518
3648 2517
3648 2516
3648 2515
3648 2514
3648 2513
3648 2512
3649 2511
3649 2510
3649 2509
3649 2508
3649 2507
3649 2506
3649 2505
3649 2504
3649 2503
3649 2502
3649 2501
3650 2500
3650 2499
3650 2498
3650 2497
3650 2496
3650 2495
3650 2494
3650 2493
3650 2492
3650 2491
3650 2490
3650 2489
3650 2488
3650 2487
3651 2486
3651 2485
3651 2484
3651 2483
3651 2482
3651 2481
3651 2480
3651 2479
3651 2478
3651 2477
3651 2476
3651 2475
3651 2474
3651 2473
3651 2472
3652 2471
3652 2470
3652 2469
3652 2468
3652 2467
3652 2466
3652 2465
3652 2464
3652 2463
3652 2462
3652 2461
3652 2460
3652 2459
3653 2458
3653 2457
3653 2456
3653 2455
3653 2454
3653 2453
3653 2452
3653 2451
3653 2450
3653 2449
3653 2448
3653 2447
3653 2446
3653 2445
3653 2444
3653 2443
3654 2442
3654 2441
3654 2440
3654 2439
3654 2438
3654 2437
3654 2436
3654 2435
3654 2434
3654 2433
3654 2432
3654 2431
3654 2430
3654 2429
3654 2428
3655 2427
3655 2426
3655 2425
3655 2424
3655 2423
3655 2422
3655 2421
3655 2420
3655 2419
3655 2418
3655 2417
3655 2416
3655 2415
3655 2414
3655 2413
3655 2412
3655 2411
3655 2410
3655 2409
3655 2408
3655 2407
3654 2406
3654 2405
3654 2404
3654 2403
3654 2402
3654 2401
3653 2400
3653 2399
3653 2398
3653 2397
3653 2396
3653 2395
3653 2394
3652 2393
3652 2392
3652 2391
3652 2390
3652 2389
3652 2388
3652 2387
3652 2386
3652 2385
3652 2384
3652 2383
3652 2382
3652 2381
3651 2380
3651 2379
3650 2378
3650 2377
3650 2376
3650 2375
3649 2374
3649 2373
3649 2372
3649 2371
3649 2370
3649 2369
3649 2368
3649 2367
3649 2366
3649 2365
3649 2364
3649 2363
3649 2362
3648 2361
3648 2360
3648 2359
3648 2358
3648 2357
3648 2356
3648 2355
3647 2354
3647 2353
3647 2352
3647 2351
3646 2350
3646 2349
3646 2348
3646 2347
3646 2346
3645 2345
3645 2344
3645 2343
3645 2342
3645 2341
3645 2340
3645 2339
3645 2338
3645 2337
3645 2336
3645 2335
3645 2334
3645 2333
3644 2332
3644 2331
3644 2330
3644 2329
3643 2328
3643 2327
3643 2326
3643 2325
3643 2324
3642 2323
3642 2322
3642 2321
3642 2320
3642 2319
3641 2318
3641 2317
3641 2316
3641 2315
3641 2314
3641 2313
3641 2312
3641 2311
3640 2310
3640 2309
3640 2308
3639 2307
3639 2306
3638 2305
3638 2304
3638 2303
3637 2302
3637 2301
3637 2300
3637 2299
3637 2298
3637 2297
3637 2296
3637 2295
3637 2294
3637 2293
3637 2292
3637 2291
3637 2290
3637 2289
3637 2288
3637 2287
3637 2286
3637 2285
3637 2284
3637 2283
3637 2282
3637 2281
3637 2280
3637 2279
3637 2278
3637 2277
3637 2276
3637 2275
3637 2274
3637 2273
3637 2272
3637 2271
3637 2270
3637 2269
3637 2268
3637 2267
3637 2266
3637 2265
3636 2264
3636 2263
3636 2262
3636 2261
3635 2260
3635 2259
3635 2258
3635 2257
3635 2256
3635 2255
3634 2254
3634 2253
3634 2252
3634 2251
3634 2250
3634 2249
3634 2248
3634 2247
3634 2246
3634 2245
3634 2244
3634 2243
3634 2242
3634 2241
3634 2240
3634 2239
3634 2238
3634 2237
3634 2236
3634 2235
3634 2234
3634 2233
3635 2232
3635 2231
3635 2230
3635 2229
3635 2228
3635 2227
3635 2226
3635 2225
3635 2224
3635 2223
3635 2222
3635 2221
3635 2220
3635 2219
3635 2218
3635 2217
3635 2216
3636 2215
3636 2214
3636 2213
3636 2212
3636 2211
3636 2210
3636 2209
3636 2208
3635 2207
3635 2206
3634 2205
3634 2204
3634 2203
3634 2202
3634 2201
3633 2200
3633 2199
3633 2198
3633 2197
3633 2196
3633 2195
3632 2194
3632 2193
3632 2192
3632 2191
3632 2190
3632 2189
3631 2188
3631 2187
3631 2186
3631 2185
3630 2184
3630 2183
3630 2182
3629 2181
3629 2180
3629 2179
3629 2178
3629 2177
3628 2176
3628 2175
3628 2174
3628 2173
3628 2172
3628 2171
3628 2170
3628 2169
3628 2168
3627 2167
3626 2166
3626 2165
3625 2164
3625 2163
3625 2162
3624 2161
3624 2160
3624 2159
3623 2158
3623 2157
3622 2156
3622 2155
3621 2154
3620 2153
3619 2152
3618 2151
3618 2150
3617 2149
3616 2148
3615 2147
3615 2146
3614 2145
3613 2144
3612 2143
3611 2142
3611 2141
3610 2140
3609 2139
3609 2138
3608 2137
3608 2136
3607 2135
3606 2134
3605 2133
3604 2132
3603 2131
3602 2130
3601 2129
3600 2128
3599 2127
3598 2126
3597 2125
3596 2124
3595 2123
3594 2122
3593 2122
3592 2121
3591 2120
3590 2119
3589 2118
3588 2117
3587 2116
3586 2115
3586 2114
3585 2113
3584 2112
3583 2111
3582 2110
3581 2109
3580 2108
3579 2107
3578 2106
3577 2105
3577 2104
3576 2104
3575 2103
3574 2102
3573 2101
3572 2100
3571 2100
3570 2099
3569 2098
3568 2097
3567 2097
3566 2096
3565 2096
3564 2095
3563 2095
3562 2095
3561 2095
3560 2094
3559 2093
3558 2093
3557 2092
3556 2092
3555 2091
3554 2091
3553 2090
3552 2090
3551 2089
3550 2089
3549 2089
3548 2088
3547 2088
3546 2088
3545 2088
3544 2088
3543 2087
3542 2087
3541 2087
3540 2087
3539 2087
3538 2086
3537 2086
3536 2085
3535 2085
3534 2084
3533 2084
3532 2083
3531 2083
3530 2083
3529 2082
3528 2082
3527 2082
3526 2082
3525 2081
3524 2081
3523 2081
3522 2081
3521 2081
3520 2080
3519 2080
3518 2080
3517 2080
3516 2080
3515 2079
3514 2079
3513 2078
3512 2077
3511 2077
3510 2077
3509 2076
3508 2076
3507 2075
3506 2075
3505 2074
3504 2074
3503 2073
3502 2073
3501 2072
3500 2072
3499 2071
3498 2071
3497 2070
3496 2070
3495 2070
3494 2069
3493 2069
3492 2069
3491 2069
3490 2068
3489 2068
3488 2068
3487 2067
3486 2067
3485 2067
3484 2067
3483 2067
3482 2067
3481 2067
3480 2067
3479 2066
3478 2065
3477 2064
3476 2064
3475 2063
3474 2063
3473 2062
3472 2062
3471 2062
3470 2061
3469 2061
3468 2061
3467 2061
3466 2060
3465 2060
3464 2060
3463 2060
3462 2060
3461 2060
3460 2060
3459 2059
3458 2059
3457 2059
3456 2059
3455 2059
3454 2059
3453 2059
3452 2059
3451 2059
3450 2059
3449 2059
3448 2058
3447 2058
3446 2058
3445 2057
3444 2057
3443 2057
3442 2056
3441 2056
3440 2056
3439 2055
3438 2055
3437 2055
3436 2054
3435 2054
3434 2054
3433 2054
3432 2054
3431 2053
3430 2053
3429 2053
3428 2052
3427 2052
3426 2052
3425 2052
3424 2051
3423 2051
3422 2051
3421 2050
3420 2050
3419 2050
3418 2049
3417 2049
3416 2049
3415 2048
3414 2048
3413 2047
3412 2047
3411 2047
3410 2047
3409 2046
3408 2046
3407 2046
3406 2046
3405 2046
3404 2046
3403 2045
3402 2045
3401 2045
3400 2044
3399 2044
3398 2043
3397 2043
3396 2042
3395 2042
3394 2042
3393 2041
3392 2041
3391 2041
3390 2040
3389 2040
3388 2040
3387 2040
3386 2039
3385 2039
3384 2039
3383 2039
3382 2038
3381 2038
3380 2038
3379 2038
3378 2038
3377 2038
3376 2038
3375 2038
3374 2037
3373 2037
3372 2037
3371 2036
3370 2036
3369 2036
3368 2035
3367 2035
3366 2034
3365 2034
3364 2033
3363 2033
3362 2033
3361 2033
3360 2033
3359 2032
3358 2032
3357 2032
3356 2032
3355 2032
3354 2031
3353 2031
3352 2031
3351 2031
3350 2031
3349 2031
3348 2030
3347 2030
3346 2030
3345 2030
3344 2030
3343 2030
3342 2030
3341 2030
3340 2030
3339 2030
3338 2030
3337 2029
3336 2029
3335 2029
3334 2029
3333 2029
3332 2029
3331 2029
3330 2029
3329 2029
3328 2029
3327 2029
3326 2029
3325 2029
3324 2029
3323 2028
3322 2028
3321 2028
3320 2028
3319 2028
3318 2028
3317 2028
3316 2028
3315 2028
3314 2028
3313 2028
3312 2028
3311 2028
3310 2028
3309 2027
3308 2027
3307 2027
3306 2027
3305 2027
3304 2027
3303 2027
3302 2027
3301 2027
3300 2027
3299 2027
3298 2027
3297 2027
3296 2027
3295 2027
3294 2026
3293 2026
3292 2026
3291 2027
3290 2027
3289 2027
3288 2027
3287 2027
3286 2027
3285 2028
3284 2028
3283 2028
3282 2028
3281 2029
3280 2029
3279 2029
3278 2029
3277 2029
3276 2029
3275 2029
3274 2029
3273 2030
3272 2030
3271 2030
3270 2030
3269 2031
3268 2031
3267 2031
3266 2031
3265 2032
3264 2032
3263 2032
3262 2032
3261 2032
3260 2032
3259 2032
3258 2033
3257 2033
3256 2033
3255 2033
3254 2033
3253 2033
3252 2033
3251 2033
3250 2033
3249 2034
3248 2034
3247 2034
3246 2034
3245 2035
3244 2035
3243 2035
3242 2035
3241 2036
3240 2036
3239 2036
3238 2036
3237 2036
3236 2037
3235 2037
3234 2037
3233 2037
3232 2037
3231 2037
3230 2037
3229 2037
3228 2037
3227 2037
3226 2037
3225 2037
3224 2037
3223 2037
3222 2037
3221 2037
3220 2037
3219 2037
3218 2037
3217 2037
3216 2037
3215 2037
3214 2037
3213 2037
3212 2037
3211 2037
3210 2037
3209 2037
3208 2037
3207 2037
3206 2037
3205 2037
3204 2037
3203 2037
3202 2037
3201 2037
3200 2037
3199 2036
3198 2036
3197 2036
3196 2036
3195 2036
3194 2036
3193 2036
3192 2036
3191 2036
3190 2036
3189 2036
3188 2036
3187 2036
3186 2036
3185 2036
3184 2035
3183 2035
3182 2035
3181 2034
3180 2034
3179 2034
3178 2034
3177 2033
3176 2033
3175 2033
3174 2032
3173 2032
3172 2032
3171 2031
3170 2031
3169 2031
3168 2030
3167 2030
3166 2030
3165 2030
3164 2030
3163 2030
3162 2029
3161 2029
3160 2029
3159 2029
3158 2029
3157 2029
3156 2029
3155 2029
3154 2029
3153 2028
3152 2028
3151 2028
3150 2028
3149 2028
3148 2028
3147 2028
3146 2028
3145 2028
3144 2028
3143 2028
3142 2028
3141 2028
3140 2028
3139 2027
3138 2027
3137 2027
3136 2027
3135 2027
3134 2027
3133 2027
3132 2027
3131 2027
3130 2027
3129 2027
3128 2027
3127 2027
3126 2027
3125 2026
3124 2026
3123 2026
3122 2026
3121 2026
3120 2026
3119 2026
3118 2026
3117 2026
3116 2026
3115 2025
3114 2025
3113 2025
3112 2024
3111 2024
3110 2024
3109 2023
3108 2023
3107 2022
3106 2022
3105 2022
3104 2021
3103 2021
3102 2021
3101 2021
3100 2020
3099 2020
3098 2020
3097 2020
3096 2020
3095 2020
3094 2020
3093 2019
3092 2019
3091 2019
3090 2019
3089 2018
3088 2018
3087 2018
3086 2017
3085 2017
3084 2016
3083 2016
3082 2016
3081 2015
3080 2015
3079 2014
3078 2014
3077 2014
3076 2014
3075 2013
3074 2013
3073 2013
3072 2013
3071 2013
3070 2013
3069 2012
3068 2012
3067 2012
3066 2012
3065 2012
3064 2012
3063 2012
3062 2011
3061 2011
3060 2010
3059 2010
3058 2009
3057 2009
3056 2008
3055 2008
3054 2008
3053 2007
3052 2007
3051 2007
3050 2007
3049 2006
3048 2006
3047 2006
3046 2006
3045 2005
3044 2005
3043 2005
3042 2005
3041 2005
3040 2005
3039 2005
3038 2004
3037 2004
3036 2004
3035 2003
3034 2003
3033 2002
3032 2002
3031 2001
3030 2001
3029 2001
3028 2000
3027 2000
3026 1999
3025 1999
3024 1998
3023 1998
3022 1998
3021 1997
3020 1997
3019 1996
3018 1996
3017 1995
3016 1995
3015 1994
3014 1994
3013 1994
3012 1993
3011 1993
3010 1993
3009 1993
3008 1993
3007 1993
3006 1992
3005 1992
3004 1992
3003 1992
3002 1992
3001 1992
3000 1992
2999 1991
2998 1991
2997 1991
2996 1991
2995 1991
2994 1991
2993 1991
2992 1991
2991 1991
2990 1991
2989 1991
2988 1990
2987 1990
2986 1990
2985 1990
2984 1990
2983 1990
2982 1990
2981 1990
2980 1990
2979 1990
2978 1990
2977 1989
2976 1989
2975 1989
2974 1989
2973 1989
2972 1989
2971 1989
2970 1989
2969 1989
2968 1989
2967 1989
2966 1989
2965 1988
2964 1988
2963 1988
2962 1988
2961 1988
2960 1988
2959 1988
2958 1988
2957 1988
2956 1988
2955 1988
2954 1988
2953 1988
2952 1988
2951 1988
2950 1988
2949 1987
2948 1987
2947 1987
2946 1987
2945 1987
2944 1987
2943 1987
2942 1987
2941 1987
2940 1987
2939 1987
2938 1987
2937 1987
2936 1987
2935 1987
2934 1986
2933 1986
2932 1986
2931 1986
2930 1986
2929 1986
2928 1986
2927 1986
2926 1986
2925 1986
2924 1986
2923 1986
2922 1986
2921 1986
2920 1986
2919 1986
2918 1985
2917 1985
2916 1985
2915 1985
2914 1985
2913 1985
2912 1985
2911 1985
2910 1985
2909 1985
2908 1985
2907 1985
2906 1985
2905 1985
2904 1985
2903 1984
2902 1984
2901 1984
2900 1984
2899 1984
2898 1984
2897 1984
2896 1984
2895 1984
2894 1984
2893 1984
2892 1984
2891 1984
2890 1984
2889 1984
2888 1983
2887 1983
2886 1983
2885 1983
2884 1983
2883 1983
2882 1983
2881 1983
2880 1983
2879 1983
2878 1983
2877 1983
2876 1983
2875 1983
2874 1983
2873 1982
2872 1982
2871 1982
2870 1982
2869 1982
2868 1982
2867 1982
2866 1982
2865 1982
2864 1982
2863 1982
2862 1982
2861 1982
2860 1982
2859 1982
2858 1981
2857 1981
2856 1981
2855 1981
2854 1981
2853 1981
2852 1981
2851 1981
2850 1981
2849 1981
2848 1981
2847 1981
2846 1981
2845 1981
2844 1981
2843 1980
2842 1980
2841 1980
2840 1980
2839 1980
2838 1980
2837 1980
2836 1980
2835 1980
2834 1980
2833 1980
2832 1980
2831 1980
2830 1980
2829 1980
2828 1980
2827 1979
2826 1979
2825 1979
2824 1979
2823 1979
2822 1979
2821 1979
2820 1979
2819 1979
2818 1979
2817 1979
2816 1979
2815 1979
2814 1979
2813 1979
2812 1978
2811 1978
2810 1978
2809 1978
2808 1978
2807 1978
2806 1978
2805 1978
2804 1978
2803 1978
2802 1978
2801 1978
2800 1978
2799 1978
2798 1978
2797 1977
2796 1977
2795 1977
2794 1977
2793 1977
2792 1977
2791 1977
2790 1977
2789 1977
2788 1977
2787 1977
2786 1977
2785 1977
2784 1977
2783 1977
2782 1977
2781 1977
2780 1976
2779 1976
2778 1976
2777 1976
2776 1976
2775 1976
2774 1976
2773 1976
2772 1976
2771 1976
2770 1976
2769 1976
2768 1976
2767 1976
2766 1976
2765 1975
2764 1975
2763 1975
2762 1975
2761 1975
2760 1975
2759 1975
2758 1975
2757 1975
2756 1975
2755 1975
2754 1975
2753 1975
2752 1975
2751 1975
2750 1974
2749 1974
2748 1974
2747 1974
2746 1974
2745 1973
2744 1972
2743 1972
2742 1972
2741 1971
2740 1971
2739 1971
2738 1970
2737 1970
2736 1970
2735 1970
2734 1969
2733 1969
2732 1969
2731 1969
2730 1969
2729 1968
2728 1968
2727 1967
2726 1967
2725 1966
2724 1966
2723 1965
2722 1965
2721 1964
2720 1964
2719 1964
2718 1964
2717 1963
2716 1963
2715 1963
2714 1963
2713 1963
2712 1962
2711 1962
2710 1962
2709 1962
2708 1962
2707 1961
2706 1961
2705 1961
2704 1961
2703 1961
2702 1961
2701 1961
2700 1961
2699 1961
2698 1961
2697 1961
2696 1961
2695 1960
2694 1960
2693 1960
2692 1960
2691 1960
2690 1960
2689 1960
2688 1960
2687 1960
2686 1960
2685 1960
2684 1959
2683 1959
2682 1959
2681 1959
2680 1959
2679 1959
2678 1959
2677 1959
2676 1959
2675 1959
2674 1959
2673 1959
2672 1959
2671 1959
2670 1958
