3375 2112
3374 2113
3373 2113
3372 2113
3371 2113
3370 2113
3369 2113
3368 2114
3367 2114
3366 2114
3365 2115
3364 2115
3363 2115
3362 2115
3361 2115
3360 2115
3359 2116
3358 2116
3357 2116
3356 2116
3355 2116
3354 2116
3353 2116
3352 2116
3351 2116
3350 2116
3349 2116
3348 2116
3347 2116
3346 2116
3345 2117
3344 2117
3343 2117
3342 2118
3341 2118
3340 2118
3339 2119
3338 2119
3337 2120
3336 2121
3335 2121
3334 2121
3333 2121
3332 2121
3331 2122
3330 2122
3329 2123
3328 2123
3327 2123
3326 2124
3325 2124
3324 2124
3323 2124
3322 2124
3321 2124
3320 2124
3319 2124
3318 2125
3317 2125
3316 2125
3315 2125
3314 2125
3313 2125
3312 2126
3311 2126
3310 2127
3309 2127
3308 2128
3307 2128
3306 2128
3305 2129
3304 2129
3303 2129
3302 2129
3301 2130
3300 2130
3299 2130
3298 2131
3297 2131
3296 2132
3295 2132
3294 2132
3293 2133
3292 2133
3291 2133
3290 2133
3289 2133
3288 2133
3287 2134
3286 2134
3285 2135
3284 2135
3283 2136
3282 2136
3281 2137
3280 2137
3279 2137
3278 2138
3277 2138
3276 2138
3275 2138
3274 2138
3273 2139
3272 2139
3271 2140
3270 2140
3269 2140
3268 2140
3267 2140
3266 2140
3265 2140
3264 2141
3263 2141
3262 2141
3261 2141
3260 2141
3259 2141
3258 2141
3257 2141
3256 2141
3255 2141
3254 2142
3253 2142
3252 2142
3251 2142
3250 2143
3249 2143
3248 2144
3247 2144
3246 2144
3245 2144
3244 2144
3243 2144
3242 2144
3241 2144
3240 2144
3239 2144
3238 2144
3237 2144
3236 2144
3235 2145
3234 2145
3233 2145
3232 2145
3231 2145
3230 2146
3229 2146
3228 2147
3227 2147
3226 2147
3225 2148
3224 2148
3223 2148
3222 2148
3221 2147
3220 2147
3219 2147
3218 2147
3217 2147
3216 2147
3215 2147
3214 2147
3213 2147
3212 2147
3211 2147
3210 2147
3209 2147
3208 2147
3207 2146
3207 2145
3208 2144
3209 2144
3210 2143
3211 2143
3212 2142
3213 2141
3214 2141
3215 2140
3216 2139
3217 2139
3218 2138
3219 2137
3220 2137
3221 2137
3221 2136
3220 2135
3219 2135
3218 2135
3217 2136
3216 2136
3215 2136
3214 2136
3213 2136
3212 2136
3211 2136
3210 2136
3209 2137
3208 2137
3207 2137
3206 2136
3205 2136
3204 2137
3205 2138
3204 2139
3203 2139
3202 2139
3201 2138
3201 2137
3200 2137
3199 2138
3198 2139
3197 2139
3196 2138
3196 2137
3195 2137
3194 2137
3193 2137
3192 2136
3191 2136
3190 2136
3189 2137
3188 2137
3187 2137
3186 2137
3185 2136
3184 2136
3183 2136
3182 2136
3181 2136
3180 2136
3179 2136
3178 2136
3177 2136
3176 2136
3175 2136
3174 2136
3173 2136
3172 2137
3171 2138
3170 2138
3169 2137
3168 2137
3167 2137
3166 2137
3165 2136
3165 2137
3164 2138
3163 2138
3162 2138
3161 2138
3160 2138
3159 2139
3158 2139
3157 2138
3156 2137
3155 2138
3154 2138
3153 2138
3152 2138
3151 2138
3150 2138
3149 2138
3148 2137
3147 2137
3146 2138
3145 2138
3144 2138
3143 2137
3142 2137
3141 2137
3141 2138
3140 2139
3139 2139
3138 2139
3137 2138
3137 2137
3136 2137
3135 2137
3134 2137
3133 2137
3132 2137
3131 2136
3131 2135
3130 2135
3130 2136
3129 2137
3128 2137
3127 2136
3126 2135
3126 2134
3126 2133
3125 2134
3124 2134
3123 2134
3122 2135
3121 2135
3120 2135
3119 2136
3118 2136
3117 2136
3116 2136
3115 2137
3114 2137
3113 2137
3112 2137
3111 2138
3110 2138
3109 2138
3108 2138
3107 2138
3106 2138
3105 2138
3104 2139
3103 2139
3102 2139
3101 2139
3100 2139
3099 2140
3098 2139
3097 2140
3096 2140
3095 2141
3094 2141
3093 2141
3092 2141
3091 2141
3090 2141
3089 2141
3088 2141
3087 2141
3086 2141
3085 2141
3084 2141
3083 2142
3082 2142
3081 2142
3080 2142
3079 2142
3078 2143
3077 2143
3076 2143
3075 2144
3074 2144
3073 2144
3072 2144
3071 2144
3070 2144
3069 2144
3068 2144
3067 2144
3066 2144
3065 2144
3064 2144
3063 2144
3062 2144
3061 2144
3060 2144
3059 2144
3058 2144
3057 2144
3056 2144
3055 2143
3054 2143
3053 2143
3052 2143
3051 2143
3050 2143
3049 2143
3048 2143
3047 2143
3046 2143
3045 2143
3044 2143
3043 2143
3042 2143
3041 2143
3040 2143
3039 2143
3038 2143
3037 2143
3036 2143
3035 2143
3034 2143
3033 2143
3032 2143
3031 2143
3030 2142
3029 2142
3028 2143
3027 2142
3026 2142
3025 2142
3024 2143
3023 2143
3022 2143
3021 2142
3020 2143
3019 2143
3018 2143
3017 2143
3016 2143
3015 2144
3014 2143
3013 2144
3012 2145
3011 2145
3010 2144
3009 2145
3008 2146
3007 2146
3006 2147
3005 2147
3004 2147
3003 2148
3002 2148
3001 2148
3000 2148
2999 2148
2998 2148
2997 2148
2996 2149
2995 2150
2994 2150
2993 2150
2992 2150
2991 2150
2990 2150
2989 2150
2988 2150
2987 2150
2986 2151
2985 2150
2984 2150
2983 2151
2982 2151
2981 2151
2980 2151
2979 2151
2978 2151
2977 2151
2976 2151
2975 2152
2974 2152
2973 2152
2972 2153
2971 2153
2970 2154
2969 2154
2968 2154
2967 2154
2966 2154
2965 2154
2964 2154
2963 2154
2962 2153
2961 2153
2960 2153
2959 2153
2958 2153
2957 2153
2956 2153
2955 2153
2954 2153
2953 2153
2952 2153
2951 2153
2950 2153
2949 2153
2948 2153
2947 2153
2946 2153
2945 2153
2944 2153
2943 2153
2942 2153
2941 2153
2940 2153
2939 2154
2938 2154
2937 2154
2936 2154
2935 2154
2934 2155
2933 2155
2932 2156
2931 2156
2930 2156
2929 2157
2928 2157
2927 2157
2926 2157
2925 2157
2924 2157
2923 2157
2922 2157
2921 2157
2920 2157
2919 2157
2918 2157
2917 2158
2916 2158
2915 2158
2914 2159
2913 2159
2912 2159
2911 2160
2910 2160
2909 2160
2908 2161
2907 2161
2906 2161
2905 2161
2904 2161
2903 2161
2902 2161
2901 2161
2900 2161
2899 2161
2898 2161
2897 2161
2896 2162
2895 2162
2894 2162
2893 2162
2892 2163
2891 2163
2890 2163
2889 2164
2888 2164
2887 2165
2886 2165
2885 2166
2884 2166
2883 2166
2882 2167
2881 2167
2880 2167
2879 2167
2878 2168
2877 2168
2876 2169
2875 2169
2874 2170
2873 2170
2872 2170
2871 2170
2870 2171
2869 2171
2868 2171
2867 2172
2866 2172
2865 2172
2864 2173
2863 2173
2862 2173
2861 2174
2860 2174
2859 2174
2858 2174
2857 2175
2856 2175
2855 2176
2854 2176
2853 2177
2852 2177
2851 2178
2850 2179
2849 2179
2848 2180
2847 2181
2846 2182
2845 2183
2844 2183
2843 2184
2842 2185
2841 2185
2840 2186
2839 2186
2838 2187
2837 2187
2836 2188
2835 2188
2834 2188
2833 2189
2832 2189
2831 2190
2830 2190
2829 2190
2828 2191
2827 2191
2826 2192
2825 2192
2824 2193
2823 2193
2822 2194
2821 2194
2820 2195
2819 2195
2818 2196
2817 2196
2816 2197
2815 2197
2814 2198
2813 2199
2812 2200
2811 2200
2810 2201
2809 2201
2808 2202
2807 2203
2806 2203
2805 2203
2804 2204
2803 2204
2802 2205
2801 2205
2800 2206
2799 2206
2798 2206
2797 2207
2796 2207
2795 2208
2794 2208
2793 2208
2792 2209
2791 2209
2790 2209
2789 2210
2788 2210
2787 2210
2786 2211
2785 2211
2784 2212
2783 2212
2782 2212
2781 2213
2780 2213
2779 2213
2778 2213
2777 2214
2776 2214
2775 2214
2774 2214
2773 2214
2772 2214
2771 2214
2770 2214
2769 2214
2768 2214
2767 2215
2766 2215
2765 2215
2764 2215
2763 2215
2762 2216
2761 2216
2760 2216
2759 2216
2758 2217
2757 2217
2756 2217
2755 2217
2754 2217
2753 2217
2752 2217
2751 2217
2750 2217
2749 2217
2748 2217
2747 2217
2746 2217
2745 2217
2744 2217
2743 2217
2742 2217
2741 2217
2740 2217
2739 2217
2738 2217
2737 2217
2736 2217
2735 2217
2734 2217
2733 2217
2732 2217
2731 2217
2730 2218
2729 2218
2728 2218
2727 2218
2726 2219
2725 2219
2724 2219
2723 2220
2722 2220
2721 2220
2720 2221
2719 2220
2718 2220
2717 2220
2716 2220
2715 2221
2714 2221
2713 2221
2712 2221
2711 2221
2710 2221
2709 2221
2708 2222
2707 2222
2706 2222
2705 2222
2704 2223
2703 2223
2702 2223
2701 2223
2700 2224
2699 2224
2698 2224
2697 2224
2696 2224
2695 2224
2694 2225
2693 2225
2692 2225
2691 2225
2690 2225
2689 2225
2688 2226
2687 2226
2686 2226
2685 2226
2684 2227
2683 2227
2682 2228
2681 2228
2680 2228
2679 2229
2678 2229
2677 2229
2676 2229
2675 2230
2674 2230
2673 2230
2672 2231
2671 2232
2670 2232
2669 2232
2668 2232
2667 2232
2666 2232
2665 2233
2664 2233
2663 2233
2662 2233
2661 2233
2660 2233
2659 2233
2658 2233
2657 2233
2656 2233
2655 2234
2654 2234
2653 2234
2652 2235
2651 2235
2650 2236
2649 2236
2648 2236
2647 2236
2646 2236
2645 2236
2644 2236
2643 2236
2642 2236
2641 2237
2640 2237
2639 2237
2638 2237
2637 2237
2636 2237
2635 2238
2634 2238
2633 2238
2632 2239
2631 2239
2630 2239
2629 2239
2628 2240
2627 2240
2626 2240
2625 2239
2624 2239
2623 2239
2622 2239
2621 2239
2620 2239
2619 2239
2618 2239
2617 2239
2616 2239
2615 2239
2614 2239
2613 2239
2612 2239
2611 2239
2610 2239
2609 2239
2608 2239
2607 2239
2606 2239
2605 2239
2604 2239
2603 2239
2602 2239
2601 2239
2600 2239
2599 2239
2598 2240
2597 2240
2597 2241
2597 2242
2596 2243
2596 2244
2595 2245
2595 2246
2595 2247
2594 2248
2593 2249
2592 2250
2591 2250
2590 2250
2589 2251
2588 2251
2587 2251
2586 2252
2585 2252
2584 2252
2583 2252
2582 2252
2581 2252
2580 2252
2579 2252
2578 2252
2577 2252
2576 2252
2575 2252
2574 2252
2573 2253
2572 2253
2571 2253
2570 2253
2569 2254
2568 2255
2567 2255
2566 2256
2565 2257
2564 2257
2563 2257
2562 2258
2561 2258
2560 2258
2559 2258
2558 2259
2557 2260
2556 2261
2555 2262
2554 2262
2553 2263
2552 2264
2551 2264
2550 2265
2549 2265
2548 2266
2547 2266
2546 2266
2545 2267
2544 2267
2543 2267
2542 2267
2541 2268
2540 2268
2539 2268
2538 2269
2537 2269
2536 2269
2535 2269
2534 2269
2533 2269
2532 2269
2531 2269
2530 2269
2529 2269
2528 2269
2527 2269
2526 2269
2525 2269
2524 2269
2523 2269
2522 2269
2521 2269
2520 2269
2519 2269
2518 2269
2517 2269
2516 2268
2515 2268
2514 2268
2513 2268
2512 2268
2511 2268
2510 2268
2509 2268
2508 2268
2507 2268
2506 2268
2505 2268
2504 2268
2503 2268
2502 2269
2501 2269
2500 2269
2499 2269
2498 2269
2497 2270
2496 2271
2495 2271
2494 2272
2493 2273
2492 2274
2491 2274
2490 2274
2489 2275
2488 2276
2487 2277
2486 2277
2485 2278
2484 2279
2483 2279
2482 2280
2481 2281
2480 2281
2479 2282
2478 2282
2477 2282
2476 2283
2475 2283
2474 2283
2473 2283
2472 2284
2471 2285
2470 2286
2469 2286
2468 2286
2467 2287
2466 2287
2465 2287
2464 2287
2463 2287
2462 2288
2461 2288
2460 2288
2459 2289
2458 2289
2457 2289
2456 2290
2455 2290
2454 2290
2453 2290
2452 2290
2451 2290
2450 2290
2449 2290
2448 2290
2447 2289
2446 2289
2445 2289
2444 2289
2443 2289
2442 2289
2441 2289
2440 2289
2439 2289
2438 2289
2437 2289
2436 2289
2435 2289
2434 2289
2433 2289
2432 2289
2431 2289
2430 2289
2429 2289
2428 2288
2427 2288
2426 2288
2425 2288
2424 2288
2423 2288
2422 2288
2421 2288
2420 2288
2419 2288
2418 2288
2417 2288
2416 2288
2415 2288
2414 2288
2413 2288
2412 2288
2411 2288
2410 2288
2409 2288
2408 2288
2407 2288
2406 2288
2405 2288
2404 2288
2403 2287
2402 2287
2401 2287
2400 2287
2399 2287
2398 2287
2397 2287
2396 2287
2395 2287
2394 2287
2393 2287
2392 2287
2391 2287
2390 2288
2389 2288
2388 2288
2387 2288
2386 2288
2385 2289
2384 2289
2383 2289
2382 2289
2381 2290
2380 2290
2379 2291
2378 2291
2377 2291
2376 2292
2375 2292
2374 2292
2373 2292
2372 2292
2371 2292
2370 2292
2369 2293
2368 2293
2367 2293
2366 2293
2365 2294
2364 2294
2363 2294
2362 2294
2361 2295
2360 2295
2359 2295
2358 2295
2357 2295
2356 2295
2355 2295
2354 2295
2353 2295
2352 2295
2351 2295
2350 2295
2349 2295
2348 2296
2347 2296
2346 2296
2345 2296
2344 2296
2343 2296
2342 2297
2341 2297
2340 2297
2339 2298
2338 2298
2337 2298
2336 2299
2335 2299
2334 2299
2333 2299
2332 2299
2331 2299
2330 2299
2329 2299
2328 2299
2327 2299
2326 2299
2325 2299
2324 2299
2323 2299
2322 2299
2321 2299
2320 2300
2319 2300
2318 2300
2317 2301
2316 2301
2315 2301
2314 2302
2313 2302
2312 2302
2311 2302
2310 2302
2309 2302
2308 2302
2307 2302
2306 2302
2305 2302
2304 2302
2303 2302
2302 2302
2301 2302
2300 2302
2299 2302
2298 2302
2297 2303
2296 2303
2295 2303
2294 2303
2293 2303
2292 2303
2291 2303
2290 2303
2289 2304
2288 2304
2287 2304
2286 2304
2285 2305
2284 2305
2283 2305
2282 2305
2281 2305
2280 2305
2279 2305
2278 2305
2277 2305
2276 2305
2275 2305
2274 2305
2273 2305
2272 2305
2271 2305
2270 2305
2269 2305
2268 2304
2267 2304
2266 2304
2265 2304
2264 2304
2263 2304
2262 2304
2261 2304
2260 2304
2259 2304
2258 2304
2257 2304
2256 2304
2255 2304
2254 2304
2253 2304
2252 2304
2251 2304
2250 2304
2249 2304
2248 2304
2247 2303
2246 2303
2245 2303
2244 2303
2243 2303
2242 2303
2241 2303
2240 2303
2239 2303
2238 2303
2237 2303
2236 2303
2235 2303
2234 2303
2233 2303
2232 2303
2231 2303
2230 2303
2229 2303
2228 2303
2227 2303
2226 2304
2225 2305
2225 2306
2225 2307
2224 2308
2224 2309
2224 2310
2223 2311
2222 2312
2221 2312
2220 2312
2219 2312
2218 2312
2217 2312
2216 2312
2215 2312
2214 2312
2213 2311
2212 2311
2211 2311
2210 2311
2209 2311
2208 2311
2207 2311
2206 2311
2205 2311
2204 2311
2203 2311
2202 2311
2201 2311
2200 2311
2199 2311
2198 2311
2197 2311
2196 2311
2195 2310
2194 2310
2193 2310
2192 2310
2191 2310
2190 2310
2189 2310
2188 2310
2187 2310
2186 2310
2185 2310
2184 2310
2183 2310
2182 2310
2181 2310
2180 2310
2179 2310
2178 2310
2177 2310
2176 2309
2175 2309
2174 2309
2173 2309
2172 2309
2171 2309
2170 2309
2169 2309
2168 2309
2167 2309
2166 2309
2165 2309
2164 2309
2163 2309
2162 2309
2161 2309
2160 2308
2159 2308
2158 2308
2157 2308
2156 2308
2155 2308
2154 2308
2153 2308
2152 2308
2151 2308
2150 2307
2149 2307
2148 2307
2147 2307
2146 2307
2145 2307
2144 2307
2143 2307
2142 2307
2141 2306
2140 2306
2139 2306
2138 2306
2137 2305
2136 2305
2135 2304
2134 2304
2133 2304
2132 2304
2131 2304
2130 2303
2129 2303
2128 2303
2127 2303
2126 2303
2125 2302
2124 2302
2123 2302
2122 2302
2121 2302
2120 2302
2119 2302
2118 2303
2117 2303
2116 2303
2115 2302
2114 2302
2113 2303
2112 2303
2111 2303
2110 2303
2109 2302
2108 2302
2107 2303
2106 2303
2105 2303
2104 2304
2103 2305
2102 2305
2101 2306
2100 2307
2099 2307
2098 2307
2097 2307
2096 2307
2095 2307
2094 2307
2093 2308
2092 2308
2091 2308
2090 2308
2089 2309
2088 2309
2087 2310
2086 2310
2086 2311
2085 2312
2084 2312
2083 2313
2082 2314
2081 2314
2081 2315
2080 2316
2079 2316
2078 2316
2077 2317
2076 2318
2075 2319
2074 2319
2073 2319
2072 2319
2071 2320
2070 2320
2069 2319
2068 2319
2067 2319
2066 2319
2065 2319
2064 2319
2063 2319
2062 2319
2061 2319
2060 2319
2059 2319
2058 2319
2057 2319
2056 2318
2055 2319
2054 2319
2053 2319
2052 2319
2051 2318
2050 2318
2049 2318
2048 2318
2047 2319
2046 2318
2045 2319
2044 2319
2043 2319
2042 2319
2041 2319
2040 2319
2039 2319
2038 2319
2037 2320
2036 2320
2035 2320
2034 2321
2033 2321
2032 2321
2031 2322
2030 2322
2029 2322
2028 2322
2027 2322
2026 2322
2025 2322
2024 2322
2023 2322
2022 2322
2021 2322
2020 2321
2019 2321
2018 2321
2017 2321
2016 2321
2015 2321
2014 2321
2013 2321
2012 2321
2011 2321
2010 2321
2009 2321
2008 2321
2007 2321
2006 2321
2005 2321
2004 2321
2003 2321
2002 2321
2001 2321
2000 2321
1999 2321
1998 2322
1997 2322
1996 2322
1995 2321
1994 2322
1993 2322
1992 2323
1991 2323
1990 2324
1989 2324
1988 2324
1987 2325
1986 2326
1985 2326
1984 2326
1983 2326
1982 2326
1981 2327
1980 2327
1979 2327
1978 2328
1977 2328
1976 2328
1975 2328
1974 2328
1973 2328
1972 2328
1971 2328
1970 2328
1969 2328
1968 2329
1967 2329
1966 2329
1965 2329
1964 2329
1963 2329
1962 2329
1961 2329
1960 2329
1959 2329
1958 2329
1957 2329
1956 2329
1955 2329
1954 2329
1953 2329
1952 2329
1951 2329
1950 2329
1949 2329
1948 2329
1947 2329
1946 2329
1945 2330
1944 2330
1943 2330
1942 2330
1941 2331
1940 2331
1939 2332
1938 2332
1937 2332
1936 2332
1935 2332
1934 2332
1933 2332
1932 2332
1931 2332
1930 2332
1929 2332
1928 2332
1927 2332
1926 2332
1925 2332
1924 2333
1923 2333
1922 2333
1921 2333
1920 2334
1919 2334
1918 2334
1917 2335
1916 2335
1915 2335
1914 2335
1913 2335
1912 2335
1911 2335
1910 2335
1909 2335
1908 2335
1907 2335
1906 2335
1905 2335
1904 2335
1903 2335
1902 2335
1901 2335
1900 2335
1899 2334
1898 2334
1897 2334
1896 2334
1895 2334
1894 2334
1893 2334
1892 2334
1891 2334
1890 2334
1889 2334
1888 2334
1887 2334
1886 2334
1885 2334
1884 2334
1883 2334
1882 2334
1881 2333
1880 2333
1879 2333
1878 2333
1877 2333
1876 2333
1875 2333
1874 2333
1873 2333
1872 2333
1871 2333
1870 2333
1869 2333
1868 2333
1867 2333
1866 2333
1865 2333
1864 2333
1863 2333
1862 2332
1861 2332
1860 2332
1859 2332
1858 2332
1857 2332
1856 2332
1855 2332
1854 2332
1853 2332
1852 2332
1851 2332
1850 2332
1849 2332
1848 2332
1847 2332
1846 2332
1845 2332
1844 2331
1843 2331
1842 2331
1841 2331
1840 2331
1839 2331
1838 2331
1837 2331
1836 2331
1835 2331
1834 2331
1833 2331
1832 2331
1831 2331
1830 2331
1829 2331
1828 2331
1827 2331
1826 2331
1825 2331
1824 2331
1823 2330
1822 2330
1821 2330
1820 2330
1819 2330
1818 2330
1817 2330
1816 2330
1815 2330
1814 2330
1813 2330
1812 2330
1811 2329
1810 2329
1809 2329
1808 2329
1807 2329
1806 2328
1805 2329
1804 2329
1803 2328
1802 2328
1801 2328
1800 2328
1799 2327
1798 2327
1797 2327
1796 2326
1795 2325
1794 2326
1793 2325
1792 2325
1791 2324
1790 2324
1789 2324
1788 2324
1787 2324
1786 2324
1785 2324
1784 2324
1783 2324
1782 2324
1781 2324
1780 2324
1779 2324
1778 2324
1777 2324
1776 2324
1775 2324
1774 2324
1773 2323
1772 2323
1771 2323
1770 2323
1769 2323
1768 2323
1767 2323
1766 2323
1765 2323
1764 2323
1763 2323
1762 2324
1761 2324
1760 2324
1759 2323
1758 2324
1757 2325
1756 2325
1755 2324
1754 2324
1753 2325
1752 2325
1751 2326
1750 2326
1749 2326
1748 2326
1747 2327
1746 2327
1745 2327
1744 2328
1743 2328
1742 2328
1741 2328
1740 2328
1739 2328
1738 2328
1737 2328
1736 2328
1735 2328
1734 2328
1733 2328
1732 2329
1731 2329
1730 2329
1729 2330
1728 2330
1727 2330
1726 2331
1725 2332
1724 2331
1723 2332
1722 2333
1721 2332
1720 2333
1719 2333
1718 2333
1717 2333
1716 2334
1715 2334
1714 2335
1713 2335
1712 2336
1711 2336
1710 2336
1709 2336
1708 2337
1707 2337
1706 2337
1705 2337
1704 2338
1703 2338
1702 2339
1701 2339
1700 2339
1699 2339
1698 2339
1697 2339
1696 2339
1695 2339
1694 2339
1693 2339
1692 2339
1691 2339
1690 2339
1689 2339
1688 2339
1687 2339
1686 2339
1685 2339
1684 2340
1683 2340
1682 2341
1681 2341
1680 2341
1679 2341
1678 2341
1677 2342
1676 2342
1675 2343
1674 2343
1673 2343
1672 2343
1671 2342
1670 2342
1669 2342
1668 2343
1667 2342
1666 2342
1665 2342
1664 2343
1663 2342
1662 2342
1661 2342
1660 2342
1659 2342
1658 2342
1657 2342
1656 2341
1655 2342
1654 2343
1653 2342
1652 2341
1651 2341
1650 2342
1649 2342
1648 2341
1647 2341
1646 2342
1645 2342
1644 2342
1643 2342
1642 2341
1641 2341
1640 2341
1639 2341
1638 2341
1637 2342
1636 2342
1635 2342
1634 2342
1633 2342
1632 2341
1631 2342
1630 2342
1629 2343
1628 2343
1627 2343
1626 2343
1625 2343
1624 2343
1623 2343
1622 2344
1621 2344
1620 2345
1619 2345
1618 2345
1617 2345
1616 2346
1615 2345
1614 2346
1613 2346
1612 2346
1611 2346
1610 2347
1609 2348
1608 2348
1607 2348
1606 2348
1605 2349
1604 2350
1603 2350
1602 2351
1601 2351
1600 2351
1599 2351
1598 2352
1597 2353
1596 2353
1595 2353
1594 2353
1593 2353
1592 2353
1591 2353
1590 2353
1589 2353
1588 2353
1587 2353
1586 2353
1585 2353
1584 2353
1583 2352
1582 2353
1581 2352
1580 2352
1579 2352
1578 2352
1577 2352
1576 2352
1575 2352
1574 2352
1573 2352
1572 2352
1571 2352
1570 2352
1569 2352
1568 2352
1567 2352
1566 2352
1565 2352
1564 2352
1563 2352
1562 2352
1561 2352
1560 2351
1559 2352
1558 2352
1557 2352
1556 2352
1555 2352
1554 2352
1553 2352
1552 2352
1551 2353
1550 2353
1549 2353
1548 2353
1547 2353
1546 2354
1545 2354
1544 2354
1543 2355
1542 2355
1541 2355
1540 2356
1539 2356
1538 2356
1537 2356
1536 2356
1535 2356
1534 2356
1533 2356
1532 2357
1531 2357
1530 2357
1529 2358
1528 2358
1527 2358
1526 2359
1525 2359
1524 2359
1523 2359
1522 2359
1521 2359
1520 2360
1519 2360
1518 2360
1517 2360
1516 2360
1515 2361
1514 2361
1513 2361
1512 2361
1511 2362
1510 2362
1509 2362
1508 2363
1507 2363
1506 2363
1505 2363
1504 2363
1503 2363
1502 2363
1501 2363
1500 2363
1499 2363
1498 2363
1497 2363
1496 2363
1495 2363
1494 2364
1493 2364
1492 2364
1491 2364
1490 2364
1489 2364
1488 2364
1487 2365
1486 2365
1485 2365
1484 2366
1483 2366
1482 2366
1481 2367
1480 2367
1479 2367
1478 2367
1477 2367
1476 2367
1475 2367
1474 2367
1473 2367
1472 2367
1471 2367
1470 2367
1469 2367
1468 2367
1467 2367
1466 2368
1465 2368
1464 2368
1463 2368
1462 2369
1461 2369
1460 2369
1459 2370
1458 2370
1457 2370
1456 2371
1455 2371
1454 2371
1453 2371
1452 2371
1451 2371
1450 2371
1449 2372
1448 2372
1447 2372
1446 2373
1445 2374
1444 2374
1443 2374
1442 2375
1441 2375
1440 2375
1439 2375
1438 2375
1437 2375
1436 2375
1435 2375
1434 2375
1433 2375
1432 2376
1431 2376
1430 2377
1429 2377
1428 2378
1427 2378
1426 2378
1425 2378
1424 2378
1423 2378
1422 2378
1421 2378
1420 2378
1419 2378
1418 2378
1417 2378
1416 2378
1415 2378
1414 2378
1413 2378
1412 2378
1411 2378
1410 2378
1409 2378
1408 2378
1407 2378
1406 2378
1405 2378
1404 2378
1403 2378
1402 2379
1401 2379
1400 2379
1399 2379
1398 2379
1397 2379
1396 2380
1395 2380
1394 2381
1393 2382
1392 2382
1391 2383
1390 2383
1389 2383
1388 2383
1387 2384
1386 2384
1385 2385
1384 2385
1383 2386
1382 2386
1381 2387
1380 2387
1379 2388
1378 2388
1377 2389
1376 2389
1375 2390
1374 2390
1373 2391
1372 2392
1371 2392
1370 2392
1369 2393
1368 2394
1367 2395
1366 2396
1365 2397
1364 2398
1363 2399
1362 2400
1361 2400
1360 2401
1359 2402
1358 2403
1357 2404
1357 2405
1356 2406
1355 2407
1355 2408
1354 2409
1353 2410
1353 2411
1352 2412
1351 2413
1351 2414
1352 2414
1353 2414
1354 2414
1355 2414
1356 2414
1357 2414
1358 2414
1359 2414
1360 2414
1361 2414
1362 2414
1363 2414
1364 2415
1365 2415
1366 2415
1367 2415
1368 2415
1369 2415
1370 2415
1371 2415
1372 2415
1373 2415
1374 2415
1375 2415
1376 2415
1377 2415
1378 2415
1379 2415
1380 2415
1381 2415
1382 2416
1383 2416
1384 2416
1385 2416
1386 2416
1387 2416
1388 2416
1389 2416
1390 2416
1391 2416
1392 2416
1393 2416
1394 2416
1395 2416
1396 2416
1397 2416
1398 2416
1399 2416
1400 2416
1401 2417
1402 2417
1403 2417
1404 2417
1405 2417
1406 2417
1407 2417
1408 2417
1409 2417
1410 2417
1411 2417
1412 2417
1413 2417
1414 2417
1415 2417
1416 2417
1417 2417
1418 2417
1419 2418
1420 2418
1421 2418
1422 2418
1423 2418
1424 2418
1425 2418
1426 2418
1427 2418
1428 2418
1429 2418
1430 2418
1431 2418
1432 2418
1433 2418
1434 2418
1435 2418
1436 2418
1437 2418
1438 2419
1439 2419
1440 2419
1441 2419
1442 2419
1443 2419
1444 2419
1445 2419
1446 2419
1447 2419
1448 2419
1449 2419
1450 2419
1451 2419
1452 2419
1453 2419
1454 2420
1455 2420
1456 2420
1457 2420
1458 2420
1459 2420
1460 2420
1461 2420
1462 2420
1463 2420
1464 2420
1465 2420
1466 2421
1467 2421
1468 2421
1469 2421
1470 2421
1471 2421
1472 2421
1473 2421
1474 2421
1475 2421
1476 2421
1477 2421
1478 2422
1479 2422
1480 2422
1481 2422
1482 2422
1483 2422
1484 2423
1485 2423
1486 2423
1487 2423
1488 2423
1489 2424
1490 2424
1491 2424
1492 2424
1493 2425
1494 2425
1495 2425
1496 2425
1497 2426
1498 2426
1499 2426
1500 2427
1501 2427
1502 2427
1503 2427
1504 2427
1505 2428
1506 2428
1507 2428
1508 2428
1509 2428
1510 2428
1511 2428
1512 2428
1513 2428
1514 2428
1515 2428
1516 2428
1517 2428
1518 2429
1519 2429
1520 2429
1521 2429
1522 2429
1523 2429
1524 2430
1525 2430
1526 2430
1527 2430
1528 2430
1529 2430
1530 2431
1531 2431
1532 2431
1533 2432
1534 2432
1535 2432
1536 2433
1537 2433
1538 2434
1539 2435
1540 2435
1541 2435
1542 2435
1543 2436
1544 2436
1545 2436
1546 2436
1547 2437
1548 2437
1549 2437
1550 2438
1551 2438
1552 2438
1553 2439
1554 2439
1555 2439
1556 2440
1557 2440
1558 2440
1559 2441
1560 2441
1561 2441
1562 2441
1563 2442
1564 2443
1565 2443
1566 2443
1567 2443
1568 2443
1569 2444
1570 2445
1571 2444
1572 2444
1573 2444
1574 2445
1575 2444
1576 2444
1577 2444
1578 2444
1579 2444
1580 2444
1581 2445
1582 2445
1583 2445
1584 2445
1585 2445
1586 2444
1587 2444
1588 2444
1589 2445
1589 2446
1590 2446
1591 2446
1592 2446
1593 2445
1594 2445
1595 2445
1596 2446
1596 2447
1597 2446
1598 2446
1599 2446
1600 2447
1601 2447
1602 2447
1603 2447
1604 2447
1605 2447
1606 2447
1607 2447
1608 2448
1609 2448
1610 2448
1611 2447
1612 2447
1613 2447
1614 2448
1615 2448
1616 2448
1617 2448
1618 2448
1619 2448
1620 2449
1621 2449
1622 2449
1623 2449
1624 2450
1625 2450
1626 2450
1627 2451
1628 2451
1629 2452
1630 2452
1631 2451
1632 2451
1633 2451
1634 2451
1635 2452
1636 2453
1637 2453
1638 2453
1639 2453
1640 2453
1640 2452
1641 2451
1642 2451
1643 2451
1644 2452
1643 2453
1643 2454
1644 2453
1645 2452
1646 2452
1647 2452
1648 2453
1648 2454
1648 2455
1649 2455
1650 2455
1651 2454
1652 2454
1653 2454
1653 2453
1653 2452
1654 2451
1655 2451
1656 2451
1657 2452
1657 2453
1657 2454
1657 2455
1658 2454
1659 2454
1660 2454
1661 2455
1661 2456
1662 2456
1663 2456
1664 2457
1664 2456
1665 2455
1666 2455
1667 2455
1668 2455
1669 2455
1670 2456
1671 2456
1672 2456
1673 2456
1674 2457
1675 2458
1676 2457
1677 2456
1678 2456
1679 2456
1680 2457
1681 2456
1682 2455
1683 2455
1684 2455
1685 2456
1685 2457
1685 2456
1686 2455
1687 2455
1688 2455
1689 2456
1690 2457
1690 2458
1691 2458
1692 2458
1693 2458
1694 2458
1695 2458
1696 2459
1697 2459
1698 2459
1699 2459
1700 2460
1701 2459
1702 2459
1703 2459
1704 2460
1704 2461
1704 2462
1704 2463
1704 2464
1705 2463
1706 2463
1707 2463
1708 2464
1708 2465
1709 2466
1710 2466
1711 2466
1712 2466
1713 2465
1714 2465
1715 2465
1716 2465
1717 2466
1717 2467
1718 2467
1719 2467
1720 2467
1721 2467
1721 2466
1722 2465
1723 2465
1724 2465
1725 2466
1725 2467
1726 2467
1727 2467
1728 2467
1728 2466
1728 2465
1729 2464
1730 2463
1731 2463
1732 2463
1733 2464
1733 2465
1733 2466
1733 2467
1732 2468
1733 2468
1734 2468
1735 2467
1736 2467
1737 2467
1738 2466
1739 2466
1740 2466
1741 2467
1742 2468
1742 2469
1743 2468
1744 2468
1745 2467
1746 2467
1747 2467
1748 2468
1748 2469
1748 2470
1749 2470
1749 2469
1749 2468
1749 2467
1750 2466
1751 2466
1752 2466
1753 2467
1753 2468
1754 2469
1753 2470
1754 2470
1755 2469
1756 2468
1757 2468
1758 2469
1758 2470
1758 2469
1759 2468
1760 2468
1761 2468
1762 2469
1762 2470
1763 2469
1764 2469
1765 2469
1766 2470
1767 2470
1768 2470
1769 2470
1770 2470
1771 2470
1772 2470
1773 2469
1774 2469
1775 2469
1776 2470
1776 2471
1777 2471
1778 2471
1779 2471
1780 2471
1781 2471
1782 2472
1783 2472
1784 2472
1785 2472
1786 2472
1787 2472
1788 2472
1789 2472
1790 2472
1791 2472
1792 2473
1793 2473
1794 2473
1795 2473
1796 2474
1797 2474
1798 2474
1799 2475
1800 2475
1801 2475
1802 2476
1803 2476
1804 2477
1805 2477
1806 2477
1807 2477
1808 2478
1808 2477
1809 2476
1810 2477
1810 2478
1811 2479
1812 2479
1813 2479
1814 2479
1815 2479
1816 2480
1817 2480
1818 2480
1819 2480
1820 2481
1821 2481
1822 2481
1823 2482
1824 2482
1825 2482
1826 2482
1827 2482
1828 2482
1829 2483
1830 2483
1831 2483
1832 2484
1833 2484
1834 2484
1835 2484
1836 2484
1837 2484
1838 2484
1839 2484
1840 2484
1841 2484
1842 2484
1843 2484
1844 2484
1845 2484
1846 2484
1847 2485
1848 2484
1849 2484
1850 2484
1851 2485
1852 2485
1853 2485
1854 2485
1855 2485
1856 2485
1857 2485
1858 2485
1859 2485
1860 2485
1861 2486
1862 2486
1863 2486
1864 2486
1865 2486
1866 2486
1867 2486
1868 2486
1869 2486
1870 2487
1871 2486
1872 2486
1873 2486
1874 2487
1875 2488
1876 2488
1877 2488
1878 2488
1879 2489
1880 2489
1881 2490
1882 2490
1883 2489
1884 2489
1885 2489
1885 2488
1885 2487
1886 2486
1887 2486
1888 2486
1889 2487
1889 2488
1889 2489
1889 2490
1889 2491
1890 2491
1891 2492
1892 2492
1893 2491
1894 2491
1895 2491
1896 2492
1897 2492
1898 2492
1899 2492
1900 2492
1901 2492
1902 2492
1903 2491
1904 2491
1905 2491
1906 2492
1906 2493
1907 2493
1907 2492
1908 2491
1909 2491
1910 2491
1911 2492
1912 2492
1913 2492
1914 2492
1915 2493
1916 2493
1916 2492
1916 2491
1917 2490
1918 2490
1919 2490
1920 2490
1921 2490
1922 2490
1923 2491
1924 2492
1924 2493
1925 2493
1926 2493
1927 2494
1928 2493
1929 2493
1930 2493
1931 2493
1932 2492
1933 2492
1934 2492
1935 2493
1935 2494
1936 2494
1937 2494
1938 2494
1939 2494
1940 2494
1941 2494
1941 2493
1942 2492
1943 2492
1944 2492
1945 2492
1946 2493
1946 2494
1946 2495
1947 2494
1948 2494
1949 2494
1950 2495
1951 2495
1951 2494
1952 2493
1953 2493
1954 2493
1955 2494
1955 2495
1956 2496
1957 2496
1958 2496
1959 2496
1960 2496
1961 2496
1962 2496
1963 2496
1964 2496
1965 2497
1966 2496
1967 2496
1968 2496
1969 2497
1970 2498
1971 2497
1972 2497
1973 2497
1974 2498
1974 2499
1975 2499
1976 2499
1977 2500
1978 2500
1979 2500
1980 2500
1981 2501
1982 2501
1983 2502
1984 2501
1985 2501
1986 2501
1987 2502
1987 2501
1987 2500
1988 2499
1989 2499
1990 2499
1991 2500
1992 2501
1992 2502
1993 2502
1994 2502
1995 2502
1996 2502
1997 2502
1998 2502
1999 2502
1999 2501
1999 2500
2000 2499
2001 2499
2002 2499
2003 2500
2002 2501
2002 2502
2003 2503
2004 2503
2005 2503
2006 2503
2007 2503
2008 2503
2009 2503
2010 2503
2011 2504
2012 2504
2013 2504
2014 2504
2015 2504
2016 2504
2017 2504
2018 2505
2019 2506
2020 2506
2021 2506
2022 2507
2022 2506
2022 2505
2023 2504
2024 2504
2025 2504
2026 2505
2026 2506
2026 2507
2026 2508
2027 2509
2028 2509
2029 2509
2030 2509
2031 2509
2032 2509
2033 2509
2034 2509
2035 2509
2036 2509
2037 2509
2038 2509
2039 2508
2040 2508
2041 2508
2042 2509
2043 2510
2044 2510
2045 2510
2046 2510
2047 2510
2048 2509
2049 2509
2050 2509
2051 2510
2051 2509
2052 2508
2053 2508
2054 2508
2055 2509
2055 2510
2056 2511
2057 2511
2058 2511
2058 2510
2058 2509
2058 2508
2059 2507
2060 2507
2061 2507
2062 2508
2062 2509
2062 2510
2063 2511
2064 2511
2065 2511
2066 2511
2067 2511
2068 2510
2069 2510
2070 2510
2071 2511
2071 2512
2072 2512
2073 2512
2074 2512
2075 2512
2076 2512
2077 2512
2078 2513
2079 2513
2080 2513
2081 2513
2082 2514
2083 2514
2084 2514
2085 2514
2086 2514
2087 2515
2088 2516
2088 2517
2088 2516
2089 2515
2090 2515
2091 2515
2092 2516
2092 2517
2092 2518
2093 2517
2094 2517
2095 2517
2096 2518
2096 2519
2097 2519
2098 2519
2099 2519
2100 2519
2101 2519
2102 2520
2103 2520
2104 2520
2105 2520
2106 2520
2107 2520
2108 2520
2109 2520
2110 2520
2111 2520
2112 2521
2111 2522
2111 2523
2112 2523
2113 2524
2114 2524
2115 2524
2116 2524
2116 2523
2117 2522
2118 2522
2119 2522
2120 2523
2121 2524
2122 2524
2123 2524
2124 2524
2125 2524
2126 2524
2126 2523
2127 2522
2128 2522
2129 2523
2130 2523
2131 2524
2131 2525
2132 2525
2133 2525
2134 2525
2135 2525
2136 2525
2136 2524
2137 2523
2138 2523
2139 2523
2140 2524
2140 2525
2141 2525
2142 2525
2143 2525
2144 2525
2145 2525
2146 2526
2147 2526
2148 2526
2149 2525
2150 2525
2151 2525
2152 2525
2153 2525
2154 2526
2155 2526
2156 2526
2157 2526
2158 2526
2159 2526
2160 2526
2161 2526
2162 2526
2163 2526
2164 2526
2165 2527
2166 2526
2167 2526
2168 2526
2169 2526
2170 2526
2171 2527
2172 2526
2173 2526
2174 2526
2175 2526
2176 2526
2177 2526
2178 2526
2179 2526
2180 2526
2181 2527
2182 2526
2183 2526
2184 2526
2185 2526
2186 2526
2187 2526
2188 2525
2189 2525
2190 2525
2191 2525
2192 2524
2193 2524
2194 2524
2195 2524
2196 2523
2197 2523
2198 2523
2199 2524
2200 2524
2201 2524
2202 2524
2203 2524
2204 2524
2205 2524
2206 2524
2207 2524
2208 2525
2209 2525
2210 2525
2211 2525
2212 2525
2213 2525
2214 2525
2215 2525
2216 2525
2217 2525
2218 2525
2219 2525
2220 2526
2221 2526
2222 2526
2223 2526
2224 2526
2225 2526
2226 2526
2227 2526
2228 2527
2229 2527
2230 2527
2231 2527
2232 2527
2233 2527
2234 2527
2235 2528
2236 2528
2237 2528
2238 2528
2239 2529
2240 2529
2241 2530
2242 2530
2243 2530
2244 2531
2245 2531
2246 2532
2247 2532
2248 2533
2249 2533
2250 2534
2251 2534
2252 2534
2253 2535
2254 2535
2255 2535
2256 2536
2257 2536
2258 2537
2259 2538
2260 2539
2261 2539
2262 2540
2263 2541
2264 2541
2265 2541
2266 2542
2266 2543
2266 2544
2267 2544
2268 2545
2269 2546
2270 2545
2271 2546
2272 2547
2272 2548
2273 2548
2274 2549
2275 2550
2275 2551
2276 2552
2277 2553
2278 2553
2279 2554
2280 2554
2281 2554
2282 2554
2283 2555
2284 2555
2285 2556
2286 2556
2287 2557
2288 2557
2289 2558
2290 2559
2291 2559
2292 2559
2293 2560
2294 2560
2295 2560
2296 2560
2297 2560
2298 2560
2299 2561
2300 2561
2301 2561
2302 2562
2303 2562
2304 2562
2305 2563
2306 2564
2307 2565
2308 2566
2309 2566
2310 2566
2311 2566
2312 2567
2313 2567
2314 2567
2315 2568
2316 2568
2317 2569
2318 2570
2319 2570
2320 2571
2321 2571
2322 2571
2323 2571
2324 2571
2325 2571
2326 2572
2327 2572
2328 2572
2329 2572
2330 2572
2331 2573
2332 2573
2333 2573
2334 2573
2335 2574
2336 2574
2337 2574
2338 2575
2339 2575
2340 2576
2341 2576
2342 2577
2343 2577
2344 2577
2345 2577
2346 2578
2347 2578
2348 2578
2349 2578
2350 2578
2351 2579
2352 2579
2353 2579
2354 2579
2355 2580
2356 2580
2357 2581
2358 2581
2359 2582
2360 2582
2361 2582
2362 2583
2363 2583
2364 2583
2365 2583
2366 2583
2367 2583
2368 2583
2369 2583
2370 2583
2371 2583
2372 2584
2373 2584
2374 2584
2375 2584
2376 2584
2377 2584
2378 2584
2379 2584
2380 2584
2381 2584
2382 2584
2383 2585
2384 2585
2385 2585
2386 2585
2387 2585
2388 2586
2389 2586
2390 2586
2391 2586
2392 2587
2393 2587
2394 2587
2395 2588
2396 2588
2397 2589
2398 2590
2399 2590
2400 2591
2401 2592
2402 2592
2403 2592
2404 2593
2405 2594
2406 2594
2407 2595
2408 2596
2409 2597
2410 2598
2411 2598
2412 2599
2413 2600
2414 2600
2415 2601
2416 2602
2417 2602
2418 2602
2419 2603
2420 2603
2421 2604
2422 2604
2423 2605
2424 2606
2425 2606
2426 2606
2427 2607
2428 2607
2429 2607
2430 2607
2431 2607
2432 2608
2433 2608
2434 2608
2435 2608
2436 2609
2437 2609
2438 2609
2439 2610
2440 2610
2441 2611
2442 2611
2443 2612
2444 2612
2445 2612
2446 2612
2447 2612
2448 2612
2449 2612
2450 2612
2451 2612
2452 2612
2453 2613
2454 2613
2455 2613
2456 2613
2457 2613
2458 2613
2459 2613
2460 2613
2461 2613
2462 2614
2463 2614
2464 2614
2465 2614
2466 2614
2467 2614
2468 2614
2469 2614
2470 2615
2471 2615
2472 2615
2473 2615
2474 2616
2475 2616
2476 2616
2477 2617
2478 2617
2479 2618
2480 2619
2481 2620
2482 2620
2483 2621
2484 2622
2485 2622
2486 2622
2487 2623
2488 2623
2489 2624
2490 2624
2491 2624
2492 2625
2493 2625
2494 2626
2495 2626
2496 2626
2497 2627
2498 2627
2499 2627
2500 2628
2501 2628
2502 2629
2503 2629
2504 2630
2505 2630
2506 2631
2507 2631
2508 2631
2509 2631
2510 2631
2511 2632
2512 2632
2513 2632
2514 2633
2515 2633
2516 2634
2517 2635
2518 2635
2519 2636
2520 2636
2521 2636
2522 2636
2523 2636
2524 2636
2525 2636
2526 2636
2527 2636
2528 2636
2529 2636
2530 2636
2531 2636
2532 2637
2533 2637
2534 2637
2535 2637
2536 2637
2537 2637
2538 2637
2539 2637
2540 2637
2541 2637
2542 2637
2543 2637
2544 2637
2545 2637
2546 2638
2547 2638
2548 2638
2549 2638
2550 2638
2551 2638
2552 2638
2553 2638
2554 2639
2555 2639
2556 2639
2557 2639
2558 2639
2559 2639
2560 2640
2561 2640
2562 2641
2563 2641
2564 2642
2565 2642
2566 2643
2567 2643
2568 2644
2569 2645
2570 2645
2571 2646
2572 2647
2573 2647
2574 2648
2575 2649
2576 2650
2577 2650
2578 2650
2579 2651
2580 2651
2581 2651
2582 2651
2583 2652
2584 2652
2585 2652
2586 2653
2587 2653
2588 2654
2589 2654
2590 2655
2591 2655
2592 2655
2593 2655
2594 2655
2595 2655
2596 2655
2597 2655
2598 2655
2599 2656
2600 2656
2601 2656
2602 2656
2603 2656
2604 2656
2605 2656
2606 2657
2607 2657
2608 2657
2609 2657
2610 2658
2611 2658
2612 2659
2613 2660
2614 2661
2615 2662
2616 2663
2617 2663
2618 2664
2619 2665
2620 2666
2621 2667
2622 2668
2623 2669
2624 2670
2625 2671
2626 2672
2627 2672
2628 2673
2629 2673
2630 2674
2631 2674
2632 2675
2633 2675
2634 2675
2635 2676
2636 2676
2637 2676
2638 2677
2639 2677
2640 2677
2641 2677
2642 2677
2643 2677
2644 2677
2645 2678
2646 2678
2647 2678
2648 2678
2649 2678
2650 2678
2651 2678
2652 2678
2653 2678
2654 2678
2655 2678
2656 2678
2657 2678
2658 2678
2659 2678
2660 2678
2661 2678
2662 2678
2663 2678
2664 2678
2665 2679
2666 2679
2667 2679
2668 2679
2669 2679
2670 2679
2671 2679
2672 2679
2673 2679
2674 2679
2675 2679
2676 2679
2677 2679
2678 2679
2679 2679
2680 2679
2681 2679
2682 2679
2683 2679
2684 2679
2685 2679
2686 2679
2687 2679
2688 2679
2689 2679
2690 2679
2691 2679
2692 2679
2693 2679
2694 2679
2695 2679
2696 2679
2697 2679
2698 2679
2699 2679
2700 2679
2701 2679
2702 2678
2703 2678
2704 2678
2705 2678
2706 2678
2707 2677
2708 2677
2709 2677
2710 2677
2711 2676
2712 2676
2713 2676
2714 2676
2715 2675
2716 2675
2717 2676
2718 2676
2719 2676
2720 2676
2721 2675
2722 2675
2723 2675
2724 2675
2725 2675
2726 2675
2727 2675
2728 2675
2729 2674
2730 2674
2731 2674
2732 2674
2733 2673
2734 2673
2735 2673
2736 2673
2737 2673
2738 2673
2739 2673
2740 2673
2741 2673
2742 2673
2743 2673
2744 2673
2745 2673
2746 2673
2747 2673
2748 2673
2749 2673
2750 2673
2751 2673
2752 2673
2753 2673
2754 2674
2755 2674
2756 2674
2757 2674
2758 2674
2759 2674
2760 2674
2761 2675
2762 2675
2763 2675
2764 2675
2765 2675
2766 2675
2767 2676
2768 2676
2769 2676
2770 2676
2771 2677
2772 2677
2773 2677
2774 2678
2775 2678
2776 2679
2777 2679
2778 2680
2779 2680
2780 2680
2781 2681
2782 2681
2783 2682
2784 2682
2785 2682
2786 2682
2787 2683
2788 2683
2789 2683
2790 2684
2791 2684
2792 2685
2793 2686
2794 2686
2795 2687
2796 2688
2797 2688
2798 2689
2799 2689
2800 2690
2801 2690
2802 2691
2803 2692
2804 2692
2805 2692
2806 2692
2807 2693
2808 2693
2809 2693
2810 2694
2811 2694
2812 2695
2813 2695
2814 2696
2815 2696
2816 2697
2817 2697
2818 2697
2819 2697
2820 2697
2821 2697
2822 2697
2823 2697
2824 2697
2825 2697
2826 2697
2827 2697
2828 2697
2829 2697
2830 2697
2831 2698
2832 2698
2833 2698
2834 2698
2835 2698
2836 2698
2837 2698
2838 2698
2839 2698
2840 2698
2841 2698
2842 2698
2843 2698
2844 2698
2845 2698
2846 2698
2847 2698
2848 2698
2849 2698
2850 2698
2851 2698
2852 2698
2853 2699
2854 2699
2855 2699
2856 2699
2857 2699
2858 2699
2859 2699
2860 2699
2861 2699
2862 2699
2863 2699
2864 2699
2865 2699
2866 2699
2867 2699
2868 2699
2869 2699
2870 2699
2871 2699
2872 2698
2873 2698
2874 2698
2875 2698
2876 2698
2877 2697
2878 2697
2879 2697
2880 2697
2881 2696
2882 2696
2883 2695
2884 2695
2885 2695
2886 2695
2887 2695
2888 2694
2889 2694
2890 2694
2891 2694
2892 2694
2893 2694
2894 2694
2895 2694
2896 2693
2897 2693
2898 2693
2899 2693
2900 2692
2901 2692
2902 2692
2903 2692
2904 2692
2905 2692
2906 2692
2907 2692
2908 2692
2909 2692
2910 2692
2911 2692
2912 2692
2913 2692
2914 2692
2915 2692
2916 2692
2917 2692
2918 2692
2919 2692
2920 2692
2921 2692
2922 2692
2923 2692
2924 2693
2925 2693
2926 2693
2927 2693
2928 2693
2929 2693
2930 2693
2931 2693
2932 2693
2933 2693
2934 2693
2935 2693
2936 2693
2937 2693
2938 2693
2939 2693
2940 2693
2941 2693
2942 2693
2943 2693
2944 2693
2945 2693
2946 2693
2947 2693
2948 2693
2949 2693
2950 2693
2951 2693
2952 2692
2953 2692
2954 2692
2955 2692
2956 2692
2957 2692
2958 2692
2959 2692
2960 2691
2961 2691
2962 2691
2963 2690
2964 2690
2965 2690
2966 2690
2967 2690
2968 2690
2969 2690
2970 2690
2971 2690
2972 2690
2973 2690
2974 2690
2975 2690
2976 2690
2977 2690
2978 2690
2979 2690
2980 2690
2981 2690
2982 2690
2983 2690
2984 2690
2985 2690
2986 2690
2987 2690
2988 2690
2989 2690
2990 2689
2991 2689
2992 2689
2993 2689
2994 2689
2995 2689
2996 2688
2997 2688
2998 2688
2999 2687
3000 2687
3001 2686
3002 2686
3003 2686
3004 2686
3005 2686
3006 2686
3007 2686
3008 2686
3009 2686
3010 2686
3011 2686
3012 2686
3013 2686
3014 2686
3015 2686
3016 2686
3017 2686
3018 2685
3019 2685
3020 2685
3021 2685
3022 2684
3023 2684
3024 2684
3025 2683
3026 2683
3027 2683
3028 2683
3029 2682
3030 2682
3031 2682
3032 2682
3033 2682
3034 2682
3035 2682
3036 2682
3037 2682
3038 2682
3039 2682
3040 2681
3041 2681
3042 2681
3043 2680
3044 2680
3045 2679
3046 2679
3047 2679
3048 2678
3049 2678
3050 2678
3051 2678
3052 2677
3053 2677
3054 2677
3055 2677
3056 2676
3057 2676
3058 2675
3059 2675
3060 2675
3061 2674
3062 2674
3063 2674
3064 2674
3065 2674
3066 2674
3067 2673
3068 2673
3069 2673
3070 2673
3071 2673
3072 2673
3073 2673
3074 2672
3075 2672
3076 2672
3077 2671
3078 2671
3079 2671
3080 2670
3081 2670
3082 2670
3083 2670
3084 2670
3085 2670
3086 2670
3087 2670
3088 2670
3089 2670
3090 2670
3091 2670
3092 2670
3093 2670
3094 2669
3095 2669
3096 2669
3097 2669
3098 2669
3099 2668
3100 2668
3101 2667
3102 2667
3103 2667
3104 2667
3105 2667
3106 2667
3107 2667
3108 2667
3109 2667
3110 2667
3111 2666
3112 2666
3113 2666
3114 2666
3115 2666
3116 2666
3117 2666
3118 2665
3119 2665
3120 2665
3121 2665
3122 2664
3123 2664
3124 2663
3125 2663
3126 2663
3127 2662
3128 2662
3129 2662
3130 2662
3131 2662
3132 2661
3133 2661
3134 2661
3135 2660
3136 2660
3137 2660
3138 2659
3139 2659
3140 2659
3141 2658
3142 2658
3143 2658
3144 2658
3145 2658
3146 2658
3147 2658
3148 2658
3149 2658
3150 2658
3151 2658
3152 2657
3153 2657
3154 2657
3155 2656
3156 2656
3157 2655
3158 2655
3159 2655
3160 2654
3161 2654
3162 2654
3163 2653
3164 2653
3165 2653
3166 2653
3167 2652
3168 2652
3169 2652
3170 2652
3171 2651
3172 2651
3173 2651
3174 2651
3175 2650
3176 2650
3177 2650
3178 2650
3179 2650
3180 2650
3181 2650
3182 2650
3183 2650
3184 2650
3185 2650
3186 2650
3187 2650
3188 2649
3189 2649
3190 2649
3191 2648
3192 2648
3193 2647
3194 2647
3195 2647
3196 2646
3197 2646
3198 2646
3199 2646
3200 2645
3201 2645
3202 2645
3203 2645
3204 2644
3205 2644
3206 2643
3207 2643
3208 2643
3209 2643
3210 2643
3211 2643
3212 2642
3213 2642
3214 2642
3215 2642
3216 2642
3217 2642
3218 2642
3219 2642
3220 2642
3221 2641
3222 2641
3223 2641
3224 2640
3225 2640
3226 2639
3227 2639
3228 2639
3229 2639
3230 2639
3231 2638
3232 2638
3233 2638
3234 2638
3235 2638
3236 2638
3237 2638
3238 2638
3239 2638
3240 2638
3241 2638
3242 2638
3243 2637
3244 2637
3245 2637
3246 2637
3247 2637
3248 2636
3249 2636
3250 2635
3251 2635
3252 2635
3253 2635
3254 2635
3255 2635
3256 2635
3257 2635
3258 2635
3259 2635
3260 2635
3261 2634
3262 2634
3263 2634
3264 2634
3265 2634
3266 2634
3267 2633
3268 2633
3269 2633
3270 2632
3271 2632
3272 2632
3273 2631
3274 2631
3275 2631
3276 2630
3277 2630
3278 2630
3279 2629
3280 2629
3281 2629
3282 2628
3283 2628
3284 2628
3285 2627
3286 2627
3287 2627
3288 2627
3289 2627
3290 2627
3291 2627
3292 2627
3293 2627
3294 2627
3295 2627
3296 2627
3297 2626
3298 2626
3299 2626
3300 2626
3301 2625
3302 2625
3303 2625
3304 2624
3305 2624
3306 2624
3307 2624
3308 2623
3309 2623
3310 2623
3311 2623
3312 2623
3313 2623
3314 2623
3315 2623
3316 2623
3317 2623
3318 2622
3319 2622
3320 2622
3321 2622
3322 2621
3323 2621
3324 2620
3325 2620
3326 2620
3327 2619
3328 2619
3329 2619
3330 2618
3331 2618
3332 2618
3333 2618
3334 2618
3335 2617
3336 2617
3337 2617
3338 2616
3339 2616
3340 2615
3341 2615
3342 2614
3343 2614
3344 2613
3345 2612
3346 2612
3347 2611
3348 2611
3349 2611
3350 2610
3351 2610
3352 2609
3353 2609
3354 2608
3355 2608
3356 2607
3357 2607
3358 2606
3359 2605
3360 2605
3361 2604
3362 2603
3363 2603
3364 2602
3365 2601
3366 2601
3367 2600
3368 2600
3369 2599
3370 2599
3371 2599
3372 2598
3373 2598
3374 2597
3375 2597
3376 2597
3377 2596
3378 2595
3379 2595
3380 2595
3381 2594
3382 2594
3383 2594
3384 2593
3385 2593
3386 2592
3387 2592
3388 2592
3389 2591
3390 2591
3391 2591
3392 2591
3393 2590
3394 2590
3395 2589
3396 2588
3397 2587
3398 2586
3399 2586
3400 2585
3401 2584
3402 2583
3403 2583
3404 2582
3405 2581
3406 2581
3407 2580
3408 2579
3409 2579
3410 2578
3411 2578
3412 2577
3413 2576
3414 2575
3415 2575
3416 2574
3417 2573
3418 2573
3419 2572
3420 2571
3421 2570
3422 2569
3423 2568
3424 2568
3425 2567
3426 2566
3427 2565
3428 2564
3429 2563
3430 2563
3431 2562
3432 2561
3433 2560
3434 2560
3435 2559
3436 2558
3437 2557
3438 2556
3439 2556
3440 2555
3441 2554
3442 2553
3443 2552
3444 2551
3445 2550
3446 2549
3447 2548
3448 2547
3449 2546
3450 2545
3451 2544
3452 2543
3453 2543
3454 2542
3455 2541
3456 2540
3457 2539
3458 2539
3458 2538
3459 2537
3460 2536
3460 2535
3461 2534
3462 2533
3462 2532
3463 2531
3464 2530
3465 2529
3466 2528
3467 2527
3468 2526
3469 2525
3470 2524
3471 2523
3471 2522
3472 2521
3473 2520
3474 2519
3475 2518
3476 2517
3477 2516
3478 2515
3479 2514
3480 2513
3481 2512
3481 2511
3482 2510
3483 2509
3484 2508
3485 2507
3486 2506
3487 2505
3487 2504
3488 2503
3489 2502
3490 2501
3491 2500
3492 2499
3493 2498
3493 2497
3494 2496
3495 2495
3495 2494
3496 2493
3497 2492
3498 2491
3499 2490
3500 2489
3501 2488
3501 2487
3502 2486
3502 2485
3503 2484
3504 2483
3504 2482
3505 2481
3505 2480
3505 2479
3506 2478
3506 2477
3506 2476
3506 2475
3506 2474
3506 2473
3506 2472
3506 2471
3507 2470
3507 2469
3507 2468
3507 2467
3508 2466
3508 2465
3509 2464
3509 2463
3509 2462
3510 2461
3510 2460
3511 2459
3511 2458
3511 2457
3512 2456
3512 2455
3512 2454
3513 2453
3513 2452
3513 2451
3513 2450
3513 2449
3514 2448
3514 2447
3515 2446
3515 2445
3515 2444
3516 2443
3516 2442
3517 2441
3517 2440
3517 2439
3518 2438
3518 2437
3519 2436
3519 2435
3520 2434
3520 2433
3521 2432
3521 2431
3522 2430
3522 2429
3523 2428
3523 2427
3524 2426
3524 2425
3524 2424
3524 2423
3524 2422
3524 2421
3525 2420
3525 2419
3525 2418
3525 2417
3525 2416
3526 2415
3526 2414
3526 2413
3527 2412
3527 2411
3528 2410
3528 2409
3528 2408
3528 2407
3529 2406
3529 2405
3529 2404
3529 2403
3529 2402
3529 2401
3529 2400
3529 2399
3529 2398
3529 2397
3529 2396
3529 2395
3529 2394
3529 2393
3529 2392
3530 2391
3530 2390
3530 2389
3530 2388
3530 2387
3530 2386
3530 2385
3530 2384
3530 2383
3530 2382
3530 2381
3530 2380
3530 2379
3530 2378
3530 2377
3530 2376
3530 2375
3530 2374
3530 2373
3531 2372
3531 2371
3531 2370
3531 2369
3531 2368
3531 2367
3531 2366
3531 2365
3531 2364
3531 2363
3531 2362
3531 2361
3531 2360
3531 2359
3531 2358
3531 2357
3531 2356
3531 2355
3532 2354
3532 2353
3532 2352
3532 2351
3532 2350
3532 2349
3532 2348
3532 2347
3532 2346
3532 2345
3532 2344
3532 2343
3532 2342
3532 2341
3532 2340
3532 2339
3532 2338
3532 2337
3532 2336
3532 2335
3533 2334
3533 2333
3533 2332
3533 2331
3533 2330
3533 2329
3533 2328
3533 2327
3533 2326
3533 2325
3532 2324
3532 2323
3532 2322
3532 2321
3532 2320
3532 2319
3532 2318
3532 2317
3532 2316
3532 2315
3532 2314
3532 2313
3532 2312
3532 2311
3532 2310
3531 2309
3531 2308
3531 2307
3531 2306
3530 2305
3530 2304
3530 2303
3530 2302
3529 2301
3529 2300
3529 2299
3529 2298
3529 2297
3529 2296
3529 2295
3529 2294
3529 2293
3529 2292
3529 2291
3528 2290
3528 2289
3528 2288
3528 2287
3528 2286
3527 2285
3527 2284
3527 2283
3527 2282
3527 2281
3526 2280
3526 2279
3526 2278
3526 2277
3526 2276
3526 2275
3526 2274
3526 2273
3526 2272
3526 2271
3526 2270
3526 2269
3526 2268
3526 2267
3526 2266
3526 2265
3526 2264
3526 2263
3526 2262
3526 2261
3527 2260
3527 2259
3527 2258
3527 2257
3527 2256
3527 2255
3527 2254
3527 2253
3527 2252
3527 2251
3527 2250
3527 2249
3527 2248
3527 2247
3527 2246
3527 2245
3527 2244
3527 2243
3527 2242
3527 2241
3527 2240
3527 2239
3527 2238
3526 2237
3526 2236
3526 2235
3526 2234
3526 2233
3526 2232
3526 2231
3525 2230
3525 2229
3525 2228
3524 2227
3524 2226
3524 2225
3523 2224
3523 2223
3523 2222
3522 2221
3522 2220
3521 2219
3521 2218
3521 2217
3520 2216
3520 2215
3519 2214
3519 2213
3519 2212
3518 2211
3518 2210
3518 2209
3517 2208
3517 2207
3517 2206
3517 2205
3517 2204
3517 2203
3516 2202
3516 2201
3515 2200
3515 2199
3515 2198
3514 2197
3514 2196
3513 2195
3513 2194
3513 2193
3512 2192
3512 2191
3512 2190
3511 2189
3511 2188
3511 2187
3510 2186
3510 2185
3509 2184
3509 2183
3508 2182
3508 2181
3508 2180
3508 2179
3507 2178
3507 2177
3507 2176
3507 2175
3506 2174
3506 2173
3505 2172
3505 2171
3505 2170
3504 2169
3503 2168
3503 2167
3502 2166
3501 2165
3501 2164
3501 2163
3500 2162
3500 2161
3500 2160
3499 2159
3498 2158
3498 2157
3497 2156
3496 2155
3495 2154
3495 2153
3494 2152
3493 2151
3492 2150
3491 2149
3490 2149
3489 2148
3488 2148
3487 2147
3486 2146
3485 2145
3484 2144
3483 2143
3482 2143
3481 2142
3480 2141
3479 2140
3478 2139
3477 2138
3476 2137
3475 2136
3474 2136
3473 2135
3472 2134
3471 2134
3470 2133
3469 2132
3468 2132
3467 2131
3466 2130
3465 2129
3464 2129
3463 2128
3462 2128
3461 2127
3460 2127
3459 2126
3458 2126
3457 2125
3456 2125
3455 2124
3454 2123
3453 2123
3452 2122
3451 2122
3450 2121
3449 2121
3448 2120
3447 2120
3446 2120
3445 2119
3444 2119
3443 2118
3442 2117
3441 2116
3440 2115
3439 2115
3438 2114
3437 2114
3436 2114
3435 2114
3434 2114
3433 2114
3432 2114
3431 2114
3430 2114
3429 2114
3428 2114
3427 2114
3426 2114
3425 2114
3424 2113
3423 2113
3422 2113
3421 2113
3420 2113
3419 2113
3418 2113
3417 2113
3416 2113
3415 2113
3414 2113
3413 2113
3412 2113
3411 2113
3410 2113
3409 2113
3408 2113
3407 2113
3406 2113
3405 2113
3404 2113
3403 2112
3402 2112
3401 2112
3400 2112
3399 2112
3398 2112
3397 2112
3396 2112
3395 2112
3394 2112
3393 2112
3392 2112
3391 2112
3390 2112
3389 2112
3388 2112
3387 2112
3386 2112
3385 2112
3384 2112
3383 2112
3382 2112
3381 2112
3380 2112
3379 2112
3378 2112
3377 2112
3376 2112
3375 2112
