3467 1803
3466 1804
3465 1804
3464 1804
3463 1804
3462 1804
3461 1804
3460 1804
3459 1804
3458 1804
3457 1804
3456 1804
3455 1804
3454 1804
3453 1804
3452 1804
3451 1804
3450 1804
3449 1805
3448 1805
3447 1805
3446 1805
3445 1805
3444 1805
3443 1805
3442 1805
3441 1805
3440 1805
3439 1805
3438 1805
3437 1805
3436 1805
3435 1805
3434 1805
3433 1805
3432 1806
3431 1806
3430 1806
3429 1806
3428 1806
3427 1806
3426 1806
3425 1806
3424 1806
3423 1806
3422 1806
3421 1806
3420 1806
3419 1806
3418 1806
3417 1806
3416 1806
3415 1807
3414 1807
3413 1807
3412 1808
3411 1808
3410 1808
3409 1809
3408 1809
3407 1810
3406 1810
3405 1811
3404 1811
3403 1811
3402 1812
3401 1812
3400 1812
3399 1812
3398 1813
3397 1813
3396 1813
3395 1813
3394 1813
3393 1813
3392 1813
3391 1814
3390 1814
3389 1814
3388 1815
3387 1815
3386 1815
3385 1816
3384 1816
3383 1817
3382 1817
3381 1817
3380 1818
3379 1818
3378 1819
3377 1819
3376 1819
3375 1819
3374 1819
3373 1820
3372 1820
3371 1820
3370 1820
3369 1820
3368 1820
3367 1821
3366 1821
3365 1821
3364 1822
3363 1822
3362 1822
3361 1823
3360 1823
3359 1824
3358 1824
3357 1825
3356 1825
3355 1826
3354 1826
3353 1826
3352 1827
3351 1827
3350 1827
3349 1828
3348 1829
3347 1829
3346 1830
3345 1831
3344 1831
3343 1832
3342 1832
3341 1832
3340 1832
3339 1833
3338 1833
3337 1833
3336 1833
3335 1834
3334 1834
3333 1834
3332 1834
3331 1835
3330 1835
3329 1835
3328 1835
3327 1835
3326 1836
3325 1836
3324 1837
3323 1837
3322 1838
3321 1838
3320 1839
3319 1840
3318 1840
3317 1841
3316 1841
3315 1841
3314 1841
3313 1841
3312 1842
3311 1842
3310 1842
3309 1842
3308 1842
3307 1842
3306 1843
3305 1843
3304 1843
3303 1843
3302 1843
3301 1843
3300 1843
3299 1844
3298 1844
3297 1845
3296 1845
3295 1846
3294 1846
3293 1847
3292 1847
3291 1847
3290 1848
3289 1848
3288 1848
3287 1848
3286 1849
3285 1849
3284 1849
3283 1849
3282 1850
3281 1850
3280 1850
3279 1850
3278 1850
3277 1851
3276 1851
3275 1851
3274 1851
3273 1852
3272 1852
3271 1853
3270 1854
3269 1854
3268 1855
3267 1855
3266 1856
3265 1856
3264 1856
3263 1857
3262 1857
3261 1858
3260 1859
3259 1859
3258 1860
3257 1861
3256 1861
3255 1862
3254 1862
3253 1862
3252 1863
3251 1863
3250 1863
3249 1864
3248 1865
3247 1866
3246 1867
3245 1868
3244 1868
3243 1868
3242 1869
3241 1869
3240 1870
3239 1871
3238 1871
3238 1872
3237 1873
3236 1873
3235 1874
3234 1874
3233 1875
3232 1875
3231 1876
3230 1877
3229 1878
3228 1879
3227 1880
3226 1881
3225 1881
3224 1882
3223 1882
3222 1882
3221 1883
3220 1883
3219 1883
3218 1883
3217 1883
3216 1884
3215 1884
3214 1884
3213 1884
3212 1885
3211 1886
3210 1886
3209 1887
3208 1888
3207 1888
3206 1889
3205 1890
3204 1890
3203 1890
3202 1889
3202 1888
3201 1887
3200 1886
3200 1885
3199 1884
3198 1884
3197 1883
3196 1883
3195 1882
3194 1881
3193 1880
3192 1880
3191 1879
3190 1878
3189 1878
3188 1877
3187 1877
3186 1876
3185 1875
3184 1875
3183 1876
3182 1877
3181 1878
3181 1879
3181 1880
3180 1881
3180 1882
3180 1883
3179 1884
3178 1885
3177 1886
3176 1887
3176 1888
3175 1889
3174 1890
3173 1891
3172 1892
3171 1893
3170 1894
3169 1895
3168 1895
3167 1896
3166 1897
3165 1898
3164 1899
3163 1900
3162 1900
3161 1901
3160 1902
3159 1903
3158 1903
3157 1903
3156 1904
3155 1904
3154 1905
3153 1906
3152 1907
3151 1908
3150 1909
3149 1909
3148 1910
3147 1910
3146 1911
3145 1911
3144 1912
3143 1912
3142 1913
3141 1914
3140 1915
3139 1916
3138 1917
3137 1917
3137 1918
3136 1919
3135 1920
3134 1921
3133 1921
3132 1922
3131 1923
3130 1924
3129 1924
3129 1925
3128 1926
3127 1927
3126 1928
3125 1929
3124 1930
3123 1930
3122 1930
3121 1931
3120 1931
3120 1932
3119 1933
3118 1934
3117 1935
3116 1936
3115 1937
3114 1938
3114 1939
3113 1940
3112 1941
3111 1942
3111 1943
3110 1944
3109 1945
3108 1946
3108 1947
3107 1948
3106 1948
3105 1949
3104 1949
3103 1950
3103 1951
3102 1952
3101 1953
3100 1953
3099 1954
3098 1955
3097 1955
3096 1956
3095 1956
3094 1956
3093 1957
3092 1957
3091 1957
3090 1957
3089 1958
3088 1958
3087 1958
3086 1958
3085 1959
3084 1960
3083 1960
3082 1961
3081 1962
3080 1962
3079 1963
3078 1963
3077 1964
3076 1964
3075 1964
3074 1964
3073 1964
3072 1965
3071 1965
3070 1965
3069 1965
3068 1965
3067 1966
3066 1967
3065 1967
3064 1968
3063 1969
3062 1969
3061 1970
3060 1970
3059 1971
3058 1971
3057 1971
3056 1972
3055 1973
3054 1974
3053 1974
3052 1975
3051 1975
3050 1976
3049 1976
3048 1977
3047 1977
3046 1977
3045 1978
3044 1978
3043 1978
3042 1978
3041 1979
3040 1979
3039 1979
3038 1979
3037 1979
3036 1979
3035 1979
3034 1979
3033 1980
3032 1980
3031 1980
3030 1980
3029 1980
3028 1980
3027 1981
3026 1982
3025 1982
3024 1983
3023 1983
3022 1984
3021 1984
3020 1984
3019 1985
3018 1985
3017 1985
3016 1985
3015 1986
3014 1986
3013 1986
3012 1986
3011 1986
3010 1987
3009 1987
3008 1987
3007 1987
3006 1987
3005 1987
3004 1988
3003 1988
3002 1989
3001 1990
3000 1990
2999 1991
2998 1991
2997 1992
2996 1992
2995 1993
2994 1993
2993 1994
2992 1995
2991 1996
2990 1997
2989 1998
2988 1999
2987 2000
2986 2001
2985 2002
2985 2003
2984 2004
2983 2005
2982 2006
2981 2007
2980 2008
2979 2009
2978 2009
2977 2010
2976 2011
2975 2011
2974 2011
2973 2012
2972 2012
2971 2012
2970 2013
2969 2013
2968 2013
2967 2013
2966 2014
2965 2014
2964 2014
2963 2014
2962 2014
2961 2014
2960 2014
2959 2014
2958 2014
2957 2014
2956 2014
2955 2014
2954 2015
2953 2015
2952 2015
2951 2015
2950 2015
2949 2015
2948 2015
2947 2015
2946 2015
2945 2015
2944 2015
2943 2015
2942 2015
2941 2016
2940 2016
2939 2016
2938 2015
2937 2014
2936 2013
2935 2013
2934 2012
2933 2012
2932 2012
2931 2012
2930 2011
2929 2011
2928 2011
2927 2011
2926 2011
2925 2011
2924 2011
2923 2011
2922 2011
2921 2011
2920 2011
2919 2011
2918 2011
2917 2011
2916 2012
2915 2012
2914 2013
2913 2014
2912 2015
2911 2015
2910 2016
2909 2016
2908 2016
2907 2016
2906 2017
2905 2018
2904 2019
2903 2020
2902 2021
2901 2021
2900 2022
2899 2022
2898 2023
2897 2023
2896 2023
2895 2023
2894 2023
2893 2024
2892 2024
2891 2024
2890 2024
2889 2024
2888 2024
2887 2024
2886 2024
2885 2024
2884 2024
2883 2025
2882 2025
2881 2025
2880 2025
2879 2025
2878 2025
2877 2025
2876 2026
2876 2027
2875 2028
2874 2029
2873 2030
2872 2031
2872 2032
2872 2033
2871 2034
2871 2035
2871 2036
2870 2037
2869 2038
2868 2039
2867 2040
2866 2041
2866 2042
2865 2043
2864 2044
2863 2045
2862 2046
2861 2046
2860 2047
2859 2047
2858 2048
2857 2048
2856 2049
2855 2049
2854 2050
2853 2050
2852 2051
2851 2052
2850 2052
2849 2053
2848 2054
2847 2054
2846 2055
2845 2055
2844 2056
2843 2056
2842 2056
2841 2056
2840 2056
2839 2057
2838 2057
2837 2057
2836 2058
2835 2058
2834 2058
2833 2059
2832 2059
2831 2060
2830 2061
2829 2061
2828 2061
2827 2062
2826 2062
2825 2062
2824 2063
2823 2063
2822 2064
2821 2065
2820 2066
2819 2067
2818 2067
2817 2068
2816 2068
2815 2069
2814 2069
2813 2069
2812 2069
2811 2070
2810 2070
2809 2070
2808 2070
2807 2071
2806 2071
2805 2071
2804 2072
2803 2073
2802 2073
2801 2074
2800 2074
2799 2075
2798 2076
2797 2076
2796 2076
2795 2077
2794 2077
2793 2077
2792 2077
2791 2077
2790 2078
2789 2078
2788 2078
2787 2078
2786 2078
2785 2078
2784 2079
2783 2079
2782 2079
2781 2079
2780 2079
2779 2079
2778 2079
2777 2079
2776 2079
2775 2079
2774 2079
2773 2079
2772 2080
2771 2080
2770 2080
2769 2080
2768 2080
2767 2080
2766 2080
2765 2080
2764 2080
2763 2080
2762 2080
2761 2080
2760 2080
2759 2080
2758 2080
2757 2080
2756 2079
2755 2078
2754 2078
2753 2077
2752 2077
2751 2077
2750 2077
2749 2077
2748 2077
2747 2076
2746 2076
2745 2076
2744 2076
2743 2076
2742 2076
2741 2076
2740 2076
2739 2076
2738 2076
2737 2076
2736 2076
2735 2076
2734 2076
2733 2076
2732 2077
2731 2077
2730 2077
2729 2077
2728 2077
2727 2077
2726 2077
2725 2077
2724 2077
2723 2077
2722 2077
2721 2077
2720 2077
2719 2077
2718 2077
2717 2077
2716 2077
2715 2077
2714 2077
2713 2077
2712 2077
2711 2077
2710 2077
2709 2078
2708 2078
2707 2078
2706 2078
2705 2078
2704 2078
2703 2078
2702 2078
2701 2078
2700 2078
2699 2078
2698 2078
2697 2078
2696 2078
2695 2078
2694 2078
2693 2078
2692 2079
2691 2079
2690 2079
2689 2080
2688 2081
2687 2081
2686 2082
2685 2082
2684 2083
2683 2083
2682 2083
2681 2084
2680 2084
2679 2084
2678 2084
2677 2084
2676 2085
2675 2085
2674 2085
2673 2085
2672 2085
2671 2086
2670 2087
2669 2087
2668 2088
2667 2089
2666 2089
2665 2090
2664 2090
2663 2091
2662 2091
2661 2091
2660 2091
2659 2092
2658 2092
2657 2092
2656 2092
2655 2092
2654 2093
2653 2094
2653 2095
2652 2096
2651 2096
2650 2097
2649 2097
2648 2098
2647 2098
2646 2098
2645 2098
2644 2099
2643 2099
2642 2099
2641 2099
2640 2099
2639 2099
2638 2099
2637 2100
2636 2100
2635 2101
2634 2101
2633 2102
2632 2102
2631 2103
2630 2104
2629 2104
2628 2104
2627 2105
2626 2105
2625 2105
2624 2105
2623 2106
2622 2106
2621 2106
2620 2106
2619 2106
2618 2106
2617 2107
2616 2107
2615 2107
2614 2107
2613 2107
2612 2107
2611 2107
2610 2107
2609 2107
2608 2107
2607 2108
2606 2108
2605 2108
2604 2108
2603 2108
2602 2108
2601 2108
2600 2108
2599 2108
2598 2108
2597 2108
2596 2108
2595 2108
2594 2108
2593 2108
2592 2109
2591 2109
2590 2109
2589 2109
2588 2109
2587 2109
2586 2109
2585 2109
2584 2109
2583 2109
2582 2109
2581 2108
2580 2107
2580 2106
2579 2106
2578 2105
2577 2105
2576 2105
2575 2105
2574 2104
2573 2104
2572 2104
2571 2104
2570 2104
2569 2104
2568 2105
2567 2105
2566 2106
2565 2106
2564 2107
2563 2107
2562 2108
2561 2108
2560 2109
2559 2109
2558 2110
2557 2111
2556 2111
2555 2112
2554 2113
2553 2114
2552 2114
2551 2115
2550 2115
2549 2116
2548 2116
2547 2116
2546 2117
2545 2117
2544 2118
2543 2119
2542 2119
2541 2120
2540 2121
2539 2121
2538 2121
2537 2122
2536 2122
2535 2122
2534 2122
2533 2123
2532 2123
2531 2123
2530 2123
2529 2124
2528 2124
2527 2124
2526 2124
2525 2124
2524 2124
2523 2124
2522 2124
2521 2124
2520 2124
2519 2125
2518 2125
2517 2125
2516 2125
2515 2125
2514 2125
2513 2125
2512 2125
2511 2125
2510 2126
2509 2126
2508 2126
2507 2126
2506 2126
2505 2126
2504 2126
2503 2126
2502 2126
2501 2126
2500 2126
2499 2126
2498 2126
2497 2126
2496 2126
2495 2126
2494 2126
2493 2126
2492 2127
2491 2127
2490 2127
2489 2127
2488 2127
2487 2127
2486 2127
2485 2127
2484 2127
2483 2127
2482 2127
2481 2127
2480 2127
2479 2127
2478 2127
2477 2127
2476 2127
2475 2128
2474 2128
2473 2128
2472 2128
2471 2128
2470 2128
2469 2128
2468 2128
2467 2128
2466 2128
2465 2128
2464 2128
2463 2128
2462 2128
2461 2128
2460 2129
2459 2129
2458 2129
2457 2129
2456 2129
2455 2129
2454 2129
2453 2129
2452 2129
2451 2129
2450 2129
2449 2129
2448 2129
2447 2129
2446 2129
2445 2129
2444 2129
2443 2130
2442 2130
2441 2130
2440 2130
2439 2130
2438 2130
2437 2130
2436 2130
2435 2130
2434 2130
2433 2130
2432 2130
2431 2130
2430 2130
2429 2130
2428 2130
2427 2130
2426 2130
2425 2131
2424 2131
2423 2131
2422 2131
2421 2131
2420 2131
2419 2131
2418 2131
2417 2131
2416 2131
2415 2131
2414 2131
2413 2131
2412 2131
2411 2131
2410 2131
2409 2131
2408 2132
2407 2132
2406 2132
2405 2132
2404 2132
2403 2132
2402 2132
2401 2132
2400 2132
2399 2132
2398 2133
2397 2133
2396 2134
2395 2134
2394 2135
2393 2135
2392 2136
2391 2137
2390 2137
2389 2137
2388 2138
2387 2139
2386 2140
2385 2141
2384 2142
2383 2143
2382 2143
2381 2144
2380 2145
2379 2146
2378 2147
2377 2148
2376 2148
2375 2149
2374 2149
2373 2150
2372 2150
2371 2150
2370 2150
2369 2151
2368 2151
2367 2151
2366 2151
2365 2151
2364 2152
2363 2152
2362 2152
2361 2153
2360 2153
2359 2153
2358 2154
2357 2154
2356 2154
2355 2155
2354 2155
2353 2156
2352 2156
2351 2156
2350 2157
2349 2157
2348 2157
2347 2158
2346 2158
2345 2158
2344 2158
2343 2158
2342 2159
2341 2160
2340 2161
2339 2162
2338 2162
2337 2163
2336 2163
2335 2164
2334 2164
2333 2164
2332 2164
2331 2165
2330 2165
2329 2165
2328 2165
2327 2165
2326 2166
2325 2166
2324 2166
2323 2166
2322 2166
2321 2166
2320 2166
2319 2167
2318 2167
2317 2167
2316 2168
2315 2168
2314 2169
2313 2170
2312 2170
2311 2170
2310 2171
2309 2171
2308 2172
2307 2173
2306 2173
2305 2174
2304 2175
2303 2176
2302 2177
2301 2177
2300 2178
2299 2178
2298 2179
2297 2180
2296 2180
2295 2181
2294 2182
2293 2183
2292 2183
2291 2184
2290 2184
2289 2184
2288 2185
2287 2185
2286 2185
2285 2185
2284 2186
2283 2186
2282 2186
2281 2186
2280 2186
2279 2187
2278 2187
2277 2187
2276 2187
2275 2187
2274 2187
2273 2187
2272 2187
2271 2188
2270 2188
2269 2188
2268 2189
2267 2189
2266 2190
2265 2190
2264 2191
2263 2191
2262 2191
2261 2192
2260 2192
2259 2192
2258 2192
2257 2193
2256 2193
2255 2193
2254 2193
2253 2193
2252 2194
2251 2194
2250 2194
2249 2194
2248 2194
2247 2195
2246 2195
2245 2195
2244 2195
2243 2195
2242 2195
2241 2195
2240 2195
2239 2195
2238 2195
2237 2196
2236 2196
2235 2196
2234 2196
2233 2196
2232 2196
2231 2196
2230 2196
2229 2196
2228 2196
2227 2196
2226 2196
2225 2197
2224 2197
2223 2197
2222 2197
2221 2197
2220 2197
2219 2197
2218 2197
2217 2197
2216 2197
2215 2197
2214 2197
2213 2197
2212 2197
2211 2197
2210 2197
2209 2198
2208 2198
2207 2198
2206 2198
2205 2198
2204 2198
2203 2198
2202 2198
2201 2198
2200 2198
2199 2198
2198 2198
2197 2198
2196 2198
2195 2199
2194 2199
2193 2199
2192 2199
2191 2199
2190 2199
2189 2199
2188 2199
2187 2199
2186 2199
2185 2199
2184 2199
2183 2199
2182 2199
2181 2199
2180 2199
2179 2200
2178 2200
2177 2200
2176 2200
2175 2200
2174 2200
2173 2200
2172 2200
2171 2200
2170 2200
2169 2200
2168 2200
2167 2200
2166 2200
2165 2200
2164 2200
2163 2200
2162 2200
2161 2200
2160 2201
2159 2201
2158 2201
2157 2201
2156 2201
2155 2201
2154 2201
2153 2201
2152 2201
2151 2201
2150 2201
2149 2201
2148 2201
2147 2202
2146 2202
2145 2203
2144 2203
2143 2204
2142 2204
2141 2205
2140 2206
2139 2207
2138 2208
2137 2209
2136 2210
2135 2210
2134 2211
2133 2212
2132 2212
2131 2213
2130 2214
2129 2215
2128 2215
2127 2216
2126 2217
2125 2218
2124 2218
2123 2219
2122 2219
2121 2219
2120 2220
2119 2220
2118 2220
2117 2220
2116 2221
2115 2221
2114 2221
2113 2221
2112 2221
2111 2221
2110 2221
2109 2221
2108 2221
2107 2222
2106 2222
2105 2222
2104 2222
2103 2222
2102 2222
2101 2222
2100 2222
2099 2222
2098 2222
2097 2222
2096 2222
2095 2222
2094 2222
2093 2222
2092 2223
2091 2223
2090 2223
2089 2223
2088 2223
2087 2223
2086 2223
2085 2223
2084 2223
2083 2223
2082 2223
2081 2223
2080 2223
2079 2224
2078 2224
2077 2224
2076 2224
2075 2225
2074 2225
2073 2225
2072 2226
2071 2226
2070 2227
2069 2227
2068 2227
2067 2228
2066 2228
2065 2228
2064 2229
2063 2229
2062 2230
2061 2231
2060 2231
2059 2232
2058 2233
2057 2234
2056 2235
2055 2236
2055 2237
2054 2238
2053 2239
2052 2240
2051 2241
2050 2241
2049 2242
2048 2243
2047 2244
2046 2244
2045 2245
2044 2246
2043 2246
2042 2246
2041 2247
2040 2247
2039 2248
2038 2248
2037 2249
2036 2249
2035 2249
2034 2249
2033 2250
2032 2250
2031 2250
2030 2250
2029 2250
2028 2250
2027 2250
2026 2250
2025 2250
2024 2250
2023 2250
2022 2251
2021 2251
2020 2251
2019 2251
2018 2251
2017 2251
2016 2251
2015 2251
2014 2251
2013 2251
2012 2251
2011 2252
2010 2252
2009 2252
2008 2252
2007 2252
2006 2252
2005 2252
2004 2252
2003 2252
2002 2252
2001 2252
2000 2252
1999 2252
1998 2252
1997 2252
1996 2252
1995 2252
1994 2252
1993 2253
1992 2253
1991 2253
1990 2253
1989 2253
1988 2253
1987 2253
1986 2253
1985 2253
1984 2253
1983 2253
1982 2253
1981 2253
1980 2253
1979 2254
1978 2254
1977 2254
1976 2254
1975 2254
1974 2255
1973 2255
1972 2256
1971 2256
1970 2257
1969 2257
1968 2257
1967 2258
1966 2258
1965 2258
1964 2259
1963 2259
1962 2259
1961 2259
1960 2260
1959 2260
1958 2260
1957 2260
1956 2260
1955 2260
1954 2260
1953 2260
1952 2260
1951 2260
1950 2261
1949 2261
1948 2261
1947 2261
1946 2261
1945 2261
1944 2261
1943 2261
1942 2261
1941 2261
1940 2262
1939 2262
1938 2262
1937 2262
1936 2262
1935 2262
1934 2262
1933 2262
1932 2262
1931 2262
1930 2262
1929 2262
1928 2263
1927 2263
1926 2263
1925 2263
1924 2263
1923 2263
1922 2263
1921 2263
1920 2263
1919 2263
1918 2263
1917 2263
1916 2263
1915 2263
1914 2263
1913 2264
1912 2264
1911 2264
1910 2264
1909 2264
1908 2264
1907 2264
1906 2264
1905 2264
1904 2264
1903 2264
1902 2264
1901 2264
1900 2264
1899 2264
1898 2264
1897 2264
1896 2264
1895 2264
1894 2265
1893 2265
1892 2265
1891 2265
1890 2265
1889 2265
1888 2265
1887 2266
1886 2266
1885 2266
1884 2267
1883 2267
1882 2267
1881 2267
1880 2268
1879 2268
1878 2268
1877 2269
1876 2269
1875 2269
1874 2270
1873 2270
1872 2270
1871 2271
1870 2271
1869 2271
1868 2272
1867 2273
1866 2273
1865 2274
1864 2275
1863 2275
1862 2276
1861 2276
1860 2276
1859 2277
1858 2277
1857 2278
1856 2278
1855 2278
1854 2278
1853 2278
1852 2279
1851 2279
1850 2279
1849 2279
1848 2279
1847 2279
1846 2279
1845 2279
1844 2279
1843 2279
1842 2280
1841 2280
1840 2280
1839 2280
1838 2280
1837 2280
1836 2280
1835 2280
1834 2280
1833 2280
1832 2280
1831 2280
1830 2280
1829 2280
1828 2280
1827 2280
1826 2281
1825 2281
1824 2281
1823 2281
1822 2281
1821 2281
1820 2281
1819 2281
1818 2281
1817 2281
1816 2281
1815 2281
1814 2281
1813 2281
1812 2282
1811 2282
1810 2282
1809 2282
1808 2282
1807 2282
1806 2282
1805 2282
1804 2281
1803 2281
1802 2281
1801 2280
1800 2280
1799 2280
1798 2280
1797 2280
1796 2280
1795 2279
1794 2279
1793 2279
1792 2279
1791 2279
1790 2279
1789 2279
1788 2279
1787 2279
1786 2279
1785 2278
1784 2278
1783 2278
1782 2278
1781 2278
1780 2278
1779 2278
1778 2278
1777 2278
1776 2278
1775 2278
1774 2278
1773 2278
1772 2278
1771 2278
1770 2278
1769 2278
1768 2278
1767 2278
1766 2278
1765 2278
1764 2278
1763 2278
1762 2277
1761 2276
1760 2275
1759 2275
1758 2274
1757 2274
1756 2274
1755 2274
1754 2274
1753 2273
1752 2273
1751 2273
1750 2273
1749 2273
1748 2274
1747 2274
1746 2274
1745 2274
1744 2274
1743 2274
1742 2274
1741 2274
1740 2274
1739 2274
1738 2274
1737 2274
1736 2274
1735 2274
1734 2274
1733 2274
1732 2274
1731 2274
1730 2274
1729 2274
1728 2274
1727 2275
1726 2275
1725 2275
1724 2275
1723 2275
1722 2275
1721 2275
1720 2275
1719 2275
1718 2275
1717 2275
1716 2275
1715 2275
1714 2275
1713 2275
1712 2275
1711 2275
1710 2276
1709 2276
1708 2276
1707 2276
1706 2276
1705 2276
1704 2276
1703 2276
1702 2276
1701 2276
1700 2276
1699 2276
1698 2276
1697 2276
1696 2276
1695 2276
1694 2277
1693 2277
1692 2277
1691 2277
1690 2277
1689 2276
1688 2276
1687 2275
1686 2275
1685 2274
1684 2274
1683 2274
1682 2273
1681 2273
1680 2273
1679 2272
1678 2272
1677 2271
1676 2271
1675 2270
1674 2270
1673 2269
1672 2268
1671 2267
1670 2266
1669 2265
1668 2265
1667 2264
1666 2264
1665 2263
1664 2262
1663 2261
1662 2261
1661 2260
1660 2259
1659 2258
1658 2258
1657 2257
1656 2257
1655 2257
1654 2257
1653 2257
1652 2257
1651 2256
1650 2256
1649 2256
1648 2256
1647 2256
1646 2256
1645 2256
1644 2255
1643 2255
1642 2255
1641 2255
1640 2254
1639 2254
1638 2254
1637 2253
1636 2253
1635 2253
1634 2253
1633 2253
1632 2252
1631 2252
1630 2252
1629 2252
1628 2252
1627 2252
1626 2252
1625 2252
1624 2252
1623 2252
1622 2252
1621 2252
1620 2252
1619 2251
1618 2251
1617 2251
1616 2251
1615 2251
1614 2250
1613 2249
1613 2248
1612 2247
1611 2246
1610 2245
1609 2244
1608 2243
1608 2242
1607 2241
1607 2240
1607 2239
1606 2238
1606 2237
1606 2236
1606 2235
1606 2234
1605 2233
1604 2232
1603 2231
1602 2230
1601 2229
1601 2228
1600 2227
1599 2227
1598 2226
1597 2225
1596 2225
1595 2225
1594 2224
1593 2224
1592 2223
1591 2223
1590 2222
1589 2221
1588 2221
1587 2220
1586 2220
1585 2220
1584 2219
1583 2219
1582 2219
1581 2219
1580 2218
1579 2218
1578 2218
1577 2218
1576 2218
1575 2218
1574 2218
1573 2218
1572 2218
1571 2218
1570 2218
1569 2218
1568 2218
1567 2218
1566 2218
1565 2218
1564 2217
1563 2217
1562 2217
1561 2217
1560 2216
1559 2216
1558 2216
1557 2216
1556 2215
1555 2215
1554 2215
1553 2215
1552 2215
1551 2215
1550 2214
1549 2214
1548 2214
1547 2214
1546 2214
1545 2214
1544 2214
1543 2214
1542 2214
1541 2214
1540 2214
1539 2214
1538 2214
1537 2214
1536 2214
1535 2214
1534 2214
1533 2214
1532 2214
1531 2214
1530 2214
1529 2214
1528 2214
1527 2215
1526 2215
1525 2215
1524 2215
1523 2215
1522 2215
1521 2215
1520 2215
1519 2215
1518 2215
1517 2215
1516 2215
1515 2215
1514 2215
1513 2215
1512 2215
1511 2215
1510 2215
1509 2215
1508 2215
1507 2215
1506 2215
1505 2216
1504 2216
1503 2216
1502 2216
1501 2216
1500 2216
1499 2216
1498 2216
1497 2216
1496 2216
1495 2215
1494 2215
1493 2215
1492 2215
1491 2214
1490 2214
1489 2214
1488 2214
1487 2214
1486 2213
1485 2213
1484 2213
1483 2213
1482 2213
1481 2212
1480 2212
1479 2212
1478 2212
1477 2212
1476 2212
1475 2211
1474 2211
1473 2210
1472 2209
1471 2209
1470 2208
1469 2207
1468 2207
1467 2206
1466 2205
1465 2205
1464 2204
1463 2204
1462 2204
1461 2203
1460 2203
1459 2203
1458 2202
1457 2201
1456 2200
1455 2199
1454 2199
1453 2198
1452 2198
1451 2197
1450 2196
1449 2196
1448 2195
1447 2194
1446 2194
1445 2193
1444 2192
1443 2192
1442 2192
1441 2191
1440 2191
1439 2191
1438 2190
1437 2189
1436 2188
1435 2187
1434 2187
1433 2186
1432 2186
1431 2185
1430 2184
1429 2184
1428 2183
1427 2183
1426 2182
1425 2182
1424 2181
1423 2181
1422 2181
1421 2180
1420 2180
1419 2179
1418 2179
1417 2178
1416 2178
1415 2177
1414 2177
1413 2177
1412 2176
1411 2176
1410 2176
1409 2175
1408 2175
1407 2174
1406 2174
1405 2173
1404 2173
1403 2172
1402 2172
1401 2171
1400 2171
1399 2171
1398 2170
1397 2170
1396 2170
1395 2169
1394 2169
1393 2168
1392 2168
1391 2167
1390 2166
1389 2166
1388 2165
1387 2164
1386 2163
1385 2163
1384 2162
1383 2161
1382 2160
1381 2159
1380 2159
1379 2158
1378 2158
1377 2157
1376 2157
1375 2157
1374 2156
1373 2156
1372 2155
1371 2155
1370 2155
1369 2154
1368 2154
1367 2153
1366 2153
1365 2152
1364 2152
1363 2151
1362 2150
1361 2150
1360 2149
1359 2149
1358 2148
1357 2148
1356 2147
1355 2146
1354 2146
1353 2145
1352 2145
1351 2145
1350 2144
1349 2144
1348 2144
1347 2143
1346 2143
1345 2142
1344 2142
1343 2141
1342 2141
1341 2140
1340 2139
1339 2139
1338 2138
1337 2137
1337 2136
1336 2135
1335 2135
1334 2134
1333 2133
1332 2133
1331 2132
1330 2132
1329 2131
1328 2131
1327 2130
1326 2130
1325 2130
1324 2129
1323 2129
1322 2128
1321 2128
1320 2127
1319 2127
1318 2126
1317 2125
1316 2124
1315 2124
1314 2123
1313 2123
1312 2122
1311 2121
1310 2121
1309 2120
1308 2119
1307 2118
1306 2118
1305 2117
1304 2116
1303 2116
1302 2115
1301 2114
1300 2114
1299 2113
1298 2113
1297 2112
1296 2112
1295 2111
1294 2111
1293 2111
1292 2110
1291 2110
1290 2109
1289 2109
1288 2108
1287 2107
1286 2107
1285 2106
1284 2105
1283 2105
1282 2104
1281 2103
1280 2103
1279 2102
1278 2101
1277 2100
1276 2099
1275 2099
1274 2098
1273 2097
1272 2096
1271 2095
1270 2095
1269 2094
1268 2093
1267 2092
1266 2091
1265 2091
1264 2090
1263 2090
1262 2089
1261 2088
1260 2087
1259 2086
1258 2085
1257 2084
1256 2083
1255 2082
1254 2081
1253 2080
1252 2079
1251 2078
1250 2077
1250 2076
1249 2075
1249 2074
1248 2073
1248 2072
1247 2071
1246 2070
1245 2069
1244 2068
1244 2067
1243 2066
1243 2065
1242 2064
1242 2063
1241 2062
1241 2061
1240 2060
1239 2060
1238 2059
1237 2059
1236 2058
1235 2058
1234 2058
1233 2058
1232 2058
1231 2058
1230 2058
1229 2058
1228 2058
1227 2057
1226 2057
1225 2057
1224 2056
1223 2056
1222 2056
1221 2056
1220 2055
1219 2055
1218 2055
1217 2055
1216 2055
1215 2054
1214 2054
1213 2054
1212 2054
1211 2054
1210 2054
1209 2054
1208 2053
1207 2053
1206 2053
1205 2053
1204 2053
1203 2054
1202 2053
1201 2053
1200 2053
1199 2052
1198 2052
1197 2052
1196 2051
1195 2051
1194 2051
1193 2051
1192 2050
1191 2050
1190 2050
1189 2050
1188 2050
1187 2049
1186 2048
1185 2048
1184 2047
1183 2046
1182 2046
1181 2046
1180 2045
1179 2045
1178 2045
1177 2045
1176 2044
1175 2044
1174 2044
1173 2044
1172 2044
1171 2044
1170 2043
1169 2043
1168 2043
1167 2043
1166 2043
1165 2042
1164 2042
1163 2041
1162 2041
1161 2040
1160 2040
1159 2039
1158 2039
1157 2038
1156 2038
1155 2037
1154 2037
1153 2037
1152 2036
1151 2036
1150 2036
1149 2036
1148 2035
1147 2035
1146 2034
1145 2034
1144 2033
1143 2033
1142 2032
1141 2031
1140 2031
1139 2030
1138 2029
1137 2029
1136 2028
1135 2028
1134 2027
1133 2026
1132 2026
1131 2026
1130 2025
1129 2025
1128 2025
1127 2024
1126 2024
1125 2024
1124 2024
1123 2023
1122 2023
1121 2023
1120 2023
1119 2023
1118 2023
1117 2022
1116 2022
1115 2022
1114 2022
1113 2021
1112 2021
1111 2020
1110 2020
1109 2020
1108 2019
1107 2019
1106 2019
1105 2019
1104 2019
1103 2019
1102 2019
1101 2019
1100 2018
1099 2018
1098 2018
1097 2017
1096 2017
1095 2017
1094 2016
1093 2016
1092 2016
1091 2015
1090 2015
1089 2015
1088 2014
1087 2014
1086 2014
1085 2014
1084 2014
1083 2014
1082 2014
1081 2014
1080 2013
1079 2013
1078 2012
1077 2012
1076 2011
1075 2011
1074 2010
1073 2010
1072 2009
1071 2009
1070 2008
1069 2008
1068 2007
1067 2007
1066 2006
1065 2006
1064 2005
1063 2005
1062 2004
1061 2004
1060 2003
1059 2003
1058 2002
1057 2002
1056 2001
1055 2001
1054 2000
1053 2000
1052 1999
1051 1999
1050 1998
1049 1998
1048 1997
1047 1997
1046 1996
1045 1996
1044 1995
1043 1994
1042 1994
1041 1993
1040 1992
1039 1992
1038 1992
1037 1992
1036 1992
1035 1992
1034 1992
1033 1992
1032 1992
1031 1992
1030 1992
1029 1992
1028 1992
1027 1992
1026 1991
1025 1991
1024 1990
1023 1990
1022 1989
1021 1989
1020 1989
1019 1989
1018 1988
1017 1988
1016 1988
1015 1988
1014 1988
1013 1988
1012 1988
1011 1988
1010 1987
1009 1987
1008 1987
1007 1987
1006 1987
1005 1987
1004 1987
1003 1987
1002 1987
1001 1987
1000 1987
999 1987
998 1987
997 1987
996 1987
995 1987
994 1987
993 1987
992 1987
991 1987
990 1987
989 1987
988 1987
987 1987
986 1987
985 1986
984 1986
983 1985
982 1985
981 1985
980 1985
979 1984
978 1984
977 1984
976 1984
975 1984
974 1984
973 1984
972 1983
971 1983
970 1983
969 1983
968 1983
967 1983
966 1983
965 1983
964 1983
963 1983
962 1983
961 1983
960 1983
959 1983
958 1983
957 1983
956 1984
955 1984
954 1984
953 1984
952 1984
951 1984
950 1984
949 1984
948 1984
947 1984
946 1984
945 1984
944 1984
943 1984
942 1984
941 1984
940 1984
939 1984
938 1984
937 1984
936 1984
935 1984
934 1985
933 1985
932 1985
931 1985
930 1985
929 1985
928 1985
927 1985
926 1985
925 1985
924 1985
923 1985
922 1985
921 1985
920 1985
919 1985
918 1985
917 1986
916 1986
915 1986
914 1986
913 1986
912 1986
911 1986
910 1986
909 1986
908 1986
907 1986
906 1986
905 1986
904 1986
903 1986
902 1986
901 1986
900 1986
899 1987
898 1987
897 1987
896 1987
895 1987
894 1987
893 1987
892 1987
891 1987
890 1987
889 1987
888 1987
887 1987
886 1987
885 1987
884 1987
883 1988
882 1988
881 1988
880 1988
879 1988
878 1988
877 1988
876 1988
875 1988
874 1988
873 1988
872 1988
871 1988
870 1988
869 1988
868 1988
867 1988
866 1989
865 1989
864 1989
863 1989
862 1989
861 1989
860 1989
859 1989
858 1989
857 1989
856 1989
855 1989
854 1989
853 1989
852 1989
851 1989
850 1989
849 1990
848 1990
847 1990
846 1990
845 1990
844 1990
843 1990
842 1990
841 1990
840 1990
839 1990
838 1990
837 1990
836 1990
835 1990
834 1990
833 1990
832 1991
831 1991
830 1991
829 1991
828 1991
827 1991
826 1991
825 1991
824 1991
823 1991
822 1991
821 1991
820 1991
819 1991
818 1991
817 1991
816 1992
815 1992
814 1992
813 1992
812 1992
811 1992
810 1992
809 1992
808 1992
807 1993
806 1993
805 1993
804 1994
803 1994
802 1995
801 1995
800 1996
799 1996
798 1996
797 1997
796 1997
795 1997
794 1997
793 1998
792 1998
791 1998
790 1998
789 1998
788 1998
787 1998
786 1999
785 1999
784 1999
783 1999
782 1999
781 2000
780 2000
779 2000
778 2001
777 2001
776 2002
775 2003
774 2003
773 2003
772 2004
771 2004
770 2005
769 2005
768 2006
767 2006
766 2007
765 2007
764 2008
763 2009
762 2009
761 2010
760 2010
759 2011
758 2011
757 2011
756 2011
755 2012
754 2012
753 2012
752 2012
751 2012
750 2013
749 2013
748 2013
747 2013
746 2013
745 2014
744 2014
743 2014
742 2014
741 2014
740 2015
739 2015
738 2016
737 2016
736 2017
735 2017
734 2018
733 2018
732 2018
731 2019
730 2019
729 2019
728 2019
727 2020
726 2020
725 2020
724 2020
723 2020
722 2021
721 2021
720 2022
719 2022
718 2023
717 2024
716 2024
715 2025
714 2025
713 2026
712 2026
711 2026
710 2027
709 2027
708 2027
707 2028
706 2028
705 2029
704 2029
703 2030
702 2030
701 2031
700 2032
699 2033
698 2033
697 2034
696 2035
695 2035
694 2036
693 2037
692 2037
691 2037
690 2038
689 2038
688 2039
687 2039
686 2039
685 2039
684 2040
683 2040
682 2040
681 2040
680 2041
679 2041
678 2041
677 2041
676 2042
675 2042
674 2043
673 2044
672 2044
671 2045
670 2045
669 2045
668 2046
667 2046
666 2046
665 2047
664 2047
663 2048
662 2049
661 2049
660 2050
659 2051
658 2051
657 2052
656 2052
655 2053
654 2054
653 2055
652 2056
651 2057
650 2058
649 2059
648 2060
647 2061
646 2062
645 2063
644 2064
643 2064
642 2065
641 2066
640 2066
639 2067
638 2068
637 2069
636 2070
635 2071
634 2072
633 2072
632 2073
631 2074
630 2075
629 2076
628 2077
627 2078
626 2078
625 2079
624 2080
623 2081
622 2081
621 2082
620 2083
619 2083
618 2084
617 2084
616 2085
615 2085
614 2085
613 2086
612 2086
611 2086
610 2087
609 2087
608 2087
607 2087
606 2088
605 2088
604 2088
603 2088
602 2088
601 2088
600 2089
599 2089
598 2089
597 2090
596 2091
595 2092
594 2093
593 2094
592 2094
591 2095
590 2096
589 2096
588 2097
587 2098
586 2098
585 2099
584 2100
583 2100
582 2101
581 2102
580 2103
579 2103
578 2104
577 2105
576 2106
575 2106
574 2107
573 2107
572 2108
571 2109
570 2109
569 2110
568 2110
567 2111
566 2112
565 2113
564 2114
563 2114
562 2115
561 2116
560 2117
559 2117
558 2118
557 2118
556 2119
555 2120
554 2120
553 2121
552 2121
551 2121
550 2121
549 2122
548 2122
547 2122
546 2122
545 2122
544 2122
543 2123
542 2123
541 2124
540 2124
539 2125
538 2125
537 2126
536 2126
535 2127
534 2127
533 2127
532 2128
531 2129
531 2130
530 2131
529 2132
529 2133
528 2134
527 2135
526 2136
526 2137
525 2138
524 2139
523 2140
522 2140
521 2140
520 2140
519 2140
518 2141
517 2141
516 2141
515 2142
514 2142
513 2142
514 2142
515 2142
516 2142
517 2142
518 2142
519 2142
520 2141
521 2141
522 2141
523 2141
524 2141
525 2141
526 2141
527 2141
528 2141
529 2141
530 2141
531 2141
532 2141
533 2141
534 2141
535 2141
536 2140
537 2140
538 2140
539 2140
540 2140
541 2140
542 2140
543 2140
544 2140
545 2140
546 2140
547 2140
548 2140
549 2139
550 2139
551 2138
552 2137
553 2137
554 2136
555 2136
556 2136
557 2135
558 2135
559 2135
560 2134
561 2134
562 2134
563 2133
564 2133
565 2133
566 2133
567 2133
568 2133
569 2133
570 2133
571 2133
572 2133
573 2132
574 2132
575 2131
576 2131
577 2131
578 2130
579 2130
580 2129
581 2129
582 2128
583 2128
584 2128
585 2127
586 2127
587 2127
588 2127
589 2126
590 2126
591 2126
592 2126
593 2125
594 2125
595 2125
596 2125
597 2125
598 2125
599 2124
600 2123
601 2123
602 2122
603 2122
604 2121
605 2121
606 2120
607 2120
608 2120
609 2119
610 2119
611 2119
612 2119
613 2119
614 2118
615 2118
616 2118
617 2118
618 2118
619 2118
620 2118
621 2118
622 2118
623 2117
624 2117
625 2117
626 2117
627 2117
628 2117
629 2116
630 2116
631 2115
632 2114
633 2113
634 2113
635 2113
636 2112
637 2112
638 2111
639 2111
639 2110
640 2109
641 2108
642 2107
643 2107
644 2107
645 2106
646 2106
647 2106
648 2105
649 2105
650 2105
651 2104
652 2104
653 2103
654 2102
655 2102
656 2101
657 2100
658 2100
659 2099
660 2098
661 2097
662 2096
663 2095
664 2094
665 2094
666 2093
667 2093
668 2093
669 2093
670 2092
671 2092
672 2092
673 2092
674 2091
675 2091
676 2091
677 2091
678 2091
679 2090
680 2090
681 2090
682 2090
683 2090
684 2090
685 2089
686 2089
687 2089
688 2088
689 2088
690 2087
691 2087
692 2086
693 2086
694 2086
695 2085
696 2085
697 2085
698 2085
699 2084
700 2084
701 2084
702 2083
703 2083
704 2082
705 2082
706 2081
707 2080
708 2080
709 2079
710 2079
711 2078
712 2078
713 2078
714 2077
715 2077
716 2077
717 2077
718 2077
719 2076
720 2076
721 2076
722 2076
723 2076
724 2076
725 2076
726 2076
727 2075
728 2075
729 2075
730 2074
731 2074
732 2073
733 2073
734 2072
735 2072
736 2071
737 2071
738 2071
739 2070
740 2070
741 2070
742 2069
743 2069
744 2069
745 2069
746 2069
747 2069
748 2068
749 2068
750 2068
751 2068
752 2068
753 2068
754 2067
755 2067
756 2066
757 2066
758 2065
759 2065
760 2064
761 2064
762 2063
763 2063
764 2063
765 2063
766 2063
767 2062
768 2062
769 2062
770 2062
771 2061
772 2061
773 2061
774 2061
775 2061
776 2061
777 2060
778 2060
779 2060
780 2060
781 2060
782 2060
783 2060
784 2060
785 2060
786 2060
787 2060
788 2059
789 2059
790 2059
791 2059
792 2059
793 2059
794 2059
795 2059
796 2059
797 2059
798 2059
799 2059
800 2059
801 2059
802 2059
803 2058
804 2058
805 2058
806 2058
807 2058
808 2058
809 2058
810 2058
811 2058
812 2058
813 2058
814 2058
815 2058
816 2058
817 2057
818 2057
819 2057
820 2057
821 2057
822 2057
823 2057
824 2057
825 2057
826 2057
827 2057
828 2057
829 2057
830 2057
831 2057
832 2057
833 2057
834 2057
835 2056
836 2056
837 2056
838 2056
839 2056
840 2056
841 2056
842 2056
843 2056
844 2056
845 2056
846 2056
847 2056
848 2056
849 2056
850 2056
851 2056
852 2055
853 2055
854 2055
855 2055
856 2055
857 2055
858 2055
859 2055
860 2056
861 2056
862 2056
863 2056
864 2057
865 2057
866 2057
867 2058
868 2058
869 2058
870 2058
871 2058
872 2058
873 2058
874 2059
875 2059
876 2059
877 2059
878 2059
879 2059
880 2059
881 2059
882 2060
883 2060
884 2060
885 2061
886 2061
887 2062
888 2062
889 2062
890 2062
891 2063
892 2063
893 2063
894 2063
895 2063
896 2063
897 2064
898 2064
899 2065
900 2066
901 2067
902 2067
903 2067
904 2068
905 2068
906 2068
907 2068
908 2069
909 2069
910 2070
911 2070
912 2071
913 2071
914 2072
915 2073
916 2073
917 2074
918 2074
919 2075
920 2075
921 2076
922 2076
923 2076
924 2077
925 2077
926 2077
927 2078
928 2078
929 2078
930 2078
931 2079
932 2079
933 2079
934 2079
935 2079
936 2080
937 2080
938 2080
939 2080
940 2081
941 2081
942 2082
943 2082
944 2083
945 2083
946 2083
947 2084
948 2084
949 2084
950 2084
951 2084
952 2084
953 2085
954 2085
955 2085
956 2085
957 2085
958 2085
959 2085
960 2085
961 2085
962 2086
962 2087
963 2088
964 2089
964 2090
965 2090
966 2091
967 2091
968 2091
969 2091
970 2091
971 2092
972 2092
973 2093
974 2093
975 2093
976 2093
977 2094
978 2094
979 2095
980 2095
981 2096
982 2097
983 2097
984 2098
985 2099
986 2099
987 2100
988 2101
989 2102
990 2102
991 2103
992 2104
993 2104
994 2105
995 2105
996 2105
997 2105
998 2105
999 2105
1000 2106
1001 2106
1002 2106
1003 2107
1004 2107
1005 2108
1006 2108
1007 2109
1008 2109
1009 2110
1010 2111
1011 2111
1012 2112
1013 2113
1014 2114
1015 2115
1016 2116
1017 2117
1018 2118
1019 2119
1020 2119
1021 2120
1022 2121
1023 2121
1024 2122
1025 2123
1026 2123
1027 2124
1028 2125
1029 2126
1030 2126
1031 2127
1032 2127
1033 2128
1034 2129
1035 2130
1036 2131
1037 2132
1038 2133
1039 2134
1040 2135
1040 2136
1041 2137
1042 2138
1042 2139
1043 2140
1044 2141
1045 2142
1046 2143
1047 2144
1048 2145
1049 2146
1050 2147
1051 2148
1052 2148
1053 2149
1054 2149
1055 2150
1056 2151
1056 2152
1057 2153
1058 2154
1059 2154
1060 2155
1061 2156
1062 2157
1063 2158
1064 2159
1065 2160
1066 2161
1066 2162
1067 2163
1067 2164
1068 2165
1069 2166
1070 2167
1071 2168
1072 2169
1073 2170
1073 2171
1074 2172
1075 2173
1076 2174
1077 2175
1078 2176
1078 2177
1079 2178
1080 2179
1081 2180
1081 2181
1082 2182
1083 2183
1084 2184
1085 2185
1086 2186
1087 2187
1088 2188
1089 2189
1090 2190
1091 2191
1092 2192
1093 2193
1094 2194
1095 2195
1096 2195
1097 2196
1098 2197
1099 2197
1100 2198
1101 2199
1102 2200
1103 2201
1104 2202
1105 2203
1106 2204
1107 2205
1108 2206
1109 2207
1110 2208
1111 2209
1112 2210
1113 2211
1114 2212
1115 2213
1116 2214
1117 2214
1118 2215
1119 2216
1120 2217
1121 2218
1122 2219
1123 2220
1124 2221
1124 2222
1125 2223
1126 2224
1127 2225
1128 2226
1129 2227
1130 2228
1131 2229
1132 2230
1133 2231
1134 2232
1135 2232
1136 2233
1137 2234
1138 2235
1139 2236
1139 2237
1140 2238
1140 2239
1141 2239
1142 2240
1143 2240
1144 2241
1144 2242
1145 2243
1146 2244
1147 2244
1148 2245
1149 2246
1150 2247
1150 2248
1151 2249
1151 2250
1152 2251
1152 2252
1153 2253
1154 2254
1155 2255
1156 2255
1157 2256
1158 2256
1159 2257
1160 2258
1161 2259
1162 2259
1163 2260
1164 2260
1165 2261
1166 2261
1167 2262
1168 2263
1168 2264
1169 2265
1170 2266
1171 2267
1172 2268
1173 2269
1174 2270
1175 2271
1176 2272
1177 2273
1178 2274
1179 2275
1180 2276
1181 2277
1182 2277
1183 2277
1184 2278
1185 2278
1186 2279
1187 2280
1188 2280
1189 2281
1190 2282
1191 2282
1192 2283
1193 2284
1194 2284
1195 2284
1196 2285
1197 2286
1198 2286
1199 2287
1200 2287
1201 2288
1202 2289
1203 2289
1204 2290
1205 2290
1206 2291
1207 2291
1208 2292
1209 2293
1210 2293
1211 2294
1212 2295
1212 2296
1213 2296
1214 2297
1215 2298
1216 2299
1217 2300
1218 2301
1219 2302
1220 2303
1221 2304
1222 2304
1223 2305
1224 2306
1225 2306
1226 2307
1227 2307
1228 2308
1229 2309
1230 2309
1231 2310
1232 2310
1233 2311
1234 2311
1235 2312
1236 2312
1237 2313
1238 2313
1239 2314
1240 2315
1241 2315
1242 2316
1243 2317
1244 2317
1245 2318
1246 2319
1247 2320
1248 2320
1249 2321
1250 2322
1251 2323
1252 2324
1253 2324
1254 2325
1255 2326
1256 2327
1257 2328
1258 2329
1259 2329
1260 2330
1261 2331
1262 2332
1263 2333
1264 2333
1265 2333
1266 2334
1267 2334
1268 2335
1269 2336
1270 2336
1271 2337
1272 2337
1273 2338
1274 2339
1275 2339
1276 2340
1277 2340
1278 2341
1279 2341
1280 2342
1281 2343
1282 2343
1283 2344
1284 2345
1285 2346
1286 2347
1287 2348
1288 2349
1289 2349
1290 2350
1291 2350
1292 2351
1293 2352
1294 2353
1295 2353
1296 2354
1297 2355
1298 2355
1299 2356
1300 2356
1301 2357
1302 2358
1303 2358
1304 2359
1305 2359
1306 2360
1307 2360
1308 2361
1309 2361
1310 2362
1311 2362
1312 2363
1313 2364
1314 2364
1315 2365
1316 2366
1317 2366
1318 2367
1319 2368
1320 2368
1321 2369
1322 2370
1323 2371
1324 2371
1325 2372
1326 2373
1327 2374
1328 2375
1329 2375
1330 2376
1331 2377
1332 2378
1333 2379
1334 2379
1335 2380
1336 2381
1337 2381
1338 2382
1339 2383
1340 2383
1341 2384
1342 2384
1343 2385
1344 2385
1345 2386
1346 2387
1347 2388
1348 2389
1349 2390
1350 2391
1351 2392
1352 2393
1353 2393
1354 2394
1355 2395
1356 2395
1357 2395
1358 2396
1359 2396
1360 2397
1361 2397
1362 2398
1363 2399
1364 2400
1365 2400
1366 2401
1367 2401
1368 2401
1369 2402
1370 2403
1371 2404
1372 2405
1373 2405
1374 2406
1375 2407
1376 2408
1377 2409
1378 2410
1379 2410
1380 2411
1381 2412
1382 2413
1382 2414
1383 2415
1384 2416
1385 2417
1385 2418
1386 2418
1387 2419
1388 2419
1389 2419
1390 2419
1391 2420
1392 2420
1393 2420
1394 2421
1395 2422
1396 2422
1397 2423
1398 2423
1399 2424
1400 2424
1401 2425
1401 2426
1402 2426
1403 2427
1404 2427
1405 2428
1406 2429
1407 2430
1408 2431
1408 2432
1409 2433
1410 2434
1411 2435
1411 2436
1412 2437
1413 2438
1414 2439
1415 2440
1416 2441
1417 2441
1418 2441
1419 2442
1420 2442
1421 2443
1422 2444
1423 2445
1424 2445
1425 2446
1426 2446
1427 2446
1428 2447
1429 2447
1430 2448
1431 2449
1432 2449
1433 2450
1434 2450
1435 2451
1436 2451
1437 2452
1438 2452
1439 2452
1440 2453
1441 2453
1442 2454
1443 2455
1444 2456
1445 2456
1446 2457
1447 2458
1448 2459
1449 2459
1450 2460
1451 2461
1452 2462
1453 2463
1454 2463
1455 2464
1456 2465
1457 2465
1458 2466
1459 2466
1460 2467
1461 2468
1462 2468
1463 2469
1464 2469
1465 2470
1466 2471
1467 2471
1468 2471
1469 2472
1470 2472
1471 2473
1472 2473
1473 2474
1474 2475
1475 2476
1476 2477
1477 2478
1478 2478
1479 2479
1480 2480
1481 2481
1482 2482
1483 2483
1484 2483
1485 2483
1486 2484
1487 2484
1488 2485
1489 2485
1490 2486
1491 2486
1492 2487
1493 2488
1494 2488
1495 2489
1496 2490
1497 2490
1498 2491
1499 2492
1500 2492
1501 2493
1502 2494
1503 2494
1504 2495
1505 2495
1506 2496
1507 2497
1508 2498
1509 2498
1510 2499
1511 2500
1512 2500
1513 2501
1514 2501
1515 2502
1516 2502
1517 2503
1518 2504
1519 2504
1520 2505
1521 2505
1522 2505
1523 2506
1524 2506
1525 2506
1526 2507
1527 2508
1528 2509
1529 2509
1530 2510
1531 2511
1532 2512
1533 2513
1534 2514
1535 2515
1536 2515
1537 2516
1538 2517
1539 2517
1540 2518
1541 2519
1542 2519
1543 2520
1544 2521
1545 2522
1546 2523
1547 2523
1548 2524
1549 2525
1550 2526
1551 2527
1552 2527
1553 2528
1554 2528
1555 2529
1556 2530
1557 2531
1558 2532
1559 2532
1560 2532
1561 2533
1562 2533
1563 2533
1564 2533
1565 2534
1566 2534
1567 2535
1568 2535
1569 2536
1570 2536
1571 2537
1572 2537
1573 2538
1574 2538
1575 2538
1576 2539
1577 2539
1578 2539
1579 2540
1580 2540
1581 2541
1582 2541
1583 2542
1584 2542
1585 2543
1586 2543
1587 2543
1588 2544
1589 2544
1590 2545
1591 2545
1592 2546
1593 2546
1594 2547
1595 2547
1596 2548
1597 2548
1598 2549
1599 2549
1600 2550
1601 2551
1602 2551
1603 2552
1604 2552
1605 2553
1606 2554
1607 2554
1608 2555
1609 2555
1610 2555
1611 2555
1612 2555
1613 2556
1614 2556
1615 2556
1616 2556
1617 2556
1618 2556
1619 2556
1620 2557
1621 2557
1622 2558
1623 2558
1624 2559
1625 2559
1626 2559
1627 2560
1628 2560
1629 2560
1630 2560
1631 2561
1632 2561
1633 2561
1634 2562
1635 2562
1636 2562
1637 2563
1638 2563
1639 2564
1640 2564
1641 2565
1642 2565
1643 2565
1644 2566
1645 2566
1646 2566
1647 2566
1648 2566
1649 2566
1650 2566
1651 2567
1652 2567
1653 2567
1654 2568
1655 2568
1656 2569
1657 2569
1658 2570
1659 2570
1660 2570
1661 2571
1662 2571
1663 2571
1664 2571
1665 2572
1666 2571
1667 2572
1668 2572
1669 2572
1670 2572
1671 2572
1672 2572
1673 2572
1674 2572
1675 2572
1676 2572
1677 2573
1678 2573
1679 2573
1680 2573
1681 2573
1682 2573
1683 2573
1684 2574
1685 2574
1686 2574
1687 2574
1688 2574
1689 2575
1690 2575
1691 2575
1692 2576
1693 2576
1694 2576
1695 2576
1696 2577
1697 2577
1698 2577
1699 2577
1700 2578
1701 2578
1702 2578
1703 2579
1704 2579
1705 2580
1706 2580
1707 2581
1708 2581
1709 2582
1710 2582
1711 2583
1712 2583
1713 2583
1714 2584
1715 2584
1716 2584
1717 2584
1718 2585
1719 2585
1720 2585
1721 2585
1722 2585
1723 2585
1724 2586
1725 2586
1726 2586
1727 2586
1728 2586
1729 2586
1730 2586
1731 2587
1732 2587
1733 2587
1734 2587
1735 2588
1736 2588
1737 2588
1738 2589
1739 2589
1740 2589
1741 2589
1742 2589
1743 2589
1744 2589
1745 2589
1746 2589
1747 2589
1748 2590
1749 2590
1750 2590
1751 2590
1752 2590
1753 2591
1754 2591
1755 2591
1756 2591
1757 2591
1758 2592
1759 2592
1760 2592
1761 2592
1762 2593
1763 2593
1764 2593
1765 2593
1766 2593
1767 2593
1768 2594
1769 2594
1770 2594
1771 2595
1772 2595
1773 2595
1774 2596
1775 2596
1776 2597
1777 2597
1778 2597
1779 2598
1780 2598
1781 2598
1782 2599
1783 2599
1784 2600
1785 2600
1786 2600
1787 2601
1788 2601
1789 2601
1790 2602
1791 2602
1792 2602
1793 2603
1794 2603
1795 2604
1796 2604
1797 2604
1798 2604
1799 2604
1800 2605
1801 2605
1802 2605
1803 2605
1804 2605
1805 2605
1806 2605
1807 2605
1808 2605
1809 2605
1810 2606
1811 2606
1812 2606
1813 2606
1814 2606
1815 2606
1816 2606
1817 2606
1818 2606
1819 2607
1820 2607
1821 2608
1822 2608
1823 2609
1824 2609
1825 2609
1826 2609
1827 2610
1828 2610
1829 2610
1830 2611
1831 2611
1832 2611
1833 2612
1834 2613
1835 2613
1836 2614
1837 2615
1838 2615
1839 2616
1840 2617
1841 2617
1842 2618
1843 2618
1844 2619
1845 2619
1846 2620
1847 2620
1848 2621
1849 2622
1849 2623
1850 2623
1851 2624
1852 2624
1853 2625
1854 2625
1855 2625
1856 2626
1857 2626
1858 2627
1859 2628
1860 2629
1861 2629
1862 2630
1863 2630
1864 2630
1865 2631
1866 2631
1867 2631
1868 2632
1869 2632
1870 2633
1871 2633
1872 2634
1873 2634
1874 2635
1875 2636
1876 2636
1877 2637
1878 2637
1879 2638
1880 2639
1881 2639
1882 2640
1883 2640
1884 2641
1885 2641
1886 2642
1887 2643
1888 2643
1889 2644
1890 2644
1891 2645
1892 2645
1893 2646
1894 2646
1895 2647
1896 2647
1897 2648
1898 2648
1899 2649
1900 2649
1901 2650
1902 2650
1903 2650
1904 2651
1905 2651
1906 2651
1907 2652
1908 2652
1909 2652
1910 2652
1911 2653
1912 2653
1913 2654
1914 2654
1915 2654
1916 2655
1917 2655
1918 2655
1919 2656
1920 2656
1921 2656
1922 2657
1923 2657
1924 2657
1925 2658
1926 2658
1927 2658
1928 2659
1929 2659
1930 2659
1931 2660
1932 2660
1933 2661
1934 2662
1935 2663
1936 2664
1937 2665
1938 2665
1939 2666
1940 2666
1941 2667
1942 2667
1943 2668
1944 2668
1945 2668
1946 2669
1947 2669
1948 2669
1949 2669
1950 2669
1951 2669
1952 2669
1953 2669
1954 2669
1955 2669
1956 2669
1957 2669
1958 2669
1959 2669
1960 2670
1961 2670
1962 2671
1963 2671
1964 2671
1965 2671
1966 2672
1967 2672
1968 2672
1969 2672
1970 2672
1971 2672
1972 2673
1973 2673
1974 2673
1975 2673
1976 2673
1977 2673
1978 2673
1979 2674
1980 2674
1981 2674
1982 2674
1983 2675
1984 2675
1985 2675
1986 2676
1987 2676
1988 2677
1989 2677
1990 2677
1991 2677
1992 2677
1993 2678
1994 2678
1995 2678
1996 2678
1997 2678
1998 2678
1999 2678
2000 2678
2001 2679
2002 2679
2003 2679
2004 2679
2005 2679
2006 2680
2007 2680
2008 2680
2009 2680
2010 2680
2011 2681
2012 2681
2013 2681
2014 2681
2015 2681
2016 2681
2017 2682
2018 2682
2019 2682
2020 2682
2021 2682
2022 2682
2023 2682
2024 2682
2025 2683
2026 2683
2027 2683
2028 2684
2029 2684
2030 2684
2031 2685
2032 2685
2033 2686
2034 2686
2035 2687
2036 2687
2037 2687
2038 2688
2039 2688
2040 2688
2041 2688
2042 2688
2043 2688
2044 2688
2045 2688
2046 2688
2047 2688
2048 2688
2049 2688
2050 2688
2051 2688
2052 2688
2053 2688
2054 2688
2055 2688
2056 2688
2057 2688
2058 2688
2059 2688
2060 2688
2061 2688
2062 2688
2063 2688
2064 2688
2065 2688
2066 2687
2067 2687
2068 2687
2069 2687
2070 2687
2071 2687
2072 2687
2073 2687
2074 2687
2075 2687
2076 2687
2077 2687
2078 2687
2079 2687
2080 2687
2081 2687
2082 2686
2083 2686
2084 2686
2085 2686
2086 2686
2087 2686
2088 2686
2089 2686
2090 2686
2091 2686
2092 2686
2093 2686
2094 2686
2095 2686
2096 2686
2097 2686
2098 2686
2099 2686
2100 2685
2101 2685
2102 2685
2103 2686
2104 2686
2105 2686
2106 2686
2107 2686
2108 2686
2109 2687
2110 2687
2111 2687
2112 2687
2113 2688
2114 2688
2115 2688
2116 2688
2117 2688
2118 2688
2119 2688
2120 2688
2121 2688
2122 2688
2123 2688
2124 2688
2125 2688
2126 2689
2127 2689
2128 2689
2129 2689
2130 2690
2131 2690
2132 2690
2133 2690
2134 2691
2135 2691
2136 2691
2137 2692
2138 2692
2139 2692
2140 2692
2141 2692
2142 2692
2143 2693
2144 2693
2145 2693
2146 2693
2147 2693
2148 2693
2149 2693
2150 2693
2151 2693
2152 2693
2153 2693
2154 2693
2155 2694
2156 2694
2157 2694
2158 2694
2159 2694
2160 2694
2161 2695
2162 2695
2163 2695
2164 2696
2165 2696
2166 2696
2167 2696
2168 2697
2169 2697
2170 2697
2171 2697
2172 2697
2173 2697
2174 2697
2175 2698
2176 2698
2177 2698
2178 2698
2179 2698
2180 2698
2181 2698
2182 2698
2183 2698
2184 2699
2185 2699
2186 2700
2187 2700
2188 2700
2189 2700
2190 2701
2191 2701
2192 2701
2193 2701
2194 2702
2195 2702
2196 2702
2197 2702
2198 2702
2199 2702
2200 2702
2201 2702
2202 2702
2203 2702
2204 2703
2205 2703
2206 2703
2207 2703
2208 2703
2209 2703
2210 2704
2211 2704
2212 2704
2213 2705
2214 2705
2215 2705
2216 2706
2217 2706
2218 2706
2219 2706
2220 2706
2221 2706
2222 2706
2223 2706
2224 2706
2225 2707
2226 2707
2227 2707
2228 2707
2229 2707
2230 2707
2231 2707
2232 2707
2233 2707
2234 2707
2235 2707
2236 2707
2237 2707
2238 2707
2239 2707
2240 2707
2241 2707
2242 2707
2243 2707
2244 2707
2245 2707
2246 2707
2247 2707
2248 2706
2249 2706
2250 2706
2251 2707
2252 2707
2253 2707
2254 2707
2255 2707
2256 2708
2257 2708
2258 2708
2259 2709
2260 2709
2261 2709
2262 2709
2263 2709
2264 2710
2265 2710
2266 2710
2267 2710
2268 2710
2269 2710
2270 2710
2271 2710
2272 2710
2273 2710
2274 2710
2275 2710
2276 2710
2277 2710
2278 2710
2279 2710
2280 2710
2281 2710
2282 2710
2283 2710
2284 2711
2285 2711
2286 2711
2287 2711
2288 2712
2289 2712
2290 2712
2291 2713
2292 2713
2293 2713
2294 2714
2295 2714
2296 2714
2297 2714
2298 2714
2299 2714
2300 2714
2301 2714
2302 2714
2303 2715
2304 2715
2305 2716
2306 2716
2307 2716
2308 2717
2309 2717
2310 2717
2311 2717
2312 2718
2313 2718
2314 2718
2315 2718
2316 2718
2317 2719
2318 2719
2319 2719
2320 2719
2321 2719
2322 2719
2323 2719
2324 2719
2325 2719
2326 2719
2327 2719
2328 2719
2329 2719
2330 2719
2331 2719
2332 2719
2333 2719
2334 2719
2335 2719
2336 2719
2337 2719
2338 2719
2339 2719
2340 2719
2341 2719
2342 2719
2343 2719
2344 2719
2345 2719
2346 2719
2347 2719
2348 2719
2349 2719
2350 2719
2351 2719
2352 2718
2353 2718
2354 2718
2355 2718
2356 2718
2357 2718
2358 2718
2359 2718
2360 2718
2361 2718
2362 2718
2363 2718
2364 2718
2365 2718
2366 2718
2367 2718
2368 2718
2369 2718
2370 2718
2371 2718
2372 2717
2373 2717
2374 2717
2375 2717
2376 2717
2377 2717
2378 2717
2379 2717
2380 2717
2381 2717
2382 2717
2383 2717
2384 2717
2385 2717
2386 2717
2387 2717
2388 2716
2389 2716
2390 2716
2391 2716
2392 2716
2393 2716
2394 2716
2395 2716
2396 2716
2397 2716
2398 2716
2399 2716
2400 2716
2401 2716
2402 2716
2403 2716
2404 2716
2405 2715
2406 2715
2407 2715
2408 2715
2409 2715
2410 2715
2411 2715
2412 2715
2413 2715
2414 2715
2415 2716
2416 2716
2417 2717
2418 2717
2419 2717
2420 2718
2421 2718
2422 2718
2423 2718
2424 2718
2425 2719
2426 2719
2427 2719
2428 2719
2429 2719
2430 2719
2431 2719
2432 2719
2433 2719
2434 2719
2435 2719
2436 2719
2437 2719
2438 2719
2439 2719
2440 2720
2441 2721
2442 2722
2443 2722
2444 2723
2445 2724
2446 2724
2447 2724
2448 2724
2449 2724
2450 2724
2451 2724
2452 2724
2453 2724
2454 2724
2455 2724
2456 2724
2457 2724
2458 2724
2459 2724
2460 2724
2461 2724
2462 2724
2463 2724
2464 2724
2465 2725
2466 2725
2467 2726
2468 2726
2469 2727
2470 2727
2471 2727
2472 2727
2473 2728
2474 2728
2475 2728
2476 2729
2477 2729
2478 2729
2479 2730
2480 2730
2481 2731
2482 2731
2483 2731
2484 2732
2485 2732
2486 2732
2487 2733
2488 2733
2489 2733
2490 2733
2491 2733
2492 2733
2493 2733
2494 2733
2495 2733
2496 2733
2497 2733
2498 2734
2499 2734
2500 2735
2501 2735
2502 2736
2503 2736
2504 2736
2505 2737
2506 2737
2507 2737
2508 2738
2509 2738
2510 2739
2511 2740
2512 2740
2513 2741
2514 2741
2515 2742
2516 2742
2517 2742
2518 2743
2519 2743
2520 2743
2521 2743
2522 2743
2523 2743
2524 2744
2525 2744
2526 2744
2527 2745
2528 2745
2529 2746
2530 2746
2531 2747
2532 2747
2533 2748
2534 2748
2535 2749
2536 2750
2537 2750
2538 2751
2539 2751
2540 2752
2541 2752
2542 2753
2543 2754
2544 2754
2545 2755
2546 2755
2547 2756
2548 2756
2549 2756
2550 2757
2551 2757
2552 2758
2553 2758
2554 2758
2555 2758
2556 2758
2557 2759
2558 2759
2559 2759
2560 2759
2561 2759
2562 2759
2563 2759
2564 2759
2565 2759
2566 2759
2567 2759
2568 2759
2569 2759
2570 2760
2571 2760
2572 2761
2573 2761
2574 2761
2575 2762
2576 2762
2577 2762
2578 2762
2579 2762
2580 2763
2581 2763
2582 2763
2583 2763
2584 2763
2585 2763
2586 2763
2587 2764
2588 2764
2589 2764
2590 2764
2591 2764
2592 2764
2593 2764
2594 2764
2595 2764
2596 2764
2597 2764
2598 2764
2599 2764
2600 2764
2601 2764
2602 2764
2603 2764
2604 2764
2605 2765
2606 2765
2607 2765
2608 2765
2609 2766
2610 2766
2611 2766
2612 2766
2613 2767
2614 2767
2615 2767
2616 2767
2617 2767
2618 2767
2619 2768
2620 2768
2621 2768
2622 2768
2623 2768
2624 2768
2625 2768
2626 2768
2627 2767
2628 2768
2629 2768
2630 2768
2631 2768
2632 2769
2633 2769
2634 2769
2635 2769
2636 2770
2637 2770
2638 2770
2639 2770
2640 2771
2641 2771
2642 2771
2643 2771
2644 2771
2645 2771
2646 2771
2647 2771
2648 2772
2649 2772
2650 2772
2651 2772
2652 2772
2653 2772
2654 2772
2655 2772
2656 2772
2657 2772
2658 2772
2659 2772
2660 2772
2661 2772
2662 2772
2663 2772
2664 2772
2665 2772
2666 2772
2667 2772
2668 2772
2669 2772
2670 2772
2671 2772
2672 2772
2673 2772
2674 2772
2675 2772
2676 2772
2677 2771
2678 2771
2679 2771
2680 2771
2681 2771
2682 2771
2683 2771
2684 2771
2685 2771
2686 2772
2687 2772
2688 2772
2689 2772
2690 2773
2691 2773
2692 2773
2693 2773
2694 2774
2695 2774
2696 2774
2697 2774
2698 2774
2699 2774
2700 2774
2701 2774
2702 2775
2703 2775
2704 2775
2705 2775
2706 2775
2707 2775
2708 2775
2709 2775
2710 2775
2711 2776
2712 2776
2713 2776
2714 2776
2715 2777
2716 2777
2717 2778
2718 2778
2719 2778
2720 2778
2721 2779
2722 2779
2723 2779
2724 2780
2725 2780
2726 2781
2727 2782
2728 2782
2729 2783
2730 2783
2731 2783
2732 2784
2733 2784
2734 2784
2735 2785
2735 2786
2736 2787
2737 2788
2738 2789
2739 2789
2740 2790
2741 2790
2742 2790
2743 2791
2744 2791
2745 2792
2746 2793
2747 2793
2748 2794
2749 2795
2750 2795
2751 2796
2752 2797
2753 2797
2754 2798
2755 2798
2756 2799
2757 2799
2758 2800
2759 2800
2760 2801
2761 2801
2762 2802
2763 2802
2764 2803
2765 2803
2766 2804
2767 2804
2768 2804
2769 2805
2770 2805
2771 2805
2772 2805
2773 2806
2774 2806
2775 2806
2776 2806
2777 2806
2778 2806
2779 2806
2780 2806
2781 2806
2782 2806
2783 2806
2784 2807
2785 2807
2786 2807
2787 2807
2788 2807
2789 2807
2790 2807
2791 2807
2792 2807
2793 2807
2794 2807
2795 2806
2796 2806
2797 2806
2798 2806
2799 2806
2800 2806
2801 2806
2802 2806
2803 2806
2804 2806
2805 2806
2806 2806
2807 2806
2808 2806
2809 2806
2810 2806
2811 2806
2812 2806
2813 2806
2814 2805
2815 2805
2816 2805
2817 2805
2818 2805
2819 2805
2820 2805
2821 2805
2822 2805
2823 2805
2824 2805
2825 2805
2826 2805
2827 2805
2828 2805
2829 2804
2830 2804
2831 2804
2832 2804
2833 2804
2834 2805
2835 2805
2836 2805
2837 2805
2838 2805
2839 2805
2840 2805
2841 2805
2842 2806
2843 2806
2844 2806
2845 2806
2846 2807
2847 2807
2848 2807
2849 2807
2850 2808
2851 2808
2852 2808
2853 2808
2854 2808
2855 2808
2856 2808
2857 2808
2858 2808
2859 2808
2860 2808
2861 2809
2862 2809
2863 2809
2864 2809
2865 2809
2866 2810
2867 2810
2868 2811
2869 2811
2870 2811
2871 2812
2872 2812
2873 2812
2874 2812
2875 2812
2876 2812
2877 2812
2878 2813
2879 2813
2880 2813
2881 2813
2882 2813
2883 2814
2884 2814
2885 2814
2886 2815
2887 2815
2888 2815
2889 2816
2890 2816
2891 2817
2892 2817
2893 2818
2894 2818
2895 2819
2896 2819
2897 2820
2898 2820
2899 2821
2900 2821
2901 2821
2902 2822
2903 2822
2904 2822
2905 2823
2906 2823
2907 2823
2908 2823
2909 2824
2910 2824
2911 2824
2912 2824
2913 2824
2914 2824
2915 2824
2916 2823
2917 2823
2918 2823
2919 2823
2920 2823
2921 2823
2922 2823
2923 2823
2924 2823
2925 2823
2926 2823
2927 2823
2928 2823
2929 2823
2930 2823
2931 2823
2932 2823
2933 2823
2934 2824
2935 2825
2936 2825
2937 2826
2938 2826
2939 2826
2940 2827
2941 2827
2942 2827
2943 2827
2944 2827
2945 2827
2946 2827
2947 2827
2948 2828
2949 2828
2950 2829
2951 2829
2952 2830
2953 2830
2954 2831
2955 2831
2956 2832
2957 2833
2958 2833
2959 2834
2960 2835
2961 2836
2962 2837
2963 2838
2964 2839
2965 2840
2966 2841
2967 2842
2968 2843
2968 2844
2969 2845
2969 2846
2970 2847
2970 2848
2970 2849
2970 2850
2971 2851
2971 2852
2971 2853
2971 2854
2971 2855
2971 2856
2972 2857
2972 2858
2973 2859
2973 2860
2974 2861
2974 2862
2975 2863
2976 2864
2976 2865
2977 2865
2978 2865
2979 2866
2980 2866
2981 2866
2982 2867
2982 2868
2983 2869
2983 2870
2983 2871
2984 2872
2984 2873
2984 2874
2984 2875
2984 2876
2985 2877
2986 2877
2987 2878
2988 2878
2989 2878
2990 2878
2991 2879
2992 2879
2993 2879
2994 2879
2995 2879
2996 2879
2997 2879
2998 2879
2999 2878
3000 2878
3000 2877
3000 2876
3001 2875
3001 2874
3001 2873
3001 2872
3001 2871
3001 2870
3001 2869
3002 2868
3002 2867
3002 2866
3002 2865
3002 2864
3003 2863
3004 2864
3005 2865
3006 2866
3006 2867
3006 2868
3007 2869
3007 2870
3007 2871
3007 2872
3008 2873
3008 2874
3008 2875
3008 2876
3008 2877
3009 2878
3009 2879
3010 2880
3010 2881
3011 2882
3012 2883
3013 2884
3014 2885
3015 2886
3016 2887
3017 2888
3018 2889
3018 2890
3019 2891
3020 2892
3020 2893
3021 2893
3022 2894
3023 2894
3024 2894
3025 2894
3026 2894
3027 2894
3028 2894
3029 2894
3030 2894
3031 2894
3032 2893
3033 2893
3034 2893
3035 2892
3036 2892
3037 2891
3038 2891
3039 2891
3040 2890
3041 2890
3042 2890
3043 2889
3044 2889
3045 2888
3046 2887
3047 2886
3048 2885
3049 2884
3050 2883
3051 2882
3052 2881
3053 2881
3054 2881
3055 2881
3056 2881
3057 2881
3058 2881
3059 2881
3060 2881
3061 2881
3062 2881
3063 2881
3064 2881
3065 2881
3066 2881
3067 2881
3068 2881
3069 2880
3070 2880
3071 2880
3072 2880
3073 2880
3074 2880
3075 2880
3076 2880
3077 2880
3078 2880
3079 2880
3080 2881
3081 2881
3082 2882
3083 2882
3084 2883
3085 2883
3086 2884
3087 2884
3088 2885
3089 2886
3090 2886
3091 2887
3092 2887
3093 2888
3094 2888
3095 2889
3096 2890
3097 2890
3098 2891
3099 2892
3100 2892
3101 2893
3102 2893
3103 2894
3104 2894
3105 2895
3106 2895
3107 2896
3108 2896
3109 2897
3110 2897
3111 2898
3112 2898
3113 2898
3114 2899
3115 2899
3116 2899
3117 2899
3118 2900
3119 2900
3120 2901
3121 2902
3122 2902
3123 2903
3124 2903
3125 2904
3126 2905
3127 2906
3128 2907
3129 2908
3130 2909
3131 2909
3132 2909
3133 2910
3134 2910
3135 2911
3136 2911
3137 2912
3138 2913
3139 2913
3140 2914
3141 2914
3142 2915
3143 2915
3144 2916
3145 2916
3146 2917
3147 2918
3148 2918
3149 2918
3150 2919
3151 2919
3152 2920
3153 2920
3154 2920
3155 2920
3156 2921
3157 2921
3158 2922
3159 2922
3160 2923
3161 2923
3162 2923
3163 2924
3164 2924
3165 2925
3166 2925
3167 2926
3168 2927
3169 2927
3170 2928
3171 2929
3172 2929
3173 2930
3174 2930
3175 2931
3176 2932
3177 2932
3178 2933
3179 2934
3180 2934
3181 2935
3182 2935
3183 2936
3184 2936
3185 2936
3186 2937
3187 2937
3188 2937
3189 2937
3190 2937
3191 2938
3192 2938
3193 2939
3194 2939
3195 2940
3196 2941
3197 2941
3198 2941
3199 2942
3200 2942
3201 2942
3202 2943
3203 2943
3204 2944
3205 2945
3206 2945
3207 2946
3208 2946
3209 2946
3210 2947
3211 2948
3212 2949
3213 2949
3214 2950
3215 2951
3216 2951
3217 2952
3218 2952
3219 2953
3220 2953
3221 2954
3222 2954
3223 2955
3224 2956
3225 2957
3226 2957
3227 2958
3228 2958
3229 2958
3230 2959
3231 2959
3232 2959
3233 2959
3234 2959
3235 2960
3236 2960
3237 2961
3238 2961
3239 2962
3240 2962
3241 2963
3242 2963
3243 2963
3244 2964
3245 2964
3246 2964
3247 2965
3248 2965
3249 2966
3250 2966
3251 2967
3252 2967
3253 2968
3254 2968
3255 2969
3256 2969
3257 2969
3258 2970
3259 2970
3260 2971
3261 2971
3262 2972
3263 2972
3264 2973
3265 2973
3266 2974
3267 2974
3268 2974
3269 2975
3270 2975
3271 2975
3272 2976
3273 2976
3274 2977
3275 2978
3276 2978
3277 2979
3278 2979
3279 2979
3280 2980
3281 2980
3282 2981
3283 2982
3284 2982
3285 2983
3286 2983
3287 2983
3288 2984
3289 2984
3290 2984
3291 2985
3292 2985
3293 2985
3294 2985
3295 2985
3296 2986
3297 2986
3298 2986
3299 2986
3300 2986
3301 2987
3302 2987
3303 2987
3304 2987
3305 2988
3306 2988
3307 2988
3308 2988
3309 2989
3310 2989
3311 2989
3312 2989
3313 2990
3314 2990
3315 2990
3316 2990
3317 2990
3318 2991
3319 2991
3320 2992
3321 2992
3322 2992
3323 2993
3324 2993
3325 2993
3326 2994
3327 2994
3328 2994
3329 2994
3330 2995
3331 2995
3332 2996
3333 2996
3334 2996
3335 2997
3336 2997
3337 2998
3338 2998
3339 2998
3340 2999
3341 2999
3342 2999
3343 3000
3344 3000
3345 3000
3346 3000
3347 3000
3348 3001
3349 3001
3350 3001
3351 3001
3352 3002
3353 3002
3354 3003
3355 3003
3356 3004
3357 3004
3358 3004
3359 3004
3360 3005
3361 3005
3362 3006
3363 3006
3364 3007
3365 3007
3366 3008
3367 3008
3368 3008
3369 3009
3370 3010
3371 3010
3372 3011
3373 3011
3374 3012
3375 3013
3376 3014
3377 3014
3378 3015
3379 3016
3380 3017
3381 3017
3382 3018
3383 3019
3384 3019
3385 3020
3386 3020
3387 3021
3388 3021
3389 3021
3390 3022
3391 3022
3392 3023
3393 3023
3394 3024
3395 3024
3396 3025
3397 3025
3398 3026
3399 3026
3400 3026
3401 3026
3402 3027
3403 3027
3404 3027
3405 3027
3406 3027
3407 3027
3408 3027
3409 3027
3410 3027
3411 3027
3412 3028
3413 3028
3414 3029
3415 3029
3416 3030
3417 3030
3418 3031
3419 3031
3420 3031
3421 3032
3422 3032
3423 3032
3424 3033
3425 3033
3426 3033
3427 3033
3428 3034
3429 3035
3430 3035
3431 3035
3432 3036
3433 3036
3434 3036
3435 3036
3436 3037
3437 3037
3438 3037
3439 3037
3440 3037
3441 3038
3442 3038
3443 3038
3444 3038
3445 3039
3446 3040
3447 3040
3448 3041
3449 3041
3450 3041
3451 3041
3452 3042
3453 3042
3454 3042
3455 3042
3456 3042
3457 3042
3458 3042
3459 3042
3460 3043
3461 3043
3462 3043
3463 3043
3464 3044
3465 3044
3466 3044
3467 3045
3468 3045
3469 3045
3470 3046
3471 3046
3472 3046
3473 3046
3474 3046
3475 3047
3476 3047
3477 3047
3478 3047
3479 3047
3480 3047
3481 3047
3482 3047
3483 3047
3484 3047
3485 3047
3486 3047
3487 3048
3488 3048
3489 3048
3490 3049
3491 3049
3492 3049
3493 3050
3494 3050
3495 3050
3496 3050
3497 3050
3498 3050
3499 3051
3500 3051
3501 3051
3502 3051
3503 3051
3504 3051
3505 3052
3506 3052
3507 3052
3508 3053
3509 3053
3510 3053
3511 3054
3512 3054
3513 3054
3514 3055
3515 3055
3516 3056
3517 3056
3518 3057
3519 3057
3520 3058
3521 3058
3522 3059
3523 3059
3524 3060
3525 3060
3526 3061
3527 3061
3528 3061
3529 3061
3530 3061
3531 3062
3532 3062
3533 3062
3534 3062
3535 3062
3536 3062
3537 3062
3538 3062
3539 3062
3540 3062
3541 3062
3542 3062
3543 3062
3544 3062
3545 3062
3546 3062
3547 3062
3548 3063
3549 3063
3550 3063
3551 3064
3552 3064
3553 3065
3554 3065
3555 3065
3556 3065
3557 3065
3558 3066
3559 3066
3560 3066
3561 3066
3562 3066
3563 3066
3564 3066
3565 3066
3566 3066
3567 3066
3568 3067
3569 3067
3570 3067
3571 3067
3572 3067
3573 3067
3574 3068
3575 3068
3576 3068
3577 3068
3578 3069
3579 3069
3580 3069
3581 3070
3582 3070
3583 3070
3584 3070
3585 3070
3586 3071
3587 3071
3588 3071
3589 3071
3590 3071
3591 3071
3592 3071
3593 3071
3594 3072
3595 3072
3596 3072
3597 3072
3598 3073
3599 3073
3600 3073
3601 3073
3602 3074
3603 3074
3604 3074
3605 3075
3606 3075
3607 3076
3608 3076
3609 3076
3610 3077
3611 3077
3612 3077
3613 3078
3614 3078
3615 3079
3616 3079
3617 3080
3618 3080
3619 3080
3620 3080
3621 3080
3622 3080
3623 3081
3624 3081
3625 3081
3626 3081
3627 3081
3628 3081
3629 3081
3630 3081
3631 3081
3632 3081
3633 3081
3634 3081
3635 3081
3636 3081
3637 3081
3638 3081
3639 3081
3640 3081
3641 3081
3642 3081
3643 3082
3644 3082
3645 3082
3646 3082
3647 3083
3648 3083
3649 3084
3650 3084
3651 3084
3652 3084
3653 3084
3654 3084
3655 3084
3656 3085
3657 3085
3658 3085
3659 3085
3660 3085
3661 3085
3662 3085
3663 3085
3664 3085
3665 3085
3666 3085
3667 3086
3668 3086
3669 3086
3670 3087
3671 3087
3672 3087
3673 3088
3674 3088
3675 3088
3676 3088
3677 3089
3678 3089
3679 3089
3680 3089
3681 3089
3682 3089
3683 3089
3684 3089
3685 3089
3686 3089
3687 3089
3688 3089
3689 3090
3690 3090
3691 3090
3692 3090
3693 3090
3694 3090
3695 3090
3696 3090
3697 3090
3698 3090
3699 3090
3700 3090
3701 3090
3702 3090
3703 3091
3704 3091
3705 3091
3706 3091
3707 3091
3708 3092
3709 3092
3710 3092
3711 3092
3712 3092
3713 3093
3714 3093
3715 3093
3716 3093
3717 3093
3718 3093
3719 3093
3720 3093
3721 3093
3722 3094
3723 3094
3724 3094
3725 3094
3726 3094
3727 3094
3728 3093
3729 3093
3730 3093
3731 3093
3732 3093
3733 3093
3734 3093
3735 3093
3736 3093
3737 3093
3738 3093
3739 3093
3740 3093
3741 3093
3742 3093
3743 3093
3744 3093
3745 3093
3746 3093
3747 3093
3748 3093
3749 3093
3750 3093
3751 3093
3752 3093
3753 3093
3754 3093
3755 3093
3756 3093
3757 3092
3758 3092
3759 3092
3760 3092
3761 3092
3762 3092
3763 3092
3764 3092
3765 3092
3766 3092
3767 3092
3768 3092
3769 3092
3770 3092
3771 3092
3772 3092
3773 3092
3774 3092
3775 3092
3776 3091
3777 3091
3778 3091
3779 3091
3780 3091
3781 3091
3782 3091
3783 3091
3784 3091
3785 3091
3786 3091
3787 3091
3788 3091
3789 3091
3790 3091
3791 3090
3792 3090
3793 3090
3794 3090
3795 3090
3796 3090
3797 3090
3798 3090
3799 3090
3800 3090
3801 3090
3802 3090
3803 3090
3804 3090
3805 3090
3806 3090
3807 3090
3808 3089
3809 3089
3810 3089
3811 3089
3812 3089
3813 3089
3814 3089
3815 3089
3816 3089
3817 3089
3818 3089
3819 3089
3820 3089
3821 3088
3822 3088
3823 3088
3824 3087
3825 3087
3826 3086
3827 3086
3828 3086
3829 3085
3830 3085
3831 3084
3832 3084
3833 3084
3834 3084
3835 3083
3836 3083
3837 3083
3838 3083
3839 3083
3840 3083
3841 3082
3842 3082
3843 3082
3844 3082
3845 3081
3846 3081
3847 3081
3848 3081
3849 3080
3850 3080
3851 3080
3852 3079
3853 3079
3854 3078
3855 3078
3856 3078
3857 3077
3858 3077
3859 3077
3860 3076
3861 3076
3862 3076
3863 3076
3864 3076
3865 3075
3866 3075
3867 3075
3868 3075
3869 3075
3870 3074
3871 3074
3872 3074
3873 3074
3874 3074
3875 3074
3876 3074
3877 3074
3878 3073
3879 3073
3878 3073
3877 3073
3876 3073
3875 3073
3874 3073
3873 3072
3872 3072
3871 3072
3870 3072
3869 3072
3868 3072
3867 3072
3866 3072
3865 3072
3864 3072
3863 3071
3862 3071
3861 3071
3860 3071
3859 3071
3858 3071
3857 3071
3856 3071
3855 3071
3854 3071
3853 3071
3852 3070
3851 3070
3850 3070
3849 3069
3849 3068
3850 3067
3851 3067
3852 3067
3853 3066
3854 3066
3855 3066
3856 3065
3857 3065
3858 3065
3859 3064
3860 3064
3861 3064
3862 3063
3863 3063
3864 3063
3865 3062
3866 3062
3867 3062
3868 3061
3869 3061
3870 3060
3871 3059
3871 3058
3872 3057
3873 3057
3874 3057
3875 3056
3876 3056
3877 3056
3878 3055
3879 3055
3880 3054
3881 3054
3882 3053
3883 3053
3884 3052
3885 3052
3886 3052
3887 3051
3888 3051
3889 3051
3890 3050
3891 3050
3892 3050
3893 3050
3894 3050
3895 3049
3896 3049
3897 3049
3898 3049
3899 3048
3900 3048
3901 3048
3902 3048
3903 3048
3904 3048
3905 3048
3906 3048
3907 3048
3908 3048
3909 3048
3910 3047
3911 3047
3912 3047
3913 3047
3914 3046
3915 3046
3916 3045
3917 3044
3918 3044
3919 3043
3920 3043
3921 3042
3922 3042
3923 3042
3924 3042
3925 3042
3926 3041
3927 3041
3928 3041
3929 3041
3930 3041
3931 3041
3932 3040
3933 3040
3934 3040
3935 3040
3936 3040
3937 3040
3938 3040
3939 3040
3940 3040
3941 3040
3942 3040
3943 3040
3944 3039
3945 3039
3946 3039
3947 3039
3948 3039
3949 3039
3950 3039
3951 3039
3952 3039
3953 3038
3954 3037
3955 3036
3956 3035
3957 3035
3958 3034
3959 3034
3960 3034
3961 3034
3962 3033
3963 3033
3964 3033
3965 3033
3966 3033
3967 3033
3968 3032
3969 3032
3970 3032
3971 3032
3972 3031
3973 3031
3974 3030
3975 3030
3976 3029
3977 3028
3978 3028
3979 3027
3980 3026
3981 3025
3982 3024
3983 3023
3984 3022
3985 3022
3986 3021
3987 3020
3988 3019
3989 3018
3990 3018
3991 3017
3992 3016
3993 3016
3994 3015
3995 3015
3996 3014
3997 3014
3998 3014
3999 3013
4000 3013
4001 3012
4002 3011
4003 3010
4004 3010
4005 3009
4006 3009
4007 3008
4008 3008
4009 3007
4010 3007
4011 3006
4012 3005
4013 3005
4014 3004
4015 3003
4016 3003
4017 3002
4018 3001
4019 3001
4020 3000
4021 3000
4022 2999
4023 2998
4024 2998
4025 2997
4026 2996
4027 2996
4028 2995
4029 2995
4030 2994
4031 2993
4032 2992
4033 2991
4034 2990
4035 2990
4036 2989
4037 2988
4038 2988
4039 2987
4040 2986
4041 2985
4042 2984
4043 2983
4044 2982
4045 2981
4046 2981
4047 2980
4048 2979
4049 2978
4050 2977
4051 2977
4052 2976
4053 2976
4054 2975
4055 2974
4056 2973
4057 2972
4058 2971
4059 2970
4060 2970
4061 2969
4062 2968
4063 2968
4064 2967
4065 2966
4066 2965
4067 2964
4068 2963
4069 2962
4070 2961
4071 2961
4072 2960
4073 2959
4074 2958
4075 2958
4076 2957
4077 2956
4078 2956
4079 2955
4079 2954
4080 2953
4081 2952
4081 2951
4082 2950
4083 2949
4083 2948
4084 2947
4085 2946
4086 2945
4087 2944
4088 2944
4089 2943
4090 2943
4091 2942
4091 2941
4092 2940
4093 2939
4094 2939
4095 2938
4096 2937
4096 2936
4097 2935
4097 2934
4098 2933
4099 2932
4100 2931
4101 2930
4102 2929
4103 2928
4103 2927
4104 2926
4105 2925
4105 2924
4106 2923
4107 2922
4107 2921
4108 2920
4108 2919
4109 2918
4110 2917
4110 2916
4111 2915
4111 2914
4112 2913
4112 2912
4113 2911
4113 2910
4114 2909
4115 2908
4115 2907
4116 2906
4116 2905
4117 2904
4117 2903
4118 2902
4118 2901
4119 2900
4119 2899
4119 2898
4120 2897
4121 2896
4121 2895
4122 2894
4122 2893
4123 2892
4123 2891
4123 2890
4124 2889
4124 2888
4125 2887
4125 2886
4125 2885
4125 2884
4126 2883
4126 2882
4126 2881
4127 2880
4127 2879
4128 2878
4128 2877
4129 2876
4130 2875
4130 2874
4131 2873
4132 2872
4132 2871
4133 2870
4134 2869
4134 2868
4135 2867
4136 2866
4136 2865
4137 2864
4138 2863
4138 2862
4139 2861
4139 2860
4140 2859
4140 2858
4141 2857
4141 2856
4142 2855
4142 2854
4143 2853
4143 2852
4143 2851
4144 2850
4145 2849
4145 2848
4146 2847
4146 2846
4146 2845
4146 2844
4147 2843
4147 2842
4147 2841
4147 2840
4147 2839
4147 2838
4148 2837
4148 2836
4148 2835
4148 2834
4149 2833
4149 2832
4150 2831
4150 2830
4150 2829
4151 2828
4151 2827
4151 2826
4151 2825
4151 2824
4152 2823
4152 2822
4152 2821
4152 2820
4152 2819
4152 2818
4152 2817
4153 2816
4153 2815
4154 2814
4154 2813
4155 2812
4155 2811
4156 2810
4157 2809
4157 2808
4158 2807
4158 2806
4159 2805
4159 2804
4159 2803
4160 2802
4160 2801
4161 2800
4161 2799
4161 2798
4161 2797
4162 2796
4162 2795
4162 2794
4162 2793
4162 2792
4162 2791
4163 2790
4163 2789
4163 2788
4164 2787
4164 2786
4164 2785
4165 2784
4165 2783
4165 2782
4166 2781
4166 2780
4166 2779
4167 2778
4167 2777
4167 2776
4167 2775
4167 2774
4167 2773
4167 2772
4167 2771
4168 2770
4168 2769
4168 2768
4168 2767
4168 2766
4168 2765
4168 2764
4168 2763
4168 2762
4168 2761
4168 2760
4168 2759
4168 2758
4168 2757
4168 2756
4168 2755
4168 2754
4168 2753
4168 2752
4169 2751
4169 2750
4169 2749
4170 2748
4170 2747
4170 2746
4170 2745
4171 2744
4171 2743
4171 2742
4171 2741
4171 2740
4171 2739
4172 2738
4172 2737
4172 2736
4172 2735
4173 2734
4173 2733
4173 2732
4173 2731
4174 2730
4174 2729
4174 2728
4175 2727
4175 2726
4175 2725
4176 2724
4176 2723
4176 2722
4176 2721
4176 2720
4176 2719
4177 2718
4177 2717
4177 2716
4177 2715
4177 2714
4177 2713
4177 2712
4177 2711
4177 2710
4177 2709
4177 2708
4177 2707
4177 2706
4177 2705
4177 2704
4177 2703
4178 2702
4178 2701
4178 2700
4178 2699
4179 2698
4179 2697
4179 2696
4180 2695
4180 2694
4180 2693
4180 2692
4180 2691
4181 2690
4181 2689
4181 2688
4181 2687
4181 2686
4181 2685
4181 2684
4181 2683
4181 2682
4181 2681
4181 2680
4181 2679
4181 2678
4181 2677
4181 2676
4181 2675
4181 2674
4181 2673
4181 2672
4181 2671
4181 2670
4181 2669
4181 2668
4181 2667
4181 2666
4181 2665
4181 2664
4181 2663
4181 2662
4181 2661
4181 2660
4181 2659
4181 2658
4181 2657
4181 2656
4181 2655
4182 2654
4182 2653
4182 2652
4183 2651
4183 2650
4183 2649
4184 2648
4184 2647
4184 2646
4184 2645
4184 2644
4184 2643
4185 2642
4185 2641
4185 2640
4185 2639
4185 2638
4185 2637
4185 2636
4185 2635
4185 2634
4185 2633
4185 2632
4185 2631
4185 2630
4185 2629
4185 2628
4185 2627
4184 2626
4184 2625
4184 2624
4184 2623
4184 2622
4184 2621
4184 2620
4184 2619
4184 2618
4184 2617
4184 2616
4184 2615
4184 2614
4184 2613
4184 2612
4184 2611
4184 2610
4184 2609
4184 2608
4184 2607
4183 2606
4183 2605
4183 2604
4183 2603
4183 2602
4183 2601
4183 2600
4183 2599
4183 2598
4183 2597
4183 2596
4183 2595
4183 2594
4183 2593
4183 2592
4183 2591
4183 2590
4183 2589
4182 2588
4182 2587
4182 2586
4182 2585
4182 2584
4182 2583
4182 2582
4182 2581
4182 2580
4182 2579
4182 2578
4182 2577
4182 2576
4182 2575
4182 2574
4182 2573
4181 2572
4181 2571
4181 2570
4181 2569
4181 2568
4181 2567
4181 2566
4181 2565
4181 2564
4181 2563
4181 2562
4181 2561
4181 2560
4181 2559
4181 2558
4181 2557
4181 2556
4180 2555
4180 2554
4180 2553
4180 2552
4180 2551
4180 2550
4180 2549
4180 2548
4180 2547
4180 2546
4180 2545
4180 2544
4180 2543
4180 2542
4180 2541
4180 2540
4180 2539
4180 2538
4179 2537
4179 2536
4179 2535
4179 2534
4178 2533
4178 2532
4177 2531
4177 2530
4177 2529
4176 2528
4176 2527
4175 2526
4175 2525
4175 2524
4174 2523
4174 2522
4174 2521
4174 2520
4174 2519
4174 2518
4173 2517
4173 2516
4173 2515
4172 2514
4172 2513
4171 2512
4171 2511
4170 2510
4170 2509
4169 2508
4169 2507
4168 2506
4168 2505
4168 2504
4168 2503
4167 2502
4167 2501
4167 2500
4166 2499
4166 2498
4165 2497
4164 2496
4164 2495
4163 2494
4163 2493
4163 2492
4162 2491
4162 2490
4162 2489
4161 2488
4161 2487
4161 2486
4161 2485
4160 2484
4160 2483
4160 2482
4160 2481
4159 2480
4159 2479
4159 2478
4159 2477
4159 2476
4159 2475
4158 2474
4158 2473
4158 2472
4158 2471
4157 2470
4157 2469
4157 2468
4157 2467
4156 2466
4156 2465
4156 2464
4155 2463
4155 2462
4154 2461
4154 2460
4153 2459
4153 2458
4152 2457
4152 2456
4152 2455
4152 2454
4152 2453
4151 2452
4151 2451
4151 2450
4151 2449
4151 2448
4151 2447
4151 2446
4150 2445
4150 2444
4150 2443
4149 2442
4149 2441
4148 2440
4148 2439
4147 2438
4147 2437
4146 2436
4146 2435
4146 2434
4145 2433
4145 2432
4145 2431
4145 2430
4145 2429
4144 2428
4144 2427
4144 2426
4144 2425
4144 2424
4144 2423
4143 2422
4143 2421
4143 2420
4143 2419
4143 2418
4143 2417
4143 2416
4143 2415
4143 2414
4142 2413
4142 2412
4141 2411
4141 2410
4140 2409
4140 2408
4139 2407
4139 2406
4138 2405
4138 2404
4137 2403
4137 2402
4136 2401
4135 2400
4134 2399
4134 2398
4134 2397
4133 2396
4133 2395
4132 2394
4132 2393
4132 2392
4131 2391
4131 2390
4131 2389
4130 2388
4130 2387
4130 2386
4130 2385
4130 2384
4129 2383
4128 2382
4128 2381
4127 2380
4126 2379
4126 2378
4125 2377
4124 2376
4124 2375
4123 2374
4122 2373
4122 2372
4121 2371
4120 2370
4119 2369
4118 2368
4117 2367
4116 2366
4116 2365
4115 2364
4114 2363
4114 2362
4113 2361
4113 2360
4112 2359
4112 2358
4111 2357
4111 2356
4111 2355
4110 2354
4110 2353
4110 2352
4110 2351
4109 2350
4109 2349
4109 2348
4109 2347
4108 2346
4108 2345
4107 2344
4106 2343
4106 2342
4105 2341
4104 2340
4104 2339
4104 2338
4104 2337
4103 2336
4103 2335
4103 2334
4103 2333
4103 2332
4102 2331
4102 2330
4102 2329
4102 2328
4102 2327
4102 2326
4102 2325
4101 2324
4101 2323
4101 2322
4100 2321
4100 2320
4100 2319
4099 2318
4099 2317
4098 2316
4098 2315
4097 2314
4097 2313
4096 2312
4096 2311
4096 2310
4095 2309
4095 2308
4094 2307
4094 2306
4093 2305
4093 2304
4092 2303
4092 2302
4091 2301
4091 2300
4090 2299
4090 2298
4090 2297
4089 2296
4089 2295
4089 2294
4088 2293
4088 2292
4088 2291
4088 2290
4088 2289
4087 2288
4087 2287
4086 2286
4086 2285
4085 2284
4085 2283
4084 2282
4084 2281
4083 2280
4083 2279
4083 2278
4083 2277
4082 2276
4082 2275
4081 2274
4080 2273
4080 2272
4079 2271
4078 2270
4078 2269
4077 2268
4077 2267
4076 2266
4076 2265
4075 2264
4075 2263
4074 2262
4073 2261
4072 2260
4071 2259
4070 2258
4069 2257
4068 2256
4067 2255
4066 2254
4066 2253
4065 2252
4064 2251
4063 2250
4062 2249
4061 2248
4060 2247
4059 2246
4059 2245
4058 2244
4057 2243
4057 2242
4057 2241
4056 2240
4056 2239
4055 2238
4055 2237
4054 2236
4054 2235
4053 2234
4053 2233
4052 2232
4051 2231
4051 2230
4050 2229
4050 2228
4049 2227
4049 2226
4048 2225
4047 2224
4046 2223
4045 2222
4044 2221
4043 2220
4042 2219
4041 2219
4040 2218
4039 2217
4039 2216
4038 2215
4037 2214
4036 2213
4035 2212
4034 2211
4033 2210
4033 2209
4032 2208
4031 2207
4030 2206
4030 2205
4029 2204
4028 2203
4027 2202
4026 2201
4026 2200
4025 2199
4024 2198
4024 2197
4023 2196
4022 2195
4022 2194
4021 2193
4020 2192
4019 2191
4018 2190
4017 2189
4016 2188
4015 2188
4014 2187
4013 2186
4012 2185
4011 2184
4010 2183
4009 2182
4008 2181
4007 2180
4006 2179
4005 2178
4004 2177
4003 2176
4002 2175
4001 2174
4001 2173
4000 2172
3999 2171
3998 2170
3997 2169
3996 2169
3995 2168
3994 2167
3994 2166
3993 2165
3992 2164
3992 2163
3991 2162
3990 2161
3989 2160
3988 2159
3987 2158
3986 2157
3985 2156
3984 2155
3984 2154
3983 2153
3982 2152
3981 2152
3980 2151
3979 2150
3978 2149
3977 2148
3976 2147
3975 2146
3974 2145
3973 2144
3972 2143
3971 2142
3970 2141
3969 2141
3968 2140
3967 2140
3966 2139
3965 2138
3964 2137
3963 2136
3962 2135
3961 2134
3960 2133
3959 2132
3958 2131
3957 2130
3956 2129
3955 2128
3954 2127
3953 2126
3952 2126
3951 2125
3950 2124
3949 2123
3948 2122
3947 2121
3946 2120
3945 2119
3944 2118
3943 2117
3942 2116
3941 2115
3940 2115
3939 2114
3938 2113
3937 2112
3936 2112
3935 2111
3934 2110
3933 2110
3932 2109
3931 2108
3930 2107
3929 2107
3928 2106
3927 2105
3926 2105
3925 2104
3924 2104
3923 2103
3922 2102
3921 2101
3920 2101
3919 2100
3918 2099
3917 2099
3916 2098
3915 2097
3914 2096
3913 2096
3912 2095
3911 2095
3910 2094
3909 2093
3908 2092
3907 2091
3906 2091
3905 2090
3904 2089
3903 2089
3902 2088
3901 2087
3900 2087
3899 2086
3898 2085
3897 2084
3896 2084
3895 2083
3894 2082
3893 2081
3892 2080
3891 2079
3891 2078
3890 2077
3889 2076
3889 2075
3888 2074
3887 2073
3886 2072
3885 2071
3884 2071
3883 2070
3883 2069
3882 2068
3881 2067
3880 2066
3880 2065
3879 2064
3878 2063
3877 2062
3876 2062
3875 2061
3874 2060
3873 2059
3872 2058
3871 2057
3870 2056
3869 2055
3868 2054
3867 2053
3866 2052
3865 2051
3864 2050
3863 2049
3862 2048
3862 2047
3861 2046
3860 2046
3859 2045
3858 2044
3857 2043
3856 2042
3855 2041
3854 2040
3854 2039
3853 2038
3852 2037
3851 2036
3850 2035
3849 2034
3848 2033
3847 2032
3846 2031
3845 2031
3844 2030
3843 2029
3842 2028
3841 2027
3840 2026
3839 2025
3838 2024
3837 2023
3836 2022
3835 2021
3834 2020
3833 2020
3832 2019
3831 2018
3830 2017
3829 2016
3828 2015
3827 2014
3826 2013
3825 2012
3824 2012
3823 2011
3822 2010
3821 2009
3820 2008
3819 2007
3818 2006
3817 2005
3816 2004
3815 2004
3814 2003
3813 2002
3812 2001
3811 2000
3810 1999
3809 1998
3808 1997
3807 1996
3807 1995
3806 1994
3805 1993
3804 1992
3803 1991
3802 1990
3802 1989
3801 1988
3801 1987
3800 1986
3800 1985
3799 1984
3798 1983
3797 1982
3796 1981
3795 1980
3794 1979
3793 1978
3792 1978
3791 1977
3790 1976
3789 1976
3788 1975
3787 1974
3786 1973
3785 1972
3784 1971
3783 1970
3782 1969
3782 1968
3781 1967
3780 1966
3779 1965
3778 1964
3777 1963
3777 1962
3776 1961
3776 1960
3775 1959
3774 1958
3774 1957
3773 1956
3772 1955
3771 1955
3770 1954
3769 1953
3768 1952
3767 1952
3766 1951
3765 1950
3764 1949
3763 1948
3763 1947
3762 1946
3761 1945
3760 1944
3759 1943
3758 1942
3758 1941
3757 1940
3757 1939
3756 1938
3755 1937
3754 1936
3753 1935
3752 1934
3752 1933
3751 1932
3750 1931
3749 1930
3748 1929
3747 1928
3747 1927
3746 1926
3745 1925
3744 1924
3743 1923
3742 1922
3741 1922
3740 1921
3739 1920
3738 1920
3737 1919
3736 1919
3735 1918
3734 1918
3733 1917
3732 1916
3731 1916
3730 1915
3729 1914
3728 1914
3727 1913
3726 1912
3726 1911
3725 1910
3724 1909
3723 1908
3722 1907
3721 1906
3720 1905
3719 1904
3718 1903
3717 1902
3717 1901
3716 1900
3715 1900
3714 1899
3713 1898
3712 1897
3711 1897
3710 1896
3709 1896
3708 1895
3707 1895
3706 1895
3705 1894
3704 1894
3703 1893
3702 1892
3701 1891
3700 1890
3699 1889
3698 1888
3697 1887
3696 1886
3695 1886
3694 1885
3693 1884
3692 1884
3691 1883
3690 1883
3689 1882
3688 1882
3687 1881
3686 1881
3685 1880
3684 1879
3683 1879
3682 1878
3681 1878
3680 1878
3679 1877
3678 1876
3677 1876
3676 1875
3675 1874
3674 1874
3673 1873
3672 1873
3671 1872
3670 1872
3669 1871
3668 1871
3667 1870
3666 1870
3665 1869
3664 1869
3663 1868
3662 1868
3661 1867
3660 1866
3659 1866
3658 1865
3657 1864
3656 1863
3655 1862
3654 1862
3653 1861
3652 1861
3651 1860
3650 1859
3649 1859
3648 1858
3647 1858
3646 1857
3645 1857
3644 1856
3643 1856
3642 1856
3641 1855
3640 1855
3639 1855
3638 1854
3637 1854
3636 1853
3635 1853
3634 1853
3633 1852
3632 1852
3631 1851
3630 1851
3629 1850
3628 1850
3627 1849
3626 1848
3625 1847
3624 1847
3623 1846
3622 1845
3621 1845
3620 1844
3619 1843
3618 1842
3617 1842
3616 1841
3615 1841
3614 1841
3613 1840
3612 1840
3611 1839
3610 1838
3609 1837
3608 1837
3607 1836
3606 1836
3605 1835
3604 1835
3603 1835
3602 1834
3601 1833
3601 1832
3600 1832
3599 1831
3598 1831
3597 1830
3596 1830
3595 1829
3594 1829
3593 1829
3592 1828
3591 1828
3590 1828
3589 1827
3588 1827
3587 1826
3586 1826
3585 1825
3584 1825
3583 1824
3582 1823
3581 1822
3580 1822
3579 1821
3578 1820
3577 1820
3576 1819
3575 1819
3574 1818
3573 1818
3572 1818
3571 1817
3570 1817
3569 1816
3568 1816
3567 1815
3566 1815
3565 1815
3564 1814
3563 1814
3562 1813
3561 1813
3560 1813
3559 1813
3558 1813
3557 1812
3556 1812
3555 1812
3554 1811
3553 1811
3552 1810
3551 1810
3550 1809
3549 1809
3548 1808
3547 1808
3546 1808
3545 1807
3544 1807
3543 1807
3542 1807
3541 1807
3540 1807
3539 1806
3538 1806
3537 1806
3536 1806
3535 1806
3534 1806
3533 1806
3532 1806
3531 1806
3530 1806
3529 1806
3528 1806
3527 1806
3526 1806
3525 1806
3524 1806
3523 1806
3522 1806
3521 1806
3520 1806
3519 1807
3518 1806
3517 1806
3516 1806
3515 1806
3514 1805
3513 1805
3512 1805
3511 1805
3510 1804
3509 1804
3508 1804
3507 1804
3506 1803
3505 1803
3504 1803
3503 1803
3502 1803
3501 1803
3500 1803
3499 1803
3498 1803
3497 1803
3496 1803
3495 1803
3494 1803
3493 1803
3492 1803
3491 1803
3490 1803
3489 1803
3488 1803
3487 1803
3486 1803
3485 1803
3484 1803
3483 1803
3482 1803
3481 1803
3480 1803
3479 1803
3478 1803
3477 1803
3476 1803
3475 1803
3474 1803
3473 1803
3472 1803
3471 1803
3470 1803
3469 1803
3468 1803
3467 1803
