1000 1487
999 1488
998 1488
997 1488
996 1489
995 1489
994 1489
993 1490
992 1490
991 1491
990 1491
989 1492
988 1492
987 1492
986 1493
985 1493
984 1493
983 1494
982 1494
981 1494
980 1494
979 1494
978 1495
977 1495
976 1495
975 1495
974 1495
973 1496
972 1496
971 1497
970 1498
969 1499
968 1499
967 1500
966 1500
965 1501
964 1501
963 1501
962 1502
961 1503
960 1504
959 1505
958 1506
957 1507
956 1507
955 1508
954 1508
953 1509
952 1509
951 1509
950 1510
949 1510
948 1510
947 1511
946 1511
945 1511
944 1512
943 1512
942 1513
941 1513
940 1514
939 1515
938 1516
937 1516
936 1517
935 1517
934 1517
933 1518
932 1518
931 1518
930 1518
929 1519
928 1519
927 1519
926 1519
925 1519
924 1519
923 1520
922 1520
921 1520
920 1520
919 1520
918 1520
917 1520
916 1521
915 1521
914 1521
913 1521
912 1521
911 1522
910 1522
909 1523
908 1523
907 1524
906 1524
905 1525
904 1525
903 1526
902 1526
901 1527
900 1527
899 1527
898 1527
897 1528
896 1528
895 1528
894 1528
893 1528
892 1528
891 1529
890 1529
889 1529
888 1529
887 1529
886 1529
885 1530
884 1530
883 1530
882 1530
881 1530
880 1530
879 1530
878 1530
877 1530
876 1531
875 1531
874 1531
873 1531
872 1531
871 1531
870 1531
869 1532
868 1532
867 1533
866 1533
865 1534
864 1534
863 1535
862 1535
861 1536
860 1536
859 1536
858 1536
857 1537
856 1537
855 1537
854 1537
853 1538
852 1538
851 1538
850 1538
849 1539
848 1539
847 1539
846 1539
845 1539
844 1539
843 1540
842 1541
841 1541
840 1542
839 1542
838 1543
837 1543
836 1544
835 1545
834 1545
833 1545
832 1546
831 1546
830 1546
829 1546
828 1547
827 1547
826 1547
825 1547
824 1547
823 1547
822 1548
821 1549
820 1549
819 1550
818 1550
817 1551
816 1551
815 1552
814 1552
813 1553
812 1553
811 1554
810 1554
809 1554
808 1554
807 1555
806 1555
805 1555
804 1556
803 1556
802 1557
801 1557
800 1558
799 1558
798 1559
797 1559
796 1560
795 1560
794 1561
793 1561
792 1561
791 1562
790 1562
789 1562
788 1563
787 1563
786 1563
785 1563
784 1563
783 1563
782 1564
781 1564
780 1564
779 1564
778 1564
777 1564
776 1564
775 1565
774 1565
773 1565
772 1565
771 1565
770 1565
769 1565
768 1565
767 1565
766 1565
765 1566
764 1566
763 1566
762 1566
761 1566
760 1566
759 1566
758 1566
757 1566
756 1566
755 1566
754 1566
753 1566
752 1566
751 1566
750 1566
749 1566
748 1566
747 1567
746 1567
745 1567
744 1567
743 1568
743 1569
743 1570
743 1571
743 1572
742 1573
742 1574
741 1575
740 1576
739 1577
739 1578
738 1579
738 1580
737 1581
737 1582
736 1583
736 1584
735 1585
735 1586
734 1587
733 1588
733 1589
732 1590
731 1591
731 1592
730 1593
729 1594
728 1595
727 1596
727 1597
726 1598
725 1599
725 1600
724 1601
724 1602
723 1603
723 1604
722 1605
722 1606
722 1607
721 1608
721 1609
720 1610
719 1611
718 1611
717 1612
716 1612
715 1613
714 1614
713 1614
712 1615
711 1616
711 1617
710 1618
709 1619
709 1620
708 1621
708 1622
707 1623
706 1624
705 1625
704 1626
703 1626
702 1627
702 1628
701 1629
700 1630
700 1631
699 1632
699 1633
698 1634
698 1635
697 1636
696 1637
696 1638
695 1639
694 1640
693 1641
692 1642
692 1643
691 1644
690 1645
690 1646
690 1647
690 1648
689 1649
688 1650
687 1651
687 1652
686 1653
685 1654
685 1655
684 1656
683 1657
683 1658
682 1659
681 1660
681 1661
680 1662
679 1663
678 1664
677 1665
677 1666
676 1667
675 1668
674 1669
673 1670
672 1671
672 1672
671 1673
670 1674
669 1675
668 1676
668 1677
667 1678
667 1679
667 1680
667 1681
666 1682
666 1683
666 1684
666 1685
665 1686
664 1687
663 1688
662 1689
662 1690
661 1691
660 1692
660 1693
660 1694
659 1695
659 1696
659 1697
659 1698
659 1699
658 1700
658 1701
658 1702
658 1703
658 1704
658 1705
658 1706
658 1707
658 1708
658 1709
658 1710
658 1711
658 1712
658 1713
658 1714
658 1715
658 1716
658 1717
657 1718
657 1719
657 1720
656 1721
656 1722
655 1723
655 1724
655 1725
654 1726
654 1727
654 1728
653 1729
653 1730
653 1731
653 1732
653 1733
653 1734
653 1735
652 1736
652 1737
652 1738
652 1739
652 1740
652 1741
652 1742
652 1743
652 1744
651 1745
651 1746
651 1747
651 1748
651 1749
651 1750
651 1751
651 1752
651 1753
651 1754
651 1755
651 1756
651 1757
651 1758
651 1759
651 1760
651 1761
651 1762
651 1763
651 1764
651 1765
651 1766
651 1767
651 1768
651 1769
651 1770
651 1771
651 1772
651 1773
651 1774
651 1775
651 1776
651 1777
651 1778
651 1779
651 1780
651 1781
651 1782
652 1783
652 1784
652 1785
652 1786
652 1787
652 1788
652 1789
652 1790
652 1791
652 1792
652 1793
652 1794
652 1795
652 1796
652 1797
652 1798
652 1799
652 1800
652 1801
652 1802
652 1803
652 1804
652 1805
652 1806
652 1807
652 1808
652 1809
652 1810
652 1811
652 1812
652 1813
652 1814
652 1815
652 1816
652 1817
653 1818
653 1819
653 1820
653 1821
653 1822
653 1823
653 1824
653 1825
653 1826
653 1827
653 1828
653 1829
653 1830
653 1831
653 1832
653 1833
653 1834
653 1835
653 1836
653 1837
653 1838
653 1839
653 1840
653 1841
653 1842
653 1843
653 1844
653 1845
653 1846
653 1847
653 1848
653 1849
653 1850
653 1851
653 1852
653 1853
653 1854
652 1855
652 1856
652 1857
652 1858
651 1859
651 1860
651 1861
651 1862
650 1863
650 1864
650 1865
650 1866
649 1867
649 1868
649 1869
649 1870
649 1871
648 1872
648 1873
648 1874
648 1875
648 1876
648 1877
648 1878
648 1879
648 1880
647 1881
647 1882
647 1883
647 1884
647 1885
647 1886
647 1887
647 1888
647 1889
647 1890
647 1891
647 1892
647 1893
647 1894
647 1895
647 1896
647 1897
647 1898
647 1899
647 1900
647 1901
647 1902
647 1903
647 1904
647 1905
647 1906
647 1907
647 1908
647 1909
647 1910
647 1911
647 1912
647 1913
647 1914
647 1915
647 1916
647 1917
647 1918
647 1919
648 1920
648 1921
648 1922
648 1923
648 1924
648 1925
648 1926
648 1927
648 1928
648 1929
648 1930
648 1931
648 1932
648 1933
648 1934
648 1935
648 1936
648 1937
648 1938
648 1939
648 1940
648 1941
648 1942
648 1943
647 1944
647 1945
647 1946
646 1947
646 1948
646 1949
645 1950
645 1951
645 1952
644 1953
644 1954
644 1955
644 1956
644 1957
643 1958
643 1959
643 1960
643 1961
643 1962
643 1963
643 1964
643 1965
642 1966
642 1967
642 1968
642 1969
642 1970
642 1971
642 1972
642 1973
642 1974
642 1975
642 1976
642 1977
642 1978
642 1979
642 1980
642 1981
642 1982
642 1983
642 1984
642 1985
642 1986
642 1987
642 1988
642 1989
642 1990
642 1991
642 1992
642 1993
642 1994
642 1995
642 1996
642 1997
642 1998
642 1999
642 2000
642 2001
642 2002
642 2003
642 2004
642 2005
642 2006
642 2007
642 2008
642 2009
642 2010
642 2011
642 2012
642 2013
642 2014
642 2015
642 2016
642 2017
642 2018
642 2019
642 2020
642 2021
642 2022
643 2023
643 2024
643 2025
643 2026
643 2027
643 2028
643 2029
643 2030
643 2031
643 2032
643 2033
643 2034
643 2035
643 2036
643 2037
643 2038
643 2039
643 2040
643 2041
643 2042
643 2043
643 2044
643 2045
643 2046
643 2047
643 2048
644 2049
644 2050
644 2051
644 2052
645 2053
645 2054
646 2055
646 2056
647 2057
647 2058
648 2059
648 2060
649 2061
649 2062
650 2063
650 2064
651 2065
651 2066
652 2067
652 2068
653 2069
654 2070
654 2071
655 2072
655 2073
656 2074
656 2075
657 2076
657 2077
658 2078
659 2079
660 2080
661 2081
661 2082
662 2083
663 2084
663 2085
664 2086
664 2087
665 2088
665 2089
666 2090
667 2091
668 2092
669 2092
670 2093
671 2094
671 2095
672 2096
672 2097
672 2098
673 2099
673 2100
673 2101
674 2102
674 2103
674 2104
675 2105
675 2106
676 2107
677 2107
678 2108
679 2109
680 2110
681 2111
682 2112
683 2113
683 2114
684 2115
685 2116
686 2117
686 2118
687 2119
688 2120
689 2121
690 2122
691 2123
692 2124
692 2125
693 2126
694 2127
695 2128
696 2129
697 2130
698 2131
699 2132
700 2132
701 2133
702 2134
703 2135
704 2136
705 2137
706 2137
707 2138
708 2138
709 2139
710 2139
711 2140
712 2140
713 2141
714 2141
715 2142
716 2143
717 2144
718 2145
719 2145
720 2146
721 2147
722 2148
723 2149
724 2150
725 2150
726 2151
727 2152
728 2153
729 2153
730 2154
731 2154
732 2155
733 2156
734 2157
735 2157
736 2158
737 2159
738 2159
739 2160
740 2160
741 2160
742 2161
743 2161
744 2162
745 2162
746 2163
747 2163
748 2164
749 2165
750 2165
751 2166
752 2166
753 2167
754 2168
755 2168
756 2168
757 2169
758 2169
759 2169
760 2170
761 2170
762 2171
763 2171
764 2172
765 2172
766 2173
767 2174
768 2175
768 2176
769 2177
770 2178
771 2179
772 2180
773 2181
774 2182
775 2183
776 2184
777 2184
778 2185
779 2186
780 2187
781 2188
782 2189
783 2190
784 2190
785 2191
786 2192
787 2193
788 2194
789 2195
790 2196
791 2197
792 2198
793 2198
794 2199
795 2200
796 2201
797 2202
798 2203
799 2204
799 2205
800 2206
801 2207
801 2208
802 2209
802 2210
803 2211
804 2212
805 2213
806 2214
806 2215
807 2216
808 2217
809 2218
810 2219
811 2220
811 2221
812 2222
813 2223
813 2224
814 2225
815 2226
816 2227
816 2228
817 2229
818 2230
818 2231
819 2232
819 2233
820 2234
820 2235
821 2236
821 2237
822 2238
823 2239
824 2240
824 2241
825 2242
826 2243
826 2244
827 2245
828 2246
828 2247
829 2248
830 2249
830 2250
831 2251
832 2252
833 2253
834 2254
835 2255
836 2256
837 2257
838 2258
839 2259
839 2260
840 2261
841 2262
842 2263
843 2264
843 2265
844 2266
844 2267
845 2268
845 2269
845 2270
845 2271
846 2272
846 2273
846 2274
846 2275
847 2276
847 2277
847 2278
847 2279
847 2280
848 2281
848 2282
848 2283
849 2284
849 2285
850 2286
850 2287
851 2288
851 2289
852 2290
852 2291
853 2292
853 2293
854 2294
854 2295
855 2296
855 2297
856 2298
856 2299
857 2300
858 2301
858 2302
859 2303
859 2304
860 2305
860 2306
861 2307
861 2308
862 2309
862 2310
863 2311
863 2312
864 2313
864 2314
865 2315
866 2316
866 2317
867 2318
868 2319
868 2320
869 2321
870 2322
870 2323
871 2324
872 2325
873 2326
874 2327
875 2328
876 2329
877 2330
877 2331
878 2332
878 2333
879 2334
879 2335
880 2336
880 2337
881 2338
881 2339
882 2340
882 2341
883 2342
884 2343
884 2344
885 2345
886 2346
886 2347
887 2348
887 2349
888 2350
888 2351
889 2352
889 2353
890 2354
891 2355
892 2356
893 2357
894 2358
894 2359
895 2360
896 2361
896 2362
897 2363
898 2364
898 2365
899 2366
900 2367
901 2368
901 2369
902 2370
902 2371
903 2372
903 2373
904 2374
904 2375
905 2376
905 2377
906 2378
906 2379
906 2380
906 2381
907 2382
907 2383
907 2384
907 2385
907 2386
908 2387
908 2388
908 2389
908 2390
908 2391
908 2392
908 2393
909 2394
909 2395
909 2396
909 2397
909 2398
909 2399
909 2400
909 2401
909 2402
909 2403
909 2404
909 2405
910 2406
910 2407
910 2408
910 2409
910 2410
910 2411
910 2412
910 2413
910 2414
910 2415
910 2416
910 2417
910 2418
910 2419
910 2420
910 2421
911 2422
911 2423
912 2424
912 2425
913 2426
914 2427
915 2428
915 2429
916 2430
916 2431
916 2432
916 2433
917 2434
917 2435
917 2436
917 2437
917 2438
918 2439
918 2440
919 2441
920 2442
921 2443
921 2444
922 2445
922 2446
923 2447
923 2448
924 2449
925 2450
926 2451
927 2452
928 2453
929 2454
930 2455
930 2456
931 2457
932 2457
933 2458
934 2459
935 2459
936 2460
937 2461
938 2462
938 2463
939 2464
940 2464
941 2465
942 2465
943 2466
944 2467
945 2467
946 2468
947 2468
948 2469
949 2469
950 2470
951 2471
952 2472
953 2473
954 2474
955 2475
956 2476
957 2477
958 2478
959 2479
960 2480
961 2481
962 2482
963 2482
964 2483
965 2483
966 2484
967 2484
968 2485
969 2485
970 2486
971 2487
972 2487
973 2488
974 2488
975 2489
976 2490
977 2490
978 2491
979 2492
980 2492
981 2493
982 2494
983 2495
984 2496
985 2496
986 2497
987 2498
988 2498
989 2499
990 2499
991 2499
992 2500
993 2501
994 2502
995 2502
996 2503
997 2504
998 2505
999 2506
1000 2507
1001 2508
1002 2508
1003 2509
1004 2510
1005 2511
1006 2511
1007 2512
1008 2512
1009 2513
1010 2513
1011 2514
1012 2514
1013 2514
1014 2515
1015 2515
1016 2516
1017 2516
1018 2517
1019 2517
1020 2518
1021 2518
1022 2519
1023 2519
1024 2520
1025 2520
1026 2521
1027 2521
1028 2521
1029 2521
1030 2522
1031 2522
1032 2522
1033 2522
1034 2523
1035 2523
1036 2524
1037 2524
1038 2525
1039 2525
1040 2526
1041 2526
1042 2527
1043 2527
1044 2527
1045 2528
1046 2528
1047 2529
1048 2529
1049 2530
1050 2531
1051 2531
1052 2532
1053 2533
1054 2533
1055 2534
1056 2535
1057 2536
1058 2536
1059 2537
1060 2538
1061 2539
1062 2540
1063 2540
1064 2541
1065 2542
1066 2543
1067 2544
1068 2544
1069 2545
1070 2545
1071 2546
1072 2547
1073 2547
1074 2548
1075 2548
1076 2549
1077 2550
1078 2550
1079 2551
1080 2551
1081 2552
1082 2553
1083 2553
1084 2554
1085 2555
1086 2555
1087 2556
1088 2556
1089 2557
1090 2557
1091 2558
1092 2558
1093 2558
1094 2559
1095 2559
1096 2559
1097 2559
1098 2560
1099 2560
1100 2560
1101 2560
1102 2560
1103 2561
1104 2561
1105 2561
1106 2561
1107 2561
1108 2561
1109 2561
1110 2561
1111 2561
1112 2561
1113 2561
1114 2561
1115 2561
1116 2561
1117 2562
1118 2562
1119 2562
1120 2563
1121 2563
1122 2563
1123 2563
1124 2564
1125 2564
1126 2564
1127 2564
1128 2565
1129 2565
1130 2565
1131 2565
1132 2566
1133 2566
1134 2566
1135 2566
1136 2566
1137 2567
1138 2567
1139 2567
1140 2567
1141 2567
1142 2567
1143 2568
1144 2568
1145 2568
1146 2568
1147 2568
1148 2568
1149 2568
1150 2568
1151 2568
1152 2568
1153 2568
1154 2568
1155 2568
1156 2568
1157 2568
1158 2568
1159 2568
1160 2568
1161 2568
1162 2568
1163 2568
1164 2568
1165 2569
1166 2569
1167 2569
1168 2569
1169 2569
1170 2569
1171 2569
1172 2569
1173 2569
1174 2569
1175 2569
1176 2570
1177 2570
1178 2570
1179 2571
1180 2571
1181 2571
1182 2572
1183 2572
1184 2572
1185 2573
1186 2573
1187 2573
1188 2574
1189 2574
1190 2574
1191 2574
1192 2574
1193 2575
1194 2575
1195 2575
1196 2575
1197 2575
1198 2575
1199 2575
1200 2575
1201 2575
1202 2575
1203 2575
1204 2575
1205 2575
1206 2575
1207 2576
1208 2576
1209 2576
1210 2576
1211 2576
1212 2576
1213 2576
1214 2576
1215 2575
1216 2575
1217 2575
1218 2575
1219 2575
1220 2575
1221 2575
1222 2575
1223 2575
1224 2575
1225 2575
1226 2575
1227 2575
1228 2575
1229 2576
1230 2576
1231 2576
1232 2577
1233 2577
1234 2577
1235 2578
1236 2578
1237 2579
1238 2579
1239 2579
1240 2579
1241 2580
1242 2580
1243 2580
1244 2580
1245 2580
1246 2581
1247 2581
1248 2581
1249 2581
1250 2582
1251 2582
1252 2583
1253 2583
1254 2584
1255 2584
1256 2585
1257 2585
1258 2586
1259 2586
1260 2586
1261 2587
1262 2587
1263 2587
1264 2587
1265 2588
1266 2588
1267 2588
1268 2588
1269 2588
1270 2589
1271 2589
1272 2589
1273 2589
1274 2589
1275 2589
1276 2589
1277 2589
1278 2589
1279 2589
1280 2589
1281 2589
1282 2589
1283 2589
1284 2589
1285 2589
1286 2589
1287 2589
1288 2589
1289 2589
1290 2589
1291 2589
1292 2589
1293 2589
1294 2589
1295 2589
1296 2589
1297 2589
1298 2589
1299 2589
1300 2589
1301 2589
1302 2589
1303 2589
1304 2590
1305 2590
1306 2590
1307 2591
1308 2591
1309 2591
1310 2592
1311 2592
1312 2593
1313 2593
1314 2593
1315 2593
1316 2594
1317 2594
1318 2594
1319 2594
1320 2594
1321 2594
1322 2594
1323 2594
1324 2595
1325 2595
1326 2595
1327 2595
1328 2595
1329 2595
1330 2595
1331 2595
1332 2595
1333 2595
1334 2595
1335 2595
1336 2595
1337 2595
1338 2595
1339 2595
1340 2595
1341 2595
1342 2596
1343 2596
1344 2596
1345 2596
1346 2596
1347 2596
1348 2596
1349 2596
1350 2596
1351 2596
1352 2596
1353 2595
1354 2595
1355 2595
1356 2595
1357 2595
1358 2595
1359 2595
1360 2595
1361 2595
1362 2595
1363 2595
1364 2595
1365 2595
1366 2595
1367 2595
1368 2595
1369 2595
1370 2595
1371 2595
1372 2595
1373 2595
1374 2595
1375 2595
1376 2596
1377 2596
1378 2596
1379 2597
1380 2597
1381 2598
1382 2598
1383 2598
1384 2599
1385 2599
1386 2599
1387 2600
1388 2600
1389 2600
1390 2600
1391 2600
1392 2601
1393 2601
1394 2601
1395 2601
1396 2601
1397 2601
1398 2601
1399 2601
1400 2601
1401 2601
1402 2601
1403 2601
1404 2602
1405 2602
1406 2602
1407 2602
1408 2602
1409 2602
1410 2602
1411 2602
1412 2603
1413 2603
1414 2604
1415 2604
1416 2604
1417 2605
1418 2605
1419 2606
1420 2606
1421 2606
1422 2607
1423 2607
1424 2607
1425 2607
1426 2607
1427 2607
1428 2607
1429 2608
1430 2608
1431 2609
1432 2609
1433 2609
1434 2610
1435 2610
1436 2611
1437 2611
1438 2611
1439 2612
1440 2612
1441 2613
1442 2613
1443 2613
1444 2614
1445 2614
1446 2614
1447 2614
1448 2615
1449 2615
1450 2615
1451 2615
1452 2615
1453 2615
1454 2615
1455 2615
1456 2615
1457 2616
1458 2616
1459 2616
1460 2616
1461 2616
1462 2616
1463 2616
1464 2616
1465 2616
1466 2616
1467 2616
1468 2616
1469 2616
1470 2616
1471 2616
1472 2616
1473 2616
1474 2616
1475 2616
1476 2616
1477 2616
1478 2616
1479 2616
1480 2616
1481 2616
1482 2616
1483 2616
1484 2616
1485 2616
1486 2616
1487 2616
1488 2616
1489 2616
1490 2616
1491 2616
1492 2616
1493 2615
1494 2615
1495 2615
1496 2615
1497 2615
1498 2615
1499 2615
1500 2615
1501 2615
1502 2615
1503 2615
1504 2615
1505 2615
1506 2615
1507 2615
1508 2615
1509 2615
1510 2615
1511 2615
1512 2615
1513 2615
1514 2615
1515 2615
1516 2615
1517 2615
1518 2615
1519 2615
1520 2615
1521 2615
1522 2615
1523 2615
1524 2615
1525 2615
1526 2615
1527 2615
1528 2615
1529 2615
1530 2615
1531 2615
1532 2614
1533 2614
1534 2614
1535 2614
1536 2614
1537 2614
1538 2614
1539 2614
1540 2614
1541 2614
1542 2614
1543 2614
1544 2614
1545 2614
1546 2614
1547 2614
1548 2614
1549 2614
1550 2614
1551 2614
1552 2614
1553 2614
1554 2614
1555 2614
1556 2614
1557 2614
1558 2614
1559 2614
1560 2614
1561 2614
1562 2615
1563 2615
1564 2615
1565 2615
1566 2616
1567 2616
1568 2616
1569 2616
1570 2617
1571 2617
1572 2617
1573 2618
1574 2618
1575 2618
1576 2618
1577 2618
1578 2619
1579 2619
1580 2619
1581 2619
1582 2619
1583 2619
1584 2620
1585 2620
1586 2620
1587 2620
1588 2620
1589 2620
1590 2620
1591 2620
1592 2620
1593 2620
1594 2620
1595 2620
1596 2620
1597 2620
1598 2620
1599 2620
1600 2620
1601 2620
1602 2620
1603 2620
1604 2620
1605 2620
1606 2620
1607 2620
1608 2620
1609 2620
1610 2620
1611 2620
1612 2620
1613 2620
1614 2620
1615 2620
1616 2620
1617 2620
1618 2620
1619 2620
1620 2620
1621 2620
1622 2620
1623 2620
1624 2620
1625 2620
1626 2620
1627 2620
1628 2620
1629 2620
1630 2620
1631 2620
1632 2620
1633 2619
1634 2619
1635 2619
1636 2619
1637 2619
1638 2619
1639 2619
1640 2620
1641 2620
1642 2620
1643 2621
1644 2621
1645 2621
1646 2622
1647 2622
1648 2622
1649 2623
1650 2623
1651 2623
1652 2624
1653 2624
1654 2624
1655 2625
1656 2625
1657 2625
1658 2625
1659 2625
1660 2625
1661 2625
1662 2625
1663 2626
1664 2626
1665 2626
1666 2626
1667 2626
1668 2626
1669 2626
1670 2626
1671 2626
1672 2626
1673 2626
1674 2626
1675 2627
1676 2627
1677 2627
1678 2628
1679 2628
1680 2629
1681 2629
1682 2629
1683 2630
1684 2630
1685 2631
1686 2631
1687 2632
1688 2632
1689 2633
1690 2633
1691 2634
1692 2634
1693 2634
1694 2635
1695 2635
1696 2635
1697 2636
1698 2636
1699 2636
1700 2637
1701 2637
1702 2637
1703 2637
1704 2638
1705 2638
1706 2639
1707 2639
1708 2640
1709 2641
1710 2641
1711 2642
1712 2642
1713 2643
1714 2643
1715 2644
1716 2644
1717 2645
1718 2645
1719 2645
1720 2645
1721 2646
1722 2646
1723 2646
1724 2647
1725 2647
1726 2648
1727 2648
1728 2649
1729 2649
1730 2650
1731 2650
1732 2651
1733 2651
1734 2652
1735 2652
1736 2652
1737 2653
1738 2653
1739 2653
1740 2653
1741 2654
1742 2654
1743 2655
1744 2656
1745 2656
1746 2657
1747 2658
1748 2659
1749 2660
1750 2661
1751 2662
1752 2663
1753 2664
1754 2664
1755 2665
1756 2666
1757 2666
1758 2667
1759 2668
1760 2669
1761 2670
1762 2671
1763 2672
1764 2673
1765 2673
1766 2674
1767 2674
1768 2674
1769 2675
1770 2675
1771 2675
1772 2676
1773 2676
1774 2676
1775 2676
1776 2677
1777 2677
1778 2677
1779 2677
1780 2677
1781 2677
1782 2678
1783 2678
1784 2679
1785 2679
1786 2680
1787 2681
1788 2681
1789 2682
1790 2682
1791 2682
1792 2683
1793 2683
1794 2684
1795 2684
1796 2685
1797 2685
1798 2686
1799 2686
1800 2687
1801 2687
1802 2688
1803 2688
1804 2689
1805 2689
1806 2690
1807 2691
1808 2692
1809 2692
1810 2693
1811 2694
1812 2694
1813 2695
1814 2695
1815 2696
1816 2696
1817 2697
1818 2698
1819 2698
1820 2699
1821 2700
1822 2700
1823 2701
1824 2702
1825 2703
1826 2703
1827 2704
1828 2704
1829 2705
1830 2705
1831 2705
1832 2706
1833 2706
1834 2706
1835 2706
1836 2707
1837 2707
1838 2707
1839 2707
1840 2707
1841 2707
1842 2707
1843 2708
1844 2708
1845 2708
1846 2708
1847 2708
1848 2708
1849 2708
1850 2708
1851 2708
1852 2708
1853 2708
1854 2708
1855 2708
1856 2709
1857 2709
1858 2709
1859 2710
1860 2710
1861 2711
1862 2711
1863 2712
1864 2712
1865 2713
1866 2713
1867 2713
1868 2713
1869 2714
1870 2714
1871 2714
1872 2714
1873 2714
1874 2714
1875 2714
1876 2715
1877 2715
1878 2715
1879 2715
1880 2715
1881 2715
1882 2716
1883 2716
1884 2716
1885 2717
1886 2718
1887 2718
1888 2719
1889 2720
1890 2721
1891 2721
1892 2722
1893 2723
1894 2724
1895 2725
1896 2725
1897 2726
1898 2726
1899 2727
1900 2727
1901 2727
1902 2727
1903 2728
1904 2728
1905 2728
1906 2728
1907 2728
1908 2728
1909 2729
1910 2729
1911 2729
1912 2729
1913 2729
1914 2729
1915 2729
1916 2729
1917 2730
1918 2730
1919 2730
1920 2730
1921 2730
1922 2730
1923 2730
1924 2730
1925 2731
1926 2731
1927 2731
1928 2732
1929 2732
1930 2732
1931 2733
1932 2733
1933 2733
1934 2734
1935 2734
1936 2734
1937 2735
1938 2735
1939 2735
1940 2735
1941 2735
1942 2736
1943 2736
1944 2736
1945 2736
1946 2736
1947 2736
1948 2736
1949 2736
1950 2737
1951 2737
1952 2737
1953 2737
1954 2737
1955 2737
1956 2737
1957 2738
1958 2739
1959 2739
1960 2740
1961 2740
1962 2741
1963 2741
1964 2742
1965 2742
1966 2742
1967 2742
1968 2743
1969 2743
1970 2743
1971 2743
1972 2743
1973 2744
1974 2744
1975 2744
1976 2744
1977 2744
1978 2744
1979 2744
1980 2744
1981 2744
1982 2744
1983 2745
1984 2745
1985 2746
1986 2746
1987 2747
1988 2748
1989 2748
1990 2748
1991 2749
1992 2750
1993 2751
1994 2752
1995 2753
1995 2754
1996 2755
1997 2756
1998 2757
1999 2757
2000 2758
2001 2758
2002 2758
2003 2759
2004 2759
2005 2759
2006 2759
2007 2759
2008 2760
2009 2761
2010 2762
2011 2762
2012 2763
2013 2763
2014 2764
2015 2764
2016 2765
2017 2765
2018 2765
2019 2766
2020 2766
2021 2766
2022 2766
2023 2766
2024 2766
2025 2767
2026 2767
2027 2767
2028 2767
2029 2767
2030 2767
2031 2767
2032 2767
2033 2767
2034 2767
2035 2767
2036 2767
2037 2767
2038 2767
2039 2767
2040 2767
2041 2768
2042 2769
2043 2770
2044 2770
2045 2771
2046 2771
2047 2771
2048 2772
2049 2772
2050 2772
2051 2773
2052 2773
2053 2773
2054 2773
2055 2773
2056 2773
2057 2774
2058 2774
2059 2774
2060 2774
2061 2774
2062 2774
2063 2774
2064 2774
2065 2774
2066 2774
2067 2774
2068 2774
2069 2774
2070 2774
2071 2774
2072 2774
2073 2774
2074 2774
2075 2774
2076 2774
2077 2774
2078 2774
2079 2774
2080 2774
2081 2774
2082 2774
2083 2774
2084 2774
2085 2774
2086 2774
2087 2774
2088 2774
2089 2774
2090 2774
2091 2774
2092 2774
2093 2774
2094 2774
2095 2774
2096 2774
2097 2774
2098 2774
2099 2774
2100 2775
2101 2775
2102 2775
2103 2775
2104 2776
2105 2776
2106 2776
2107 2777
2108 2777
2109 2777
2110 2778
2111 2778
2112 2778
2113 2778
2114 2779
2115 2779
2116 2779
2117 2779
2118 2779
2119 2779
2120 2779
2121 2779
2122 2779
2123 2780
2124 2780
2125 2780
2126 2780
2127 2780
2128 2780
2129 2780
2130 2781
2131 2781
2132 2782
2133 2782
2134 2783
2135 2783
2136 2784
2137 2784
2138 2784
2139 2785
2140 2785
2141 2785
2142 2786
2143 2786
2144 2786
2145 2786
2146 2786
2147 2786
2148 2787
2149 2787
2150 2787
2151 2787
2152 2788
2153 2788
2154 2788
2155 2789
2156 2789
2157 2789
2158 2789
2159 2790
2160 2790
2161 2790
2162 2791
2163 2791
2164 2791
2165 2792
2166 2792
2167 2792
2168 2793
2169 2793
2170 2793
2171 2794
2172 2795
2173 2796
2173 2797
2174 2798
2175 2799
2175 2800
2176 2801
2177 2802
2177 2803
2178 2803
2179 2803
2180 2803
2181 2803
2182 2803
2183 2803
2184 2803
2185 2803
2186 2803
2187 2803
2188 2803
2189 2803
2190 2803
2191 2803
2192 2803
2193 2803
2194 2803
2195 2803
2196 2803
2197 2803
2198 2803
2199 2803
2200 2803
2201 2803
2202 2803
2203 2803
2204 2803
2205 2803
2206 2803
2207 2803
2208 2803
2209 2803
2210 2803
2211 2804
2212 2804
2213 2804
2214 2804
2215 2804
2216 2805
2217 2805
2218 2805
2219 2805
2220 2806
2221 2806
2222 2806
2223 2807
2224 2807
2225 2807
2226 2807
2227 2807
2228 2808
2229 2808
2230 2808
2231 2808
2232 2809
2233 2809
2234 2810
2235 2811
2236 2811
2237 2812
2238 2812
2239 2813
2240 2813
2241 2813
2242 2814
2243 2814
2244 2814
2245 2815
2246 2815
2247 2815
2248 2815
2249 2815
2250 2815
2251 2815
2252 2815
2253 2815
2254 2816
2255 2816
2256 2816
2257 2816
2258 2816
2259 2816
2260 2816
2261 2816
2262 2816
2263 2816
2264 2816
2265 2816
2266 2816
2267 2816
2268 2816
2269 2816
2270 2816
2271 2816
2272 2816
2273 2816
2274 2816
2275 2817
2276 2817
2277 2817
2278 2817
2279 2818
2280 2818
2281 2818
2282 2818
2283 2819
2284 2819
2285 2819
2286 2819
2287 2820
2288 2820
2289 2820
2290 2820
2291 2821
2292 2821
2293 2821
2294 2821
2295 2821
2296 2821
2297 2822
2298 2822
2299 2822
2300 2822
2301 2822
2302 2822
2303 2822
2304 2822
2305 2822
2306 2822
2307 2822
2308 2823
2309 2823
2310 2823
2311 2823
2312 2823
2313 2823
2314 2823
2315 2823
2316 2823
2317 2823
2318 2823
2319 2823
2320 2823
2321 2823
2322 2823
2323 2823
2324 2823
2325 2823
2326 2823
2327 2824
2328 2824
2329 2824
2330 2824
2331 2825
2332 2825
2333 2825
2334 2826
2335 2826
2336 2827
2337 2827
2338 2827
2339 2827
2340 2828
2341 2828
2342 2829
2343 2829
2344 2830
2345 2830
2346 2831
2347 2831
2348 2832
2349 2833
2350 2833
2351 2833
2352 2834
2353 2834
2354 2834
2355 2835
2356 2835
2357 2835
2358 2835
2359 2835
2360 2836
2361 2836
2362 2836
2363 2836
2364 2836
2365 2837
2366 2837
2367 2838
2368 2838
2369 2838
2370 2839
2371 2839
2372 2840
2373 2840
2374 2841
2375 2841
2376 2841
2377 2842
2378 2842
2379 2842
2380 2842
2381 2843
2382 2843
2383 2843
2384 2843
2385 2843
2386 2843
2387 2843
2388 2843
2389 2843
2390 2844
2391 2844
2392 2844
2393 2844
2394 2844
2395 2844
2396 2844
2397 2844
2398 2844
2399 2844
2400 2844
2401 2844
2402 2844
2403 2844
2404 2844
2405 2844
2406 2844
2407 2844
2408 2844
2409 2844
2410 2844
2411 2844
2412 2844
2413 2844
2414 2844
2415 2844
2416 2844
2417 2844
2418 2844
2419 2844
2420 2844
2421 2844
2422 2844
2423 2844
2424 2844
2425 2844
2426 2844
2427 2844
2428 2844
2429 2844
2430 2844
2431 2844
2432 2844
2433 2844
2434 2844
2435 2844
2436 2844
2437 2844
2438 2844
2439 2844
2440 2844
2441 2844
2442 2844
2443 2844
2444 2844
2445 2844
2446 2844
2447 2844
2448 2844
2449 2844
2450 2844
2451 2844
2452 2844
2453 2844
2454 2844
2455 2843
2456 2843
2457 2843
2458 2843
2459 2843
2460 2843
2461 2843
2462 2843
2463 2843
2464 2843
2465 2843
2466 2843
2467 2843
2468 2843
2469 2843
2470 2843
2471 2843
2472 2843
2473 2843
2474 2843
2475 2843
2476 2843
2477 2843
2478 2843
2479 2843
2480 2843
2481 2843
2482 2843
2483 2843
2484 2843
2485 2843
2486 2843
2487 2843
2488 2843
2489 2843
2490 2842
2491 2842
2492 2842
2493 2842
2494 2842
2495 2842
2496 2842
2497 2842
2498 2842
2499 2842
2500 2842
2501 2842
2502 2842
2503 2842
2504 2842
2505 2842
2506 2842
2507 2842
2508 2842
2509 2842
2510 2842
2511 2842
2512 2842
2513 2842
2514 2842
2515 2842
2516 2842
2517 2842
2518 2842
2519 2842
2520 2842
2521 2842
2522 2842
2523 2842
2524 2841
2525 2841
2526 2841
2527 2841
2528 2841
2529 2841
2530 2841
2531 2841
2532 2841
2533 2841
2534 2841
2535 2841
2536 2841
2537 2841
2538 2841
2539 2841
2540 2841
2541 2841
2542 2841
2543 2841
2544 2841
2545 2841
2546 2841
2547 2841
2548 2841
2549 2841
2550 2841
2551 2841
2552 2841
2553 2841
2554 2841
2555 2841
2556 2841
2557 2841
2558 2841
2559 2840
2560 2840
2561 2840
2562 2840
2563 2840
2564 2840
2565 2840
2566 2840
2567 2840
2568 2840
2569 2840
2570 2840
2571 2840
2572 2840
2573 2840
2574 2840
2575 2840
2576 2840
2577 2840
2578 2840
2579 2840
2580 2840
2581 2840
2582 2840
2583 2840
2584 2840
2585 2840
2586 2840
2587 2840
2588 2840
2589 2840
2590 2840
2591 2840
2592 2840
2593 2839
2594 2839
2595 2839
2596 2839
2597 2839
2598 2839
2599 2839
2600 2839
2601 2839
2602 2839
2603 2839
2604 2839
2605 2839
2606 2839
2607 2839
2608 2839
2609 2839
2610 2839
2611 2839
2612 2839
2613 2839
2614 2839
2615 2839
2616 2839
2617 2839
2618 2839
2619 2839
2620 2839
2621 2839
2622 2839
2623 2839
2624 2839
2625 2839
2626 2839
2627 2839
2628 2838
2629 2838
2630 2838
2631 2838
2632 2838
2633 2838
2634 2838
2635 2838
2636 2838
2637 2838
2638 2838
2639 2838
2640 2839
2641 2839
2642 2840
2643 2840
2644 2841
2645 2841
2646 2842
2647 2842
2648 2842
2649 2842
2650 2843
2651 2843
2652 2843
2653 2843
2654 2843
2655 2844
2656 2844
2657 2844
2658 2844
2659 2844
2660 2844
2661 2844
2662 2844
2663 2844
2664 2844
2665 2844
2666 2844
2667 2844
2668 2844
2669 2844
2670 2844
2671 2844
2672 2844
2673 2844
2674 2844
2675 2844
2676 2845
2677 2845
2678 2845
2679 2845
2680 2846
2681 2846
2682 2846
2683 2847
2684 2847
2685 2847
2686 2848
2687 2848
2688 2848
2689 2849
2690 2849
2691 2849
2692 2850
2693 2850
2694 2850
2695 2850
2696 2850
2697 2850
2698 2851
2699 2851
2700 2851
2701 2851
2702 2851
2703 2851
2704 2851
2705 2851
2706 2851
2707 2851
2708 2851
2709 2851
2710 2851
2711 2851
2712 2851
2713 2851
2714 2851
2715 2851
2716 2852
2717 2852
2718 2852
2719 2853
2720 2853
2721 2853
2722 2854
2723 2855
2724 2855
2725 2856
2726 2856
2727 2856
2728 2856
2729 2857
2730 2857
2731 2857
2732 2857
2733 2857
2734 2858
2735 2858
2736 2858
2737 2858
2738 2858
2739 2859
2740 2859
2741 2859
2742 2860
2743 2860
2744 2861
2745 2861
2746 2861
2747 2862
2748 2862
2749 2862
2750 2863
2751 2863
2752 2863
2753 2863
2754 2864
2755 2864
2756 2864
2757 2864
2758 2864
2759 2864
2760 2865
2761 2865
2762 2865
2763 2865
2764 2865
2765 2865
2766 2865
2767 2865
2768 2865
2769 2865
2770 2865
2771 2866
2772 2866
2773 2866
2774 2867
2775 2867
2776 2868
2777 2868
2778 2869
2779 2869
2780 2869
2781 2870
2782 2870
2783 2870
2784 2871
2785 2871
2786 2871
2787 2872
2788 2872
2789 2873
2790 2873
2791 2874
2792 2874
2793 2875
2794 2875
2795 2875
2796 2876
2797 2876
2798 2876
2799 2877
2800 2877
2801 2877
2802 2878
2803 2878
2804 2878
2805 2878
2806 2878
2807 2878
2808 2879
2809 2879
2810 2879
2811 2879
2812 2879
2813 2879
2814 2879
2815 2879
2816 2880
2817 2880
2818 2881
2819 2881
2820 2882
2821 2883
2822 2884
2823 2885
2824 2885
2825 2886
2826 2887
2827 2888
2828 2889
2829 2890
2830 2891
2831 2891
2832 2892
2833 2892
2834 2892
2835 2893
2836 2893
2837 2894
2838 2895
2839 2896
2840 2896
2841 2897
2842 2898
2843 2898
2844 2898
2845 2899
2846 2899
2847 2899
2848 2900
2849 2900
2850 2900
2851 2901
2852 2902
2853 2903
2854 2903
2855 2904
2856 2904
2857 2905
2858 2905
2859 2906
2860 2906
2861 2906
2862 2907
2863 2907
2864 2907
2865 2908
2866 2908
2867 2908
2868 2908
2869 2908
2870 2909
2871 2909
2872 2909
2873 2909
2874 2909
2875 2909
2876 2909
2877 2910
2878 2910
2879 2910
2880 2910
2881 2910
2882 2911
2883 2911
2884 2911
2885 2912
2886 2912
2887 2913
2888 2913
2889 2913
2890 2914
2891 2914
2892 2915
2893 2915
2894 2915
2895 2915
2896 2916
2897 2916
2898 2917
2899 2917
2900 2917
2901 2918
2902 2918
2903 2919
2904 2919
2905 2920
2906 2920
2907 2921
2908 2921
2909 2921
2910 2922
2911 2922
2912 2922
2913 2922
2914 2922
2915 2923
2916 2923
2917 2923
2918 2923
2919 2923
2920 2923
2921 2924
2922 2924
2923 2924
2924 2924
2925 2924
2926 2924
2927 2924
2928 2924
2929 2924
2930 2925
2931 2925
2932 2925
2933 2925
2934 2925
2935 2925
2936 2925
2937 2926
2938 2926
2939 2926
2940 2927
2941 2927
2942 2928
2943 2928
2944 2928
2945 2929
2946 2929
2947 2929
2948 2929
2949 2930
2950 2930
2951 2930
2952 2930
2953 2930
2954 2930
2955 2931
2956 2931
2957 2931
2958 2931
2959 2931
2960 2931
2961 2931
2962 2931
2963 2931
2964 2931
2965 2932
2966 2932
2967 2932
2968 2932
2969 2932
2970 2932
2971 2932
2972 2932
2973 2933
2974 2933
2975 2933
2976 2934
2977 2934
2978 2934
2979 2935
2980 2935
2981 2935
2982 2935
2983 2936
2984 2936
2985 2936
2986 2936
2987 2937
2988 2937
2989 2937
2990 2937
2991 2937
2992 2938
2993 2938
2994 2938
2995 2938
2996 2938
2997 2938
2998 2938
2999 2938
3000 2938
3001 2938
3002 2939
3003 2939
3004 2939
3005 2939
3006 2940
3007 2940
3008 2940
3009 2941
3010 2941
3011 2941
3012 2941
3013 2942
3014 2942
3015 2942
3016 2943
3017 2943
3018 2943
3019 2943
3020 2943
3021 2944
3022 2944
3023 2944
3024 2945
3025 2945
3026 2946
3027 2946
3028 2947
3029 2947
3030 2948
3031 2948
3032 2949
3033 2949
3034 2949
3035 2950
3036 2950
3037 2950
3038 2951
3039 2951
3040 2951
3041 2951
3042 2951
3043 2952
3044 2952
3045 2952
3046 2952
3047 2952
3048 2952
3049 2952
3050 2952
3051 2953
3052 2953
3053 2953
3054 2953
3055 2953
3056 2953
3057 2953
3058 2954
3059 2954
3060 2954
3061 2955
3062 2955
3063 2955
3064 2955
3065 2956
3066 2956
3067 2956
3068 2957
3069 2957
3070 2957
3071 2957
3072 2957
3073 2958
3074 2958
3075 2958
3076 2958
3077 2958
3078 2958
3079 2958
3080 2958
3081 2958
3082 2959
3083 2959
3084 2959
3085 2959
3086 2959
3087 2959
3088 2959
3089 2959
3090 2959
3091 2959
3092 2959
3093 2959
3094 2959
3095 2959
3096 2959
3097 2959
3098 2960
3099 2960
3100 2960
3101 2960
3102 2960
3103 2960
3104 2960
3105 2960
3106 2960
3107 2960
3108 2960
3109 2960
3110 2960
3111 2960
3112 2960
3113 2960
3114 2960
3115 2960
3116 2960
3117 2960
3118 2960
3119 2960
3120 2960
3121 2960
3122 2960
3123 2959
3124 2960
3125 2960
3126 2959
3127 2959
3128 2959
3129 2959
3130 2959
3131 2959
3132 2959
3133 2959
3134 2959
3135 2959
3136 2959
3137 2959
3138 2959
3139 2959
3140 2959
3141 2959
3142 2959
3143 2959
3144 2959
3145 2959
3146 2959
3147 2959
3148 2959
3149 2959
3150 2959
3151 2959
3152 2959
3153 2959
3154 2959
3155 2959
3156 2959
3157 2959
3158 2959
3159 2959
3160 2959
3161 2959
3162 2959
3163 2959
3164 2959
3165 2959
3166 2959
3167 2959
3168 2959
3169 2959
3170 2959
3171 2959
3172 2959
3173 2959
3174 2958
3175 2958
3176 2958
3177 2958
3178 2958
3179 2958
3180 2958
3181 2958
3182 2958
3183 2958
3184 2958
3185 2958
3186 2958
3187 2958
3188 2958
3189 2958
3190 2958
3191 2958
3192 2958
3193 2958
3194 2958
3195 2958
3196 2958
3197 2958
3198 2958
3199 2958
3200 2958
3201 2958
3202 2958
3203 2958
3204 2958
3205 2958
3206 2958
3207 2958
3208 2957
3209 2957
3210 2957
3211 2957
3212 2957
3213 2957
3214 2957
3215 2957
3216 2957
3217 2957
3218 2957
3219 2957
3220 2957
3221 2957
3222 2957
3223 2957
3224 2957
3225 2957
3226 2957
3227 2957
3228 2957
3229 2957
3230 2957
3231 2957
3232 2957
3233 2957
3234 2957
3235 2957
3236 2957
3237 2957
3238 2957
3239 2957
3240 2957
3241 2957
3242 2957
3243 2956
3244 2956
3245 2956
3246 2956
3247 2956
3248 2956
3249 2956
3250 2956
3251 2956
3252 2956
3253 2956
3254 2956
3255 2956
3256 2956
3257 2956
3258 2956
3259 2956
3260 2956
3261 2956
3262 2956
3263 2956
3264 2956
3265 2956
3266 2956
3267 2956
3268 2956
3269 2956
3270 2956
3271 2956
3272 2956
3273 2956
3274 2956
3275 2955
3276 2955
3277 2955
3278 2955
3279 2955
3280 2955
3281 2955
3282 2955
3283 2955
3284 2955
3285 2955
3286 2955
3287 2955
3288 2955
3289 2955
3290 2955
3291 2955
3292 2955
3293 2955
3294 2955
3295 2955
3296 2955
3297 2955
3298 2955
3299 2955
3300 2955
3301 2955
3302 2955
3303 2955
3304 2955
3305 2955
3306 2955
3307 2955
3308 2955
3309 2955
3310 2954
3311 2954
3312 2954
3313 2954
3314 2954
3315 2954
3316 2954
3317 2954
3318 2954
3319 2954
3320 2954
3321 2954
3322 2954
3323 2954
3324 2954
3325 2954
3326 2954
3327 2954
3328 2954
3329 2954
3330 2954
3331 2954
3332 2954
3333 2954
3334 2954
3335 2954
3336 2954
3337 2954
3338 2954
3339 2954
3340 2954
3341 2954
3342 2954
3343 2954
3344 2954
3345 2954
3346 2953
3347 2953
3348 2953
3349 2953
3350 2953
3351 2953
3352 2953
3353 2953
3354 2953
3355 2953
3356 2953
3357 2953
3358 2953
3359 2953
3360 2953
3361 2953
3362 2953
3363 2953
3364 2953
3365 2953
3366 2953
3367 2953
3368 2953
3369 2953
3370 2953
3371 2953
3372 2953
3373 2953
3374 2953
3375 2953
3376 2953
3377 2953
3378 2952
3379 2952
3380 2952
3381 2952
3382 2952
3383 2952
3384 2952
3385 2952
3386 2952
3387 2952
3388 2952
3389 2952
3390 2952
3391 2952
3392 2952
3393 2952
3394 2952
3395 2952
3396 2952
3397 2952
3398 2952
3399 2952
3400 2952
3401 2952
3402 2952
3403 2952
3404 2952
3405 2952
3406 2952
3407 2952
3408 2952
3409 2952
3410 2952
3411 2952
3412 2952
3413 2952
3414 2952
3415 2951
3416 2951
3417 2951
3418 2951
3419 2951
3420 2951
3421 2951
3422 2951
3423 2951
3424 2951
3425 2951
3426 2951
3427 2951
3428 2951
3429 2951
3430 2951
3431 2951
3432 2951
3433 2951
3434 2951
3435 2951
3436 2951
3437 2951
3438 2951
3439 2951
3440 2951
3441 2951
3442 2951
3443 2951
3444 2951
3445 2951
3446 2951
3447 2951
3448 2951
3449 2951
3450 2950
3451 2950
3452 2950
3453 2950
3454 2950
3455 2950
3456 2950
3457 2950
3458 2950
3459 2950
3460 2950
3461 2950
3462 2950
3463 2950
3464 2950
3465 2950
3466 2950
3467 2950
3468 2950
3469 2950
3470 2950
3471 2950
3472 2950
3473 2950
3474 2950
3475 2950
3476 2950
3477 2950
3478 2950
3479 2950
3480 2950
3481 2950
3482 2950
3483 2950
3484 2949
3485 2949
3486 2949
3487 2949
3488 2949
3489 2949
3490 2949
3491 2949
3492 2949
3493 2949
3494 2949
3495 2949
3496 2949
3497 2949
3498 2949
3499 2949
3500 2949
3501 2949
3502 2949
3503 2949
3504 2949
3505 2949
3506 2949
3507 2949
3508 2949
3509 2949
3510 2949
3511 2949
3512 2949
3513 2949
3514 2949
3515 2949
3516 2949
3517 2949
3518 2948
3519 2948
3520 2948
3521 2948
3522 2948
3523 2948
3524 2948
3525 2948
3526 2948
3527 2948
3528 2948
3529 2948
3530 2948
3531 2948
3532 2948
3533 2948
3534 2948
3535 2948
3536 2948
3537 2948
3538 2948
3539 2948
3540 2948
3541 2948
3542 2948
3543 2948
3544 2948
3545 2948
3546 2948
3547 2948
3548 2948
3549 2948
3550 2948
3551 2948
3552 2947
3553 2947
3554 2947
3555 2947
3556 2947
3557 2947
3558 2947
3559 2947
3560 2947
3561 2947
3562 2947
3563 2947
3564 2947
3565 2947
3566 2947
3567 2947
3568 2947
3569 2947
3570 2947
3571 2947
3572 2947
3573 2947
3574 2947
3575 2947
3576 2947
3577 2947
3578 2947
3579 2947
3580 2947
3581 2947
3582 2947
3583 2947
3584 2947
3585 2947
3586 2946
3587 2946
3588 2946
3589 2946
3590 2946
3591 2946
3592 2946
3593 2946
3594 2946
3595 2946
3596 2946
3597 2946
3598 2945
3599 2945
3600 2945
3601 2945
3602 2944
3603 2944
3604 2944
3605 2944
3606 2943
3607 2943
3608 2942
3609 2942
3610 2942
3611 2941
3612 2941
3613 2941
3614 2941
3615 2940
3616 2940
3617 2940
3618 2939
3619 2939
3620 2938
3621 2938
3622 2937
3623 2937
3624 2936
3625 2936
3626 2936
3627 2935
3628 2935
3629 2934
3630 2934
3631 2934
3632 2933
3633 2933
3634 2933
3635 2933
3636 2932
3637 2932
3638 2932
3639 2931
3640 2931
3641 2930
3642 2930
3643 2929
3644 2928
3645 2928
3646 2927
3647 2927
3648 2926
3649 2926
3650 2925
3651 2925
3652 2925
3653 2924
3654 2924
3655 2924
3656 2923
3657 2923
3658 2923
3659 2923
3660 2922
3661 2922
3662 2921
3663 2921
3664 2920
3665 2920
3666 2919
3667 2918
3668 2918
3669 2917
3670 2917
3671 2917
3672 2916
3673 2916
3674 2916
3675 2915
3676 2915
3677 2915
3678 2914
3679 2914
3680 2914
3681 2914
3682 2914
3683 2914
3684 2913
3685 2913
3686 2913
3687 2913
3688 2913
3689 2913
3690 2913
3691 2912
3692 2912
3693 2911
3694 2911
3695 2910
3696 2909
3697 2909
3698 2908
3699 2908
3700 2908
3701 2907
3702 2907
3703 2907
3704 2906
3705 2906
3706 2906
3707 2906
3708 2905
3709 2905
3710 2905
3711 2905
3712 2904
3713 2904
3714 2903
3715 2903
3716 2902
3717 2901
3718 2901
3719 2900
3720 2900
3721 2899
3722 2899
3723 2899
3724 2898
3725 2898
3726 2897
3727 2897
3728 2897
3729 2896
3730 2896
3731 2896
3732 2896
3733 2896
3734 2896
3735 2895
3736 2895
3737 2895
3738 2895
3739 2895
3740 2895
3741 2895
3742 2895
3743 2895
3744 2895
3745 2894
3746 2894
3747 2894
3748 2894
3749 2894
3750 2894
3751 2894
3752 2894
3753 2894
3754 2894
3755 2894
3756 2894
3757 2894
3758 2894
3759 2894
3760 2894
3761 2894
3762 2894
3763 2893
3764 2893
3765 2893
3766 2893
3767 2893
3768 2892
3769 2892
3770 2892
3771 2891
3772 2891
3773 2891
3774 2890
3775 2890
3776 2890
3777 2889
3778 2889
3779 2889
3780 2888
3781 2888
3782 2888
3783 2888
3784 2887
3785 2887
3786 2887
3787 2887
3788 2886
3789 2886
3790 2886
3791 2886
3792 2886
3793 2886
3794 2885
3795 2885
3796 2885
3797 2885
3798 2885
3799 2885
3800 2885
3801 2885
3802 2885
3803 2885
3804 2884
3805 2884
3806 2884
3807 2884
3808 2884
3809 2884
3810 2884
3811 2884
3812 2884
3813 2884
3814 2884
3815 2884
3816 2884
3817 2884
3818 2884
3819 2884
3820 2884
3821 2884
3822 2884
3823 2884
3824 2884
3825 2884
3826 2884
3827 2884
3828 2884
3829 2883
3830 2883
3831 2883
3832 2883
3833 2883
3834 2883
3835 2883
3836 2883
3837 2883
3838 2883
3839 2883
3840 2883
3841 2883
3842 2883
3843 2883
3844 2883
3845 2883
3846 2883
3847 2883
3848 2883
3849 2883
3850 2883
3851 2883
3852 2883
3853 2883
3854 2883
3855 2883
3856 2883
3857 2883
3858 2883
3859 2883
3860 2883
3861 2883
3862 2882
3863 2882
3864 2882
3865 2882
3866 2882
3867 2882
3868 2882
3869 2882
3870 2881
3871 2881
3872 2881
3873 2880
3874 2880
3875 2879
3876 2879
3877 2878
3878 2878
3879 2878
3880 2877
3881 2877
3882 2877
3883 2876
3884 2875
3885 2874
3886 2873
3887 2872
3888 2871
3889 2870
3890 2869
3890 2868
3891 2867
3892 2866
3893 2865
3894 2864
3895 2863
3896 2862
3897 2861
3898 2860
3899 2859
3900 2858
3900 2857
3901 2856
3902 2855
3903 2854
3904 2853
3905 2852
3906 2852
3907 2851
3908 2851
3909 2851
3910 2851
3911 2850
3912 2850
3913 2850
3914 2850
3915 2850
3916 2850
3917 2850
3918 2849
3919 2848
3920 2848
3921 2847
3922 2847
3923 2846
3924 2846
3925 2845
3926 2845
3927 2844
3928 2844
3929 2843
3930 2842
3931 2842
3932 2841
3933 2841
3934 2840
3935 2840
3936 2839
3937 2839
3938 2838
3939 2838
3940 2837
3941 2837
3942 2836
3943 2835
3944 2835
3945 2834
3946 2833
3947 2832
3948 2832
3949 2831
3950 2830
3951 2830
3952 2829
3953 2828
3954 2828
3955 2827
3956 2826
3957 2826
3958 2825
3959 2825
3960 2824
3961 2823
3962 2823
3963 2822
3964 2822
3965 2821
3966 2821
3967 2820
3968 2820
3969 2819
3970 2819
3971 2818
3972 2817
3973 2817
3974 2816
3975 2815
3976 2814
3977 2814
3978 2813
3979 2812
3980 2811
3981 2810
3982 2809
3983 2809
3984 2808
3985 2807
3986 2806
3987 2805
3988 2804
3989 2803
3990 2802
3991 2801
3992 2800
3993 2800
3994 2799
3995 2798
3996 2798
3997 2797
3998 2797
3999 2796
4000 2795
4001 2794
4002 2793
4003 2792
4004 2791
4005 2790
4006 2790
4007 2789
4008 2788
4009 2788
4009 2787
4010 2786
4011 2785
4012 2784
4013 2783
4014 2782
4015 2781
4016 2781
4017 2780
4018 2779
4018 2778
4019 2777
4020 2776
4021 2775
4022 2774
4023 2773
4024 2772
4025 2771
4025 2770
4026 2769
4027 2768
4027 2767
4028 2766
4029 2765
4030 2764
4031 2763
4032 2762
4033 2761
4034 2760
4034 2759
4035 2758
4036 2757
4036 2756
4036 2755
4037 2754
4037 2753
4038 2752
4039 2751
4039 2750
4040 2749
4041 2748
4041 2747
4042 2746
4042 2745
4043 2744
4043 2743
4043 2742
4044 2741
4044 2740
4045 2739
4045 2738
4046 2737
4046 2736
4047 2735
4048 2734
4048 2733
4049 2732
4049 2731
4050 2730
4051 2729
4051 2728
4052 2727
4052 2726
4053 2725
4054 2724
4054 2723
4055 2722
4056 2721
4056 2720
4057 2719
4057 2718
4058 2717
4058 2716
4058 2715
4059 2714
4059 2713
4059 2712
4060 2711
4060 2710
4061 2709
4061 2708
4062 2707
4063 2706
4063 2705
4064 2704
4065 2703
4065 2702
4066 2701
4067 2700
4068 2699
4069 2698
4070 2697
4071 2696
4072 2695
4072 2694
4073 2693
4074 2692
4074 2691
4074 2690
4075 2689
4075 2688
4075 2687
4076 2686
4076 2685
4076 2684
4076 2683
4076 2682
4077 2681
4077 2680
4077 2679
4077 2678
4077 2677
4077 2676
4077 2675
4077 2674
4077 2673
4077 2672
4077 2671
4077 2670
4077 2669
4077 2668
4077 2667
4077 2666
4077 2665
4077 2664
4077 2663
4078 2662
4078 2661
4078 2660
4078 2659
4078 2658
4078 2657
4078 2656
4078 2655
4078 2654
4078 2653
4078 2652
4078 2651
4077 2650
4077 2649
4077 2648
4077 2647
4077 2646
4077 2645
4077 2644
4077 2643
4077 2642
4077 2641
4077 2640
4077 2639
4077 2638
4076 2637
4076 2636
4075 2635
4075 2634
4075 2633
4074 2632
4074 2631
4074 2630
4073 2629
4073 2628
4073 2627
4073 2626
4072 2625
4072 2624
4072 2623
4072 2622
4071 2621
4071 2620
4070 2619
4070 2618
4069 2617
4069 2616
4068 2615
4068 2614
4067 2613
4067 2612
4066 2611
4066 2610
4065 2609
4065 2608
4064 2607
4064 2606
4063 2605
4062 2604
4062 2603
4061 2602
4060 2601
4060 2600
4059 2599
4058 2598
4057 2597
4057 2596
4056 2595
4056 2594
4056 2593
4055 2592
4054 2591
4054 2590
4053 2589
4053 2588
4052 2587
4051 2586
4050 2585
4049 2584
4048 2583
4047 2582
4046 2582
4045 2581
4044 2580
4043 2579
4043 2578
4042 2577
4041 2576
4041 2575
4040 2574
4039 2573
4038 2573
4037 2572
4036 2571
4035 2570
4034 2569
4033 2568
4032 2567
4032 2566
4031 2565
4031 2564
4031 2563
4030 2562
4029 2561
4029 2560
4028 2559
4027 2558
4027 2557
4026 2556
4025 2555
4025 2554
4024 2553
4024 2552
4023 2551
4023 2550
4023 2549
4022 2548
4022 2547
4022 2546
4021 2545
4021 2544
4020 2543
4019 2542
4018 2541
4017 2540
4016 2539
4015 2538
4014 2537
4013 2537
4012 2536
4011 2535
4010 2534
4009 2533
4008 2532
4007 2531
4006 2530
4005 2529
4004 2528
4003 2527
4002 2527
4001 2526
4001 2525
4000 2524
3999 2523
3999 2522
3998 2521
3997 2520
3997 2519
3996 2518
3995 2517
3995 2516
3994 2515
3993 2514
3993 2513
3992 2512
3991 2511
3991 2510
3990 2509
3990 2508
3989 2507
3988 2506
3987 2505
3987 2504
3986 2503
3985 2502
3985 2501
3984 2500
3983 2499
3982 2498
3981 2497
3980 2496
3979 2495
3978 2494
3977 2493
3977 2492
3976 2491
3975 2490
3974 2489
3974 2488
3973 2487
3972 2486
3971 2485
3970 2484
3970 2483
3969 2482
3968 2481
3967 2480
3967 2479
3966 2478
3966 2477
3965 2476
3964 2475
3963 2474
3962 2473
3961 2472
3960 2471
3959 2470
3959 2469
3958 2468
3958 2467
3957 2466
3957 2465
3956 2464
3955 2463
3954 2462
3953 2461
3952 2460
3951 2459
3950 2458
3949 2457
3948 2456
3948 2455
3947 2454
3946 2453
3945 2452
3944 2451
3944 2450
3943 2449
3942 2448
3942 2447
3941 2446
3940 2445
3940 2444
3939 2443
3938 2442
3937 2441
3936 2440
3935 2439
3935 2438
3934 2437
3933 2436
3933 2435
3932 2434
3931 2433
3930 2432
3929 2431
3928 2430
3927 2429
3926 2428
3926 2427
3925 2426
3925 2425
3924 2424
3924 2423
3923 2422
3922 2421
3922 2420
3921 2419
3920 2418
3919 2417
3919 2416
3918 2415
3917 2414
3917 2413
3916 2412
3916 2411
3915 2410
3915 2409
3914 2408
3914 2407
3914 2406
3913 2405
3913 2404
3913 2403
3912 2402
3912 2401
3912 2400
3911 2399
3911 2398
3911 2397
3910 2396
3910 2395
3909 2394
3908 2393
3908 2392
3907 2391
3906 2390
3905 2389
3905 2388
3904 2387
3903 2386
3902 2385
3902 2384
3901 2383
3900 2382
3900 2381
3899 2380
3899 2379
3898 2378
3898 2377
3898 2376
3897 2375
3897 2374
3897 2373
3896 2372
3896 2371
3896 2370
3896 2369
3896 2368
3896 2367
3895 2366
3895 2365
3895 2364
3895 2363
3895 2362
3895 2361
3895 2360
3895 2359
3894 2358
3894 2357
3894 2356
3894 2355
3894 2354
3893 2353
3893 2352
3893 2351
3892 2350
3892 2349
3892 2348
3891 2347
3891 2346
3890 2345
3890 2344
3890 2343
3889 2342
3889 2341
3888 2340
3888 2339
3888 2338
3888 2337
3887 2336
3887 2335
3887 2334
3887 2333
3887 2332
3886 2331
3886 2330
3885 2329
3884 2328
3884 2327
3883 2326
3883 2325
3882 2324
3882 2323
3882 2322
3881 2321
3881 2320
3880 2319
3880 2318
3880 2317
3879 2316
3879 2315
3879 2314
3878 2313
3879 2312
3880 2312
3881 2313
3882 2313
3881 2312
3880 2311
3879 2310
3878 2310
3878 2311
3877 2312
3876 2311
3875 2311
3874 2310
3873 2310
3872 2309
3871 2309
3870 2308
3869 2308
3868 2307
3867 2307
3866 2306
3865 2306
3864 2306
3863 2305
3862 2305
3861 2304
3860 2304
3859 2303
3858 2303
3857 2302
3856 2302
3855 2301
3854 2301
3853 2300
3852 2300
3851 2300
3850 2300
3849 2300
3848 2300
3847 2300
3846 2300
3845 2300
3844 2300
3843 2300
3842 2300
3841 2300
3840 2300
3839 2300
3838 2301
3837 2301
3836 2302
3835 2302
3834 2303
3833 2304
3832 2305
3831 2306
3830 2306
3829 2306
3828 2307
3827 2307
3826 2307
3825 2307
3824 2307
3823 2307
3822 2308
3821 2308
3820 2308
3819 2308
3818 2308
3817 2308
3816 2308
3815 2308
3814 2308
3813 2308
3812 2308
3811 2308
3810 2309
3809 2309
3808 2309
3807 2309
3806 2309
3805 2309
3804 2309
3803 2309
3802 2309
3801 2309
3800 2309
3799 2309
3798 2309
3797 2309
3796 2309
3795 2309
3794 2309
3793 2309
3792 2309
3791 2309
3790 2309
3789 2309
3788 2309
3787 2309
3786 2309
3785 2309
3784 2309
3783 2310
3782 2310
3781 2310
3780 2310
3779 2310
3778 2310
3777 2310
3776 2310
3775 2310
3774 2310
3773 2310
3772 2310
3771 2310
3770 2310
3769 2309
3768 2309
3767 2309
3766 2308
3765 2308
3764 2307
3763 2307
3762 2306
3761 2306
3760 2306
3759 2305
3758 2305
3757 2304
3756 2304
3755 2303
3754 2303
3753 2302
3752 2302
3751 2301
3750 2301
3749 2300
3748 2300
3747 2299
3746 2298
3745 2297
3744 2296
3743 2295
3742 2294
3741 2293
3741 2292
3740 2291
3739 2290
3738 2289
3737 2288
3736 2287
3736 2286
3735 2285
3734 2284
3733 2284
3732 2283
3731 2282
3730 2281
3729 2280
3728 2280
3727 2279
3726 2278
3725 2278
3724 2277
3723 2277
3722 2276
3721 2275
3720 2274
3719 2274
3718 2273
3717 2272
3716 2271
3716 2270
3715 2269
3714 2268
3713 2267
3712 2266
3711 2265
3710 2264
3709 2263
3709 2262
3708 2261
3707 2260
3706 2259
3705 2258
3704 2257
3703 2256
3702 2255
3701 2254
3701 2253
3700 2252
3699 2251
3698 2250
3697 2249
3696 2248
3695 2247
3694 2246
3693 2245
3692 2244
3691 2243
3690 2242
3689 2241
3688 2240
3687 2239
3686 2238
3685 2237
3684 2236
3683 2235
3682 2234
3681 2233
3680 2232
3679 2231
3678 2230
3677 2229
3676 2228
3675 2227
3674 2226
3673 2225
3673 2224
3672 2223
3671 2222
3671 2221
3670 2220
3669 2219
3668 2218
3667 2217
3666 2216
3665 2215
3665 2214
3664 2213
3663 2212
3662 2212
3661 2211
3660 2210
3659 2209
3658 2209
3657 2208
3656 2207
3655 2206
3654 2205
3653 2204
3653 2203
3652 2202
3651 2201
3650 2200
3649 2199
3648 2199
3647 2198
3646 2197
3645 2196
3645 2195
3644 2194
3643 2194
3642 2193
3641 2192
3640 2191
3639 2191
3638 2190
3637 2189
3636 2189
3635 2189
3634 2189
3633 2188
3632 2188
3631 2188
3630 2188
3629 2188
3628 2187
3627 2187
3626 2187
3625 2187
3624 2187
3623 2187
3622 2187
3621 2187
3620 2187
3619 2187
3618 2187
3617 2187
3616 2187
3615 2187
3614 2187
3613 2187
3612 2187
3611 2187
3610 2187
3609 2187
3608 2187
3607 2187
3606 2187
3605 2187
3604 2187
3603 2187
3602 2187
3601 2187
3600 2187
3599 2187
3598 2187
3597 2187
3596 2186
3595 2186
3594 2185
3593 2185
3592 2184
3591 2183
3590 2183
3589 2182
3588 2181
3588 2180
3587 2179
3587 2178
3586 2177
3585 2177
3584 2176
3583 2175
3583 2174
3582 2173
3581 2172
3580 2171
3580 2170
3580 2169
3579 2168
3579 2167
3578 2166
3578 2165
3578 2164
3578 2163
3577 2162
3577 2161
3577 2160
3577 2159
3577 2158
3577 2157
3577 2156
3577 2155
3577 2154
3578 2153
3578 2152
3578 2151
3579 2150
3579 2149
3580 2148
3581 2147
3582 2146
3583 2145
3584 2145
3585 2145
3586 2144
3587 2144
3588 2144
3589 2143
3590 2143
3591 2143
3592 2142
3593 2142
3594 2142
3595 2141
3596 2141
3597 2140
3598 2139
3599 2138
3600 2137
3601 2136
3602 2135
3603 2134
3604 2133
3605 2132
3606 2131
3606 2130
3607 2129
3608 2128
3608 2127
3609 2126
3610 2125
3611 2124
3612 2123
3613 2122
3614 2121
3615 2120
3616 2119
3617 2118
3618 2117
3619 2116
3620 2115
3621 2114
3622 2113
3623 2112
3624 2111
3624 2110
3625 2109
3625 2108
3626 2107
3626 2106
3626 2105
3627 2104
3627 2103
3627 2102
3627 2101
3627 2100
3627 2099
3628 2098
3628 2097
3628 2096
3628 2095
3628 2094
3628 2093
3628 2092
3628 2091
3628 2090
3628 2089
3628 2088
3628 2087
3628 2086
3628 2085
3628 2084
3628 2083
3628 2082
3628 2081
3628 2080
3628 2079
3628 2078
3628 2077
3627 2076
3627 2075
3627 2074
3626 2073
3626 2072
3625 2071
3625 2070
3625 2069
3624 2068
3624 2067
3624 2066
3624 2065
3623 2064
3623 2063
3622 2062
3622 2061
3621 2060
3621 2059
3621 2058
3620 2057
3619 2056
3619 2055
3618 2054
3618 2053
3617 2052
3617 2051
3616 2050
3615 2049
3614 2049
3613 2048
3612 2047
3612 2046
3611 2045
3610 2044
3609 2043
3609 2042
3608 2041
3608 2040
3608 2039
3607 2038
3607 2037
3606 2036
3606 2035
3605 2034
3604 2033
3603 2032
3602 2032
3601 2031
3600 2031
3599 2031
3598 2030
3597 2030
3596 2030
3595 2030
3594 2030
3593 2029
3592 2029
3591 2029
3590 2029
3589 2029
3588 2029
3587 2029
3586 2029
3585 2028
3584 2028
3583 2028
3582 2027
3581 2027
3580 2026
3579 2026
3578 2025
3577 2025
3576 2025
3575 2024
3574 2024
3573 2024
3572 2024
3571 2023
3570 2023
3569 2023
3568 2023
3567 2023
3566 2023
3565 2023
3564 2022
3563 2022
3562 2022
3561 2022
3560 2022
3559 2022
3558 2022
3557 2022
3556 2022
3555 2022
3554 2022
3553 2021
3552 2021
3551 2020
3550 2020
3549 2019
3548 2019
3547 2018
3546 2018
3545 2017
3544 2017
3543 2017
3542 2016
3541 2016
3540 2016
3539 2016
3538 2016
3537 2015
3536 2015
3535 2015
3534 2015
3533 2015
3532 2014
3531 2014
3530 2013
3529 2013
3528 2012
3527 2011
3526 2010
3525 2009
3524 2009
3523 2008
3522 2007
3521 2007
3520 2006
3519 2006
3518 2005
3517 2004
3516 2003
3515 2002
3514 2001
3513 2000
3512 1999
3511 1998
3510 1997
3509 1997
3508 1996
3507 1995
3506 1994
3505 1994
3504 1993
3503 1992
3502 1991
3501 1991
3500 1990
3499 1989
3498 1988
3497 1988
3496 1987
3495 1986
3494 1985
3493 1984
3492 1983
3491 1982
3490 1982
3489 1981
3488 1980
3488 1979
3487 1978
3487 1977
3486 1976
3486 1975
3485 1974
3485 1973
3484 1972
3483 1972
3482 1971
3481 1971
3480 1970
3479 1970
3478 1970
3477 1969
3476 1969
3475 1969
3474 1969
3473 1968
3472 1968
3471 1968
3470 1968
3469 1968
3468 1968
3467 1968
3466 1968
3465 1968
3464 1968
3463 1968
3462 1968
3461 1968
3460 1968
3459 1968
3458 1968
3457 1968
3456 1968
3455 1968
3454 1968
3453 1968
3452 1968
3451 1968
3450 1968
3449 1968
3448 1968
3447 1968
3446 1968
3445 1968
3444 1968
3443 1968
3442 1968
3441 1968
3440 1968
3439 1968
3438 1968
3437 1968
3436 1968
3435 1968
3434 1968
3433 1968
3432 1968
3431 1968
3430 1968
3429 1968
3428 1968
3427 1968
3426 1968
3425 1968
3424 1968
3423 1968
3422 1968
3421 1968
3420 1968
3419 1969
3418 1969
3417 1969
3416 1969
3415 1969
3414 1969
3413 1969
3412 1969
3411 1969
3410 1969
3409 1969
3408 1969
3407 1969
3406 1969
3405 1969
3404 1969
3403 1969
3402 1969
3401 1969
3400 1969
3399 1969
3398 1969
3397 1969
3396 1969
3395 1969
3394 1969
3393 1968
3392 1968
3391 1968
3390 1968
3389 1968
3388 1967
3387 1967
3386 1967
3385 1967
3384 1966
3383 1966
3382 1966
3381 1966
3380 1966
3379 1965
3378 1965
3377 1964
3376 1964
3375 1964
3374 1963
3373 1963
3372 1963
3371 1962
3370 1962
3369 1961
3368 1961
3367 1961
3366 1960
3365 1960
3364 1959
3363 1958
3362 1957
3361 1956
3360 1956
3359 1955
3358 1954
3357 1953
3356 1953
3355 1952
3354 1951
3353 1950
3352 1949
3351 1948
3351 1947
3350 1946
3350 1945
3349 1944
3349 1943
3349 1942
3348 1941
3348 1940
3347 1939
3346 1938
3345 1937
3344 1936
3343 1935
3343 1934
3342 1933
3342 1932
3341 1931
3341 1930
3340 1929
3340 1928
3340 1927
3339 1926
3339 1925
3339 1924
3338 1923
3338 1922
3338 1921
3338 1920
3338 1919
3338 1918
3338 1917
3337 1916
3337 1915
3337 1914
3337 1913
3337 1912
3337 1911
3337 1910
3337 1909
3337 1908
3337 1907
3336 1906
3336 1905
3336 1904
3336 1903
3336 1902
3336 1901
3336 1900
3336 1899
3336 1898
3336 1897
3335 1896
3335 1895
3335 1894
3334 1893
3334 1892
3333 1891
3332 1890
3332 1889
3331 1888
3331 1887
3330 1886
3329 1885
3329 1884
3328 1883
3328 1882
3327 1881
3326 1880
3326 1879
3325 1878
3325 1877
3324 1876
3323 1875
3323 1874
3322 1873
3321 1872
3320 1871
3320 1870
3319 1869
3318 1868
3317 1867
3316 1866
3315 1865
3314 1864
3313 1863
3312 1862
3311 1861
3310 1860
3309 1859
3308 1858
3307 1857
3306 1856
3305 1855
3304 1854
3303 1853
3302 1852
3301 1851
3300 1850
3299 1849
3298 1849
3297 1848
3296 1848
3295 1848
3294 1847
3293 1847
3292 1847
3291 1846
3290 1846
3289 1846
3288 1846
3287 1846
3286 1846
3285 1846
3284 1846
3283 1846
3282 1845
3281 1845
3280 1845
3279 1845
3278 1845
3277 1845
3276 1845
3275 1845
3274 1845
3273 1845
3272 1845
3271 1845
3270 1845
3269 1845
3268 1845
3267 1845
3266 1845
3265 1845
3264 1845
3263 1845
3262 1845
3261 1845
3260 1845
3259 1845
3258 1845
3257 1845
3256 1845
3255 1846
3254 1846
3253 1846
3252 1846
3251 1846
3250 1846
3249 1846
3248 1846
3247 1846
3246 1846
3245 1846
3244 1846
3243 1846
3242 1846
3241 1846
3240 1846
3239 1846
3238 1846
3237 1846
3236 1846
3235 1846
3234 1846
3233 1846
3232 1846
3231 1846
3230 1846
3229 1846
3228 1846
3227 1846
3226 1845
3225 1845
3224 1845
3223 1845
3222 1844
3221 1844
3220 1844
3219 1843
3218 1843
3217 1843
3216 1843
3215 1842
3214 1842
3213 1842
3212 1842
3211 1841
3210 1841
3209 1840
3208 1840
3207 1839
3206 1839
3205 1839
3204 1838
3203 1838
3202 1838
3201 1837
3200 1837
3199 1836
3198 1836
3197 1835
3196 1835
3195 1834
3194 1834
3193 1833
3192 1833
3191 1832
3190 1831
3189 1830
3188 1830
3187 1829
3186 1828
3185 1828
3184 1827
3183 1826
3182 1825
3181 1825
3180 1824
3179 1823
3178 1823
3177 1823
3176 1822
3175 1822
3174 1821
3173 1821
3172 1821
3171 1820
3170 1820
3169 1819
3168 1819
3167 1818
3166 1818
3165 1817
3164 1817
3163 1816
3162 1816
3161 1815
3160 1814
3159 1814
3158 1813
3157 1813
3156 1812
3155 1812
3154 1811
3153 1811
3152 1810
3151 1809
3150 1808
3149 1807
3148 1807
3147 1806
3146 1805
3145 1805
3144 1804
3143 1804
3142 1804
3141 1803
3140 1803
3139 1803
3138 1803
3137 1803
3136 1803
3135 1802
3134 1802
3133 1802
3132 1802
3131 1802
3130 1802
3129 1802
3128 1802
3127 1802
3126 1802
3125 1802
3124 1802
3123 1802
3122 1802
3121 1802
3120 1802
3119 1802
3118 1802
3117 1802
3116 1802
3115 1802
3114 1803
3113 1803
3112 1803
3111 1804
3110 1805
3109 1805
3108 1806
3107 1806
3106 1806
3105 1807
3104 1807
3103 1807
3102 1807
3101 1808
3100 1808
3099 1808
3098 1808
3097 1808
3096 1809
3095 1809
3094 1809
3093 1809
3092 1809
3091 1809
3090 1809
3089 1809
3088 1809
3087 1810
3086 1811
3085 1812
3084 1813
3083 1814
3083 1815
3082 1816
3081 1817
3080 1818
3079 1819
3078 1820
3077 1821
3076 1821
3075 1822
3074 1823
3073 1823
3072 1823
3071 1824
3070 1824
3069 1824
3068 1824
3067 1825
3066 1825
3065 1825
3064 1825
3063 1825
3062 1825
3061 1826
3060 1826
3059 1826
3058 1826
3057 1826
3056 1826
3055 1826
3054 1826
3053 1826
3052 1826
3051 1827
3050 1827
3049 1827
3048 1827
3047 1827
3046 1827
3045 1827
3044 1827
3043 1827
3042 1827
3041 1827
3040 1827
3039 1827
3038 1827
3037 1827
3036 1828
3035 1828
3034 1828
3033 1828
3032 1828
3031 1827
3030 1827
3029 1826
3028 1826
3027 1825
3026 1825
3025 1825
3024 1824
3023 1824
3022 1823
3021 1823
3020 1823
3019 1822
3018 1822
3017 1822
3016 1822
3015 1822
3014 1822
3013 1822
3012 1822
3011 1822
3010 1822
3009 1822
3008 1822
3007 1821
3006 1821
3005 1821
3004 1821
3003 1821
3002 1821
3001 1821
3000 1821
2999 1821
2998 1821
2997 1821
2996 1821
2995 1821
2994 1821
2993 1821
2992 1821
2991 1821
2990 1821
2989 1821
2988 1821
2987 1821
2986 1822
2985 1822
2984 1823
2983 1823
2982 1824
2981 1825
2980 1825
2979 1826
2978 1826
2977 1827
2976 1827
2975 1828
2974 1829
2973 1830
2972 1831
2971 1832
2970 1833
2969 1833
2968 1834
2967 1834
2966 1835
2965 1835
2964 1835
2963 1836
2962 1837
2961 1838
2960 1838
2959 1839
2958 1840
2957 1841
2956 1841
2955 1842
2954 1842
2953 1843
2952 1844
2951 1845
2950 1845
2950 1846
2949 1847
2948 1848
2947 1849
2946 1849
2945 1850
2944 1851
2943 1851
2942 1852
2941 1853
2940 1853
2939 1854
2938 1855
2937 1855
2936 1856
2935 1857
2934 1857
2933 1858
2932 1858
2931 1858
2930 1859
2929 1859
2928 1859
2927 1860
2926 1860
2925 1860
2924 1860
2923 1861
2922 1861
2921 1861
2920 1861
2919 1861
2918 1861
2917 1861
2916 1862
2915 1862
2914 1862
2913 1862
2912 1862
2911 1862
2910 1862
2909 1862
2908 1863
2907 1863
2906 1863
2905 1863
2904 1863
2903 1863
2902 1863
2901 1863
2900 1863
2899 1863
2898 1863
2897 1863
2896 1863
2895 1863
2894 1864
2893 1864
2892 1864
2891 1864
2890 1864
2889 1864
2888 1864
2887 1864
2886 1864
2885 1864
2884 1864
2883 1864
2882 1865
2881 1865
2880 1866
2879 1866
2878 1867
2877 1867
2876 1868
2875 1868
2874 1869
2873 1869
2872 1869
2871 1870
2870 1870
2869 1870
2868 1870
2867 1871
2866 1871
2865 1871
2864 1871
2863 1871
2862 1872
2861 1873
2860 1873
2859 1874
2858 1874
2857 1875
2856 1876
2855 1876
2854 1877
2853 1877
2852 1877
2851 1878
2850 1878
2849 1878
2848 1879
2847 1879
2846 1879
2845 1879
2844 1880
2843 1880
2842 1880
2841 1880
2840 1880
2839 1880
2838 1880
2837 1880
2836 1881
2835 1881
2834 1881
2833 1881
2832 1881
2831 1881
2830 1881
2829 1881
2828 1882
2827 1882
2826 1883
2825 1883
2824 1884
2823 1884
2822 1884
2821 1885
2820 1885
2819 1886
2818 1886
2817 1887
2816 1887
2815 1887
2814 1888
2813 1888
2812 1888
2811 1888
2810 1889
2809 1889
2808 1889
2807 1889
2806 1889
2805 1889
2804 1889
2803 1889
2802 1890
2801 1890
2800 1890
2799 1890
2798 1890
2797 1890
2796 1890
2795 1890
2794 1890
2793 1890
2792 1890
2791 1890
2790 1890
2789 1891
2788 1891
2787 1891
2786 1891
2785 1891
2784 1891
2783 1891
2782 1891
2781 1891
2780 1891
2779 1891
2778 1891
2777 1891
2776 1891
2775 1891
2774 1891
2773 1891
2772 1891
2771 1891
2770 1891
2769 1891
2768 1891
2767 1891
2766 1892
2765 1892
2764 1892
2763 1892
2762 1892
2761 1892
2760 1892
2759 1892
2758 1892
2757 1892
2756 1892
2755 1892
2754 1892
2753 1891
2752 1891
2751 1890
2750 1890
2749 1889
2748 1889
2747 1889
2746 1889
2745 1888
2744 1888
2743 1888
2742 1888
2741 1888
2740 1887
2739 1887
2738 1887
2737 1887
2736 1887
2735 1886
2734 1886
2733 1886
2732 1886
2731 1886
2730 1886
2729 1886
2728 1886
2727 1886
2726 1886
2725 1886
2724 1886
2723 1886
2722 1885
2721 1885
2720 1885
2719 1885
2718 1885
2717 1885
2716 1885
2715 1885
2714 1885
2713 1885
2712 1885
2711 1885
2710 1885
2709 1885
2708 1886
2707 1886
2706 1886
2705 1886
2704 1886
2703 1886
2702 1886
2701 1886
2700 1886
2699 1886
2698 1886
2697 1886
2696 1886
2695 1886
2694 1886
2693 1886
2692 1886
2691 1886
2690 1886
2689 1886
2688 1886
2687 1886
2686 1886
2685 1887
2684 1887
2683 1888
2682 1888
2681 1889
2680 1889
2679 1889
2678 1890
2677 1890
2676 1890
2675 1891
2674 1891
2673 1891
2672 1892
2671 1893
2670 1894
2669 1895
2668 1896
2667 1897
2666 1897
2665 1898
2664 1898
2663 1899
2662 1899
2661 1900
2660 1900
2659 1900
2658 1900
2657 1901
2656 1901
2655 1901
2654 1902
2653 1903
2652 1903
2651 1904
2650 1904
2649 1905
2648 1905
2647 1905
2646 1906
2645 1906
2644 1907
2643 1907
2642 1908
2641 1908
2640 1908
2639 1909
2638 1909
2637 1909
2636 1909
2635 1910
2634 1910
2633 1910
2632 1910
2631 1910
2630 1910
2629 1910
2628 1911
2627 1911
2626 1911
2625 1911
2624 1911
2623 1911
2622 1911
2621 1911
2620 1911
2619 1911
2618 1911
2617 1911
2616 1911
2615 1912
2614 1912
2613 1912
2612 1912
2611 1912
2610 1912
2609 1912
2608 1912
2607 1912
2606 1912
2605 1912
2604 1912
2603 1912
2602 1912
2601 1912
2600 1912
2599 1912
2598 1912
2597 1912
2596 1912
2595 1912
2594 1913
2593 1913
2592 1913
2591 1913
2590 1913
2589 1913
2588 1913
2587 1913
2586 1913
2585 1913
2584 1913
2583 1913
2582 1913
2581 1913
2580 1913
2579 1913
2578 1913
2577 1913
2576 1913
2575 1913
2574 1913
2573 1913
2572 1913
2571 1913
2570 1913
2569 1913
2568 1913
2567 1914
2566 1914
2565 1914
2564 1914
2563 1914
2562 1914
2561 1914
2560 1914
2559 1914
2558 1914
2557 1914
2556 1914
2555 1914
2554 1914
2553 1914
2552 1914
2551 1914
2550 1914
2549 1914
2548 1914
2547 1914
2546 1914
2545 1914
2544 1914
2543 1914
2542 1914
2541 1914
2540 1914
2539 1914
2538 1914
2537 1914
2536 1914
2535 1914
2534 1914
2533 1914
2532 1914
2531 1914
2530 1914
2529 1913
2528 1912
2527 1912
2526 1911
2525 1911
2524 1911
2523 1910
2522 1910
2521 1910
2520 1909
2519 1909
2518 1909
2517 1909
2516 1908
2515 1908
2514 1908
2513 1908
2512 1908
2511 1908
2510 1908
2509 1908
2508 1908
2507 1908
2506 1908
2505 1908
2504 1908
2503 1909
2502 1909
2501 1909
2500 1910
2499 1910
2498 1911
2497 1912
2496 1913
2495 1914
2494 1915
2493 1916
2492 1917
2491 1918
2490 1919
2489 1920
2488 1921
2487 1922
2487 1923
2486 1924
2486 1925
2485 1926
2485 1927
2485 1928
2484 1929
2484 1930
2484 1931
2483 1932
2483 1933
2483 1934
2483 1935
2483 1936
2483 1937
2482 1938
2481 1939
2480 1940
2479 1941
2478 1942
2477 1943
2476 1944
2475 1945
2474 1946
2474 1947
2473 1948
2472 1949
2471 1950
2471 1951
2470 1952
2470 1953
2469 1954
2469 1955
2468 1956
2467 1957
2467 1958
2466 1959
2466 1960
2465 1961
2464 1962
2464 1963
2463 1964
2463 1965
2463 1966
2462 1967
2462 1968
2462 1969
2461 1970
2461 1971
2461 1972
2460 1973
2459 1974
2459 1975
2458 1976
2458 1977
2457 1978
2456 1979
2456 1980
2455 1981
2455 1982
2455 1983
2454 1984
2453 1985
2453 1986
2452 1987
2451 1988
2450 1988
2449 1989
2448 1990
2447 1991
2446 1991
2445 1992
2444 1993
2443 1994
2442 1995
2442 1996
2441 1997
2440 1998
2439 1999
2438 2000
2437 2001
2436 2001
2435 2002
2434 2002
2433 2003
2432 2003
2431 2003
2430 2004
2429 2004
2428 2005
2427 2006
2426 2007
2425 2007
2424 2008
2423 2009
2422 2009
2421 2009
2420 2010
2419 2010
2418 2011
2417 2011
2416 2011
2415 2011
2414 2012
2413 2012
2412 2012
2411 2012
2410 2012
2409 2012
2408 2012
2407 2013
2406 2013
2405 2013
2404 2013
2403 2013
2402 2013
2401 2013
2400 2013
2399 2013
2398 2014
2397 2014
2396 2014
2395 2014
2394 2015
2393 2015
2392 2016
2391 2016
2390 2017
2389 2017
2388 2018
2387 2018
2386 2019
2385 2019
2384 2019
2383 2019
2382 2020
2381 2020
2380 2020
2379 2020
2378 2020
2377 2021
2376 2021
2375 2021
2374 2022
2373 2022
2372 2023
2371 2023
2370 2024
2369 2024
2368 2025
2367 2025
2366 2026
2365 2026
2364 2027
2363 2027
2362 2027
2361 2028
2360 2028
2359 2028
2358 2029
2357 2029
2356 2029
2355 2029
2354 2030
2353 2030
2352 2030
2351 2030
2350 2030
2349 2030
2348 2031
2347 2031
2346 2032
2345 2032
2344 2033
2343 2033
2342 2034
2341 2035
2340 2036
2339 2036
2338 2037
2337 2038
2336 2039
2335 2039
2334 2040
2333 2041
2332 2042
2331 2043
2330 2044
2329 2045
2328 2046
2327 2046
2326 2047
2325 2048
2324 2049
2323 2050
2322 2050
2321 2051
2320 2051
2319 2052
2318 2052
2317 2053
2316 2054
2315 2054
2314 2055
2313 2056
2312 2056
2311 2057
2310 2058
2309 2059
2308 2059
2307 2060
2306 2061
2305 2061
2304 2062
2303 2062
2302 2063
2301 2063
2300 2064
2299 2065
2298 2066
2297 2067
2296 2068
2295 2069
2294 2070
2294 2071
2293 2072
2292 2073
2291 2074
2290 2075
2289 2076
2288 2077
2287 2077
2286 2078
2286 2079
2285 2080
2284 2081
2283 2082
2282 2082
2281 2083
2280 2083
2279 2084
2278 2085
2277 2085
2276 2086
2275 2087
2274 2087
2273 2088
2272 2089
2271 2090
2270 2091
2269 2092
2268 2092
2267 2093
2266 2093
2265 2094
2264 2094
2263 2095
2262 2095
2261 2096
2260 2097
2259 2098
2258 2099
2257 2099
2256 2100
2255 2101
2254 2102
2253 2103
2252 2103
2251 2104
2250 2105
2249 2105
2248 2106
2247 2106
2246 2107
2245 2108
2244 2108
2243 2109
2242 2109
2241 2110
2240 2110
2239 2111
2238 2111
2237 2112
2236 2113
2235 2114
2234 2114
2233 2115
2232 2116
2231 2116
2230 2117
2229 2117
2228 2118
2227 2118
2226 2118
2225 2119
2224 2119
2223 2119
2222 2120
2221 2120
2220 2120
2219 2120
2218 2121
2217 2121
2216 2121
2215 2121
2214 2122
2213 2122
2212 2122
2211 2122
2211 2123
2210 2124
2209 2125
2208 2125
2207 2126
2206 2127
2205 2127
2204 2128
2203 2128
2202 2129
2201 2129
2200 2129
2199 2130
2198 2130
2197 2130
2196 2130
2195 2130
2194 2131
2193 2131
2192 2131
2191 2131
2190 2131
2189 2131
2188 2131
2187 2131
2186 2132
2185 2132
2184 2132
2183 2132
2182 2133
2181 2134
2180 2134
2179 2135
2178 2135
2177 2136
2176 2136
2175 2137
2174 2137
2173 2137
2172 2138
2171 2138
2170 2138
2169 2139
2168 2140
2167 2140
2166 2141
2165 2142
2164 2143
2163 2143
2162 2144
2161 2144
2160 2145
2159 2145
2158 2145
2157 2146
2156 2146
2155 2146
2154 2147
2153 2147
2152 2147
2151 2147
2150 2147
2149 2148
2148 2148
2147 2148
2146 2148
2145 2148
2144 2148
2143 2148
2142 2149
2141 2149
2140 2149
2139 2149
2138 2149
2137 2149
2136 2149
2135 2149
2134 2149
2133 2149
2132 2149
2131 2149
2130 2150
2129 2150
2128 2150
2127 2150
2126 2150
2125 2151
2124 2151
2123 2151
2122 2152
2121 2152
2120 2152
2119 2152
2118 2153
2117 2153
2116 2153
2115 2154
2114 2154
2113 2154
2112 2155
2111 2155
2110 2155
2109 2155
2108 2156
2107 2156
2106 2156
2105 2156
2104 2156
2103 2156
2102 2157
2101 2157
2100 2157
2099 2157
2098 2157
2097 2157
2096 2158
2095 2158
2094 2158
2093 2158
2092 2158
2091 2158
2090 2158
2089 2158
2088 2158
2087 2159
2086 2159
2085 2159
2084 2159
2083 2159
2082 2159
2081 2160
2080 2160
2079 2161
2078 2162
2077 2162
2076 2163
2075 2163
2074 2164
2073 2164
2072 2164
2071 2165
2070 2165
2069 2165
2068 2165
2067 2166
2066 2166
2065 2166
2064 2166
2063 2166
2062 2167
2061 2167
2060 2167
2059 2167
2058 2167
2057 2167
2056 2167
2055 2167
2054 2168
2053 2168
2052 2168
2051 2168
2050 2168
2049 2168
2048 2168
2047 2168
2046 2168
2045 2168
2044 2168
2043 2168
2042 2168
2041 2168
2040 2168
2039 2168
2038 2168
2037 2168
2036 2168
2035 2168
2034 2168
2033 2169
2032 2169
2031 2169
2030 2169
2029 2169
2028 2169
2027 2169
2026 2169
2025 2169
2024 2169
2023 2169
2022 2170
2021 2171
2020 2171
2019 2172
2018 2172
2017 2173
2016 2173
2015 2173
2014 2174
2013 2174
2012 2174
2011 2175
2010 2176
2009 2176
2008 2177
2007 2178
2006 2178
2005 2179
2004 2179
2003 2179
2002 2180
2001 2180
2000 2181
1999 2181
1998 2181
1997 2182
1996 2182
1995 2182
1994 2183
1993 2183
1992 2183
1991 2184
1990 2184
1989 2184
1988 2185
1987 2185
1986 2185
1985 2186
1984 2186
1983 2186
1982 2186
1981 2186
1980 2186
1979 2186
1978 2186
1977 2186
1976 2186
1975 2186
1974 2186
1973 2186
1972 2186
1971 2186
1970 2186
1969 2186
1968 2186
1967 2187
1966 2187
1965 2187
1964 2186
1963 2186
1962 2185
1961 2185
1960 2184
1959 2184
1958 2184
1957 2183
1956 2183
1955 2183
1954 2183
1953 2182
1952 2182
1951 2182
1950 2182
1949 2182
1948 2182
1947 2181
1946 2181
1945 2181
1944 2181
1943 2181
1942 2181
1941 2181
1940 2181
1939 2181
1938 2181
1937 2181
1936 2181
1935 2181
1934 2180
1933 2180
1932 2180
1931 2180
1930 2180
1929 2180
1928 2180
1927 2180
1926 2180
1925 2180
1924 2180
1923 2180
1922 2181
1921 2181
1920 2181
1919 2181
1918 2181
1917 2181
1916 2181
1915 2181
1914 2180
1913 2180
1912 2181
1911 2181
1910 2181
1909 2181
1908 2181
1907 2181
1906 2181
1905 2181
1904 2181
1903 2181
1902 2181
1901 2181
1900 2181
1899 2181
1898 2181
1897 2181
1896 2181
1895 2181
1894 2181
1893 2181
1892 2181
1891 2181
1890 2181
1889 2181
1888 2181
1887 2181
1886 2181
1885 2181
1884 2181
1883 2181
1882 2182
1881 2182
1880 2182
1879 2182
1878 2183
1877 2183
1876 2183
1875 2183
1874 2184
1873 2184
1872 2184
1871 2184
1870 2185
1869 2185
1868 2185
1867 2185
1866 2186
1865 2186
1864 2186
1863 2186
1862 2186
1861 2187
1860 2187
1859 2187
1858 2187
1857 2187
1856 2188
1855 2188
1854 2188
1853 2188
1852 2188
1851 2188
1850 2189
1849 2189
1848 2189
1847 2189
1846 2189
1845 2189
1844 2189
1843 2189
1842 2189
1841 2189
1840 2189
1839 2190
1838 2190
1837 2190
1836 2190
1835 2190
1834 2190
1833 2190
1832 2190
1831 2190
1830 2190
1829 2190
1828 2190
1827 2190
1826 2191
1825 2191
1824 2191
1823 2191
1822 2192
1821 2192
1820 2192
1819 2193
1818 2193
1817 2193
1816 2194
1815 2194
1814 2195
1813 2195
1812 2196
1811 2196
1810 2197
1809 2198
1808 2198
1807 2199
1806 2199
1805 2200
1804 2200
1803 2201
1802 2202
1801 2202
1800 2202
1799 2203
1798 2203
1797 2204
1796 2204
1795 2204
1794 2204
1793 2205
1792 2205
1791 2205
1790 2206
1789 2206
1788 2207
1787 2207
1786 2208
1785 2209
1784 2209
1783 2210
1782 2210
1781 2211
1780 2211
1779 2211
1778 2212
1777 2212
1776 2212
1775 2213
1774 2214
1773 2214
1772 2215
1771 2215
1770 2216
1769 2217
1768 2218
1767 2218
1766 2219
1765 2220
1764 2220
1763 2221
1762 2222
1761 2223
1760 2224
1759 2224
1758 2225
1757 2226
1756 2227
1755 2227
1754 2228
1753 2228
1752 2229
1751 2229
1750 2230
1749 2230
1748 2231
1747 2232
1746 2232
1745 2233
1744 2234
1743 2234
1742 2235
1741 2235
1740 2236
1739 2236
1738 2237
1737 2238
1736 2238
1735 2239
1734 2239
1733 2240
1732 2241
1731 2242
1730 2242
1729 2243
1728 2244
1727 2245
1726 2246
1725 2247
1724 2248
1723 2249
1722 2250
1721 2251
1720 2252
1719 2253
1718 2254
1717 2255
1716 2256
1715 2257
1714 2258
1713 2258
1712 2259
1711 2259
1710 2260
1709 2260
1708 2261
1707 2261
1706 2261
1705 2262
1704 2262
1703 2262
1702 2263
1701 2263
1700 2264
1699 2265
1698 2265
1697 2266
1696 2266
1695 2267
1694 2267
1693 2268
1692 2269
1691 2269
1690 2269
1689 2270
1688 2270
1687 2271
1686 2271
1685 2272
1684 2273
1683 2273
1682 2274
1681 2274
1680 2275
1679 2276
1678 2276
1677 2277
1676 2277
1675 2278
1674 2278
1673 2279
1672 2279
1671 2279
1670 2280
1669 2280
1668 2280
1667 2281
1666 2281
1665 2282
1664 2282
1663 2283
1662 2284
1661 2284
1660 2285
1659 2286
1658 2286
1657 2286
1656 2287
1655 2287
1654 2288
1653 2288
1652 2288
1651 2288
1650 2289
1649 2289
1648 2289
1647 2290
1646 2290
1645 2291
1644 2292
1643 2292
1642 2293
1641 2293
1640 2294
1639 2295
1638 2295
1637 2295
1636 2296
1635 2296
1634 2296
1633 2297
1632 2297
1631 2297
1630 2297
1629 2298
1628 2299
1627 2299
1626 2300
1625 2300
1624 2301
1623 2301
1622 2302
1621 2303
1620 2303
1619 2304
1618 2304
1617 2304
1616 2305
1615 2305
1614 2306
1613 2306
1612 2306
1611 2307
1610 2307
1609 2308
1608 2309
1607 2309
1606 2310
1605 2311
1604 2311
1603 2312
1602 2312
1601 2313
1600 2313
1599 2313
1598 2314
1597 2314
1596 2314
1595 2314
1594 2315
1593 2315
1592 2315
1591 2315
1590 2315
1589 2315
1588 2316
1587 2316
1586 2316
1585 2316
1584 2316
1583 2316
1582 2317
1581 2317
1580 2317
1579 2317
1578 2317
1577 2317
1576 2317
1575 2317
1574 2318
1573 2318
1572 2319
1571 2319
1570 2319
1569 2320
1568 2320
1567 2321
1566 2321
1565 2322
1564 2322
1563 2323
1562 2323
1561 2323
1560 2324
1559 2324
1558 2324
1557 2325
1556 2325
1555 2326
1554 2326
1553 2326
1552 2327
1551 2327
1550 2328
1549 2328
1548 2329
1547 2329
1546 2330
1545 2331
1544 2331
1543 2332
1542 2332
1541 2333
1540 2333
1539 2334
1538 2335
1537 2335
1536 2336
1535 2337
1534 2337
1533 2338
1532 2338
1531 2339
1530 2340
1529 2341
1528 2341
1527 2342
1526 2343
1525 2344
1524 2345
1523 2346
1522 2347
1521 2347
1520 2348
1519 2349
1518 2349
1517 2350
1516 2350
1515 2351
1515 2352
1514 2353
1513 2353
1512 2354
1511 2355
1510 2355
1509 2356
1508 2356
1507 2357
1506 2357
1505 2357
1504 2358
1503 2358
1502 2358
1501 2358
1500 2359
1499 2359
1498 2359
1497 2359
1496 2359
1495 2359
1494 2360
1493 2360
1492 2361
1491 2361
1490 2362
1489 2362
1488 2363
1487 2363
1486 2364
1485 2364
1484 2364
1483 2365
1482 2365
1481 2365
1480 2366
1479 2366
1478 2366
1477 2367
1476 2367
1475 2367
1474 2367
1473 2367
1472 2368
1471 2368
1470 2369
1469 2369
1468 2370
1467 2370
1466 2371
1465 2371
1464 2372
1463 2372
1462 2373
1461 2373
1460 2373
1459 2374
1458 2374
1457 2374
1456 2374
1455 2375
1454 2375
1453 2376
1452 2377
1451 2377
1450 2378
1449 2378
1448 2379
1447 2380
1446 2380
1445 2381
1444 2382
1443 2382
1442 2383
1441 2383
1440 2383
1439 2384
1438 2384
1437 2384
1436 2384
1435 2384
1434 2385
1433 2385
1432 2385
1431 2385
1430 2385
1429 2385
1428 2385
1427 2385
1426 2385
1425 2386
1424 2386
1423 2387
1422 2387
1421 2388
1420 2388
1419 2389
1418 2389
1417 2390
1416 2390
1415 2391
1414 2391
1413 2391
1412 2392
1411 2392
1410 2392
1409 2393
1408 2393
1407 2393
1406 2393
1405 2393
1404 2393
1403 2394
1402 2394
1401 2394
1400 2394
1399 2394
1398 2394
1397 2394
1396 2394
1395 2394
1394 2394
1393 2395
1392 2395
1391 2395
1390 2395
1389 2395
1388 2395
1387 2395
1386 2396
1385 2396
1384 2396
1383 2397
1382 2397
1381 2397
1380 2398
1379 2398
1378 2398
1377 2399
1376 2399
1375 2400
1374 2400
1373 2400
1372 2400
1371 2401
1370 2401
1369 2401
1368 2401
1367 2402
1366 2402
1365 2402
1364 2402
1363 2402
1362 2402
1361 2403
1360 2403
1359 2403
1358 2403
1357 2403
1356 2403
1355 2403
1354 2403
1353 2403
1352 2403
1351 2404
1350 2404
1349 2404
1348 2404
1347 2404
1346 2404
1345 2404
1344 2404
1343 2404
1342 2404
1341 2404
1340 2404
1339 2405
1338 2405
1337 2405
1336 2406
1335 2406
1334 2407
1333 2407
1332 2408
1331 2408
1330 2409
1329 2409
1328 2409
1327 2409
1326 2410
1325 2410
1324 2410
1323 2410
1322 2410
1321 2411
1320 2411
1319 2411
1318 2411
1317 2411
1316 2411
1315 2411
1314 2411
1313 2412
1312 2412
1311 2412
1310 2412
1309 2412
1308 2412
1307 2412
1306 2413
1305 2413
1304 2413
1303 2413
1302 2413
1301 2413
1300 2413
1299 2413
1298 2413
1297 2414
1296 2414
1295 2414
1294 2415
1293 2415
1292 2416
1291 2416
1290 2417
1289 2417
1288 2417
1287 2417
1286 2418
1285 2418
1284 2418
1283 2418
1282 2419
1281 2419
1280 2419
1279 2419
1278 2420
1277 2420
1276 2420
1275 2420
1274 2421
1273 2421
1272 2421
1271 2421
1270 2422
1269 2422
1268 2422
1267 2422
1266 2422
1265 2422
1264 2422
1263 2422
1262 2422
1261 2423
1260 2423
1259 2423
1258 2423
1257 2423
1256 2423
1255 2423
1254 2423
1253 2423
1252 2424
1251 2424
1250 2425
1249 2425
1248 2426
1247 2427
1246 2427
1245 2427
1244 2428
1243 2428
1242 2428
1241 2429
1240 2429
1239 2429
1238 2430
1237 2430
1236 2430
1235 2430
1234 2430
1233 2430
1232 2431
1231 2431
1230 2431
1229 2431
1228 2431
1227 2431
1226 2431
1225 2431
1224 2431
1223 2431
1222 2432
1221 2432
1220 2432
1219 2432
1218 2432
1217 2432
1216 2432
1215 2432
1214 2432
1213 2432
1212 2432
1211 2432
1210 2432
1209 2432
1208 2432
1207 2432
1206 2432
1205 2433
1204 2433
1203 2433
1202 2433
1201 2433
1200 2433
1199 2433
1198 2433
1197 2433
1196 2433
1195 2433
1194 2433
1193 2433
1192 2433
1191 2433
1190 2433
1189 2433
1188 2433
1187 2433
1186 2433
1185 2433
1184 2433
1183 2433
1182 2433
1181 2433
1180 2433
1179 2433
1178 2433
1177 2433
1176 2434
1175 2433
1174 2433
1173 2432
1172 2431
1171 2430
1170 2430
1169 2429
1168 2428
1167 2428
1166 2427
1165 2426
1164 2426
1163 2425
1162 2425
1161 2424
1160 2424
1159 2423
1158 2423
1157 2423
1156 2422
1155 2422
1154 2422
1153 2421
1152 2421
1151 2421
1150 2421
1149 2421
1148 2420
1147 2420
1146 2420
1145 2419
1144 2419
1143 2418
1142 2418
1141 2417
1140 2417
1139 2416
1138 2416
1137 2415
1136 2415
1135 2415
1134 2414
1133 2414
1132 2414
1131 2414
1130 2414
1129 2414
1128 2414
1127 2413
1126 2413
1125 2413
1124 2413
1123 2413
1122 2413
1121 2413
1120 2413
1119 2413
1118 2413
1117 2413
1116 2412
1115 2412
1114 2412
1113 2412
1112 2412
1111 2412
1110 2412
1109 2412
1108 2412
1107 2412
1106 2412
1105 2412
1104 2412
1103 2412
1102 2412
1101 2412
1100 2412
1099 2412
1098 2412
1097 2412
1096 2412
1095 2412
1094 2412
1093 2412
1092 2412
1091 2412
1090 2412
1089 2412
1088 2412
1087 2412
1086 2412
1085 2412
1084 2412
1083 2412
1082 2412
1081 2412
1080 2412
1079 2412
1078 2412
1077 2413
1076 2413
1075 2413
1074 2413
1073 2413
1072 2413
1071 2412
1070 2412
1069 2412
1068 2412
1067 2412
1066 2411
1065 2411
1064 2411
1063 2411
1062 2410
1061 2410
1060 2410
1059 2409
1058 2409
1057 2409
1056 2409
1055 2408
1054 2408
1053 2408
1052 2408
1051 2408
1050 2408
1049 2407
1048 2407
1047 2407
1046 2407
1045 2407
1044 2407
1043 2407
1042 2407
1041 2407
1040 2407
1039 2406
1038 2406
1037 2406
1036 2406
1035 2405
1034 2404
1033 2404
1032 2403
1031 2402
1030 2402
1029 2401
1028 2401
1027 2400
1026 2399
1025 2398
1024 2398
1023 2397
1022 2397
1021 2396
1020 2396
1019 2396
1018 2395
1017 2395
1016 2394
1015 2394
1014 2393
1013 2392
1012 2392
1011 2391
1010 2390
1009 2390
1008 2389
1007 2389
1006 2388
1005 2387
1004 2387
1003 2386
1002 2385
1001 2385
1000 2384
999 2383
998 2382
997 2381
996 2380
995 2380
994 2379
993 2378
992 2377
991 2376
991 2375
990 2374
989 2373
988 2372
987 2371
986 2370
985 2369
984 2368
983 2367
982 2367
981 2366
980 2365
979 2365
978 2364
977 2364
976 2363
975 2363
974 2362
973 2361
972 2360
971 2359
970 2358
969 2358
968 2357
967 2357
966 2356
965 2356
964 2356
963 2355
962 2354
961 2353
961 2352
961 2351
960 2350
960 2349
959 2348
959 2347
958 2346
957 2345
956 2344
955 2343
954 2342
953 2341
953 2340
952 2339
952 2338
951 2337
950 2336
949 2335
948 2334
947 2333
947 2332
946 2331
945 2331
944 2330
943 2329
942 2328
941 2327
940 2327
939 2326
938 2325
937 2324
936 2323
936 2322
935 2321
935 2320
935 2319
934 2318
933 2317
933 2316
932 2315
931 2314
931 2313
930 2312
930 2311
929 2310
929 2309
928 2308
927 2307
927 2306
927 2305
926 2304
926 2303
925 2302
925 2301
924 2300
923 2299
923 2298
922 2297
921 2296
920 2295
920 2294
919 2293
919 2292
918 2291
918 2290
918 2289
917 2288
917 2287
916 2286
915 2285
915 2284
914 2283
913 2282
912 2281
911 2280
910 2279
909 2278
908 2277
907 2276
906 2275
905 2274
905 2273
904 2272
903 2271
903 2270
902 2269
901 2268
900 2267
899 2266
898 2265
898 2264
897 2263
896 2262
896 2261
895 2260
895 2259
894 2258
894 2257
894 2256
893 2255
893 2254
893 2253
892 2252
891 2251
891 2250
890 2249
890 2248
889 2247
888 2246
888 2245
887 2244
886 2243
885 2242
885 2241
885 2240
884 2239
884 2238
883 2237
883 2236
882 2235
882 2234
881 2233
880 2232
879 2231
878 2230
878 2229
878 2228
877 2227
877 2226
876 2225
876 2224
875 2223
874 2222
874 2221
873 2220
872 2219
871 2218
870 2217
870 2216
869 2215
869 2214
868 2213
868 2212
867 2211
867 2210
866 2209
866 2208
866 2207
865 2206
864 2205
864 2204
863 2203
863 2202
862 2201
861 2200
861 2199
861 2198
860 2197
860 2196
859 2195
859 2194
859 2193
859 2192
858 2191
858 2190
858 2189
857 2188
857 2187
857 2186
857 2185
857 2184
856 2183
856 2182
856 2181
856 2180
856 2179
856 2178
855 2177
855 2176
855 2175
855 2174
855 2173
854 2172
854 2171
853 2170
853 2169
852 2168
852 2167
851 2166
851 2165
851 2164
850 2163
850 2162
850 2161
850 2160
849 2159
849 2158
849 2157
849 2156
848 2155
848 2154
848 2153
848 2152
848 2151
848 2150
847 2149
847 2148
847 2147
847 2146
847 2145
847 2144
846 2143
846 2142
846 2141
846 2140
846 2139
846 2138
845 2137
845 2136
845 2135
844 2134
843 2133
843 2132
842 2131
842 2130
841 2129
841 2128
840 2127
839 2126
839 2125
838 2124
837 2123
836 2122
835 2121
835 2120
834 2119
834 2118
833 2117
832 2116
831 2115
830 2114
829 2113
828 2112
828 2111
827 2110
826 2109
826 2108
825 2107
824 2106
823 2105
822 2104
821 2103
821 2102
820 2101
819 2100
818 2099
818 2098
817 2097
816 2096
816 2095
815 2094
814 2093
813 2092
813 2091
812 2090
811 2089
810 2088
809 2087
808 2086
807 2085
806 2084
805 2084
804 2083
803 2082
803 2081
802 2080
801 2079
801 2078
800 2077
799 2076
798 2075
797 2074
796 2074
795 2073
794 2073
793 2072
792 2071
792 2070
791 2069
790 2068
789 2067
788 2066
787 2066
786 2065
785 2064
785 2063
784 2062
784 2061
783 2060
782 2059
782 2058
781 2057
780 2056
779 2055
778 2054
777 2053
777 2052
776 2051
776 2050
775 2049
775 2048
774 2047
774 2046
773 2045
773 2044
772 2043
772 2042
771 2041
771 2040
770 2039
769 2038
769 2037
768 2036
768 2035
768 2034
767 2033
767 2032
767 2031
766 2030
766 2029
766 2028
765 2027
765 2026
765 2025
764 2024
763 2023
763 2022
762 2021
761 2020
761 2019
760 2018
759 2017
759 2016
758 2015
758 2014
758 2013
757 2012
757 2011
757 2010
756 2009
756 2008
756 2007
755 2006
755 2005
755 2004
755 2003
755 2002
755 2001
755 2000
755 1999
754 1998
754 1997
754 1996
753 1995
753 1994
753 1993
752 1992
752 1991
752 1990
751 1989
751 1988
750 1987
750 1986
750 1985
749 1984
749 1983
749 1982
748 1981
748 1980
748 1979
748 1978
747 1977
747 1976
747 1975
747 1974
747 1973
746 1972
746 1971
746 1970
746 1969
746 1968
745 1967
745 1966
745 1965
744 1964
744 1963
743 1962
743 1961
743 1960
742 1959
742 1958
741 1957
740 1956
740 1955
739 1954
738 1953
737 1952
737 1951
736 1950
735 1949
735 1948
734 1947
734 1946
733 1945
733 1944
732 1943
732 1942
731 1941
731 1940
730 1939
729 1938
729 1937
728 1936
727 1935
727 1934
726 1933
726 1932
725 1931
724 1930
724 1929
723 1928
723 1927
723 1926
722 1925
722 1924
722 1923
722 1922
721 1921
721 1920
720 1919
720 1918
719 1917
719 1916
718 1915
717 1914
717 1913
716 1912
716 1911
715 1910
715 1909
714 1908
714 1907
713 1906
712 1905
711 1904
710 1903
709 1902
709 1901
708 1900
707 1899
707 1898
707 1897
706 1896
706 1895
706 1894
705 1893
705 1892
704 1891
704 1890
703 1889
703 1888
702 1887
702 1886
701 1885
701 1884
700 1883
699 1882
699 1881
698 1880
698 1879
697 1878
696 1877
695 1876
695 1875
694 1874
693 1873
692 1872
691 1871
690 1870
690 1869
689 1868
689 1867
689 1866
688 1865
688 1864
688 1863
688 1862
687 1861
687 1860
687 1859
687 1858
687 1857
687 1856
686 1855
686 1854
686 1853
686 1852
686 1851
686 1850
686 1849
686 1848
686 1847
686 1846
685 1845
685 1844
685 1843
685 1842
685 1841
685 1840
685 1839
685 1838
685 1837
685 1836
685 1835
685 1834
685 1833
685 1832
685 1831
684 1830
684 1829
684 1828
684 1827
684 1826
684 1825
684 1824
684 1823
684 1822
684 1821
684 1820
684 1819
684 1818
684 1817
684 1816
684 1815
684 1814
684 1813
684 1812
684 1811
684 1810
684 1809
684 1808
684 1807
684 1806
684 1805
684 1804
684 1803
683 1802
683 1801
683 1800
683 1799
683 1798
683 1797
683 1796
683 1795
683 1794
683 1793
683 1792
683 1791
683 1790
683 1789
683 1788
683 1787
683 1786
683 1785
683 1784
683 1783
684 1782
684 1781
684 1780
685 1779
685 1778
685 1777
686 1776
686 1775
686 1774
687 1773
687 1772
687 1771
687 1770
687 1769
688 1768
688 1767
688 1766
688 1765
688 1764
688 1763
688 1762
689 1761
689 1760
689 1759
689 1758
689 1757
689 1756
689 1755
689 1754
689 1753
689 1752
689 1751
690 1750
690 1749
690 1748
691 1747
691 1746
692 1745
692 1744
692 1743
693 1742
693 1741
693 1740
694 1739
694 1738
694 1737
694 1736
694 1735
694 1734
695 1733
695 1732
695 1731
695 1730
696 1729
696 1728
697 1727
698 1726
698 1725
699 1724
699 1723
700 1722
700 1721
701 1720
701 1719
702 1718
702 1717
702 1716
703 1715
703 1714
704 1713
705 1712
706 1711
707 1710
708 1709
708 1708
709 1707
709 1706
709 1705
710 1704
710 1703
710 1702
710 1701
710 1700
711 1699
711 1698
711 1697
711 1696
712 1695
712 1694
713 1693
714 1692
714 1691
715 1690
715 1689
716 1688
717 1687
718 1686
719 1685
720 1684
721 1684
722 1683
723 1682
724 1681
724 1680
725 1679
725 1678
726 1677
727 1676
727 1675
728 1674
729 1673
729 1672
729 1671
730 1670
730 1669
730 1668
731 1667
731 1666
732 1665
732 1664
733 1663
733 1662
734 1661
735 1660
735 1659
736 1658
736 1657
737 1656
738 1655
738 1654
739 1653
739 1652
739 1651
740 1650
740 1649
740 1648
741 1647
741 1646
742 1645
742 1644
743 1643
744 1642
744 1641
745 1640
745 1639
746 1638
747 1637
747 1636
748 1635
748 1634
749 1633
749 1632
750 1631
751 1630
751 1629
752 1628
752 1627
753 1626
753 1625
754 1624
754 1623
754 1622
755 1621
755 1620
756 1619
757 1618
757 1617
758 1616
759 1615
760 1614
760 1613
761 1612
762 1611
762 1610
763 1609
763 1608
763 1607
764 1606
765 1605
766 1604
767 1603
768 1603
769 1602
770 1601
770 1600
770 1599
771 1598
771 1597
771 1596
772 1595
773 1594
774 1594
775 1594
776 1593
777 1593
778 1592
779 1591
780 1591
781 1590
782 1589
783 1588
784 1587
785 1586
786 1586
787 1585
788 1585
789 1584
790 1584
791 1584
792 1583
793 1583
794 1583
795 1583
796 1583
797 1582
798 1582
799 1582
800 1582
801 1581
802 1581
803 1580
804 1580
805 1580
806 1579
807 1579
808 1578
809 1578
810 1577
811 1577
812 1577
813 1576
814 1576
815 1576
816 1576
817 1575
818 1575
819 1575
820 1575
821 1574
822 1574
823 1574
824 1574
825 1574
826 1574
827 1573
828 1573
829 1573
830 1573
831 1573
832 1573
833 1573
834 1573
835 1573
836 1573
837 1572
838 1572
839 1572
840 1572
841 1572
842 1572
843 1572
844 1572
845 1572
846 1572
847 1572
848 1572
849 1571
850 1571
851 1570
852 1570
853 1569
854 1568
855 1568
856 1568
857 1567
858 1567
859 1566
860 1566
861 1566
862 1565
863 1565
864 1565
865 1565
866 1564
867 1564
868 1564
869 1564
870 1564
871 1564
872 1564
873 1564
874 1564
875 1563
876 1563
877 1563
878 1563
879 1563
880 1563
881 1563
882 1563
883 1563
884 1563
885 1563
886 1563
887 1563
888 1563
889 1562
890 1562
891 1562
892 1562
893 1562
894 1562
895 1562
896 1562
897 1562
898 1562
899 1562
900 1562
901 1562
902 1562
903 1562
904 1562
905 1562
906 1562
907 1562
908 1562
909 1562
910 1562
911 1562
912 1561
913 1561
914 1561
915 1561
916 1561
917 1561
918 1561
919 1561
920 1561
921 1561
922 1561
923 1561
924 1561
925 1561
926 1561
927 1561
928 1561
929 1561
930 1561
931 1561
932 1561
933 1561
934 1561
935 1561
936 1561
937 1561
938 1561
939 1561
940 1561
941 1561
942 1561
943 1560
944 1560
945 1560
946 1560
947 1560
948 1560
949 1560
950 1560
951 1560
952 1559
953 1559
954 1558
955 1558
956 1557
957 1557
958 1556
959 1556
960 1556
961 1555
962 1555
963 1555
964 1554
965 1553
966 1553
967 1552
968 1552
969 1551
970 1551
971 1550
972 1550
973 1549
974 1549
975 1548
976 1548
977 1548
978 1547
979 1547
980 1547
981 1547
982 1546
983 1546
984 1546
985 1546
986 1545
987 1545
988 1545
989 1545
990 1545
991 1545
992 1544
993 1544
994 1544
995 1544
996 1544
997 1544
998 1544
999 1544
1000 1544
1001 1544
1002 1543
1003 1543
1004 1543
1005 1543
1006 1543
1007 1543
1008 1543
1009 1543
1010 1543
1011 1543
1012 1543
1013 1543
1014 1543
1015 1542
1016 1542
1017 1542
1018 1541
1019 1540
1020 1540
1021 1539
1022 1539
1023 1538
1024 1538
1025 1538
1026 1537
1027 1537
1028 1537
1029 1536
1030 1536
1031 1536
1032 1536
1033 1535
1034 1535
1035 1535
1036 1535
1037 1535
1038 1535
1039 1535
1040 1535
1041 1535
1042 1534
1043 1534
1044 1534
1045 1534
1046 1534
1047 1534
1048 1534
1049 1534
1050 1534
1051 1534
1052 1534
1053 1534
1054 1534
1055 1534
1056 1534
1057 1534
1058 1533
1059 1533
1060 1533
1061 1532
1062 1532
1063 1531
1064 1531
1065 1531
1066 1530
1067 1530
1068 1529
1069 1529
1070 1529
1071 1528
1072 1528
1073 1528
1074 1528
1075 1527
1076 1527
1077 1527
1078 1527
1079 1527
1080 1527
1081 1526
1082 1526
1083 1526
1084 1526
1085 1526
1086 1526
1087 1526
1088 1526
1089 1525
1090 1525
1091 1525
1092 1525
1093 1525
1094 1525
1095 1525
1096 1525
1097 1525
1098 1525
1099 1525
1100 1524
1101 1524
1102 1524
1103 1524
1104 1524
1105 1524
1106 1524
1107 1524
1108 1524
1109 1524
1110 1524
1111 1524
1112 1524
1113 1524
1114 1524
1115 1524
1116 1524
1117 1524
1118 1524
1119 1524
1120 1524
1121 1523
1122 1523
1123 1523
1124 1523
1125 1523
1126 1523
1127 1523
1128 1523
1129 1523
1130 1523
1131 1523
1132 1523
1133 1523
1134 1523
1135 1523
1136 1523
1137 1523
1138 1523
1139 1523
1140 1523
1141 1523
1142 1523
1143 1523
1144 1523
1145 1523
1146 1523
1147 1523
1148 1522
1149 1522
1150 1522
1151 1522
1152 1522
1153 1522
1154 1522
1155 1522
1156 1522
1157 1522
1158 1522
1159 1522
1160 1522
1161 1522
1162 1522
1163 1522
1164 1522
1165 1522
1166 1522
1167 1522
1168 1522
1169 1522
1170 1522
1171 1522
1172 1522
1173 1522
1174 1522
1175 1522
1175 1521
1174 1521
1173 1520
1172 1520
1171 1520
1170 1519
1169 1519
1168 1518
1167 1518
1166 1517
1165 1517
1164 1516
1163 1516
1162 1515
1161 1515
1160 1515
1159 1514
1158 1514
1157 1513
1156 1513
1155 1513
1154 1512
1153 1512
1152 1512
1151 1511
1150 1511
1149 1511
1148 1511
1147 1510
1146 1510
1145 1510
1144 1510
1143 1509
1142 1509
1141 1508
1140 1508
1139 1508
1138 1507
1137 1507
1136 1506
1135 1506
1134 1506
1133 1505
1132 1505
1131 1505
1130 1504
1129 1504
1128 1504
1127 1504
1126 1504
1125 1503
1124 1503
1123 1503
1122 1503
1121 1503
1120 1503
1119 1502
1118 1502
1117 1502
1116 1502
1115 1502
1114 1502
1113 1502
1112 1502
1111 1502
1110 1502
1109 1501
1108 1501
1107 1501
1106 1501
1105 1501
1104 1501
1103 1501
1102 1501
1101 1501
1100 1501
1099 1500
1098 1500
1097 1499
1096 1498
1095 1498
1094 1497
1093 1497
1092 1497
1091 1496
1090 1496
1089 1496
1088 1496
1087 1496
1086 1495
1085 1495
1084 1495
1083 1495
1082 1495
1081 1495
1080 1495
1079 1495
1078 1494
1077 1494
1076 1494
1075 1494
1074 1494
1073 1494
1072 1494
1071 1494
1070 1494
1069 1494
1068 1494
1067 1494
1066 1494
1065 1493
1064 1493
1063 1492
1062 1492
1061 1491
1060 1491
1059 1490
1058 1490
1057 1490
1056 1489
1055 1489
1054 1489
1053 1489
1052 1489
1051 1488
1050 1488
1049 1488
1048 1488
1047 1488
1046 1488
1045 1488
1044 1487
1043 1487
1042 1487
1041 1487
1040 1487
1039 1487
1038 1487
1037 1487
1036 1487
1035 1487
1034 1487
1033 1487
1032 1487
1031 1487
1030 1487
1029 1487
1028 1487
1027 1487
1026 1487
1025 1487
1024 1487
1023 1487
1022 1487
1021 1487
1020 1487
1019 1487
1018 1487
1017 1487
1016 1487
1015 1487
1014 1487
1013 1487
1012 1487
1011 1487
1010 1487
1009 1487
1008 1487
1007 1487
1006 1487
1005 1487
1004 1487
1003 1487
1002 1487
1001 1487
1000 1487
