2756 1493
2755 1494
2754 1494
2753 1494
2752 1494
2751 1495
2750 1495
2749 1495
2748 1496
2747 1496
2746 1496
2745 1496
2744 1497
2743 1497
2742 1497
2741 1497
2740 1497
2739 1498
2738 1498
2737 1499
2736 1500
2735 1501
2734 1501
2733 1502
2732 1503
2731 1503
2730 1504
2729 1504
2728 1505
2727 1505
2726 1506
2725 1506
2724 1507
2723 1507
2722 1507
2721 1508
2720 1508
2719 1509
2718 1509
2717 1510
2716 1510
2715 1511
2714 1511
2713 1512
2712 1512
2711 1513
2710 1513
2709 1513
2708 1513
2707 1514
2706 1514
2705 1515
2704 1515
2703 1516
2702 1516
2701 1517
2700 1518
2699 1518
2698 1519
2697 1520
2696 1521
2695 1522
2694 1523
2693 1524
2692 1524
2691 1525
2690 1526
2689 1527
2688 1528
2687 1528
2686 1529
2685 1530
2684 1530
2683 1530
2682 1531
2681 1531
2680 1532
2679 1532
2678 1533
2677 1533
2676 1534
2675 1535
2674 1536
2673 1536
2672 1537
2671 1537
2670 1538
2669 1539
2668 1539
2667 1540
2666 1541
2665 1542
2664 1543
2663 1544
2662 1545
2661 1545
2660 1546
2659 1547
2658 1548
2657 1548
2656 1549
2655 1549
2654 1549
2653 1550
2652 1550
2651 1551
2650 1552
2650 1553
2649 1554
2648 1555
2647 1556
2646 1557
2645 1558
2644 1559
2643 1559
2643 1560
2642 1561
2641 1562
2640 1563
2639 1564
2638 1565
2638 1566
2637 1567
2636 1568
2635 1569
2634 1570
2633 1571
2632 1572
2632 1573
2631 1574
2630 1575
2629 1576
2628 1577
2627 1577
2626 1578
2625 1579
2624 1580
2623 1581
2622 1582
2621 1583
2620 1584
2619 1585
2618 1586
2617 1587
2616 1588
2615 1589
2614 1590
2613 1591
2612 1592
2611 1593
2610 1594
2609 1595
2608 1596
2608 1597
2607 1598
2606 1599
2605 1600
2604 1601
2603 1602
2602 1603
2601 1604
2600 1605
2599 1606
2598 1607
2597 1608
2597 1609
2596 1610
2596 1611
2595 1612
2594 1613
2594 1614
2593 1615
2593 1616
2592 1617
2591 1618
2591 1619
2591 1620
2590 1621
2590 1622
2589 1623
2588 1624
2588 1625
2587 1626
2586 1627
2585 1628
2584 1629
2583 1629
2582 1630
2582 1631
2581 1632
2580 1633
2579 1634
2578 1635
2578 1636
2577 1637
2576 1638
2576 1639
2575 1640
2574 1641
2573 1642
2572 1643
2572 1644
2571 1645
2570 1646
2569 1647
2569 1648
2568 1649
2567 1650
2566 1651
2566 1652
2565 1653
2564 1654
2563 1655
2563 1656
2562 1657
2561 1658
2561 1659
2560 1660
2559 1661
2559 1662
2558 1663
2557 1664
2556 1665
2556 1666
2555 1667
2555 1668
2554 1669
2553 1670
2553 1671
2552 1672
2552 1673
2551 1674
2550 1675
2550 1676
2549 1677
2548 1678
2548 1679
2547 1680
2546 1681
2545 1682
2545 1683
2544 1684
2543 1685
2542 1686
2541 1687
2540 1688
2540 1689
2539 1690
2538 1691
2537 1692
2537 1693
2536 1694
2535 1695
2535 1696
2534 1697
2534 1698
2533 1699
2532 1700
2532 1701
2531 1702
2531 1703
2530 1704
2529 1705
2528 1705
2527 1706
2526 1707
2525 1708
2524 1709
2523 1710
2522 1711
2521 1711
2520 1712
2519 1713
2518 1713
2517 1714
2516 1715
2515 1715
2514 1716
2513 1716
2512 1717
2511 1718
2510 1719
2509 1719
2508 1720
2507 1721
2506 1722
2505 1723
2504 1724
2503 1725
2502 1726
2501 1727
2500 1728
2499 1729
2498 1730
2497 1731
2496 1732
2495 1733
2494 1734
2493 1734
2492 1735
2491 1736
2490 1737
2489 1737
2488 1738
2487 1739
2486 1739
2485 1740
2484 1741
2483 1741
2482 1742
2481 1742
2480 1743
2479 1744
2478 1745
2477 1746
2476 1746
2475 1747
2474 1748
2473 1748
2472 1748
2471 1749
2470 1749
2469 1750
2468 1750
2467 1751
2466 1751
2465 1752
2464 1753
2463 1753
2462 1753
2461 1754
2460 1754
2459 1754
2458 1754
2457 1755
2456 1755
2455 1756
2454 1756
2453 1757
2452 1757
2451 1758
2450 1759
2449 1759
2448 1759
2447 1760
2446 1760
2445 1760
2444 1761
2443 1761
2442 1761
2441 1761
2440 1761
2439 1762
2438 1762
2437 1762
2436 1762
2435 1763
2434 1764
2433 1765
2432 1766
2431 1766
2430 1766
2429 1767
2428 1767
2427 1767
2426 1768
2425 1768
2424 1768
2423 1768
2422 1768
2421 1769
2420 1769
2419 1769
2418 1770
2417 1770
2416 1770
2415 1771
2414 1771
2413 1772
2412 1772
2411 1772
2410 1772
2409 1772
2408 1773
2407 1773
2406 1773
2405 1773
2404 1773
2403 1773
2402 1774
2401 1774
2400 1774
2399 1774
2398 1775
2397 1775
2396 1775
2395 1776
2394 1776
2393 1776
2392 1777
2391 1777
2390 1777
2389 1778
2388 1778
2387 1778
2386 1778
2385 1779
2384 1779
2383 1780
2382 1780
2381 1781
2380 1782
2379 1782
2378 1783
2377 1783
2376 1783
2375 1783
2374 1784
2373 1784
2372 1784
2371 1784
2370 1785
2369 1785
2368 1785
2367 1785
2366 1785
2365 1785
2364 1786
2363 1786
2362 1786
2361 1786
2360 1787
2359 1787
2358 1788
2357 1788
2356 1789
2355 1789
2354 1789
2353 1790
2352 1790
2351 1790
2350 1790
2349 1791
2348 1791
2347 1791
2346 1791
2345 1791
2344 1791
2343 1791
2342 1792
2341 1792
2340 1792
2339 1793
2338 1793
2337 1793
2336 1793
2335 1794
2334 1794
2333 1794
2332 1795
2331 1795
2330 1795
2329 1796
2328 1796
2327 1796
2326 1796
2325 1797
2324 1797
2323 1797
2322 1797
2321 1797
2320 1797
2319 1798
2318 1798
2317 1798
2316 1798
2315 1798
2314 1798
2313 1798
2312 1798
2311 1798
2310 1798
2309 1798
2308 1798
2307 1799
2306 1799
2305 1799
2304 1800
2303 1800
2302 1801
2301 1801
2300 1802
2299 1802
2298 1803
2297 1804
2296 1804
2295 1805
2294 1805
2293 1806
2292 1806
2291 1807
2290 1807
2289 1807
2288 1808
2287 1808
2286 1808
2285 1808
2284 1809
2283 1809
2282 1809
2281 1809
2280 1809
2279 1809
2278 1810
2277 1810
2276 1810
2275 1810
2274 1810
2273 1810
2272 1810
2271 1810
2270 1811
2269 1811
2268 1811
2267 1812
2266 1812
2265 1812
2264 1813
2263 1813
2262 1813
2261 1814
2260 1814
2259 1814
2258 1814
2257 1815
2256 1815
2255 1815
2254 1815
2253 1815
2252 1815
2251 1815
2250 1816
2249 1816
2248 1816
2247 1816
2246 1816
2245 1816
2244 1816
2243 1816
2242 1816
2241 1817
2240 1817
2239 1817
2238 1817
2237 1818
2236 1818
2235 1818
2234 1819
2233 1819
2232 1820
2231 1820
2230 1820
2229 1820
2228 1821
2227 1821
2226 1821
2225 1821
2224 1821
2223 1821
2222 1821
2221 1822
2220 1822
2219 1822
2218 1822
2217 1822
2216 1822
2215 1822
2214 1822
2213 1822
2212 1822
2211 1822
2210 1822
2209 1823
2208 1823
2207 1823
2206 1824
2205 1824
2204 1825
2203 1825
2202 1825
2201 1826
2200 1826
2199 1827
2198 1827
2197 1828
2196 1828
2195 1829
2194 1829
2193 1830
2192 1830
2191 1831
2190 1831
2189 1831
2188 1831
2187 1832
2186 1832
2185 1832
2184 1832
2183 1833
2182 1833
2181 1833
2180 1833
2179 1834
2178 1834
2177 1834
2176 1834
2175 1834
2174 1834
2173 1835
2172 1835
2171 1836
2170 1836
2169 1837
2168 1837
2167 1838
2166 1838
2165 1838
2164 1839
2163 1839
2162 1839
2161 1839
2160 1839
2159 1840
2158 1840
2157 1840
2156 1840
2155 1840
2154 1840
2153 1840
2152 1840
2151 1840
2150 1840
2149 1841
2148 1841
2147 1841
2146 1841
2145 1842
2144 1842
2143 1842
2142 1842
2141 1842
2140 1843
2139 1843
2138 1843
2137 1843
2136 1844
2135 1844
2134 1844
2133 1844
2132 1845
2131 1845
2130 1845
2129 1845
2128 1846
2127 1846
2126 1846
2125 1847
2124 1847
2123 1847
2122 1848
2121 1848
2120 1848
2119 1848
2118 1849
2117 1849
2116 1849
2115 1849
2114 1850
2113 1850
2112 1850
2111 1850
2110 1850
2109 1851
2108 1851
2107 1851
2106 1851
2105 1851
2104 1852
2103 1852
2102 1852
2101 1852
2100 1853
2099 1853
2098 1853
2097 1854
2096 1854
2095 1854
2094 1854
2093 1855
2092 1855
2091 1855
2090 1856
2089 1856
2088 1856
2087 1856
2086 1857
2085 1857
2084 1857
2083 1857
2082 1857
2081 1857
2080 1858
2079 1858
2078 1858
2077 1858
2076 1858
2075 1858
2074 1858
2073 1858
2072 1858
2071 1858
2070 1858
2069 1858
2068 1859
2067 1859
2066 1859
2065 1859
2064 1859
2063 1859
2062 1859
2061 1859
2060 1859
2059 1859
2058 1859
2057 1859
2056 1859
2055 1859
2054 1859
2053 1859
2052 1859
2051 1859
2050 1859
2049 1859
2048 1859
2047 1859
2046 1859
2045 1859
2044 1859
2043 1860
2042 1860
2041 1860
2040 1860
2039 1861
2038 1861
2037 1861
2036 1862
2035 1862
2034 1862
2033 1862
2032 1863
2031 1863
2030 1863
2029 1863
2028 1863
2027 1863
2026 1864
2025 1864
2024 1864
2023 1864
2022 1864
2021 1865
2020 1865
2019 1865
2018 1866
2017 1866
2016 1867
2015 1867
2014 1868
2013 1868
2012 1868
2011 1868
2010 1869
2009 1869
2008 1869
2007 1869
2006 1869
2005 1870
2004 1870
2003 1870
2002 1870
2001 1870
2000 1870
1999 1870
1998 1870
1997 1871
1996 1871
1995 1871
1994 1872
1993 1872
1992 1872
1991 1873
1990 1873
1989 1873
1988 1874
1987 1874
1986 1874
1985 1874
1984 1875
1983 1875
1982 1876
1981 1876
1980 1877
1979 1877
1978 1878
1977 1878
1976 1879
1975 1879
1974 1880
1973 1880
1972 1880
1971 1881
1970 1881
1969 1881
1968 1881
1967 1881
1966 1881
1965 1882
1964 1882
1963 1882
1962 1882
1961 1882
1960 1882
1959 1883
1958 1883
1957 1884
1956 1884
1955 1884
1954 1885
1953 1885
1952 1885
1951 1886
1950 1886
1949 1886
1948 1886
1947 1887
1946 1887
1945 1887
1944 1887
1943 1887
1942 1887
1941 1888
1940 1888
1939 1888
1938 1888
1937 1888
1936 1888
1935 1888
1934 1888
1933 1889
1932 1889
1931 1889
1930 1889
1929 1890
1928 1890
1927 1890
1926 1891
1925 1891
1924 1891
1923 1891
1922 1892
1921 1892
1920 1892
1919 1892
1918 1893
1917 1893
1916 1893
1915 1893
1914 1893
1913 1893
1912 1894
1911 1894
1910 1894
1909 1894
1908 1894
1907 1895
1906 1895
1905 1895
1904 1896
1903 1896
1902 1896
1901 1897
1900 1897
1899 1898
1898 1898
1897 1898
1896 1899
1895 1899
1894 1900
1893 1900
1892 1900
1891 1901
1890 1901
1889 1902
1888 1902
1887 1902
1886 1903
1885 1903
1884 1903
1883 1904
1882 1904
1881 1904
1880 1905
1879 1905
1878 1905
1877 1905
1876 1905
1875 1906
1874 1906
1873 1906
1872 1907
1871 1907
1870 1908
1869 1908
1868 1909
1867 1909
1866 1909
1865 1910
1864 1910
1863 1910
1862 1910
1861 1911
1860 1911
1859 1912
1858 1912
1857 1913
1856 1913
1855 1914
1854 1914
1853 1915
1852 1915
1851 1915
1850 1916
1849 1916
1848 1916
1847 1916
1846 1917
1845 1917
1844 1917
1843 1917
1842 1918
1841 1918
1840 1919
1839 1919
1838 1920
1837 1920
1836 1921
1835 1922
1834 1923
1833 1923
1832 1924
1831 1924
1830 1925
1829 1926
1828 1926
1827 1926
1826 1927
1825 1927
1824 1928
1823 1928
1822 1929
1821 1929
1820 1930
1819 1930
1818 1930
1817 1931
1816 1931
1815 1932
1814 1932
1813 1933
1812 1933
1811 1933
1810 1934
1809 1934
1808 1934
1807 1934
1806 1935
1805 1936
1804 1936
1803 1936
1802 1937
1801 1938
1800 1938
1799 1939
1798 1939
1797 1940
1796 1940
1795 1941
1794 1942
1793 1942
1793 1943
1792 1944
1791 1944
1790 1945
1789 1946
1788 1947
1787 1948
1786 1949
1785 1949
1784 1950
1783 1951
1782 1951
1781 1951
1780 1952
1779 1953
1778 1953
1777 1954
1776 1954
1775 1955
1774 1955
1773 1956
1772 1956
1771 1957
1770 1957
1769 1958
1768 1959
1767 1959
1766 1960
1765 1960
1764 1961
1763 1962
1762 1962
1761 1962
1760 1963
1759 1964
1758 1964
1757 1965
1756 1965
1755 1965
1755 1966
1754 1967
1753 1967
1752 1967
1751 1968
1750 1968
1749 1968
1748 1969
1747 1969
1746 1970
1745 1970
1744 1970
1743 1971
1742 1971
1741 1972
1740 1972
1739 1973
1738 1973
1737 1974
1736 1975
1735 1976
1734 1977
1733 1977
1732 1978
1731 1979
1730 1980
1729 1981
1728 1982
1727 1983
1726 1983
1725 1984
1724 1985
1723 1985
1722 1986
1721 1986
1720 1987
1719 1987
1718 1988
1717 1988
1716 1988
1715 1989
1714 1989
1713 1990
1712 1990
1711 1991
1710 1991
1709 1992
1708 1992
1707 1993
1706 1994
1705 1995
1704 1995
1703 1995
1702 1996
1701 1996
1700 1997
1699 1998
1698 1998
1697 1999
1696 2000
1695 2000
1694 2000
1693 2001
1692 2001
1691 2001
1691 2002
1691 2003
1691 2004
1690 2005
1689 2005
1688 2005
1687 2005
1686 2005
1685 2006
1684 2007
1683 2007
1682 2008
1681 2009
1680 2009
1679 2010
1678 2011
1677 2012
1676 2012
1675 2012
1674 2013
1673 2013
1672 2013
1671 2014
1670 2014
1669 2015
1668 2016
1667 2017
1666 2017
1665 2017
1664 2018
1663 2018
1662 2018
1662 2019
1662 2020
1661 2021
1660 2021
1659 2021
1658 2022
1657 2023
1657 2024
1656 2025
1655 2025
1654 2025
1653 2024
1652 2024
1651 2025
1650 2025
1649 2026
1648 2026
1648 2027
1648 2028
1648 2029
1647 2030
1646 2030
1645 2030
1644 2031
1643 2031
1643 2032
1642 2033
1641 2033
1640 2033
1639 2033
1638 2032
1638 2031
1637 2031
1636 2032
1635 2033
1634 2033
1633 2033
1633 2034
1633 2035
1632 2036
1631 2036
1630 2036
1629 2037
1628 2037
1627 2037
1626 2038
1625 2038
1625 2039
1625 2040
1625 2041
1624 2042
1623 2042
1622 2042
1621 2042
1620 2041
1620 2040
1620 2041
1620 2042
1619 2043
1619 2044
1619 2045
1618 2046
1617 2046
1616 2046
1615 2046
1614 2046
1613 2046
1612 2045
1611 2045
1611 2046
1610 2047
1610 2048
1610 2049
1609 2050
1609 2051
1608 2052
1607 2052
1606 2052
1605 2052
1604 2052
1603 2052
1603 2053
1602 2054
1601 2054
1601 2055
1601 2056
1601 2057
1600 2058
1599 2058
1598 2058
1597 2057
1596 2056
1595 2057
1594 2057
1593 2057
1592 2057
1592 2058
1591 2059
1590 2060
1589 2060
1589 2061
1589 2062
1588 2063
1587 2063
1586 2063
1585 2063
1584 2062
1584 2063
1584 2064
1583 2065
1582 2065
1581 2065
1580 2064
1580 2065
1580 2066
1580 2067
1579 2068
1578 2068
1577 2068
1576 2068
1575 2068
1574 2068
1574 2069
1574 2070
1574 2071
1573 2072
1572 2072
1571 2072
1570 2072
1569 2071
1569 2070
1569 2071
1568 2072
1567 2072
1566 2072
1565 2071
1565 2072
1565 2073
1565 2074
1565 2075
1564 2076
1563 2076
1562 2076
1561 2076
1560 2076
1559 2076
1558 2076
1557 2076
1556 2076
1555 2076
1555 2077
1555 2078
1555 2079
1554 2080
1553 2080
1552 2080
1551 2079
1551 2078
1551 2077
1550 2077
1549 2077
1548 2078
1547 2079
1546 2079
1545 2080
1544 2080
1544 2081
1544 2082
1544 2083
1543 2084
1542 2085
1541 2085
1540 2085
1539 2085
1538 2084
1538 2085
1538 2086
1538 2087
1538 2088
1537 2089
1536 2090
1535 2090
1534 2090
1533 2090
1532 2090
1531 2090
1530 2090
1529 2091
1528 2092
1527 2093
1526 2093
1525 2093
1524 2092
1523 2091
1522 2090
1522 2089
1522 2088
1522 2087
1522 2088
1522 2089
1522 2090
1522 2091
1522 2092
1522 2093
1521 2094
1520 2094
1519 2095
1519 2096
1520 2097
1520 2098
1520 2099
1519 2100
1518 2100
1517 2100
1516 2100
1515 2100
1514 2099
1514 2098
1514 2097
1514 2096
1514 2095
1514 2094
1514 2093
1513 2093
1512 2093
1511 2093
1510 2094
1510 2095
1509 2096
1509 2097
1509 2098
1509 2099
1509 2100
1509 2101
1508 2102
1507 2103
1507 2104
1507 2105
1507 2106
1506 2107
1505 2107
1505 2108
1505 2109
1504 2110
1503 2110
1502 2111
1502 2112
1501 2113
1500 2113
1499 2113
1498 2112
1498 2111
1497 2111
1496 2112
1496 2113
1496 2114
1496 2115
1495 2116
1494 2116
1493 2116
1493 2117
1493 2118
1493 2119
1492 2120
1491 2120
1490 2120
1489 2120
1488 2120
1488 2121
1487 2122
1486 2122
1485 2122
1484 2121
1484 2122
1483 2123
1483 2124
1482 2125
1481 2125
1480 2125
1480 2126
1479 2127
1479 2128
1478 2129
1477 2129
1476 2129
1475 2128
1475 2127
1474 2128
1473 2128
1472 2128
1471 2129
1470 2129
1469 2129
1468 2129
1467 2129
1467 2130
1467 2131
1466 2132
1465 2133
1464 2133
1463 2133
1462 2132
1462 2131
1461 2131
1461 2132
1461 2133
1461 2134
1460 2135
1459 2136
1458 2136
1457 2136
1456 2135
1456 2136
1455 2137
1454 2137
1453 2137
1452 2137
1451 2138
1450 2139
1449 2139
1448 2139
1447 2139
1446 2138
1446 2137
1446 2138
1446 2139
1445 2140
1444 2140
1443 2141
1442 2141
1441 2141
1440 2142
1439 2142
1438 2142
1437 2142
1436 2141
1435 2142
1434 2142
1433 2142
1432 2142
1431 2142
1430 2142
1430 2143
1430 2144
1430 2145
1429 2146
1428 2146
1427 2146
1427 2147
1426 2148
1425 2148
1424 2148
1423 2148
1422 2148
1421 2148
1420 2149
1419 2150
1418 2150
1417 2151
1416 2151
1415 2151
1414 2151
1413 2150
1413 2151
1412 2152
1411 2152
1410 2152
1409 2152
1408 2152
1407 2152
1406 2152
1405 2153
1404 2153
1404 2154
1403 2155
1402 2155
1401 2156
1400 2156
1399 2156
1398 2156
1397 2156
1396 2157
1395 2157
1394 2157
1393 2157
1392 2157
1391 2157
1390 2157
1389 2158
1388 2158
1387 2159
1386 2159
1385 2159
1385 2160
1384 2161
1383 2162
1382 2162
1381 2162
1380 2161
1379 2161
1378 2162
1377 2162
1376 2162
1375 2162
1374 2162
1373 2163
1372 2164
1371 2164
1370 2165
1369 2166
1368 2166
1367 2166
1366 2166
1365 2166
1364 2166
1363 2166
1362 2167
1361 2167
1360 2167
1359 2167
1359 2168
1358 2169
1357 2169
1356 2169
1355 2169
1354 2168
1353 2169
1352 2170
1351 2170
1350 2170
1349 2171
1348 2171
1347 2171
1346 2170
1345 2169
1345 2170
1345 2171
1344 2172
1343 2172
1342 2172
1341 2171
1341 2170
1340 2170
1340 2171
1340 2172
1339 2173
1338 2173
1337 2173
1336 2172
1336 2171
1336 2170
1335 2170
1334 2171
1333 2171
1332 2171
1331 2171
1330 2171
1329 2171
1328 2171
1327 2172
1326 2172
1325 2172
1324 2172
1323 2171
1323 2170
1322 2170
1322 2171
1322 2172
1321 2173
1320 2174
1319 2174
1318 2174
1317 2173
1317 2172
1316 2173
1315 2173
1314 2173
1313 2173
1312 2174
1311 2174
1310 2174
1309 2174
1308 2174
1307 2174
1306 2173
1306 2172
1305 2173
1304 2174
1303 2175
1302 2175
1301 2175
1300 2174
1300 2173
1300 2172
1300 2171
1300 2170
1300 2171
1299 2172
1298 2173
1297 2173
1296 2173
1295 2173
1294 2172
1293 2172
1292 2173
1291 2174
1290 2175
1289 2175
1288 2175
1287 2174
1287 2173
1286 2173
1286 2174
1285 2175
1284 2175
1283 2175
1282 2174
1281 2175
1280 2175
1279 2175
1278 2175
1277 2175
1276 2175
1275 2176
1274 2176
1273 2176
1272 2176
1271 2176
1270 2176
1269 2176
1268 2176
1268 2177
1267 2178
1266 2178
1265 2178
1264 2177
1264 2176
1263 2176
1263 2177
1262 2178
1261 2178
1260 2178
1259 2178
1258 2178
1257 2178
1256 2178
1255 2178
1254 2177
1253 2178
1252 2178
1251 2178
1250 2179
1249 2179
1248 2179
1247 2178
1246 2178
1245 2178
1244 2179
1243 2179
1242 2179
1241 2179
1240 2178
1239 2178
1238 2179
1237 2179
1236 2179
1235 2179
1234 2180
1233 2180
1232 2180
1231 2180
1230 2180
1229 2180
1229 2181
1228 2182
1227 2182
1226 2182
1225 2182
1224 2183
1223 2183
1222 2183
1221 2182
1221 2181
1221 2180
1221 2181
1220 2182
1219 2182
1218 2182
1217 2182
1216 2183
1215 2183
1214 2183
1213 2183
1212 2184
1211 2184
1210 2184
1209 2184
1208 2183
1208 2182
1207 2182
1206 2182
1205 2182
1204 2183
1203 2183
1202 2183
1201 2183
1200 2182
1199 2182
1198 2182
1197 2183
1196 2183
1195 2183
1194 2182
1194 2181
1194 2180
1193 2180
1192 2180
1191 2180
1190 2181
1189 2182
1188 2182
1187 2182
1186 2182
1185 2182
1184 2182
1183 2182
1182 2183
1181 2183
1180 2183
1179 2183
1178 2183
1177 2183
1176 2183
1175 2184
1174 2184
1173 2184
1172 2184
1171 2184
1170 2185
1169 2185
1168 2185
1167 2186
1166 2186
1165 2186
1164 2186
1163 2187
1162 2187
1161 2187
1160 2187
1159 2188
1158 2188
1157 2188
1156 2188
1155 2188
1154 2189
1153 2189
1152 2189
1151 2189
1150 2189
1149 2189
1148 2189
1147 2189
1146 2189
1145 2189
1144 2189
1144 2190
1145 2190
1146 2190
1147 2191
1148 2191
1149 2192
1150 2193
1151 2193
1152 2194
1153 2194
1154 2195
1155 2195
1156 2195
1157 2196
1158 2196
1159 2196
1160 2197
1161 2197
1162 2197
1163 2198
1164 2198
1165 2198
1166 2198
1167 2198
1168 2199
1169 2199
1170 2199
1171 2199
1172 2199
1173 2199
1174 2200
1175 2200
1176 2200
1177 2201
1178 2201
1179 2201
1180 2202
1181 2202
1182 2202
1183 2203
1184 2203
1185 2204
1186 2204
1187 2204
1188 2204
1189 2205
1190 2205
1191 2205
1192 2205
1193 2205
1194 2206
1195 2206
1196 2206
1197 2206
1198 2207
1199 2207
1200 2207
1201 2208
1202 2208
1203 2209
1204 2209
1205 2209
1206 2210
1207 2210
1208 2210
1209 2210
1210 2211
1211 2211
1212 2211
1213 2211
1214 2211
1215 2211
1216 2212
1217 2212
1218 2211
1219 2211
1220 2212
1221 2212
1222 2212
1223 2212
1224 2213
1225 2213
1226 2214
1227 2214
1228 2215
1229 2215
1230 2216
1231 2217
1232 2217
1233 2218
1234 2218
1235 2219
1236 2219
1237 2219
1238 2220
1239 2220
1240 2221
1241 2221
1242 2222
1243 2223
1243 2222
1244 2221
1245 2221
1246 2221
1247 2222
1247 2223
1248 2224
1249 2224
1250 2224
1251 2224
1252 2225
1252 2226
1252 2225
1252 2224
1252 2223
1253 2222
1254 2222
1255 2222
1256 2222
1257 2223
1257 2224
1257 2225
1258 2225
1259 2225
1260 2226
1260 2227
1261 2226
1262 2226
1263 2226
1264 2227
1265 2227
1266 2227
1267 2228
1267 2229
1268 2230
1268 2229
1268 2228
1269 2227
1270 2227
1271 2227
1272 2227
1273 2227
1274 2228
1274 2229
1275 2230
1276 2230
1277 2230
1278 2231
1278 2232
1279 2233
1278 2232
1278 2231
1278 2230
1279 2229
1280 2229
1281 2229
1282 2229
1283 2230
1283 2231
1283 2232
1284 2233
1284 2234
1285 2235
1286 2235
1287 2235
1288 2235
1289 2235
1290 2234
1291 2234
1292 2234
1293 2234
1294 2235
1294 2236
1294 2237
1295 2236
1296 2236
1297 2236
1298 2236
1299 2237
1300 2237
1301 2237
1302 2237
1303 2236
1304 2236
1305 2236
1306 2237
1307 2238
1308 2237
1309 2237
1310 2237
1311 2237
1312 2238
1313 2239
1314 2239
1315 2239
1316 2239
1317 2239
1318 2239
1319 2239
1320 2240
1320 2241
1321 2241
1322 2242
1322 2243
1323 2242
1324 2242
1324 2241
1325 2240
1325 2239
1325 2238
1326 2237
1327 2237
1328 2237
1329 2238
1329 2239
1329 2240
1329 2241
1329 2242
1330 2243
1331 2243
1332 2242
1333 2242
1334 2242
1335 2243
1336 2244
1337 2244
1338 2244
1339 2244
1340 2244
1341 2244
1342 2244
1343 2245
1344 2246
1345 2246
1346 2247
1347 2247
1348 2248
1349 2248
1350 2247
1351 2247
1352 2247
1353 2248
1353 2249
1353 2248
1354 2247
1355 2247
1356 2247
1357 2248
1357 2249
1357 2250
1357 2251
1357 2252
1358 2252
1358 2251
1359 2250
1360 2250
1361 2250
1362 2251
1363 2252
1364 2252
1365 2252
1366 2252
1367 2253
1367 2254
1368 2254
1369 2255
1370 2256
1371 2256
1372 2256
1373 2256
1374 2256
1375 2257
1375 2258
1375 2259
1376 2259
1377 2259
1378 2260
1379 2260
1380 2260
1381 2260
1382 2261
1383 2260
1384 2260
1385 2260
1386 2261
1387 2261
1388 2261
1389 2261
1390 2261
1391 2261
1392 2261
1393 2262
1393 2263
1393 2262
1394 2261
1395 2261
1396 2261
1397 2262
1397 2263
1398 2263
1399 2263
1400 2263
1401 2264
1401 2265
1402 2265
1403 2265
1404 2265
1405 2265
1406 2266
1406 2267
1406 2268
1407 2267
1408 2266
1409 2266
1410 2266
1411 2267
1412 2268
1412 2269
1413 2270
1414 2270
1415 2270
1416 2271
1416 2272
1416 2273
1417 2273
1418 2274
1419 2273
1420 2273
1421 2273
1422 2272
1423 2271
1424 2271
1425 2271
1426 2271
1427 2271
1428 2271
1429 2270
1430 2270
1431 2269
1432 2269
1433 2269
1434 2270
1434 2271
1435 2272
1435 2273
1435 2274
1436 2274
1437 2274
1438 2273
1438 2272
1439 2271
1440 2271
1441 2271
1442 2272
1443 2273
1443 2274
1443 2275
1443 2276
1444 2277
1444 2278
1444 2279
1444 2280
1444 2279
1445 2278
1446 2278
1447 2277
1447 2276
1448 2275
1449 2275
1450 2275
1451 2275
1452 2276
1453 2275
1454 2275
1455 2275
1456 2276
1457 2277
1458 2276
1459 2276
1460 2276
1461 2277
1462 2278
1462 2279
1462 2280
1462 2281
1463 2281
1464 2282
1464 2283
1465 2284
1466 2284
1467 2284
1467 2283
1467 2282
1468 2281
1469 2281
1470 2281
1471 2281
1472 2282
1473 2282
1474 2283
1475 2283
1476 2283
1477 2283
1478 2284
1478 2285
1478 2286
1478 2287
1479 2288
1479 2289
1480 2289
1481 2289
1481 2288
1482 2287
1483 2287
1484 2287
1485 2287
1486 2287
1487 2287
1488 2287
1489 2288
1489 2289
1489 2290
1490 2290
1491 2290
1492 2289
1493 2289
1494 2289
1495 2289
1496 2290
1497 2290
1498 2291
1499 2292
1499 2293
1499 2294
1500 2293
1501 2293
1502 2293
1503 2293
1504 2294
1505 2295
1506 2295
1507 2294
1508 2294
1509 2294
1510 2294
1511 2295
1511 2296
1511 2297
1512 2296
1513 2296
1514 2296
1515 2296
1516 2296
1517 2297
1518 2297
1519 2297
1520 2298
1521 2298
1522 2298
1523 2299
1523 2300
1523 2301
1523 2302
1524 2302
1525 2302
1525 2301
1525 2300
1525 2299
1525 2298
1526 2297
1527 2297
1528 2297
1529 2298
1529 2299
1529 2300
1530 2301
1530 2302
1531 2301
1532 2300
1533 2299
1534 2299
1535 2299
1536 2300
1536 2301
1537 2301
1538 2301
1539 2302
1539 2303
1539 2304
1540 2305
1541 2305
1542 2305
1543 2305
1544 2306
1544 2307
1544 2308
1544 2309
1545 2309
1546 2308
1547 2308
1548 2308
1549 2308
1550 2309
1551 2310
1551 2311
1552 2311
1553 2311
1554 2311
1554 2310
1554 2309
1555 2308
1556 2308
1557 2308
1558 2309
1558 2310
1558 2311
1558 2310
1559 2309
1560 2309
1561 2309
1562 2309
1563 2310
1563 2311
1563 2312
1564 2313
1564 2312
1565 2311
1566 2311
1567 2311
1568 2311
1569 2312
1570 2313
1570 2314
1570 2315
1570 2316
1570 2317
1571 2317
1572 2318
1572 2319
1573 2319
1574 2319
1575 2319
1576 2319
1577 2320
1578 2321
1578 2322
1579 2322
1580 2322
1581 2322
1582 2322
1583 2322
1584 2321
1585 2320
1586 2319
1586 2318
1587 2317
1588 2317
1589 2317
1590 2318
1590 2319
1590 2320
1590 2321
1590 2322
1591 2322
1592 2322
1593 2323
1594 2323
1595 2324
1596 2324
1597 2323
1598 2323
1599 2322
1600 2321
1601 2321
1602 2321
1603 2321
1604 2321
1605 2321
1606 2322
1607 2322
1608 2323
1608 2324
1608 2325
1608 2326
1608 2327
1609 2328
1610 2328
1611 2328
1611 2327
1612 2326
1613 2325
1614 2325
1615 2325
1616 2325
1617 2324
1618 2324
1619 2325
1619 2326
1620 2325
1621 2324
1622 2324
1623 2324
1624 2324
1625 2325
1626 2325
1627 2325
1628 2324
1629 2324
1630 2324
1631 2323
1632 2323
1633 2323
1634 2323
1635 2324
1635 2325
1636 2326
1637 2326
1638 2327
1638 2328
1639 2328
1640 2328
1641 2327
1642 2327
1643 2327
1644 2328
1645 2328
1646 2328
1647 2329
1648 2329
1649 2329
1650 2329
1651 2329
1652 2329
1653 2329
1654 2329
1655 2330
1655 2331
1656 2331
1657 2331
1658 2332
1658 2333
1659 2334
1660 2333
1661 2333
1662 2333
1663 2334
1663 2335
1663 2334
1664 2333
1665 2333
1666 2333
1667 2334
1668 2335
1668 2336
1668 2337
1669 2337
1669 2336
1669 2335
1670 2334
1671 2334
1672 2334
1673 2335
1673 2336
1673 2337
1674 2337
1675 2338
1676 2337
1677 2337
1678 2337
1679 2337
1680 2338
1681 2339
1681 2340
1682 2340
1683 2340
1684 2340
1685 2340
1686 2340
1687 2340
1688 2340
1689 2341
1690 2342
1691 2343
1692 2344
1692 2345
1693 2345
1693 2344
1694 2343
1695 2343
1696 2343
1697 2343
1698 2343
1699 2344
1699 2345
1699 2346
1699 2347
1700 2347
1701 2347
1702 2347
1703 2347
1704 2347
1705 2347
1706 2348
1706 2349
1706 2350
1706 2351
1707 2350
1708 2350
1709 2350
1710 2350
1711 2350
1712 2351
1712 2352
1712 2353
1713 2353
1714 2354
1714 2355
1714 2354
1715 2353
1716 2353
1717 2353
1718 2353
1719 2354
1719 2355
1720 2355
1721 2355
1722 2356
1722 2357
1722 2358
1722 2359
1723 2359
1724 2359
1725 2359
1726 2360
1726 2361
1726 2362
1727 2362
1728 2362
1729 2362
1730 2363
1730 2364
1731 2363
1732 2363
1733 2363
1734 2364
1735 2365
1735 2366
1735 2367
1736 2367
1737 2367
1738 2367
1739 2368
1740 2368
1741 2368
1742 2368
1743 2367
1744 2367
1745 2367
1746 2367
1747 2368
1747 2369
1747 2370
1748 2370
1749 2369
1750 2369
1751 2369
1752 2370
1753 2370
1754 2370
1755 2371
1755 2372
1756 2373
1757 2373
1758 2373
1759 2373
1760 2373
1761 2373
1762 2373
1763 2373
1764 2374
1765 2374
1766 2374
1767 2374
1768 2374
1769 2374
1770 2374
1771 2374
1772 2374
1773 2374
1774 2374
1775 2374
1776 2374
1777 2374
1778 2374
1779 2374
1780 2375
1781 2375
1782 2375
1783 2375
1784 2375
1785 2375
1786 2375
1787 2375
1788 2375
1789 2375
1790 2376
1791 2376
1792 2376
1793 2376
1794 2377
1795 2377
1796 2378
1797 2378
1798 2378
1799 2379
1800 2379
1801 2379
1802 2379
1803 2380
1804 2380
1805 2380
1806 2380
1807 2381
1808 2382
1809 2382
1810 2382
1811 2383
1812 2383
1813 2384
1814 2384
1815 2384
1816 2384
1817 2385
1818 2385
1819 2385
1820 2385
1821 2386
1822 2386
1823 2386
1824 2386
1825 2386
1826 2386
1827 2386
1828 2387
1829 2387
1830 2387
1831 2387
1832 2387
1833 2387
1834 2387
1835 2387
1836 2388
1837 2388
1838 2388
1839 2389
1840 2389
1841 2389
1842 2389
1843 2390
1844 2390
1845 2390
1846 2390
1847 2391
1848 2391
1849 2392
1850 2392
1851 2393
1852 2394
1853 2394
1854 2395
1855 2396
1856 2397
1857 2398
1858 2399
1859 2400
1860 2401
1861 2401
1862 2402
1863 2403
1864 2404
1865 2404
1866 2405
1867 2406
1868 2406
1869 2407
1870 2407
1871 2408
1872 2408
1873 2408
1874 2409
1875 2409
1876 2409
1877 2410
1878 2410
1879 2410
1880 2410
1881 2411
1882 2411
1883 2411
1884 2412
1885 2412
1886 2413
1887 2413
1888 2413
1889 2414
1890 2414
1891 2415
1892 2415
1893 2415
1894 2416
1895 2416
1896 2417
1897 2417
1898 2418
1899 2418
1900 2419
1901 2419
1902 2420
1903 2420
1904 2421
1905 2421
1906 2422
1907 2423
1908 2424
1909 2425
1910 2426
1911 2427
1912 2427
1913 2428
1914 2429
1915 2430
1916 2430
1917 2431
1918 2432
1919 2432
1920 2433
1921 2434
1922 2434
1923 2435
1924 2436
1925 2437
1926 2437
1927 2438
1928 2439
1929 2440
1930 2440
1931 2441
1932 2441
1933 2442
1934 2442
1935 2442
1936 2443
1937 2444
1938 2444
1939 2445
1940 2445
1941 2446
1942 2446
1943 2447
1944 2448
1945 2448
1946 2449
1947 2450
1948 2451
1949 2452
1950 2452
1951 2453
1952 2454
1953 2454
1954 2455
1955 2456
1956 2456
1957 2457
1958 2458
1959 2458
1960 2459
1961 2460
1962 2460
1963 2461
1964 2461
1965 2462
1966 2462
1967 2463
1968 2464
1969 2465
1970 2465
1971 2466
1972 2467
1973 2467
1974 2468
1975 2468
1976 2469
1977 2469
1978 2470
1979 2471
1980 2472
1981 2473
1982 2473
1983 2474
1984 2474
1985 2475
1986 2476
1987 2476
1988 2477
1989 2477
1990 2478
1991 2479
1992 2479
1993 2480
1994 2480
1995 2481
1996 2482
1997 2482
1998 2483
1999 2484
2000 2484
2001 2485
2002 2485
2003 2486
2004 2487
2005 2487
2006 2488
2007 2489
2008 2489
2009 2490
2010 2490
2011 2491
2012 2491
2013 2492
2014 2492
2015 2493
2016 2493
2017 2494
2018 2495
2019 2495
2020 2496
2021 2497
2022 2497
2023 2498
2024 2498
2025 2499
2026 2500
2027 2500
2028 2501
2029 2501
2030 2502
2031 2503
2032 2503
2033 2503
2034 2504
2035 2504
2036 2505
2037 2505
2038 2505
2039 2506
2040 2506
2041 2507
2042 2507
2043 2508
2044 2508
2045 2509
2046 2509
2047 2509
2048 2510
2049 2510
2050 2510
2051 2511
2052 2511
2053 2511
2054 2511
2055 2512
2056 2512
2057 2512
2058 2512
2059 2512
2060 2513
2061 2513
2062 2513
2063 2514
2064 2514
2065 2515
2066 2515
2067 2515
2068 2516
2069 2516
2070 2516
2071 2517
2072 2517
2073 2517
2074 2517
2075 2518
2076 2518
2077 2518
2078 2519
2079 2519
2080 2520
2081 2520
2082 2521
2083 2521
2084 2522
2085 2522
2086 2522
2087 2523
2088 2523
2089 2523
2090 2524
2091 2524
2092 2524
2093 2524
2094 2524
2095 2525
2096 2525
2097 2526
2098 2526
2099 2527
2100 2528
2101 2528
2102 2528
2103 2529
2104 2529
2105 2530
2106 2531
2107 2531
2108 2532
2109 2532
2110 2533
2111 2533
2112 2534
2113 2534
2114 2535
2115 2535
2116 2535
2117 2535
2118 2536
2119 2536
2120 2536
2121 2537
2122 2537
2123 2538
2124 2538
2125 2538
2126 2539
2127 2539
2128 2539
2129 2539
2130 2540
2131 2540
2132 2540
2133 2541
2134 2541
2135 2542
2136 2542
2137 2542
2138 2543
2139 2544
2140 2544
2141 2545
2142 2546
2143 2547
2144 2547
2145 2548
2146 2549
2147 2549
2148 2550
2149 2551
2150 2551
2151 2552
2152 2553
2153 2553
2154 2554
2155 2555
2156 2555
2157 2556
2158 2557
2159 2558
2160 2559
2161 2560
2162 2561
2163 2562
2164 2562
2165 2563
2166 2564
2167 2565
2168 2565
2169 2566
2170 2567
2171 2568
2172 2569
2173 2569
2174 2570
2175 2570
2176 2571
2177 2572
2178 2572
2179 2573
2180 2574
2181 2575
2182 2576
2183 2577
2184 2578
2185 2579
2186 2580
2186 2581
2187 2581
2188 2582
2189 2582
2190 2583
2191 2583
2192 2584
2193 2584
2194 2585
2195 2585
2196 2586
2196 2587
2196 2588
2196 2589
2197 2589
2198 2590
2199 2591
2199 2592
2200 2593
2201 2593
2202 2594
2203 2595
2204 2595
2205 2596
2206 2597
2207 2598
2208 2599
2209 2600
2210 2600
2211 2601
2212 2602
2213 2603
2214 2604
2215 2605
2216 2606
2217 2606
2218 2607
2219 2607
2220 2607
2221 2608
2222 2608
2223 2608
2224 2609
2225 2610
2226 2610
2227 2610
2228 2611
2229 2611
2230 2611
2231 2612
2232 2612
2233 2612
2234 2613
2235 2613
2236 2613
2237 2613
2238 2614
2239 2614
2240 2614
2241 2614
2242 2614
2243 2614
2244 2615
2245 2615
2246 2615
2247 2616
2248 2616
2249 2616
2250 2617
2251 2617
2252 2617
2253 2618
2254 2618
2255 2618
2256 2619
2257 2619
2258 2619
2259 2619
2260 2619
2261 2620
2262 2620
2263 2620
2264 2620
2265 2620
2266 2620
2267 2620
2268 2620
2269 2620
2270 2621
2271 2621
2272 2621
2273 2622
2274 2622
2275 2622
2276 2623
2277 2623
2278 2623
2279 2624
2280 2624
2281 2625
2282 2626
2283 2626
2284 2627
2285 2627
2286 2628
2287 2629
2288 2629
2289 2630
2290 2630
2291 2630
2292 2631
2293 2631
2294 2631
2295 2632
2296 2632
2297 2632
2298 2632
2299 2632
2300 2632
2301 2633
2302 2633
2303 2633
2304 2634
2305 2634
2306 2635
2307 2635
2308 2636
2309 2636
2310 2636
2311 2637
2312 2637
2313 2637
2314 2638
2315 2638
2316 2638
2317 2638
2318 2639
2319 2639
2320 2639
2321 2639
2322 2639
2323 2639
2324 2639
2325 2639
2326 2639
2327 2639
2328 2640
2329 2640
2330 2640
2331 2640
2332 2641
2333 2641
2334 2641
2335 2642
2336 2642
2337 2642
2338 2643
2339 2643
2340 2643
2341 2644
2342 2644
2343 2644
2344 2644
2345 2644
2346 2645
2347 2645
2348 2645
2349 2645
2350 2645
2351 2645
2352 2646
2353 2646
2354 2647
2355 2647
2356 2648
2357 2648
2358 2649
2359 2649
2360 2650
2361 2651
2362 2651
2363 2652
2364 2652
2365 2653
2366 2653
2367 2653
2368 2654
2369 2654
2370 2654
2371 2655
2372 2655
2373 2655
2374 2655
2375 2656
2376 2656
2377 2656
2378 2656
2379 2656
2380 2657
2381 2657
2382 2658
2383 2658
2384 2659
2385 2659
2386 2660
2387 2660
2388 2660
2389 2661
2390 2661
2391 2661
2392 2662
2393 2662
2394 2662
2395 2662
2396 2662
2397 2662
2398 2662
2399 2663
2400 2663
2401 2663
2402 2663
2403 2663
2404 2663
2405 2664
2406 2664
2407 2665
2408 2665
2409 2666
2410 2666
2411 2666
2412 2667
2413 2667
2414 2668
2415 2668
2416 2668
2417 2668
2418 2668
2419 2668
2420 2669
2421 2669
2422 2669
2423 2669
2424 2669
2425 2669
2426 2669
2427 2669
2428 2669
2429 2669
2430 2669
2431 2670
2432 2670
2433 2670
2434 2670
2435 2670
2436 2670
2437 2670
2438 2670
2439 2670
2440 2670
2441 2670
2442 2670
2443 2670
2444 2671
2445 2671
2446 2671
2447 2672
2448 2672
2449 2673
2450 2673
2451 2673
2452 2673
2453 2673
2454 2674
2455 2674
2456 2674
2457 2674
2458 2675
2459 2675
2460 2676
2461 2677
2462 2677
2463 2678
2464 2678
2465 2679
2466 2679
2467 2679
2468 2680
2469 2680
2470 2680
2471 2680
2472 2680
2473 2681
2474 2681
2475 2681
2476 2681
2477 2681
2478 2681
2479 2681
2480 2681
2481 2681
2482 2682
2483 2682
2484 2682
2485 2682
2486 2683
2487 2683
2488 2684
2489 2684
2490 2685
2491 2685
2492 2685
2493 2686
2494 2686
2495 2686
2496 2686
2497 2687
2498 2687
2499 2687
2500 2687
2501 2687
2502 2687
2503 2687
2504 2687
2505 2687
2506 2688
2507 2688
2508 2688
2509 2689
2510 2689
2511 2690
2512 2690
2513 2691
2514 2691
2515 2691
2516 2692
2517 2692
2518 2692
2519 2692
2520 2692
2521 2693
2522 2693
2523 2693
2524 2693
2525 2693
2526 2693
2527 2693
2528 2694
2529 2694
2530 2694
2531 2695
2532 2695
2533 2695
2534 2696
2535 2696
2536 2697
2537 2697
2538 2697
2539 2697
2540 2698
2541 2698
2542 2699
2543 2700
2544 2700
2545 2701
2546 2701
2547 2702
2548 2702
2549 2703
2550 2703
2551 2703
2552 2704
2553 2704
2554 2705
2555 2705
2556 2706
2557 2707
2558 2708
2559 2708
2560 2709
2561 2710
2562 2710
2563 2711
2564 2712
2565 2712
2566 2713
2567 2713
2568 2714
2569 2714
2570 2715
2571 2715
2572 2716
2573 2717
2574 2717
2575 2718
2576 2719
2577 2719
2578 2720
2579 2720
2580 2721
2581 2721
2582 2721
2583 2722
2584 2722
2585 2722
2586 2722
2587 2723
2588 2724
2589 2724
2590 2725
2591 2726
2592 2727
2593 2727
2594 2728
2595 2729
2596 2729
2597 2730
2598 2730
2599 2731
2600 2732
2601 2732
2602 2733
2603 2733
2604 2734
2605 2734
2606 2735
2607 2736
2608 2737
2609 2738
2610 2739
2611 2740
2612 2741
2613 2742
2614 2743
2615 2744
2615 2745
2616 2746
2617 2747
2617 2748
2618 2749
2619 2750
2619 2751
2620 2752
2621 2753
2622 2754
2623 2755
2624 2756
2625 2757
2626 2758
2627 2759
2628 2760
2629 2761
2630 2762
2631 2763
2632 2764
2633 2765
2633 2766
2634 2767
2634 2768
2635 2769
2635 2770
2636 2771
2637 2772
2637 2773
2638 2774
2638 2775
2639 2776
2639 2777
2640 2778
2640 2779
2641 2780
2641 2781
2642 2782
2642 2783
2643 2784
2643 2785
2644 2786
2645 2787
2645 2788
2646 2789
2647 2790
2647 2791
2648 2792
2649 2793
2650 2794
2651 2795
2652 2796
2653 2797
2654 2798
2655 2799
2656 2800
2657 2801
2658 2802
2659 2803
2660 2804
2661 2805
2662 2806
2663 2807
2663 2808
2664 2809
2664 2810
2665 2811
2665 2812
2666 2813
2666 2814
2667 2815
2668 2816
2668 2817
2669 2818
2669 2819
2670 2820
2671 2821
2671 2822
2672 2823
2672 2824
2673 2825
2674 2826
2675 2827
2676 2828
2677 2829
2678 2830
2678 2831
2679 2832
2680 2833
2681 2834
2681 2835
2682 2836
2682 2837
2683 2838
2684 2839
2684 2840
2685 2841
2685 2842
2686 2843
2687 2844
2687 2845
2688 2846
2689 2847
2690 2848
2690 2849
2691 2850
2692 2851
2693 2852
2694 2853
2695 2854
2695 2855
2696 2856
2697 2857
2698 2858
2698 2859
2699 2860
2700 2861
2700 2862
2701 2863
2702 2864
2702 2865
2703 2866
2704 2867
2705 2868
2705 2869
2706 2870
2707 2871
2708 2872
2708 2873
2709 2874
2710 2875
2711 2876
2711 2877
2712 2878
2713 2879
2713 2880
2714 2881
2715 2882
2715 2883
2716 2884
2716 2885
2717 2886
2717 2887
2718 2888
2719 2889
2720 2890
2721 2891
2722 2892
2723 2893
2724 2894
2725 2895
2726 2896
2727 2897
2728 2898
2729 2898
2730 2899
2731 2900
2731 2901
2732 2902
2733 2903
2734 2904
2735 2904
2736 2905
2737 2906
2738 2907
2739 2908
2740 2909
2740 2910
2741 2910
2742 2911
2743 2912
2744 2912
2745 2913
2746 2913
2747 2913
2748 2914
2749 2915
2750 2916
2751 2917
2751 2918
2752 2918
2753 2919
2754 2919
2755 2920
2756 2920
2757 2921
2758 2921
2759 2922
2760 2923
2761 2923
2762 2924
2763 2924
2764 2925
2765 2925
2766 2925
2767 2926
2768 2926
2769 2926
2770 2926
2771 2927
2772 2927
2773 2927
2774 2927
2775 2927
2776 2927
2777 2928
2778 2928
2779 2928
2780 2928
2781 2928
2782 2928
2783 2928
2784 2928
2785 2928
2786 2928
2787 2928
2788 2928
2789 2928
2790 2928
2791 2928
2792 2928
2793 2928
2794 2929
2795 2929
2796 2929
2797 2929
2798 2930
2799 2930
2800 2930
2801 2931
2802 2931
2803 2931
2804 2932
2805 2932
2806 2932
2807 2932
2808 2932
2809 2933
2810 2933
2811 2933
2812 2933
2813 2933
2814 2933
2815 2933
2816 2933
2817 2933
2818 2934
2819 2934
2820 2934
2821 2934
2822 2934
2823 2934
2824 2934
2825 2934
2826 2934
2827 2934
2828 2934
2829 2934
2830 2934
2831 2934
2832 2934
2833 2934
2834 2934
2835 2934
2836 2934
2837 2934
2838 2934
2839 2934
2840 2934
2841 2934
2842 2934
2843 2934
2844 2934
2845 2934
2846 2934
2847 2934
2848 2934
2849 2934
2850 2934
2851 2934
2852 2934
2853 2934
2854 2934
2855 2934
2856 2934
2857 2934
2858 2934
2859 2934
2860 2934
2861 2934
2862 2934
2863 2934
2864 2934
2865 2934
2866 2934
2867 2934
2868 2934
2869 2934
2870 2934
2871 2934
2872 2934
2873 2934
2874 2934
2875 2934
2876 2934
2877 2934
2878 2934
2879 2934
2880 2934
2881 2934
2882 2934
2883 2934
2884 2934
2885 2934
2886 2934
2887 2934
2888 2934
2889 2934
2890 2934
2891 2934
2892 2934
2893 2934
2894 2934
2895 2934
2896 2934
2897 2934
2898 2934
2899 2934
2900 2934
2901 2934
2902 2934
2903 2934
2904 2934
2905 2934
2906 2934
2907 2934
2908 2934
2909 2934
2910 2934
2911 2934
2912 2934
2913 2934
2914 2934
2915 2934
2916 2934
2917 2934
2918 2934
2919 2934
2920 2934
2921 2934
2922 2934
2923 2934
2924 2934
2925 2934
2926 2934
2927 2934
2928 2934
2929 2934
2930 2934
2931 2934
2932 2934
2933 2934
2934 2934
2935 2934
2936 2934
2937 2934
2938 2934
2939 2934
2940 2934
2941 2934
2942 2934
2943 2934
2944 2934
2945 2934
2946 2934
2947 2934
2948 2934
2949 2934
2950 2934
2951 2934
2952 2934
2953 2934
2954 2934
2955 2934
2956 2934
2957 2934
2958 2934
2959 2934
2960 2934
2961 2934
2962 2934
2963 2934
2964 2934
2965 2934
2966 2934
2967 2934
2968 2934
2969 2934
2970 2933
2971 2933
2972 2933
2973 2933
2974 2932
2975 2932
2976 2932
2977 2931
2978 2931
2979 2931
2980 2931
2981 2930
2982 2930
2983 2930
2984 2930
2985 2930
2986 2930
2987 2930
2988 2930
2989 2929
2990 2929
2991 2929
2992 2928
2993 2928
2994 2928
2995 2927
2996 2927
2997 2927
2998 2926
2999 2926
3000 2926
3001 2925
3002 2925
3003 2925
3004 2925
3005 2924
3006 2924
3007 2923
3008 2923
3009 2922
3010 2922
3011 2921
3012 2921
3013 2921
3014 2920
3015 2920
3016 2919
3017 2919
3018 2919
3019 2919
3020 2919
3021 2918
3022 2918
3023 2918
3024 2918
3025 2918
3026 2917
3027 2917
3028 2917
3029 2916
3030 2916
3031 2916
3032 2915
3033 2915
3034 2915
3035 2914
3036 2914
3037 2914
3038 2913
3039 2913
3040 2913
3041 2913
3042 2912
3043 2912
3044 2911
3045 2911
3046 2910
3047 2909
3048 2909
3049 2908
3050 2908
3051 2907
3052 2906
3053 2905
3054 2904
3055 2903
3055 2902
3056 2901
3057 2900
3058 2899
3059 2898
3060 2898
3061 2897
3062 2896
3063 2895
3064 2894
3065 2893
3066 2892
3067 2892
3068 2891
3069 2890
3070 2889
3071 2888
3071 2887
3072 2886
3073 2885
3074 2884
3074 2883
3075 2882
3076 2881
3076 2880
3077 2879
3078 2878
3079 2878
3080 2877
3081 2876
3082 2876
3083 2875
3084 2874
3085 2873
3086 2873
3087 2872
3088 2871
3089 2870
3090 2869
3091 2868
3092 2867
3093 2866
3093 2865
3094 2864
3094 2863
3095 2862
3095 2861
3096 2860
3097 2859
3097 2858
3098 2857
3098 2856
3099 2855
3100 2854
3100 2853
3101 2852
3102 2851
3103 2850
3104 2849
3105 2848
3106 2847
3107 2846
3107 2845
3108 2844
3109 2843
3110 2842
3111 2841
3112 2840
3113 2839
3113 2838
3114 2837
3115 2836
3115 2835
3116 2834
3116 2833
3116 2832
3117 2831
3117 2830
3117 2829
3118 2828
3118 2827
3119 2826
3119 2825
3119 2824
3120 2823
3120 2822
3121 2821
3121 2820
3121 2819
3122 2818
3122 2817
3123 2816
3123 2815
3124 2814
3124 2813
3125 2812
3125 2811
3126 2810
3127 2809
3127 2808
3128 2807
3129 2806
3129 2805
3130 2804
3131 2803
3131 2802
3132 2801
3133 2800
3133 2799
3134 2798
3134 2797
3134 2796
3135 2795
3136 2794
3136 2793
3137 2792
3138 2791
3139 2790
3139 2789
3140 2788
3140 2787
3141 2786
3141 2785
3142 2784
3142 2783
3143 2782
3143 2781
3144 2780
3144 2779
3145 2778
3145 2777
3146 2776
3146 2775
3146 2774
3147 2773
3147 2772
3147 2771
3148 2770
3148 2769
3148 2768
3148 2767
3148 2766
3149 2765
3149 2764
3149 2763
3149 2762
3149 2761
3149 2760
3149 2759
3149 2758
3150 2757
3150 2756
3150 2755
3150 2754
3151 2753
3151 2752
3151 2751
3152 2750
3152 2749
3152 2748
3153 2747
3153 2746
3153 2745
3154 2744
3154 2743
3155 2742
3155 2741
3156 2740
3156 2739
3157 2738
3157 2737
3157 2736
3158 2735
3158 2734
3158 2733
3159 2732
3159 2731
3159 2730
3159 2729
3160 2728
3160 2727
3160 2726
3160 2725
3161 2724
3161 2723
3161 2722
3162 2721
3162 2720
3163 2719
3163 2718
3163 2717
3164 2716
3164 2715
3164 2714
3165 2713
3165 2712
3165 2711
3165 2710
3166 2709
3166 2708
3166 2707
3167 2706
3167 2705
3168 2704
3168 2703
3168 2702
3169 2701
3169 2700
3170 2699
3170 2698
3171 2697
3171 2696
3171 2695
3171 2694
3172 2693
3172 2692
3172 2691
3173 2690
3173 2689
3173 2688
3174 2687
3174 2686
3175 2685
3175 2684
3176 2683
3176 2682
3177 2681
3178 2680
3178 2679
3179 2678
3180 2677
3180 2676
3181 2675
3182 2674
3182 2673
3183 2672
3184 2671
3185 2670
3186 2669
3187 2668
3188 2668
3189 2667
3189 2666
3190 2665
3190 2664
3190 2663
3191 2662
3191 2661
3192 2660
3193 2659
3194 2658
3195 2657
3196 2656
3196 2655
3197 2654
3197 2653
3198 2652
3199 2651
3200 2650
3200 2649
3201 2648
3202 2647
3203 2646
3204 2645
3205 2644
3206 2643
3207 2642
3208 2641
3209 2640
3210 2639
3211 2638
3212 2637
3213 2636
3213 2635
3214 2634
3214 2633
3214 2632
3215 2631
3215 2630
3216 2629
3216 2628
3217 2627
3218 2626
3219 2625
3220 2624
3221 2623
3222 2622
3223 2621
3224 2620
3225 2619
3226 2619
3227 2618
3228 2617
3229 2617
3230 2616
3231 2615
3232 2615
3233 2614
3234 2614
3235 2613
3236 2613
3237 2613
3238 2612
3239 2612
3240 2612
3241 2611
3242 2611
3243 2610
3244 2609
3245 2609
3246 2608
3247 2608
3248 2607
3249 2606
3250 2605
3251 2604
3252 2604
3253 2603
3254 2602
3255 2602
3256 2602
3257 2601
3258 2601
3259 2600
3260 2600
3261 2599
3262 2598
3263 2598
3264 2597
3265 2597
3266 2596
3267 2596
3268 2596
3269 2595
3270 2595
3271 2595
3272 2595
3273 2594
3274 2594
3275 2594
3276 2593
3277 2593
3278 2593
3279 2592
3280 2592
3281 2591
3282 2591
3283 2590
3284 2590
3285 2590
3286 2589
3287 2589
3288 2589
3289 2589
3290 2588
3291 2588
3292 2588
3293 2588
3294 2588
3295 2588
3296 2588
3297 2587
3298 2587
3299 2587
3300 2587
3301 2587
3302 2586
3303 2586
3304 2586
3305 2585
3306 2585
3307 2585
3308 2584
3309 2584
3310 2584
3311 2583
3312 2583
3313 2583
3314 2582
3315 2582
3316 2581
3317 2581
3318 2580
3319 2580
3320 2579
3321 2579
3322 2579
3323 2578
3324 2578
3325 2578
3326 2577
3327 2577
3328 2577
3329 2576
3330 2576
3331 2576
3332 2576
3333 2576
3334 2575
3335 2575
3336 2575
3337 2575
3338 2575
3339 2575
3340 2575
3341 2575
3342 2575
3343 2575
3344 2575
3345 2574
3346 2574
3347 2573
3348 2573
3349 2572
3350 2572
3351 2572
3352 2571
3353 2571
3354 2571
3355 2571
3356 2570
3357 2570
3358 2570
3359 2570
3360 2570
3361 2569
3362 2569
3363 2569
3364 2568
3365 2568
3366 2568
3367 2567
3368 2567
3369 2567
3370 2566
3371 2566
3372 2566
3373 2565
3374 2565
3375 2565
3376 2565
3377 2564
3378 2564
3379 2564
3380 2564
3381 2564
3382 2564
3383 2564
3384 2563
3385 2563
3386 2563
3387 2563
3388 2563
3389 2563
3390 2563
3391 2563
3392 2563
3393 2563
3394 2563
3395 2562
3396 2562
3397 2562
3398 2562
3399 2562
3400 2562
3401 2562
3402 2562
3403 2562
3404 2562
3405 2561
3406 2561
3407 2561
3408 2561
3409 2560
3410 2560
3411 2559
3412 2559
3413 2559
3414 2559
3415 2558
3416 2558
3417 2558
3418 2557
3419 2557
3420 2556
3421 2556
3422 2556
3423 2555
3424 2555
3425 2554
3426 2554
3427 2554
3428 2554
3429 2553
3430 2553
3431 2553
3432 2553
3433 2552
3434 2552
3435 2552
3436 2552
3437 2552
3438 2552
3439 2551
3440 2551
3441 2551
3442 2550
3443 2550
3444 2550
3445 2549
3446 2549
3447 2549
3448 2548
3449 2548
3450 2548
3451 2547
3452 2547
3453 2547
3454 2546
3455 2546
3456 2546
3457 2546
3458 2546
3459 2545
3460 2545
3461 2545
3462 2545
3463 2545
3464 2545
3465 2545
3466 2545
3467 2545
3468 2545
3469 2545
3470 2544
3471 2544
3472 2544
3473 2544
3474 2544
3475 2544
3476 2544
3477 2544
3478 2544
3479 2544
3480 2544
3481 2544
3482 2544
3483 2544
3484 2544
3485 2544
3486 2544
3487 2544
3488 2544
3489 2544
3490 2544
3491 2544
3492 2544
3493 2544
3494 2544
3495 2544
3496 2544
3497 2544
3498 2544
3499 2544
3500 2544
3501 2544
3502 2544
3503 2544
3504 2544
3505 2544
3506 2544
3507 2544
3508 2544
3509 2544
3510 2544
3511 2544
3512 2544
3513 2544
3514 2544
3515 2544
3516 2544
3517 2544
3518 2544
3519 2544
3520 2544
3521 2544
3522 2544
3523 2544
3524 2544
3525 2544
3526 2544
3527 2544
3528 2544
3529 2544
3530 2544
3531 2544
3532 2544
3533 2544
3534 2544
3535 2544
3536 2544
3537 2544
3538 2544
3539 2544
3540 2544
3541 2544
3542 2544
3543 2544
3544 2544
3545 2544
3546 2544
3547 2544
3548 2544
3549 2544
3550 2544
3551 2544
3552 2544
3553 2544
3554 2544
3555 2544
3556 2544
3557 2544
3558 2544
3559 2544
3560 2544
3561 2544
3562 2544
3563 2543
3564 2543
3565 2543
3566 2543
3567 2542
3568 2542
3569 2541
3570 2541
3571 2541
3572 2540
3573 2540
3574 2540
3575 2540
3576 2540
3577 2539
3578 2539
3579 2539
3580 2539
3581 2539
3582 2539
3583 2539
3584 2539
3585 2538
3586 2538
3587 2538
3588 2538
3589 2538
3590 2538
3591 2538
3592 2538
3593 2538
3594 2538
3595 2537
3596 2537
3597 2537
3598 2536
3599 2536
3600 2535
3601 2535
3602 2534
3603 2534
3604 2534
3605 2534
3606 2533
3607 2533
3608 2533
3609 2532
3610 2532
3611 2531
3612 2531
3613 2530
3614 2529
3615 2529
3616 2528
3617 2528
3618 2528
3619 2527
3620 2527
3621 2527
3622 2527
3623 2527
3624 2527
3625 2527
3626 2526
3627 2526
3628 2526
3629 2525
3630 2525
3631 2524
3632 2523
3633 2523
3634 2522
3635 2522
3636 2521
3637 2521
3638 2521
3639 2521
3640 2520
3641 2520
3642 2520
3643 2520
3644 2521
3644 2522
3644 2523
3645 2524
3645 2525
3645 2526
3645 2527
3645 2528
3645 2529
3646 2530
3646 2531
3646 2532
3646 2533
3646 2534
3646 2535
3646 2536
3647 2537
3647 2538
3647 2539
3647 2540
3647 2541
3647 2542
3648 2543
3648 2544
3648 2545
3648 2546
3648 2547
3648 2548
3649 2549
3649 2550
3649 2551
3649 2552
3649 2553
3649 2554
3649 2553
3649 2552
3649 2551
3649 2550
3649 2549
3649 2548
3649 2547
3649 2546
3649 2545
3649 2544
3649 2543
3649 2542
3649 2541
3649 2540
3649 2539
3649 2538
3649 2537
3649 2536
3649 2535
3649 2534
3649 2533
3649 2532
3649 2531
3649 2530
3649 2529
3649 2528
3649 2527
3649 2526
3650 2525
3650 2524
3650 2523
3650 2522
3651 2521
3651 2520
3651 2519
3651 2518
3652 2517
3652 2516
3652 2515
3652 2514
3653 2513
3653 2512
3653 2511
3653 2510
3653 2509
3653 2508
3653 2507
3654 2506
3654 2505
3654 2504
3654 2503
3654 2502
3654 2501
3654 2500
3654 2499
3654 2498
3655 2497
3655 2496
3655 2495
3655 2494
3656 2493
3656 2492
3656 2491
3656 2490
3657 2489
3657 2488
3657 2487
3658 2486
3658 2485
3659 2484
3659 2483
3659 2482
3660 2481
3660 2480
3661 2479
3661 2478
3661 2477
3662 2476
3662 2475
3663 2474
3663 2473
3663 2472
3663 2471
3664 2470
3664 2469
3664 2468
3664 2467
3664 2466
3665 2465
3665 2464
3665 2463
3665 2462
3666 2461
3666 2460
3666 2459
3666 2458
3667 2457
3667 2456
3667 2455
3667 2454
3668 2453
3668 2452
3669 2451
3669 2450
3670 2449
3670 2448
3670 2447
3670 2446
3670 2445
3671 2444
3671 2443
3671 2442
3671 2441
3671 2440
3671 2439
3672 2438
3672 2437
3672 2436
3672 2435
3672 2434
3672 2433
3672 2432
3672 2431
3673 2430
3673 2429
3673 2428
3674 2427
3674 2426
3674 2425
3675 2424
3675 2423
3675 2422
3676 2421
3676 2420
3676 2419
3677 2418
3677 2417
3677 2416
3677 2415
3677 2414
3678 2413
3678 2412
3678 2411
3678 2410
3678 2409
3678 2408
3678 2407
3679 2406
3679 2405
3679 2404
3679 2403
3680 2402
3680 2401
3680 2400
3681 2399
3681 2398
3682 2397
3682 2396
3682 2395
3683 2394
3683 2393
3683 2392
3683 2391
3683 2390
3684 2389
3684 2388
3684 2387
3684 2386
3684 2385
3685 2384
3686 2383
3686 2382
3687 2381
3687 2380
3687 2379
3688 2378
3688 2377
3689 2376
3689 2375
3689 2374
3689 2373
3690 2372
3690 2371
3690 2370
3690 2369
3690 2368
3690 2367
3690 2366
3690 2365
3690 2364
3691 2363
3691 2362
3691 2361
3691 2360
3691 2359
3691 2358
3691 2357
3691 2356
3691 2355
3691 2354
3691 2353
3691 2352
3691 2351
3691 2350
3691 2349
3691 2348
3691 2347
3691 2346
3691 2345
3691 2344
3691 2343
3691 2342
3691 2341
3691 2340
3691 2339
3691 2338
3691 2337
3691 2336
3691 2335
3691 2334
3691 2333
3691 2332
3691 2331
3691 2330
3691 2329
3691 2328
3691 2327
3691 2326
3691 2325
3691 2324
3691 2323
3691 2322
3691 2321
3691 2320
3691 2319
3691 2318
3691 2317
3691 2316
3691 2315
3691 2314
3691 2313
3691 2312
3691 2311
3691 2310
3691 2309
3691 2308
3691 2307
3691 2306
3690 2305
3690 2304
3689 2303
3688 2302
3688 2301
3688 2300
3687 2299
3687 2298
3687 2297
3687 2296
3686 2295
3685 2294
3685 2293
3684 2292
3683 2291
3683 2290
3682 2289
3682 2288
3682 2287
3681 2286
3681 2285
3681 2284
3681 2283
3681 2282
3680 2281
3680 2280
3679 2279
3679 2278
3678 2277
3678 2276
3677 2275
3677 2274
3676 2273
3676 2272
3676 2271
3675 2270
3675 2269
3674 2268
3673 2267
3672 2266
3671 2265
3670 2264
3669 2263
3668 2262
3667 2261
3667 2260
3666 2259
3666 2258
3665 2257
3665 2256
3664 2255
3664 2254
3663 2253
3663 2252
3662 2251
3662 2250
3661 2249
3660 2248
3660 2247
3659 2246
3659 2245
3658 2244
3658 2243
3658 2242
3657 2241
3657 2240
3656 2239
3655 2238
3654 2237
3654 2236
3653 2235
3653 2234
3652 2233
3652 2232
3651 2231
3650 2230
3649 2229
3648 2228
3647 2227
3646 2226
3645 2225
3644 2224
3643 2223
3643 2222
3642 2221
3641 2220
3640 2219
3640 2218
3639 2217
3638 2216
3638 2215
3637 2214
3636 2213
3636 2212
3635 2211
3635 2210
3634 2209
3634 2208
3633 2207
3632 2206
3632 2205
3631 2204
3631 2203
3630 2202
3630 2201
3629 2200
3629 2199
3628 2198
3628 2197
3627 2196
3626 2195
3626 2194
3625 2193
3624 2192
3624 2191
3624 2190
3623 2189
3623 2188
3622 2187
3622 2186
3621 2185
3620 2184
3619 2183
3618 2182
3617 2181
3616 2180
3615 2179
3614 2178
3613 2177
3612 2176
3611 2175
3610 2174
3609 2173
3608 2172
3608 2171
3607 2170
3606 2169
3606 2168
3605 2167
3604 2166
3604 2165
3603 2164
3602 2163
3602 2162
3601 2161
3601 2160
3600 2159
3600 2158
3599 2157
3598 2156
3598 2155
3597 2154
3597 2153
3596 2152
3595 2151
3595 2150
3594 2149
3593 2148
3592 2147
3592 2146
3591 2145
3590 2144
3589 2143
3588 2142
3588 2141
3587 2140
3586 2139
3585 2138
3584 2137
3583 2136
3582 2135
3581 2134
3580 2133
3579 2132
3578 2131
3577 2130
3576 2130
3575 2129
3574 2128
3573 2127
3572 2126
3571 2125
3570 2124
3569 2124
3568 2123
3567 2122
3566 2121
3565 2121
3564 2120
3563 2119
3562 2119
3561 2118
3560 2117
3559 2117
3558 2116
3557 2115
3556 2115
3555 2114
3554 2113
3553 2113
3552 2112
3551 2111
3550 2110
3549 2110
3548 2109
3547 2108
3546 2108
3545 2107
3544 2107
3543 2106
3542 2105
3541 2105
3540 2105
3539 2104
3538 2104
3537 2103
3536 2103
3535 2103
3534 2102
3533 2102
3532 2101
3531 2101
3530 2100
3529 2100
3528 2099
3527 2098
3526 2097
3525 2096
3524 2096
3523 2095
3522 2094
3521 2094
3520 2093
3519 2092
3518 2092
3517 2091
3516 2090
3515 2089
3514 2089
3513 2088
3512 2087
3511 2086
3510 2086
3509 2085
3508 2085
3507 2085
3506 2084
3505 2084
3504 2083
3503 2082
3502 2082
3501 2081
3500 2081
3499 2080
3498 2080
3497 2079
3496 2079
3495 2079
3494 2078
3493 2078
3492 2078
3491 2078
3490 2078
3489 2077
3488 2077
3487 2077
3486 2077
3485 2076
3484 2076
3483 2075
3482 2075
3481 2075
3480 2074
3479 2074
3478 2074
3477 2073
3476 2073
3475 2073
3474 2073
3473 2072
3472 2072
3471 2072
3470 2072
3469 2072
3468 2071
3467 2071
3466 2071
3465 2071
3464 2071
3463 2071
3462 2071
3461 2071
3460 2071
3459 2070
3458 2070
3457 2070
3456 2070
3455 2070
3454 2070
3453 2070
3452 2070
3451 2070
3450 2070
3449 2070
3448 2070
3447 2070
3446 2070
3445 2070
3444 2070
3443 2070
3442 2070
3441 2070
3440 2070
3439 2070
3438 2070
3437 2070
3436 2070
3435 2070
3434 2070
3433 2070
3432 2070
3431 2070
3430 2070
3429 2070
3428 2070
3427 2070
3426 2070
3425 2070
3424 2070
3423 2069
3422 2069
3421 2069
3420 2068
3419 2068
3418 2067
3417 2067
3416 2067
3415 2067
3414 2066
3413 2066
3412 2066
3411 2066
3410 2066
3409 2065
3408 2065
3407 2065
3406 2064
3405 2064
3404 2064
3403 2063
3402 2063
3401 2062
3400 2062
3399 2062
3398 2061
3397 2061
3396 2061
3395 2060
3394 2060
3393 2060
3392 2060
3391 2060
3390 2059
3389 2059
3388 2059
3387 2059
3386 2059
3385 2059
3384 2059
3383 2059
3382 2058
3381 2058
3380 2058
3379 2058
3378 2058
3377 2058
3376 2057
3375 2057
3374 2057
3373 2056
3372 2056
3371 2055
3370 2055
3369 2055
3368 2055
3367 2054
3366 2054
3365 2054
3364 2054
3363 2054
3362 2053
3361 2053
3360 2053
3359 2053
3358 2053
3357 2053
3356 2053
3355 2052
3354 2052
3353 2052
3352 2052
3351 2052
3350 2051
3349 2051
3348 2050
3347 2049
3346 2049
3345 2049
3344 2048
3343 2048
3342 2048
3341 2047
3340 2047
3339 2047
3338 2046
3337 2046
3336 2045
3335 2045
3334 2044
3333 2044
3332 2043
3331 2042
3330 2041
3329 2041
3328 2040
3327 2039
3326 2038
3325 2038
3324 2037
3323 2036
3322 2035
3321 2034
3320 2033
3319 2033
3318 2032
3317 2031
3316 2030
3315 2029
3314 2028
3313 2027
3312 2027
3311 2026
3310 2025
3309 2024
3309 2023
3308 2022
3307 2021
3307 2020
3306 2019
3306 2018
3305 2017
3304 2016
3304 2015
3303 2014
3302 2013
3302 2012
3301 2011
3300 2010
3299 2009
3299 2008
3298 2007
3298 2006
3297 2005
3297 2004
3296 2003
3296 2002
3295 2001
3295 2000
3294 1999
3294 1998
3293 1997
3293 1996
3293 1995
3292 1994
3292 1993
3292 1992
3291 1991
3291 1990
3291 1989
3290 1988
3290 1987
3289 1986
3289 1985
3289 1984
3288 1983
3288 1982
3287 1981
3287 1980
3286 1979
3286 1978
3286 1977
3286 1976
3285 1975
3285 1974
3285 1973
3284 1972
3284 1971
3283 1970
3283 1969
3282 1968
3282 1967
3281 1966
3281 1965
3281 1964
3280 1963
3280 1962
3280 1961
3280 1960
3279 1959
3279 1958
3279 1957
3279 1956
3279 1955
3278 1954
3278 1953
3278 1952
3278 1951
3278 1950
3278 1949
3278 1948
3278 1947
3278 1946
3278 1945
3277 1944
3277 1943
3276 1942
3276 1941
3276 1940
3275 1939
3275 1938
3274 1937
3274 1936
3274 1935
3273 1934
3273 1933
3273 1932
3273 1931
3273 1930
3272 1929
3272 1928
3272 1927
3272 1926
3272 1925
3272 1924
3272 1923
3272 1922
3272 1921
3272 1920
3271 1919
3271 1918
3271 1917
3270 1916
3270 1915
3269 1914
3269 1913
3268 1912
3268 1911
3268 1910
3267 1909
3267 1908
3267 1907
3267 1906
3267 1905
3267 1904
3266 1903
3266 1902
3266 1901
3266 1900
3266 1899
3266 1898
3266 1897
3266 1896
3266 1895
3266 1894
3266 1893
3265 1892
3265 1891
3265 1890
3264 1889
3264 1888
3263 1887
3263 1886
3263 1885
3262 1884
3262 1883
3261 1882
3260 1881
3260 1880
3259 1879
3259 1878
3258 1877
3258 1876
3257 1875
3257 1874
3256 1873
3256 1872
3256 1871
3255 1870
3255 1869
3255 1868
3255 1867
3255 1866
3254 1865
3254 1864
3254 1863
3254 1862
3253 1861
3253 1860
3253 1859
3252 1858
3252 1857
3252 1856
3252 1855
3251 1854
3251 1853
3251 1852
3251 1851
3250 1850
3250 1849
3250 1848
3250 1847
3249 1846
3249 1845
3249 1844
3249 1843
3249 1842
3249 1841
3249 1840
3248 1839
3248 1838
3248 1837
3248 1836
3248 1835
3248 1834
3247 1833
3247 1832
3247 1831
3246 1830
3246 1829
3245 1828
3245 1827
3245 1826
3244 1825
3244 1824
3244 1823
3244 1822
3243 1821
3243 1820
3243 1819
3243 1818
3243 1817
3242 1816
3242 1815
3242 1814
3242 1813
3242 1812
3242 1811
3242 1810
3242 1809
3242 1808
3242 1807
3241 1806
3241 1805
3241 1804
3241 1803
3240 1802
3240 1801
3239 1800
3239 1799
3238 1798
3238 1797
3238 1796
3237 1795
3237 1794
3236 1793
3235 1792
3235 1791
3234 1790
3234 1789
3233 1788
3232 1787
3231 1786
3230 1785
3229 1784
3228 1783
3228 1782
3227 1781
3227 1780
3226 1779
3226 1778
3226 1777
3225 1776
3225 1775
3225 1774
3224 1773
3224 1772
3223 1771
3223 1770
3222 1769
3222 1768
3221 1767
3220 1766
3220 1765
3219 1764
3218 1763
3217 1762
3217 1761
3216 1760
3215 1759
3214 1758
3213 1757
3212 1756
3211 1755
3211 1754
3210 1753
3209 1752
3208 1751
3208 1750
3207 1749
3206 1748
3205 1747
3204 1746
3204 1745
3203 1744
3202 1743
3201 1742
3201 1741
3200 1740
3199 1739
3199 1738
3198 1737
3197 1736
3196 1735
3195 1734
3195 1733
3194 1732
3194 1731
3193 1730
3193 1729
3192 1728
3192 1727
3191 1726
3190 1725
3190 1724
3189 1723
3188 1722
3187 1722
3186 1721
3185 1720
3184 1719
3183 1718
3182 1717
3181 1716
3180 1715
3179 1714
3178 1713
3177 1712
3176 1711
3175 1710
3174 1709
3174 1708
3173 1707
3172 1706
3171 1705
3170 1704
3169 1703
3168 1702
3167 1701
3166 1700
3165 1699
3164 1698
3163 1697
3162 1696
3161 1695
3160 1694
3159 1693
3159 1692
3158 1691
3157 1690
3156 1689
3156 1688
3155 1687
3154 1686
3153 1685
3153 1684
3152 1683
3152 1682
3151 1681
3151 1680
3150 1679
3149 1678
3148 1677
3147 1676
3146 1675
3145 1674
3144 1674
3143 1673
3142 1672
3141 1672
3140 1671
3140 1670
3139 1669
3138 1668
3137 1667
3136 1666
3136 1665
3135 1664
3134 1663
3133 1662
3132 1661
3131 1660
3130 1659
3130 1658
3129 1657
3128 1656
3127 1655
3126 1654
3126 1653
3125 1652
3124 1651
3123 1650
3122 1649
3121 1648
3120 1647
3119 1646
3118 1645
3117 1644
3116 1643
3115 1642
3114 1641
3113 1640
3112 1639
3111 1638
3110 1637
3109 1637
3108 1636
3107 1635
3106 1634
3105 1633
3104 1632
3103 1631
3102 1630
3101 1630
3100 1629
3099 1629
3098 1628
3097 1628
3096 1627
3095 1626
3094 1625
3093 1625
3092 1624
3091 1623
3090 1622
3089 1621
3088 1620
3087 1620
3086 1619
3085 1618
3084 1618
3083 1617
3082 1616
3081 1615
3080 1615
3079 1614
3078 1613
3078 1612
3077 1611
3076 1610
3075 1610
3074 1609
3073 1608
3072 1607
3071 1607
3070 1606
3069 1606
3068 1605
3067 1605
3066 1604
3065 1604
3064 1603
3063 1602
3062 1602
3061 1601
3060 1600
3059 1600
3058 1599
3057 1598
3056 1597
3055 1596
3054 1596
3053 1595
3052 1594
3051 1593
3050 1593
3049 1592
3048 1591
3047 1590
3046 1589
3045 1588
3044 1587
3043 1586
3042 1585
3041 1584
3040 1583
3039 1582
3038 1581
3037 1580
3036 1579
3035 1578
3034 1577
3033 1576
3032 1575
3031 1575
3030 1574
3029 1573
3028 1572
3027 1571
3026 1570
3025 1570
3024 1569
3023 1569
3022 1568
3021 1567
3021 1566
3020 1565
3019 1564
3018 1563
3017 1562
3017 1561
3016 1560
3015 1559
3014 1559
3013 1558
3012 1557
3011 1556
3010 1555
3009 1554
3008 1553
3007 1552
3006 1551
3005 1551
3004 1550
3003 1550
3002 1549
3001 1548
3000 1548
2999 1547
2998 1546
2997 1546
2996 1545
2995 1545
2994 1544
2993 1543
2992 1543
2991 1543
2990 1542
2989 1542
2988 1541
2987 1540
2986 1539
2985 1539
2984 1538
2983 1537
2982 1536
2981 1535
2980 1534
2979 1533
2978 1533
2977 1532
2976 1531
2975 1531
2974 1530
2973 1529
2972 1529
2971 1528
2970 1527
2969 1527
2968 1527
2967 1526
2966 1525
2965 1524
2964 1524
2963 1523
2962 1522
2961 1521
2960 1521
2959 1520
2958 1520
2957 1520
2956 1519
2955 1519
2954 1519
2953 1519
2952 1518
2951 1518
2950 1518
2949 1517
2948 1517
2947 1516
2946 1516
2945 1516
2944 1515
2943 1515
2942 1515
2941 1514
2940 1514
2939 1514
2938 1513
2937 1513
2936 1512
2935 1512
2934 1511
2933 1511
2932 1510
2931 1510
2930 1509
2929 1509
2928 1509
2927 1508
2926 1508
2925 1508
2924 1508
2923 1507
2922 1507
2921 1507
2920 1507
2919 1507
2918 1506
2917 1506
2916 1506
2915 1505
2914 1505
2913 1505
2912 1504
2911 1504
2910 1504
2909 1503
2908 1503
2907 1502
2906 1502
2905 1502
2904 1502
2903 1501
2902 1501
2901 1501
2900 1501
2899 1501
2898 1500
2897 1500
2896 1500
2895 1500
2894 1500
2893 1500
2892 1500
2891 1500
2890 1499
2889 1499
2888 1499
2887 1499
2886 1499
2885 1499
2884 1499
2883 1499
2882 1498
2881 1498
2880 1498
2879 1497
2878 1497
2877 1497
2876 1496
2875 1496
2874 1496
2873 1495
2872 1495
2871 1495
2870 1495
2869 1494
2868 1494
2867 1494
2866 1494
2865 1494
2864 1494
2863 1494
2862 1493
2861 1493
2860 1493
2859 1493
2858 1493
2857 1493
2856 1493
2855 1493
2854 1493
2853 1493
2852 1493
2851 1493
2850 1493
2849 1493
2848 1493
2847 1493
2846 1493
2845 1493
2844 1493
2843 1493
2842 1493
2841 1493
2840 1493
2839 1493
2838 1493
2837 1493
2836 1493
2835 1493
2834 1493
2833 1493
2832 1493
2831 1493
2830 1493
2829 1493
2828 1493
2827 1493
2826 1493
2825 1493
2824 1493
2823 1493
2822 1493
2821 1493
2820 1493
2819 1493
2818 1493
2817 1493
2816 1493
2815 1493
2814 1493
2813 1493
2812 1493
2811 1493
2810 1493
2809 1493
2808 1493
2807 1493
2806 1493
2805 1493
2804 1493
2803 1493
2802 1493
2801 1493
2800 1493
2799 1493
2798 1493
2797 1493
2796 1493
2795 1493
2794 1493
2793 1493
2792 1493
2791 1493
2790 1493
2789 1493
2788 1493
2787 1493
2786 1493
2785 1493
2784 1493
2783 1493
2782 1493
2781 1493
2780 1493
2779 1493
2778 1493
2777 1493
2776 1493
2775 1493
2774 1493
2773 1493
2772 1493
2771 1493
2770 1493
2769 1493
2768 1493
2767 1493
2766 1493
2765 1493
2764 1493
2763 1493
2762 1493
2761 1493
2760 1493
2759 1493
2758 1493
2757 1493
2756 1493
