2887 1853
2886 1854
2885 1855
2884 1855
2883 1855
2882 1856
2881 1856
2880 1857
2879 1857
2878 1857
2877 1858
2876 1859
2875 1860
2874 1861
2873 1861
2872 1862
2871 1863
2870 1864
2869 1864
2868 1864
2867 1865
2866 1865
2865 1865
2864 1866
2863 1866
2862 1866
2861 1866
2860 1866
2859 1867
2858 1867
2857 1867
2856 1867
2855 1868
2854 1868
2853 1868
2852 1869
2851 1869
2850 1870
2849 1870
2848 1870
2847 1871
2846 1871
2845 1871
2844 1872
2843 1872
2842 1872
2841 1872
2840 1872
2839 1872
2838 1872
2837 1872
2836 1872
2835 1872
2834 1873
2833 1873
2832 1873
2831 1873
2830 1873
2829 1873
2828 1873
2827 1873
2826 1873
2825 1873
2824 1873
2823 1873
2822 1873
2821 1873
2820 1873
2819 1873
2818 1873
2817 1873
2816 1873
2815 1873
2814 1873
2813 1873
2812 1873
2811 1873
2810 1873
2809 1873
2808 1873
2807 1873
2806 1873
2805 1873
2804 1873
2803 1873
2802 1873
2801 1874
2800 1874
2799 1874
2798 1874
2797 1875
2796 1875
2795 1875
2794 1875
2793 1876
2792 1876
2791 1876
2790 1876
2789 1876
2788 1877
2787 1877
2786 1877
2785 1877
2784 1877
2783 1877
2782 1877
2781 1877
2780 1877
2779 1877
2778 1877
2777 1877
2776 1877
2775 1877
2774 1878
2773 1878
2772 1878
2771 1878
2770 1878
2769 1878
2768 1878
2767 1878
2766 1878
2765 1878
2764 1878
2763 1878
2762 1878
2761 1878
2760 1878
2759 1878
2758 1878
2757 1878
2756 1878
2755 1878
2754 1878
2753 1878
2752 1878
2751 1878
2750 1878
2749 1878
2748 1878
2747 1878
2746 1878
2745 1878
2744 1878
2743 1878
2742 1878
2741 1878
2740 1878
2739 1878
2738 1878
2737 1878
2736 1878
2735 1878
2734 1878
2733 1878
2732 1878
2731 1878
2730 1879
2729 1879
2728 1880
2727 1880
2726 1881
2725 1881
2724 1881
2723 1882
2722 1883
2721 1883
2720 1884
2719 1884
2718 1885
2717 1885
2716 1885
2715 1886
2714 1886
2713 1886
2712 1886
2711 1886
2710 1887
2709 1887
2708 1887
2707 1887
2706 1887
2705 1887
2704 1887
2703 1887
2702 1888
2701 1888
2700 1889
2699 1889
2698 1890
2697 1890
2696 1890
2695 1890
2694 1891
2693 1891
2692 1891
2691 1891
2690 1891
2689 1892
2688 1892
2687 1892
2686 1892
2685 1892
2684 1892
2683 1892
2682 1892
2681 1892
2680 1892
2679 1893
2678 1893
2677 1894
2676 1895
2675 1895
2674 1896
2673 1896
2672 1896
2671 1896
2670 1896
2669 1897
2668 1897
2667 1898
2666 1898
2665 1899
2664 1900
2663 1900
2662 1900
2661 1901
2660 1901
2659 1902
2658 1903
2657 1903
2656 1904
2655 1905
2654 1905
2653 1905
2652 1906
2651 1906
2650 1906
2649 1906
2648 1907
2647 1907
2646 1907
2645 1907
2644 1907
2643 1907
2642 1907
2641 1907
2640 1907
2639 1907
2638 1908
2637 1908
2636 1909
2635 1910
2634 1910
2633 1911
2632 1911
2631 1912
2630 1912
2629 1912
2628 1913
2627 1914
2626 1914
2625 1915
2624 1915
2623 1916
2622 1916
2621 1916
2620 1917
2619 1917
2618 1918
2617 1919
2616 1920
2615 1920
2614 1921
2613 1922
2612 1922
2611 1923
2610 1923
2609 1924
2608 1924
2607 1925
2606 1925
2605 1926
2604 1927
2603 1928
2602 1929
2601 1929
2600 1930
2599 1930
2598 1931
2597 1931
2596 1931
2595 1931
2594 1932
2593 1932
2592 1933
2591 1934
2590 1934
2589 1935
2588 1935
2587 1936
2586 1936
2585 1936
2584 1937
2583 1938
2582 1939
2581 1940
2580 1940
2579 1941
2578 1942
2577 1943
2576 1944
2575 1944
2574 1945
2573 1945
2572 1946
2571 1947
2570 1948
2569 1949
2568 1949
2567 1950
2566 1950
2565 1951
2564 1951
2563 1952
2562 1953
2561 1953
2560 1954
2559 1954
2558 1955
2557 1956
2556 1956
2555 1957
2554 1957
2553 1957
2552 1957
2551 1957
2550 1958
2549 1958
2548 1959
2547 1959
2546 1960
2545 1960
2544 1960
2543 1960
2542 1961
2541 1961
2540 1961
2539 1961
2538 1962
2537 1962
2536 1962
2535 1963
2534 1963
2533 1964
2532 1964
2531 1964
2530 1965
2529 1965
2528 1965
2527 1965
2526 1966
2525 1966
2524 1966
2523 1966
2522 1967
2521 1967
2520 1968
2519 1968
2518 1968
2517 1969
2516 1969
2515 1970
2514 1970
2513 1970
2512 1970
2511 1971
2510 1971
2509 1971
2508 1971
2507 1971
2506 1972
2505 1972
2504 1972
2503 1973
2502 1973
2501 1974
2500 1974
2499 1975
2498 1975
2497 1975
2496 1975
2495 1976
2494 1976
2493 1976
2492 1977
2491 1977
2490 1977
2489 1977
2488 1977
2487 1977
2486 1978
2485 1978
2484 1978
2483 1979
2482 1979
2481 1979
2480 1980
2479 1980
2478 1981
2477 1981
2476 1982
2475 1983
2474 1984
2473 1984
2472 1985
2471 1986
2470 1987
2469 1988
2468 1988
2467 1989
2466 1989
2465 1989
2464 1990
2463 1990
2462 1990
2461 1990
2460 1991
2459 1991
2458 1991
2458 1992
2457 1993
2457 1994
2456 1995
2455 1995
2454 1996
2453 1996
2452 1997
2451 1997
2450 1998
2449 1998
2448 1998
2447 1999
2446 1999
2445 2000
2444 2000
2443 2001
2442 2001
2441 2002
2440 2003
2439 2004
2438 2005
2437 2006
2436 2007
2435 2008
2434 2009
2433 2009
2432 2010
2431 2011
2430 2011
2429 2012
2428 2013
2427 2013
2426 2014
2425 2014
2424 2015
2423 2015
2422 2016
2421 2016
2420 2017
2419 2018
2418 2019
2417 2019
2416 2019
2415 2020
2414 2020
2413 2021
2412 2021
2411 2022
2410 2023
2409 2024
2408 2025
2408 2026
2407 2027
2406 2028
2405 2028
2404 2029
2403 2029
2402 2030
2401 2030
2400 2030
2399 2031
2398 2031
2397 2032
2396 2033
2395 2034
2394 2034
2393 2035
2392 2035
2391 2036
2390 2037
2389 2038
2388 2038
2387 2039
2386 2039
2385 2039
2384 2040
2383 2040
2382 2040
2381 2040
2380 2041
2379 2042
2378 2043
2377 2044
2376 2045
2375 2046
2374 2047
2373 2047
2372 2048
2371 2049
2370 2049
2369 2050
2368 2051
2368 2052
2367 2053
2366 2054
2365 2054
2364 2055
2363 2055
2362 2055
2361 2055
2360 2056
2359 2057
2358 2058
2357 2059
2356 2059
2355 2060
2354 2061
2354 2062
2353 2063
2353 2064
2352 2065
2352 2066
2351 2067
2350 2068
2349 2069
2349 2070
2348 2071
2348 2072
2347 2073
2346 2074
2345 2075
2344 2076
2343 2077
2342 2077
2341 2078
2340 2078
2339 2078
2338 2079
2337 2079
2336 2080
2335 2080
2334 2081
2334 2082
2333 2083
2332 2084
2331 2085
2330 2086
2329 2087
2328 2087
2327 2088
2326 2089
2325 2090
2324 2091
2323 2092
2322 2092
2321 2093
2320 2093
2319 2094
2318 2094
2317 2095
2316 2095
2315 2096
2314 2097
2313 2098
2312 2098
2311 2099
2310 2099
2309 2100
2308 2101
2307 2102
2306 2103
2305 2103
2304 2104
2303 2105
2302 2106
2301 2107
2300 2108
2299 2109
2298 2109
2297 2109
2296 2110
2295 2110
2294 2110
2293 2110
2292 2110
2291 2111
2290 2111
2289 2111
2288 2111
2287 2111
2286 2112
2285 2113
2284 2113
2283 2114
2282 2114
2281 2114
2280 2115
2279 2115
2278 2116
2277 2116
2276 2117
2275 2118
2274 2118
2273 2119
2272 2119
2271 2119
2270 2120
2269 2121
2268 2121
2267 2122
2266 2123
2265 2123
2264 2124
2263 2124
2262 2124
2261 2125
2260 2125
2259 2125
2258 2125
2257 2125
2256 2125
2255 2126
2254 2126
2253 2126
2252 2126
2251 2126
2250 2126
2249 2126
2248 2126
2247 2126
2246 2126
2245 2127
2244 2127
2243 2128
2242 2128
2241 2128
2240 2129
2239 2129
2238 2129
2237 2129
2236 2130
2235 2130
2234 2130
2233 2130
2232 2130
2231 2130
2230 2130
2229 2131
2228 2131
2227 2131
2226 2132
2225 2132
2224 2133
2223 2133
2222 2133
2221 2134
2220 2134
2219 2134
2218 2134
2217 2135
2216 2135
2215 2135
2214 2135
2213 2135
2212 2135
2211 2135
2210 2135
2209 2136
2208 2136
2207 2136
2206 2136
2205 2136
2204 2136
2203 2136
2202 2136
2201 2136
2200 2136
2199 2136
2198 2136
2197 2136
2196 2136
2195 2136
2194 2136
2193 2136
2192 2136
2191 2136
2190 2136
2189 2136
2188 2137
2187 2137
2186 2137
2185 2138
2184 2138
2183 2139
2182 2139
2181 2139
2180 2139
2179 2140
2178 2140
2177 2140
2176 2140
2175 2140
2174 2140
2173 2140
2172 2141
2171 2141
2170 2141
2169 2141
2168 2142
2167 2142
2166 2143
2165 2143
2164 2144
2163 2144
2162 2144
2161 2145
2160 2145
2159 2145
2158 2145
2157 2145
2156 2146
2155 2146
2154 2146
2153 2146
2152 2147
2151 2147
2150 2148
2149 2148
2148 2148
2148 2149
2147 2150
2146 2151
2145 2152
2144 2153
2143 2153
2142 2154
2141 2154
2140 2155
2139 2155
2138 2155
2137 2155
2136 2155
2135 2156
2134 2156
2133 2156
2132 2157
2131 2158
2130 2159
2130 2160
2129 2161
2128 2162
2127 2163
2126 2164
2125 2164
2124 2165
2123 2166
2122 2166
2121 2167
2120 2167
2119 2168
2118 2168
2117 2169
2116 2169
2115 2169
2114 2170
2113 2170
2112 2171
2111 2172
2110 2172
2109 2173
2108 2173
2107 2174
2106 2174
2105 2174
2104 2174
2103 2174
2102 2175
2101 2175
2100 2176
2099 2176
2098 2177
2097 2177
2096 2177
2095 2178
2094 2178
2093 2178
2092 2179
2091 2179
2090 2180
2089 2180
2088 2181
2087 2182
2086 2182
2085 2182
2084 2183
2083 2183
2082 2183
2081 2183
2080 2184
2079 2184
2078 2184
2077 2184
2076 2184
2075 2185
2074 2185
2073 2185
2072 2185
2071 2185
2070 2185
2069 2185
2068 2185
2067 2185
2066 2185
2065 2186
2064 2186
2063 2186
2062 2186
2061 2186
2060 2186
2059 2186
2058 2186
2057 2186
2056 2186
2055 2186
2054 2186
2053 2186
2052 2186
2051 2186
2050 2186
2049 2186
2048 2186
2047 2186
2046 2186
2045 2186
2044 2186
2043 2186
2042 2186
2041 2186
2040 2186
2039 2186
2038 2186
2037 2186
2036 2186
2035 2186
2034 2186
2033 2186
2032 2186
2031 2186
2030 2186
2029 2186
2028 2186
2027 2186
2026 2186
2025 2186
2024 2186
2023 2186
2022 2186
2021 2186
2020 2185
2019 2185
2018 2184
2017 2184
2016 2184
2015 2183
2014 2183
2013 2183
2012 2182
2011 2182
2010 2182
2009 2182
2008 2182
2007 2182
2006 2181
2005 2181
2004 2181
2003 2181
2002 2181
2001 2181
2000 2181
1999 2181
1998 2181
1997 2181
1996 2181
1995 2181
1994 2181
1993 2181
1992 2181
1991 2181
1990 2181
1989 2181
1988 2181
1987 2181
1986 2181
1985 2181
1984 2181
1983 2181
1982 2181
1981 2181
1980 2181
1979 2181
1978 2181
1977 2181
1976 2181
1975 2181
1974 2181
1973 2182
1972 2183
1971 2183
1970 2184
1969 2184
1968 2184
1967 2185
1966 2185
1965 2185
1964 2185
1963 2185
1962 2185
1961 2185
1960 2185
1959 2185
1958 2186
1957 2186
1956 2186
1955 2186
1954 2186
1953 2187
1952 2187
1951 2188
1950 2188
1949 2188
1948 2189
1947 2189
1946 2190
1945 2190
1944 2190
1943 2190
1942 2190
1941 2190
1940 2190
1939 2190
1938 2190
1937 2190
1936 2191
1935 2191
1934 2191
1933 2191
1932 2191
1931 2191
1930 2191
1929 2191
1928 2192
1927 2193
1926 2193
1925 2194
1924 2194
1923 2194
1922 2195
1921 2195
1920 2195
1919 2195
1918 2195
1917 2195
1916 2195
1915 2195
1914 2195
1913 2195
1912 2195
1911 2196
1910 2196
1909 2196
1908 2197
1907 2198
1906 2199
1905 2199
1904 2199
1903 2200
1902 2201
1901 2202
1900 2202
1899 2203
1898 2203
1897 2204
1896 2204
1895 2204
1894 2205
1893 2205
1892 2206
1891 2207
1890 2208
1889 2208
1888 2209
1887 2209
1886 2210
1885 2211
1884 2212
1883 2212
1882 2213
1881 2213
1880 2213
1879 2214
1878 2214
1877 2214
1876 2215
1875 2215
1874 2216
1873 2217
1873 2218
1872 2219
1872 2220
1871 2221
1870 2222
1869 2222
1868 2223
1867 2224
1866 2224
1865 2224
1864 2225
1863 2225
1862 2225
1861 2225
1860 2225
1859 2225
1858 2226
1857 2226
1856 2227
1855 2227
1854 2228
1853 2228
1852 2229
1851 2229
1850 2229
1849 2230
1848 2231
1847 2232
1846 2233
1846 2234
1845 2235
1844 2235
1843 2235
1842 2235
1841 2235
1840 2234
1840 2233
1840 2232
1840 2231
1840 2230
1839 2229
1839 2228
1839 2227
1839 2226
1839 2225
1839 2224
1839 2223
1839 2222
1839 2221
1839 2220
1839 2219
1839 2218
1838 2218
1837 2217
1836 2217
1835 2216
1835 2217
1835 2218
1835 2219
1835 2220
1834 2221
1833 2222
1833 2223
1832 2224
1832 2225
1832 2226
1831 2227
1831 2228
1831 2229
1830 2230
1829 2231
1828 2232
1827 2233
1826 2234
1825 2235
1824 2235
1823 2235
1822 2235
1821 2235
1820 2235
1819 2236
1818 2236
1817 2236
1816 2237
1815 2237
1814 2238
1813 2238
1812 2238
1811 2239
1810 2239
1809 2239
1808 2239
1807 2240
1806 2240
1805 2241
1804 2242
1803 2243
1803 2244
1802 2245
1801 2246
1800 2247
1799 2248
1798 2249
1797 2249
1796 2250
1795 2251
1794 2252
1793 2253
1792 2254
1791 2254
1790 2255
1789 2256
1788 2257
1787 2258
1786 2259
1785 2259
1784 2259
1783 2259
1782 2260
1781 2260
1780 2260
1779 2260
1778 2260
1777 2260
1776 2260
1775 2260
1774 2260
1773 2260
1772 2260
1771 2260
1770 2260
1769 2260
1768 2260
1767 2260
1766 2260
1765 2260
1764 2260
1763 2260
1762 2260
1761 2261
1760 2261
1759 2261
1758 2262
1757 2262
1756 2263
1755 2264
1754 2265
1754 2266
1753 2267
1752 2267
1751 2268
1750 2268
1749 2269
1748 2269
1747 2270
1746 2271
1745 2271
1744 2272
1743 2273
1742 2273
1741 2273
1740 2274
1739 2274
1738 2274
1737 2275
1736 2276
1735 2276
1734 2277
1733 2278
1732 2279
1731 2279
1730 2279
1729 2279
1728 2279
1727 2279
1726 2280
1725 2280
1724 2280
1723 2280
1722 2281
1721 2281
1720 2281
1719 2282
1718 2282
1717 2282
1716 2282
1715 2283
1714 2283
1713 2284
1712 2284
1711 2285
1710 2285
1709 2285
1708 2286
1707 2286
1706 2287
1705 2287
1704 2288
1703 2289
1702 2289
1701 2290
1700 2290
1699 2291
1698 2291
1697 2292
1696 2292
1695 2292
1694 2293
1693 2293
1692 2293
1691 2293
1690 2293
1689 2294
1688 2294
1687 2294
1686 2294
1685 2294
1684 2294
1683 2295
1682 2295
1681 2296
1680 2297
1679 2297
1678 2298
1677 2299
1676 2299
1675 2300
1674 2301
1673 2302
1672 2303
1671 2304
1670 2305
1669 2305
1668 2306
1667 2306
1666 2307
1665 2307
1664 2308
1663 2308
1662 2309
1661 2310
1660 2311
1659 2311
1658 2312
1657 2312
1656 2313
1655 2313
1654 2314
1653 2314
1652 2314
1651 2314
1650 2314
1649 2314
1648 2315
1647 2315
1646 2315
1645 2315
1644 2315
1643 2315
1642 2315
1641 2315
1640 2315
1639 2315
1638 2315
1637 2315
1636 2315
1635 2315
1634 2315
1633 2315
1632 2315
1631 2315
1630 2315
1629 2315
1628 2315
1627 2315
1626 2315
1625 2315
1624 2315
1623 2315
1622 2315
1621 2315
1620 2315
1619 2315
1618 2315
1617 2315
1616 2315
1615 2315
1614 2315
1613 2315
1612 2315
1611 2315
1610 2315
1609 2315
1608 2315
1607 2315
1606 2315
1605 2315
1604 2315
1603 2315
1602 2315
1601 2315
1600 2315
1599 2315
1598 2315
1597 2315
1596 2315
1595 2315
1594 2315
1593 2315
1592 2315
1591 2315
1590 2315
1589 2315
1588 2315
1587 2315
1586 2315
1585 2315
1584 2315
1583 2315
1582 2315
1581 2315
1580 2315
1579 2315
1578 2315
1577 2315
1576 2315
1575 2315
1574 2315
1573 2315
1572 2315
1571 2315
1570 2315
1569 2315
1568 2315
1567 2315
1566 2315
1565 2315
1564 2315
1563 2315
1562 2315
1561 2315
1560 2315
1559 2315
1558 2315
1557 2315
1556 2315
1555 2315
1554 2315
1553 2315
1552 2315
1551 2315
1550 2315
1549 2315
1548 2315
1547 2315
1546 2315
1545 2315
1544 2315
1543 2315
1542 2315
1541 2315
1540 2315
1539 2315
1538 2315
1537 2315
1536 2315
1535 2315
1534 2315
1533 2315
1532 2315
1531 2315
1530 2315
1529 2315
1528 2315
1527 2315
1526 2315
1525 2315
1524 2315
1523 2315
1522 2315
1521 2315
1520 2315
1519 2315
1518 2315
1517 2315
1516 2315
1515 2315
1514 2315
1513 2315
1512 2315
1511 2315
1510 2315
1509 2315
1508 2315
1507 2315
1506 2315
1505 2315
1504 2315
1503 2315
1502 2315
1501 2315
1500 2315
1499 2315
1498 2315
1497 2315
1496 2315
1495 2315
1494 2315
1493 2315
1492 2315
1491 2315
1490 2315
1489 2315
1488 2315
1487 2315
1486 2315
1485 2315
1484 2315
1483 2315
1482 2315
1481 2315
1480 2315
1479 2316
1478 2316
1477 2316
1476 2316
1475 2317
1474 2317
1473 2317
1472 2318
1471 2318
1470 2318
1469 2318
1468 2318
1467 2319
1466 2319
1465 2319
1464 2319
1463 2319
1462 2319
1461 2319
1460 2319
1459 2320
1458 2320
1457 2320
1456 2321
1455 2321
1454 2322
1453 2322
1452 2323
1451 2323
1450 2323
1449 2324
1448 2325
1447 2325
1446 2326
1445 2326
1444 2327
1443 2327
1442 2328
1441 2328
1440 2328
1439 2328
1438 2328
1437 2329
1436 2329
1435 2329
1434 2329
1433 2329
1432 2329
1431 2329
1430 2329
1429 2330
1428 2330
1427 2330
1426 2331
1425 2331
1424 2331
1423 2332
1422 2332
1421 2332
1420 2332
1419 2333
1418 2333
1417 2333
1416 2333
1415 2333
1414 2333
1413 2333
1412 2334
1411 2334
1410 2334
1409 2334
1408 2334
1407 2334
1406 2334
1405 2334
1404 2335
1403 2335
1402 2336
1401 2336
1400 2337
1399 2337
1398 2337
1397 2338
1396 2338
1395 2338
1394 2338
1393 2338
1392 2339
1391 2339
1390 2339
1389 2339
1388 2339
1387 2339
1386 2340
1385 2340
1384 2340
1383 2340
1382 2341
1381 2341
1380 2341
1379 2341
1378 2342
1377 2342
1376 2342
1375 2342
1374 2343
1373 2343
1372 2343
1371 2343
1370 2343
1369 2343
1368 2343
1367 2344
1366 2344
1365 2344
1364 2344
1363 2344
1362 2344
1361 2344
1360 2344
1359 2344
1358 2344
1357 2344
1356 2344
1355 2344
1354 2344
1353 2345
1352 2345
1351 2345
1350 2346
1349 2347
1348 2347
1347 2347
1346 2347
1345 2348
1344 2348
1343 2348
1342 2348
1341 2348
1340 2349
1339 2349
1338 2349
1337 2349
1336 2349
1335 2349
1334 2349
1333 2349
1332 2349
1331 2349
1330 2349
1329 2349
1328 2350
1327 2350
1326 2350
1325 2350
1324 2350
1323 2351
1322 2351
1321 2352
1320 2352
1319 2352
1318 2352
1317 2353
1316 2353
1315 2353
1314 2353
1313 2353
1312 2353
1311 2354
1310 2354
1309 2354
1308 2354
1307 2354
1306 2354
1305 2354
1304 2354
1303 2354
1302 2354
1301 2354
1300 2354
1299 2354
1298 2354
1297 2354
1296 2354
1295 2354
1294 2354
1293 2354
1292 2355
1291 2355
1290 2356
1289 2356
1288 2356
1287 2357
1286 2357
1285 2357
1284 2357
1283 2357
1282 2358
1281 2358
1280 2358
1279 2358
1278 2358
1277 2358
1276 2358
1275 2358
1274 2359
1273 2359
1272 2359
1271 2359
1270 2359
1269 2359
1268 2359
1267 2359
1266 2359
1265 2359
1264 2359
1263 2359
1262 2359
1261 2359
1260 2359
1259 2359
1258 2359
1257 2359
1256 2359
1255 2359
1254 2359
1253 2359
1252 2360
1251 2360
1250 2361
1249 2361
1248 2361
1247 2362
1246 2362
1245 2362
1244 2362
1243 2363
1242 2363
1241 2363
1240 2363
1239 2363
1238 2363
1237 2363
1236 2363
1235 2364
1234 2364
1233 2364
1232 2364
1231 2364
1230 2364
1229 2364
1228 2364
1227 2365
1226 2365
1225 2365
1224 2365
1223 2366
1222 2366
1221 2367
1220 2367
1219 2367
1218 2368
1217 2368
1216 2368
1215 2368
1214 2368
1213 2368
1212 2369
1211 2369
1210 2369
1209 2369
1208 2369
1207 2369
1206 2369
1205 2369
1204 2369
1203 2369
1202 2369
1203 2369
1204 2369
1205 2369
1206 2369
1207 2369
1208 2369
1209 2369
1210 2369
1211 2369
1212 2369
1213 2369
1214 2369
1215 2369
1216 2369
1217 2369
1218 2369
1219 2369
1220 2369
1221 2369
1222 2369
1223 2369
1224 2369
1225 2369
1226 2369
1227 2369
1228 2369
1229 2369
1230 2369
1231 2369
1232 2369
1233 2369
1234 2369
1235 2369
1236 2369
1237 2369
1238 2369
1239 2369
1240 2369
1241 2369
1242 2369
1243 2369
1244 2369
1245 2369
1246 2369
1247 2369
1248 2369
1249 2369
1250 2369
1251 2369
1252 2369
1253 2369
1254 2369
1255 2369
1256 2369
1257 2369
1258 2369
1259 2369
1260 2369
1261 2369
1262 2369
1263 2369
1264 2369
1265 2369
1266 2369
1267 2369
1268 2369
1269 2369
1270 2369
1271 2369
1272 2369
1273 2369
1274 2369
1275 2369
1276 2369
1277 2369
1278 2369
1279 2369
1280 2369
1281 2369
1282 2369
1283 2369
1284 2369
1285 2369
1286 2369
1287 2369
1288 2369
1289 2369
1290 2369
1291 2369
1292 2369
1293 2369
1294 2369
1295 2369
1296 2369
1297 2369
1298 2369
1299 2369
1300 2369
1301 2369
1302 2369
1303 2369
1304 2369
1305 2369
1306 2369
1307 2369
1308 2369
1309 2369
1310 2369
1311 2369
1312 2369
1313 2369
1314 2369
1315 2369
1316 2369
1317 2369
1318 2369
1319 2369
1320 2370
1321 2370
1322 2370
1323 2371
1324 2371
1325 2371
1326 2372
1327 2372
1328 2372
1329 2372
1330 2372
1331 2372
1332 2373
1333 2373
1334 2373
1335 2373
1336 2373
1337 2373
1338 2373
1339 2373
1340 2373
1341 2373
1342 2373
1343 2373
1344 2373
1345 2373
1346 2373
1347 2373
1348 2373
1349 2373
1350 2374
1351 2374
1352 2374
1353 2374
1354 2374
1355 2374
1356 2374
1357 2374
1358 2374
1359 2374
1360 2374
1361 2374
1362 2374
1363 2374
1364 2374
1365 2374
1366 2374
1367 2374
1368 2374
1369 2374
1370 2374
1371 2374
1372 2374
1373 2374
1374 2374
1375 2374
1376 2374
1377 2374
1378 2374
1379 2374
1380 2374
1381 2374
1382 2374
1383 2374
1384 2374
1385 2374
1386 2374
1387 2374
1388 2374
1389 2374
1390 2374
1391 2374
1392 2374
1393 2374
1394 2374
1395 2374
1396 2374
1397 2374
1398 2374
1399 2374
1400 2374
1401 2374
1402 2374
1403 2374
1404 2374
1405 2374
1406 2374
1407 2374
1408 2374
1409 2374
1410 2374
1411 2374
1412 2374
1413 2374
1414 2374
1415 2374
1416 2374
1417 2374
1418 2374
1419 2374
1420 2374
1421 2374
1422 2374
1423 2374
1424 2374
1425 2374
1426 2374
1427 2374
1428 2374
1429 2374
1430 2374
1431 2374
1432 2374
1433 2374
1434 2374
1435 2374
1436 2374
1437 2374
1438 2374
1439 2374
1440 2374
1441 2374
1442 2374
1443 2374
1444 2374
1445 2374
1446 2374
1447 2374
1448 2374
1449 2374
1450 2374
1451 2374
1452 2374
1453 2374
1454 2374
1455 2374
1456 2374
1457 2374
1458 2374
1459 2374
1460 2374
1461 2374
1462 2374
1463 2374
1464 2374
1465 2374
1466 2374
1467 2374
1468 2374
1469 2374
1470 2374
1471 2374
1472 2374
1473 2374
1474 2374
1475 2374
1476 2374
1477 2374
1478 2374
1479 2374
1480 2374
1481 2374
1482 2375
1483 2375
1484 2376
1485 2376
1486 2376
1487 2376
1488 2377
1489 2377
1490 2377
1491 2377
1492 2377
1493 2377
1494 2378
1495 2378
1496 2378
1497 2378
1498 2378
1499 2379
1500 2379
1501 2379
1502 2379
1503 2380
1504 2380
1505 2381
1506 2381
1507 2381
1508 2382
1509 2382
1510 2382
1511 2382
1512 2382
1513 2382
1514 2383
1515 2383
1516 2383
1517 2383
1518 2383
1519 2384
1520 2384
1521 2385
1522 2385
1523 2385
1524 2386
1525 2386
1526 2387
1527 2387
1528 2388
1529 2389
1530 2389
1531 2390
1532 2390
1533 2391
1534 2391
1535 2391
1536 2391
1537 2392
1538 2392
1539 2392
1540 2392
1541 2392
1542 2392
1543 2392
1544 2393
1545 2393
1546 2393
1547 2393
1548 2393
1549 2394
1550 2394
1551 2395
1552 2395
1553 2396
1554 2396
1555 2396
1556 2397
1557 2397
1558 2397
1559 2397
1560 2397
1561 2398
1562 2398
1563 2398
1564 2398
1565 2398
1566 2398
1567 2398
1568 2398
1569 2398
1570 2399
1571 2399
1572 2400
1573 2400
1574 2401
1575 2401
1576 2402
1577 2402
1578 2402
1579 2402
1580 2403
1581 2403
1582 2403
1583 2404
1584 2405
1585 2405
1586 2406
1587 2406
1588 2407
1589 2407
1590 2407
1591 2408
1592 2409
1593 2410
1594 2410
1595 2411
1596 2411
1597 2412
1598 2412
1599 2412
1600 2412
1601 2412
1602 2413
1603 2413
1604 2413
1605 2413
1606 2413
1607 2414
1608 2414
1609 2414
1610 2415
1611 2415
1612 2416
1613 2416
1614 2416
1615 2417
1616 2417
1617 2418
1618 2419
1619 2419
1620 2420
1621 2421
1622 2421
1623 2421
1624 2422
1625 2422
1626 2423
1627 2423
1628 2424
1629 2425
1630 2426
1631 2427
1632 2428
1633 2428
1634 2429
1635 2430
1636 2430
1637 2431
1638 2431
1639 2432
1640 2432
1641 2432
1642 2433
1643 2433
1644 2433
1645 2433
1646 2433
1647 2433
1648 2433
1649 2434
1650 2434
1651 2435
1652 2435
1653 2435
1654 2436
1655 2436
1656 2436
1657 2436
1658 2436
1659 2437
1660 2437
1661 2437
1662 2437
1663 2437
1664 2437
1665 2437
1666 2437
1667 2438
1668 2438
1669 2438
1670 2438
1671 2439
1672 2439
1673 2439
1674 2440
1675 2440
1676 2441
1677 2441
1678 2442
1679 2442
1680 2442
1681 2442
1682 2442
1683 2442
1684 2443
1685 2443
1686 2443
1687 2443
1688 2443
1689 2444
1690 2444
1691 2445
1692 2445
1693 2446
1694 2446
1695 2447
1696 2448
1697 2449
1698 2449
1699 2450
1700 2451
1701 2451
1702 2452
1703 2453
1704 2453
1705 2454
1706 2455
1707 2455
1708 2456
1709 2456
1710 2456
1711 2457
1712 2458
1713 2459
1714 2460
1715 2461
1716 2461
1717 2462
1718 2462
1719 2463
1720 2464
1721 2465
1722 2466
1723 2466
1724 2467
1725 2468
1726 2469
1727 2470
1728 2470
1729 2470
1730 2471
1731 2471
1732 2471
1733 2472
1734 2472
1735 2472
1736 2473
1737 2474
1738 2475
1739 2476
1740 2476
1741 2476
1742 2477
1743 2477
1744 2477
1745 2478
1746 2478
1747 2479
1748 2480
1749 2481
1750 2481
1751 2482
1752 2482
1753 2482
1754 2482
1755 2483
1756 2484
1757 2484
1758 2485
1759 2486
1760 2486
1761 2487
1762 2488
1763 2488
1764 2489
1765 2490
1766 2490
1767 2491
1768 2491
1769 2491
1770 2492
1771 2492
1772 2492
1773 2492
1774 2493
1775 2493
1776 2494
1777 2495
1778 2495
1779 2496
1780 2496
1781 2496
1782 2496
1783 2496
1784 2497
1785 2497
1786 2497
1787 2497
1788 2498
1789 2498
1790 2499
1791 2500
1792 2500
1793 2501
1794 2501
1795 2501
1796 2502
1797 2502
1798 2502
1799 2502
1800 2502
1801 2502
1802 2502
1803 2502
1804 2503
1805 2503
1806 2503
1807 2503
1808 2504
1809 2504
1810 2505
1811 2505
1812 2505
1813 2506
1814 2506
1815 2506
1816 2507
1817 2507
1818 2507
1819 2507
1820 2507
1821 2507
1822 2507
1823 2507
1824 2507
1825 2507
1826 2508
1827 2508
1828 2508
1829 2508
1830 2509
1831 2509
1832 2510
1833 2510
1834 2510
1835 2511
1836 2511
1837 2511
1838 2512
1839 2512
1840 2512
1841 2513
1842 2514
1842 2515
1843 2515
1844 2516
1845 2516
1846 2516
1847 2517
1848 2517
1849 2517
1850 2517
1851 2517
1852 2517
1853 2517
1854 2517
1855 2517
1856 2517
1857 2517
1858 2517
1859 2518
1860 2518
1861 2518
1862 2518
1863 2518
1864 2518
1865 2519
1866 2519
1867 2520
1868 2520
1869 2521
1870 2521
1871 2521
1872 2521
1873 2521
1874 2522
1875 2522
1876 2522
1877 2522
1878 2522
1879 2522
1880 2522
1881 2523
1882 2524
1882 2525
1883 2526
1884 2526
1885 2526
1886 2527
1887 2527
1888 2528
1888 2529
1888 2530
1889 2531
1889 2532
1889 2533
1889 2534
1889 2535
1889 2536
1889 2537
1889 2538
1889 2539
1890 2540
1890 2541
1890 2542
1890 2543
1889 2544
1889 2545
1888 2546
1887 2547
1887 2548
1887 2549
1886 2550
1886 2551
1886 2552
1885 2553
1884 2554
1883 2555
1882 2556
1881 2557
1880 2558
1879 2559
1878 2560
1877 2561
1876 2562
1877 2562
1878 2562
1879 2562
1880 2562
1881 2562
1882 2562
1883 2562
1884 2562
1885 2562
1886 2562
1887 2562
1888 2562
1889 2562
1890 2562
1891 2562
1892 2562
1893 2562
1894 2562
1895 2562
1896 2562
1897 2562
1898 2562
1899 2562
1900 2562
1901 2562
1902 2562
1903 2562
1904 2561
1905 2561
1906 2561
1907 2560
1908 2560
1909 2560
1910 2559
1911 2559
1912 2559
1913 2559
1914 2558
1915 2558
1916 2558
1917 2558
1918 2558
1919 2558
1920 2558
1921 2558
1922 2558
1923 2558
1924 2558
1925 2558
1926 2558
1927 2558
1928 2558
1929 2558
1930 2558
1931 2558
1932 2557
1933 2557
1934 2557
1935 2557
1936 2557
1937 2557
1938 2557
1939 2557
1940 2557
1941 2557
1942 2558
1943 2559
1944 2560
1945 2561
1946 2562
1947 2563
1947 2564
1948 2565
1948 2566
1949 2567
1950 2568
1951 2569
1952 2570
1953 2571
1954 2572
1955 2573
1956 2574
1956 2575
1957 2576
1958 2577
1958 2578
1958 2579
1958 2580
1959 2581
1959 2582
1959 2583
1959 2584
1959 2585
1959 2586
1959 2587
1959 2588
1959 2589
1959 2590
1959 2591
1959 2592
1959 2593
1959 2594
1959 2595
1959 2596
1959 2597
1959 2598
1959 2599
1959 2600
1959 2601
1959 2602
1959 2603
1958 2604
1957 2605
1956 2606
1956 2607
1955 2608
1955 2609
1954 2610
1953 2611
1953 2612
1952 2613
1951 2614
1951 2615
1950 2616
1950 2617
1951 2617
1952 2616
1953 2616
1954 2616
1955 2615
1956 2615
1957 2615
1958 2614
1959 2614
1960 2614
1961 2613
1962 2613
1963 2613
1964 2612
1965 2611
1966 2610
1967 2609
1968 2609
1969 2609
1970 2608
1971 2608
1972 2608
1973 2608
1974 2608
1975 2608
1976 2607
1977 2607
1978 2607
1979 2607
1980 2607
1981 2607
1982 2606
1982 2605
1982 2604
1983 2603
1984 2603
1985 2603
1986 2603
1987 2603
1988 2603
1989 2603
1990 2603
1991 2602
1992 2602
1993 2602
1994 2602
1995 2602
1996 2602
1997 2602
1998 2602
1999 2602
2000 2602
2001 2602
2002 2602
2003 2602
2004 2603
2005 2604
2006 2605
2007 2606
2008 2606
2009 2606
2010 2606
2011 2607
2012 2607
2013 2608
2014 2609
2015 2610
2016 2610
2017 2611
2017 2612
2017 2613
2018 2614
2019 2614
2020 2615
2021 2616
2022 2617
2023 2618
2024 2618
2025 2619
2026 2620
2027 2620
2028 2621
2029 2621
2030 2622
2031 2622
2032 2623
2033 2624
2034 2624
2035 2625
2036 2626
2037 2626
2038 2627
2039 2628
2040 2629
2040 2630
2041 2631
2041 2632
2042 2633
2043 2634
2044 2634
2045 2635
2046 2635
2047 2636
2048 2636
2049 2636
2050 2636
2051 2636
2052 2636
2053 2636
2054 2636
2055 2637
2056 2637
2057 2637
2058 2637
2059 2637
2060 2637
2061 2637
2062 2637
2063 2637
2064 2637
2065 2637
2066 2637
2067 2637
2068 2637
2069 2637
2070 2637
2071 2637
2072 2636
2073 2636
2074 2636
2075 2636
2076 2635
2077 2635
2078 2635
2079 2634
2080 2634
2081 2633
2082 2633
2083 2632
2084 2632
2085 2631
2086 2631
2087 2630
2088 2630
2089 2629
2090 2628
2091 2628
2092 2628
2093 2628
2094 2627
2095 2627
2096 2627
2097 2627
2098 2627
2099 2627
2100 2627
2101 2627
2102 2628
2103 2629
2104 2629
2105 2630
2106 2631
2107 2632
2108 2633
2109 2634
2110 2635
2111 2636
2111 2637
2111 2638
2112 2639
2112 2640
2112 2641
2112 2642
2112 2643
2112 2644
2112 2645
2112 2646
2113 2647
2113 2648
2113 2649
2114 2650
2115 2651
2115 2652
2116 2653
2116 2654
2117 2655
2118 2656
2119 2657
2119 2658
2120 2659
2121 2660
2122 2661
2123 2662
2124 2663
2125 2664
2126 2665
2127 2665
2128 2666
2128 2667
2129 2668
2130 2669
2131 2669
2132 2670
2133 2670
2134 2671
2135 2672
2136 2673
2137 2674
2138 2674
2139 2675
2140 2675
2141 2676
2142 2676
2143 2676
2144 2676
2145 2676
2146 2676
2147 2676
2148 2676
2149 2676
2150 2676
2151 2676
2152 2676
2153 2676
2154 2677
2155 2678
2156 2679
2157 2680
2158 2681
2159 2682
2159 2683
2160 2684
2161 2685
2161 2686
2162 2687
2163 2688
2164 2688
2165 2689
2166 2689
2167 2690
2168 2690
2169 2690
2170 2691
2170 2692
2171 2693
2171 2694
2171 2695
2172 2696
2172 2697
2173 2698
2174 2699
2175 2700
2176 2700
2177 2701
2178 2701
2179 2701
2180 2701
2181 2701
2182 2701
2183 2701
2184 2701
2185 2701
2186 2701
2187 2701
2188 2701
2189 2701
2190 2701
2191 2701
2192 2702
2193 2703
2194 2703
2195 2704
2196 2704
2197 2705
2198 2705
2199 2706
2200 2707
2201 2708
2202 2708
2203 2709
2204 2709
2205 2709
2206 2710
2207 2710
2208 2710
2209 2710
2210 2710
2211 2710
2212 2711
2213 2711
2214 2711
2215 2711
2216 2712
2217 2712
2218 2713
2219 2713
2220 2714
2221 2714
2222 2714
2223 2714
2224 2715
2225 2715
2226 2715
2227 2715
2228 2716
2229 2716
2230 2717
2231 2718
2232 2718
2233 2719
2234 2720
2235 2720
2236 2720
2237 2721
2238 2722
2239 2723
2240 2723
2241 2724
2242 2724
2243 2725
2244 2726
2245 2726
2246 2727
2247 2728
2248 2728
2249 2729
2250 2730
2251 2730
2252 2731
2253 2732
2254 2732
2255 2733
2256 2733
2257 2734
2258 2734
2259 2735
2260 2735
2261 2736
2262 2736
2263 2737
2264 2737
2265 2738
2266 2738
2267 2739
2268 2739
2269 2739
2270 2740
2271 2740
2272 2741
2273 2741
2274 2742
2275 2743
2276 2743
2277 2744
2278 2745
2279 2746
2280 2746
2281 2747
2282 2748
2283 2748
2284 2749
2285 2749
2286 2749
2287 2750
2288 2750
2289 2750
2290 2750
2291 2750
2292 2751
2293 2752
2294 2753
2295 2753
2296 2754
2297 2754
2298 2755
2299 2756
2300 2757
2301 2757
2302 2758
2303 2758
2304 2759
2305 2759
2306 2760
2307 2761
2308 2761
2309 2762
2310 2763
2311 2764
2312 2765
2313 2766
2314 2767
2315 2767
2316 2768
2317 2769
2318 2769
2319 2769
2320 2770
2321 2770
2322 2770
2323 2770
2324 2770
2325 2770
2326 2771
2327 2771
2328 2771
2329 2771
2330 2771
2331 2771
2332 2771
2333 2771
2334 2772
2335 2773
2335 2774
2336 2775
2336 2776
2337 2777
2338 2778
2339 2779
2340 2780
2341 2781
2342 2782
2343 2783
2344 2784
2345 2785
2346 2785
2347 2786
2348 2787
2349 2787
2350 2788
2351 2788
2352 2789
2353 2789
2354 2789
2355 2789
2356 2790
2357 2790
2358 2791
2358 2792
2359 2793
2360 2793
2361 2794
2362 2794
2363 2795
2364 2795
2365 2796
2366 2796
2367 2797
2368 2797
2369 2798
2370 2798
2371 2799
2372 2800
2373 2801
2374 2802
2375 2802
2376 2803
2377 2803
2378 2804
2379 2804
2380 2805
2381 2805
2382 2806
2383 2807
2384 2808
2385 2808
2386 2809
2387 2810
2388 2810
2389 2811
2390 2812
2391 2812
2392 2813
2393 2814
2394 2815
2395 2816
2396 2817
2397 2817
2398 2818
2399 2818
2400 2818
2401 2819
2402 2820
2403 2821
2404 2822
2405 2823
2406 2823
2407 2824
2408 2824
2409 2824
2410 2825
2411 2825
2412 2825
2413 2825
2414 2826
2415 2827
2416 2828
2416 2829
2417 2830
2418 2831
2418 2832
2419 2832
2420 2833
2421 2834
2422 2834
2423 2834
2424 2835
2425 2836
2426 2836
2427 2837
2428 2837
2429 2838
2430 2838
2431 2838
2432 2839
2433 2839
2434 2839
2435 2840
2436 2840
2437 2841
2438 2841
2439 2842
2440 2842
2441 2843
2442 2843
2443 2844
2444 2844
2445 2845
2446 2846
2446 2847
2447 2848
2447 2849
2448 2850
2449 2851
2450 2852
2451 2852
2452 2853
2453 2854
2454 2854
2455 2855
2456 2856
2457 2857
2458 2857
2459 2858
2460 2858
2461 2858
2462 2858
2463 2859
2464 2859
2465 2860
2466 2860
2467 2861
2468 2861
2469 2861
2470 2862
2471 2863
2472 2863
2473 2864
2474 2864
2475 2865
2476 2866
2477 2867
2478 2867
2479 2868
2480 2869
2481 2870
2482 2871
2483 2872
2484 2872
2485 2873
2486 2873
2487 2874
2488 2875
2489 2875
2490 2876
2491 2877
2492 2877
2493 2878
2494 2878
2495 2879
2496 2879
2497 2880
2498 2881
2499 2881
2500 2882
2501 2883
2502 2884
2503 2885
2504 2885
2505 2886
2506 2887
2507 2888
2508 2889
2509 2890
2510 2890
2511 2891
2512 2891
2513 2892
2514 2892
2515 2893
2516 2893
2517 2893
2518 2894
2519 2894
2520 2895
2521 2895
2522 2896
2523 2896
2524 2897
2525 2898
2526 2898
2527 2899
2528 2900
2529 2900
2530 2901
2531 2901
2532 2902
2533 2902
2534 2903
2535 2903
2536 2903
2537 2904
2538 2904
2539 2905
2540 2905
2541 2906
2542 2906
2543 2907
2544 2907
2545 2908
2546 2909
2547 2910
2548 2911
2549 2911
2550 2912
2551 2912
2552 2913
2553 2913
2554 2913
2555 2914
2556 2914
2557 2914
2558 2914
2559 2915
2560 2915
2561 2916
2562 2916
2563 2916
2564 2917
2565 2917
2566 2917
2567 2917
2568 2918
2569 2918
2570 2918
2571 2918
2572 2919
2573 2919
2574 2919
2575 2919
2576 2919
2577 2919
2578 2919
2579 2920
2580 2920
2581 2920
2582 2921
2583 2921
2584 2922
2585 2922
2586 2923
2587 2923
2588 2923
2589 2924
2590 2924
2591 2924
2592 2924
2593 2924
2594 2924
2595 2924
2596 2924
2597 2924
2598 2925
2599 2925
2600 2925
2601 2925
2602 2925
2603 2925
2604 2925
2605 2925
2606 2925
2607 2925
2608 2925
2609 2925
2610 2925
2611 2925
2612 2925
2613 2925
2614 2925
2615 2925
2616 2925
2617 2925
2618 2925
2619 2925
2620 2925
2621 2925
2622 2925
2623 2925
2624 2925
2625 2925
2626 2925
2627 2925
2628 2925
2629 2925
2630 2925
2631 2925
2632 2925
2633 2925
2634 2925
2635 2925
2636 2925
2637 2925
2638 2925
2639 2925
2640 2925
2641 2925
2642 2925
2643 2925
2644 2925
2645 2925
2646 2925
2647 2925
2648 2925
2649 2925
2650 2925
2651 2925
2652 2925
2653 2925
2654 2925
2655 2925
2656 2925
2657 2925
2658 2925
2659 2925
2660 2925
2661 2925
2662 2925
2663 2925
2664 2925
2665 2925
2666 2925
2667 2925
2668 2925
2669 2925
2670 2925
2671 2925
2672 2925
2673 2926
2674 2926
2675 2926
2676 2927
2677 2927
2678 2928
2679 2928
2680 2928
2681 2929
2682 2929
2683 2930
2684 2931
2685 2931
2686 2932
2687 2932
2688 2932
2689 2933
2690 2933
2691 2933
2692 2933
2693 2933
2694 2934
2695 2934
2696 2934
2697 2934
2698 2934
2699 2934
2700 2934
2701 2934
2702 2934
2703 2934
2704 2935
2705 2935
2706 2935
2707 2936
2708 2936
2709 2937
2710 2937
2711 2938
2712 2938
2713 2938
2714 2938
2715 2939
2716 2939
2717 2939
2718 2939
2719 2939
2720 2939
2721 2939
2722 2940
2723 2941
2724 2941
2725 2942
2726 2942
2727 2942
2728 2943
2729 2943
2730 2943
2731 2943
2732 2943
2733 2944
2734 2944
2735 2944
2736 2944
2737 2944
2738 2944
2739 2944
2740 2944
2741 2944
2742 2944
2743 2945
2744 2945
2745 2945
2746 2945
2747 2945
2748 2945
2749 2945
2750 2945
2751 2945
2752 2945
2753 2945
2754 2945
2755 2945
2756 2945
2757 2945
2758 2945
2759 2945
2760 2945
2761 2945
2762 2945
2763 2945
2764 2945
2765 2945
2766 2945
2767 2945
2768 2945
2769 2945
2770 2945
2771 2945
2772 2945
2773 2945
2774 2945
2775 2945
2776 2945
2777 2945
2778 2945
2779 2945
2780 2945
2781 2945
2782 2945
2783 2945
2784 2945
2785 2945
2786 2945
2787 2945
2788 2945
2789 2945
2790 2945
2791 2945
2792 2945
2793 2945
2794 2945
2795 2946
2796 2946
2797 2946
2798 2946
2799 2947
2800 2947
2801 2947
2802 2948
2803 2948
2804 2948
2805 2949
2806 2949
2807 2949
2808 2950
2809 2951
2810 2951
2811 2952
2812 2953
2813 2953
2814 2954
2815 2954
2816 2955
2817 2955
2818 2956
2819 2956
2820 2956
2821 2957
2822 2957
2823 2957
2824 2958
2825 2958
2826 2958
2827 2959
2828 2959
2829 2960
2830 2960
2831 2961
2832 2962
2833 2962
2834 2963
2835 2963
2836 2963
2837 2964
2838 2964
2839 2964
2840 2964
2841 2964
2842 2964
2843 2964
2844 2964
2845 2964
2846 2964
2847 2964
2848 2964
2849 2964
2850 2964
2851 2965
2852 2965
2853 2965
2854 2965
2855 2965
2856 2965
2857 2965
2858 2965
2859 2965
2860 2965
2861 2965
2862 2965
2863 2965
2864 2965
2865 2965
2866 2965
2867 2965
2868 2965
2869 2965
2870 2965
2871 2965
2872 2965
2873 2965
2874 2965
2875 2965
2876 2965
2877 2965
2878 2965
2879 2965
2880 2965
2881 2965
2882 2965
2883 2965
2884 2965
2885 2965
2886 2965
2887 2965
2888 2965
2889 2965
2890 2965
2891 2965
2892 2965
2893 2965
2894 2965
2895 2965
2896 2964
2897 2964
2898 2963
2899 2963
2900 2963
2901 2963
2902 2962
2903 2962
2904 2962
2905 2962
2906 2962
2907 2961
2908 2961
2909 2961
2910 2961
2911 2961
2912 2961
2913 2960
2914 2960
2915 2960
2916 2959
2917 2959
2918 2958
2919 2958
2920 2957
2921 2957
2922 2957
2923 2957
2924 2957
2925 2956
2926 2956
2927 2956
2928 2956
2929 2956
2930 2956
2931 2956
2932 2955
2933 2955
2934 2955
2935 2955
2936 2955
2937 2955
2938 2955
2939 2955
2940 2955
2941 2955
2942 2955
2943 2955
2944 2955
2945 2955
2946 2955
2947 2955
2948 2955
2949 2955
2950 2955
2951 2955
2952 2955
2953 2955
2954 2955
2955 2955
2956 2955
2957 2955
2958 2955
2959 2954
2960 2953
2961 2953
2962 2952
2963 2951
2964 2950
2965 2949
2966 2948
2967 2947
2968 2946
2969 2945
2970 2944
2971 2944
2972 2943
2973 2943
2974 2942
2975 2942
2976 2942
2977 2941
2978 2941
2979 2941
2980 2941
2981 2941
2982 2941
2983 2941
2984 2940
2985 2940
2986 2940
2987 2940
2988 2940
2989 2940
2990 2940
2991 2940
2992 2940
2993 2940
2994 2940
2995 2940
2996 2940
2997 2940
2998 2940
2999 2940
3000 2940
3001 2940
3002 2940
3003 2940
3004 2939
3005 2939
3006 2939
3007 2939
3008 2938
3009 2938
3010 2937
3011 2937
3012 2937
3013 2936
3014 2936
3015 2936
3016 2936
3017 2936
3018 2935
3019 2935
3020 2934
3021 2933
3022 2932
3023 2931
3024 2930
3025 2930
3026 2929
3027 2929
3028 2928
3029 2927
3030 2926
3031 2926
3032 2925
3033 2924
3034 2924
3035 2923
3036 2923
3037 2922
3038 2921
3039 2920
3040 2919
3041 2919
3042 2918
3043 2918
3044 2917
3045 2917
3046 2917
3047 2916
3048 2915
3049 2915
3050 2914
3051 2913
3052 2913
3053 2913
3054 2912
3055 2912
3056 2911
3057 2910
3058 2909
3059 2909
3060 2908
3061 2908
3062 2907
3063 2906
3064 2905
3065 2904
3066 2904
3067 2903
3068 2902
3069 2902
3070 2902
3071 2901
3072 2901
3073 2901
3074 2900
3075 2899
3076 2898
3077 2898
3078 2897
3079 2896
3080 2895
3081 2894
3082 2893
3083 2893
3084 2892
3085 2891
3086 2890
3087 2889
3088 2888
3089 2888
3090 2887
3091 2887
3092 2886
3093 2886
3094 2885
3095 2884
3096 2883
3097 2883
3098 2883
3099 2882
3100 2882
3101 2882
3102 2882
3103 2881
3104 2881
3105 2881
3106 2880
3107 2880
3108 2879
3109 2879
3110 2878
3111 2878
3112 2878
3113 2877
3114 2877
3115 2877
3116 2876
3117 2876
3118 2875
3119 2874
3120 2874
3121 2873
3122 2872
3123 2871
3124 2870
3125 2869
3126 2868
3126 2867
3127 2866
3127 2865
3128 2864
3128 2863
3128 2862
3129 2861
3130 2860
3131 2859
3132 2858
3133 2857
3133 2856
3134 2855
3135 2854
3136 2853
3137 2852
3138 2851
3139 2850
3140 2849
3141 2848
3141 2847
3142 2846
3143 2845
3144 2844
3145 2843
3146 2843
3147 2842
3148 2841
3149 2840
3150 2839
3151 2838
3152 2838
3153 2837
3154 2836
3155 2835
3156 2834
3157 2834
3158 2833
3159 2833
3160 2832
3161 2832
3162 2831
3163 2830
3164 2829
3165 2828
3165 2827
3166 2826
3167 2825
3168 2825
3169 2824
3170 2823
3171 2823
3172 2822
3173 2821
3174 2820
3175 2820
3176 2819
3177 2819
3178 2818
3179 2818
3180 2817
3180 2816
3181 2815
3182 2814
3183 2813
3183 2812
3183 2811
3183 2810
3183 2809
3183 2808
3183 2807
3183 2806
3184 2805
3184 2804
3184 2803
3184 2802
3184 2801
3184 2800
3184 2799
3184 2798
3184 2797
3184 2796
3184 2795
3184 2794
3184 2793
3184 2792
3184 2791
3184 2790
3184 2789
3184 2788
3184 2787
3184 2786
3184 2785
3184 2784
3184 2783
3185 2782
3185 2781
3186 2780
3187 2779
3187 2778
3187 2777
3188 2776
3188 2775
3188 2774
3188 2773
3189 2772
3189 2771
3189 2770
3189 2769
3189 2768
3189 2767
3189 2766
3189 2765
3189 2764
3189 2763
3189 2762
3189 2761
3189 2760
3189 2759
3189 2758
3189 2757
3189 2756
3189 2755
3189 2754
3189 2753
3189 2752
3189 2751
3189 2750
3189 2749
3189 2748
3189 2747
3189 2746
3189 2745
3189 2744
3189 2743
3189 2742
3189 2741
3189 2740
3188 2739
3187 2738
3187 2737
3186 2736
3185 2735
3184 2735
3183 2734
3182 2733
3182 2732
3181 2731
3181 2730
3181 2729
3180 2728
3180 2727
3180 2726
3180 2725
3180 2724
3180 2723
3180 2722
3180 2721
3179 2720
3179 2719
3179 2718
3179 2717
3179 2716
3179 2715
3179 2714
3179 2713
3179 2712
3179 2711
3179 2710
3179 2709
3179 2708
3179 2707
3179 2706
3179 2705
3179 2704
3179 2703
3179 2702
3179 2701
3179 2700
3179 2699
3179 2698
3179 2697
3179 2696
3179 2695
3179 2694
3179 2693
3179 2692
3179 2691
3179 2690
3179 2689
3179 2688
3179 2687
3180 2686
3180 2685
3181 2684
3181 2683
3182 2682
3182 2681
3183 2680
3183 2679
3183 2678
3183 2677
3184 2676
3184 2675
3184 2674
3184 2673
3184 2672
3184 2671
3184 2670
3184 2669
3184 2668
3184 2667
3184 2666
3184 2665
3184 2664
3184 2663
3184 2662
3184 2661
3184 2660
3184 2659
3184 2658
3184 2657
3184 2656
3184 2655
3184 2654
3184 2653
3184 2652
3184 2651
3184 2650
3184 2649
3184 2648
3184 2647
3184 2646
3184 2645
3184 2644
3184 2643
3184 2642
3184 2641
3184 2640
3184 2639
3184 2638
3184 2637
3184 2636
3184 2635
3184 2634
3184 2633
3184 2632
3183 2631
3182 2630
3181 2629
3181 2628
3181 2627
3180 2626
3180 2625
3180 2624
3179 2623
3179 2622
3178 2621
3178 2620
3177 2619
3177 2618
3176 2617
3176 2616
3175 2615
3175 2614
3174 2613
3175 2612
3176 2611
3177 2611
3178 2610
3179 2610
3180 2609
3181 2609
3182 2608
3183 2608
3184 2607
3185 2607
3186 2606
3187 2606
3188 2605
3189 2605
3190 2604
3191 2604
3192 2603
3193 2603
3194 2602
3195 2602
3196 2602
3197 2602
3198 2602
3199 2602
3200 2601
3201 2600
3202 2600
3203 2599
3204 2599
3205 2599
3206 2599
3207 2599
3208 2598
3209 2598
3210 2598
3211 2598
3212 2598
3213 2598
3214 2598
3215 2598
3216 2598
3217 2597
3218 2597
3219 2597
3220 2596
3221 2596
3222 2595
3223 2595
3224 2595
3225 2595
3226 2594
3227 2594
3228 2594
3229 2594
3230 2594
3231 2594
3232 2593
3233 2593
3234 2593
3235 2593
3236 2593
3237 2593
3238 2593
3239 2593
3240 2593
3241 2593
3242 2593
3243 2593
3244 2593
3245 2593
3246 2592
3247 2592
3248 2592
3249 2592
3250 2592
3251 2592
3252 2592
3253 2592
3254 2592
3255 2592
3256 2592
3257 2592
3258 2592
3259 2592
3260 2592
3261 2592
3262 2593
3263 2593
3264 2594
3265 2594
3266 2595
3267 2595
3268 2596
3269 2596
3270 2596
3271 2597
3272 2598
3272 2599
3273 2600
3274 2601
3275 2602
3275 2603
3276 2604
3277 2605
3278 2606
3278 2607
3279 2608
3280 2609
3281 2610
3282 2611
3282 2612
3283 2613
3283 2614
3284 2615
3285 2615
3286 2615
3287 2616
3288 2616
3289 2616
3290 2617
3291 2617
3292 2618
3293 2618
3294 2619
3295 2619
3296 2620
3297 2620
3298 2620
3299 2620
3300 2621
3301 2621
3302 2621
3303 2622
3304 2622
3305 2623
3306 2623
3307 2624
3308 2625
3309 2625
3310 2626
3311 2627
3312 2627
3313 2628
3314 2629
3315 2629
3316 2630
3317 2631
3318 2631
3319 2631
3320 2632
3321 2632
3322 2633
3323 2633
3324 2634
3325 2635
3326 2636
3327 2636
3328 2637
3329 2638
3330 2638
3331 2639
3332 2639
3333 2640
3334 2640
3335 2641
3336 2642
3337 2642
3338 2643
3339 2644
3340 2644
3341 2645
3342 2645
3343 2646
3344 2646
3345 2647
3346 2647
3347 2648
3348 2648
3349 2649
3350 2649
3351 2649
3352 2650
3353 2651
3354 2651
3355 2652
3356 2653
3357 2654
3358 2655
3359 2656
3360 2656
3361 2657
3362 2658
3363 2659
3364 2659
3365 2660
3366 2660
3367 2660
3368 2660
3369 2661
3370 2661
3371 2661
3372 2661
3373 2662
3374 2662
3375 2663
3376 2663
3377 2664
3378 2664
3379 2665
3380 2665
3381 2665
3382 2665
3383 2666
3384 2666
3385 2666
3386 2666
3387 2666
3388 2666
3389 2666
3390 2666
3391 2666
3392 2666
3393 2666
3394 2666
3395 2666
3396 2667
3397 2667
3398 2667
3399 2667
3400 2667
3401 2667
3402 2666
3403 2666
3404 2665
3405 2665
3406 2664
3407 2663
3408 2663
3409 2662
3410 2661
3411 2661
3412 2660
3413 2660
3414 2659
3415 2659
3416 2658
3417 2657
3418 2657
3419 2656
3420 2656
3421 2655
3422 2655
3423 2654
3424 2654
3425 2654
3426 2653
3427 2653
3428 2653
3429 2652
3430 2652
3431 2651
3432 2651
3433 2650
3434 2650
3435 2649
3436 2649
3437 2649
3438 2649
3439 2648
3440 2648
3441 2648
3442 2647
3443 2647
3444 2646
3445 2645
3446 2645
3447 2644
3448 2644
3449 2644
3450 2644
3451 2643
3452 2643
3453 2643
3454 2642
3455 2642
3456 2642
3457 2641
3458 2641
3459 2640
3460 2640
3461 2639
3462 2639
3463 2639
3464 2638
3465 2638
3466 2638
3467 2638
3468 2638
3469 2638
3470 2638
3471 2637
3472 2637
3473 2637
3474 2637
3475 2637
3476 2637
3477 2637
3478 2637
3479 2637
3480 2637
3481 2637
3482 2637
3483 2637
3484 2636
3485 2636
3486 2636
3487 2635
3488 2635
3489 2634
3490 2634
3491 2634
3492 2633
3493 2633
3494 2633
3495 2633
3496 2633
3497 2633
3498 2633
3499 2632
3500 2632
3501 2632
3502 2632
3503 2632
3504 2632
3505 2632
3506 2632
3507 2631
3508 2631
3509 2631
3510 2630
3511 2630
3512 2630
3513 2629
3514 2629
3515 2629
3516 2629
3517 2628
3518 2627
3519 2626
3520 2626
3521 2625
3522 2625
3522 2624
3523 2623
3524 2622
3524 2621
3525 2620
3526 2620
3527 2619
3528 2618
3528 2617
3529 2616
3530 2615
3531 2615
3532 2614
3533 2614
3534 2613
3535 2612
3536 2611
3537 2611
3538 2610
3539 2610
3540 2609
3541 2609
3542 2609
3543 2608
3544 2607
3545 2606
3546 2605
3547 2604
3548 2603
3549 2602
3549 2601
3550 2600
3551 2599
3552 2598
3553 2597
3554 2597
3555 2596
3556 2595
3556 2594
3557 2593
3558 2592
3559 2591
3560 2590
3561 2590
3562 2589
3563 2588
3564 2587
3565 2586
3565 2585
3566 2584
3567 2583
3568 2582
3569 2581
3569 2580
3570 2579
3571 2578
3572 2577
3573 2576
3573 2575
3574 2574
3575 2573
3576 2572
3577 2571
3578 2570
3579 2569
3579 2568
3579 2567
3579 2566
3580 2565
3580 2564
3581 2563
3581 2562
3582 2561
3583 2560
3583 2559
3584 2558
3584 2557
3584 2556
3585 2555
3585 2554
3585 2553
3586 2552
3587 2551
3587 2550
3588 2549
3588 2548
3589 2547
3589 2546
3589 2545
3589 2544
3590 2543
3590 2542
3590 2541
3590 2540
3590 2539
3591 2538
3591 2537
3591 2536
3591 2535
3591 2534
3591 2533
3591 2532
3591 2531
3591 2530
3592 2529
3592 2528
3592 2527
3593 2526
3593 2525
3594 2524
3594 2523
3594 2522
3594 2521
3594 2520
3595 2519
3595 2518
3596 2517
3596 2516
3597 2515
3597 2514
3598 2513
3598 2512
3599 2511
3599 2510
3599 2509
3599 2508
3600 2507
3600 2506
3600 2505
3600 2504
3600 2503
3600 2502
3600 2501
3601 2500
3601 2499
3601 2498
3602 2497
3602 2496
3603 2495
3603 2494
3604 2493
3604 2492
3604 2491
3604 2490
3605 2489
3605 2488
3605 2487
3605 2486
3605 2485
3605 2484
3605 2483
3605 2482
3605 2481
3605 2480
3605 2479
3606 2478
3606 2477
3606 2476
3606 2475
3606 2474
3606 2473
3606 2472
3606 2471
3606 2470
3606 2469
3606 2468
3606 2467
3606 2466
3606 2465
3606 2464
3606 2463
3606 2462
3606 2461
3606 2460
3606 2459
3606 2458
3606 2457
3606 2456
3606 2455
3606 2454
3606 2453
3606 2452
3606 2451
3606 2450
3606 2449
3606 2448
3606 2447
3606 2446
3606 2445
3606 2444
3606 2443
3606 2442
3605 2441
3605 2440
3604 2439
3604 2438
3604 2437
3603 2436
3603 2435
3603 2434
3602 2433
3602 2432
3602 2431
3602 2430
3601 2429
3601 2428
3601 2427
3601 2426
3600 2425
3600 2424
3600 2423
3599 2422
3599 2421
3598 2420
3598 2419
3598 2418
3598 2417
3597 2416
3597 2415
3597 2414
3597 2413
3597 2412
3597 2411
3597 2410
3597 2409
3596 2408
3596 2407
3596 2406
3596 2405
3596 2404
3596 2403
3596 2402
3596 2401
3596 2400
3596 2399
3596 2398
3596 2397
3596 2396
3596 2395
3596 2394
3596 2393
3596 2392
3596 2391
3596 2390
3596 2389
3596 2388
3596 2387
3596 2386
3596 2385
3596 2384
3596 2383
3596 2382
3596 2381
3596 2380
3596 2379
3596 2378
3596 2377
3596 2376
3596 2375
3596 2374
3596 2373
3596 2372
3596 2371
3596 2370
3596 2369
3596 2368
3596 2367
3596 2366
3596 2365
3596 2364
3596 2363
3596 2362
3596 2361
3597 2360
3597 2359
3598 2358
3598 2357
3599 2356
3599 2355
3599 2354
3600 2353
3600 2352
3600 2351
3600 2350
3600 2349
3600 2348
3600 2347
3600 2346
3600 2345
3601 2344
3601 2343
3601 2342
3601 2341
3601 2340
3601 2339
3601 2338
3601 2337
3601 2336
3601 2335
3601 2334
3601 2333
3601 2332
3601 2331
3601 2330
3601 2329
3601 2328
3601 2327
3601 2326
3601 2325
3601 2324
3601 2323
3601 2322
3601 2321
3601 2320
3601 2319
3600 2318
3600 2317
3600 2316
3599 2315
3599 2314
3598 2313
3598 2312
3598 2311
3598 2310
3597 2309
3597 2308
3597 2307
3597 2306
3596 2305
3596 2304
3596 2303
3596 2302
3596 2301
3596 2300
3596 2299
3596 2298
3596 2297
3596 2296
3596 2295
3596 2294
3596 2293
3596 2292
3596 2291
3596 2290
3596 2289
3596 2288
3596 2287
3596 2286
3596 2285
3596 2284
3596 2283
3596 2282
3596 2281
3596 2280
3596 2279
3596 2278
3596 2277
3596 2276
3596 2275
3596 2274
3596 2273
3596 2272
3596 2271
3596 2270
3596 2269
3596 2268
3596 2267
3597 2266
3597 2265
3598 2264
3598 2263
3598 2262
3599 2261
3599 2260
3599 2259
3599 2258
3600 2257
3600 2256
3600 2255
3600 2254
3600 2253
3600 2252
3600 2251
3601 2250
3601 2249
3602 2248
3602 2247
3603 2246
3603 2245
3603 2244
3604 2243
3604 2242
3604 2241
3604 2240
3604 2239
3605 2238
3605 2237
3605 2236
3605 2235
3605 2234
3606 2233
3606 2232
3606 2231
3607 2230
3607 2229
3607 2228
3607 2227
3607 2226
3608 2225
3608 2224
3608 2223
3608 2222
3608 2221
3609 2220
3609 2219
3609 2218
3609 2217
3609 2216
3609 2215
3609 2214
3610 2213
3610 2212
3610 2211
3610 2210
3610 2209
3610 2208
3610 2207
3610 2206
3610 2205
3610 2204
3611 2203
3611 2202
3611 2201
3611 2200
3611 2199
3611 2198
3611 2197
3611 2196
3611 2195
3611 2194
3611 2193
3611 2192
3611 2191
3611 2190
3611 2189
3611 2188
3611 2187
3611 2186
3611 2185
3610 2184
3610 2183
3609 2182
3609 2181
3608 2180
3608 2179
3608 2178
3607 2177
3607 2176
3607 2175
3606 2174
3605 2174
3604 2173
3603 2172
3602 2171
3601 2170
3600 2169
3599 2168
3598 2167
3597 2166
3596 2165
3595 2164
3594 2164
3593 2163
3592 2162
3591 2162
3590 2161
3589 2160
3588 2160
3587 2159
3586 2158
3585 2158
3584 2157
3583 2156
3582 2155
3581 2155
3580 2154
3579 2154
3578 2153
3577 2153
3576 2153
3575 2152
3574 2152
3573 2152
3572 2151
3571 2150
3570 2149
3569 2149
3568 2148
3567 2148
3566 2148
3565 2148
3564 2148
3563 2147
3562 2147
3561 2147
3560 2146
3559 2145
3558 2145
3557 2144
3556 2144
3555 2143
3554 2143
3553 2143
3552 2143
3551 2142
3550 2142
3549 2142
3548 2142
3547 2142
3546 2142
3545 2141
3544 2141
3543 2141
3542 2140
3541 2140
3540 2140
3539 2139
3538 2139
3537 2138
3536 2137
3535 2137
3534 2136
3533 2135
3532 2135
3531 2134
3530 2134
3529 2134
3528 2133
3527 2133
3526 2133
3525 2133
3524 2132
3523 2132
3522 2131
3521 2131
3520 2130
3519 2130
3518 2129
3517 2129
3516 2128
3515 2128
3514 2127
3513 2127
3512 2126
3511 2125
3510 2125
3509 2124
3508 2124
3507 2124
3506 2123
3505 2123
3504 2123
3503 2123
3502 2122
3501 2122
3500 2122
3499 2122
3498 2122
3497 2122
3496 2122
3495 2122
3494 2122
3493 2122
3492 2121
3491 2120
3490 2120
3489 2119
3488 2119
3487 2119
3486 2118
3485 2118
3484 2118
3483 2118
3482 2118
3481 2117
3480 2117
3479 2117
3478 2117
3477 2117
3476 2117
3475 2117
3474 2117
3473 2117
3472 2116
3471 2116
3470 2115
3469 2115
3468 2115
3467 2114
3466 2114
3465 2114
3464 2114
3463 2113
3462 2113
3461 2112
3460 2112
3459 2111
3458 2111
3457 2110
3456 2109
3455 2109
3454 2109
3453 2108
3452 2108
3451 2108
3450 2107
3449 2107
3448 2106
3447 2105
3446 2105
3445 2104
3444 2104
3443 2103
3442 2103
3441 2102
3440 2101
3439 2101
3438 2100
3437 2100
3436 2099
3435 2099
3434 2099
3433 2098
3432 2098
3431 2098
3430 2098
3429 2097
3428 2097
3427 2097
3426 2096
3425 2095
3424 2094
3423 2093
3422 2092
3421 2092
3420 2091
3419 2090
3418 2090
3417 2089
3416 2089
3415 2088
3414 2088
3413 2088
3412 2088
3411 2088
3410 2088
3409 2088
3408 2087
3407 2087
3406 2087
3405 2087
3404 2087
3403 2087
3402 2087
3401 2087
3400 2087
3399 2087
3398 2087
3397 2087
3396 2087
3395 2087
3394 2087
3393 2087
3392 2087
3391 2087
3390 2087
3389 2087
3388 2087
3387 2087
3386 2087
3385 2087
3384 2087
3383 2087
3382 2087
3381 2087
3380 2087
3379 2087
3378 2087
3377 2088
3376 2088
3375 2089
3374 2089
3373 2089
3372 2089
3371 2090
3370 2090
3369 2090
3368 2090
3367 2090
3366 2090
3365 2090
3364 2091
3363 2091
3362 2091
3361 2091
3360 2091
3359 2091
3358 2091
3357 2091
3356 2091
3355 2091
3354 2091
3353 2091
3352 2091
3351 2091
3350 2091
3349 2091
3348 2092
3347 2092
3346 2092
3345 2093
3344 2093
3343 2094
3342 2094
3341 2094
3340 2095
3339 2095
3338 2095
3337 2095
3336 2095
3335 2095
3334 2096
3333 2096
3332 2096
3331 2096
3330 2096
3329 2096
3328 2096
3327 2096
3326 2096
3325 2096
3324 2096
3323 2096
3322 2096
3321 2096
3320 2096
3319 2096
3318 2096
3317 2096
3316 2096
3315 2096
3314 2096
3313 2096
3312 2096
3311 2096
3310 2096
3309 2096
3308 2096
3307 2096
3306 2096
3305 2096
3304 2096
3303 2096
3302 2096
3301 2096
3300 2096
3299 2096
3298 2096
3297 2096
3296 2096
3295 2096
3294 2096
3293 2096
3292 2096
3291 2095
3290 2095
3289 2095
3288 2095
3287 2094
3286 2094
3285 2094
3284 2093
3283 2093
3282 2092
3281 2092
3280 2092
3279 2091
3278 2090
3277 2090
3276 2089
3275 2089
3274 2088
3273 2088
3272 2088
3271 2087
3270 2086
3269 2085
3268 2084
3267 2084
3266 2083
3265 2082
3264 2082
3263 2081
3262 2081
3261 2080
3260 2079
3259 2079
3258 2078
3257 2077
3256 2076
3255 2076
3254 2075
3253 2074
3252 2073
3251 2072
3250 2072
3249 2071
3248 2070
3247 2069
3246 2068
3245 2067
3244 2066
3243 2066
3242 2065
3241 2065
3240 2064
3239 2064
3238 2063
3237 2063
3236 2062
3235 2061
3235 2060
3234 2059
3234 2058
3234 2057
3233 2056
3233 2055
3232 2054
3232 2053
3231 2052
3231 2051
3231 2050
3231 2049
3230 2048
3230 2047
3230 2046
3230 2045
3230 2044
3230 2043
3229 2042
3229 2041
3229 2040
3229 2039
3229 2038
3228 2037
3228 2036
3228 2035
3227 2034
3227 2033
3226 2032
3226 2031
3226 2030
3225 2029
3225 2028
3225 2027
3225 2026
3225 2025
3225 2024
3224 2023
3224 2022
3224 2021
3224 2020
3224 2019
3224 2018
3224 2017
3224 2016
3223 2015
3223 2014
3223 2013
3222 2012
3222 2011
3221 2010
3221 2009
3221 2008
3220 2007
3220 2006
3220 2005
3220 2004
3220 2003
3220 2002
3220 2001
3219 2000
3219 1999
3219 1998
3219 1997
3219 1996
3219 1995
3218 1994
3218 1993
3217 1992
3217 1991
3217 1990
3216 1989
3216 1988
3215 1987
3214 1986
3213 1985
3213 1984
3212 1983
3212 1982
3211 1981
3210 1980
3209 1979
3208 1978
3208 1977
3207 1976
3207 1975
3206 1974
3205 1973
3205 1972
3204 1971
3203 1970
3202 1969
3201 1968
3201 1967
3200 1966
3200 1965
3199 1964
3198 1963
3198 1962
3197 1961
3196 1960
3195 1959
3194 1958
3193 1957
3193 1956
3192 1955
3191 1954
3190 1953
3189 1952
3188 1951
3187 1951
3186 1950
3185 1949
3184 1948
3183 1947
3182 1946
3181 1946
3180 1945
3179 1945
3178 1945
3177 1944
3176 1944
3175 1944
3174 1943
3173 1943
3172 1942
3171 1941
3170 1941
3169 1940
3168 1940
3167 1939
3166 1939
3165 1939
3164 1939
3163 1938
3162 1938
3161 1938
3160 1937
3159 1937
3158 1937
3157 1936
3156 1936
3155 1935
3154 1935
3153 1934
3152 1934
3151 1933
3150 1933
3149 1932
3148 1931
3147 1930
3146 1929
3145 1928
3144 1927
3143 1926
3142 1926
3141 1926
3140 1925
3139 1925
3138 1925
3137 1924
3136 1924
3135 1924
3134 1924
3133 1923
3132 1923
3131 1922
3130 1922
3129 1921
3128 1920
3127 1919
3126 1918
3125 1917
3124 1916
3123 1915
3122 1915
3121 1915
3120 1914
3119 1914
3118 1913
3117 1913
3116 1912
3115 1911
3114 1911
3113 1910
3112 1909
3111 1909
3110 1909
3109 1909
3108 1909
3107 1908
3106 1908
3105 1908
3104 1908
3103 1908
3102 1908
3101 1908
3100 1908
3099 1908
3098 1908
3097 1908
3096 1908
3095 1908
3094 1908
3093 1908
3092 1908
3091 1908
3090 1908
3089 1908
3088 1908
3087 1908
3086 1908
3085 1907
3084 1907
3083 1907
3082 1907
3081 1907
3080 1907
3079 1906
3078 1906
3077 1906
3076 1905
3075 1905
3074 1905
3073 1904
3072 1904
3071 1904
3070 1904
3069 1904
3068 1904
3067 1903
3066 1903
3065 1903
3064 1902
3063 1901
3062 1900
3061 1900
3060 1899
3059 1899
3058 1899
3057 1899
3056 1898
3055 1898
3054 1898
3053 1897
3052 1896
3051 1896
3050 1895
3049 1895
3048 1894
3047 1893
3046 1892
3045 1892
3044 1891
3043 1890
3042 1889
3041 1888
3040 1887
3039 1886
3038 1885
3037 1885
3036 1884
3035 1884
3034 1884
3033 1884
3032 1884
3031 1884
3030 1883
3029 1883
3028 1883
3027 1883
3026 1882
3025 1882
3024 1881
3023 1881
3022 1880
3021 1880
3020 1880
3019 1879
3018 1879
3017 1879
3016 1879
3015 1879
3014 1879
3013 1879
3012 1879
3011 1878
3010 1878
3009 1878
3008 1878
3007 1878
3006 1878
3005 1878
3004 1878
3003 1877
3002 1877
3001 1876
3000 1876
2999 1875
2998 1875
2997 1874
2996 1874
2995 1873
2994 1873
2993 1872
2992 1871
2991 1870
2990 1869
2989 1868
2988 1867
2987 1866
2986 1866
2985 1865
2984 1865
2983 1865
2982 1864
2981 1864
2980 1863
2979 1862
2978 1862
2977 1861
2976 1861
2975 1861
2974 1860
2973 1860
2972 1860
2971 1859
2970 1859
2969 1859
2968 1859
2967 1859
2966 1859
2965 1859
2964 1858
2963 1858
2962 1858
2961 1858
2960 1858
2959 1858
2958 1858
2957 1858
2956 1858
2955 1858
2954 1858
2953 1858
2952 1858
2951 1858
2950 1858
2949 1858
2948 1858
2947 1858
2946 1858
2945 1858
2944 1858
2943 1858
2942 1858
2941 1858
2940 1858
2939 1858
2938 1858
2937 1858
2936 1858
2935 1858
2934 1858
2933 1858
2932 1858
2931 1858
2930 1858
2929 1858
2928 1858
2927 1858
2926 1858
2925 1858
2924 1858
2923 1857
2922 1856
2921 1856
2920 1855
2919 1855
2918 1854
2917 1854
2916 1854
2915 1854
2914 1854
2913 1854
2912 1854
2911 1853
2910 1853
2909 1853
2908 1853
2907 1853
2906 1853
2905 1853
2904 1853
2903 1853
2902 1853
2901 1853
2900 1853
2899 1853
2898 1853
2897 1853
2896 1853
2895 1853
2894 1853
2893 1853
2892 1853
2891 1853
2890 1853
2889 1853
2888 1853
2887 1853
