3554 1869
3553 1870
3552 1870
3551 1870
3550 1871
3549 1871
3548 1871
3547 1871
3546 1872
3545 1872
3544 1872
3543 1872
3542 1873
3541 1873
3540 1873
3539 1873
3538 1873
3537 1874
3536 1874
3535 1874
3534 1874
3533 1874
3532 1874
3531 1874
3530 1874
3529 1874
3528 1875
3527 1875
3526 1876
3525 1876
3524 1877
3523 1877
3522 1878
3521 1878
3520 1878
3519 1879
3518 1879
3517 1879
3516 1879
3515 1879
3514 1879
3513 1879
3512 1880
3511 1880
3510 1880
3509 1880
3508 1880
3507 1880
3506 1880
3505 1880
3504 1880
3503 1880
3502 1880
3501 1880
3500 1880
3499 1880
3498 1880
3497 1880
3496 1880
3495 1880
3494 1880
3493 1880
3492 1880
3491 1880
3490 1880
3489 1880
3488 1880
3487 1880
3486 1880
3485 1880
3484 1880
3483 1880
3482 1880
3481 1880
3480 1880
3479 1880
3478 1880
3477 1880
3476 1880
3475 1880
3474 1880
3473 1880
3472 1880
3471 1880
3470 1880
3469 1880
3468 1880
3467 1880
3466 1880
3465 1880
3464 1880
3463 1880
3462 1879
3461 1879
3460 1879
3459 1879
3458 1879
3457 1879
3456 1879
3455 1879
3454 1879
3453 1879
3452 1879
3451 1879
3450 1879
3449 1879
3448 1879
3447 1879
3446 1879
3445 1879
3444 1879
3443 1879
3442 1879
3441 1879
3440 1879
3439 1879
3438 1879
3437 1879
3436 1879
3435 1878
3434 1878
3433 1878
3432 1878
3431 1877
3430 1877
3429 1877
3428 1877
3427 1876
3426 1876
3425 1876
3424 1876
3423 1875
3422 1875
3421 1875
3420 1875
3419 1874
3418 1874
3417 1874
3416 1874
3415 1874
3414 1873
3413 1873
3412 1873
3411 1873
3410 1873
3409 1873
3408 1873
3407 1873
3406 1873
3405 1872
3404 1872
3403 1872
3402 1872
3401 1872
3400 1872
3399 1872
3398 1872
3397 1871
3396 1871
3395 1871
3394 1871
3393 1871
3392 1871
3391 1871
3390 1871
3389 1871
3388 1871
3387 1871
3386 1871
3385 1871
3384 1871
3383 1871
3382 1871
3381 1871
3380 1871
3379 1871
3378 1871
3377 1871
3376 1871
3375 1871
3374 1871
3373 1870
3372 1870
3371 1870
3370 1870
3369 1870
3368 1870
3367 1870
3366 1870
3365 1870
3364 1870
3363 1870
3362 1870
3361 1870
3360 1870
3359 1870
3358 1870
3357 1870
3356 1870
3355 1870
3354 1870
3353 1870
3352 1870
3351 1870
3350 1870
3349 1870
3348 1870
3347 1870
3346 1870
3345 1870
3344 1870
3343 1871
3342 1871
3341 1871
3340 1872
3339 1872
3338 1873
3337 1873
3336 1873
3335 1873
3334 1873
3333 1873
3332 1874
3331 1874
3330 1874
3329 1874
3328 1874
3327 1874
3326 1874
3325 1875
3324 1875
3323 1875
3322 1876
3321 1876
3320 1877
3319 1877
3318 1878
3317 1878
3316 1878
3315 1879
3314 1879
3313 1879
3312 1880
3311 1880
3310 1880
3309 1880
3308 1880
3307 1880
3306 1880
3305 1880
3304 1880
3303 1880
3302 1880
3301 1880
3300 1881
3299 1881
3298 1881
3297 1881
3296 1881
3295 1881
3294 1882
3293 1882
3292 1882
3291 1883
3290 1883
3289 1883
3288 1884
3287 1884
3286 1884
3285 1885
3284 1885
3283 1885
3282 1885
3281 1885
3280 1886
3279 1886
3278 1886
3277 1886
3276 1886
3275 1886
3274 1886
3273 1886
3272 1886
3271 1886
3270 1886
3269 1886
3268 1886
3267 1886
3266 1887
3265 1887
3264 1887
3263 1888
3262 1888
3261 1889
3260 1889
3259 1889
3258 1890
3257 1890
3256 1890
3255 1890
3254 1890
3253 1891
3252 1891
3251 1891
3250 1891
3249 1891
3248 1891
3247 1891
3246 1891
3245 1892
3244 1892
3243 1892
3242 1892
3241 1892
3240 1892
3239 1892
3238 1892
3237 1892
3236 1892
3235 1892
3234 1892
3233 1892
3232 1892
3231 1892
3230 1892
3229 1892
3228 1892
3227 1892
3226 1892
3225 1892
3224 1892
3223 1892
3222 1892
3221 1892
3220 1892
3219 1893
3218 1893
3217 1894
3216 1894
3215 1895
3214 1895
3213 1895
3212 1896
3211 1896
3210 1896
3209 1896
3208 1896
3207 1896
3206 1896
3205 1897
3204 1897
3203 1897
3202 1897
3201 1897
3200 1897
3199 1897
3198 1897
3197 1897
3196 1897
3195 1897
3194 1898
3193 1898
3192 1899
3191 1899
3190 1899
3189 1900
3188 1900
3187 1900
3186 1900
3185 1901
3184 1901
3183 1901
3182 1902
3181 1902
3180 1902
3179 1902
3178 1902
3177 1902
3176 1902
3175 1902
3174 1903
3173 1903
3172 1903
3171 1903
3170 1903
3169 1903
3168 1903
3167 1903
3166 1903
3165 1903
3164 1903
3163 1904
3162 1904
3161 1905
3160 1905
3159 1905
3158 1906
3157 1906
3156 1907
3155 1907
3154 1907
3153 1907
3152 1907
3151 1908
3150 1908
3149 1908
3148 1908
3147 1908
3146 1908
3145 1908
3144 1908
3143 1908
3142 1908
3141 1908
3140 1908
3139 1908
3138 1908
3137 1908
3136 1908
3135 1909
3134 1909
3133 1909
3132 1909
3131 1909
3130 1909
3129 1909
3128 1909
3127 1909
3126 1909
3125 1909
3124 1909
3123 1909
3122 1909
3121 1909
3120 1909
3119 1909
3118 1909
3117 1909
3116 1909
3115 1909
3114 1909
3113 1908
3112 1908
3111 1908
3110 1908
3109 1908
3108 1908
3107 1908
3106 1908
3105 1908
3104 1908
3103 1908
3102 1908
3101 1908
3100 1908
3099 1908
3098 1908
3097 1908
3096 1908
3095 1908
3094 1908
3093 1908
3092 1908
3091 1908
3090 1908
3089 1908
3088 1908
3087 1908
3086 1908
3085 1908
3084 1908
3083 1908
3082 1908
3081 1908
3080 1907
3079 1907
3078 1907
3077 1907
3076 1907
3075 1907
3074 1907
3073 1907
3072 1907
3071 1907
3070 1907
3069 1907
3068 1907
3067 1907
3066 1907
3065 1907
3064 1907
3063 1907
3062 1907
3061 1907
3060 1907
3059 1907
3058 1907
3057 1907
3056 1907
3055 1907
3054 1907
3053 1907
3052 1907
3051 1907
3050 1907
3049 1907
3048 1906
3047 1906
3046 1906
3045 1906
3044 1906
3043 1906
3042 1906
3041 1906
3040 1906
3039 1906
3038 1906
3037 1906
3036 1906
3035 1906
3034 1906
3033 1906
3032 1906
3031 1906
3030 1906
3029 1906
3028 1906
3027 1906
3026 1906
3025 1906
3024 1906
3023 1906
3022 1906
3021 1906
3020 1906
3019 1906
3018 1906
3017 1906
3016 1905
3015 1905
3014 1905
3013 1905
3012 1905
3011 1905
3010 1905
3009 1905
3008 1905
3007 1905
3006 1905
3005 1905
3004 1905
3003 1905
3002 1905
3001 1905
3000 1905
2999 1905
2998 1905
2997 1905
2996 1905
2995 1905
2994 1905
2993 1905
2992 1905
2991 1905
2990 1905
2989 1905
2988 1905
2987 1905
2986 1905
2985 1905
2984 1905
2983 1904
2982 1904
2981 1904
2980 1904
2979 1904
2978 1904
2977 1904
2976 1904
2975 1904
2974 1904
2973 1904
2972 1904
2971 1904
2970 1904
2969 1904
2968 1904
2967 1904
2966 1904
2965 1904
2964 1904
2963 1904
2962 1904
2961 1904
2960 1904
2959 1904
2958 1904
2957 1904
2956 1904
2955 1904
2954 1904
2953 1904
2952 1903
2951 1903
2950 1903
2949 1903
2948 1903
2947 1903
2946 1903
2945 1903
2944 1903
2943 1903
2942 1903
2941 1903
2940 1903
2939 1903
2938 1903
2937 1903
2936 1903
2935 1903
2934 1903
2933 1903
2932 1903
2931 1903
2930 1903
2929 1903
2928 1903
2927 1903
2926 1903
2925 1903
2924 1903
2923 1903
2922 1903
2921 1903
2920 1903
2919 1902
2918 1902
2917 1902
2916 1902
2915 1902
2914 1902
2913 1902
2912 1902
2911 1902
2910 1902
2909 1902
2908 1902
2907 1902
2906 1902
2905 1902
2904 1902
2903 1902
2902 1902
2901 1902
2900 1902
2899 1902
2898 1902
2897 1902
2896 1902
2895 1902
2894 1902
2893 1902
2892 1902
2891 1902
2890 1902
2889 1902
2888 1901
2887 1901
2886 1901
2885 1901
2884 1901
2883 1901
2882 1901
2881 1901
2880 1901
2879 1901
2878 1901
2877 1901
2876 1901
2875 1901
2874 1901
2873 1901
2872 1901
2871 1901
2870 1901
2869 1901
2868 1901
2867 1901
2866 1901
2865 1901
2864 1901
2863 1901
2862 1901
2861 1901
2860 1901
2859 1901
2858 1901
2857 1901
2856 1901
2855 1900
2854 1900
2853 1900
2852 1900
2851 1900
2850 1900
2849 1900
2848 1900
2847 1900
2846 1900
2845 1900
2844 1900
2843 1900
2842 1900
2841 1900
2840 1900
2839 1900
2838 1900
2837 1900
2836 1900
2835 1900
2834 1900
2833 1900
2832 1900
2831 1900
2830 1901
2829 1901
2828 1902
2827 1902
2826 1903
2825 1903
2824 1903
2823 1904
2822 1904
2821 1904
2820 1904
2819 1904
2818 1904
2817 1904
2816 1904
2815 1904
2814 1905
2813 1905
2812 1905
2811 1905
2810 1905
2809 1905
2808 1905
2807 1905
2806 1905
2805 1906
2804 1906
2803 1906
2802 1907
2801 1907
2800 1908
2799 1908
2798 1908
2797 1909
2796 1909
2795 1909
2794 1910
2793 1910
2792 1910
2791 1911
2790 1911
2789 1912
2788 1912
2787 1913
2786 1913
2785 1914
2784 1914
2783 1915
2782 1915
2781 1915
2780 1915
2779 1916
2778 1916
2777 1916
2776 1916
2775 1916
2774 1916
2773 1916
2772 1917
2771 1917
2770 1917
2769 1918
2768 1918
2767 1919
2766 1919
2765 1920
2764 1920
2763 1920
2762 1921
2761 1921
2760 1921
2759 1921
2758 1922
2757 1922
2756 1922
2755 1922
2754 1922
2753 1922
2752 1922
2751 1922
2750 1922
2749 1923
2748 1923
2747 1923
2746 1923
2745 1923
2744 1923
2743 1923
2742 1923
2741 1923
2740 1923
2739 1923
2738 1923
2737 1923
2736 1923
2735 1923
2734 1923
2733 1923
2732 1923
2731 1923
2730 1923
2729 1923
2728 1923
2727 1923
2726 1923
2725 1923
2724 1923
2723 1923
2722 1923
2721 1923
2720 1923
2719 1923
2718 1922
2717 1922
2716 1922
2715 1922
2714 1922
2713 1922
2712 1922
2711 1922
2710 1922
2709 1922
2708 1922
2707 1922
2706 1922
2705 1922
2704 1922
2703 1922
2702 1922
2701 1922
2700 1922
2699 1922
2698 1922
2697 1922
2696 1922
2695 1922
2694 1922
2693 1922
2692 1922
2691 1922
2690 1922
2689 1921
2688 1920
2688 1919
2687 1919
2686 1918
2685 1918
2684 1917
2683 1916
2682 1916
2681 1915
2680 1914
2679 1914
2678 1913
2677 1912
2676 1911
2675 1910
2674 1909
2674 1908
2673 1907
2672 1906
2671 1905
2670 1905
2669 1904
2668 1903
2667 1903
2666 1903
2665 1902
2664 1902
2663 1902
2662 1902
2661 1902
2660 1902
2659 1902
2658 1902
2657 1902
2656 1902
2655 1902
2654 1902
2653 1901
2652 1902
2651 1901
2650 1901
2649 1902
2648 1902
2647 1902
2646 1902
2645 1902
2644 1902
2643 1902
2642 1902
2641 1903
2640 1904
2639 1904
2638 1903
2637 1903
2636 1904
2635 1905
2634 1905
2633 1905
2632 1906
2631 1906
2630 1906
2629 1907
2628 1908
2627 1908
2626 1909
2625 1909
2624 1909
2623 1909
2622 1910
2621 1910
2620 1911
2619 1911
2618 1911
2617 1911
2616 1911
2615 1912
2614 1912
2613 1912
2612 1912
2611 1912
2610 1912
2609 1912
2608 1912
2607 1912
2606 1913
2605 1913
2604 1913
2603 1913
2602 1913
2601 1913
2600 1913
2599 1913
2598 1913
2597 1913
2596 1913
2595 1913
2594 1913
2593 1913
2592 1913
2591 1913
2590 1913
2589 1913
2588 1913
2587 1913
2586 1913
2585 1913
2584 1913
2583 1914
2582 1914
2581 1914
2580 1913
2580 1912
2579 1912
2578 1913
2577 1913
2577 1914
2577 1915
2576 1916
2575 1916
2574 1916
2573 1915
2573 1914
2573 1913
2572 1914
2571 1914
2570 1914
2569 1913
2568 1912
2567 1913
2566 1914
2565 1914
2564 1914
2563 1913
2562 1912
2561 1912
2560 1912
2559 1912
2558 1912
2557 1912
2556 1912
2556 1913
2556 1914
2556 1915
2555 1916
2554 1916
2553 1916
2552 1915
2552 1914
2551 1914
2550 1914
2549 1913
2549 1912
2548 1912
2548 1913
2547 1914
2546 1914
2545 1914
2544 1913
2543 1913
2544 1914
2544 1915
2544 1916
2543 1917
2542 1918
2541 1918
2540 1918
2539 1919
2539 1920
2538 1921
2537 1922
2536 1922
2535 1922
2534 1921
2534 1920
2534 1919
2533 1919
2533 1920
2532 1921
2531 1921
2531 1922
2531 1923
2531 1924
2531 1925
2531 1926
2531 1927
2530 1928
2529 1928
2528 1928
2527 1927
2527 1926
2526 1927
2525 1927
2524 1927
2523 1926
2523 1925
2523 1926
2522 1927
2522 1928
2521 1929
2520 1929
2519 1929
2518 1929
2517 1929
2516 1928
2516 1927
2515 1927
2515 1928
2515 1929
2515 1930
2514 1931
2513 1931
2513 1932
2512 1933
2511 1933
2510 1933
2509 1933
2508 1932
2508 1931
2507 1930
2507 1929
2507 1928
2506 1929
2505 1930
2504 1930
2503 1930
2502 1930
2501 1929
2501 1928
2501 1929
2500 1930
2500 1931
2499 1932
2498 1932
2497 1932
2496 1933
2496 1934
2496 1935
2495 1936
2494 1936
2493 1936
2492 1935
2491 1935
2490 1934
2490 1933
2490 1934
2490 1935
2490 1936
2489 1937
2488 1937
2487 1937
2486 1936
2486 1935
2486 1934
2485 1933
2484 1933
2483 1932
2482 1932
2481 1932
2480 1931
2480 1932
2480 1933
2479 1934
2479 1935
2479 1936
2479 1937
2479 1938
2478 1939
2477 1939
2476 1939
2475 1938
2475 1937
2474 1936
2474 1935
2474 1934
2473 1935
2472 1935
2472 1936
2472 1937
2471 1938
2470 1938
2470 1939
2469 1940
2468 1941
2467 1941
2466 1941
2465 1941
2464 1940
2464 1939
2464 1938
2463 1938
2462 1939
2461 1940
2461 1941
2461 1942
2461 1943
2460 1944
2459 1944
2458 1944
2457 1944
2456 1944
2455 1944
2454 1944
2453 1944
2452 1943
2451 1942
2451 1941
2451 1940
2450 1941
2450 1942
2450 1943
2449 1944
2449 1945
2448 1946
2447 1946
2446 1946
2445 1945
2444 1946
2443 1946
2442 1946
2441 1945
2441 1946
2441 1947
2441 1948
2441 1949
2440 1950
2439 1950
2438 1950
2437 1949
2437 1948
2437 1947
2437 1946
2437 1945
2437 1944
2436 1944
2435 1944
2434 1943
2433 1943
2432 1943
2431 1944
2431 1945
2431 1946
2430 1947
2429 1948
2428 1948
2427 1948
2426 1948
2426 1949
2426 1950
2426 1951
2425 1952
2424 1952
2423 1952
2422 1951
2422 1950
2422 1949
2422 1948
2422 1949
2421 1950
2420 1950
2419 1950
2418 1950
2417 1949
2417 1948
2417 1949
2416 1950
2415 1951
2414 1951
2413 1951
2413 1952
2413 1953
2412 1954
2411 1954
2410 1954
2409 1954
2409 1955
2408 1956
2407 1956
2406 1956
2405 1955
2405 1954
2405 1953
2405 1952
2405 1951
2404 1952
2403 1952
2402 1952
2401 1952
2400 1952
2399 1952
2399 1953
2399 1954
2398 1955
2397 1955
2396 1955
2395 1954
2394 1953
2394 1952
2393 1953
2392 1953
2391 1953
2390 1952
2389 1952
2388 1952
2387 1953
2386 1953
2385 1953
2385 1954
2385 1955
2384 1956
2383 1956
2382 1956
2381 1955
2380 1956
2379 1956
2378 1956
2377 1956
2376 1956
2376 1957
2375 1958
2374 1958
2373 1958
2372 1957
2372 1956
2372 1955
2372 1954
2371 1953
2371 1952
2371 1953
2371 1954
2370 1955
2369 1955
2368 1955
2367 1955
2366 1955
2366 1956
2366 1957
2365 1958
2364 1958
2363 1958
2362 1957
2362 1956
2361 1955
2361 1954
2361 1953
2361 1954
2361 1955
2360 1956
2359 1956
2358 1956
2357 1956
2356 1955
2356 1954
2356 1955
2356 1956
2355 1957
2354 1958
2353 1958
2352 1958
2351 1958
2350 1958
2349 1957
2348 1957
2347 1957
2346 1956
2345 1956
2346 1957
2346 1958
2346 1959
2345 1960
2345 1961
2344 1962
2343 1962
2342 1962
2341 1961
2341 1960
2341 1959
2341 1960
2340 1961
2339 1961
2338 1961
2337 1961
2336 1960
2336 1959
2336 1960
2336 1961
2335 1962
2334 1963
2333 1963
2332 1963
2331 1964
2330 1965
2329 1965
2328 1965
2327 1965
2326 1964
2326 1963
2326 1962
2326 1963
2326 1964
2327 1965
2327 1966
2327 1967
2327 1968
2326 1969
2325 1969
2324 1969
2323 1968
2323 1967
2323 1966
2322 1965
2322 1964
2321 1964
2321 1965
2321 1966
2320 1967
2320 1968
2320 1969
2319 1970
2318 1970
2317 1969
2316 1968
2315 1967
2314 1968
2313 1968
2312 1968
2311 1968
2311 1969
2310 1970
2309 1970
2308 1970
2308 1971
2307 1972
2306 1973
2305 1974
2304 1974
2303 1974
2302 1975
2302 1976
2301 1977
2300 1977
2299 1977
2298 1977
2297 1977
2297 1978
2297 1979
2296 1980
2295 1980
2294 1980
2293 1980
2292 1979
2292 1978
2291 1979
2290 1979
2289 1979
2288 1980
2288 1981
2287 1982
2286 1982
2285 1982
2284 1981
2283 1981
2282 1981
2281 1981
2280 1981
2280 1982
2279 1983
2278 1983
2277 1983
2276 1982
2275 1982
2275 1983
2275 1984
2275 1985
2274 1986
2273 1986
2272 1986
2271 1986
2270 1985
2270 1986
2270 1987
2269 1988
2268 1988
2267 1988
2266 1987
2265 1987
2264 1988
2263 1988
2262 1988
2261 1988
2260 1988
2259 1989
2258 1989
2257 1989
2256 1989
2255 1988
2254 1989
2253 1989
2252 1989
2251 1988
2250 1988
2249 1988
2248 1988
2247 1988
2247 1989
2247 1990
2247 1991
2246 1992
2245 1992
2244 1992
2243 1991
2243 1992
2243 1993
2242 1994
2241 1994
2240 1994
2239 1993
2238 1993
2238 1994
2237 1995
2236 1995
2235 1995
2234 1995
2233 1994
2233 1993
2232 1992
2232 1991
2232 1990
2231 1991
2230 1991
2230 1992
2230 1993
2229 1994
2228 1994
2227 1994
2227 1995
2226 1996
2225 1996
2224 1996
2223 1995
2223 1994
2222 1994
2221 1994
2221 1995
2220 1996
2219 1996
2218 1996
2217 1996
2216 1995
2216 1994
2215 1994
2215 1995
2215 1996
2215 1997
2214 1998
2213 1998
2212 1998
2211 1997
2211 1996
2210 1996
2209 1996
2208 1996
2207 1996
2206 1995
2206 1996
2206 1997
2205 1998
2204 1999
2203 1999
2202 2000
2201 2000
2200 2000
2199 1999
2199 1998
2198 1998
2197 1998
2196 1998
2195 1998
2194 1998
2193 1999
2192 1999
2192 2000
2192 2001
2192 2002
2192 2003
2191 2004
2190 2004
2189 2004
2188 2003
2187 2003
2186 2002
2185 2002
2184 2002
2183 2002
2182 2002
2181 2002
2180 2001
2179 2001
2178 2000
2178 1999
2178 2000
2179 2001
2179 2002
2179 2003
2178 2004
2177 2004
2176 2004
2175 2004
2174 2004
2173 2004
2172 2003
2172 2002
2171 2002
2171 2003
2170 2004
2169 2004
2169 2005
2169 2006
2168 2007
2167 2007
2166 2007
2165 2006
2164 2007
2163 2007
2162 2007
2161 2007
2160 2008
2159 2009
2158 2009
2157 2009
2156 2008
2156 2007
2156 2006
2155 2006
2154 2006
2153 2007
2153 2008
2154 2009
2154 2010
2154 2011
2153 2012
2152 2012
2151 2012
2150 2012
2149 2011
2149 2010
2149 2009
2148 2008
2147 2008
2147 2009
2147 2010
2146 2011
2145 2011
2144 2011
2143 2011
2142 2010
2142 2009
2141 2009
2140 2008
2139 2008
2138 2008
2137 2008
2137 2009
2136 2010
2135 2011
2135 2012
2135 2013
2135 2014
2134 2015
2133 2015
2132 2015
2131 2014
2131 2013
2130 2012
2130 2011
2130 2010
2130 2009
2129 2009
2128 2010
2127 2010
2126 2010
2126 2011
2125 2012
2124 2013
2123 2013
2122 2014
2121 2014
2120 2014
2119 2013
2118 2012
2117 2011
2116 2010
2115 2010
2114 2011
2113 2011
2113 2012
2112 2013
2111 2013
2110 2013
2109 2012
2108 2012
2107 2012
2106 2013
2105 2013
2104 2013
2103 2013
2102 2014
2101 2015
2100 2015
2099 2015
2098 2014
2097 2014
2096 2014
2095 2014
2095 2015
2094 2016
2093 2016
2092 2016
2091 2015
2090 2014
2090 2013
2089 2014
2088 2015
2087 2015
2086 2015
2085 2015
2085 2016
2084 2017
2083 2017
2082 2017
2081 2018
2081 2019
2081 2020
2080 2021
2079 2021
2078 2021
2077 2020
2077 2019
2077 2018
2077 2017
2077 2016
2076 2016
2075 2015
2075 2014
2074 2014
2073 2014
2073 2015
2073 2016
2072 2017
2071 2017
2070 2017
2069 2017
2068 2017
2067 2016
2066 2017
2065 2018
2064 2019
2063 2019
2063 2020
2062 2021
2061 2021
2060 2021
2059 2021
2058 2020
2058 2019
2058 2018
2057 2018
2056 2018
2055 2018
2054 2019
2054 2020
2053 2021
2052 2022
2051 2022
2050 2022
2049 2021
2048 2022
2047 2023
2046 2023
2045 2023
2044 2024
2043 2024
2042 2024
2041 2023
2040 2023
2040 2024
2040 2025
2039 2026
2038 2026
2037 2026
2036 2026
2035 2026
2034 2026
2034 2027
2033 2028
2032 2028
2031 2028
2030 2027
2029 2027
2028 2027
2028 2028
2027 2029
2026 2029
2025 2029
2025 2030
2025 2031
2024 2032
2023 2032
2022 2032
2022 2033
2021 2034
2020 2034
2019 2034
2018 2034
2017 2033
2017 2032
2017 2031
2016 2031
2016 2032
2016 2033
2016 2034
2015 2035
2014 2035
2013 2035
2012 2035
2011 2035
2010 2036
2009 2036
2008 2036
2007 2036
2006 2036
2005 2035
2005 2034
2005 2033
2004 2032
2003 2032
2003 2033
2002 2034
2002 2035
2001 2036
2000 2036
1999 2036
1999 2037
1999 2038
1998 2039
1997 2039
1996 2039
1995 2039
1994 2038
1994 2037
1993 2037
1992 2037
1992 2038
1991 2039
1991 2040
1990 2041
1989 2041
1988 2041
1988 2042
1987 2043
1986 2043
1985 2043
1984 2042
1984 2041
1984 2040
1984 2039
1983 2040
1982 2041
1982 2042
1982 2043
1981 2044
1980 2044
1979 2045
1979 2046
1978 2047
1977 2047
1976 2047
1975 2046
1974 2045
1974 2044
1974 2043
1974 2044
1973 2045
1972 2045
1972 2046
1972 2047
1972 2048
1971 2049
1970 2050
1969 2050
1968 2050
1967 2050
1966 2049
1965 2049
1964 2049
1963 2048
1962 2047
1961 2047
1960 2047
1959 2047
1959 2048
1959 2049
1959 2050
1958 2051
1957 2052
1956 2052
1955 2052
1954 2052
1953 2051
1953 2052
1952 2053
1952 2054
1952 2055
1951 2056
1950 2056
1949 2056
1948 2055
1948 2054
1947 2053
1946 2053
1945 2053
1944 2053
1944 2054
1943 2055
1942 2055
1941 2055
1940 2054
1939 2054
1938 2055
1937 2055
1936 2055
1935 2055
1935 2056
1934 2057
1933 2057
1932 2057
1931 2056
1931 2055
1930 2055
1930 2056
1929 2057
1929 2058
1929 2059
1929 2060
1929 2061
1928 2062
1927 2062
1926 2062
1925 2061
1925 2060
1925 2059
1925 2058
1924 2059
1923 2059
1922 2059
1921 2060
1920 2060
1919 2060
1918 2059
1917 2059
1917 2060
1917 2061
1917 2062
1916 2063
1915 2063
1914 2063
1913 2064
1912 2065
1911 2066
1910 2066
1909 2066
1908 2065
1908 2064
1907 2065
1906 2065
1905 2065
1904 2064
1903 2064
1903 2065
1902 2066
1901 2067
1900 2067
1899 2067
1898 2066
1898 2065
1898 2064
1898 2065
1898 2066
1898 2067
1897 2068
1897 2069
1896 2070
1895 2070
1894 2070
1893 2069
1893 2070
1892 2071
1891 2071
1890 2071
1889 2070
1889 2069
1888 2070
1887 2070
1888 2071
1887 2072
1886 2072
1885 2072
1884 2071
1884 2070
1883 2069
1883 2068
1883 2069
1882 2070
1881 2070
1880 2070
1879 2069
1879 2068
1879 2069
1878 2070
1877 2070
1877 2071
1877 2072
1876 2073
1875 2073
1874 2073
1873 2073
1872 2074
1871 2075
1870 2075
1869 2075
1868 2075
1867 2075
1866 2074
1865 2075
1865 2076
1865 2077
1864 2078
1864 2079
1864 2080
1863 2081
1862 2081
1861 2081
1860 2080
1860 2079
1860 2078
1860 2077
1860 2076
1860 2077
1859 2078
1858 2078
1857 2078
1856 2077
1856 2076
1856 2075
1856 2074
1855 2075
1854 2075
1853 2076
1852 2076
1851 2077
1850 2077
1849 2077
1848 2077
1847 2077
1846 2078
1845 2078
1844 2078
1843 2079
1842 2079
1842 2080
1842 2081
1842 2082
1842 2083
1841 2084
1840 2085
1839 2085
1838 2085
1837 2084
1836 2085
1835 2085
1834 2085
1833 2084
1833 2083
1833 2082
1833 2081
1833 2080
1833 2081
1832 2082
1831 2082
1830 2082
1829 2082
1828 2081
1828 2080
1827 2080
1826 2081
1825 2081
1824 2081
1823 2082
1822 2083
1821 2083
1820 2083
1819 2082
1818 2082
1817 2082
1817 2083
1817 2084
1817 2085
1817 2086
1816 2087
1815 2087
1814 2087
1813 2087
1812 2087
1812 2088
1812 2089
1811 2090
1810 2090
1809 2090
1808 2089
1807 2089
1807 2090
1806 2091
1805 2091
1804 2091
1803 2090
1802 2090
1801 2090
1800 2090
1799 2089
1798 2088
1798 2087
1799 2086
1798 2086
1797 2086
1796 2085
1795 2086
1794 2086
1793 2086
1792 2086
1791 2087
1791 2088
1791 2089
1791 2090
1791 2091
1790 2092
1790 2093
1789 2094
1789 2095
1789 2096
1788 2097
1787 2097
1786 2097
1785 2096
1785 2095
1785 2094
1785 2093
1785 2092
1785 2091
1786 2090
1785 2090
1784 2090
1783 2089
1782 2089
1781 2089
1780 2089
1780 2090
1780 2091
1780 2092
1780 2093
1779 2094
1778 2094
1777 2094
1776 2093
1776 2092
1776 2091
1776 2090
1776 2089
1775 2088
1775 2087
1775 2086
1776 2085
1776 2084
1776 2085
1775 2086
1775 2087
1775 2088
1774 2089
1773 2089
1772 2089
1771 2088
1770 2087
1770 2086
1770 2085
1770 2084
1770 2083
1770 2082
1771 2081
1772 2081
1772 2080
1772 2079
1772 2078
1772 2077
1772 2076
1772 2077
1772 2078
1772 2079
1771 2080
1771 2081
1770 2082
1769 2082
1768 2082
1768 2083
1768 2084
1767 2085
1766 2086
1765 2087
1765 2088
1765 2089
1765 2090
1765 2091
1764 2092
1763 2093
1762 2093
1761 2094
1761 2095
1762 2096
1762 2097
1762 2098
1761 2099
1761 2100
1760 2101
1759 2101
1758 2101
1757 2100
1757 2099
1757 2100
1757 2101
1757 2102
1756 2103
1755 2104
1754 2104
1753 2104
1752 2103
1752 2102
1751 2102
1750 2101
1750 2100
1749 2100
1748 2099
1748 2098
1748 2099
1748 2100
1748 2101
1748 2102
1747 2103
1746 2103
1745 2103
1744 2102
1743 2102
1742 2102
1741 2101
1741 2100
1741 2101
1740 2102
1739 2102
1738 2102
1738 2103
1738 2104
1739 2105
1739 2106
1739 2107
1739 2108
1738 2109
1737 2109
1737 2110
1737 2111
1736 2112
1735 2112
1734 2112
1733 2111
1732 2110
1732 2109
1732 2108
1731 2109
1730 2109
1729 2109
1728 2109
1727 2109
1726 2109
1725 2109
1724 2109
1723 2108
1723 2109
1723 2110
1722 2111
1721 2111
1720 2111
1719 2110
1719 2109
1718 2108
1718 2107
1717 2106
1717 2105
1716 2105
1715 2105
1716 2106
1715 2107
1714 2107
1713 2107
1712 2106
1712 2105
1712 2104
1712 2103
1712 2104
1711 2105
1710 2105
1709 2106
1709 2107
1708 2108
1708 2109
1708 2110
1709 2110
1710 2111
1710 2112
1711 2113
1711 2114
1711 2115
1711 2116
1710 2117
1709 2117
1708 2117
1707 2117
1706 2117
1705 2117
1704 2116
1703 2116
1702 2116
1701 2116
1700 2116
1699 2116
1698 2115
1698 2114
1698 2115
1697 2116
1696 2117
1695 2118
1694 2119
1694 2120
1693 2121
1693 2122
1693 2123
1692 2124
1691 2124
1690 2124
1690 2125
1689 2126
1689 2127
1689 2128
1689 2129
1688 2130
1687 2131
1686 2132
1685 2132
1684 2132
1683 2131
1683 2130
1683 2129
1683 2128
1683 2129
1683 2130
1682 2131
1681 2131
1680 2131
1679 2130
1680 2129
1679 2129
1678 2128
1677 2127
1676 2126
1676 2125
1675 2125
1674 2125
1673 2124
1673 2123
1673 2122
1673 2121
1673 2120
1673 2119
1673 2118
1672 2118
1671 2119
1671 2120
1670 2121
1669 2121
1669 2122
1669 2123
1668 2124
1667 2125
1666 2125
1665 2125
1664 2124
1663 2124
1662 2124
1662 2125
1663 2125
1664 2126
1664 2127
1664 2128
1663 2129
1663 2130
1663 2131
1663 2132
1663 2133
1662 2134
1661 2134
1660 2134
1659 2133
1658 2132
1658 2133
1658 2134
1658 2135
1658 2136
1658 2137
1657 2138
1656 2138
1655 2138
1655 2139
1654 2140
1653 2141
1652 2141
1651 2141
1650 2140
1650 2139
1650 2138
1650 2137
1650 2138
1650 2139
1650 2140
1649 2141
1648 2142
1647 2142
1646 2142
1645 2141
1645 2140
1645 2139
1645 2138
1645 2137
1644 2137
1643 2137
1642 2136
1642 2135
1642 2134
1641 2134
1640 2134
1639 2133
1639 2132
1639 2131
1639 2130
1639 2129
1638 2128
1638 2127
1637 2128
1636 2128
1636 2129
1636 2130
1636 2131
1636 2132
1635 2133
1634 2133
1634 2134
1635 2135
1636 2135
1637 2135
1638 2136
1639 2137
1639 2138
1639 2139
1639 2140
1639 2141
1639 2142
1639 2143
1639 2144
1638 2145
1637 2145
1636 2145
1635 2144
1635 2143
1634 2143
1633 2143
1632 2142
1632 2141
1631 2140
1630 2139
1630 2138
1629 2139
1628 2139
1627 2139
1627 2140
1628 2139
1629 2139
1630 2139
1631 2140
1631 2141
1631 2142
1631 2143
1630 2144
1630 2145
1630 2146
1629 2147
1628 2147
1627 2147
1626 2146
1625 2147
1624 2148
1624 2149
1623 2150
1622 2150
1621 2150
1620 2149
1620 2148
1619 2147
1619 2146
1618 2146
1617 2146
1616 2146
1615 2145
1615 2144
1615 2143
1615 2142
1614 2142
1613 2142
1612 2143
1612 2144
1612 2145
1612 2146
1611 2147
1610 2148
1609 2149
1608 2150
1607 2151
1606 2151
1605 2151
1604 2151
1603 2151
1603 2152
1602 2153
1601 2153
1600 2153
1599 2153
1598 2152
1598 2153
1597 2154
1596 2154
1595 2154
1594 2154
1593 2155
1592 2155
1591 2155
1590 2154
1590 2153
1589 2153
1588 2154
1587 2154
1586 2154
1586 2155
1586 2156
1586 2157
1585 2158
1584 2158
1583 2158
1582 2158
1581 2157
1581 2156
1580 2156
1579 2157
1578 2157
1577 2157
1576 2157
1575 2157
1574 2158
1573 2158
1572 2158
1571 2158
1570 2159
1569 2159
1568 2160
1567 2160
1566 2160
1565 2161
1564 2161
1563 2161
1562 2162
1561 2162
1560 2162
1559 2162
1558 2163
1557 2164
1556 2164
1555 2165
1554 2166
1553 2166
1552 2167
1551 2167
1550 2167
1549 2168
1548 2168
1547 2168
1546 2168
1545 2168
1544 2169
1543 2169
1542 2169
1541 2169
1542 2170
1541 2171
1540 2171
1539 2171
1538 2171
1537 2172
1536 2173
1535 2174
1534 2174
1533 2174
1532 2175
1531 2176
1530 2176
1529 2177
1528 2178
1527 2178
1526 2179
1525 2179
1524 2180
1523 2181
1522 2181
1521 2182
1520 2183
1519 2183
1518 2183
1517 2184
1516 2185
1515 2186
1514 2186
1513 2186
1512 2186
1512 2187
1511 2188
1510 2188
1509 2189
1508 2189
1507 2189
1506 2189
1506 2190
1505 2191
1504 2191
1503 2192
1502 2192
1501 2192
1500 2193
1499 2193
1498 2193
1497 2194
1496 2194
1495 2194
1494 2194
1493 2195
1492 2196
1491 2196
1490 2196
1489 2197
1488 2197
1487 2198
1486 2198
1485 2198
1484 2198
1483 2199
1482 2199
1481 2199
1480 2200
1479 2200
1478 2201
1477 2201
1476 2202
1475 2202
1474 2203
1473 2203
1472 2203
1471 2204
1470 2204
1469 2204
1468 2204
1467 2205
1466 2205
1465 2205
1464 2205
1463 2205
1462 2205
1461 2206
1460 2206
1459 2206
1458 2206
1457 2206
1456 2206
1455 2206
1454 2206
1453 2206
1452 2206
1451 2206
1450 2206
1449 2207
1448 2207
1447 2207
1446 2208
1445 2208
1444 2208
1443 2209
1442 2209
1441 2209
1440 2210
1439 2210
1438 2210
1437 2210
1436 2210
1435 2211
1434 2211
1433 2211
1432 2211
1431 2211
1430 2211
1429 2211
1428 2211
1427 2212
1426 2212
1425 2212
1424 2213
1423 2213
1422 2213
1421 2214
1420 2214
1419 2215
1418 2215
1417 2215
1416 2216
1415 2216
1414 2216
1413 2216
1412 2216
1411 2217
1410 2217
1409 2217
1408 2217
1407 2217
1406 2217
1405 2217
1404 2217
1403 2217
1402 2217
1401 2217
1400 2218
1399 2218
1398 2218
1397 2218
1396 2219
1395 2219
1394 2219
1393 2219
1392 2220
1391 2220
1390 2220
1389 2220
1388 2221
1387 2221
1386 2221
1385 2221
1384 2221
1383 2221
1382 2222
1381 2222
1380 2222
1379 2222
1378 2222
1377 2222
1376 2223
1375 2223
1374 2223
1373 2223
1372 2223
1371 2223
1370 2223
1369 2223
1368 2223
1367 2223
1366 2223
1365 2224
1364 2224
1363 2224
1362 2224
1361 2224
1360 2225
1359 2225
1358 2225
1357 2225
1356 2226
1355 2226
1354 2226
1353 2227
1352 2227
1351 2228
1350 2228
1349 2228
1348 2229
1347 2229
1346 2230
1345 2230
1344 2231
1343 2231
1342 2232
1341 2232
1340 2232
1339 2233
1338 2233
1337 2233
1336 2233
1335 2233
1334 2234
1333 2234
1332 2234
1331 2234
1330 2234
1329 2234
1328 2234
1327 2235
1326 2235
1325 2235
1324 2236
1323 2236
1322 2236
1321 2237
1320 2237
1319 2237
1318 2238
1317 2238
1316 2238
1315 2238
1314 2239
1313 2239
1312 2239
1311 2239
1310 2239
1309 2239
1308 2240
1307 2240
1306 2240
1305 2240
1304 2240
1303 2240
1302 2240
1301 2240
1300 2240
1299 2240
1298 2241
1297 2241
1296 2241
1295 2241
1294 2242
1293 2242
1292 2242
1291 2243
1290 2243
1289 2243
1288 2243
1287 2244
1286 2244
1285 2244
1284 2245
1283 2245
1282 2245
1281 2245
1280 2245
1279 2246
1278 2246
1277 2246
1276 2246
1275 2246
1274 2246
1273 2246
1272 2246
1271 2246
1270 2246
1269 2246
1268 2246
1267 2247
1266 2247
1265 2247
1264 2247
1263 2248
1262 2248
1261 2248
1260 2248
1259 2249
1258 2249
1257 2249
1256 2250
1255 2250
1254 2250
1253 2251
1252 2251
1251 2251
1250 2251
1249 2251
1248 2252
1247 2252
1246 2252
1245 2252
1244 2253
1243 2253
1242 2253
1241 2253
1240 2254
1239 2254
1238 2254
1237 2255
1236 2255
1235 2255
1234 2256
1233 2256
1232 2256
1231 2256
1230 2257
1229 2257
1228 2257
1227 2257
1226 2257
1225 2258
1224 2258
1223 2258
1222 2258
1221 2258
1220 2258
1219 2258
1218 2258
1217 2258
1216 2259
1215 2259
1214 2259
1213 2260
1212 2260
1211 2260
1210 2261
1209 2261
1208 2261
1207 2261
1206 2261
1205 2262
1204 2262
1203 2262
1202 2262
1201 2262
1200 2262
1199 2263
1198 2263
1197 2263
1196 2263
1195 2263
1194 2263
1193 2263
1192 2263
1191 2264
1190 2264
1189 2264
1188 2264
1187 2264
1186 2265
1185 2265
1184 2266
1183 2266
1182 2267
1181 2267
1180 2267
1179 2267
1178 2267
1177 2268
1176 2268
1175 2268
1174 2268
1173 2268
1172 2269
1171 2269
1170 2269
1169 2269
1168 2270
1167 2270
1166 2270
1165 2270
1164 2270
1163 2271
1162 2271
1161 2271
1160 2272
1159 2272
1158 2272
1157 2272
1156 2273
1155 2273
1154 2273
1153 2273
1152 2274
1151 2274
1150 2274
1149 2274
1148 2275
1147 2275
1146 2275
1145 2276
1144 2276
1143 2276
1142 2276
1141 2277
1140 2277
1139 2277
1138 2277
1137 2278
1136 2278
1135 2278
1134 2279
1133 2279
1132 2279
1131 2279
1130 2280
1129 2280
1128 2280
1127 2280
1126 2280
1125 2280
1124 2281
1123 2281
1122 2281
1121 2281
1120 2281
1119 2281
1118 2281
1117 2281
1116 2281
1115 2282
1114 2282
1113 2282
1112 2282
1111 2282
1110 2282
1109 2282
1108 2283
1107 2283
1106 2283
1105 2283
1104 2283
1103 2284
1102 2284
1101 2284
1100 2285
1099 2285
1098 2285
1097 2285
1096 2286
1095 2286
1094 2286
1093 2286
1092 2286
1091 2287
1090 2287
1089 2287
1088 2287
1087 2287
1086 2287
1085 2288
1084 2288
1083 2288
1082 2288
1081 2289
1080 2289
1079 2289
1078 2289
1077 2290
1076 2290
1075 2290
1074 2291
1073 2291
1072 2291
1071 2291
1070 2291
1069 2292
1068 2292
1067 2292
1066 2292
1065 2292
1064 2292
1063 2292
1062 2292
1061 2292
1060 2293
1059 2293
1058 2293
1057 2293
1056 2293
1055 2293
1054 2293
1053 2293
1052 2293
1051 2293
1050 2293
1049 2293
1048 2293
1047 2293
1046 2293
1045 2293
1044 2293
1043 2293
1042 2293
1041 2293
1040 2293
1039 2293
1038 2293
1037 2293
1036 2293
1035 2293
1034 2293
1033 2293
1032 2293
1031 2293
1030 2293
1029 2294
1028 2294
1027 2294
1026 2294
1025 2295
1024 2295
1023 2295
1022 2296
1021 2296
1020 2296
1019 2297
1018 2297
1017 2297
1016 2298
1015 2298
1014 2298
1013 2299
1012 2299
1011 2300
1010 2300
1009 2300
1008 2301
1007 2301
1006 2301
1005 2302
1004 2302
1003 2302
1002 2302
1001 2302
1000 2303
999 2303
998 2303
997 2303
996 2303
995 2303
994 2304
993 2304
992 2304
991 2305
990 2305
989 2305
988 2306
987 2306
986 2306
985 2306
984 2307
983 2307
982 2307
981 2307
980 2307
979 2308
978 2308
977 2308
976 2308
975 2308
974 2308
973 2308
972 2309
971 2309
970 2309
969 2309
968 2309
967 2309
966 2309
965 2309
964 2310
963 2310
962 2310
961 2310
960 2310
959 2311
958 2311
957 2311
956 2312
955 2312
954 2312
953 2313
952 2313
951 2313
950 2313
949 2313
948 2314
947 2314
946 2314
945 2314
944 2314
943 2314
942 2315
941 2315
940 2315
939 2315
938 2316
937 2316
936 2316
935 2317
934 2317
933 2317
932 2318
931 2318
930 2318
929 2318
928 2319
927 2319
926 2319
925 2320
924 2320
923 2320
922 2320
921 2321
920 2321
919 2321
918 2321
917 2322
916 2322
915 2322
914 2323
913 2323
912 2323
911 2324
910 2324
909 2325
908 2325
907 2326
906 2326
905 2326
904 2326
903 2327
902 2327
901 2327
900 2327
899 2327
898 2327
897 2327
896 2327
895 2328
894 2328
893 2328
892 2329
891 2329
890 2329
889 2330
888 2330
887 2331
886 2331
885 2331
884 2331
883 2332
882 2332
881 2332
880 2332
879 2332
878 2332
877 2332
876 2332
875 2333
874 2333
873 2333
872 2333
871 2333
870 2333
869 2333
868 2333
867 2333
866 2333
865 2334
864 2334
863 2334
862 2334
861 2335
860 2335
859 2335
858 2336
857 2336
856 2336
855 2337
854 2337
853 2337
852 2337
851 2338
850 2338
849 2338
848 2338
847 2338
846 2338
845 2338
844 2339
843 2339
842 2339
841 2339
840 2339
839 2339
838 2339
837 2339
836 2339
835 2339
834 2340
833 2340
832 2340
831 2340
830 2341
829 2341
828 2341
827 2341
826 2342
825 2342
824 2342
823 2342
822 2343
821 2343
820 2343
819 2344
818 2344
817 2345
816 2345
815 2346
814 2346
813 2347
812 2347
811 2347
810 2348
809 2348
808 2348
807 2349
806 2349
805 2349
804 2349
803 2349
802 2350
801 2350
800 2350
799 2350
798 2350
797 2350
796 2350
795 2350
794 2350
793 2350
792 2351
791 2351
790 2351
789 2351
788 2351
787 2351
786 2352
785 2352
784 2352
783 2353
782 2353
781 2353
780 2354
779 2354
778 2354
777 2355
776 2355
775 2355
774 2355
773 2355
772 2355
771 2356
770 2356
769 2356
768 2356
767 2356
766 2356
765 2356
764 2357
763 2357
762 2357
761 2358
760 2358
759 2358
758 2359
757 2359
756 2359
755 2360
754 2360
753 2360
752 2361
751 2361
750 2361
749 2361
748 2361
747 2362
746 2362
745 2362
744 2362
743 2362
742 2362
741 2362
740 2362
739 2362
738 2363
737 2363
736 2363
735 2363
734 2363
733 2363
732 2363
731 2363
730 2363
729 2363
728 2363
727 2363
726 2363
725 2363
724 2364
723 2364
722 2365
721 2365
720 2366
719 2366
718 2367
717 2367
716 2367
715 2367
714 2368
713 2368
712 2369
711 2370
710 2371
709 2371
708 2372
707 2372
706 2373
705 2373
704 2373
703 2373
702 2374
701 2374
700 2374
699 2374
698 2374
697 2374
696 2374
695 2374
694 2374
693 2374
692 2374
691 2374
690 2374
689 2374
688 2375
687 2374
686 2375
685 2375
684 2376
683 2377
682 2377
681 2377
680 2378
679 2378
678 2378
677 2379
676 2379
675 2379
674 2379
673 2380
672 2380
671 2380
670 2380
669 2381
670 2381
671 2381
672 2381
673 2381
674 2381
675 2381
676 2381
677 2381
678 2381
679 2381
680 2381
681 2381
682 2381
683 2381
684 2381
685 2381
686 2382
687 2382
688 2382
689 2382
690 2382
691 2382
692 2382
693 2382
694 2382
695 2382
696 2382
697 2382
698 2382
699 2382
700 2382
701 2382
702 2382
703 2382
704 2382
705 2382
706 2382
707 2382
708 2382
709 2382
710 2383
711 2383
712 2383
713 2384
714 2384
715 2384
716 2385
717 2385
718 2386
719 2386
720 2386
721 2386
722 2387
723 2387
724 2387
725 2387
726 2388
727 2388
728 2388
729 2388
730 2388
731 2389
732 2389
733 2389
734 2390
735 2390
736 2391
737 2391
738 2392
739 2392
740 2392
741 2392
742 2393
742 2392
743 2391
744 2391
745 2391
746 2392
746 2393
747 2394
748 2394
748 2393
749 2392
749 2391
749 2390
749 2389
750 2388
751 2388
752 2388
753 2388
754 2389
754 2390
754 2391
754 2392
754 2393
753 2394
754 2395
755 2394
756 2394
757 2394
758 2394
758 2393
758 2392
758 2391
759 2390
760 2389
761 2389
762 2389
763 2390
763 2391
763 2392
763 2393
763 2392
764 2391
765 2390
766 2390
767 2390
768 2391
768 2392
768 2393
769 2393
770 2393
771 2394
771 2395
771 2394
772 2393
773 2392
774 2392
775 2392
776 2391
777 2391
778 2391
779 2390
780 2389
781 2389
782 2389
783 2390
784 2391
784 2392
785 2391
786 2391
787 2391
788 2392
789 2393
789 2394
789 2393
790 2392
791 2392
792 2392
793 2393
793 2394
794 2394
795 2393
796 2393
797 2393
798 2393
799 2393
800 2393
801 2393
802 2393
803 2393
804 2393
805 2393
806 2393
807 2392
808 2392
809 2392
810 2392
811 2392
812 2392
813 2392
814 2392
815 2392
816 2393
817 2392
818 2392
819 2392
820 2392
821 2392
822 2392
823 2392
824 2392
825 2392
826 2392
827 2392
828 2392
829 2392
830 2392
831 2392
832 2393
833 2393
834 2393
835 2393
836 2393
837 2393
838 2393
839 2393
840 2393
841 2393
842 2393
843 2393
844 2393
845 2393
846 2393
847 2393
848 2393
849 2393
850 2393
851 2393
852 2393
853 2393
854 2393
855 2393
856 2393
857 2393
858 2393
859 2393
860 2393
861 2393
862 2393
863 2393
864 2393
865 2393
866 2394
867 2394
868 2394
869 2394
870 2394
871 2394
872 2394
873 2394
874 2394
875 2394
876 2394
877 2394
878 2394
879 2394
880 2394
881 2394
882 2394
883 2394
884 2394
885 2394
886 2394
887 2394
888 2394
889 2394
890 2394
891 2394
892 2394
893 2394
894 2394
895 2394
896 2394
897 2394
898 2394
899 2395
900 2395
901 2395
902 2395
903 2395
904 2395
905 2395
906 2395
907 2395
908 2395
909 2395
910 2395
911 2395
912 2395
913 2395
914 2395
915 2395
916 2395
917 2395
918 2395
919 2395
920 2395
921 2395
922 2395
923 2395
924 2395
925 2395
926 2395
927 2395
928 2395
929 2395
930 2395
931 2396
932 2396
933 2396
934 2396
935 2396
936 2396
937 2396
938 2396
939 2396
940 2396
941 2396
942 2396
943 2396
944 2396
945 2396
946 2396
947 2396
948 2396
949 2396
950 2396
951 2396
952 2396
953 2396
954 2396
955 2396
956 2396
957 2396
958 2396
959 2396
960 2396
961 2396
962 2396
963 2397
964 2397
965 2397
966 2397
967 2397
968 2397
969 2397
970 2397
971 2397
972 2397
973 2397
974 2397
975 2397
976 2397
977 2397
978 2397
979 2397
980 2397
981 2397
982 2397
983 2397
984 2397
985 2397
986 2397
987 2397
988 2397
989 2397
990 2397
991 2397
992 2397
993 2397
994 2397
995 2397
996 2397
997 2397
998 2397
999 2397
1000 2398
1001 2398
1002 2398
1003 2398
1004 2398
1005 2398
1006 2398
1007 2397
1008 2397
1009 2398
1010 2397
1011 2397
1012 2397
1013 2398
1014 2398
1015 2398
1016 2399
1017 2399
1018 2399
1019 2399
1020 2400
1021 2400
1022 2401
1023 2401
1024 2401
1025 2401
1026 2401
1027 2401
1028 2401
1029 2400
1030 2400
1031 2400
1032 2400
1033 2400
1034 2400
1035 2400
1036 2400
1037 2400
1038 2401
1038 2402
1038 2401
1039 2400
1040 2400
1041 2400
1042 2401
1042 2402
1042 2401
1042 2400
1043 2399
1044 2399
1045 2399
1046 2399
1047 2400
1048 2400
1049 2400
1050 2400
1051 2400
1052 2400
1053 2400
1054 2401
1055 2401
1056 2401
1057 2401
1058 2401
1059 2401
1060 2402
1061 2402
1062 2402
1063 2403
1064 2402
1065 2402
1066 2402
1067 2402
1068 2402
1069 2403
1070 2404
1071 2405
1072 2406
1072 2405
1073 2404
1073 2403
1073 2402
1074 2401
1075 2401
1076 2401
1077 2402
1078 2403
1079 2402
1080 2402
1081 2402
1082 2403
1082 2404
1082 2405
1082 2406
1083 2405
1083 2404
1083 2403
1084 2402
1085 2402
1086 2402
1087 2403
1087 2404
1087 2405
1087 2406
1088 2405
1089 2405
1090 2405
1091 2406
1092 2406
1093 2406
1094 2406
1095 2406
1096 2406
1097 2406
1098 2406
1099 2406
1100 2406
1101 2406
1102 2406
1103 2406
1104 2407
1105 2407
1106 2408
1106 2409
1106 2410
1106 2409
1106 2408
1107 2407
1108 2407
1109 2407
1110 2408
1110 2409
1110 2410
1110 2411
1110 2412
1110 2413
1110 2412
1110 2411
1111 2410
1112 2410
1113 2410
1114 2410
1115 2409
1116 2409
1117 2408
1118 2408
1119 2408
1120 2409
1120 2410
1120 2411
1120 2412
1120 2411
1120 2410
1120 2409
1121 2408
1122 2407
1123 2407
1124 2407
1125 2408
1125 2409
1125 2410
1125 2411
1125 2412
1125 2413
1125 2414
1125 2415
1126 2414
1126 2413
1126 2412
1126 2411
1127 2410
1128 2410
1129 2410
1130 2411
1130 2412
1131 2413
1132 2413
1133 2413
1134 2413
1135 2414
1136 2414
1137 2414
1138 2414
1139 2415
1139 2416
1139 2417
1139 2418
1140 2418
1140 2417
1140 2416
1140 2415
1140 2414
1140 2413
1141 2412
1142 2411
1143 2411
1144 2411
1145 2411
1146 2412
1146 2413
1145 2414
1145 2415
1146 2414
1147 2414
1148 2414
1149 2414
1150 2415
1150 2416
1150 2417
1150 2418
1150 2419
1151 2419
1152 2419
1153 2419
1154 2419
1155 2420
1156 2419
1156 2418
1156 2417
1156 2416
1157 2415
1158 2415
1159 2415
1160 2415
1161 2416
1161 2417
1160 2418
1160 2419
1160 2418
1161 2417
1162 2416
1163 2416
1164 2416
1165 2417
1165 2418
1165 2419
1165 2420
1166 2419
1166 2418
1167 2417
1168 2417
1169 2417
1170 2418
1170 2419
1170 2420
1170 2421
1171 2422
1171 2421
1171 2420
1171 2419
1172 2418
1173 2418
1174 2419
1175 2420
1175 2421
1176 2421
1177 2421
1178 2421
1179 2421
1180 2422
1181 2422
1182 2422
1183 2422
1184 2422
1185 2422
1186 2422
1187 2422
1188 2422
1189 2422
1190 2422
1191 2422
1192 2422
1193 2422
1194 2422
1195 2422
1196 2422
1197 2422
1198 2422
1199 2421
1200 2421
1201 2421
1202 2422
1203 2423
1203 2422
1204 2421
1205 2421
1206 2421
1207 2421
1207 2420
1208 2419
1209 2419
1210 2419
1211 2420
1211 2421
1211 2422
1211 2423
1212 2423
1213 2422
1214 2422
1215 2422
1216 2423
1217 2423
1218 2423
1219 2423
1220 2423
1221 2422
1222 2422
1223 2422
1224 2423
1225 2423
1226 2423
1227 2423
1228 2423
1229 2423
1230 2423
1231 2423
1232 2423
1233 2423
1234 2424
1235 2424
1236 2424
1237 2424
1238 2424
1239 2424
1240 2424
1241 2424
1242 2424
1243 2424
1244 2424
1245 2424
1246 2424
1247 2424
1248 2424
1249 2425
1250 2425
1251 2425
1252 2425
1253 2425
1254 2425
1255 2425
1256 2425
1257 2425
1258 2425
1259 2425
1260 2425
1261 2426
1262 2426
1263 2426
1264 2426
1265 2426
1266 2426
1267 2426
1268 2426
1269 2426
1270 2426
1271 2426
1272 2426
1273 2426
1274 2426
1275 2426
1276 2426
1277 2426
1278 2426
1279 2426
1280 2426
1281 2426
1282 2426
1283 2426
1284 2426
1285 2426
1286 2426
1287 2427
1288 2427
1289 2427
1290 2427
1291 2427
1292 2427
1293 2427
1294 2427
1295 2427
1296 2427
1297 2427
1298 2427
1299 2427
1300 2427
1301 2427
1302 2427
1303 2427
1304 2427
1305 2427
1306 2427
1307 2427
1308 2427
1309 2427
1310 2427
1311 2427
1312 2427
1313 2427
1314 2427
1315 2427
1316 2427
1317 2428
1318 2428
1319 2428
1320 2429
1321 2429
1322 2429
1323 2430
1324 2430
1325 2431
1326 2431
1327 2432
1328 2432
1329 2432
1330 2433
1331 2433
1332 2433
1333 2433
1334 2433
1335 2434
1336 2434
1337 2434
1338 2434
1339 2434
1340 2434
1341 2434
1342 2434
1343 2434
1344 2434
1345 2434
1346 2435
1347 2435
1348 2435
1349 2435
1350 2435
1351 2435
1352 2435
1353 2435
1354 2435
1355 2436
1356 2436
1357 2436
1358 2437
1359 2437
1360 2437
1361 2438
1362 2438
1363 2438
1364 2439
1365 2439
1366 2439
1367 2440
1368 2440
1369 2440
1370 2440
1371 2440
1372 2440
1373 2441
1374 2441
1375 2441
1376 2441
1377 2441
1378 2441
1379 2442
1380 2442
1381 2442
1382 2442
1383 2442
1384 2442
1385 2442
1386 2442
1387 2443
1388 2443
1389 2443
1390 2443
1391 2443
1392 2443
1393 2444
1394 2444
1395 2444
1396 2444
1397 2445
1398 2445
1399 2445
1400 2446
1401 2446
1402 2446
1403 2447
1404 2447
1405 2447
1406 2447
1407 2448
1408 2448
1409 2448
1410 2448
1411 2448
1412 2448
1413 2449
1414 2449
1415 2449
1416 2449
1417 2449
1418 2449
1419 2450
1420 2450
1421 2450
1422 2450
1423 2450
1424 2450
1425 2450
1426 2450
1427 2450
1428 2450
1429 2450
1430 2451
1431 2451
1432 2451
1433 2451
1434 2451
1435 2451
1436 2451
1437 2451
1438 2451
1439 2451
1440 2451
1441 2451
1442 2451
1443 2451
1444 2451
1445 2451
1446 2451
1447 2451
1448 2451
1449 2451
1450 2451
1451 2451
1452 2452
1453 2452
1454 2452
1455 2452
1456 2452
1457 2452
1458 2452
1459 2452
1460 2452
1461 2452
1462 2452
1463 2452
1464 2452
1465 2452
1466 2452
1467 2452
1468 2452
1469 2452
1470 2452
1471 2452
1472 2452
1473 2452
1474 2452
1475 2452
1476 2452
1477 2452
1478 2452
1479 2452
1480 2453
1481 2453
1482 2453
1483 2454
1484 2454
1485 2454
1486 2455
1487 2455
1488 2455
1489 2456
1490 2456
1491 2456
1492 2456
1493 2457
1494 2457
1495 2457
1496 2457
1497 2457
1498 2457
1499 2458
1500 2458
1501 2458
1502 2458
1503 2458
1504 2458
1505 2458
1506 2459
1507 2459
1508 2459
1509 2459
1510 2459
1511 2459
1512 2459
1513 2459
1514 2460
1515 2460
1516 2460
1517 2460
1518 2460
1519 2460
1520 2460
1521 2460
1522 2460
1523 2460
1524 2460
1525 2460
1526 2460
1527 2460
1528 2460
1529 2460
1530 2460
1531 2460
1532 2460
1533 2460
1534 2460
1535 2460
1536 2461
1537 2461
1538 2461
1539 2461
1540 2461
1541 2461
1542 2461
1543 2461
1544 2461
1545 2461
1546 2461
1547 2461
1548 2461
1549 2461
1550 2461
1551 2461
1552 2461
1553 2461
1554 2461
1555 2461
1556 2461
1557 2461
1558 2461
1559 2461
1560 2461
1561 2461
1562 2461
1563 2462
1564 2462
1565 2462
1566 2462
1567 2462
1568 2462
1569 2462
1570 2462
1571 2462
1572 2462
1573 2463
1574 2463
1575 2464
1576 2464
1577 2464
1578 2465
1579 2465
1580 2466
1581 2466
1582 2466
1583 2466
1584 2467
1585 2467
1586 2467
1587 2467
1588 2467
1589 2468
1590 2468
1591 2468
1592 2468
1593 2468
1594 2468
1595 2468
1596 2469
1597 2469
1598 2469
1599 2469
1600 2469
1601 2469
1602 2469
1603 2469
1604 2469
1605 2469
1606 2469
1607 2469
1608 2469
1609 2469
1610 2470
1611 2470
1612 2470
1613 2470
1614 2470
1615 2470
1616 2470
1617 2470
1618 2470
1619 2470
1620 2470
1621 2470
1622 2470
1623 2470
1624 2470
1625 2470
1626 2471
1627 2471
1628 2471
1629 2471
1630 2471
1631 2472
1632 2472
1633 2472
1634 2472
1635 2473
1636 2473
1637 2473
1638 2474
1639 2474
1640 2474
1641 2474
1642 2475
1643 2475
1644 2475
1645 2475
1646 2476
1647 2476
1648 2476
1649 2476
1650 2476
1651 2476
1652 2476
1653 2476
1654 2476
1655 2477
1656 2477
1657 2477
1658 2477
1659 2477
1660 2477
1661 2477
1662 2477
1663 2478
1664 2478
1665 2478
1666 2478
1667 2479
1668 2479
1669 2480
1670 2480
1671 2481
1672 2481
1673 2482
1674 2482
1675 2482
1676 2483
1677 2483
1678 2483
1679 2483
1680 2484
1681 2484
1682 2484
1683 2484
1684 2484
1685 2484
1686 2484
1687 2484
1688 2484
1689 2485
1690 2485
1691 2485
1692 2485
1693 2485
1694 2485
1695 2485
1696 2485
1697 2485
1698 2485
1699 2485
1700 2485
1701 2485
1702 2485
1703 2485
1704 2486
1705 2486
1706 2486
1707 2486
1708 2486
1709 2486
1710 2486
1711 2486
1712 2486
1713 2486
1714 2486
1715 2486
1716 2486
1717 2486
1718 2486
1719 2486
1720 2486
1721 2486
1722 2486
1723 2486
1724 2486
1725 2486
1726 2486
1727 2486
1728 2486
1729 2486
1730 2486
1731 2486
1732 2486
1733 2486
1734 2487
1735 2487
1736 2487
1737 2487
1738 2487
1739 2487
1740 2487
1741 2487
1742 2487
1743 2487
1744 2487
1745 2487
1746 2487
1747 2487
1748 2487
1749 2487
1750 2487
1751 2488
1752 2488
1753 2488
1754 2489
1755 2490
1756 2490
1757 2490
1758 2491
1759 2491
1760 2491
1761 2492
1762 2492
1763 2492
1764 2492
1765 2493
1766 2493
1767 2493
1768 2493
1769 2494
1770 2494
1771 2494
1772 2494
1773 2494
1774 2494
1775 2494
1776 2494
1777 2494
1778 2494
1779 2494
1780 2495
1781 2495
1782 2495
1783 2495
1784 2495
1785 2495
1786 2495
1787 2495
1788 2495
1789 2495
1790 2495
1791 2495
1792 2495
1793 2495
1794 2495
1795 2495
1796 2495
1797 2495
1798 2495
1799 2495
1800 2495
1801 2495
1802 2495
1803 2496
1804 2496
1805 2496
1806 2496
1807 2496
1808 2496
1809 2496
1810 2496
1811 2496
1812 2496
1813 2496
1814 2496
1815 2496
1816 2496
1817 2496
1818 2496
1819 2496
1820 2496
1821 2496
1822 2496
1823 2496
1824 2496
1825 2496
1826 2496
1827 2496
1828 2496
1829 2496
1830 2496
1831 2496
1832 2496
1833 2496
1834 2497
1835 2497
1836 2497
1837 2497
1838 2497
1839 2497
1840 2497
1841 2497
1842 2497
1843 2497
1844 2497
1845 2497
1846 2497
1847 2497
1848 2497
1849 2497
1850 2497
1851 2497
1852 2497
1853 2497
1854 2497
1855 2497
1856 2497
1857 2497
1858 2498
1859 2498
1860 2499
1861 2500
1862 2500
1863 2501
1864 2501
1865 2501
1866 2502
1867 2502
1868 2502
1869 2503
1870 2503
1871 2503
1872 2503
1873 2503
1874 2503
1875 2504
1876 2504
1877 2504
1878 2504
1879 2504
1880 2504
1881 2504
1882 2504
1883 2504
1884 2504
1885 2504
1886 2504
1887 2504
1888 2504
1889 2504
1890 2504
1891 2505
1892 2505
1893 2505
1894 2505
1895 2505
1896 2506
1897 2506
1898 2507
1899 2507
1900 2508
1901 2509
1902 2509
1903 2510
1904 2511
1905 2511
1906 2512
1907 2512
1908 2512
1909 2512
1910 2512
1911 2512
1912 2512
1913 2512
1914 2512
1915 2512
1916 2512
1917 2512
1918 2512
1919 2512
1920 2512
1921 2513
1922 2513
1923 2513
1924 2513
1925 2514
1926 2514
1927 2514
1928 2514
1929 2515
1930 2515
1931 2515
1932 2516
1933 2516
1934 2516
1935 2517
1936 2517
1937 2517
1938 2518
1939 2518
1940 2518
1941 2519
1942 2519
1943 2519
1944 2520
1945 2520
1946 2520
1947 2521
1948 2521
1949 2521
1950 2521
1951 2522
1952 2522
1953 2522
1954 2522
1955 2523
1956 2523
1957 2523
1958 2523
1959 2524
1960 2524
1961 2524
1962 2525
1963 2525
1964 2525
1965 2526
1966 2526
1967 2526
1968 2527
1969 2527
1970 2527
1971 2528
1972 2528
1973 2529
1974 2529
1975 2530
1976 2530
1977 2530
1978 2530
1979 2531
1980 2531
1981 2531
1982 2531
1983 2531
1984 2532
1985 2532
1986 2532
1987 2532
1988 2532
1989 2533
1990 2533
1991 2533
1992 2534
1993 2535
1994 2535
1995 2536
1996 2537
1997 2537
1998 2538
1999 2538
2000 2539
2001 2540
2002 2540
2003 2540
2004 2540
2005 2541
2006 2541
2007 2541
2008 2541
2009 2541
2010 2541
2011 2541
2012 2541
2013 2541
2014 2541
2015 2541
2016 2541
2017 2541
2018 2541
2019 2542
2020 2542
2021 2542
2022 2543
2023 2544
2024 2544
2025 2545
2026 2545
2027 2546
2028 2546
2029 2546
2030 2547
2031 2547
2032 2547
2033 2548
2034 2548
2035 2548
2036 2549
2037 2549
2038 2549
2039 2549
2040 2550
2041 2551
2042 2552
2043 2552
2044 2553
2045 2553
2046 2554
2047 2554
2048 2554
2049 2555
2050 2555
2051 2555
2052 2555
2053 2555
2054 2555
2055 2556
2056 2556
2057 2556
2058 2556
2059 2556
2060 2556
2061 2556
2062 2556
2063 2557
2064 2557
2065 2558
2066 2558
2067 2559
2068 2559
2069 2560
2070 2560
2071 2560
2072 2561
2073 2561
2074 2561
2075 2562
2076 2562
2077 2563
2078 2563
2079 2564
2080 2564
2081 2565
2082 2566
2083 2566
2084 2567
2085 2568
2086 2568
2087 2568
2088 2569
2089 2569
2090 2569
2091 2570
2092 2570
2093 2570
2094 2570
2095 2570
2096 2570
2097 2570
2098 2570
2099 2570
2100 2570
2101 2570
2102 2571
2103 2571
2104 2571
2105 2571
2106 2571
2107 2571
2108 2571
2109 2571
2110 2571
2111 2571
2112 2572
2113 2572
2114 2572
2115 2572
2116 2573
2117 2573
2118 2574
2119 2574
2120 2575
2121 2575
2122 2575
2123 2576
2124 2576
2125 2576
2126 2576
2127 2577
2128 2577
2129 2577
2130 2577
2131 2577
2132 2578
2133 2578
2134 2578
2135 2578
2136 2578
2137 2578
2138 2578
2139 2578
2140 2578
2141 2579
2142 2579
2143 2580
2144 2581
2145 2581
2146 2582
2147 2582
2148 2583
2149 2583
2150 2583
2151 2583
2152 2584
2153 2584
2154 2584
2155 2585
2156 2585
2157 2585
2158 2585
2159 2585
2160 2585
2161 2585
2162 2585
2163 2585
2164 2586
2165 2586
2166 2586
2167 2586
2168 2586
2169 2586
2170 2586
2171 2586
2172 2586
2173 2586
2174 2586
2175 2586
2176 2586
2177 2586
2178 2586
2179 2586
2180 2587
2181 2587
2182 2587
2183 2588
2184 2588
2185 2589
2186 2589
2187 2590
2188 2590
2189 2591
2190 2591
2191 2591
2192 2591
2193 2592
2194 2592
2195 2592
2196 2592
2197 2592
2198 2592
2199 2592
2200 2593
2201 2593
2202 2593
2203 2593
2204 2593
2205 2594
2206 2594
2207 2594
2208 2595
2209 2595
2210 2596
2211 2596
2212 2597
2213 2597
2214 2598
2215 2598
2216 2599
2217 2600
2218 2601
2219 2602
2220 2602
2221 2603
2222 2603
2223 2604
2224 2604
2225 2605
2226 2605
2227 2605
2228 2606
2229 2606
2230 2606
2231 2606
2232 2606
2233 2606
2234 2607
2235 2607
2236 2607
2237 2607
2238 2607
2239 2607
2240 2607
2241 2607
2242 2608
2243 2608
2244 2608
2245 2608
2246 2608
2247 2608
2248 2608
2249 2608
2250 2608
2251 2608
2252 2608
2253 2608
2254 2608
2255 2609
2256 2609
2257 2609
2258 2609
2259 2609
2260 2610
2261 2610
2262 2611
2263 2611
2264 2611
2265 2612
2266 2612
2267 2613
2268 2613
2269 2613
2270 2614
2271 2614
2272 2614
2273 2614
2274 2614
2275 2615
2276 2615
2277 2615
2278 2615
2279 2615
2280 2615
2281 2615
2282 2615
2283 2616
2284 2616
2285 2616
2286 2616
2287 2616
2288 2616
2289 2616
2290 2616
2291 2616
2292 2616
2293 2616
2294 2616
2295 2616
2296 2616
2297 2616
2298 2616
2299 2616
2300 2616
2301 2616
2302 2616
2303 2617
2304 2617
2305 2617
2306 2617
2307 2617
2308 2617
2309 2617
2310 2617
2311 2617
2312 2617
2313 2617
2314 2617
2315 2617
2316 2617
2317 2617
2318 2617
2319 2617
2320 2617
2321 2617
2322 2617
2323 2617
2324 2617
2325 2617
2326 2617
2327 2617
2328 2618
2329 2618
2330 2618
2331 2618
2332 2618
2333 2618
2334 2618
2335 2618
2336 2618
2337 2618
2338 2618
2339 2618
2340 2618
2341 2618
2342 2618
2343 2618
2344 2618
2345 2618
2346 2618
2347 2618
2348 2618
2349 2618
2350 2618
2351 2618
2352 2618
2353 2618
2354 2618
2355 2618
2356 2618
2357 2618
2358 2618
2359 2618
2360 2619
2361 2619
2362 2619
2363 2619
2364 2619
2365 2619
2366 2619
2367 2619
2368 2619
2369 2619
2370 2619
2371 2619
2372 2619
2373 2619
2374 2619
2375 2620
2376 2620
2377 2621
2378 2622
2379 2622
2380 2622
2381 2623
2382 2623
2383 2623
2384 2624
2385 2624
2386 2624
2387 2624
2388 2624
2389 2625
2390 2625
2391 2625
2392 2625
2393 2625
2394 2625
2395 2625
2396 2626
2397 2626
2398 2626
2399 2626
2400 2626
2401 2626
2402 2626
2403 2626
2404 2627
2405 2627
2406 2627
2407 2627
2408 2628
2409 2628
2410 2628
2411 2629
2412 2629
2413 2630
2414 2630
2415 2630
2416 2631
2417 2631
2418 2631
2419 2631
2420 2632
2421 2632
2422 2632
2423 2632
2424 2632
2425 2632
2426 2633
2427 2633
2428 2633
2429 2633
2430 2634
2431 2635
2432 2635
2433 2636
2434 2636
2435 2637
2436 2637
2437 2637
2438 2638
2439 2638
2440 2638
2441 2638
2442 2639
2443 2639
2444 2639
2445 2639
2446 2640
2447 2640
2448 2640
2449 2640
2450 2640
2451 2640
2452 2640
2453 2640
2454 2641
2455 2641
2456 2641
2457 2641
2458 2641
2459 2641
2460 2641
2461 2641
2462 2641
2463 2641
2464 2641
2465 2641
2466 2641
2467 2641
2468 2641
2469 2641
2470 2641
2471 2641
2472 2642
2473 2642
2474 2642
2475 2642
2476 2642
2477 2643
2478 2643
2479 2644
2480 2644
2481 2645
2482 2645
2483 2646
2484 2646
2485 2646
2486 2647
2487 2647
2488 2647
2489 2647
2490 2647
2491 2647
2492 2648
2493 2648
2494 2648
2495 2648
2496 2648
2497 2648
2498 2648
2499 2648
2500 2648
2501 2648
2502 2649
2503 2649
2504 2649
2505 2649
2506 2649
2507 2649
2508 2649
2509 2649
2510 2650
2511 2650
2512 2650
2513 2650
2514 2650
2515 2651
2516 2651
2517 2651
2518 2651
2519 2652
2520 2652
2521 2652
2522 2653
2523 2653
2524 2654
2525 2654
2526 2655
2527 2655
2528 2656
2529 2656
2530 2657
2531 2657
2532 2658
2533 2658
2534 2659
2535 2659
2536 2660
2537 2660
2538 2660
2539 2661
2540 2661
2541 2661
2542 2662
2543 2662
2544 2662
2545 2663
2546 2663
2547 2664
2548 2664
2549 2664
2550 2665
2551 2665
2552 2665
2553 2666
2554 2666
2555 2666
2556 2667
2557 2667
2558 2667
2559 2668
2560 2668
2561 2668
2562 2668
2563 2669
2564 2669
2565 2669
2566 2669
2567 2669
2568 2669
2569 2670
2570 2670
2571 2670
2572 2671
2573 2671
2574 2671
2575 2672
2576 2672
2577 2672
2578 2673
2579 2673
2580 2674
2581 2674
2582 2674
2583 2675
2584 2675
2585 2675
2586 2675
2587 2676
2588 2676
2589 2676
2590 2676
2591 2676
2592 2677
2593 2677
2594 2677
2595 2677
2596 2678
2597 2678
2598 2679
2599 2679
2600 2679
2601 2680
2602 2680
2603 2681
2604 2681
2605 2682
2606 2682
2607 2683
2608 2684
2609 2684
2610 2685
2611 2685
2612 2686
2613 2686
2614 2687
2615 2688
2616 2688
2617 2688
2618 2689
2619 2689
2620 2689
2621 2689
2622 2690
2623 2690
2624 2690
2625 2691
2626 2691
2627 2691
2628 2691
2629 2691
2630 2692
2631 2692
2632 2692
2633 2693
2634 2693
2635 2694
2636 2694
2637 2695
2638 2695
2639 2695
2640 2696
2641 2696
2642 2697
2643 2697
2644 2697
2645 2698
2646 2698
2647 2698
2648 2699
2649 2699
2650 2699
2651 2699
2652 2700
2653 2700
2654 2700
2655 2700
2656 2700
2657 2700
2658 2700
2659 2700
2660 2700
2661 2700
2662 2700
2663 2700
2664 2700
2665 2700
2666 2701
2667 2701
2668 2701
2669 2701
2670 2701
2671 2701
2672 2701
2673 2701
2674 2701
2675 2701
2676 2701
2677 2701
2678 2701
2679 2701
2680 2701
2681 2701
2682 2701
2683 2701
2684 2701
2685 2701
2686 2701
2687 2701
2688 2701
2689 2701
2690 2701
2691 2701
2692 2701
2693 2701
2694 2701
2695 2702
2696 2702
2697 2702
2698 2702
2699 2702
2700 2702
2701 2702
2702 2702
2703 2702
2704 2702
2705 2702
2706 2702
2707 2702
2708 2702
2709 2702
2710 2702
2711 2702
2712 2702
2713 2702
2714 2702
2715 2702
2716 2702
2717 2702
2718 2702
2719 2702
2720 2702
2721 2702
2722 2702
2723 2702
2724 2702
2725 2702
2726 2702
2727 2703
2728 2703
2729 2703
2730 2703
2731 2703
2732 2703
2733 2704
2734 2705
2735 2705
2736 2706
2737 2706
2738 2706
2739 2707
2740 2707
2741 2707
2742 2707
2743 2708
2744 2708
2745 2708
2746 2708
2747 2708
2748 2708
2749 2708
2750 2709
2751 2709
2752 2709
2753 2709
2754 2709
2755 2710
2756 2710
2757 2711
2758 2711
2759 2711
2760 2712
2761 2712
2762 2712
2763 2713
2764 2713
2765 2713
2766 2714
2767 2714
2768 2714
2769 2714
2770 2715
2771 2715
2772 2716
2773 2716
2774 2716
2775 2717
2776 2717
2777 2718
2778 2718
2779 2719
2780 2719
2781 2720
2782 2720
2783 2720
2784 2721
2785 2721
2786 2721
2787 2722
2788 2722
2789 2722
2790 2722
2791 2723
2792 2723
2793 2723
2794 2724
2795 2724
2796 2724
2797 2724
2798 2724
2799 2724
2800 2724
2801 2724
2802 2724
2803 2725
2804 2725
2805 2725
2806 2725
2807 2725
2808 2725
2809 2725
2810 2725
2811 2725
2812 2725
2813 2725
2814 2725
2815 2725
2816 2725
2817 2725
2818 2725
2819 2725
2820 2725
2821 2725
2822 2725
2823 2725
2824 2725
2825 2725
2826 2725
2827 2725
2828 2726
2829 2726
2830 2726
2831 2726
2832 2726
2833 2726
2834 2726
2835 2726
2836 2726
2837 2726
2838 2726
2839 2726
2840 2726
2841 2726
2842 2726
2843 2726
2844 2726
2845 2726
2846 2726
2847 2726
2848 2726
2849 2726
2850 2726
2851 2726
2852 2726
2853 2726
2854 2726
2855 2726
2856 2726
2857 2726
2858 2726
2859 2727
2860 2727
2861 2727
2862 2727
2863 2727
2864 2727
2865 2727
2866 2727
2867 2727
2868 2727
2869 2727
2870 2727
2871 2727
2872 2727
2873 2727
2874 2727
2875 2727
2876 2727
2877 2727
2878 2727
2879 2727
2880 2727
2881 2727
2882 2727
2883 2727
2884 2727
2885 2727
2886 2727
2887 2727
2888 2727
2889 2727
2890 2727
2891 2728
2892 2728
2893 2728
2894 2728
2895 2728
2896 2728
2897 2728
2898 2728
2899 2728
2900 2728
2901 2728
2902 2728
2903 2728
2904 2728
2905 2728
2906 2728
2907 2728
2908 2728
2909 2728
2910 2728
2911 2728
2912 2728
2913 2728
2914 2728
2915 2728
2916 2728
2917 2728
2918 2728
2919 2728
2920 2728
2921 2728
2922 2728
2923 2729
2924 2729
2925 2729
2926 2729
2927 2729
2928 2729
2929 2729
2930 2729
2931 2729
2932 2729
2933 2729
2934 2729
2935 2729
2936 2729
2937 2729
2938 2729
2939 2729
2940 2729
2941 2729
2942 2729
2943 2729
2944 2729
2945 2729
2946 2729
2947 2729
2948 2729
2949 2729
2950 2729
2951 2729
2952 2729
2953 2729
2954 2729
2955 2730
2956 2730
2957 2730
2958 2730
2959 2730
2960 2730
2961 2730
2962 2730
2963 2730
2964 2730
2965 2730
2966 2730
2967 2730
2968 2730
2969 2730
2970 2730
2971 2730
2972 2730
2973 2730
2974 2730
2975 2730
2976 2730
2977 2730
2978 2730
2979 2730
2980 2730
2981 2730
2982 2730
2983 2730
2984 2730
2985 2730
2986 2731
2987 2731
2988 2731
2989 2732
2990 2732
2991 2732
2992 2733
2993 2733
2994 2733
2995 2734
2996 2734
2997 2734
2998 2734
2999 2735
3000 2735
3001 2735
3002 2735
3003 2735
3004 2736
3005 2736
3006 2736
3007 2736
3008 2736
3009 2736
3010 2736
3011 2737
3012 2737
3013 2737
3014 2737
3015 2737
3016 2737
3017 2737
3018 2737
3019 2737
3020 2738
3021 2738
3022 2738
3023 2738
3024 2738
3025 2738
3026 2738
3027 2738
3028 2738
3029 2738
3030 2738
3031 2738
3032 2738
3033 2738
3034 2739
3035 2739
3036 2739
3037 2739
3038 2740
3039 2740
3040 2740
3041 2740
3042 2740
3043 2741
3044 2741
3045 2741
3046 2741
3047 2742
3048 2742
3049 2742
3050 2742
3051 2743
3052 2743
3053 2743
3054 2744
3055 2744
3056 2744
3057 2744
3058 2744
3059 2744
3060 2745
3061 2745
3062 2745
3063 2745
3064 2745
3065 2745
3066 2745
3067 2745
3068 2745
3069 2745
3070 2746
3071 2746
3072 2746
3073 2746
3074 2746
3075 2746
3076 2746
3077 2746
3078 2746
3079 2746
3080 2746
3081 2746
3082 2747
3083 2747
3084 2747
3085 2748
3086 2748
3087 2748
3088 2749
3089 2749
3090 2750
3091 2750
3092 2751
3093 2751
3094 2751
3095 2752
3096 2752
3097 2752
3098 2752
3099 2752
3100 2753
3101 2753
3102 2753
3103 2753
3104 2753
3105 2753
3106 2753
3107 2753
3108 2753
3109 2753
3110 2753
3111 2754
3112 2754
3113 2754
3114 2754
3115 2754
3116 2754
3117 2754
3118 2754
3119 2754
3120 2754
3121 2754
3122 2754
3123 2754
3124 2755
3125 2755
3126 2755
3127 2755
3128 2755
3129 2755
3130 2755
3131 2755
3132 2755
3133 2755
3134 2755
3135 2755
3136 2755
3137 2755
3138 2755
3139 2755
3140 2755
3141 2755
3142 2755
3143 2755
3144 2755
3145 2755
3146 2755
3147 2755
3148 2755
3149 2755
3150 2755
3151 2756
3152 2756
3153 2756
3154 2756
3155 2756
3156 2756
3157 2756
3158 2756
3159 2756
3160 2756
3161 2756
3162 2756
3163 2756
3164 2756
3165 2756
3166 2756
3167 2756
3168 2756
3169 2756
3170 2756
3171 2756
3172 2756
3173 2756
3174 2756
3175 2756
3176 2756
3177 2756
3178 2756
3179 2756
3180 2756
3181 2756
3182 2756
3183 2756
3184 2756
3185 2755
3186 2755
3187 2755
3188 2755
3189 2754
3190 2754
3191 2754
3192 2753
3193 2753
3194 2753
3195 2753
3196 2753
3197 2753
3198 2752
3199 2752
3200 2752
3201 2752
3202 2752
3203 2752
3204 2752
3205 2752
3206 2752
3207 2752
3208 2752
3209 2752
3210 2751
3211 2751
3212 2751
3213 2751
3214 2751
3215 2751
3216 2751
3217 2750
3218 2750
3219 2750
3220 2750
3221 2749
3222 2749
3223 2749
3224 2749
3225 2748
3226 2748
3227 2748
3228 2747
3229 2747
3230 2746
3231 2746
3232 2745
3233 2745
3234 2745
3235 2744
3236 2744
3237 2743
3238 2743
3239 2743
3240 2742
3241 2742
3242 2741
3243 2741
3244 2740
3245 2740
3246 2739
3247 2739
3248 2738
3249 2738
3250 2737
3251 2737
3252 2736
3253 2735
3254 2735
3255 2734
3256 2734
3257 2733
3258 2733
3259 2732
3260 2732
3261 2731
3262 2731
3263 2730
3264 2730
3265 2730
3266 2729
3267 2729
3268 2729
3269 2729
3270 2728
3271 2728
3272 2728
3273 2728
3274 2728
3275 2728
3276 2728
3277 2728
3278 2728
3279 2728
3280 2728
3281 2727
3282 2727
3283 2727
3284 2726
3285 2726
3286 2726
3287 2726
3288 2725
3289 2725
3290 2724
3291 2724
3292 2724
3293 2723
3294 2723
3295 2723
3296 2722
3297 2722
3298 2722
3299 2722
3300 2722
3301 2722
3302 2722
3303 2721
3304 2721
3305 2721
3306 2721
3307 2721
3308 2721
3309 2721
3310 2721
3311 2721
3312 2721
3313 2720
3314 2720
3315 2719
3316 2719
3317 2718
3318 2718
3319 2717
3320 2717
3321 2717
3322 2717
3323 2716
3324 2716
3325 2716
3326 2716
3327 2716
3328 2716
3329 2715
3330 2715
3331 2714
3332 2713
3333 2713
3334 2712
3335 2712
3336 2712
3337 2712
3338 2711
3339 2711
3340 2711
3341 2711
3342 2711
3343 2711
3344 2710
3345 2710
3346 2710
3347 2710
3348 2710
3349 2710
3350 2710
3351 2710
3352 2710
3353 2710
3354 2710
3355 2710
3356 2710
3357 2710
3358 2710
3359 2710
3360 2710
3361 2710
3362 2709
3363 2709
3364 2709
3365 2709
3366 2708
3367 2708
3368 2707
3369 2707
3370 2707
3371 2706
3372 2706
3373 2706
3374 2705
3375 2705
3376 2705
3377 2705
3378 2705
3379 2705
3380 2705
3381 2705
3382 2704
3383 2704
3384 2704
3385 2704
3386 2704
3387 2704
3388 2704
3389 2704
3390 2704
3391 2704
3392 2704
3393 2704
3394 2704
3395 2704
3396 2704
3397 2704
3398 2704
3399 2704
3400 2704
3401 2704
3402 2704
3403 2704
3404 2704
3405 2704
3406 2704
3407 2704
3408 2704
3409 2704
3410 2704
3411 2704
3412 2704
3413 2704
3414 2704
3415 2704
3416 2704
3417 2704
3418 2704
3419 2704
3420 2704
3421 2704
3422 2704
3423 2704
3424 2704
3425 2705
3426 2705
3427 2705
3428 2705
3429 2705
3430 2705
3431 2705
3432 2705
3433 2705
3434 2705
3435 2705
3436 2705
3437 2705
3438 2705
3439 2705
3440 2704
3441 2704
3442 2704
3443 2704
3444 2704
3445 2703
3446 2703
3447 2703
3448 2702
3449 2702
3450 2702
3451 2702
3452 2701
3453 2701
3454 2701
3455 2701
3456 2701
3457 2701
3458 2701
3459 2700
3460 2700
3461 2700
3462 2700
3463 2699
3464 2699
3465 2699
3466 2698
3467 2697
3468 2696
3469 2696
3470 2695
3471 2694
3472 2694
3473 2693
3474 2692
3475 2692
3476 2691
3477 2691
3478 2690
3479 2690
3480 2690
3481 2689
3482 2689
3483 2689
3484 2689
3485 2688
3486 2688
3487 2688
3488 2688
3489 2688
3490 2687
3491 2687
3492 2687
3493 2686
3494 2686
3495 2686
3496 2685
3497 2685
3498 2685
3499 2685
3500 2684
3501 2684
3502 2684
3503 2684
3504 2683
3505 2683
3506 2683
3507 2683
3508 2683
3509 2683
3510 2682
3511 2681
3512 2680
3513 2680
3514 2679
3515 2679
3516 2678
3517 2678
3518 2678
3519 2677
3520 2677
3521 2677
3522 2677
3523 2676
3524 2676
3525 2676
3526 2676
3527 2676
3528 2676
3529 2676
3530 2676
3531 2676
3532 2675
3533 2675
3534 2675
3535 2675
3536 2675
3537 2676
3538 2675
3539 2675
3540 2675
3541 2675
3542 2674
3543 2674
3544 2674
3545 2673
3546 2673
3547 2672
3548 2672
3549 2671
3550 2671
3551 2670
3552 2670
3553 2669
3554 2669
3555 2668
3556 2668
3557 2667
3558 2667
3559 2666
3560 2666
3561 2665
3562 2665
3563 2665
3564 2665
3565 2664
3566 2664
3567 2664
3568 2664
3569 2664
3570 2664
3571 2664
3572 2664
3573 2664
3574 2664
3575 2664
3576 2664
3577 2664
3578 2664
3579 2664
3580 2663
3581 2663
3582 2663
3583 2662
3584 2662
3585 2661
3586 2661
3587 2660
3588 2660
3589 2660
3590 2660
3591 2659
3592 2659
3593 2659
3594 2659
3595 2658
3596 2658
3597 2658
3598 2658
3599 2658
3600 2658
3601 2658
3602 2658
3603 2658
3604 2657
3605 2657
3606 2656
3607 2656
3608 2655
3609 2655
3610 2654
3611 2654
3612 2654
3613 2653
3614 2653
3615 2653
3616 2652
3617 2652
3618 2652
3619 2651
3620 2651
3621 2650
3622 2649
3623 2649
3624 2648
3625 2647
3626 2646
3627 2645
3628 2644
3629 2643
3630 2643
3631 2643
3632 2642
3633 2642
3634 2642
3635 2642
3636 2641
3637 2641
3638 2640
3639 2640
3640 2639
3641 2639
3642 2638
3643 2638
3644 2637
3645 2637
3646 2636
3647 2636
3648 2636
3649 2635
3650 2635
3651 2635
3652 2635
3653 2635
3654 2635
3655 2634
3656 2634
3657 2634
3658 2634
3659 2634
3660 2634
3661 2634
3662 2634
3663 2634
3664 2634
3665 2634
3666 2634
3667 2633
3668 2632
3669 2632
3670 2631
3671 2631
3672 2630
3673 2630
3674 2630
3675 2629
3676 2629
3677 2629
3678 2629
3679 2628
3680 2628
3681 2628
3682 2628
3683 2628
3684 2628
3685 2628
3686 2628
3687 2627
3688 2627
3689 2627
3690 2626
3691 2626
3692 2625
3693 2624
3694 2624
3695 2623
3696 2622
3697 2622
3698 2621
3699 2620
3700 2619
3701 2619
3702 2618
3703 2618
3704 2618
3705 2617
3706 2617
3707 2617
3708 2617
3709 2617
3710 2616
3711 2616
3712 2616
3713 2616
3714 2616
3715 2615
3716 2615
3717 2615
3718 2614
3719 2614
3720 2614
3721 2613
3722 2613
3723 2612
3724 2612
3725 2612
3726 2611
3727 2611
3728 2611
3729 2611
3730 2610
3731 2610
3732 2609
3733 2609
3734 2608
3735 2608
3736 2607
3737 2607
3738 2606
3739 2606
3740 2606
3741 2605
3742 2605
3743 2605
3744 2605
3745 2604
3746 2604
3747 2604
3748 2603
3749 2602
3750 2601
3751 2601
3752 2600
3753 2599
3754 2598
3755 2597
3756 2596
3757 2595
3758 2595
3759 2594
3760 2593
3761 2593
3762 2593
3763 2593
3764 2593
3765 2592
3766 2592
3767 2592
3768 2592
3769 2591
3770 2591
3771 2591
3772 2590
3773 2590
3774 2589
3775 2589
3776 2588
3777 2588
3778 2587
3779 2586
3780 2586
3781 2585
3782 2585
3783 2584
3784 2584
3785 2583
3786 2583
3787 2582
3788 2582
3789 2581
3790 2581
3791 2580
3792 2579
3793 2578
3794 2577
3795 2576
3796 2576
3797 2575
3798 2574
3799 2573
3800 2572
3801 2571
3802 2570
3803 2570
3804 2569
3805 2569
3806 2568
3807 2567
3808 2567
3809 2566
3810 2566
3811 2565
3812 2565
3813 2564
3814 2564
3815 2563
3816 2563
3817 2562
3818 2562
3819 2562
3820 2562
3821 2561
3822 2561
3823 2560
3824 2560
3825 2559
3826 2559
3827 2559
3828 2558
3829 2558
3830 2557
3831 2557
3832 2557
3833 2556
3834 2556
3835 2556
3836 2555
3837 2554
3838 2553
3839 2553
3840 2552
3841 2551
3842 2551
3843 2550
3844 2549
3845 2549
3846 2548
3847 2547
3848 2547
3849 2546
3850 2546
3851 2545
3852 2545
3853 2544
3854 2544
3855 2543
3856 2542
3857 2541
3858 2540
3859 2539
3860 2538
3861 2537
3862 2537
3863 2536
3864 2535
3865 2535
3866 2534
3867 2533
3868 2532
3869 2532
3870 2531
3871 2531
3872 2530
3873 2529
3874 2529
3875 2528
3876 2527
3877 2527
3878 2526
3879 2525
3880 2524
3881 2523
3882 2523
3883 2522
3884 2521
3885 2521
3886 2520
3887 2519
3888 2519
3889 2518
3890 2518
3891 2517
3892 2516
3893 2515
3894 2514
3895 2513
3896 2512
3897 2511
3898 2510
3899 2509
3899 2508
3900 2507
3901 2506
3902 2505
3902 2504
3903 2503
3904 2502
3904 2501
3904 2500
3905 2499
3905 2498
3906 2497
3907 2496
3907 2495
3908 2494
3909 2493
3910 2492
3911 2491
3911 2490
3912 2489
3913 2488
3914 2487
3914 2486
3915 2485
3916 2484
3917 2483
3918 2482
3918 2481
3919 2480
3919 2479
3920 2478
3921 2477
3921 2476
3922 2475
3923 2474
3923 2473
3924 2472
3924 2471
3925 2470
3925 2469
3925 2468
3926 2467
3926 2466
3927 2465
3928 2464
3929 2463
3929 2462
3930 2461
3931 2460
3931 2459
3932 2458
3932 2457
3933 2456
3933 2455
3933 2454
3934 2453
3934 2452
3934 2451
3934 2450
3935 2449
3935 2448
3935 2447
3935 2446
3936 2445
3937 2444
3938 2443
3938 2442
3939 2441
3940 2440
3941 2439
3942 2438
3943 2437
3943 2436
3944 2435
3945 2434
3945 2433
3946 2432
3947 2431
3947 2430
3948 2429
3949 2428
3950 2427
3950 2426
3951 2425
3952 2424
3952 2423
3953 2422
3953 2421
3954 2420
3954 2419
3954 2418
3955 2417
3955 2416
3955 2415
3955 2414
3956 2413
3956 2412
3956 2411
3956 2410
3957 2409
3957 2408
3957 2407
3957 2406
3958 2405
3958 2404
3958 2403
3959 2402
3959 2401
3960 2400
3960 2399
3961 2398
3962 2397
3962 2396
3963 2395
3963 2394
3964 2393
3965 2392
3965 2391
3966 2390
3966 2389
3967 2388
3968 2387
3969 2386
3970 2385
3971 2385
3971 2384
3972 2383
3973 2382
3973 2381
3974 2380
3974 2379
3975 2378
3975 2377
3975 2376
3975 2375
3976 2374
3976 2373
3976 2372
3976 2371
3976 2370
3977 2369
3977 2368
3977 2367
3977 2366
3978 2365
3978 2364
3978 2363
3979 2362
3979 2361
3980 2360
3980 2359
3980 2358
3981 2357
3981 2356
3981 2355
3982 2354
3982 2353
3982 2352
3983 2351
3983 2350
3983 2349
3984 2348
3984 2347
3984 2346
3984 2345
3984 2344
3985 2343
3985 2342
3985 2341
3985 2340
3985 2339
3985 2338
3985 2337
3985 2336
3986 2335
3986 2334
3986 2333
3986 2332
3987 2331
3987 2330
3988 2329
3988 2328
3988 2327
3989 2326
3989 2325
3990 2324
3990 2323
3990 2322
3991 2321
3991 2320
3991 2319
3991 2318
3992 2317
3992 2316
3992 2315
3992 2314
3992 2313
3992 2312
3992 2311
3993 2310
3993 2309
3993 2308
3993 2307
3994 2306
3994 2305
3994 2304
3994 2303
3995 2302
3995 2301
3996 2300
3996 2299
3997 2298
3997 2297
3997 2296
3998 2295
3998 2294
3998 2293
3999 2292
3999 2291
3999 2290
3999 2289
3999 2288
4000 2287
4000 2286
4000 2285
4001 2284
4001 2283
4002 2282
4002 2281
4003 2280
4003 2279
4004 2278
4004 2277
4005 2276
4005 2275
4005 2274
4006 2273
4006 2272
4006 2271
4007 2270
4007 2269
4007 2268
4007 2267
4007 2266
4008 2265
4008 2264
4008 2263
4008 2262
4008 2261
4008 2260
4008 2259
4008 2258
4008 2257
4008 2256
4008 2255
4009 2254
4009 2253
4009 2252
4009 2251
4009 2250
4009 2249
4009 2248
4009 2247
4009 2246
4009 2245
4010 2244
4010 2243
4010 2242
4010 2241
4010 2240
4011 2239
4011 2238
4012 2237
4012 2236
4013 2235
4013 2234
4013 2233
4013 2232
4014 2231
4014 2230
4014 2229
4014 2228
4015 2227
4015 2226
4015 2225
4015 2224
4015 2223
4015 2222
4015 2221
4016 2220
4016 2219
4016 2218
4016 2217
4016 2216
4016 2215
4016 2214
4016 2213
4016 2212
4016 2211
4016 2210
4016 2209
4016 2208
4016 2207
4017 2206
4017 2205
4017 2204
4017 2203
4017 2202
4017 2201
4017 2200
4017 2199
4017 2198
4017 2197
4017 2196
4017 2195
4017 2194
4017 2193
4018 2192
4018 2191
4018 2190
4018 2189
4018 2188
4018 2187
4018 2186
4018 2185
4018 2184
4018 2183
4018 2182
4018 2181
4018 2180
4018 2179
4018 2178
4018 2177
4018 2176
4018 2175
4018 2174
4018 2173
4018 2172
4018 2171
4018 2170
4018 2169
4018 2168
4018 2167
4018 2166
4019 2165
4019 2164
4019 2163
4019 2162
4019 2161
4019 2160
4019 2159
4019 2158
4019 2157
4019 2156
4019 2155
4019 2154
4019 2153
4019 2152
4019 2151
4019 2150
4019 2149
4019 2148
4019 2147
4019 2146
4019 2145
4019 2144
4019 2143
4019 2142
4019 2141
4019 2140
4019 2139
4019 2138
4019 2137
4019 2136
4019 2135
4019 2134
4020 2133
4020 2132
4020 2131
4020 2130
4020 2129
4020 2128
4020 2127
4020 2126
4020 2125
4020 2124
4020 2123
4020 2122
4020 2121
4020 2120
4020 2119
4020 2118
4020 2117
4020 2116
4020 2115
4020 2114
4020 2113
4020 2112
4020 2111
4020 2110
4020 2109
4020 2108
4020 2107
4020 2106
4020 2105
4020 2104
4020 2103
4020 2102
4021 2101
4021 2100
4021 2099
4021 2098
4021 2097
4021 2096
4021 2095
4021 2094
4021 2093
4021 2092
4021 2091
4021 2090
4021 2089
4021 2088
4021 2087
4021 2086
4021 2085
4021 2084
4021 2083
4021 2082
4021 2081
4021 2080
4021 2079
4021 2078
4021 2077
4021 2076
4021 2075
4021 2074
4021 2073
4021 2072
4021 2071
4021 2070
4022 2069
4022 2068
4022 2067
4022 2066
4022 2065
4022 2064
4022 2063
4022 2062
4022 2061
4022 2060
4022 2059
4022 2058
4022 2057
4022 2056
4022 2055
4022 2054
4022 2053
4022 2052
4022 2051
4022 2050
4022 2049
4022 2048
4022 2047
4022 2046
4022 2045
4022 2044
4022 2043
4022 2042
4022 2041
4022 2040
4022 2039
4022 2038
4022 2037
4023 2036
4022 2035
4022 2034
4021 2033
4020 2032
4020 2031
4019 2030
4019 2029
4018 2028
4018 2027
4018 2026
4017 2025
4017 2024
4016 2023
4016 2022
4015 2021
4015 2020
4014 2019
4013 2018
4013 2017
4012 2016
4012 2015
4011 2014
4010 2013
4010 2012
4009 2011
4009 2010
4008 2009
4007 2008
4007 2007
4006 2006
4005 2005
4005 2004
4004 2003
4004 2002
4003 2001
4002 2000
4002 1999
4001 1998
4000 1997
4000 1996
3999 1995
3999 1994
3998 1993
3997 1992
3997 1991
3996 1990
3995 1989
3995 1988
3994 1987
3993 1986
3993 1985
3992 1984
3992 1983
3991 1982
3990 1981
3990 1980
3990 1979
3989 1978
3989 1977
3988 1976
3988 1975
3988 1974
3987 1973
3987 1972
3986 1971
3986 1970
3985 1969
3985 1968
3984 1967
3984 1966
3983 1965
3983 1964
3982 1963
3982 1962
3982 1961
3981 1960
3981 1959
3980 1958
3980 1957
3979 1956
3979 1955
3978 1954
3978 1953
3977 1952
3976 1951
3976 1950
3975 1949
3975 1948
3975 1947
3975 1946
3975 1945
3974 1944
3974 1943
3974 1942
3974 1941
3974 1940
3973 1939
3973 1938
3972 1938
3971 1937
3970 1936
3970 1935
3969 1934
3969 1933
3968 1932
3967 1931
3966 1931
3965 1930
3964 1930
3963 1930
3962 1930
3961 1929
3960 1929
3959 1929
3958 1929
3957 1929
3956 1929
3955 1929
3954 1929
3953 1929
3952 1930
3951 1931
3950 1931
3949 1932
3948 1933
3947 1934
3946 1935
3945 1936
3944 1937
3943 1938
3942 1939
3941 1940
3940 1941
3939 1941
3938 1942
3937 1943
3936 1944
3935 1945
3934 1946
3933 1947
3932 1948
3931 1949
3930 1949
3929 1950
3928 1950
3927 1950
3926 1951
3925 1951
3924 1951
3923 1952
3922 1952
3921 1952
3920 1952
3919 1953
3918 1954
3917 1954
3916 1955
3915 1955
3914 1956
3913 1956
3912 1957
3911 1957
3910 1958
3909 1958
3908 1959
3907 1959
3906 1959
3905 1959
3904 1959
3903 1959
3902 1959
3901 1959
3900 1958
3899 1958
3898 1958
3897 1957
3896 1957
3895 1956
3894 1955
3893 1955
3892 1954
3891 1953
3890 1953
3889 1952
3888 1951
3887 1950
3886 1950
3885 1949
3884 1948
3883 1947
3882 1946
3881 1945
3880 1945
3879 1944
3878 1944
3877 1943
3876 1943
3875 1942
3874 1942
3873 1941
3872 1940
3871 1939
3870 1939
3869 1938
3868 1937
3867 1937
3866 1936
3865 1936
3864 1935
3863 1935
3862 1934
3861 1934
3860 1934
3859 1933
3858 1933
3857 1933
3856 1932
3855 1932
3854 1931
3853 1930
3852 1930
3851 1929
3850 1929
3849 1928
3848 1928
3847 1927
3846 1926
3846 1925
3845 1924
3844 1924
3843 1923
3842 1922
3841 1922
3840 1921
3839 1921
3838 1920
3837 1920
3836 1919
3835 1919
3834 1918
3833 1917
3832 1916
3831 1916
3830 1915
3829 1915
3828 1915
3827 1914
3826 1914
3825 1913
3824 1913
3823 1913
3822 1913
3821 1913
3820 1912
3819 1912
3818 1912
3817 1912
3816 1911
3815 1910
3814 1909
3813 1908
3812 1907
3811 1907
3810 1906
3809 1906
3808 1906
3807 1905
3806 1905
3805 1905
3804 1905
3803 1905
3802 1905
3801 1904
3800 1904
3799 1904
3798 1904
3797 1904
3796 1904
3795 1904
3794 1904
3793 1904
3792 1904
3791 1904
3790 1904
3789 1903
3788 1903
3787 1903
3786 1903
3785 1903
3784 1903
3783 1903
3782 1903
3781 1903
3780 1903
3779 1903
3778 1903
3777 1903
3776 1903
3775 1903
3774 1903
3773 1903
3772 1903
3771 1903
3770 1903
3769 1903
3768 1903
3767 1903
3766 1903
3765 1903
3764 1902
3763 1902
3762 1902
3761 1902
3760 1902
3759 1902
3758 1902
3757 1902
3756 1902
3755 1902
3754 1902
3753 1902
3752 1902
3751 1901
3750 1901
3749 1901
3748 1900
3747 1899
3746 1899
3745 1898
3744 1898
3743 1897
3742 1896
3741 1895
3740 1894
3739 1893
3738 1893
3737 1892
3736 1892
3735 1891
3734 1891
3733 1891
3732 1890
3731 1890
3730 1889
3729 1888
3728 1888
3727 1888
3726 1887
3725 1887
3724 1886
3723 1886
3722 1885
3721 1885
3720 1885
3719 1884
3718 1884
3717 1884
3716 1883
3715 1882
3714 1881
3713 1881
3712 1880
3711 1880
3710 1879
3709 1879
3708 1878
3707 1878
3706 1877
3705 1877
3704 1877
3703 1876
3702 1876
3701 1876
3700 1875
3699 1875
3698 1875
3697 1875
3696 1875
3695 1875
3694 1875
3693 1874
3692 1874
3691 1874
3690 1874
3689 1874
3688 1874
3687 1874
3686 1874
3685 1874
3684 1874
3683 1874
3682 1874
3681 1874
3680 1873
3679 1873
3678 1873
3677 1873
3676 1873
3675 1873
3674 1873
3673 1873
3672 1873
3671 1873
3670 1873
3669 1873
3668 1873
3667 1873
3666 1873
3665 1873
3664 1873
3663 1873
3662 1873
3661 1873
3660 1873
3659 1873
3658 1873
3657 1872
3656 1872
3655 1872
3654 1872
3653 1872
3652 1872
3651 1872
3650 1872
3649 1872
3648 1872
3647 1872
3646 1872
3645 1872
3644 1872
3643 1872
3642 1872
3641 1872
3640 1872
3639 1872
3638 1872
3637 1872
3636 1872
3635 1872
3634 1872
3633 1872
3632 1872
3631 1872
3630 1872
3629 1872
3628 1872
3627 1872
3626 1871
3625 1871
3624 1871
3623 1871
3622 1871
3621 1871
3620 1871
3619 1871
3618 1871
3617 1871
3616 1871
3615 1871
3614 1871
3613 1871
3612 1871
3611 1871
3610 1871
3609 1871
3608 1871
3607 1871
3606 1871
3605 1871
3604 1871
3603 1871
3602 1871
3601 1871
3600 1871
3599 1871
3598 1871
3597 1871
3596 1871
3595 1871
3594 1870
3593 1870
3592 1870
3591 1870
3590 1870
3589 1870
3588 1870
3587 1870
3586 1870
3585 1870
3584 1870
3583 1870
3582 1870
3581 1870
3580 1870
3579 1870
3578 1870
3577 1870
3576 1870
3575 1870
3574 1870
3573 1870
3572 1870
3571 1870
3570 1870
3569 1870
3568 1870
3567 1870
3566 1870
3565 1870
3564 1870
3563 1870
3562 1869
3561 1869
3560 1869
3559 1869
3558 1869
3557 1869
3556 1869
3555 1869
3554 1869
