1345 2045
1345 2046
1344 2047
1344 2048
1344 2049
1344 2050
1344 2051
1344 2052
1344 2053
1344 2054
1344 2055
1344 2056
1344 2057
1344 2058
1344 2059
1344 2060
1344 2061
1344 2062
1344 2063
1344 2064
1344 2065
1343 2066
1342 2067
1342 2068
1342 2069
1341 2070
1341 2071
1341 2072
1341 2073
1341 2074
1340 2075
1340 2076
1340 2077
1340 2078
1340 2079
1340 2080
1340 2081
1340 2082
1340 2083
1340 2084
1340 2085
1340 2086
1340 2087
1340 2088
1340 2089
1340 2090
1340 2091
1340 2092
1341 2093
1341 2094
1341 2095
1342 2096
1342 2097
1343 2098
1343 2099
1344 2100
1345 2101
1346 2101
1347 2102
1348 2103
1349 2104
1349 2105
1350 2106
1351 2107
1351 2108
1352 2109
1353 2110
1354 2111
1355 2112
1355 2113
1356 2114
1357 2115
1358 2116
1358 2117
1359 2118
1360 2119
1361 2120
1361 2121
1362 2122
1363 2123
1363 2124
1364 2125
1365 2126
1366 2127
1367 2128
1368 2129
1368 2130
1369 2131
1370 2132
1371 2133
1372 2134
1373 2135
1374 2135
1375 2136
1376 2137
1377 2138
1377 2139
1378 2140
1379 2140
1380 2141
1381 2142
1382 2143
1383 2144
1384 2145
1385 2146
1385 2147
1386 2148
1387 2149
1388 2149
1389 2150
1390 2151
1391 2152
1392 2153
1393 2154
1394 2155
1395 2156
1396 2157
1397 2158
1398 2159
1398 2160
1399 2160
1400 2161
1400 2162
1401 2163
1402 2164
1403 2165
1404 2165
1405 2166
1406 2167
1407 2168
1408 2169
1409 2170
1410 2171
1411 2172
1412 2173
1413 2174
1414 2175
1415 2176
1416 2177
1417 2178
1418 2179
1419 2180
1420 2181
1421 2182
1422 2183
1423 2184
1423 2185
1424 2186
1425 2187
1426 2188
1426 2189
1427 2190
1428 2191
1428 2192
1428 2193
1429 2194
1429 2195
1430 2196
1431 2197
1431 2198
1431 2199
1432 2200
1432 2201
1433 2201
1434 2202
1435 2203
1436 2204
1437 2205
1438 2206
1439 2207
1440 2208
1441 2208
1442 2209
1443 2210
1444 2211
1445 2212
1445 2213
1446 2214
1446 2215
1447 2216
1448 2216
1449 2217
1450 2217
1451 2218
1452 2218
1453 2219
1454 2220
1455 2220
1456 2221
1457 2222
1458 2222
1459 2223
1460 2224
1461 2224
1462 2225
1463 2225
1464 2226
1465 2227
1466 2227
1467 2228
1468 2229
1469 2229
1470 2230
1471 2231
1472 2231
1473 2232
1474 2232
1475 2233
1476 2234
1477 2234
1478 2234
1479 2235
1480 2235
1481 2236
1482 2237
1483 2237
1484 2238
1485 2239
1486 2239
1487 2240
1488 2241
1489 2242
1490 2242
1491 2243
1492 2243
1493 2244
1494 2245
1495 2245
1496 2246
1497 2246
1498 2247
1499 2247
1500 2248
1501 2249
1502 2249
1503 2250
1504 2251
1505 2251
1506 2252
1507 2253
1508 2254
1509 2255
1510 2255
1511 2256
1512 2257
1513 2258
1514 2258
1515 2258
1516 2259
1517 2260
1518 2260
1519 2261
1520 2262
1521 2262
1522 2262
1523 2263
1524 2264
1525 2264
1526 2265
1527 2265
1528 2265
1529 2266
1530 2266
1531 2266
1532 2267
1533 2267
1534 2268
1535 2269
1536 2269
1537 2270
1538 2270
1539 2271
1540 2272
1541 2273
1542 2274
1543 2275
1544 2275
1545 2276
1546 2276
1547 2277
1548 2278
1549 2279
1550 2279
1551 2280
1552 2281
1553 2281
1554 2282
1555 2283
1556 2283
1557 2284
1558 2284
1559 2284
1560 2285
1561 2285
1562 2285
1563 2285
1564 2286
1565 2287
1565 2288
1566 2289
1566 2290
1567 2290
1568 2291
1569 2291
1570 2292
1571 2293
1572 2294
1573 2294
1574 2295
1575 2295
1576 2296
1577 2297
1578 2297
1579 2298
1580 2299
1581 2299
1582 2300
1583 2300
1584 2301
1585 2301
1586 2302
1587 2303
1588 2304
1589 2305
1590 2306
1591 2307
1592 2307
1593 2308
1594 2309
1595 2310
1596 2310
1597 2311
1598 2312
1599 2313
1600 2313
1601 2313
1602 2314
1603 2314
1604 2315
1605 2316
1606 2317
1607 2317
1608 2318
1609 2319
1610 2320
1611 2321
1612 2321
1613 2322
1614 2323
1615 2323
1616 2324
1617 2324
1618 2325
1619 2325
1620 2326
1621 2326
1622 2327
1623 2328
1624 2329
1625 2329
1626 2330
1627 2330
1628 2331
1629 2331
1630 2332
1631 2333
1632 2334
1633 2334
1634 2335
1635 2336
1636 2336
1637 2337
1638 2337
1639 2338
1640 2339
1641 2340
1642 2340
1643 2341
1644 2341
1645 2342
1646 2343
1647 2344
1648 2345
1649 2345
1650 2345
1651 2345
1652 2346
1652 2347
1653 2348
1653 2349
1654 2350
1655 2351
1656 2352
1657 2353
1658 2354
1659 2355
1659 2356
1660 2357
1660 2358
1660 2359
1661 2359
1662 2360
1663 2360
1664 2360
1665 2360
1666 2360
1667 2360
1668 2360
1669 2360
1670 2360
1671 2360
1672 2360
1673 2360
1674 2360
1675 2360
1676 2361
1677 2361
1678 2362
1679 2362
1680 2362
1681 2363
1682 2363
1683 2364
1684 2364
1685 2365
1686 2365
1687 2366
1688 2366
1689 2367
1690 2367
1691 2367
1692 2367
1693 2367
1694 2367
1695 2367
1696 2367
1697 2368
1698 2368
1699 2368
1700 2369
1701 2369
1702 2370
1703 2370
1704 2370
1705 2371
1706 2371
1707 2371
1708 2371
1709 2371
1710 2371
1711 2371
1712 2371
1713 2372
1714 2372
1715 2372
1716 2373
1717 2373
1718 2373
1719 2374
1720 2374
1721 2374
1722 2374
1723 2375
1724 2375
1725 2375
1726 2375
1727 2376
1728 2376
1729 2377
1730 2377
1731 2377
1732 2378
1733 2379
1734 2380
1735 2380
1736 2381
1737 2381
1738 2381
1739 2381
1740 2382
1741 2382
1742 2382
1743 2383
1744 2384
1745 2384
1746 2385
1747 2385
1748 2385
1749 2386
1750 2387
1751 2387
1752 2388
1753 2388
1754 2388
1755 2389
1756 2389
1757 2390
1758 2391
1759 2392
1760 2392
1761 2392
1762 2393
1763 2393
1764 2393
1765 2393
1766 2393
1767 2393
1768 2393
1769 2393
1770 2394
1771 2394
1772 2394
1773 2394
1774 2395
1775 2395
1776 2396
1777 2396
1778 2397
1779 2398
1780 2398
1781 2399
1782 2399
1783 2400
1784 2401
1785 2401
1786 2402
1787 2402
1788 2403
1789 2403
1790 2404
1791 2404
1792 2405
1793 2405
1794 2406
1795 2406
1796 2407
1797 2407
1798 2407
1799 2408
1800 2408
1801 2408
1802 2408
1803 2408
1804 2409
1805 2409
1806 2409
1807 2410
1808 2410
1809 2410
1810 2411
1811 2411
1812 2411
1813 2412
1814 2412
1815 2413
1816 2413
1817 2414
1818 2414
1819 2415
1820 2415
1821 2415
1822 2415
1823 2416
1824 2416
1825 2416
1826 2417
1827 2417
1828 2418
1829 2418
1830 2418
1831 2419
1832 2419
1833 2419
1834 2419
1835 2419
1836 2419
1837 2420
1838 2420
1839 2420
1840 2420
1841 2420
1842 2420
1843 2420
1844 2420
1845 2420
1846 2420
1847 2420
1848 2421
1849 2421
1850 2421
1851 2422
1852 2422
1853 2422
1854 2423
1855 2423
1856 2423
1857 2423
1858 2423
1859 2423
1860 2423
1861 2424
1862 2424
1863 2424
1864 2424
1865 2424
1866 2425
1867 2425
1868 2426
1869 2426
1870 2426
1871 2427
1872 2427
1873 2427
1874 2427
1875 2427
1876 2427
1877 2427
1878 2427
1879 2427
1880 2427
1881 2427
1882 2427
1883 2427
1884 2428
1885 2428
1886 2428
1887 2428
1888 2428
1889 2428
1890 2428
1891 2428
1892 2428
1893 2428
1894 2428
1895 2428
1896 2428
1897 2428
1898 2428
1899 2428
1900 2428
1901 2428
1902 2428
1903 2428
1904 2428
1905 2428
1906 2428
1907 2428
1908 2428
1909 2428
1910 2428
1911 2428
1912 2428
1913 2428
1914 2428
1915 2428
1916 2428
1917 2428
1918 2428
1919 2428
1920 2428
1921 2428
1922 2428
1923 2428
1924 2428
1925 2428
1926 2428
1927 2428
1928 2428
1929 2428
1930 2428
1931 2428
1932 2429
1933 2429
1934 2430
1935 2430
1936 2431
1937 2431
1938 2431
1939 2431
1940 2431
1941 2431
1942 2431
1943 2431
1944 2431
1945 2431
1946 2431
1947 2431
1948 2431
1949 2431
1950 2431
1951 2431
1952 2431
1953 2431
1954 2431
1955 2431
1956 2431
1957 2431
1958 2431
1959 2431
1960 2431
1961 2431
1962 2431
1963 2431
1964 2431
1965 2431
1966 2431
1967 2431
1968 2431
1969 2430
1970 2430
1971 2430
1972 2429
1973 2429
1974 2429
1975 2429
1976 2428
1977 2428
1978 2428
1979 2428
1980 2428
1981 2428
1982 2428
1983 2428
1984 2428
1985 2428
1986 2428
1987 2428
1988 2428
1989 2428
1990 2428
1991 2428
1992 2428
1993 2429
1994 2429
1995 2429
1996 2430
1997 2430
1998 2430
1999 2430
2000 2430
2001 2431
2002 2431
2003 2431
2004 2431
2005 2431
2006 2431
2007 2432
2008 2432
2009 2433
2010 2433
2011 2433
2012 2433
2013 2434
2014 2434
2015 2434
2016 2434
2017 2434
2018 2434
2019 2435
2020 2435
2021 2435
2022 2435
2023 2435
2024 2435
2025 2435
2026 2435
2027 2435
2028 2435
2029 2435
2030 2435
2031 2435
2032 2435
2033 2435
2034 2435
2035 2435
2036 2435
2037 2435
2038 2435
2039 2435
2040 2435
2041 2435
2042 2435
2043 2435
2044 2435
2045 2435
2046 2435
2047 2435
2048 2435
2049 2435
2050 2435
2051 2435
2052 2435
2053 2435
2054 2435
2055 2435
2056 2435
2057 2435
2058 2435
2059 2435
2060 2435
2061 2435
2062 2435
2063 2435
2064 2435
2065 2435
2066 2435
2067 2435
2068 2435
2069 2435
2070 2435
2071 2435
2072 2435
2073 2435
2074 2436
2075 2436
2076 2436
2077 2437
2078 2437
2079 2437
2080 2437
2081 2437
2082 2438
2083 2438
2084 2438
2085 2438
2086 2438
2087 2438
2088 2438
2089 2438
2090 2438
2091 2438
2092 2438
2093 2438
2094 2439
2095 2439
2096 2439
2097 2439
2098 2439
2099 2439
2100 2439
2101 2439
2102 2439
2103 2439
2104 2439
2105 2439
2106 2439
2107 2439
2108 2439
2109 2439
2110 2439
2111 2439
2112 2439
2113 2439
2114 2439
2115 2439
2116 2439
2117 2439
2118 2439
2119 2439
2120 2439
2121 2439
2122 2439
2123 2439
2124 2439
2125 2439
2126 2439
2127 2439
2128 2439
2129 2439
2130 2439
2131 2439
2132 2439
2133 2439
2134 2439
2135 2439
2136 2439
2137 2439
2138 2439
2139 2439
2140 2439
2141 2439
2142 2439
2143 2439
2144 2439
2145 2439
2146 2439
2147 2439
2148 2439
2149 2439
2150 2439
2151 2439
2152 2439
2153 2439
2154 2439
2155 2439
2156 2439
2157 2439
2158 2439
2159 2439
2160 2439
2161 2439
2162 2439
2163 2439
2164 2439
2165 2439
2166 2439
2167 2439
2168 2439
2169 2439
2170 2439
2171 2439
2172 2439
2173 2439
2174 2439
2175 2439
2176 2439
2177 2439
2178 2439
2179 2439
2180 2439
2181 2439
2182 2439
2183 2439
2184 2439
2185 2439
2186 2439
2187 2439
2188 2439
2189 2439
2190 2439
2191 2439
2192 2439
2193 2439
2194 2439
2195 2439
2196 2439
2197 2439
2198 2439
2199 2439
2200 2439
2201 2439
2202 2439
2203 2439
2204 2439
2205 2439
2206 2439
2207 2439
2208 2439
2209 2439
2210 2439
2211 2439
2212 2439
2213 2439
2214 2439
2215 2439
2216 2439
2217 2439
2218 2439
2219 2439
2220 2439
2221 2439
2222 2439
2223 2439
2224 2439
2225 2439
2226 2439
2227 2439
2228 2439
2229 2439
2230 2439
2231 2439
2232 2439
2233 2439
2234 2439
2235 2439
2236 2439
2237 2439
2238 2439
2239 2439
2240 2439
2241 2439
2242 2439
2243 2439
2244 2439
2245 2439
2246 2439
2247 2439
2248 2439
2249 2439
2250 2439
2251 2439
2252 2439
2253 2439
2254 2439
2255 2439
2256 2439
2257 2439
2258 2439
2259 2439
2260 2439
2261 2439
2262 2439
2263 2439
2264 2439
2265 2439
2266 2439
2267 2439
2268 2439
2269 2439
2270 2439
2271 2439
2272 2439
2273 2439
2274 2439
2275 2439
2276 2439
2277 2439
2278 2439
2279 2439
2280 2439
2281 2439
2282 2439
2283 2439
2284 2439
2285 2440
2286 2440
2287 2440
2288 2441
2289 2441
2290 2441
2291 2441
2292 2442
2293 2442
2294 2442
2295 2442
2296 2443
2297 2443
2298 2444
2299 2444
2300 2444
2301 2444
2302 2445
2303 2445
2304 2445
2305 2445
2306 2445
2307 2445
2308 2445
2309 2446
2310 2446
2311 2446
2312 2446
2313 2446
2314 2446
2315 2446
2316 2446
2317 2447
2318 2448
2319 2448
2320 2449
2321 2449
2322 2449
2323 2449
2324 2450
2324 2451
2325 2452
2325 2453
2325 2454
2325 2455
2325 2456
2326 2456
2327 2456
2328 2456
2329 2455
2330 2455
2331 2454
2332 2454
2333 2453
2334 2452
2335 2452
2336 2451
2337 2451
2338 2450
2338 2449
2339 2448
2340 2447
2341 2447
2342 2447
2343 2447
2344 2447
2345 2446
2346 2446
2347 2446
2348 2446
2349 2446
2350 2447
2350 2448
2351 2449
2351 2450
2351 2451
2351 2452
2351 2453
2352 2454
2352 2455
2353 2456
2353 2457
2354 2458
2354 2459
2355 2460
2356 2460
2357 2461
2358 2461
2359 2461
2360 2461
2361 2461
2362 2461
2363 2461
2364 2461
2365 2461
2366 2460
2367 2460
2368 2459
2369 2459
2370 2458
2371 2458
2372 2458
2373 2458
2374 2458
2375 2457
2376 2457
2377 2456
2378 2455
2379 2455
2380 2455
2381 2454
2382 2454
2383 2454
2384 2454
2385 2454
2386 2454
2387 2455
2388 2456
2389 2457
2390 2458
2391 2458
2392 2459
2393 2460
2394 2461
2395 2462
2396 2463
2397 2463
2398 2464
2399 2465
2400 2466
2401 2467
2402 2468
2403 2469
2404 2470
2405 2471
2406 2472
2407 2472
2408 2473
2409 2474
2410 2475
2411 2476
2411 2477
2411 2478
2411 2479
2411 2480
2411 2481
2411 2482
2411 2483
2412 2483
2413 2483
2414 2483
2415 2483
2416 2483
2417 2483
2418 2483
2419 2483
2420 2483
2421 2483
2422 2483
2423 2483
2424 2484
2425 2484
2426 2485
2427 2485
2428 2485
2429 2486
2430 2486
2431 2487
2432 2488
2433 2488
2434 2489
2435 2490
2436 2491
2437 2492
2438 2493
2439 2494
2439 2495
2440 2496
2441 2496
2442 2497
2443 2498
2444 2499
2445 2500
2446 2501
2447 2502
2448 2503
2449 2504
2450 2505
2451 2506
2452 2507
2453 2508
2454 2509
2455 2510
2456 2511
2457 2512
2457 2513
2458 2514
2459 2515
2460 2516
2461 2517
2462 2518
2463 2519
2464 2520
2465 2521
2466 2522
2467 2523
2468 2524
2468 2525
2469 2526
2470 2527
2471 2527
2472 2527
2473 2527
2474 2528
2475 2528
2476 2528
2477 2528
2478 2528
2479 2528
2480 2528
2481 2528
2482 2528
2483 2528
2484 2528
2485 2528
2486 2528
2487 2528
2488 2528
2489 2528
2490 2528
2491 2528
2492 2528
2493 2528
2494 2528
2495 2528
2496 2528
2497 2528
2498 2528
2499 2528
2500 2528
2501 2528
2502 2528
2503 2528
2504 2528
2505 2528
2506 2528
2507 2528
2508 2528
2509 2528
2510 2528
2511 2528
2512 2528
2513 2528
2514 2529
2515 2529
2516 2530
2517 2530
2518 2530
2519 2531
2520 2531
2521 2531
2522 2531
2523 2531
2524 2531
2525 2532
2526 2532
2527 2532
2528 2532
2529 2532
2530 2532
2531 2532
2532 2532
2533 2532
2534 2532
2535 2532
2536 2532
2537 2532
2538 2532
2539 2532
2540 2532
2541 2532
2542 2532
2543 2532
2544 2533
2545 2534
2546 2534
2547 2535
2548 2536
2549 2536
2550 2537
2551 2537
2552 2538
2553 2539
2554 2539
2555 2540
2556 2540
2557 2541
2558 2542
2559 2542
2560 2543
2561 2544
2562 2544
2563 2545
2564 2545
2565 2546
2566 2546
2567 2547
2568 2547
2569 2548
2570 2549
2571 2549
2572 2550
2573 2551
2574 2551
2575 2552
2576 2553
2577 2554
2578 2555
2579 2555
2580 2556
2581 2557
2582 2558
2583 2558
2584 2559
2585 2560
2586 2560
2587 2560
2588 2561
2589 2560
2589 2559
2589 2558
2589 2557
2588 2556
2588 2555
2587 2554
2587 2553
2587 2552
2587 2551
2586 2550
2585 2549
2585 2548
2584 2547
2583 2546
2583 2545
2582 2544
2581 2543
2580 2542
2579 2541
2578 2540
2577 2539
2576 2538
2576 2537
2575 2536
2575 2535
2575 2534
2576 2533
2577 2532
2578 2532
2579 2532
2580 2532
2581 2532
2582 2532
2583 2532
2584 2533
2585 2533
2586 2534
2587 2534
2588 2534
2589 2534
2590 2535
2591 2535
2592 2535
2593 2535
2594 2535
2595 2535
2596 2535
2597 2535
2598 2536
2599 2536
2600 2536
2601 2537
2602 2537
2603 2538
2604 2538
2605 2538
2606 2539
2607 2539
2608 2540
2609 2541
2610 2542
2611 2543
2612 2544
2613 2545
2614 2546
2614 2547
2615 2548
2615 2549
2616 2550
2617 2551
2618 2552
2618 2553
2619 2554
2620 2555
2621 2556
2622 2557
2623 2558
2624 2559
2625 2560
2626 2561
2627 2562
2628 2563
2628 2564
2629 2565
2630 2566
2631 2567
2632 2568
2632 2569
2633 2570
2634 2571
2634 2572
2634 2573
2635 2574
2636 2574
2637 2575
2638 2575
2639 2576
2640 2577
2640 2578
2641 2579
2641 2578
2641 2577
2641 2576
2641 2575
2641 2574
2641 2573
2640 2572
2640 2571
2640 2570
2639 2569
2639 2568
2639 2567
2639 2566
2639 2565
2638 2564
2638 2563
2638 2562
2638 2561
2638 2560
2638 2559
2638 2558
2638 2557
2638 2556
2638 2555
2638 2554
2638 2553
2638 2552
2639 2551
2640 2551
2641 2551
2642 2551
2643 2551
2644 2551
2645 2551
2646 2551
2647 2551
2648 2551
2649 2551
2650 2551
2651 2551
2652 2551
2653 2551
2654 2551
2655 2551
2656 2551
2657 2551
2658 2551
2659 2550
2660 2550
2661 2550
2662 2551
2663 2551
2664 2551
2665 2551
2666 2551
2667 2552
2668 2552
2669 2552
2670 2553
2671 2553
2672 2553
2673 2553
2674 2553
2675 2553
2676 2553
2677 2554
2678 2554
2679 2555
2680 2556
2681 2556
2682 2556
2683 2557
2684 2557
2685 2557
2686 2557
2687 2558
2688 2558
2689 2559
2690 2559
2691 2559
2692 2560
2693 2560
2694 2560
2695 2560
2696 2561
2697 2561
2698 2561
2699 2561
2700 2561
2701 2561
2702 2561
2703 2561
2704 2561
2705 2561
2706 2561
2707 2561
2708 2561
2709 2562
2710 2562
2711 2562
2712 2562
2713 2562
2714 2562
2715 2562
2716 2562
2717 2562
2718 2562
2719 2562
2720 2562
2721 2561
2722 2561
2723 2560
2724 2560
2725 2560
2726 2559
2727 2559
2728 2559
2729 2558
2730 2558
2731 2557
2732 2557
2733 2556
2734 2555
2735 2555
2736 2554
2737 2553
2738 2552
2739 2552
2740 2552
2741 2551
2742 2551
2743 2550
2744 2550
2745 2549
2746 2548
2747 2547
2748 2546
2749 2545
2750 2544
2751 2543
2752 2542
2753 2541
2754 2540
2755 2540
2756 2539
2757 2539
2758 2538
2759 2538
2760 2537
2761 2537
2762 2536
2762 2535
2763 2534
2764 2534
2765 2533
2766 2532
2766 2531
2767 2530
2768 2530
2769 2529
2770 2528
2771 2527
2772 2526
2773 2525
2774 2525
2775 2524
2776 2524
2777 2523
2778 2523
2779 2522
2780 2521
2781 2520
2782 2520
2783 2519
2784 2519
2785 2518
2786 2518
2787 2517
2788 2517
2789 2516
2790 2516
2791 2515
2792 2514
2793 2514
2794 2513
2795 2512
2796 2512
2797 2511
2798 2510
2799 2509
2800 2509
2801 2508
2802 2508
2803 2507
2804 2507
2805 2506
2806 2505
2807 2504
2808 2504
2809 2504
2810 2503
2811 2503
2812 2503
2813 2502
2814 2501
2815 2501
2816 2500
2817 2500
2818 2499
2819 2498
2820 2498
2821 2497
2822 2496
2823 2496
2824 2495
2825 2495
2826 2494
2827 2493
2828 2493
2829 2493
2830 2492
2831 2492
2832 2492
2833 2492
2834 2492
2835 2492
2836 2491
2837 2491
2838 2491
2839 2491
2840 2491
2841 2491
2842 2490
2843 2490
2844 2489
2845 2489
2846 2489
2847 2488
2848 2488
2849 2488
2850 2488
2851 2488
2852 2488
2853 2488
2854 2488
2855 2488
2856 2488
2857 2487
2858 2487
2859 2487
2860 2487
2861 2487
2862 2487
2863 2487
2864 2487
2865 2487
2866 2487
2867 2487
2868 2487
2869 2487
2870 2487
2871 2487
2872 2487
2873 2487
2874 2487
2875 2487
2876 2487
2877 2487
2878 2487
2879 2487
2880 2487
2881 2487
2882 2487
2883 2487
2884 2487
2885 2487
2886 2487
2887 2487
2888 2487
2889 2487
2890 2487
2891 2487
2892 2487
2893 2487
2894 2487
2895 2487
2896 2487
2897 2487
2898 2487
2899 2487
2900 2487
2901 2487
2902 2487
2903 2487
2904 2487
2905 2487
2906 2487
2907 2487
2908 2487
2909 2487
2910 2487
2911 2487
2912 2487
2913 2487
2914 2487
2915 2487
2916 2487
2917 2487
2918 2487
2919 2487
2920 2487
2921 2487
2922 2487
2923 2487
2924 2487
2925 2487
2926 2487
2927 2487
2928 2487
2929 2487
2930 2487
2931 2487
2932 2487
2933 2487
2934 2487
2935 2487
2936 2487
2937 2487
2938 2487
2939 2487
2940 2487
2941 2487
2942 2487
2943 2487
2944 2487
2945 2487
2946 2487
2947 2487
2948 2487
2949 2487
2950 2487
2951 2487
2952 2487
2953 2487
2954 2487
2955 2487
2956 2487
2957 2487
2958 2487
2959 2487
2960 2487
2961 2487
2962 2487
2963 2487
2964 2487
2965 2487
2966 2486
2967 2486
2968 2485
2969 2485
2970 2484
2971 2483
2972 2483
2973 2482
2974 2481
2975 2480
2976 2479
2977 2479
2978 2478
2979 2477
2980 2476
2981 2476
2982 2475
2983 2474
2984 2474
2985 2473
2986 2473
2987 2472
2988 2471
2989 2470
2990 2469
2990 2468
2991 2467
2991 2466
2992 2465
2993 2464
2994 2463
2995 2462
2995 2461
2995 2460
2995 2459
2995 2458
2996 2457
2996 2456
2996 2455
2996 2454
2996 2453
2996 2452
2996 2451
2996 2450
2996 2449
2996 2448
2996 2447
2996 2446
2996 2445
2996 2444
2996 2443
2996 2442
2996 2441
2996 2440
2996 2439
2996 2438
2996 2437
2996 2436
2996 2435
2996 2434
2996 2433
2996 2432
2997 2431
2997 2430
2997 2429
2997 2428
2998 2427
2998 2426
2998 2425
2998 2424
2999 2423
2999 2422
2999 2421
2999 2420
2999 2419
2999 2418
2999 2417
2999 2416
2999 2415
3000 2414
3000 2413
3000 2412
3000 2411
3000 2410
3000 2409
3000 2408
3000 2407
3000 2406
3000 2405
3000 2404
3000 2403
2999 2402
2999 2401
2999 2400
2998 2399
2998 2398
2998 2397
2997 2396
2997 2395
2996 2394
2996 2393
2995 2392
2994 2391
2994 2390
2993 2389
2992 2388
2991 2387
2991 2386
2990 2385
2989 2384
2988 2383
2987 2382
2986 2381
2985 2381
2984 2380
2984 2379
2983 2378
2982 2377
2981 2377
2980 2376
2979 2376
2978 2375
2977 2375
2976 2374
2975 2374
2974 2373
2973 2373
2972 2372
2971 2371
2970 2371
2969 2370
2968 2369
2967 2369
2966 2368
2965 2368
2964 2367
2963 2366
2962 2365
2961 2364
2960 2363
2959 2362
2958 2361
2957 2360
2956 2360
2955 2360
2954 2359
2953 2359
2952 2359
2951 2358
2950 2358
2949 2358
2948 2357
2947 2357
2946 2356
2945 2356
2944 2355
2943 2354
2942 2354
2941 2353
2940 2353
2939 2352
2938 2351
2937 2351
2936 2350
2935 2349
2934 2348
2933 2347
2932 2347
2931 2346
2930 2345
2929 2345
2928 2345
2927 2344
2926 2344
2925 2343
2924 2343
2923 2342
2922 2342
2921 2341
2920 2341
2919 2341
2918 2340
2917 2339
2916 2339
2915 2338
2914 2338
2913 2337
2912 2337
2911 2337
2910 2336
2909 2336
2908 2335
2907 2335
2906 2334
2905 2334
2904 2333
2903 2332
2902 2331
2901 2331
2900 2330
2899 2330
2898 2329
2897 2328
2896 2327
2895 2326
2894 2326
2893 2325
2892 2325
2891 2324
2890 2324
2889 2323
2888 2323
2887 2322
2886 2322
2885 2322
2884 2321
2883 2321
2882 2321
2881 2321
2880 2321
2879 2321
2878 2320
2877 2320
2876 2319
2875 2319
2874 2319
2873 2318
2872 2317
2871 2317
2870 2316
2869 2315
2868 2315
2867 2314
2866 2314
2865 2313
2864 2312
2863 2312
2862 2311
2861 2311
2860 2311
2859 2310
2858 2310
2857 2309
2856 2308
2855 2308
2854 2307
2853 2306
2853 2305
2852 2304
2851 2303
2850 2302
2849 2301
2849 2300
2848 2299
2847 2298
2846 2297
2845 2296
2844 2296
2843 2295
2842 2294
2841 2293
2841 2292
2840 2291
2840 2290
2840 2289
2841 2288
2841 2287
2842 2286
2843 2285
2844 2285
2845 2284
2846 2284
2847 2284
2848 2283
2849 2283
2850 2283
2851 2283
2852 2283
2853 2283
2854 2283
2855 2282
2856 2282
2857 2282
2858 2282
2859 2282
2860 2282
2859 2282
2858 2281
2857 2281
2856 2280
2855 2279
2854 2278
2853 2277
2852 2276
2851 2275
2850 2274
2849 2273
2848 2272
2847 2272
2846 2271
2845 2270
2844 2269
2843 2269
2842 2268
2841 2267
2840 2267
2839 2266
2838 2265
2837 2264
2836 2263
2835 2263
2834 2262
2833 2261
2832 2260
2831 2259
2830 2258
2830 2257
2829 2256
2828 2255
2828 2254
2827 2253
2826 2252
2826 2251
2825 2250
2824 2249
2824 2248
2823 2247
2822 2246
2822 2245
2821 2244
2820 2243
2820 2242
2820 2241
2819 2240
2819 2239
2818 2238
2818 2237
2818 2236
2817 2235
2816 2234
2816 2233
2815 2232
2815 2231
2814 2230
2814 2229
2813 2228
2812 2227
2811 2226
2810 2226
2809 2225
2808 2224
2808 2223
2807 2222
2806 2222
2805 2221
2804 2220
2803 2219
2802 2219
2801 2218
2800 2218
2799 2217
2798 2217
2797 2216
2796 2215
2795 2215
2794 2214
2793 2214
2792 2213
2791 2212
2790 2212
2789 2211
2788 2211
2787 2210
2786 2209
2785 2208
2784 2208
2783 2207
2782 2207
2781 2206
2780 2206
2779 2205
2778 2204
2777 2204
2776 2203
2775 2202
2774 2202
2773 2201
2772 2201
2771 2200
2770 2200
2769 2199
2768 2198
2767 2197
2766 2196
2765 2195
2764 2194
2763 2194
2762 2193
2761 2193
2760 2192
2759 2191
2758 2191
2757 2190
2756 2190
2755 2189
2754 2188
2753 2187
2752 2187
2751 2186
2750 2185
2749 2184
2748 2183
2747 2183
2746 2182
2745 2182
2744 2181
2743 2181
2742 2180
2741 2179
2740 2179
2739 2178
2738 2177
2737 2176
2736 2176
2735 2175
2734 2174
2733 2173
2732 2173
2731 2172
2730 2171
2730 2170
2729 2169
2728 2168
2727 2167
2726 2166
2726 2165
2725 2164
2724 2163
2724 2162
2723 2161
2723 2160
2722 2159
2722 2158
2722 2157
2721 2156
2721 2155
2721 2154
2720 2153
2720 2152
2720 2151
2720 2150
2720 2149
2720 2148
2720 2147
2720 2146
2720 2145
2720 2144
2720 2143
2720 2142
2720 2141
2720 2140
2720 2139
2720 2138
2721 2137
2722 2138
2722 2139
2723 2140
2723 2141
2723 2142
2723 2143
2724 2144
2724 2145
2724 2146
2725 2147
2725 2148
2725 2149
2725 2150
2726 2151
2726 2152
2726 2153
2727 2154
2727 2155
2727 2156
2727 2157
2727 2156
2727 2155
2727 2154
2727 2153
2727 2152
2727 2151
2727 2150
2727 2149
2727 2148
2727 2147
2727 2146
2727 2145
2727 2144
2727 2143
2727 2142
2726 2141
2725 2140
2724 2139
2723 2138
2722 2137
2722 2136
2721 2135
2720 2134
2719 2133
2718 2132
2717 2131
2716 2131
2715 2131
2714 2130
2713 2129
2712 2128
2711 2128
2710 2128
2709 2127
2708 2127
2707 2127
2706 2126
2705 2125
2704 2124
2703 2124
2702 2123
2701 2123
2700 2122
2699 2121
2698 2120
2697 2119
2696 2119
2695 2118
2694 2118
2693 2117
2692 2117
2691 2117
2690 2116
2689 2116
2688 2116
2687 2116
2686 2116
2685 2115
2684 2114
2683 2114
2682 2113
2681 2113
2680 2112
2679 2112
2678 2112
2677 2112
2676 2112
2675 2112
2674 2112
2673 2112
2672 2112
2671 2112
2670 2112
2669 2112
2668 2112
2667 2112
2666 2112
2665 2112
2664 2112
2663 2112
2662 2112
2661 2112
2660 2112
2659 2112
2658 2112
2657 2112
2656 2112
2655 2112
2654 2112
2653 2112
2652 2112
2651 2112
2650 2112
2649 2112
2648 2112
2647 2112
2646 2112
2645 2112
2644 2112
2643 2112
2642 2112
2641 2112
2640 2112
2639 2112
2638 2112
2637 2112
2636 2112
2635 2112
2634 2112
2633 2112
2632 2112
2631 2112
2630 2112
2629 2112
2628 2112
2627 2112
2626 2112
2625 2112
2624 2112
2623 2112
2622 2112
2621 2112
2620 2112
2619 2112
2618 2112
2617 2112
2616 2113
2615 2113
2614 2113
2613 2114
2612 2115
2611 2116
2610 2117
2609 2117
2608 2118
2607 2118
2606 2118
2605 2119
2604 2119
2603 2120
2602 2120
2601 2121
2600 2121
2599 2122
2598 2122
2597 2123
2596 2124
2595 2125
2594 2125
2593 2125
2592 2126
2591 2126
2590 2126
2589 2126
2588 2126
2587 2126
2586 2126
2585 2126
2584 2126
2583 2126
2582 2127
2581 2128
2580 2128
2579 2128
2578 2129
2577 2129
2576 2129
2575 2130
2574 2131
2573 2132
2572 2132
2571 2133
2570 2133
2569 2133
2568 2134
2567 2135
2566 2136
2565 2136
2564 2137
2563 2137
2563 2138
2562 2139
2561 2139
2560 2140
2559 2140
2558 2140
2557 2141
2556 2142
2555 2142
2554 2143
2553 2143
2552 2144
2551 2145
2550 2146
2549 2147
2548 2147
2547 2148
2546 2148
2545 2148
2544 2148
2543 2149
2542 2149
2541 2149
2540 2149
2539 2149
2538 2149
2537 2149
2536 2149
2535 2149
2534 2149
2533 2149
2532 2149
2531 2149
2531 2150
2531 2151
2530 2152
2530 2153
2529 2154
2529 2155
2528 2156
2527 2157
2526 2157
2525 2158
2524 2159
2523 2159
2522 2160
2521 2161
2520 2162
2519 2163
2518 2164
2517 2164
2516 2165
2515 2166
2514 2167
2513 2167
2512 2168
2511 2169
2510 2169
2509 2170
2508 2170
2507 2170
2506 2171
2505 2172
2504 2173
2503 2174
2502 2175
2501 2176
2500 2177
2499 2177
2498 2177
2497 2177
2496 2178
2495 2178
2494 2178
2493 2178
2492 2178
2491 2179
2490 2179
2489 2180
2488 2180
2487 2180
2486 2181
2485 2181
2484 2181
2483 2181
2482 2181
2481 2182
2480 2182
2479 2182
2479 2183
2478 2184
2477 2185
2476 2186
2475 2186
2474 2186
2473 2186
2472 2186
2471 2186
2470 2186
2469 2186
2468 2186
2467 2186
2466 2186
2465 2186
2464 2186
2463 2186
2462 2186
2461 2186
2460 2186
2459 2186
2458 2186
2457 2186
2456 2186
2455 2187
2454 2188
2453 2189
2452 2190
2451 2191
2450 2192
2449 2192
2448 2193
2447 2194
2446 2195
2445 2195
2444 2196
2443 2196
2442 2197
2441 2198
2440 2198
2439 2199
2438 2200
2437 2201
2436 2202
2435 2202
2434 2203
2433 2203
2432 2204
2431 2204
2430 2204
2429 2204
2428 2205
2428 2206
2427 2207
2426 2208
2425 2209
2424 2210
2423 2211
2422 2211
2421 2211
2420 2212
2419 2213
2418 2213
2417 2213
2416 2214
2415 2215
2414 2216
2413 2216
2412 2217
2411 2217
2410 2218
2409 2218
2408 2219
2407 2219
2406 2219
2405 2219
2404 2219
2403 2219
2402 2220
2401 2220
2400 2221
2399 2221
2398 2222
2397 2222
2396 2222
2395 2222
2394 2222
2393 2223
2392 2223
2391 2223
2390 2223
2389 2223
2388 2223
2387 2223
2386 2223
2385 2223
2384 2223
2383 2223
2382 2223
2381 2223
2380 2223
2379 2223
2378 2223
2377 2223
2376 2224
2375 2224
2374 2224
2373 2224
2372 2224
2371 2225
2370 2225
2369 2226
2368 2226
2367 2226
2366 2226
2365 2226
2364 2227
2363 2227
2362 2228
2361 2229
2360 2230
2360 2231
2360 2232
2359 2233
2359 2234
2359 2235
2359 2236
2359 2237
2359 2238
2359 2239
2358 2240
2357 2241
2356 2241
2355 2241
2354 2241
2353 2242
2352 2242
2351 2242
2350 2243
2349 2243
2348 2244
2347 2244
2346 2244
2345 2244
2344 2245
2343 2245
2342 2245
2341 2245
2340 2245
2339 2245
2338 2245
2337 2246
2336 2246
2335 2246
2334 2246
2333 2246
2332 2246
2331 2246
2330 2246
2329 2246
2328 2246
2327 2246
2326 2246
2325 2246
2324 2246
2323 2246
2322 2246
2322 2247
2322 2248
2322 2249
2322 2250
2322 2251
2321 2252
2321 2253
2321 2254
2321 2255
2321 2256
2320 2257
2319 2258
2318 2258
2317 2259
2316 2260
2315 2261
2314 2262
2313 2263
2312 2263
2311 2263
2310 2264
2309 2265
2308 2266
2307 2266
2306 2267
2305 2267
2304 2268
2303 2269
2302 2269
2301 2270
2300 2270
2299 2271
2298 2271
2297 2271
2296 2271
2295 2271
2294 2271
2293 2271
2292 2271
2291 2272
2290 2272
2289 2272
2288 2272
2287 2272
2286 2272
2285 2272
2284 2272
2283 2272
2282 2272
2281 2272
2280 2271
2279 2270
2278 2270
2277 2269
2276 2269
2275 2268
2274 2267
2274 2266
2273 2266
2273 2267
2273 2268
2273 2269
2273 2270
2273 2271
2273 2272
2273 2273
2273 2274
2273 2275
2273 2276
2273 2277
2273 2278
2273 2279
2273 2280
2273 2281
2273 2282
2272 2283
2271 2284
2271 2285
2270 2286
2269 2287
2268 2288
2267 2289
2266 2290
2265 2290
2264 2291
2263 2291
2262 2292
2261 2292
2260 2293
2259 2293
2258 2293
2257 2293
2256 2294
2255 2294
2254 2295
2253 2296
2252 2296
2251 2297
2250 2297
2249 2298
2248 2298
2247 2299
2246 2300
2245 2300
2244 2301
2243 2301
2242 2302
2241 2302
2240 2302
2239 2303
2238 2304
2237 2304
2236 2305
2235 2305
2234 2305
2233 2305
2232 2305
2231 2305
2230 2305
2229 2305
2228 2305
2227 2306
2226 2306
2225 2307
2224 2307
2223 2307
2222 2308
2221 2308
2220 2308
2219 2308
2218 2308
2217 2308
2216 2309
2215 2309
2214 2309
2213 2309
2212 2309
2211 2309
2210 2309
2209 2310
2208 2310
2207 2311
2206 2311
2205 2311
2204 2312
2203 2312
2202 2313
2201 2314
2200 2314
2199 2314
2198 2315
2197 2315
2196 2315
2195 2315
2194 2316
2193 2316
2192 2316
2191 2316
2190 2316
2189 2316
2188 2316
2187 2316
2186 2317
2185 2317
2184 2317
2183 2318
2182 2318
2181 2319
2180 2319
2179 2319
2178 2319
2177 2319
2176 2320
2175 2320
2174 2320
2173 2320
2172 2320
2171 2320
2170 2320
2169 2320
2168 2320
2167 2321
2166 2321
2165 2322
2164 2322
2163 2323
2162 2323
2161 2324
2160 2324
2159 2324
2158 2324
2157 2324
2156 2324
2155 2324
2154 2324
2153 2324
2152 2324
2151 2324
2150 2324
2149 2324
2148 2324
2147 2324
2146 2324
2145 2324
2144 2323
2143 2323
2142 2322
2141 2322
2140 2322
2139 2322
2138 2321
2137 2321
2136 2321
2135 2321
2134 2320
2133 2319
2132 2319
2131 2318
2130 2318
2129 2318
2128 2318
2127 2318
2126 2318
2125 2317
2124 2317
2123 2317
2122 2317
2121 2317
2120 2317
2119 2317
2118 2318
2117 2318
2116 2319
2115 2319
2114 2320
2113 2320
2112 2321
2111 2321
2110 2321
2109 2322
2108 2322
2107 2323
2106 2323
2105 2323
2104 2324
2104 2325
2103 2326
2102 2327
2101 2328
2100 2329
2099 2330
2099 2331
2099 2332
2098 2333
2098 2334
2097 2335
2096 2336
2095 2337
2094 2337
2093 2338
2092 2338
2091 2339
2090 2340
2089 2341
2089 2342
2088 2343
2087 2343
2086 2344
2085 2345
2084 2345
2083 2346
2082 2346
2081 2347
2080 2347
2079 2348
2078 2348
2077 2349
2076 2349
2075 2349
2074 2350
2073 2351
2072 2351
2071 2352
2070 2353
2069 2353
2068 2354
2067 2354
2066 2355
2065 2355
2064 2355
2063 2356
2062 2356
2061 2356
2060 2357
2059 2358
2058 2359
2057 2360
2056 2361
2055 2362
2054 2363
2053 2363
2052 2364
2051 2365
2050 2366
2049 2366
2048 2366
2047 2367
2046 2367
2045 2368
2044 2368
2043 2369
2042 2370
2041 2371
2040 2371
2039 2372
2038 2373
2037 2374
2036 2374
2035 2375
2034 2375
2033 2375
2032 2376
2031 2376
2030 2376
2029 2377
2028 2377
2027 2378
2026 2378
2025 2378
2024 2378
2023 2378
2022 2379
2021 2379
2020 2379
2019 2380
2018 2380
2017 2381
2016 2381
2015 2382
2014 2382
2013 2383
2012 2383
2011 2384
2010 2384
2009 2384
2008 2384
2007 2384
2006 2384
2005 2384
2004 2384
2003 2385
2002 2385
2001 2385
2000 2386
1999 2386
1998 2386
1997 2386
1996 2386
1995 2387
1994 2387
1993 2387
1992 2387
1991 2387
1990 2388
1989 2389
1988 2389
1987 2389
1986 2390
1985 2390
1984 2390
1983 2391
1982 2391
1981 2392
1980 2392
1979 2392
1978 2393
1977 2393
1976 2393
1975 2393
1974 2394
1973 2394
1972 2394
1971 2394
1970 2394
1969 2394
1968 2394
1967 2394
1966 2394
1965 2394
1964 2395
1963 2395
1962 2395
1961 2395
1960 2395
1959 2395
1958 2395
1957 2395
1956 2395
1955 2395
1954 2395
1953 2395
1952 2395
1951 2395
1950 2395
1949 2395
1948 2395
1947 2395
1946 2395
1945 2395
1944 2395
1943 2395
1942 2395
1941 2395
1940 2395
1939 2395
1938 2395
1937 2395
1936 2395
1935 2395
1934 2395
1933 2395
1932 2395
1931 2395
1930 2395
1929 2395
1928 2395
1927 2395
1926 2395
1925 2395
1924 2395
1923 2395
1922 2395
1921 2395
1920 2395
1919 2395
1918 2395
1917 2395
1916 2395
1915 2395
1914 2395
1913 2395
1912 2395
1911 2395
1910 2395
1909 2395
1908 2395
1907 2395
1906 2395
1905 2395
1904 2395
1903 2395
1902 2395
1901 2395
1900 2395
1899 2395
1898 2395
1897 2395
1896 2395
1895 2395
1894 2395
1893 2395
1892 2395
1891 2395
1890 2395
1889 2395
1888 2395
1887 2395
1886 2395
1885 2395
1884 2395
1883 2395
1882 2395
1881 2395
1880 2395
1879 2395
1878 2395
1877 2395
1876 2395
1875 2395
1874 2395
1873 2395
1872 2395
1871 2395
1870 2395
1869 2395
1868 2395
1867 2395
1866 2395
1865 2395
1864 2395
1863 2394
1862 2394
1861 2394
1860 2393
1859 2393
1858 2393
1857 2393
1856 2392
1855 2392
1854 2392
1853 2392
1852 2392
1851 2392
1850 2392
1849 2392
1848 2391
1847 2391
1846 2391
1845 2391
1844 2391
1843 2390
1842 2390
1841 2389
1840 2389
1839 2389
1838 2389
1837 2388
1836 2388
1835 2388
1834 2388
1833 2388
1832 2388
1831 2388
1830 2388
1829 2387
1828 2387
1827 2386
1826 2385
1825 2385
1824 2385
1823 2384
1822 2384
1821 2384
1820 2384
1819 2384
1818 2384
1817 2383
1816 2383
1815 2383
1814 2382
1813 2382
1812 2381
1811 2381
1810 2380
1809 2380
1808 2379
1807 2379
1806 2379
1805 2378
1804 2378
1803 2378
1802 2377
1801 2377
1800 2376
1799 2376
1798 2375
1797 2374
1796 2373
1795 2372
1795 2371
1795 2370
1795 2369
1795 2368
1795 2367
1794 2367
1794 2368
1793 2369
1792 2370
1791 2371
1790 2371
1789 2372
1788 2372
1787 2372
1786 2372
1785 2372
1784 2372
1783 2372
1782 2372
1781 2372
1780 2372
1779 2372
1778 2372
1777 2372
1776 2372
1775 2372
1774 2372
1773 2371
1772 2371
1771 2370
1770 2370
1769 2370
1768 2369
1767 2369
1766 2368
1766 2367
1765 2366
1765 2365
1765 2364
1764 2363
1764 2362
1764 2361
1763 2360
1763 2359
1763 2358
1762 2357
1762 2356
1762 2355
1762 2354
1762 2353
1761 2352
1761 2351
1761 2350
1761 2349
1761 2348
1761 2347
1761 2346
1761 2345
1761 2344
1761 2343
1761 2342
1761 2341
1761 2340
1761 2339
1761 2338
1761 2337
1760 2337
1760 2338
1760 2339
1759 2340
1759 2341
1759 2342
1759 2343
1759 2344
1758 2345
1758 2346
1757 2347
1756 2348
1755 2348
1754 2349
1753 2350
1752 2351
1751 2352
1750 2353
1749 2353
1748 2353
1747 2353
1746 2353
1745 2353
1744 2353
1743 2353
1742 2354
1741 2354
1740 2354
1739 2354
1738 2354
1737 2354
1736 2354
1735 2354
1734 2354
1733 2354
1732 2354
1731 2354
1730 2354
1729 2354
1728 2354
1727 2354
1726 2353
1725 2353
1724 2352
1723 2352
1722 2352
1721 2351
1720 2351
1719 2351
1718 2350
1717 2349
1716 2348
1715 2347
1715 2346
1714 2345
1713 2345
1712 2344
1711 2344
1710 2344
1709 2343
1708 2342
1707 2342
1706 2341
1705 2340
1704 2339
1703 2338
1702 2337
1701 2336
1700 2335
1699 2334
1698 2334
1697 2333
1696 2332
1696 2331
1695 2330
1694 2329
1693 2328
1692 2327
1691 2326
1690 2325
1689 2324
1688 2323
1687 2322
1686 2321
1685 2320
1684 2319
1683 2318
1682 2317
1681 2316
1680 2316
1679 2315
1678 2314
1677 2314
1676 2313
1675 2312
1675 2311
1675 2310
1675 2309
1675 2308
1675 2307
1675 2306
1675 2305
1675 2304
1675 2303
1675 2302
1675 2301
1675 2300
1675 2299
1674 2299
1673 2299
1672 2299
1671 2299
1670 2300
1669 2301
1668 2301
1667 2302
1666 2303
1665 2303
1664 2304
1663 2305
1662 2306
1661 2306
1660 2307
1659 2307
1658 2308
1657 2308
1656 2308
1655 2308
1654 2308
1653 2309
1652 2309
1651 2309
1650 2309
1649 2309
1648 2309
1647 2309
1646 2309
1645 2309
1644 2309
1643 2309
1642 2309
1641 2309
1640 2309
1639 2309
1638 2309
1637 2308
1636 2307
1635 2306
1634 2306
1633 2305
1632 2305
1631 2304
1630 2303
1629 2302
1628 2302
1627 2301
1626 2301
1625 2300
1624 2300
1623 2299
1622 2298
1622 2297
1621 2297
1620 2296
1619 2295
1618 2295
1617 2294
1616 2293
1615 2293
1614 2292
1613 2291
1612 2290
1611 2289
1610 2288
1609 2287
1608 2286
1607 2285
1607 2284
1606 2283
1605 2283
1604 2282
1603 2281
1602 2280
1601 2279
1600 2278
1599 2277
1598 2276
1597 2275
1596 2274
1595 2273
1594 2272
1593 2271
1592 2270
1591 2269
1590 2269
1589 2268
1588 2267
1587 2267
1586 2266
1585 2266
1584 2265
1583 2264
1583 2263
1582 2262
1582 2261
1581 2260
1581 2259
1580 2258
1579 2257
1578 2256
1577 2255
1576 2254
1575 2253
1574 2253
1573 2252
1572 2251
1571 2250
1570 2249
1569 2248
1568 2247
1567 2246
1567 2245
1566 2244
1566 2243
1565 2242
1564 2241
1563 2240
1562 2240
1561 2239
1560 2238
1559 2237
1558 2236
1557 2236
1556 2235
1555 2234
1554 2233
1553 2233
1552 2232
1551 2231
1550 2231
1549 2230
1548 2229
1547 2228
1546 2227
1545 2226
1544 2226
1543 2225
1542 2224
1541 2223
1540 2222
1539 2221
1538 2220
1537 2219
1536 2219
1535 2218
1534 2218
1533 2217
1532 2217
1531 2216
1530 2216
1529 2216
1528 2215
1527 2215
1526 2214
1525 2214
1524 2214
1523 2214
1522 2213
1521 2213
1520 2213
1519 2213
1518 2213
1517 2213
1516 2213
1515 2212
1514 2212
1513 2211
1512 2210
1511 2210
1510 2210
1509 2209
1508 2209
1507 2209
1506 2209
1505 2209
1504 2208
1503 2208
1502 2208
1501 2207
1500 2207
1499 2207
1498 2206
1497 2206
1496 2206
1495 2206
1494 2205
1493 2205
1492 2205
1491 2204
1490 2203
1489 2203
1488 2202
1487 2202
1486 2202
1485 2201
1484 2201
1483 2201
1482 2200
1481 2200
1480 2199
1479 2199
1478 2198
1477 2198
1476 2197
1475 2196
1474 2196
1473 2195
1472 2194
1471 2193
1470 2192
1469 2192
1468 2191
1467 2190
1466 2190
1465 2189
1464 2189
1463 2189
1462 2188
1461 2188
1460 2187
1459 2187
1458 2186
1457 2186
1456 2185
1455 2184
1454 2184
1453 2183
1452 2183
1451 2182
1450 2181
1449 2180
1448 2179
1447 2178
1446 2177
1445 2176
1444 2175
1443 2174
1442 2174
1441 2173
1440 2173
1439 2173
1438 2172
1437 2172
1436 2171
1435 2170
1434 2170
1433 2170
1432 2169
1431 2169
1430 2168
1429 2168
1428 2167
1427 2166
1426 2165
1425 2164
1424 2164
1423 2163
1422 2162
1421 2161
1420 2160
1419 2159
1418 2159
1417 2158
1416 2157
1415 2156
1414 2155
1413 2154
1412 2154
1411 2153
1410 2152
1409 2151
1408 2150
1407 2149
1406 2148
1405 2147
1404 2146
1403 2145
1402 2144
1401 2143
1400 2142
1399 2141
1398 2140
1397 2139
1397 2138
1396 2137
1395 2136
1395 2135
1394 2134
1393 2133
1393 2132
1392 2131
1391 2130
1390 2129
1389 2128
1389 2127
1388 2126
1387 2125
1386 2124
1386 2123
1385 2122
1384 2121
1384 2120
1383 2119
1383 2118
1382 2117
1382 2116
1382 2115
1381 2114
1381 2113
1380 2112
1379 2111
1378 2110
1378 2109
1377 2108
1376 2107
1375 2106
1375 2105
1374 2104
1373 2103
1372 2102
1371 2101
1371 2100
1370 2099
1369 2098
1368 2097
1368 2096
1367 2095
1366 2094
1366 2093
1365 2092
1365 2091
1364 2090
1364 2089
1363 2088
1363 2087
1363 2086
1363 2085
1362 2084
1361 2083
1360 2082
1360 2081
1360 2080
1359 2079
1359 2078
1359 2077
1359 2076
1358 2075
1358 2074
1357 2073
1357 2072
1356 2071
1356 2070
1356 2069
1355 2068
1355 2067
1355 2066
1355 2065
1355 2064
1354 2063
1354 2062
1353 2061
1353 2060
1352 2059
1352 2058
1352 2057
1352 2056
1351 2055
1351 2054
1351 2053
1350 2052
1349 2051
1349 2050
1348 2049
1348 2048
1348 2047
1347 2046
1347 2045
1346 2045
1345 2045
