1354 1975
1354 1976
1354 1977
1355 1978
1355 1979
1356 1980
1356 1981
1356 1982
1356 1983
1356 1984
1357 1985
1358 1986
1358 1987
1359 1988
1360 1989
1361 1990
1362 1991
1363 1992
1363 1993
1364 1994
1364 1995
1364 1996
1365 1997
1366 1998
1366 1999
1367 2000
1367 2001
1368 2002
1368 2003
1368 2004
1368 2005
1369 2006
1369 2007
1370 2008
1370 2009
1371 2010
1371 2011
1371 2012
1372 2013
1372 2014
1373 2015
1374 2016
1375 2017
1376 2018
1377 2019
1378 2020
1378 2021
1379 2022
1380 2023
1381 2024
1381 2025
1382 2026
1383 2027
1383 2028
1384 2029
1384 2030
1385 2031
1385 2032
1386 2033
1386 2034
1387 2035
1387 2036
1388 2037
1388 2038
1389 2039
1389 2040
1390 2041
1390 2042
1391 2043
1392 2044
1393 2045
1394 2046
1394 2047
1395 2048
1395 2049
1396 2050
1396 2051
1397 2052
1398 2053
1399 2054
1399 2055
1400 2056
1400 2057
1401 2058
1402 2059
1402 2060
1403 2061
1403 2062
1404 2063
1404 2064
1404 2065
1405 2066
1405 2067
1405 2068
1405 2069
1406 2070
1406 2071
1407 2072
1407 2073
1408 2074
1408 2075
1409 2076
1410 2077
1410 2078
1411 2079
1412 2080
1412 2081
1413 2082
1414 2083
1415 2084
1416 2085
1417 2086
1417 2087
1418 2088
1419 2089
1420 2090
1420 2091
1420 2092
1421 2093
1421 2094
1421 2095
1422 2096
1422 2097
1422 2098
1423 2099
1423 2100
1424 2101
1424 2102
1425 2103
1426 2104
1427 2105
1427 2106
1428 2107
1429 2108
1430 2109
1431 2110
1432 2111
1432 2112
1433 2113
1433 2114
1434 2115
1434 2116
1435 2117
1436 2118
1436 2119
1437 2120
1437 2121
1437 2122
1438 2123
1438 2124
1438 2125
1439 2126
1440 2127
1440 2128
1441 2129
1441 2130
1441 2131
1441 2132
1442 2133
1443 2134
1444 2135
1445 2136
1446 2137
1447 2138
1448 2139
1449 2139
1450 2140
1451 2141
1452 2142
1453 2143
1454 2144
1455 2145
1455 2146
1456 2147
1457 2148
1458 2149
1459 2150
1460 2151
1461 2152
1462 2153
1463 2154
1464 2154
1465 2155
1466 2156
1467 2157
1468 2158
1469 2159
1470 2160
1471 2161
1472 2162
1473 2163
1474 2164
1475 2165
1476 2166
1477 2167
1478 2168
1479 2169
1480 2170
1481 2171
1482 2172
1483 2173
1484 2174
1485 2175
1486 2175
1487 2176
1488 2177
1489 2177
1490 2178
1491 2179
1492 2179
1493 2180
1494 2181
1495 2182
1496 2183
1497 2183
1498 2184
1499 2184
1500 2185
1501 2186
1502 2186
1503 2187
1504 2188
1505 2188
1506 2188
1507 2189
1508 2189
1509 2189
1510 2190
1511 2190
1512 2191
1513 2192
1514 2192
1515 2193
1516 2194
1517 2195
1518 2195
1519 2196
1520 2196
1521 2197
1522 2198
1523 2198
1524 2199
1525 2200
1526 2200
1527 2201
1528 2201
1529 2202
1530 2203
1531 2203
1532 2203
1533 2204
1534 2204
1535 2205
1536 2205
1537 2205
1538 2205
1539 2206
1540 2206
1541 2207
1542 2207
1543 2208
1544 2209
1545 2210
1546 2210
1547 2211
1548 2212
1549 2213
1550 2213
1551 2214
1552 2215
1553 2216
1554 2216
1555 2217
1556 2217
1557 2217
1558 2218
1559 2218
1560 2219
1561 2219
1562 2220
1563 2220
1564 2221
1565 2221
1566 2222
1567 2222
1568 2222
1569 2222
1570 2222
1571 2223
1572 2223
1573 2223
1574 2223
1575 2223
1576 2224
1577 2225
1578 2226
1579 2227
1580 2228
1581 2228
1582 2229
1583 2229
1584 2230
1585 2230
1586 2230
1587 2230
1588 2231
1589 2231
1590 2232
1591 2232
1592 2233
1593 2233
1594 2234
1595 2234
1596 2234
1597 2234
1598 2235
1599 2235
1600 2235
1601 2235
1602 2236
1603 2236
1604 2237
1605 2237
1606 2238
1607 2238
1608 2238
1609 2239
1610 2239
1611 2239
1612 2240
1613 2240
1614 2241
1615 2241
1616 2242
1617 2242
1618 2242
1619 2243
1620 2243
1621 2243
1622 2244
1623 2245
1624 2245
1625 2246
1626 2246
1627 2247
1628 2248
1629 2248
1630 2249
1631 2249
1632 2250
1633 2250
1634 2251
1635 2251
1636 2252
1637 2253
1638 2253
1639 2254
1640 2254
1641 2255
1642 2256
1643 2257
1644 2257
1645 2258
1646 2259
1647 2260
1648 2260
1649 2261
1650 2262
1651 2263
1652 2263
1653 2263
1654 2264
1655 2264
1656 2265
1657 2266
1658 2267
1659 2268
1660 2268
1661 2269
1662 2269
1663 2269
1664 2270
1665 2270
1666 2271
1667 2271
1668 2272
1669 2272
1670 2273
1671 2273
1672 2274
1673 2274
1674 2275
1675 2275
1676 2275
1677 2275
1678 2276
1679 2276
1680 2276
1681 2276
1682 2277
1683 2277
1684 2278
1685 2279
1686 2279
1687 2280
1688 2280
1689 2281
1690 2281
1691 2282
1692 2282
1693 2283
1694 2284
1695 2285
1696 2286
1697 2286
1698 2287
1699 2287
1700 2288
1701 2288
1702 2289
1703 2290
1704 2291
1705 2291
1706 2292
1707 2292
1708 2292
1709 2292
1710 2293
1711 2293
1712 2293
1713 2293
1714 2294
1715 2294
1716 2295
1717 2295
1718 2295
1719 2296
1720 2296
1721 2296
1722 2296
1723 2297
1724 2297
1725 2297
1726 2298
1727 2298
1728 2298
1729 2299
1730 2299
1731 2299
1732 2300
1733 2300
1734 2300
1735 2300
1736 2300
1737 2301
1738 2301
1739 2301
1740 2301
1741 2301
1742 2301
1743 2302
1744 2302
1745 2302
1746 2303
1747 2303
1748 2304
1749 2304
1750 2304
1751 2304
1752 2304
1753 2305
1754 2305
1755 2305
1756 2306
1757 2306
1758 2307
1759 2307
1760 2308
1761 2308
1762 2309
1763 2310
1764 2310
1765 2311
1766 2312
1767 2312
1768 2313
1768 2314
1769 2315
1770 2316
1771 2317
1772 2318
1773 2318
1774 2319
1775 2320
1776 2321
1777 2322
1778 2322
1779 2323
1780 2324
1781 2325
1782 2326
1783 2326
1784 2327
1785 2328
1786 2328
1787 2329
1788 2330
1789 2330
1790 2331
1791 2331
1792 2332
1793 2333
1794 2334
1795 2335
1796 2335
1797 2336
1798 2336
1799 2337
1800 2337
1801 2337
1802 2337
1803 2337
1804 2338
1805 2338
1806 2338
1807 2338
1808 2339
1809 2339
1810 2340
1811 2340
1812 2340
1813 2341
1814 2341
1815 2341
1816 2341
1817 2341
1818 2341
1819 2342
1820 2342
1821 2342
1822 2342
1823 2342
1824 2342
1825 2342
1826 2342
1827 2342
1828 2342
1829 2342
1830 2342
1831 2343
1832 2343
1833 2344
1834 2344
1835 2344
1836 2345
1837 2345
1838 2345
1839 2345
1840 2345
1841 2346
1842 2346
1843 2346
1844 2346
1845 2346
1846 2346
1847 2347
1848 2347
1849 2348
1850 2348
1851 2348
1852 2349
1853 2349
1854 2349
1855 2350
1856 2350
1857 2351
1858 2352
1859 2352
1860 2352
1861 2353
1862 2353
1863 2353
1864 2353
1865 2354
1866 2354
1867 2354
1868 2354
1869 2354
1870 2354
1871 2354
1872 2354
1873 2355
1874 2355
1875 2356
1876 2356
1877 2356
1878 2357
1879 2357
1880 2357
1881 2357
1882 2358
1883 2358
1884 2358
1885 2358
1886 2358
1887 2358
1888 2358
1889 2358
1890 2358
1891 2359
1892 2359
1893 2360
1894 2360
1895 2361
1896 2361
1897 2361
1898 2362
1899 2362
1900 2362
1901 2362
1902 2362
1903 2362
1904 2362
1905 2363
1906 2363
1907 2363
1908 2363
1909 2363
1910 2364
1911 2365
1912 2365
1913 2365
1914 2365
1915 2366
1916 2366
1917 2366
1918 2367
1919 2368
1920 2368
1921 2369
1922 2369
1923 2370
1924 2370
1925 2370
1926 2371
1927 2371
1928 2371
1929 2371
1930 2371
1931 2371
1932 2371
1933 2372
1934 2372
1935 2372
1936 2372
1937 2373
1938 2373
1939 2373
1940 2373
1941 2374
1942 2374
1943 2374
1944 2374
1945 2374
1946 2374
1947 2374
1948 2374
1949 2375
1950 2375
1951 2375
1952 2376
1953 2376
1954 2376
1955 2376
1956 2377
1957 2377
1958 2377
1959 2377
1960 2378
1961 2378
1962 2378
1963 2378
1964 2378
1965 2378
1966 2379
1967 2379
1968 2380
1969 2380
1970 2380
1971 2381
1972 2381
1973 2381
1974 2381
1975 2382
1976 2382
1977 2383
1978 2384
1979 2384
1980 2385
1981 2385
1982 2385
1983 2385
1984 2386
1985 2386
1986 2386
1987 2386
1988 2386
1989 2386
1990 2387
1991 2387
1992 2387
1993 2388
1994 2388
1995 2389
1996 2389
1997 2389
1998 2390
1999 2390
2000 2390
2001 2390
2002 2390
2003 2390
2004 2391
2005 2391
2006 2391
2007 2391
2008 2392
2009 2392
2010 2392
2011 2393
2012 2393
2013 2394
2014 2394
2015 2395
2016 2395
2017 2395
2018 2395
2019 2395
2020 2395
2021 2395
2022 2395
2023 2395
2024 2395
2025 2395
2026 2395
2027 2395
2028 2395
2029 2396
2030 2396
2031 2397
2032 2397
2033 2398
2034 2398
2035 2398
2036 2398
2037 2399
2038 2399
2039 2399
2040 2399
2041 2399
2042 2399
2043 2399
2044 2399
2045 2399
2046 2399
2047 2399
2048 2399
2049 2400
2050 2400
2051 2400
2052 2400
2053 2400
2054 2400
2055 2400
2056 2400
2057 2400
2058 2401
2059 2401
2060 2401
2061 2402
2062 2402
2063 2402
2064 2402
2065 2403
2066 2403
2067 2403
2068 2403
2069 2403
2070 2403
2071 2403
2072 2403
2073 2403
2074 2403
2075 2404
2076 2404
2077 2404
2078 2404
2079 2404
2080 2404
2081 2404
2082 2404
2083 2404
2084 2404
2085 2405
2086 2405
2087 2405
2088 2406
2089 2406
2090 2406
2091 2407
2092 2407
2093 2407
2094 2407
2095 2407
2096 2407
2097 2408
2098 2408
2099 2408
2100 2408
2101 2408
2102 2408
2103 2408
2104 2408
2105 2408
2106 2408
2107 2408
2108 2408
2109 2408
2110 2408
2111 2408
2112 2408
2113 2408
2114 2408
2115 2408
2116 2408
2117 2408
2118 2408
2119 2408
2120 2408
2121 2408
2122 2408
2123 2408
2124 2408
2125 2408
2126 2408
2127 2408
2128 2408
2129 2408
2130 2408
2131 2408
2132 2408
2133 2408
2134 2408
2135 2408
2136 2408
2137 2408
2138 2408
2139 2408
2140 2408
2141 2408
2142 2408
2143 2408
2144 2408
2145 2408
2146 2408
2147 2408
2148 2408
2149 2408
2150 2408
2151 2408
2152 2408
2153 2408
2154 2408
2155 2408
2156 2408
2157 2408
2158 2408
2159 2408
2160 2408
2161 2408
2162 2408
2163 2408
2164 2408
2165 2408
2166 2408
2167 2408
2168 2408
2169 2408
2170 2408
2171 2408
2172 2408
2173 2408
2174 2408
2175 2408
2176 2408
2177 2408
2178 2408
2179 2408
2180 2408
2181 2408
2182 2408
2183 2408
2184 2408
2185 2408
2186 2408
2187 2408
2188 2408
2189 2408
2190 2408
2191 2408
2192 2408
2193 2408
2194 2408
2195 2408
2196 2408
2197 2408
2198 2408
2199 2408
2200 2408
2201 2408
2202 2408
2203 2408
2204 2408
2205 2408
2206 2408
2207 2408
2208 2408
2209 2408
2210 2408
2211 2408
2212 2408
2213 2408
2214 2408
2215 2408
2216 2408
2217 2408
2218 2408
2219 2408
2220 2408
2221 2408
2222 2408
2223 2408
2224 2408
2225 2408
2226 2408
2227 2408
2228 2408
2229 2408
2230 2408
2231 2408
2232 2408
2233 2408
2234 2408
2235 2408
2236 2408
2237 2408
2238 2408
2239 2408
2240 2408
2241 2408
2242 2408
2243 2408
2244 2408
2245 2408
2246 2408
2247 2408
2248 2408
2249 2408
2250 2408
2251 2408
2252 2408
2253 2408
2254 2408
2255 2408
2256 2408
2257 2408
2258 2408
2259 2408
2260 2408
2261 2408
2262 2408
2263 2408
2264 2408
2265 2408
2266 2408
2267 2408
2268 2408
2269 2408
2270 2408
2271 2408
2272 2408
2273 2408
2274 2408
2275 2408
2276 2408
2277 2408
2278 2408
2279 2408
2280 2408
2281 2408
2282 2408
2283 2408
2284 2408
2285 2408
2286 2408
2287 2408
2288 2408
2289 2408
2290 2408
2291 2408
2292 2408
2293 2408
2294 2408
2295 2408
2296 2408
2297 2408
2298 2408
2299 2408
2300 2408
2301 2408
2302 2408
2303 2408
2304 2408
2305 2408
2306 2408
2307 2408
2308 2408
2309 2408
2310 2408
2311 2408
2312 2408
2313 2408
2314 2408
2315 2408
2316 2408
2317 2408
2318 2408
2319 2408
2320 2408
2321 2408
2322 2408
2323 2408
2324 2408
2325 2408
2326 2408
2327 2408
2328 2408
2329 2408
2330 2408
2331 2408
2332 2408
2333 2408
2334 2408
2335 2408
2336 2408
2337 2408
2338 2408
2339 2408
2340 2408
2341 2408
2342 2408
2343 2408
2344 2408
2345 2408
2346 2408
2347 2408
2348 2408
2349 2408
2350 2408
2351 2408
2352 2408
2353 2408
2354 2408
2355 2408
2356 2408
2357 2408
2358 2408
2359 2408
2360 2408
2361 2408
2362 2408
2363 2408
2364 2408
2365 2408
2366 2408
2367 2408
2368 2408
2369 2408
2370 2408
2371 2408
2372 2408
2373 2408
2374 2408
2375 2408
2376 2408
2377 2408
2378 2408
2379 2408
2380 2408
2381 2408
2382 2408
2383 2408
2384 2408
2385 2408
2386 2408
2387 2408
2388 2408
2389 2408
2390 2408
2391 2408
2392 2408
2393 2408
2394 2408
2395 2408
2396 2408
2397 2408
2398 2408
2399 2408
2400 2408
2401 2408
2402 2408
2403 2408
2404 2408
2405 2408
2406 2408
2407 2408
2408 2408
2409 2408
2410 2408
2411 2408
2412 2408
2413 2408
2414 2408
2415 2408
2416 2408
2417 2408
2418 2408
2419 2408
2420 2408
2421 2408
2422 2408
2423 2408
2424 2408
2425 2408
2426 2408
2427 2408
2428 2408
2429 2408
2430 2408
2431 2408
2432 2408
2433 2408
2434 2408
2435 2408
2436 2408
2437 2408
2438 2408
2439 2408
2440 2408
2441 2408
2442 2408
2443 2408
2444 2408
2445 2408
2446 2408
2447 2408
2448 2408
2449 2408
2450 2408
2451 2408
2452 2408
2453 2408
2454 2408
2455 2408
2456 2408
2457 2408
2458 2408
2459 2408
2460 2408
2461 2408
2462 2408
2463 2408
2464 2408
2465 2408
2466 2408
2467 2408
2468 2408
2469 2408
2470 2408
2471 2408
2472 2408
2473 2408
2474 2408
2475 2408
2476 2408
2477 2408
2478 2408
2479 2408
2480 2408
2481 2408
2482 2408
2483 2408
2484 2408
2485 2408
2486 2408
2487 2408
2488 2409
2489 2409
2490 2409
2491 2410
2492 2410
2493 2410
2494 2410
2495 2410
2496 2411
2497 2411
2498 2411
2499 2411
2500 2411
2501 2411
2502 2412
2503 2412
2504 2412
2505 2412
2506 2413
2507 2413
2508 2413
2509 2414
2510 2414
2511 2414
2512 2415
2513 2415
2514 2415
2515 2416
2516 2416
2517 2417
2518 2417
2519 2418
2520 2418
2521 2418
2522 2419
2523 2419
2524 2419
2525 2419
2526 2419
2527 2419
2528 2420
2529 2420
2530 2420
2531 2420
2532 2420
2533 2421
2534 2421
2535 2422
2536 2422
2537 2422
2538 2422
2539 2423
2540 2423
2541 2423
2542 2423
2543 2424
2544 2424
2545 2424
2546 2424
2547 2424
2548 2424
2549 2424
2550 2424
2551 2424
2552 2424
2553 2424
2554 2425
2555 2425
2556 2425
2557 2426
2558 2426
2559 2426
2560 2426
2561 2427
2562 2427
2563 2427
2564 2427
2565 2427
2566 2427
2567 2428
2568 2428
2569 2428
2570 2428
2571 2429
2572 2429
2573 2430
2574 2430
2575 2431
2576 2431
2577 2431
2578 2432
2579 2432
2580 2432
2581 2433
2582 2433
2583 2434
2584 2435
2585 2435
2586 2435
2587 2436
2588 2436
2589 2436
2590 2436
2591 2437
2592 2437
2593 2437
2594 2437
2595 2438
2596 2438
2597 2438
2598 2439
2599 2439
2600 2440
2601 2441
2602 2441
2603 2442
2604 2442
2605 2442
2606 2443
2607 2443
2608 2443
2609 2443
2610 2444
2611 2444
2612 2445
2613 2446
2614 2447
2615 2448
2616 2449
2617 2450
2618 2451
2619 2451
2620 2452
2621 2453
2622 2454
2623 2454
2624 2455
2625 2455
2626 2456
2627 2456
2628 2456
2629 2456
2630 2457
2631 2457
2632 2458
2633 2458
2634 2459
2635 2460
2636 2460
2637 2461
2638 2462
2639 2463
2640 2464
2641 2465
2642 2466
2643 2467
2644 2467
2645 2467
2646 2468
2647 2469
2648 2469
2649 2470
2650 2471
2651 2471
2652 2471
2653 2472
2654 2472
2655 2472
2656 2473
2657 2473
2658 2473
2659 2474
2660 2474
2661 2475
2662 2475
2663 2476
2664 2476
2665 2476
2666 2477
2667 2478
2668 2478
2669 2479
2670 2480
2671 2481
2671 2482
2672 2483
2673 2484
2674 2485
2675 2486
2676 2486
2677 2487
2678 2487
2679 2487
2680 2488
2681 2488
2682 2488
2683 2489
2684 2489
2685 2490
2686 2490
2687 2491
2688 2492
2689 2492
2690 2493
2691 2494
2692 2495
2693 2495
2694 2496
2695 2497
2696 2497
2697 2498
2698 2499
2699 2500
2700 2501
2701 2501
2702 2502
2703 2503
2704 2504
2705 2505
2706 2506
2707 2506
2708 2507
2709 2508
2710 2508
2711 2508
2712 2509
2713 2509
2714 2509
2715 2509
2716 2510
2717 2511
2718 2511
2719 2512
2720 2513
2721 2514
2722 2515
2723 2515
2724 2516
2725 2516
2726 2516
2727 2517
2728 2517
2729 2518
2730 2518
2731 2519
2732 2520
2733 2520
2734 2521
2735 2521
2736 2522
2737 2523
2738 2523
2739 2524
2740 2524
2741 2525
2742 2525
2743 2525
2744 2526
2745 2526
2746 2526
2747 2527
2748 2527
2749 2528
2750 2529
2751 2529
2752 2530
2753 2531
2754 2532
2755 2532
2756 2533
2757 2533
2758 2534
2759 2535
2760 2535
2761 2536
2762 2536
2763 2537
2764 2537
2765 2538
2766 2539
2767 2539
2768 2540
2769 2541
2770 2541
2771 2541
2772 2542
2773 2542
2774 2542
2775 2542
2776 2542
2777 2543
2778 2543
2779 2543
2780 2543
2781 2543
2782 2544
2783 2544
2784 2545
2785 2545
2786 2546
2787 2546
2788 2547
2789 2547
2790 2548
2791 2549
2792 2549
2793 2550
2794 2550
2795 2550
2796 2550
2797 2550
2798 2551
2799 2551
2800 2551
2801 2552
2802 2552
2803 2553
2804 2553
2805 2554
2806 2554
2807 2554
2808 2554
2809 2555
2810 2555
2811 2555
2812 2555
2813 2555
2814 2555
2815 2555
2816 2555
2817 2556
2818 2556
2819 2557
2820 2557
2821 2557
2822 2558
2823 2558
2824 2558
2825 2558
2826 2559
2827 2559
2828 2559
2829 2559
2830 2559
2831 2559
2832 2559
2833 2559
2834 2559
2835 2559
2836 2559
2837 2559
2838 2559
2839 2559
2840 2559
2841 2559
2842 2559
2843 2560
2844 2560
2845 2560
2846 2560
2847 2560
2848 2560
2849 2560
2850 2560
2851 2560
2852 2560
2853 2560
2854 2560
2855 2560
2856 2560
2857 2560
2858 2560
2859 2560
2860 2560
2861 2560
2862 2560
2863 2560
2864 2560
2865 2560
2866 2560
2867 2560
2868 2560
2869 2560
2870 2560
2871 2560
2872 2560
2873 2560
2874 2560
2875 2560
2876 2560
2877 2560
2878 2560
2879 2560
2880 2560
2881 2560
2882 2560
2883 2560
2884 2560
2885 2560
2886 2560
2887 2559
2888 2559
2889 2558
2890 2558
2891 2557
2892 2557
2893 2556
2894 2556
2895 2555
2896 2554
2896 2553
2897 2552
2898 2551
2899 2550
2900 2550
2901 2549
2902 2549
2903 2548
2904 2547
2905 2546
2906 2546
2907 2545
2908 2544
2909 2543
2910 2542
2911 2542
2912 2541
2913 2541
2914 2540
2915 2539
2916 2538
2917 2538
2918 2537
2919 2536
2920 2535
2921 2534
2922 2534
2923 2533
2924 2532
2925 2531
2926 2530
2927 2530
2928 2529
2929 2528
2930 2528
2931 2527
2932 2526
2933 2525
2934 2525
2935 2524
2936 2523
2937 2522
2938 2521
2939 2520
2940 2519
2941 2518
2941 2517
2942 2516
2942 2515
2943 2514
2944 2513
2945 2512
2946 2511
2946 2510
2946 2509
2947 2508
2947 2507
2948 2506
2949 2505
2949 2504
2950 2503
2950 2502
2951 2501
2952 2500
2953 2499
2953 2498
2954 2497
2954 2496
2955 2495
2955 2494
2955 2493
2956 2492
2956 2491
2957 2490
2957 2489
2958 2488
2958 2487
2959 2486
2959 2485
2959 2484
2959 2483
2959 2482
2960 2481
2960 2480
2960 2479
2960 2478
2960 2477
2960 2476
2960 2475
2960 2474
2960 2473
2960 2472
2961 2471
2961 2470
2962 2469
2962 2468
2962 2467
2963 2466
2963 2465
2963 2464
2963 2463
2963 2462
2964 2461
2964 2460
2965 2459
2965 2458
2966 2457
2966 2456
2967 2455
2967 2454
2968 2453
2968 2452
2969 2451
2970 2450
2970 2449
2971 2448
2971 2447
2971 2446
2971 2445
2971 2444
2972 2443
2972 2442
2972 2441
2973 2440
2974 2439
2974 2438
2975 2437
2975 2436
2976 2435
2976 2434
2976 2433
2976 2432
2976 2431
2976 2430
2976 2429
2976 2428
2976 2427
2976 2426
2977 2425
2978 2424
2979 2423
2979 2422
2980 2421
2980 2420
2980 2419
2980 2418
2981 2417
2981 2416
2982 2415
2983 2414
2984 2413
2985 2413
2986 2413
2987 2412
2988 2411
2989 2410
2990 2409
2991 2408
2991 2407
2992 2406
2993 2405
2994 2404
2995 2403
2996 2402
2997 2402
2998 2401
2999 2400
3000 2400
3001 2399
3002 2399
3003 2398
3004 2397
3005 2397
3006 2396
3007 2395
3008 2395
3009 2394
3010 2394
3011 2393
3012 2393
3013 2392
3014 2391
3015 2391
3016 2390
3017 2390
3018 2389
3018 2388
3019 2387
3020 2387
3021 2386
3022 2385
3023 2385
3024 2385
3025 2384
3026 2384
3027 2384
3028 2383
3029 2383
3030 2382
3031 2381
3032 2381
3033 2381
3034 2381
3035 2380
3036 2380
3037 2380
3038 2380
3039 2380
3040 2380
3041 2380
3042 2380
3043 2380
3044 2379
3045 2379
3046 2379
3047 2379
3048 2379
3049 2379
3050 2379
3051 2379
3052 2379
3053 2379
3054 2379
3055 2379
3056 2379
3057 2379
3058 2379
3059 2379
3060 2379
3061 2378
3062 2377
3063 2377
3064 2377
3065 2376
3066 2376
3067 2376
3068 2376
3069 2376
3070 2376
3071 2375
3072 2375
3073 2375
3074 2374
3075 2373
3076 2373
3077 2372
3078 2371
3079 2371
3080 2370
3081 2369
3082 2369
3083 2368
3084 2368
3085 2367
3086 2367
3087 2366
3088 2365
3089 2365
3090 2364
3091 2364
3092 2363
3093 2362
3094 2361
3095 2360
3096 2359
3096 2358
3097 2357
3097 2356
3098 2355
3098 2354
3098 2353
3099 2352
3099 2351
3099 2350
3099 2349
3099 2348
3099 2347
3100 2346
3100 2345
3101 2344
3101 2343
3102 2342
3102 2341
3102 2340
3103 2339
3104 2338
3105 2337
3106 2336
3106 2335
3106 2334
3107 2333
3107 2332
3107 2331
3107 2330
3107 2329
3108 2328
3108 2327
3109 2326
3109 2325
3110 2324
3110 2323
3110 2322
3111 2321
3111 2320
3111 2319
3111 2318
3111 2317
3111 2316
3111 2315
3111 2314
3112 2313
3112 2312
3112 2311
3112 2310
3113 2309
3113 2308
3114 2307
3114 2306
3114 2305
3114 2304
3115 2303
3115 2302
3115 2301
3115 2300
3115 2299
3115 2298
3115 2297
3115 2296
3116 2295
3116 2294
3116 2293
3116 2292
3116 2291
3116 2290
3116 2289
3116 2288
3116 2287
3116 2286
3116 2285
3116 2284
3116 2283
3116 2282
3116 2281
3116 2280
3116 2279
3116 2278
3116 2277
3116 2276
3116 2275
3116 2274
3116 2273
3116 2272
3116 2271
3116 2270
3116 2269
3116 2268
3116 2267
3116 2266
3116 2265
3116 2264
3116 2263
3116 2262
3116 2261
3116 2260
3116 2259
3116 2258
3116 2257
3116 2256
3116 2255
3116 2254
3116 2253
3116 2252
3116 2251
3116 2250
3115 2249
3115 2248
3114 2247
3114 2246
3113 2245
3113 2244
3112 2243
3112 2242
3111 2241
3111 2240
3110 2239
3110 2238
3109 2237
3109 2236
3108 2235
3107 2234
3107 2233
3106 2232
3106 2231
3105 2230
3104 2229
3103 2228
3102 2227
3102 2226
3101 2225
3100 2224
3099 2223
3098 2222
3098 2221
3097 2220
3097 2219
3096 2219
3095 2218
3095 2217
3094 2216
3093 2215
3093 2214
3092 2213
3091 2212
3090 2211
3090 2210
3089 2209
3088 2208
3087 2207
3087 2206
3086 2205
3085 2204
3084 2204
3083 2203
3082 2202
3081 2201
3081 2200
3080 2199
3079 2198
3079 2197
3078 2196
3077 2195
3077 2194
3076 2193
3076 2192
3075 2191
3074 2190
3073 2189
3073 2188
3072 2187
3071 2186
3070 2185
3069 2185
3068 2184
3067 2183
3066 2182
3065 2181
3064 2180
3063 2179
3062 2178
3061 2178
3060 2177
3059 2176
3058 2176
3057 2175
3056 2175
3055 2174
3054 2173
3053 2173
3052 2172
3051 2172
3050 2171
3049 2171
3048 2170
3047 2170
3046 2169
3045 2169
3044 2169
3043 2168
3042 2168
3041 2168
3040 2168
3039 2168
3038 2167
3037 2167
3036 2167
3035 2167
3034 2166
3033 2166
3032 2166
3031 2165
3030 2165
3029 2164
3028 2164
3027 2164
3026 2164
3025 2164
3024 2164
3023 2163
3022 2163
3021 2163
3020 2162
3019 2162
3018 2162
3017 2161
3016 2161
3015 2161
3014 2160
3013 2160
3012 2160
3011 2160
3010 2160
3009 2159
3008 2159
3007 2159
3006 2159
3005 2160
3005 2161
3004 2162
3004 2163
3003 2164
3003 2165
3002 2166
3001 2166
3000 2165
2999 2164
2998 2163
2997 2162
2996 2161
2995 2160
2994 2159
2993 2158
2992 2157
2991 2156
2990 2155
2989 2154
2988 2153
2987 2152
2986 2151
2985 2150
2984 2149
2983 2148
2982 2147
2982 2146
2981 2145
2981 2144
2980 2143
2980 2142
2979 2141
2978 2140
2978 2139
2978 2138
2977 2137
2976 2136
2975 2135
2975 2134
2974 2133
2974 2132
2974 2131
2973 2130
2973 2129
2973 2128
2973 2127
2973 2126
2973 2125
2973 2124
2973 2123
2973 2122
2973 2121
2972 2120
2972 2119
2972 2118
2971 2117
2971 2116
2970 2115
2970 2114
2969 2113
2969 2112
2969 2111
2969 2110
2969 2109
2969 2108
2969 2107
2969 2106
2968 2105
2968 2104
2967 2103
2966 2102
2965 2101
2964 2100
2963 2099
2963 2098
2962 2097
2962 2096
2961 2095
2960 2094
2959 2093
2959 2092
2958 2092
2957 2091
2956 2090
2955 2089
2954 2088
2953 2088
2952 2087
2951 2086
2950 2086
2949 2085
2948 2084
2947 2083
2946 2083
2945 2082
2944 2082
2943 2082
2942 2082
2941 2081
2940 2081
2939 2081
2938 2081
2937 2081
2936 2081
2935 2081
2934 2081
2933 2081
2932 2081
2931 2081
2930 2081
2929 2081
2928 2081
2927 2081
2926 2081
2925 2081
2924 2081
2923 2081
2922 2081
2921 2081
2920 2081
2919 2081
2918 2081
2917 2081
2916 2081
2915 2081
2914 2081
2913 2081
2912 2081
2911 2081
2910 2081
2909 2081
2908 2081
2907 2081
2906 2081
2905 2081
2904 2081
2903 2081
2902 2081
2901 2081
2900 2081
2899 2081
2898 2081
2897 2081
2896 2081
2895 2081
2894 2081
2893 2081
2892 2081
2891 2082
2890 2082
2889 2083
2888 2083
2887 2084
2886 2084
2885 2084
2884 2085
2883 2085
2882 2086
2881 2087
2880 2088
2879 2088
2878 2088
2877 2089
2876 2089
2875 2089
2874 2089
2873 2089
2872 2089
2871 2089
2870 2089
2869 2089
2868 2089
2867 2089
2866 2089
2865 2089
2864 2089
2863 2089
2862 2089
2861 2089
2860 2089
2859 2089
2858 2089
2857 2089
2856 2089
2855 2089
2854 2089
2853 2089
2852 2089
2851 2089
2850 2089
2849 2089
2848 2089
2847 2089
2846 2089
2845 2088
2844 2088
2843 2088
2842 2087
2841 2087
2840 2087
2839 2086
2838 2086
2837 2086
2836 2086
2835 2086
2834 2085
2833 2085
2832 2084
2831 2084
2830 2083
2829 2083
2828 2082
2827 2082
2826 2082
2825 2081
2824 2081
2823 2080
2822 2080
2821 2079
2820 2078
2819 2078
2818 2078
2817 2078
2816 2078
2815 2077
2814 2077
2813 2076
2812 2076
2811 2075
2810 2075
2809 2075
2808 2074
2807 2074
2806 2074
2805 2074
2804 2073
2803 2073
2802 2073
2801 2073
2800 2073
2799 2073
2798 2073
2797 2073
2796 2073
2795 2073
2794 2073
2793 2073
2792 2073
2791 2073
2790 2073
2789 2073
2788 2073
2787 2073
2786 2073
2785 2073
2784 2073
2783 2073
2782 2073
2781 2074
2780 2074
2779 2074
2778 2075
2777 2075
2776 2075
2775 2075
2774 2075
2773 2076
2772 2076
2771 2076
2770 2076
2769 2076
2768 2076
2767 2076
2766 2077
2765 2077
2764 2078
2763 2078
2762 2079
2761 2079
2760 2079
2759 2080
2758 2080
2757 2080
2756 2081
2755 2082
2754 2082
2753 2083
2752 2084
2751 2085
2750 2086
2749 2086
2748 2087
2748 2088
2747 2089
2746 2089
2745 2090
2744 2090
2743 2091
2742 2091
2741 2092
2740 2092
2739 2093
2738 2094
2737 2094
2736 2095
2735 2095
2734 2096
2733 2097
2732 2097
2731 2098
2730 2098
2729 2099
2728 2099
2727 2099
2726 2099
2725 2100
2724 2100
2723 2100
2722 2100
2721 2100
2720 2101
2719 2102
2718 2103
2717 2103
2716 2103
2715 2104
2714 2104
2713 2105
2712 2106
2711 2106
2710 2107
2709 2108
2708 2109
2707 2109
2706 2110
2705 2111
2704 2111
2703 2112
2702 2112
2701 2113
2700 2113
2699 2114
2698 2115
2697 2115
2696 2116
2695 2116
2694 2117
2693 2118
2692 2118
2691 2119
2690 2119
2689 2120
2688 2120
2687 2120
2686 2121
2685 2121
2684 2122
2683 2122
2682 2123
2681 2124
2680 2124
2679 2125
2678 2126
2677 2127
2676 2127
2675 2128
2674 2128
2673 2129
2672 2129
2671 2130
2670 2130
2669 2131
2668 2131
2667 2132
2666 2133
2665 2134
2664 2134
2663 2135
2662 2136
2661 2137
2660 2138
2659 2139
2658 2139
2657 2139
2656 2140
2655 2140
2654 2140
2653 2141
2652 2141
2651 2141
2650 2141
2649 2142
2648 2142
2647 2142
2646 2142
2645 2143
2644 2143
2643 2144
2642 2144
2641 2144
2640 2145
2639 2145
2638 2145
2637 2145
2636 2146
2635 2146
2634 2146
2633 2146
2632 2146
2631 2146
2630 2147
2629 2147
2628 2148
2627 2148
2626 2149
2625 2149
2624 2150
2623 2150
2622 2151
2621 2151
2620 2152
2619 2153
2618 2154
2617 2154
2616 2155
2615 2156
2614 2156
2613 2156
2612 2157
2611 2157
2610 2157
2609 2158
2608 2158
2607 2159
2606 2159
2605 2160
2604 2160
2603 2161
2602 2162
2601 2163
2600 2163
2599 2164
2598 2164
2597 2165
2596 2166
2595 2167
2594 2168
2593 2169
2592 2170
2591 2171
2590 2171
2589 2172
2588 2172
2587 2173
2586 2173
2585 2173
2584 2174
2583 2174
2583 2175
2582 2176
2581 2177
2580 2177
2579 2178
2578 2178
2577 2179
2576 2179
2575 2179
2574 2180
2573 2180
2572 2181
2571 2181
2570 2181
2569 2182
2568 2182
2567 2183
2566 2183
2565 2184
2564 2184
2563 2185
2562 2186
2561 2187
2560 2187
2559 2188
2558 2189
2557 2189
2556 2190
2555 2190
2554 2190
2553 2191
2552 2191
2551 2192
2550 2192
2549 2193
2548 2194
2547 2194
2546 2194
2545 2194
2544 2195
2543 2196
2542 2196
2541 2197
2540 2198
2539 2199
2538 2200
2537 2200
2536 2201
2535 2201
2535 2202
2534 2203
2533 2203
2532 2204
2531 2204
2530 2205
2529 2205
2528 2205
2527 2206
2526 2206
2525 2206
2524 2207
2523 2207
2522 2208
2521 2209
2520 2210
2519 2210
2518 2211
2517 2212
2516 2212
2515 2213
2514 2213
2513 2214
2512 2214
2511 2214
2510 2215
2509 2215
2508 2215
2507 2215
2506 2216
2505 2217
2504 2217
2503 2218
2502 2218
2501 2219
2500 2219
2500 2220
2499 2221
2498 2222
2497 2222
2496 2222
2495 2223
2494 2224
2493 2224
2492 2225
2491 2226
2490 2226
2489 2227
2488 2227
2487 2228
2486 2229
2485 2229
2484 2230
2483 2231
2482 2231
2481 2232
2480 2232
2479 2232
2478 2232
2477 2233
2476 2233
2475 2234
2474 2235
2473 2236
2472 2237
2471 2237
2470 2238
2469 2239
2468 2239
2467 2240
2466 2241
2465 2241
2464 2242
2463 2242
2462 2243
2461 2243
2460 2243
2459 2243
2458 2244
2457 2244
2456 2245
2455 2246
2454 2247
2453 2248
2452 2248
2451 2248
2450 2249
2449 2250
2448 2251
2447 2251
2446 2251
2445 2252
2444 2252
2443 2252
2442 2252
2441 2253
2440 2253
2439 2254
2438 2254
2437 2255
2436 2255
2435 2256
2434 2257
2433 2258
2432 2259
2431 2259
2430 2260
2429 2260
2428 2261
2427 2262
2426 2262
2425 2263
2424 2263
2423 2263
2422 2263
2421 2264
2420 2264
2419 2265
2418 2265
2417 2266
2416 2266
2415 2267
2414 2267
2413 2268
2412 2268
2411 2268
2410 2269
2409 2269
2408 2269
2407 2270
2406 2270
2405 2271
2404 2271
2403 2272
2402 2272
2401 2273
2400 2273
2399 2274
2398 2275
2397 2276
2396 2276
2395 2277
2394 2277
2393 2277
2392 2277
2391 2277
2390 2277
2389 2277
2388 2277
2387 2277
2386 2277
2385 2277
2384 2277
2383 2278
2382 2278
2381 2278
2380 2278
2379 2278
2378 2279
2377 2279
2376 2279
2375 2280
2374 2280
2373 2280
2372 2280
2371 2281
2370 2281
2369 2281
2368 2281
2367 2281
2366 2281
2365 2281
2364 2281
2363 2281
2362 2281
2361 2281
2360 2282
2359 2282
2358 2283
2357 2283
2356 2283
2355 2284
2354 2284
2353 2284
2352 2284
2351 2285
2350 2285
2349 2285
2348 2285
2347 2285
2346 2285
2345 2285
2344 2285
2343 2285
2342 2285
2341 2286
2340 2286
2339 2286
2338 2286
2337 2286
2336 2287
2335 2287
2334 2288
2333 2288
2332 2288
2331 2288
2330 2289
2329 2289
2328 2290
2327 2290
2326 2291
2325 2292
2324 2292
2323 2293
2322 2293
2321 2293
2320 2293
2319 2293
2318 2293
2317 2294
2316 2294
2315 2294
2314 2294
2313 2294
2312 2294
2311 2295
2310 2295
2309 2295
2308 2296
2307 2296
2306 2296
2305 2296
2304 2296
2303 2296
2302 2296
2301 2297
2300 2297
2299 2297
2298 2297
2297 2297
2296 2297
2295 2297
2294 2297
2293 2297
2292 2297
2291 2297
2290 2298
2289 2298
2288 2298
2287 2298
2286 2298
2285 2298
2284 2298
2283 2298
2282 2298
2281 2298
2280 2298
2279 2298
2278 2298
2277 2298
2276 2298
2275 2298
2274 2298
2273 2298
2272 2298
2271 2298
2270 2298
2269 2298
2268 2298
2267 2298
2266 2298
2265 2298
2264 2298
2263 2298
2262 2299
2261 2299
2260 2299
2259 2299
2258 2299
2257 2300
2256 2300
2255 2300
2254 2300
2253 2300
2252 2300
2251 2301
2250 2301
2249 2301
2248 2301
2247 2301
2246 2302
2245 2302
2244 2302
2243 2302
2242 2303
2241 2303
2240 2303
2239 2303
2238 2303
2237 2304
2236 2304
2235 2304
2234 2304
2233 2304
2232 2305
2231 2305
2230 2305
2229 2305
2228 2305
2227 2305
2226 2305
2225 2305
2224 2305
2223 2305
2222 2305
2221 2305
2220 2305
2219 2306
2218 2306
2217 2306
2216 2306
2215 2306
2214 2306
2213 2306
2212 2306
2211 2306
2210 2306
2209 2306
2208 2306
2207 2307
2206 2307
2205 2307
2204 2307
2203 2307
2202 2308
2201 2308
2200 2308
2199 2308
2198 2309
2197 2309
2196 2309
2195 2309
2194 2310
2193 2310
2192 2310
2191 2310
2190 2310
2189 2310
2188 2310
2187 2310
2186 2310
2185 2310
2184 2310
2183 2310
2182 2310
2181 2310
2180 2310
2179 2310
2178 2310
2177 2310
2176 2310
2175 2310
2174 2310
2173 2310
2172 2310
2171 2310
2170 2310
2169 2310
2168 2310
2167 2310
2166 2310
2165 2310
2164 2310
2163 2310
2162 2310
2161 2310
2160 2310
2159 2310
2158 2311
2157 2311
2156 2311
2155 2311
2154 2311
2153 2311
2152 2312
2151 2312
2150 2312
2149 2312
2148 2312
2147 2312
2146 2313
2145 2313
2144 2313
2143 2313
2142 2313
2141 2313
2140 2313
2139 2313
2138 2313
2137 2313
2136 2313
2135 2314
2134 2314
2133 2314
2132 2314
2131 2314
2130 2314
2129 2314
2128 2314
2127 2314
2126 2314
2125 2314
2124 2314
2123 2314
2122 2314
2121 2314
2120 2314
2119 2314
2118 2314
2117 2314
2116 2314
2115 2314
2114 2314
2113 2314
2112 2314
2111 2314
2110 2314
2109 2314
2108 2314
2107 2314
2106 2315
2105 2315
2104 2315
2103 2315
2102 2315
2101 2315
2100 2315
2099 2315
2098 2316
2097 2316
2096 2317
2095 2317
2094 2317
2093 2317
2092 2317
2091 2318
2090 2318
2089 2318
2088 2318
2087 2318
2086 2318
2085 2318
2084 2318
2083 2318
2082 2319
2081 2319
2080 2319
2079 2319
2078 2319
2077 2320
2076 2320
2075 2320
2074 2320
2073 2320
2072 2321
2071 2321
2070 2321
2069 2321
2068 2321
2067 2321
2066 2321
2065 2321
2064 2322
2063 2322
2062 2322
2061 2322
2060 2322
2059 2322
2058 2322
2057 2322
2056 2322
2055 2322
2054 2322
2053 2322
2052 2322
2051 2322
2050 2322
2049 2322
2048 2322
2047 2322
2046 2322
2045 2323
2044 2323
2043 2323
2042 2323
2041 2323
2040 2323
2039 2323
2038 2323
2037 2323
2036 2323
2035 2323
2034 2323
2033 2323
2032 2323
2031 2323
2030 2323
2029 2323
2028 2323
2027 2323
2026 2323
2025 2323
2024 2323
2023 2323
2022 2323
2021 2323
2020 2323
2019 2323
2018 2323
2017 2323
2016 2323
2015 2323
2014 2323
2013 2323
2012 2323
2011 2323
2010 2323
2009 2323
2008 2323
2007 2323
2006 2323
2005 2323
2004 2323
2003 2323
2002 2323
2001 2323
2000 2323
1999 2323
1998 2323
1997 2323
1996 2323
1995 2323
1994 2323
1993 2323
1992 2323
1991 2323
1990 2323
1989 2323
1988 2323
1987 2323
1986 2323
1985 2323
1984 2323
1983 2323
1982 2323
1981 2323
1980 2323
1979 2323
1978 2323
1977 2323
1976 2323
1975 2323
1974 2323
1973 2323
1972 2323
1971 2323
1970 2323
1969 2323
1968 2323
1967 2323
1966 2323
1965 2323
1964 2323
1963 2323
1962 2323
1961 2323
1960 2323
1959 2323
1958 2323
1957 2322
1956 2322
1955 2322
1954 2322
1953 2322
1952 2322
1951 2321
1950 2321
1949 2321
1948 2321
1947 2321
1946 2321
1945 2321
1944 2320
1943 2320
1942 2320
1941 2320
1940 2320
1939 2320
1938 2319
1937 2319
1936 2319
1935 2318
1934 2318
1933 2318
1932 2318
1931 2317
1930 2317
1929 2317
1928 2317
1927 2316
1926 2316
1925 2316
1924 2316
1923 2316
1922 2316
1921 2316
1920 2315
1919 2315
1918 2315
1917 2315
1916 2315
1915 2314
1914 2314
1913 2313
1912 2312
1911 2312
1910 2312
1909 2311
1908 2311
1907 2311
1906 2311
1905 2311
1904 2311
1903 2311
1902 2310
1901 2309
1900 2309
1899 2308
1898 2308
1897 2308
1896 2307
1895 2307
1894 2307
1893 2307
1892 2307
1891 2307
1890 2307
1889 2306
1888 2306
1887 2306
1886 2305
1885 2305
1884 2305
1883 2304
1882 2304
1881 2304
1880 2303
1879 2303
1878 2303
1877 2303
1876 2302
1875 2302
1874 2302
1873 2301
1872 2301
1871 2301
1870 2300
1869 2300
1868 2300
1867 2300
1866 2300
1865 2299
1864 2299
1863 2299
1862 2299
1861 2299
1860 2299
1859 2299
1858 2298
1857 2298
1856 2298
1855 2298
1854 2298
1853 2298
1852 2298
1851 2298
1850 2298
1849 2297
1848 2297
1847 2296
1846 2296
1845 2295
1844 2295
1843 2295
1842 2294
1841 2294
1840 2293
1839 2293
1838 2293
1837 2292
1836 2292
1835 2292
1834 2292
1833 2292
1832 2291
1831 2291
1830 2291
1829 2291
1828 2290
1827 2290
1826 2290
1825 2289
1824 2289
1823 2289
1822 2289
1821 2289
1820 2288
1819 2288
1818 2288
1817 2288
1816 2288
1815 2287
1814 2287
1813 2287
1812 2287
1811 2287
1810 2287
1809 2287
1808 2286
1807 2286
1806 2286
1805 2285
1804 2285
1803 2285
1802 2284
1801 2284
1800 2283
1799 2283
1798 2283
1797 2282
1796 2281
1795 2281
1794 2280
1793 2279
1792 2278
1792 2277
1791 2276
1790 2276
1789 2275
1788 2274
1787 2273
1786 2273
1785 2272
1784 2272
1783 2271
1782 2270
1781 2269
1780 2269
1779 2268
1778 2267
1778 2266
1777 2265
1776 2265
1775 2264
1774 2263
1773 2263
1772 2263
1771 2262
1770 2262
1769 2262
1768 2261
1767 2260
1766 2260
1765 2259
1764 2259
1763 2258
1762 2258
1761 2257
1760 2256
1759 2256
1758 2255
1757 2255
1756 2254
1755 2254
1754 2254
1753 2253
1752 2252
1751 2251
1750 2250
1749 2249
1748 2248
1747 2248
1746 2247
1745 2247
1744 2246
1743 2246
1742 2245
1741 2244
1740 2244
1739 2243
1738 2243
1737 2243
1736 2242
1735 2242
1734 2242
1733 2242
1732 2241
1731 2241
1730 2241
1729 2241
1728 2240
1727 2239
1726 2238
1725 2238
1724 2238
1723 2237
1722 2237
1721 2236
1720 2235
1719 2235
1718 2234
1717 2234
1716 2234
1715 2234
1714 2233
1713 2233
1712 2232
1711 2232
1710 2232
1709 2231
1708 2231
1707 2230
1706 2230
1705 2230
1704 2230
1703 2230
1702 2229
1701 2229
1700 2229
1699 2229
1698 2229
1697 2229
1696 2228
1695 2227
1694 2227
1693 2227
1692 2226
1691 2226
1690 2226
1689 2226
1688 2225
1687 2225
1686 2224
1685 2223
1684 2222
1683 2222
1682 2221
1681 2220
1680 2220
1679 2219
1678 2219
1677 2218
1676 2218
1675 2217
1674 2217
1673 2217
1672 2216
1671 2215
1670 2215
1669 2214
1668 2214
1667 2214
1666 2213
1665 2213
1664 2212
1663 2212
1662 2211
1661 2210
1660 2210
1659 2209
1658 2208
1657 2208
1656 2207
1655 2207
1654 2206
1653 2206
1652 2206
1651 2206
1650 2205
1649 2205
1648 2205
1647 2204
1646 2204
1645 2204
1644 2203
1643 2203
1642 2203
1641 2202
1640 2202
1639 2201
1638 2201
1637 2201
1636 2200
1635 2200
1634 2199
1633 2199
1632 2198
1631 2198
1630 2197
1629 2197
1628 2196
1627 2196
1626 2196
1625 2195
1624 2195
1623 2195
1622 2194
1621 2194
1620 2194
1619 2194
1618 2194
1617 2193
1616 2193
1615 2193
1614 2193
1613 2192
1612 2192
1611 2191
1610 2191
1609 2190
1608 2190
1607 2190
1606 2189
1605 2189
1604 2188
1603 2188
1602 2187
1601 2187
1600 2187
1599 2186
1598 2186
1597 2185
1596 2185
1595 2185
1594 2184
1593 2184
1592 2183
1591 2182
1590 2182
1589 2181
1588 2181
1587 2181
1586 2180
1585 2179
1584 2178
1583 2177
1582 2176
1581 2175
1580 2174
1579 2174
1578 2173
1577 2172
1576 2171
1575 2171
1574 2170
1573 2170
1572 2169
1571 2169
1570 2169
1569 2168
1568 2167
1567 2166
1566 2166
1565 2165
1564 2164
1563 2164
1562 2163
1561 2162
1560 2161
1559 2160
1558 2160
1557 2159
1557 2158
1556 2157
1555 2156
1554 2155
1553 2155
1552 2155
1551 2155
1550 2154
1550 2153
1550 2152
1550 2151
1550 2152
1549 2153
1548 2153
1547 2153
1546 2152
1545 2151
1545 2150
1545 2149
1546 2148
1546 2147
1545 2146
1544 2147
1543 2147
1542 2147
1541 2146
1540 2147
1539 2147
1538 2147
1537 2146
1537 2145
1536 2145
1535 2146
1534 2146
1533 2146
1532 2145
1532 2144
1532 2143
1532 2142
1532 2141
1532 2142
1532 2143
1531 2144
1530 2144
1529 2144
1528 2143
1528 2142
1528 2141
1528 2140
1528 2139
1528 2138
1527 2137
1526 2137
1525 2136
1525 2135
1524 2134
1524 2133
1523 2133
1522 2133
1521 2132
1520 2133
1519 2133
1518 2133
1517 2132
1516 2131
1515 2130
1514 2130
1513 2129
1513 2128
1512 2129
1511 2130
1510 2130
1509 2130
1508 2129
1508 2128
1508 2127
1507 2127
1506 2127
1505 2126
1504 2125
1504 2124
1503 2124
1502 2124
1501 2123
1500 2122
1500 2121
1500 2120
1499 2121
1498 2121
1497 2121
1496 2120
1496 2119
1496 2118
1496 2117
1496 2116
1496 2115
1495 2115
1494 2116
1493 2116
1492 2116
1491 2115
1490 2114
1490 2113
1490 2112
1489 2112
1488 2112
1487 2111
1487 2110
1487 2109
1487 2108
1486 2108
1485 2107
1484 2107
1483 2107
1482 2107
1481 2106
1480 2105
1480 2104
1480 2103
1479 2103
1478 2103
1477 2103
1476 2103
1475 2103
1474 2102
1473 2101
1473 2100
1472 2099
1471 2099
1470 2098
1469 2098
1468 2098
1467 2097
1466 2096
1466 2095
1465 2094
1464 2094
1463 2093
1462 2093
1461 2093
1460 2093
1459 2092
1458 2091
1457 2090
1456 2090
1455 2089
1454 2088
1453 2087
1452 2087
1451 2086
1450 2085
1449 2084
1448 2084
1447 2083
1446 2083
1445 2083
1444 2082
1443 2081
1442 2081
1441 2080
1440 2079
1439 2078
1438 2077
1437 2076
1436 2075
1435 2074
1434 2073
1433 2072
1432 2071
1431 2070
1431 2069
1430 2069
1429 2068
1429 2067
1428 2066
1427 2065
1426 2064
1425 2063
1424 2062
1423 2061
1422 2060
1422 2059
1421 2058
1420 2057
1420 2056
1419 2055
1418 2054
1417 2053
1416 2052
1415 2051
1414 2050
1414 2049
1413 2048
1412 2047
1411 2046
1410 2045
1409 2045
1408 2044
1407 2043
1406 2042
1405 2041
1404 2040
1403 2039
1403 2038
1402 2037
1401 2036
1400 2035
1399 2034
1398 2033
1397 2032
1396 2031
1396 2030
1395 2029
1394 2028
1394 2027
1393 2026
1392 2025
1392 2024
1391 2023
1391 2022
1390 2021
1390 2020
1389 2019
1388 2018
1388 2017
1387 2016
1387 2015
1386 2014
1385 2013
1385 2012
1384 2011
1383 2010
1383 2009
1382 2008
1381 2008
1380 2007
1379 2006
1379 2005
1378 2004
1377 2003
1376 2002
1376 2001
1375 2000
1375 1999
1374 1998
1373 1997
1373 1996
1372 1995
1371 1994
1370 1993
1369 1992
1368 1991
1368 1990
1367 1989
1366 1988
1365 1987
1364 1986
1363 1985
1362 1984
1361 1983
1361 1982
1360 1981
1359 1980
1359 1979
1358 1978
1358 1977
1357 1976
1356 1976
1355 1975
1354 1975
