3845 1871
3844 1872
3843 1872
3842 1872
3841 1872
3840 1872
3839 1872
3838 1873
3837 1873
3836 1873
3835 1874
3834 1874
3833 1874
3832 1875
3831 1875
3830 1875
3829 1875
3828 1875
3827 1876
3826 1876
3825 1876
3824 1876
3823 1876
3822 1876
3821 1877
3820 1877
3819 1877
3818 1877
3817 1877
3816 1877
3815 1877
3814 1877
3813 1877
3812 1877
3811 1877
3810 1878
3809 1878
3808 1878
3807 1878
3806 1878
3805 1879
3804 1879
3803 1879
3802 1879
3801 1880
3800 1880
3799 1880
3798 1881
3797 1881
3796 1882
3795 1882
3794 1882
3793 1883
3792 1883
3791 1883
3790 1883
3789 1883
3788 1884
3787 1884
3786 1884
3785 1884
3784 1884
3783 1884
3782 1885
3781 1885
3780 1885
3779 1885
3778 1885
3777 1885
3776 1885
3775 1885
3774 1885
3773 1885
3772 1885
3771 1886
3770 1886
3769 1886
3768 1886
3767 1886
3766 1887
3765 1887
3764 1887
3763 1887
3762 1888
3761 1888
3760 1888
3759 1889
3758 1889
3757 1889
3756 1889
3755 1890
3754 1890
3753 1890
3752 1891
3751 1891
3750 1891
3749 1891
3748 1891
3747 1891
3746 1892
3745 1892
3744 1892
3743 1893
3742 1893
3741 1893
3740 1893
3739 1894
3738 1894
3737 1894
3736 1895
3735 1895
3734 1895
3733 1895
3732 1896
3731 1896
3730 1896
3729 1897
3728 1897
3727 1897
3726 1897
3725 1898
3724 1898
3723 1898
3722 1898
3721 1899
3720 1899
3719 1900
3718 1900
3717 1900
3716 1901
3715 1901
3714 1902
3713 1902
3712 1902
3711 1903
3710 1903
3709 1904
3708 1904
3707 1904
3706 1905
3705 1905
3704 1906
3703 1906
3702 1906
3701 1907
3700 1907
3699 1907
3698 1907
3697 1907
3696 1908
3695 1908
3694 1908
3693 1908
3692 1908
3691 1909
3690 1909
3689 1909
3688 1909
3687 1909
3686 1909
3685 1910
3684 1910
3683 1910
3682 1911
3681 1911
3680 1911
3679 1911
3678 1912
3677 1912
3676 1913
3675 1913
3674 1913
3673 1914
3672 1914
3671 1914
3670 1915
3669 1915
3668 1915
3667 1915
3666 1915
3665 1916
3664 1916
3663 1916
3662 1916
3661 1916
3660 1916
3659 1916
3658 1917
3657 1917
3656 1917
3655 1917
3654 1917
3653 1917
3652 1917
3651 1918
3650 1918
3649 1919
3648 1919
3647 1919
3646 1920
3645 1920
3644 1920
3643 1921
3642 1921
3641 1921
3640 1922
3639 1922
3638 1922
3637 1922
3636 1923
3635 1923
3634 1923
3633 1923
3632 1923
3631 1924
3630 1924
3629 1924
3628 1924
3627 1924
3626 1924
3625 1924
3624 1925
3623 1925
3622 1925
3621 1925
3620 1925
3619 1925
3618 1925
3617 1925
3616 1925
3615 1925
3614 1925
3613 1925
3612 1926
3611 1926
3610 1926
3609 1926
3608 1926
3607 1926
3606 1926
3605 1926
3604 1926
3603 1926
3602 1926
3601 1926
3600 1926
3599 1926
3598 1926
3597 1926
3596 1926
3595 1926
3594 1926
3593 1926
3592 1926
3591 1926
3590 1926
3589 1926
3588 1926
3587 1926
3586 1926
3585 1926
3584 1926
3583 1926
3582 1926
3581 1926
3580 1926
3579 1926
3578 1926
3577 1926
3576 1926
3575 1926
3574 1926
3573 1926
3572 1926
3571 1926
3570 1926
3569 1926
3568 1926
3567 1926
3566 1926
3565 1926
3564 1926
3563 1927
3562 1927
3561 1927
3560 1927
3559 1927
3558 1927
3557 1927
3556 1927
3555 1927
3554 1927
3553 1927
3552 1927
3551 1927
3550 1927
3549 1927
3548 1927
3547 1927
3546 1927
3545 1927
3544 1927
3543 1927
3542 1927
3541 1927
3540 1927
3539 1927
3538 1927
3537 1927
3536 1927
3535 1927
3534 1927
3533 1927
3532 1927
3531 1928
3530 1928
3529 1928
3528 1929
3527 1929
3526 1929
3525 1930
3524 1930
3523 1930
3522 1930
3521 1931
3520 1931
3519 1931
3518 1931
3517 1931
3516 1932
3515 1932
3514 1932
3513 1932
3512 1932
3511 1932
3510 1932
3509 1932
3508 1933
3507 1933
3506 1933
3505 1933
3504 1933
3503 1933
3502 1933
3501 1933
3500 1933
3499 1933
3498 1933
3497 1933
3496 1934
3495 1934
3494 1934
3493 1934
3492 1934
3491 1934
3490 1934
3489 1934
3488 1934
3487 1935
3486 1935
3485 1935
3484 1935
3483 1936
3482 1936
3481 1936
3480 1937
3479 1937
3478 1937
3477 1938
3476 1938
3475 1938
3474 1939
3473 1939
3472 1939
3471 1939
3470 1940
3469 1940
3468 1940
3467 1940
3466 1940
3465 1941
3464 1941
3463 1941
3462 1941
3461 1941
3460 1941
3459 1941
3458 1941
3457 1941
3456 1941
3455 1942
3454 1942
3453 1942
3452 1942
3451 1943
3450 1943
3449 1943
3448 1943
3447 1944
3446 1944
3445 1944
3444 1945
3443 1945
3442 1946
3441 1946
3440 1946
3439 1946
3438 1947
3437 1947
3436 1947
3435 1947
3434 1948
3433 1948
3432 1948
3431 1948
3430 1948
3429 1948
3428 1948
3427 1949
3426 1949
3425 1949
3424 1949
3423 1950
3422 1950
3421 1951
3420 1951
3419 1952
3418 1952
3417 1953
3416 1953
3415 1954
3414 1954
3413 1955
3412 1955
3411 1956
3410 1957
3409 1958
3408 1959
3407 1959
3406 1960
3405 1961
3404 1961
3403 1961
3402 1962
3401 1962
3400 1962
3399 1963
3398 1963
3397 1963
3396 1963
3395 1964
3394 1964
3393 1964
3392 1964
3391 1964
3390 1965
3389 1965
3388 1965
3387 1966
3386 1966
3385 1966
3384 1966
3383 1967
3382 1967
3381 1967
3380 1967
3379 1968
3378 1968
3377 1968
3376 1969
3375 1969
3374 1969
3373 1970
3372 1970
3371 1970
3370 1971
3369 1971
3368 1971
3367 1971
3366 1971
3365 1972
3364 1972
3363 1972
3362 1972
3361 1972
3360 1972
3359 1972
3358 1972
3357 1973
3356 1973
3355 1973
3354 1973
3353 1973
3352 1973
3351 1973
3350 1973
3349 1973
3348 1973
3347 1974
3346 1974
3345 1974
3344 1975
3343 1975
3342 1975
3341 1976
3340 1976
3339 1977
3338 1977
3337 1977
3336 1977
3335 1978
3334 1978
3333 1978
3332 1978
3331 1978
3330 1979
3329 1979
3328 1979
3327 1979
3326 1979
3325 1979
3324 1980
3323 1980
3322 1980
3321 1980
3320 1980
3319 1980
3318 1980
3317 1981
3316 1981
3315 1981
3314 1982
3313 1982
3312 1982
3311 1983
3310 1983
3309 1983
3308 1983
3307 1984
3306 1984
3305 1984
3304 1985
3303 1985
3302 1985
3301 1986
3300 1986
3299 1986
3298 1986
3297 1987
3296 1987
3295 1987
3294 1988
3293 1988
3292 1988
3291 1989
3290 1989
3289 1990
3288 1990
3287 1990
3286 1991
3285 1991
3284 1992
3283 1992
3282 1992
3281 1993
3280 1993
3279 1994
3278 1994
3277 1994
3276 1995
3275 1995
3274 1995
3273 1995
3272 1996
3271 1996
3270 1996
3269 1996
3268 1996
3267 1996
3266 1996
3265 1997
3264 1997
3263 1997
3262 1997
3261 1997
3260 1997
3259 1997
3258 1997
3257 1997
3256 1998
3255 1998
3254 1998
3253 1998
3252 1999
3251 1999
3250 1999
3249 2000
3248 2000
3247 2001
3246 2001
3245 2001
3244 2002
3243 2002
3242 2002
3241 2003
3240 2003
3239 2003
3238 2003
3237 2003
3236 2004
3235 2004
3234 2004
3233 2004
3232 2004
3231 2004
3230 2004
3229 2005
3228 2005
3227 2005
3226 2005
3225 2005
3224 2005
3223 2005
3222 2005
3221 2005
3220 2005
3219 2005
3218 2006
3217 2006
3216 2006
3215 2006
3214 2006
3213 2006
3212 2007
3211 2007
3210 2008
3209 2008
3208 2008
3207 2009
3206 2009
3205 2009
3204 2010
3203 2010
3202 2010
3201 2011
3200 2011
3199 2011
3198 2011
3197 2011
3196 2011
3195 2012
3194 2012
3193 2012
3192 2012
3191 2012
3190 2012
3189 2012
3188 2013
3187 2013
3186 2013
3185 2013
3184 2013
3183 2013
3182 2013
3181 2013
3180 2013
3179 2013
3178 2013
3177 2013
3176 2014
3175 2014
3174 2014
3173 2014
3172 2015
3171 2015
3170 2015
3169 2015
3168 2016
3167 2016
3166 2016
3165 2017
3164 2017
3163 2018
3162 2018
3161 2018
3160 2019
3159 2019
3158 2019
3157 2019
3156 2020
3155 2020
3154 2020
3153 2020
3152 2021
3151 2021
3150 2021
3149 2021
3148 2021
3147 2021
3146 2021
3145 2021
3144 2021
3143 2021
3142 2021
3141 2022
3140 2022
3139 2022
3138 2022
3137 2022
3136 2022
3135 2022
3134 2022
3133 2022
3132 2022
3131 2022
3130 2022
3129 2022
3128 2022
3127 2022
3126 2022
3125 2022
3124 2022
3123 2022
3122 2022
3121 2022
3120 2022
3119 2022
3118 2022
3117 2022
3116 2022
3115 2022
3114 2022
3113 2022
3112 2022
3111 2022
3110 2022
3109 2022
3108 2022
3107 2022
3106 2022
3105 2022
3104 2022
3103 2022
3102 2022
3101 2022
3100 2022
3099 2022
3098 2022
3097 2022
3096 2022
3095 2022
3094 2022
3093 2022
3092 2022
3091 2022
3090 2022
3089 2022
3088 2022
3087 2022
3086 2022
3085 2022
3084 2022
3083 2022
3082 2022
3081 2022
3080 2022
3079 2022
3078 2022
3077 2022
3076 2022
3075 2022
3074 2022
3073 2022
3072 2022
3071 2022
3070 2022
3069 2022
3068 2022
3067 2022
3066 2022
3065 2022
3064 2022
3063 2022
3062 2022
3061 2022
3060 2022
3059 2023
3058 2024
3057 2024
3056 2025
3055 2026
3054 2026
3053 2026
3052 2027
3051 2027
3050 2027
3049 2028
3048 2029
3047 2030
3046 2031
3045 2031
3044 2032
3043 2033
3042 2033
3041 2034
3040 2034
3039 2035
3038 2035
3037 2036
3036 2036
3035 2036
3034 2036
3033 2036
3032 2036
3031 2037
3030 2037
3029 2037
3028 2037
3027 2037
3026 2037
3025 2037
3024 2037
3023 2037
3022 2037
3021 2038
3020 2038
3019 2038
3018 2038
3017 2038
3016 2038
3015 2038
3014 2038
3013 2038
3012 2038
3011 2038
3010 2038
3009 2038
3008 2038
3007 2038
3006 2038
3005 2038
3004 2038
3003 2038
3002 2038
3001 2038
3000 2038
2999 2038
2998 2038
2997 2038
2996 2038
2995 2038
2994 2038
2993 2038
2992 2038
2991 2038
2990 2038
2989 2038
2988 2038
2987 2038
2986 2038
2985 2038
2984 2038
2983 2038
2982 2038
2981 2038
2980 2038
2979 2037
2978 2037
2977 2037
2976 2036
2975 2035
2974 2035
2973 2035
2972 2034
2971 2034
2970 2034
2969 2033
2968 2033
2967 2033
2966 2033
2965 2033
2964 2032
2963 2032
2962 2032
2961 2032
2960 2032
2959 2032
2958 2032
2957 2032
2956 2032
2955 2032
2954 2031
2953 2031
2952 2031
2951 2030
2950 2030
2949 2029
2948 2029
2947 2028
2946 2028
2945 2027
2944 2027
2943 2026
2942 2026
2941 2025
2940 2025
2939 2024
2938 2024
2938 2025
2938 2026
2937 2027
2936 2028
2935 2029
2934 2030
2934 2031
2933 2032
2933 2033
2932 2034
2932 2035
2931 2036
2931 2037
2930 2038
2929 2039
2928 2040
2927 2041
2926 2041
2925 2042
2924 2043
2923 2043
2922 2043
2921 2044
2920 2044
2919 2044
2918 2044
2917 2045
2916 2045
2915 2045
2914 2046
2913 2046
2912 2047
2911 2047
2910 2048
2909 2048
2908 2049
2907 2049
2906 2049
2905 2050
2904 2050
2903 2050
2902 2051
2901 2051
2900 2051
2899 2051
2898 2051
2897 2052
2896 2052
2895 2052
2894 2052
2893 2052
2892 2052
2891 2053
2890 2053
2889 2053
2888 2053
2887 2053
2886 2053
2885 2053
2884 2053
2883 2053
2882 2053
2881 2053
2880 2054
2879 2054
2878 2054
2877 2054
2876 2054
2875 2055
2874 2055
2873 2055
2872 2055
2871 2056
2870 2056
2869 2057
2868 2057
2867 2057
2866 2058
2865 2058
2864 2058
2863 2059
2862 2059
2861 2059
2860 2060
2859 2060
2858 2060
2857 2060
2856 2060
2855 2061
2854 2061
2853 2061
2852 2061
2851 2062
2850 2062
2849 2063
2848 2063
2847 2064
2846 2065
2845 2065
2844 2066
2843 2066
2842 2066
2841 2067
2840 2067
2839 2067
2838 2067
2837 2067
2836 2068
2835 2068
2834 2068
2833 2068
2832 2068
2831 2068
2830 2069
2829 2069
2828 2069
2827 2069
2826 2069
2825 2069
2824 2069
2823 2069
2822 2070
2821 2070
2820 2071
2819 2071
2818 2072
2817 2073
2816 2073
2815 2073
2814 2074
2813 2074
2812 2075
2811 2075
2810 2075
2809 2075
2808 2076
2807 2076
2806 2076
2805 2076
2804 2076
2803 2076
2802 2077
2801 2077
2800 2077
2799 2077
2798 2077
2797 2077
2796 2077
2795 2077
2794 2077
2793 2077
2792 2078
2791 2078
2790 2078
2789 2078
2788 2078
2787 2078
2786 2078
2785 2078
2784 2078
2783 2078
2782 2078
2781 2078
2780 2078
2779 2078
2778 2078
2777 2078
2776 2078
2775 2078
2774 2078
2773 2078
2772 2078
2771 2078
2770 2078
2769 2078
2768 2078
2767 2078
2766 2078
2765 2078
2764 2078
2763 2078
2762 2078
2761 2078
2760 2078
2759 2078
2758 2078
2757 2078
2756 2078
2755 2078
2754 2078
2753 2078
2752 2078
2751 2078
2750 2078
2749 2078
2748 2078
2747 2078
2746 2078
2745 2078
2744 2078
2743 2078
2742 2078
2741 2078
2740 2078
2739 2078
2738 2078
2737 2078
2736 2078
2735 2078
2734 2078
2733 2078
2732 2078
2731 2078
2730 2078
2729 2078
2728 2078
2727 2078
2726 2078
2725 2078
2724 2078
2723 2078
2722 2078
2721 2078
2720 2078
2719 2078
2718 2078
2717 2078
2716 2078
2715 2078
2714 2078
2713 2078
2712 2078
2711 2078
2710 2078
2709 2078
2708 2078
2707 2078
2706 2078
2705 2078
2704 2078
2703 2078
2702 2078
2701 2078
2700 2078
2699 2078
2698 2078
2697 2078
2696 2078
2695 2078
2694 2078
2693 2078
2692 2078
2691 2078
2690 2078
2689 2078
2688 2078
2687 2078
2686 2078
2685 2078
2684 2078
2683 2078
2682 2078
2681 2078
2680 2078
2679 2078
2678 2078
2677 2078
2676 2078
2675 2078
2674 2078
2673 2078
2672 2078
2671 2078
2670 2078
2669 2078
2668 2078
2667 2078
2666 2078
2665 2078
2664 2078
2663 2078
2662 2078
2661 2078
2660 2078
2659 2078
2658 2078
2657 2078
2656 2078
2655 2078
2654 2078
2653 2078
2652 2078
2651 2078
2650 2078
2649 2078
2648 2078
2647 2078
2646 2078
2645 2078
2644 2078
2643 2078
2642 2078
2641 2078
2640 2078
2639 2078
2638 2078
2637 2078
2636 2078
2635 2078
2634 2078
2633 2078
2632 2078
2631 2078
2630 2078
2629 2078
2628 2078
2627 2078
2626 2078
2625 2078
2624 2078
2623 2078
2622 2078
2621 2078
2620 2078
2619 2078
2618 2078
2617 2078
2616 2078
2615 2078
2614 2078
2613 2078
2612 2078
2611 2078
2610 2078
2609 2078
2608 2078
2607 2078
2606 2078
2605 2078
2604 2078
2603 2078
2602 2078
2601 2078
2600 2078
2599 2078
2598 2079
2597 2079
2596 2079
2595 2079
2594 2079
2593 2080
2592 2080
2591 2080
2590 2081
2589 2081
2588 2081
2587 2082
2586 2082
2585 2083
2584 2083
2583 2083
2582 2084
2581 2084
2580 2084
2579 2084
2578 2084
2577 2085
2576 2085
2575 2085
2574 2085
2573 2085
2572 2085
2571 2085
2570 2085
2569 2085
2568 2085
2567 2086
2566 2086
2565 2086
2564 2086
2563 2086
2562 2086
2561 2086
2560 2086
2559 2086
2558 2087
2557 2087
2556 2087
2555 2088
2554 2088
2553 2088
2552 2089
2551 2089
2550 2089
2549 2089
2548 2090
2547 2090
2546 2090
2545 2091
2544 2091
2543 2091
2542 2091
2541 2091
2540 2092
2539 2092
2538 2092
2537 2092
2536 2092
2535 2092
2534 2093
2533 2093
2532 2093
2531 2093
2530 2093
2529 2093
2528 2093
2527 2093
2526 2093
2525 2093
2524 2093
2523 2093
2522 2094
2521 2094
2520 2094
2519 2094
2518 2094
2517 2094
2516 2094
2515 2094
2514 2094
2513 2094
2512 2094
2511 2094
2510 2094
2509 2094
2508 2094
2507 2094
2506 2094
2505 2094
2504 2094
2503 2094
2502 2094
2501 2094
2500 2094
2499 2094
2498 2094
2497 2094
2496 2094
2495 2094
2494 2094
2493 2094
2492 2094
2491 2094
2490 2094
2489 2094
2488 2094
2487 2094
2486 2094
2485 2094
2484 2094
2483 2094
2482 2094
2481 2094
2480 2094
2479 2094
2478 2094
2477 2094
2476 2094
2475 2094
2474 2094
2473 2094
2472 2094
2471 2094
2470 2094
2469 2094
2468 2094
2467 2094
2466 2094
2465 2094
2464 2094
2463 2094
2462 2094
2461 2094
2460 2094
2459 2094
2458 2094
2457 2094
2456 2094
2455 2094
2454 2094
2453 2094
2452 2094
2451 2094
2450 2094
2449 2094
2448 2094
2447 2094
2446 2094
2445 2094
2444 2094
2443 2094
2442 2094
2441 2094
2440 2094
2439 2094
2438 2094
2437 2095
2436 2095
2435 2095
2434 2095
2433 2096
2432 2097
2431 2097
2430 2098
2429 2099
2428 2100
2427 2100
2426 2101
2425 2102
2424 2103
2423 2104
2422 2105
2421 2106
2421 2107
2420 2108
2420 2109
2419 2110
2418 2111
2417 2112
2416 2113
2415 2113
2414 2114
2413 2114
2412 2114
2411 2115
2410 2115
2409 2115
2408 2116
2407 2116
2406 2116
2405 2116
2404 2117
2403 2117
2402 2118
2401 2118
2400 2119
2399 2119
2398 2120
2397 2120
2396 2121
2395 2122
2394 2122
2393 2122
2392 2123
2391 2123
2390 2124
2389 2125
2388 2125
2387 2126
2386 2126
2385 2127
2384 2127
2383 2128
2382 2128
2381 2129
2380 2129
2379 2129
2378 2130
2377 2130
2376 2130
2375 2131
2374 2131
2373 2131
2372 2131
2371 2131
2370 2132
2369 2132
2368 2132
2367 2132
2366 2132
2365 2133
2364 2133
2363 2133
2362 2133
2361 2133
2360 2133
2359 2133
2358 2133
2357 2133
2356 2133
2355 2134
2354 2134
2353 2134
2352 2134
2351 2134
2350 2134
2349 2134
2348 2134
2347 2134
2346 2134
2345 2135
2344 2135
2343 2135
2342 2136
2341 2136
2340 2136
2339 2137
2338 2137
2337 2138
2336 2138
2335 2138
2334 2139
2333 2139
2332 2139
2331 2140
2330 2140
2329 2140
2328 2140
2327 2141
2326 2141
2325 2141
2324 2141
2323 2141
2322 2141
2321 2141
2320 2141
2319 2142
2318 2142
2317 2143
2316 2143
2315 2144
2314 2144
2313 2145
2312 2145
2311 2146
2310 2146
2309 2146
2308 2147
2307 2147
2306 2147
2305 2148
2304 2149
2303 2149
2302 2150
2301 2151
2300 2151
2299 2152
2298 2152
2297 2153
2296 2153
2295 2154
2294 2154
2293 2155
2292 2155
2291 2155
2290 2155
2289 2156
2288 2156
2287 2156
2286 2157
2285 2157
2284 2157
2283 2158
2282 2158
2281 2159
2280 2159
2279 2160
2278 2160
2277 2161
2276 2161
2275 2162
2274 2162
2273 2163
2272 2163
2271 2163
2270 2163
2269 2164
2268 2164
2267 2164
2266 2164
2265 2164
2264 2164
2263 2165
2262 2165
2261 2165
2260 2165
2259 2165
2258 2165
2257 2165
2256 2165
2255 2165
2254 2165
2253 2165
2252 2165
2251 2165
2250 2165
2249 2166
2248 2166
2247 2166
2246 2166
2245 2166
2244 2166
2243 2166
2242 2166
2241 2166
2240 2166
2239 2166
2238 2166
2237 2166
2236 2166
2235 2166
2234 2166
2233 2166
2232 2166
2231 2166
2230 2166
2229 2166
2228 2166
2227 2166
2226 2166
2225 2166
2224 2166
2223 2166
2222 2166
2221 2166
2220 2165
2219 2165
2218 2165
2217 2165
2216 2165
2215 2164
2214 2164
2213 2164
2212 2163
2211 2163
2210 2162
2209 2162
2208 2162
2207 2161
2206 2161
2205 2161
2204 2161
2203 2160
2202 2160
2201 2160
2200 2160
2199 2160
2198 2160
2197 2160
2196 2160
2195 2160
2194 2159
2193 2159
2192 2159
2191 2159
2190 2159
2189 2159
2188 2159
2187 2159
2186 2159
2185 2159
2184 2159
2183 2159
2182 2159
2181 2159
2180 2159
2179 2159
2178 2159
2177 2159
2176 2159
2175 2159
2174 2159
2173 2159
2172 2159
2171 2159
2170 2159
2169 2158
2168 2158
2167 2158
2166 2158
2165 2158
2164 2158
2163 2158
2162 2158
2161 2158
2160 2158
2159 2158
2158 2158
2157 2158
2156 2158
2155 2158
2154 2158
2153 2158
2152 2158
2151 2158
2150 2158
2149 2158
2148 2158
2147 2158
2146 2158
2145 2158
2144 2158
2143 2158
2142 2158
2141 2158
2140 2158
2139 2158
2138 2158
2137 2158
2136 2158
2135 2158
2134 2158
2133 2158
2132 2158
2131 2158
2130 2158
2129 2158
2128 2158
2127 2158
2126 2158
2125 2158
2124 2158
2123 2158
2122 2158
2121 2158
2120 2158
2119 2158
2118 2158
2117 2158
2116 2158
2115 2158
2114 2158
2113 2158
2112 2158
2111 2158
2110 2158
2109 2158
2108 2158
2107 2158
2106 2158
2105 2158
2104 2158
2103 2158
2102 2158
2101 2158
2100 2158
2099 2158
2098 2158
2097 2158
2096 2158
2095 2158
2094 2158
2093 2158
2092 2158
2091 2158
2090 2158
2089 2158
2088 2158
2087 2158
2086 2158
2085 2158
2084 2158
2083 2158
2082 2158
2081 2158
2080 2158
2079 2158
2078 2158
2077 2158
2076 2158
2075 2158
2074 2158
2073 2158
2072 2158
2071 2158
2070 2158
2069 2158
2068 2158
2067 2158
2066 2158
2065 2158
2064 2158
2063 2158
2062 2158
2061 2158
2060 2158
2059 2158
2058 2158
2057 2158
2056 2158
2055 2158
2054 2158
2053 2159
2052 2159
2051 2159
2050 2159
2049 2159
2048 2160
2047 2160
2046 2160
2045 2161
2044 2161
2043 2161
2042 2162
2041 2162
2040 2162
2039 2163
2038 2163
2037 2163
2036 2164
2035 2164
2034 2165
2033 2165
2032 2165
2031 2166
2030 2166
2029 2167
2028 2167
2027 2168
2026 2168
2025 2169
2024 2169
2023 2170
2022 2170
2021 2170
2020 2171
2019 2171
2018 2171
2017 2171
2016 2172
2015 2172
2014 2172
2013 2172
2012 2173
2011 2173
2010 2173
2009 2173
2008 2173
2007 2173
2006 2173
2005 2173
2004 2173
2003 2173
2002 2174
2001 2174
2000 2174
1999 2174
1998 2174
1997 2174
1996 2174
1995 2174
1994 2174
1993 2174
1992 2174
1991 2174
1990 2174
1989 2174
1988 2174
1987 2174
1986 2174
1985 2174
1984 2174
1983 2174
1982 2174
1981 2174
1980 2174
1979 2174
1978 2174
1977 2174
1976 2174
1975 2174
1974 2174
1973 2174
1972 2174
1971 2174
1970 2174
1969 2174
1968 2174
1967 2174
1966 2174
1965 2174
1964 2174
1963 2174
1962 2174
1961 2174
1960 2174
1959 2174
1958 2174
1957 2174
1956 2174
1955 2174
1954 2174
1953 2174
1952 2174
1951 2174
1950 2174
1949 2174
1948 2174
1947 2174
1946 2174
1945 2174
1944 2174
1943 2174
1942 2174
1941 2174
1940 2174
1939 2174
1938 2174
1937 2174
1936 2174
1935 2174
1934 2174
1933 2174
1932 2174
1931 2174
1930 2174
1929 2174
1928 2174
1927 2174
1926 2174
1925 2174
1924 2174
1923 2174
1922 2174
1921 2174
1920 2174
1919 2174
1918 2174
1917 2174
1916 2174
1915 2174
1914 2174
1913 2174
1912 2174
1911 2174
1910 2174
1909 2174
1908 2174
1907 2174
1906 2174
1905 2174
1904 2174
1903 2174
1902 2174
1901 2174
1900 2174
1899 2174
1898 2174
1897 2174
1896 2174
1895 2174
1894 2174
1893 2174
1892 2174
1891 2174
1890 2174
1889 2174
1888 2174
1887 2174
1886 2174
1885 2174
1884 2174
1883 2174
1882 2174
1881 2174
1880 2174
1879 2174
1878 2174
1877 2174
1876 2174
1875 2174
1874 2174
1873 2174
1872 2174
1871 2174
1870 2174
1869 2174
1868 2174
1867 2174
1866 2174
1865 2174
1864 2174
1863 2174
1862 2174
1861 2174
1860 2174
1859 2174
1858 2174
1857 2174
1856 2174
1855 2174
1854 2174
1853 2174
1852 2175
1851 2175
1850 2175
1849 2175
1848 2176
1847 2176
1846 2176
1845 2177
1844 2177
1843 2177
1842 2178
1841 2178
1840 2178
1839 2179
1838 2179
1837 2179
1836 2180
1835 2180
1834 2180
1833 2180
1832 2180
1831 2181
1830 2181
1829 2181
1828 2181
1827 2181
1826 2181
1825 2181
1824 2181
1823 2181
1822 2181
1821 2181
1820 2181
1819 2181
1818 2182
1817 2182
1816 2182
1815 2182
1814 2182
1813 2182
1812 2182
1811 2182
1810 2182
1809 2182
1808 2182
1807 2182
1806 2182
1805 2182
1804 2182
1803 2182
1802 2182
1801 2182
1800 2182
1799 2182
1798 2182
1797 2182
1796 2182
1795 2182
1794 2182
1793 2182
1792 2182
1791 2182
1790 2182
1789 2182
1788 2182
1787 2182
1786 2182
1785 2182
1784 2182
1783 2182
1782 2182
1781 2182
1780 2182
1779 2182
1778 2182
1777 2182
1776 2182
1775 2182
1774 2182
1773 2182
1772 2182
1771 2182
1770 2182
1769 2182
1768 2182
1767 2182
1766 2182
1765 2182
1764 2182
1763 2182
1762 2182
1761 2182
1760 2182
1759 2182
1758 2182
1757 2182
1756 2182
1755 2182
1754 2182
1753 2182
1752 2182
1751 2182
1750 2182
1749 2182
1748 2182
1747 2182
1746 2182
1745 2182
1744 2182
1743 2182
1742 2182
1741 2182
1740 2182
1739 2182
1738 2182
1737 2182
1736 2182
1735 2182
1734 2182
1733 2182
1732 2182
1731 2182
1730 2182
1729 2182
1728 2182
1727 2182
1726 2182
1725 2182
1724 2182
1723 2182
1722 2182
1721 2182
1720 2182
1719 2182
1718 2182
1717 2182
1716 2182
1715 2182
1714 2182
1713 2182
1712 2183
1711 2183
1710 2184
1709 2184
1708 2185
1707 2185
1706 2186
1705 2186
1704 2186
1703 2187
1702 2187
1701 2187
1700 2188
1699 2188
1698 2188
1697 2188
1696 2188
1695 2189
1694 2189
1693 2189
1692 2189
1691 2189
1690 2189
1689 2189
1688 2189
1687 2189
1686 2189
1685 2189
1684 2190
1683 2190
1682 2190
1681 2190
1680 2190
1679 2190
1678 2190
1677 2190
1676 2190
1675 2191
1674 2191
1673 2192
1672 2192
1671 2193
1670 2193
1669 2194
1668 2194
1667 2194
1666 2195
1665 2195
1664 2195
1663 2196
1662 2196
1661 2196
1660 2196
1659 2197
1658 2197
1657 2197
1656 2197
1655 2197
1654 2197
1653 2197
1652 2197
1651 2197
1650 2198
1649 2198
1648 2199
1647 2199
1646 2200
1645 2200
1644 2201
1643 2201
1642 2202
1641 2202
1640 2203
1639 2203
1638 2203
1637 2203
1636 2204
1635 2204
1634 2204
1633 2204
1632 2204
1631 2205
1630 2205
1629 2205
1628 2205
1627 2205
1626 2205
1625 2205
1624 2205
1623 2205
1622 2205
1621 2205
1620 2205
1619 2205
1618 2206
1617 2206
1616 2206
1615 2206
1614 2206
1613 2206
1612 2206
1611 2206
1610 2206
1609 2206
1608 2206
1607 2206
1606 2206
1605 2206
1604 2206
1603 2206
1602 2206
1601 2206
1600 2206
1599 2207
1598 2207
1597 2207
1596 2208
1595 2208
1594 2209
1593 2209
1592 2210
1591 2210
1590 2210
1589 2211
1588 2211
1587 2211
1586 2211
1585 2211
1584 2212
1583 2212
1582 2212
1581 2212
1580 2212
1579 2212
1578 2213
1577 2213
1576 2213
1575 2213
1574 2213
1573 2213
1572 2213
1571 2213
1570 2213
1569 2213
1568 2213
1567 2213
1566 2213
1565 2213
1564 2214
1563 2214
1562 2214
1561 2214
1560 2214
1559 2214
1558 2214
1557 2215
1556 2215
1555 2215
1554 2215
1553 2216
1552 2216
1551 2217
1550 2217
1549 2218
1548 2218
1547 2218
1546 2219
1545 2219
1544 2219
1543 2220
1542 2220
1541 2220
1540 2220
1539 2221
1538 2221
1537 2221
1536 2221
1535 2221
1534 2221
1533 2221
1532 2221
1531 2221
1530 2222
1529 2222
1528 2222
1527 2222
1526 2222
1525 2222
1524 2222
1523 2222
1522 2222
1521 2222
1520 2222
1519 2222
1518 2222
1517 2222
1516 2222
1515 2222
1514 2222
1513 2222
1512 2223
1511 2223
1510 2223
1509 2222
1508 2223
1507 2223
1506 2223
1505 2223
1504 2223
1503 2223
1502 2223
1501 2223
1500 2223
1499 2223
1498 2223
1497 2223
1496 2223
1495 2223
1494 2223
1493 2223
1492 2223
1491 2223
1490 2223
1489 2223
1488 2223
1487 2223
1486 2223
1485 2223
1484 2223
1483 2223
1482 2223
1481 2223
1480 2223
1479 2223
1478 2223
1477 2223
1476 2223
1475 2223
1474 2223
1473 2223
1472 2223
1471 2223
1470 2224
1469 2224
1468 2224
1467 2223
1466 2223
1465 2223
1464 2223
1463 2223
1462 2223
1461 2223
1460 2223
1459 2223
1458 2223
1457 2223
1456 2223
1455 2223
1454 2223
1453 2223
1452 2223
1451 2223
1450 2223
1449 2223
1448 2223
1447 2223
1446 2223
1446 2224
1445 2225
1444 2225
1443 2225
1442 2225
1441 2224
1441 2223
1440 2224
1439 2224
1438 2224
1437 2223
1436 2223
1435 2224
1434 2225
1433 2226
1432 2226
1431 2227
1430 2227
1429 2227
1428 2227
1427 2226
1426 2225
1426 2224
1425 2225
1424 2225
1423 2225
1422 2226
1421 2226
1420 2227
1419 2227
1418 2227
1418 2228
1417 2229
1416 2229
1415 2229
1414 2229
1413 2229
1412 2229
1411 2229
1410 2229
1409 2230
1408 2231
1407 2231
1406 2231
1405 2231
1404 2231
1403 2230
1402 2231
1401 2231
1400 2231
1399 2231
1398 2232
1397 2233
1396 2233
1396 2234
1395 2235
1394 2236
1393 2236
1392 2236
1391 2235
1390 2236
1389 2236
1388 2236
1387 2236
1386 2237
1385 2237
1384 2237
1383 2237
1382 2237
1381 2237
1380 2238
1379 2238
1378 2238
1377 2238
1376 2238
1375 2238
1374 2238
1373 2238
1372 2238
1371 2239
1370 2239
1369 2239
1368 2239
1367 2239
1366 2239
1365 2239
1364 2239
1363 2240
1362 2240
1361 2241
1361 2242
1360 2243
1359 2244
1358 2244
1357 2244
1356 2243
1356 2242
1355 2243
1355 2244
1354 2245
1353 2245
1352 2245
1351 2245
1350 2246
1349 2246
1348 2246
1347 2246
1346 2245
1345 2246
1344 2246
1343 2246
1342 2246
1341 2246
1340 2247
1339 2247
1338 2247
1337 2247
1336 2247
1335 2247
1335 2248
1334 2249
1333 2249
1332 2249
1331 2248
1331 2247
1330 2247
1329 2248
1328 2248
1327 2249
1326 2249
1325 2249
1324 2249
1323 2249
1322 2250
1321 2250
1320 2250
1320 2251
1320 2252
1320 2253
1320 2254
1320 2255
1320 2256
1319 2257
1318 2257
1317 2257
1316 2256
1316 2255
1316 2254
1316 2253
1315 2252
1315 2253
1314 2254
1313 2254
1312 2254
1311 2253
1311 2252
1311 2251
1311 2252
1310 2253
1309 2253
1308 2253
1307 2253
1306 2252
1306 2251
1306 2252
1307 2253
1307 2254
1307 2255
1306 2256
1305 2257
1304 2257
1303 2257
1302 2257
1301 2257
1300 2257
1299 2256
1298 2255
1297 2255
1296 2254
1296 2253
1296 2252
1296 2251
1295 2252
1295 2253
1295 2254
1294 2255
1293 2256
1292 2256
1291 2256
1290 2257
1289 2257
1288 2257
1287 2256
1286 2256
1285 2257
1284 2257
1283 2258
1282 2258
1282 2259
1282 2260
1282 2261
1282 2262
1281 2263
1280 2263
1279 2263
1278 2262
1278 2261
1278 2260
1277 2260
1277 2261
1277 2262
1276 2263
1275 2263
1274 2263
1273 2262
1273 2261
1272 2262
1272 2263
1271 2264
1270 2264
1269 2264
1268 2265
1267 2266
1266 2266
1265 2267
1264 2267
1264 2268
1263 2269
1262 2269
1261 2269
1260 2268
1259 2269
1258 2269
1257 2270
1256 2271
1255 2271
1254 2272
1253 2273
1252 2274
1251 2274
1250 2274
1249 2275
1248 2275
1247 2275
1246 2276
1245 2276
1244 2277
1243 2277
1242 2278
1241 2279
1240 2279
1239 2280
1238 2280
1237 2281
1236 2281
1235 2281
1234 2282
1233 2282
1232 2282
1231 2282
1230 2282
1229 2283
1228 2283
1227 2283
1226 2284
1225 2284
1224 2284
1223 2284
1222 2284
1221 2285
1220 2285
1219 2285
1218 2285
1217 2286
1216 2286
1215 2286
1214 2287
1213 2287
1212 2288
1211 2289
1210 2289
1209 2290
1208 2291
1207 2292
1206 2293
1205 2294
1204 2295
1203 2295
1202 2296
1201 2297
1200 2297
1199 2298
1198 2298
1197 2298
1196 2299
1195 2299
1194 2299
1193 2299
1192 2300
1191 2300
1190 2300
1189 2300
1188 2300
1187 2300
1186 2300
1185 2300
1184 2301
1183 2301
1182 2302
1181 2302
1180 2302
1179 2303
1178 2303
1177 2304
1176 2304
1175 2304
1174 2305
1173 2305
1172 2306
1171 2306
1170 2306
1169 2307
1168 2308
1167 2309
1166 2310
1165 2310
1164 2311
1163 2312
1162 2312
1161 2312
1160 2313
1159 2313
1158 2314
1157 2314
1156 2315
1155 2315
1154 2316
1153 2316
1152 2317
1151 2318
1150 2319
1149 2319
1148 2320
1147 2321
1146 2321
1145 2322
1144 2322
1143 2322
1142 2323
1141 2323
1140 2323
1139 2324
1138 2324
1137 2325
1136 2325
1135 2326
1134 2327
1133 2328
1132 2328
1131 2329
1130 2329
1129 2329
1128 2330
1127 2330
1126 2330
1125 2331
1124 2331
1123 2331
1122 2332
1121 2332
1120 2333
1119 2333
1118 2334
1117 2334
1116 2335
1115 2335
1114 2336
1113 2336
1112 2337
1111 2338
1110 2338
1109 2339
1108 2340
1107 2341
1106 2342
1105 2342
1104 2343
1103 2344
1102 2344
1101 2345
1100 2345
1099 2345
1098 2346
1097 2346
1096 2346
1095 2347
1094 2347
1093 2347
1092 2347
1091 2347
1090 2348
1089 2348
1088 2348
1087 2349
1086 2349
1085 2350
1084 2350
1083 2351
1082 2351
1081 2352
1080 2352
1079 2353
1078 2353
1077 2354
1076 2354
1075 2355
1074 2356
1073 2356
1072 2357
1071 2358
1070 2358
1069 2359
1068 2360
1067 2360
1066 2361
1065 2361
1064 2361
1063 2362
1062 2362
1061 2363
1060 2363
1059 2363
1058 2364
1057 2364
1056 2365
1055 2365
1054 2366
1053 2366
1052 2367
1051 2367
1050 2368
1049 2368
1048 2369
1047 2369
1046 2370
1045 2370
1044 2371
1043 2371
1042 2372
1041 2373
1040 2373
1039 2374
1038 2374
1037 2374
1036 2375
1035 2375
1034 2376
1033 2376
1032 2377
1031 2377
1030 2377
1029 2378
1028 2378
1027 2379
1026 2379
1025 2380
1024 2381
1023 2381
1022 2382
1021 2383
1020 2384
1019 2384
1018 2385
1017 2385
1016 2386
1015 2387
1014 2387
1013 2388
1012 2389
1011 2389
1010 2390
1009 2391
1008 2391
1007 2392
1006 2392
1005 2393
1004 2393
1003 2393
1002 2394
1001 2394
1000 2394
999 2394
998 2395
997 2395
996 2395
995 2396
994 2396
993 2396
992 2397
991 2397
990 2398
989 2398
988 2399
987 2399
986 2400
985 2400
984 2400
983 2401
982 2401
981 2402
980 2402
979 2402
978 2402
977 2403
976 2403
975 2403
974 2403
973 2403
972 2404
971 2404
970 2404
969 2404
968 2404
967 2404
966 2405
965 2405
964 2405
963 2406
962 2406
961 2406
960 2407
959 2407
958 2407
957 2408
956 2408
955 2409
954 2409
953 2409
952 2409
951 2410
950 2410
949 2410
948 2410
947 2411
946 2411
945 2411
944 2411
943 2411
942 2411
941 2411
940 2411
939 2412
938 2412
937 2412
936 2412
935 2412
934 2412
933 2412
932 2413
931 2413
930 2413
929 2413
928 2414
927 2414
926 2414
925 2414
924 2415
923 2415
922 2415
921 2416
920 2416
919 2416
918 2417
917 2417
916 2417
915 2418
914 2418
913 2418
912 2419
911 2419
910 2419
909 2419
908 2419
907 2420
906 2420
905 2420
904 2420
903 2420
902 2420
901 2420
900 2420
899 2421
898 2421
897 2421
896 2421
895 2421
894 2421
893 2422
892 2422
891 2422
890 2422
889 2423
888 2423
887 2423
886 2424
885 2424
884 2425
883 2425
882 2425
881 2426
880 2426
879 2426
878 2427
877 2427
876 2427
875 2428
874 2428
873 2429
872 2429
871 2429
870 2430
869 2430
868 2431
867 2431
866 2432
865 2432
864 2433
863 2433
862 2433
861 2434
860 2434
859 2434
858 2435
857 2435
856 2435
855 2435
854 2436
853 2436
852 2437
851 2437
850 2438
849 2438
848 2439
847 2439
846 2440
845 2440
844 2441
843 2441
842 2441
841 2441
840 2442
839 2442
838 2442
837 2442
836 2443
835 2443
834 2443
833 2443
832 2443
831 2443
830 2444
829 2444
828 2444
827 2444
826 2444
825 2444
824 2445
823 2446
822 2446
821 2447
820 2447
819 2448
818 2448
817 2448
816 2448
815 2449
814 2449
813 2449
812 2450
811 2450
810 2450
809 2450
808 2451
807 2451
806 2451
805 2451
804 2451
803 2451
802 2452
801 2452
800 2452
799 2452
798 2452
797 2452
796 2452
795 2452
794 2452
793 2453
792 2453
791 2453
790 2453
789 2454
788 2454
787 2454
786 2455
785 2455
784 2455
783 2456
782 2456
781 2457
780 2457
779 2457
778 2458
777 2458
776 2458
775 2459
774 2459
773 2459
772 2459
771 2459
770 2459
769 2460
768 2460
767 2460
766 2460
765 2461
764 2461
763 2461
762 2462
761 2462
760 2463
759 2463
758 2464
757 2464
756 2465
755 2466
754 2467
753 2467
752 2468
751 2469
750 2470
749 2470
748 2471
747 2472
746 2472
745 2473
744 2474
743 2474
742 2475
741 2476
740 2476
739 2477
738 2477
737 2478
736 2478
735 2479
734 2479
733 2480
732 2480
731 2481
730 2481
729 2482
728 2482
727 2483
726 2483
725 2484
724 2484
723 2485
722 2486
721 2487
720 2488
719 2488
718 2489
717 2490
716 2491
715 2491
714 2492
713 2493
712 2493
711 2494
710 2495
709 2495
708 2495
707 2496
706 2496
705 2496
704 2497
703 2497
702 2497
701 2498
700 2498
699 2498
698 2498
697 2499
696 2499
695 2499
694 2500
693 2500
692 2501
691 2501
690 2502
689 2502
688 2503
687 2503
686 2504
685 2504
684 2505
683 2505
682 2506
681 2507
680 2507
679 2508
678 2508
677 2509
676 2509
675 2510
674 2511
673 2511
672 2512
671 2513
670 2514
669 2515
668 2515
667 2516
666 2517
665 2518
664 2519
663 2520
662 2521
661 2522
660 2522
659 2523
658 2524
657 2524
656 2525
655 2526
654 2526
653 2527
652 2527
651 2528
650 2528
649 2529
648 2530
647 2531
646 2531
645 2532
644 2533
643 2533
642 2534
641 2534
640 2535
639 2535
638 2535
637 2536
636 2536
635 2536
634 2537
633 2537
632 2538
631 2538
630 2539
629 2540
628 2541
627 2541
626 2542
625 2542
624 2543
623 2543
622 2544
621 2544
620 2545
619 2545
618 2545
617 2546
616 2546
615 2547
614 2547
613 2548
612 2548
611 2549
610 2549
609 2550
608 2551
607 2551
606 2552
605 2552
604 2553
603 2553
602 2554
601 2554
600 2555
599 2555
598 2556
597 2556
596 2557
595 2557
594 2558
593 2558
592 2559
591 2559
590 2560
589 2560
588 2561
587 2561
586 2562
585 2562
584 2563
583 2564
582 2565
581 2566
580 2566
579 2567
578 2568
577 2569
576 2569
575 2570
574 2570
573 2571
572 2571
571 2572
572 2572
573 2572
574 2572
575 2572
576 2572
577 2572
578 2572
579 2572
580 2571
581 2571
582 2571
583 2571
584 2571
585 2571
586 2571
587 2570
588 2570
589 2569
590 2568
591 2568
592 2567
593 2567
594 2566
595 2566
596 2565
597 2565
598 2564
599 2564
600 2563
601 2563
602 2563
603 2562
604 2562
605 2562
606 2561
607 2561
608 2561
609 2561
610 2560
611 2560
612 2560
613 2560
614 2560
615 2560
616 2559
617 2559
618 2559
619 2559
620 2559
621 2559
622 2559
623 2559
624 2559
625 2559
626 2558
627 2558
628 2558
629 2558
630 2557
631 2557
632 2556
633 2555
634 2554
635 2554
636 2553
637 2552
638 2551
639 2550
640 2549
641 2548
642 2547
643 2547
644 2546
645 2546
646 2545
647 2545
648 2545
649 2544
650 2544
651 2544
652 2543
653 2543
654 2543
655 2543
656 2543
657 2543
658 2543
659 2543
660 2543
661 2542
662 2542
663 2542
664 2542
665 2542
666 2542
667 2542
668 2542
669 2542
670 2542
671 2542
672 2542
673 2542
674 2542
675 2542
676 2542
677 2542
678 2542
679 2541
680 2541
681 2541
682 2541
683 2541
684 2541
685 2541
686 2541
687 2541
688 2541
689 2541
690 2541
691 2541
692 2541
693 2541
694 2541
695 2541
696 2541
697 2541
698 2541
699 2541
700 2541
701 2541
702 2541
703 2541
704 2541
705 2541
706 2541
707 2541
708 2541
709 2541
710 2541
711 2541
712 2541
713 2541
714 2540
715 2541
716 2541
717 2540
718 2540
719 2540
720 2540
721 2540
722 2540
723 2540
724 2540
725 2540
726 2541
727 2540
728 2540
729 2540
730 2540
731 2540
732 2540
733 2540
734 2540
735 2540
736 2540
737 2540
738 2540
739 2540
740 2540
741 2540
742 2540
743 2540
744 2540
745 2540
746 2540
747 2540
748 2540
749 2540
750 2540
751 2540
752 2540
753 2540
754 2540
755 2540
756 2540
757 2540
758 2540
759 2540
760 2540
761 2540
762 2540
763 2540
764 2540
765 2540
766 2540
767 2540
768 2540
769 2540
770 2540
771 2540
772 2540
773 2540
774 2540
775 2540
776 2540
777 2540
778 2540
779 2540
780 2540
781 2540
782 2540
783 2540
784 2540
785 2540
786 2540
787 2540
788 2540
789 2540
790 2540
791 2540
792 2540
793 2540
794 2540
795 2540
796 2540
797 2540
797 2539
798 2538
799 2538
800 2538
801 2538
802 2539
802 2540
803 2540
804 2540
805 2540
806 2540
807 2540
808 2540
809 2540
809 2539
810 2538
811 2538
812 2538
813 2539
814 2539
815 2540
816 2540
817 2540
817 2539
818 2538
819 2538
820 2538
821 2539
821 2540
822 2540
823 2540
824 2539
825 2539
826 2538
827 2538
828 2538
829 2537
830 2536
831 2536
832 2536
833 2536
834 2537
834 2538
834 2539
833 2540
834 2540
835 2540
836 2540
837 2539
838 2539
839 2539
840 2540
840 2539
841 2538
842 2538
843 2538
844 2539
845 2539
846 2539
847 2539
847 2538
847 2537
847 2536
847 2535
848 2534
849 2534
850 2534
851 2535
851 2536
851 2537
851 2538
851 2537
852 2536
853 2536
854 2536
855 2536
856 2536
857 2536
858 2537
858 2538
858 2539
859 2540
859 2539
860 2538
861 2538
862 2538
863 2539
863 2538
864 2537
865 2537
866 2538
867 2537
868 2537
869 2537
869 2536
870 2535
871 2535
872 2535
873 2536
874 2537
875 2537
876 2537
877 2538
878 2537
879 2537
880 2537
881 2537
882 2538
883 2538
884 2538
885 2537
885 2536
885 2535
886 2534
887 2533
888 2533
889 2533
890 2534
890 2533
891 2532
892 2532
893 2532
894 2533
894 2534
894 2535
894 2536
894 2537
895 2537
896 2537
897 2538
898 2539
899 2539
900 2539
901 2540
901 2539
901 2538
902 2537
903 2537
904 2537
905 2537
906 2537
907 2538
908 2538
909 2538
910 2539
911 2539
912 2540
913 2539
914 2539
915 2539
916 2539
917 2539
918 2539
919 2540
920 2540
921 2540
921 2539
922 2538
923 2538
924 2538
925 2538
926 2538
927 2539
927 2540
928 2540
929 2540
930 2540
931 2540
932 2540
933 2540
934 2540
935 2540
936 2540
937 2540
938 2540
939 2540
940 2540
941 2540
942 2540
943 2540
944 2540
945 2540
946 2540
947 2540
948 2540
949 2540
950 2540
951 2540
952 2540
953 2540
954 2540
955 2540
956 2540
957 2540
958 2540
959 2540
960 2540
961 2540
962 2540
963 2540
964 2540
965 2540
966 2540
967 2540
968 2540
969 2540
970 2540
971 2540
972 2540
973 2540
974 2540
975 2540
976 2540
977 2540
978 2540
979 2540
980 2540
981 2540
982 2540
983 2540
984 2540
985 2540
986 2540
987 2540
988 2539
989 2539
990 2539
991 2539
992 2538
993 2538
994 2538
995 2537
996 2537
997 2537
998 2536
999 2536
1000 2536
1001 2535
1002 2535
1003 2535
1004 2535
1005 2534
1006 2534
1007 2533
1008 2533
1009 2532
1010 2532
1011 2531
1012 2531
1013 2531
1014 2530
1015 2530
1016 2529
1017 2529
1018 2529
1019 2529
1020 2528
1021 2528
1022 2528
1023 2528
1024 2527
1025 2527
1026 2527
1027 2527
1028 2527
1029 2526
1030 2526
1031 2526
1032 2526
1033 2526
1034 2526
1035 2526
1036 2525
1037 2525
1038 2525
1039 2524
1040 2524
1041 2524
1042 2523
1043 2523
1044 2522
1045 2522
1046 2521
1047 2521
1048 2521
1049 2521
1050 2521
1051 2520
1052 2520
1053 2520
1054 2520
1055 2519
1056 2519
1057 2519
1058 2519
1059 2519
1060 2519
1061 2519
1062 2519
1063 2519
1064 2518
1065 2518
1066 2518
1067 2518
1068 2518
1069 2518
1070 2518
1071 2518
1072 2518
1073 2518
1074 2518
1075 2518
1076 2518
1077 2518
1078 2518
1079 2517
1080 2517
1081 2517
1082 2517
1083 2517
1084 2517
1085 2517
1086 2517
1087 2517
1088 2517
1089 2517
1090 2517
1091 2517
1092 2517
1093 2517
1094 2517
1095 2517
1096 2517
1097 2517
1098 2517
1099 2517
1100 2517
1101 2517
1102 2517
1103 2517
1104 2517
1105 2517
1106 2517
1107 2517
1108 2517
1109 2517
1110 2517
1111 2517
1112 2517
1113 2517
1114 2517
1115 2517
1116 2517
1117 2517
1118 2517
1119 2517
1120 2517
1121 2517
1122 2517
1123 2517
1124 2517
1125 2517
1126 2517
1127 2517
1128 2517
1129 2517
1130 2517
1131 2517
1132 2517
1133 2517
1134 2517
1135 2517
1136 2517
1137 2517
1138 2517
1139 2517
1140 2517
1141 2517
1142 2517
1143 2517
1144 2517
1145 2517
1146 2517
1147 2517
1148 2517
1149 2517
1150 2517
1151 2517
1152 2517
1153 2517
1154 2517
1155 2517
1156 2517
1157 2517
1158 2517
1159 2517
1160 2517
1161 2518
1162 2518
1163 2518
1164 2518
1165 2518
1166 2519
1167 2519
1168 2519
1169 2519
1170 2520
1171 2520
1172 2520
1173 2521
1174 2521
1175 2521
1176 2522
1177 2522
1178 2522
1179 2522
1180 2522
1181 2522
1182 2523
1183 2523
1184 2523
1185 2523
1186 2523
1187 2523
1188 2523
1189 2524
1190 2524
1191 2524
1192 2524
1193 2524
1194 2524
1195 2524
1196 2524
1197 2524
1198 2524
1199 2524
1200 2524
1201 2524
1202 2524
1203 2524
1204 2524
1205 2524
1206 2524
1207 2525
1208 2525
1209 2525
1210 2525
1211 2525
1212 2525
1213 2525
1214 2525
1215 2525
1216 2525
1217 2525
1218 2525
1219 2525
1220 2525
1221 2525
1222 2525
1223 2525
1224 2525
1225 2525
1226 2525
1227 2525
1228 2525
1229 2525
1230 2525
1231 2525
1232 2525
1233 2525
1234 2525
1235 2525
1236 2525
1237 2525
1238 2525
1239 2525
1240 2525
1241 2525
1242 2525
1243 2525
1244 2525
1245 2525
1246 2525
1247 2525
1248 2525
1249 2525
1250 2525
1251 2525
1252 2525
1253 2525
1254 2525
1255 2525
1256 2525
1257 2525
1258 2525
1259 2525
1260 2525
1261 2525
1262 2525
1263 2525
1264 2525
1265 2525
1266 2525
1267 2525
1268 2525
1269 2525
1270 2525
1271 2525
1272 2525
1273 2525
1274 2525
1275 2525
1276 2525
1277 2525
1278 2525
1279 2525
1280 2525
1281 2525
1282 2525
1283 2525
1284 2525
1285 2525
1286 2525
1287 2525
1288 2525
1289 2525
1290 2525
1291 2525
1292 2525
1293 2525
1294 2525
1295 2525
1296 2525
1297 2525
1298 2525
1299 2525
1300 2525
1301 2525
1302 2525
1303 2525
1304 2525
1305 2525
1306 2525
1307 2525
1308 2525
1309 2525
1310 2525
1311 2525
1312 2525
1313 2525
1314 2525
1315 2525
1316 2525
1317 2525
1318 2525
1319 2525
1320 2525
1321 2525
1322 2525
1323 2525
1324 2525
1325 2525
1326 2525
1327 2525
1328 2525
1329 2525
1330 2525
1331 2525
1332 2525
1333 2525
1334 2525
1335 2525
1336 2525
1337 2525
1338 2525
1339 2525
1340 2525
1341 2525
1342 2525
1343 2525
1344 2525
1345 2525
1346 2525
1347 2525
1348 2525
1349 2525
1350 2525
1351 2525
1352 2525
1353 2525
1354 2525
1355 2525
1356 2525
1357 2525
1358 2525
1359 2525
1360 2525
1361 2525
1362 2525
1363 2525
1364 2525
1365 2525
1366 2525
1367 2525
1368 2525
1369 2525
1370 2525
1371 2525
1372 2525
1373 2525
1374 2525
1375 2525
1376 2525
1377 2525
1378 2525
1379 2525
1380 2525
1381 2525
1382 2525
1383 2525
1384 2525
1385 2525
1386 2525
1387 2525
1388 2525
1389 2525
1390 2525
1391 2525
1392 2525
1393 2525
1394 2525
1395 2525
1396 2525
1397 2525
1398 2525
1399 2525
1400 2525
1401 2525
1402 2525
1403 2525
1404 2525
1405 2525
1406 2525
1407 2525
1408 2525
1409 2525
1410 2525
1411 2525
1412 2525
1413 2525
1414 2525
1415 2525
1416 2525
1417 2525
1418 2525
1419 2525
1420 2525
1421 2525
1422 2525
1423 2525
1424 2525
1425 2525
1426 2525
1427 2525
1428 2525
1429 2525
1430 2525
1431 2525
1432 2525
1433 2525
1434 2525
1435 2525
1436 2525
1437 2525
1438 2525
1439 2525
1440 2525
1441 2525
1442 2525
1443 2525
1444 2525
1445 2525
1446 2525
1447 2525
1448 2525
1449 2525
1450 2525
1451 2525
1452 2525
1453 2525
1454 2525
1455 2525
1456 2525
1457 2525
1458 2525
1459 2525
1460 2525
1461 2525
1462 2525
1463 2525
1464 2525
1465 2525
1466 2525
1467 2525
1468 2525
1469 2525
1470 2525
1471 2525
1472 2525
1473 2525
1474 2525
1475 2525
1476 2525
1477 2525
1478 2525
1479 2525
1480 2525
1481 2525
1482 2525
1483 2525
1484 2525
1485 2525
1486 2525
1487 2525
1488 2525
1489 2525
1490 2525
1491 2525
1492 2525
1493 2525
1494 2525
1495 2525
1496 2525
1497 2525
1498 2525
1499 2525
1500 2525
1501 2525
1502 2525
1503 2525
1504 2525
1505 2525
1506 2525
1507 2525
1508 2525
1509 2525
1510 2525
1511 2525
1512 2525
1513 2525
1514 2525
1515 2525
1516 2525
1517 2525
1518 2525
1519 2525
1520 2525
1521 2525
1522 2525
1523 2525
1524 2525
1525 2525
1526 2525
1527 2525
1528 2525
1529 2525
1530 2525
1531 2525
1532 2525
1533 2525
1534 2525
1535 2525
1536 2525
1537 2525
1538 2525
1539 2525
1540 2525
1541 2525
1542 2525
1543 2525
1544 2525
1545 2525
1546 2525
1547 2525
1548 2525
1549 2525
1550 2525
1551 2525
1552 2525
1553 2525
1554 2525
1555 2525
1556 2525
1557 2525
1558 2525
1559 2525
1560 2525
1561 2525
1562 2525
1563 2525
1564 2525
1565 2525
1566 2525
1567 2525
1568 2525
1569 2525
1570 2525
1571 2525
1572 2525
1573 2525
1574 2525
1575 2525
1576 2525
1577 2525
1578 2525
1579 2525
1580 2525
1581 2525
1582 2525
1583 2525
1584 2525
1585 2525
1586 2525
1587 2525
1588 2525
1589 2525
1590 2525
1591 2525
1592 2525
1593 2525
1594 2525
1595 2525
1596 2525
1597 2525
1598 2525
1599 2525
1600 2525
1601 2525
1602 2525
1603 2525
1604 2525
1605 2525
1606 2525
1607 2525
1608 2525
1609 2525
1610 2525
1611 2525
1612 2525
1613 2525
1614 2525
1615 2525
1616 2525
1617 2525
1618 2525
1619 2525
1620 2525
1621 2525
1622 2525
1623 2525
1624 2525
1625 2525
1626 2525
1627 2525
1628 2525
1629 2525
1630 2525
1631 2525
1632 2525
1633 2525
1634 2525
1635 2525
1636 2525
1637 2525
1638 2525
1639 2525
1640 2525
1641 2525
1642 2525
1643 2525
1644 2525
1645 2525
1646 2525
1647 2525
1648 2525
1649 2525
1650 2525
1651 2525
1652 2525
1653 2525
1654 2525
1655 2525
1656 2525
1657 2525
1658 2525
1659 2525
1660 2525
1661 2525
1662 2525
1663 2525
1664 2525
1665 2525
1666 2525
1667 2525
1668 2525
1669 2525
1670 2525
1671 2525
1672 2525
1673 2525
1674 2525
1675 2525
1676 2525
1677 2525
1678 2525
1679 2525
1680 2525
1681 2525
1682 2525
1683 2525
1684 2525
1685 2525
1686 2525
1687 2525
1688 2525
1689 2525
1690 2525
1691 2525
1692 2525
1693 2525
1694 2525
1695 2525
1696 2525
1697 2525
1698 2525
1699 2525
1700 2525
1701 2525
1702 2525
1703 2525
1704 2525
1705 2525
1706 2525
1707 2525
1708 2525
1709 2525
1710 2525
1711 2525
1712 2525
1713 2525
1714 2525
1715 2525
1716 2525
1717 2525
1718 2525
1719 2525
1720 2525
1721 2525
1722 2525
1723 2525
1724 2525
1725 2525
1726 2525
1727 2525
1728 2525
1729 2525
1730 2525
1731 2525
1732 2525
1733 2525
1734 2525
1735 2525
1736 2524
1737 2524
1738 2524
1739 2524
1740 2523
1741 2522
1742 2522
1743 2522
1744 2521
1745 2521
1746 2520
1747 2520
1748 2520
1749 2520
1750 2519
1751 2519
1752 2519
1753 2519
1754 2519
1755 2519
1756 2519
1757 2518
1758 2518
1759 2518
1760 2518
1761 2518
1762 2518
1763 2518
1764 2518
1765 2518
1766 2518
1767 2518
1768 2518
1769 2517
1770 2517
1771 2516
1772 2516
1773 2516
1774 2515
1775 2514
1776 2514
1777 2514
1778 2513
1779 2513
1780 2513
1781 2512
1782 2512
1783 2512
1784 2511
1785 2511
1786 2511
1787 2511
1788 2511
1789 2511
1790 2511
1791 2510
1792 2510
1793 2510
1794 2510
1795 2510
1796 2510
1797 2510
1798 2510
1799 2510
1800 2510
1801 2510
1802 2510
1803 2510
1804 2510
1805 2509
1806 2509
1807 2509
1808 2509
1809 2509
1810 2509
1811 2509
1812 2509
1813 2509
1814 2509
1815 2509
1816 2509
1817 2509
1818 2509
1819 2509
1820 2509
1821 2509
1822 2509
1823 2509
1824 2509
1825 2509
1826 2509
1827 2509
1828 2509
1829 2509
1830 2509
1831 2509
1832 2509
1833 2509
1834 2509
1835 2509
1836 2509
1837 2509
1838 2509
1839 2509
1840 2509
1841 2509
1842 2509
1843 2509
1844 2509
1845 2509
1846 2509
1847 2509
1848 2509
1849 2509
1850 2509
1851 2509
1852 2509
1853 2509
1854 2509
1855 2509
1856 2509
1857 2509
1858 2509
1859 2509
1860 2509
1861 2509
1862 2509
1863 2509
1864 2509
1865 2509
1866 2509
1867 2509
1868 2509
1869 2509
1870 2509
1871 2509
1872 2509
1873 2509
1874 2509
1875 2509
1876 2509
1877 2509
1878 2509
1879 2509
1880 2509
1881 2509
1882 2509
1883 2509
1884 2509
1885 2509
1886 2509
1887 2509
1888 2509
1889 2509
1890 2509
1891 2509
1892 2509
1893 2509
1894 2509
1895 2509
1896 2509
1897 2509
1898 2509
1899 2509
1900 2509
1901 2509
1902 2509
1903 2509
1904 2509
1905 2509
1906 2509
1907 2509
1908 2509
1909 2509
1910 2509
1911 2509
1912 2509
1913 2509
1914 2509
1915 2509
1916 2509
1917 2509
1918 2509
1919 2509
1920 2509
1921 2509
1922 2509
1923 2509
1924 2509
1925 2509
1926 2509
1927 2509
1928 2509
1929 2509
1930 2509
1931 2509
1932 2509
1933 2509
1934 2509
1935 2509
1936 2509
1937 2509
1938 2509
1939 2509
1940 2509
1941 2509
1942 2509
1943 2510
1944 2510
1945 2511
1946 2512
1947 2513
1948 2514
1949 2515
1950 2516
1951 2517
1952 2518
1953 2519
1954 2520
1954 2521
1955 2522
1955 2523
1956 2524
1956 2525
1956 2526
1957 2527
1957 2528
1958 2529
1958 2530
1959 2530
1960 2530
1961 2531
1962 2531
1963 2531
1964 2532
1965 2532
1966 2532
1967 2532
1968 2532
1969 2532
1970 2532
1971 2533
1972 2533
1973 2533
1974 2533
1975 2533
1976 2533
1977 2532
1978 2531
1979 2530
1980 2529
1981 2529
1982 2528
1983 2528
1984 2527
1984 2526
1985 2525
1986 2524
1987 2523
1988 2522
1988 2521
1989 2520
1990 2519
1991 2519
1992 2519
1993 2519
1994 2519
1995 2519
1996 2518
1997 2517
1998 2516
1999 2516
2000 2515
2001 2515
2002 2514
2003 2514
2004 2513
2005 2513
2006 2512
2007 2512
2008 2512
2009 2512
2010 2511
2011 2511
2012 2511
2013 2511
2014 2511
2015 2511
2016 2510
2017 2510
2018 2510
2019 2510
2020 2510
2021 2510
2022 2510
2023 2510
2024 2510
2025 2510
2026 2510
2027 2510
2028 2510
2029 2510
2030 2509
2031 2509
2032 2509
2033 2509
2034 2509
2035 2509
2036 2509
2037 2509
2038 2509
2039 2509
2040 2509
2041 2509
2042 2509
2043 2509
2044 2509
2045 2509
2046 2509
2047 2509
2048 2509
2049 2509
2050 2509
2051 2509
2052 2509
2053 2509
2054 2509
2055 2509
2056 2509
2057 2509
2058 2509
2059 2509
2060 2509
2061 2509
2062 2509
2063 2509
2064 2509
2065 2509
2066 2509
2067 2509
2068 2509
2069 2510
2070 2510
2071 2511
2072 2511
2073 2512
2074 2513
2075 2513
2076 2514
2077 2514
2078 2514
2079 2514
2080 2515
2081 2515
2082 2515
2083 2515
2084 2516
2085 2516
2086 2516
2087 2517
2088 2517
2089 2518
2090 2518
2091 2518
2092 2519
2093 2519
2094 2520
2095 2520
2096 2520
2097 2521
2098 2521
2099 2521
2100 2522
2101 2522
2102 2522
2103 2523
2104 2523
2105 2523
2106 2523
2107 2524
2108 2524
2109 2524
2110 2525
2111 2525
2112 2526
2113 2527
2114 2527
2115 2528
2116 2528
2117 2529
2118 2529
2119 2530
2120 2530
2121 2530
2122 2531
2123 2531
2124 2532
2125 2532
2126 2533
2127 2533
2128 2534
2129 2534
2130 2535
2131 2535
2132 2536
2133 2536
2134 2536
2135 2537
2136 2537
2137 2537
2138 2537
2139 2538
2140 2538
2141 2538
2142 2539
2143 2539
2144 2540
2145 2540
2146 2541
2147 2542
2148 2542
2149 2543
2150 2543
2151 2544
2152 2545
2153 2545
2154 2546
2155 2546
2156 2547
2157 2548
2158 2549
2158 2550
2158 2551
2159 2552
2159 2553
2159 2554
2159 2555
2160 2556
2161 2556
2162 2556
2163 2556
2164 2556
2165 2556
2166 2557
2167 2557
2168 2557
2169 2557
2170 2557
2171 2557
2172 2557
2173 2557
2174 2557
2175 2557
2176 2557
2177 2557
2178 2557
2179 2556
2180 2556
2181 2556
2182 2555
2183 2554
2184 2554
2185 2554
2186 2553
2187 2553
2188 2552
2189 2552
2190 2552
2191 2552
2192 2551
2193 2551
2194 2551
2195 2550
2196 2550
2197 2550
2198 2550
2199 2550
2200 2550
2201 2550
2202 2550
2203 2550
2204 2550
2205 2550
2206 2550
2207 2550
2208 2550
2209 2550
2210 2550
2211 2550
2212 2551
2213 2551
2214 2551
2215 2551
2216 2552
2217 2552
2218 2552
2219 2552
2220 2553
2221 2553
2222 2553
2223 2554
2224 2554
2225 2555
2226 2555
2227 2556
2228 2556
2229 2557
2230 2558
2231 2558
2232 2559
2233 2560
2234 2560
2235 2561
2236 2562
2237 2563
2238 2564
2239 2565
2240 2566
2241 2567
2242 2567
2243 2568
2244 2568
2245 2568
2246 2569
2247 2569
2248 2569
2249 2570
2250 2570
2251 2570
2252 2570
2253 2571
2254 2571
2255 2571
2256 2571
2257 2571
2258 2571
2259 2571
2260 2572
2261 2572
2262 2573
2263 2573
2264 2574
2265 2574
2266 2575
2267 2576
2268 2576
2269 2577
2270 2577
2271 2577
2272 2578
2273 2578
2274 2578
2275 2579
2276 2579
2277 2579
2278 2579
2279 2579
2280 2579
2281 2580
2282 2580
2283 2580
2284 2580
2285 2580
2286 2581
2287 2581
2288 2582
2289 2582
2290 2583
2291 2583
2292 2584
2293 2584
2294 2585
2295 2585
2296 2585
2297 2585
2298 2586
2299 2586
2300 2586
2301 2586
2302 2587
2303 2587
2304 2587
2305 2587
2306 2588
2307 2588
2308 2588
2309 2588
2310 2588
2311 2588
2312 2588
2313 2588
2314 2588
2315 2589
2316 2589
2317 2589
2318 2589
2319 2589
2320 2589
2321 2589
2322 2589
2323 2589
2324 2589
2325 2589
2326 2589
2327 2589
2328 2589
2329 2589
2330 2589
2331 2589
2332 2589
2333 2589
2334 2589
2335 2589
2336 2589
2337 2589
2338 2589
2339 2589
2340 2589
2341 2589
2342 2589
2343 2589
2344 2589
2345 2589
2346 2589
2347 2589
2348 2589
2349 2589
2350 2589
2351 2589
2352 2589
2353 2589
2354 2589
2355 2589
2356 2589
2357 2589
2358 2589
2359 2589
2360 2589
2361 2589
2362 2589
2363 2589
2364 2589
2365 2589
2366 2589
2367 2589
2368 2589
2369 2589
2370 2589
2371 2589
2372 2589
2373 2589
2374 2589
2375 2589
2376 2589
2377 2589
2378 2589
2379 2589
2380 2589
2381 2589
2382 2589
2383 2589
2384 2589
2385 2589
2386 2589
2387 2589
2388 2589
2389 2589
2390 2589
2391 2589
2392 2589
2393 2589
2394 2589
2395 2589
2396 2589
2397 2589
2398 2589
2399 2589
2400 2589
2401 2589
2402 2589
2403 2589
2404 2589
2405 2589
2406 2589
2407 2589
2408 2589
2409 2589
2410 2589
2411 2589
2412 2589
2413 2589
2414 2589
2415 2589
2416 2589
2417 2589
2418 2589
2419 2589
2420 2589
2421 2589
2422 2589
2423 2589
2424 2589
2425 2589
2426 2589
2427 2589
2428 2589
2429 2589
2430 2589
2431 2589
2432 2589
2433 2589
2434 2589
2435 2589
2436 2589
2437 2589
2438 2589
2439 2589
2440 2589
2441 2589
2442 2589
2443 2589
2444 2589
2445 2589
2446 2589
2447 2589
2448 2590
2449 2590
2450 2590
2451 2590
2452 2590
2453 2591
2454 2591
2455 2591
2456 2591
2457 2592
2458 2592
2459 2592
2460 2592
2461 2593
2462 2593
2463 2593
2464 2594
2465 2594
2466 2595
2467 2595
2468 2595
2469 2596
2470 2596
2471 2597
2472 2598
2473 2598
2474 2599
2475 2600
2476 2600
2477 2600
2478 2601
2479 2601
2480 2602
2481 2602
2482 2602
2483 2602
2484 2603
2485 2603
2486 2603
2487 2603
2488 2603
2489 2603
2490 2604
2491 2604
2492 2604
2493 2605
2494 2605
2495 2605
2496 2606
2497 2606
2498 2607
2499 2607
2500 2608
2501 2608
2502 2608
2503 2609
2504 2609
2505 2609
2506 2610
2507 2610
2508 2610
2509 2610
2510 2610
2511 2611
2512 2611
2513 2611
2514 2611
2515 2612
2516 2612
2517 2613
2518 2613
2519 2613
2520 2614
2521 2614
2522 2615
2523 2615
2524 2616
2525 2616
2526 2616
2527 2617
2528 2617
2529 2617
2530 2618
2531 2618
2532 2618
2533 2618
2534 2618
2535 2619
2536 2619
2537 2619
2538 2619
2539 2619
2540 2619
2541 2619
2542 2620
2543 2620
2544 2620
2545 2620
2546 2620
2547 2620
2548 2620
2549 2620
2550 2620
2551 2620
2552 2620
2553 2620
2554 2620
2555 2620
2556 2620
2557 2620
2558 2620
2559 2620
2560 2621
2561 2621
2562 2621
2563 2621
2564 2621
2565 2621
2566 2621
2567 2621
2568 2621
2569 2621
2570 2621
2571 2621
2572 2621
2573 2621
2574 2621
2575 2621
2576 2621
2577 2621
2578 2621
2579 2621
2580 2621
2581 2621
2582 2621
2583 2621
2584 2621
2585 2621
2586 2621
2587 2621
2588 2621
2589 2621
2590 2621
2591 2621
2592 2621
2593 2621
2594 2621
2595 2621
2596 2621
2597 2621
2598 2621
2599 2621
2600 2621
2601 2621
2602 2621
2603 2621
2604 2621
2605 2621
2606 2621
2607 2621
2608 2621
2609 2621
2610 2621
2611 2621
2612 2621
2613 2621
2614 2621
2615 2621
2616 2621
2617 2621
2618 2621
2619 2621
2620 2621
2621 2621
2622 2621
2623 2621
2624 2621
2625 2621
2626 2621
2627 2621
2628 2621
2629 2621
2630 2621
2631 2621
2632 2621
2633 2621
2634 2621
2635 2621
2636 2621
2637 2621
2638 2621
2639 2621
2640 2621
2641 2621
2642 2621
2643 2621
2644 2621
2645 2621
2646 2621
2647 2621
2648 2621
2649 2621
2650 2621
2651 2621
2652 2621
2653 2621
2654 2621
2655 2621
2656 2621
2657 2621
2658 2621
2659 2621
2660 2621
2661 2621
2662 2621
2663 2621
2664 2621
2665 2621
2666 2622
2667 2622
2668 2622
2669 2622
2670 2623
2671 2623
2672 2623
2673 2623
2674 2624
2675 2624
2676 2624
2677 2625
2678 2625
2679 2625
2680 2625
2681 2626
2682 2626
2683 2626
2684 2626
2685 2626
2686 2626
2687 2627
2688 2627
2689 2627
2690 2627
2691 2627
2692 2627
2693 2627
2694 2627
2695 2627
2696 2627
2697 2628
2698 2628
2699 2628
2700 2628
2701 2628
2702 2628
2703 2628
2704 2628
2705 2628
2706 2628
2707 2628
2708 2628
2709 2628
2710 2628
2711 2628
2712 2628
2713 2628
2714 2628
2715 2628
2716 2628
2717 2628
2718 2628
2719 2629
2720 2629
2721 2629
2722 2629
2723 2629
2724 2629
2725 2629
2726 2629
2727 2629
2728 2629
2729 2629
2730 2629
2731 2629
2732 2629
2733 2629
2734 2629
2735 2629
2736 2629
2737 2629
2738 2629
2739 2629
2740 2629
2741 2629
2742 2629
2743 2629
2744 2629
2745 2629
2746 2629
2747 2629
2748 2629
2749 2629
2750 2629
2751 2629
2752 2629
2753 2629
2754 2629
2755 2629
2756 2629
2757 2629
2758 2629
2759 2629
2760 2629
2761 2629
2762 2629
2763 2629
2764 2629
2765 2629
2766 2629
2767 2629
2768 2629
2769 2629
2770 2629
2771 2629
2772 2629
2773 2629
2774 2629
2775 2629
2776 2629
2777 2629
2778 2629
2779 2629
2780 2629
2781 2629
2782 2629
2783 2629
2784 2629
2785 2629
2786 2629
2787 2629
2788 2629
2789 2629
2790 2629
2791 2629
2792 2629
2793 2629
2794 2629
2795 2629
2796 2629
2797 2629
2798 2629
2799 2629
2800 2629
2801 2629
2802 2629
2803 2629
2804 2629
2805 2629
2806 2629
2807 2629
2808 2629
2809 2629
2810 2629
2811 2629
2812 2629
2813 2629
2814 2629
2815 2630
2816 2630
2817 2630
2818 2631
2819 2631
2820 2632
2821 2632
2822 2632
2823 2633
2824 2633
2825 2633
2826 2634
2827 2634
2828 2634
2829 2634
2830 2634
2831 2635
2832 2635
2833 2635
2834 2635
2835 2635
2836 2635
2837 2635
2838 2635
2839 2635
2840 2635
2841 2635
2842 2636
2843 2636
2844 2636
2845 2636
2846 2636
2847 2636
2848 2636
2849 2637
2850 2637
2851 2637
2852 2638
2853 2638
2854 2638
2855 2639
2856 2639
2857 2639
2858 2639
2859 2640
2860 2640
2861 2640
2862 2641
2863 2641
2864 2641
2865 2641
2866 2642
2867 2642
2868 2642
2869 2642
2870 2642
2871 2642
2872 2643
2873 2643
2874 2643
2875 2643
2876 2643
2877 2643
2878 2643
2879 2643
2880 2643
2881 2644
2882 2644
2883 2644
2884 2644
2885 2644
2886 2644
2887 2644
2888 2644
2889 2644
2890 2644
2891 2644
2892 2644
2893 2645
2894 2645
2895 2645
2896 2646
2897 2646
2898 2646
2899 2647
2900 2647
2901 2647
2902 2648
2903 2648
2904 2648
2905 2649
2906 2649
2907 2649
2908 2649
2909 2650
2910 2650
2911 2650
2912 2650
2913 2650
2914 2651
2915 2651
2916 2651
2917 2651
2918 2651
2919 2651
2920 2651
2921 2651
2922 2652
2923 2652
2924 2652
2925 2652
2926 2652
2927 2652
2928 2652
2929 2652
2930 2652
2931 2652
2932 2652
2933 2652
2934 2652
2935 2652
2936 2652
2937 2652
2938 2652
2939 2652
2940 2652
2941 2652
2942 2652
2943 2652
2944 2652
2945 2652
2946 2652
2947 2653
2948 2653
2949 2653
2950 2653
2951 2653
2952 2653
2953 2653
2954 2653
2955 2653
2956 2653
2957 2653
2958 2653
2959 2653
2960 2653
2961 2653
2962 2653
2963 2653
2964 2653
2965 2653
2966 2653
2967 2653
2968 2654
2969 2654
2970 2654
2971 2654
2972 2654
2973 2655
2974 2655
2975 2655
2976 2655
2977 2656
2978 2656
2979 2656
2980 2657
2981 2657
2982 2657
2983 2658
2984 2658
2985 2658
2986 2658
2987 2658
2988 2659
2989 2659
2990 2659
2991 2659
2992 2659
2993 2659
2994 2659
2995 2659
2996 2660
2997 2660
2998 2660
2999 2660
3000 2660
3001 2660
3002 2660
3003 2660
3004 2660
3005 2660
3006 2660
3007 2660
3008 2660
3009 2660
3010 2660
3011 2660
3012 2660
3013 2660
3014 2660
3015 2661
3016 2661
3017 2661
3018 2661
3019 2661
3020 2661
3021 2661
3022 2661
3023 2661
3024 2661
3025 2661
3026 2661
3027 2661
3028 2661
3029 2661
3030 2661
3031 2661
3032 2661
3033 2661
3034 2661
3035 2661
3036 2661
3037 2661
3038 2661
3039 2661
3040 2661
3041 2661
3042 2662
3043 2662
3044 2662
3045 2662
3046 2663
3047 2663
3048 2664
3049 2664
3050 2665
3051 2665
3052 2665
3053 2665
3054 2665
3055 2666
3056 2666
3057 2666
3058 2666
3059 2666
3060 2666
3061 2667
3062 2667
3063 2667
3064 2667
3065 2667
3066 2667
3067 2667
3068 2667
3069 2668
3070 2668
3071 2668
3072 2668
3073 2668
3074 2669
3075 2669
3076 2669
3077 2669
3078 2670
3079 2670
3080 2670
3081 2670
3082 2671
3083 2671
3084 2671
3085 2671
3086 2672
3087 2672
3088 2672
3089 2672
3090 2673
3091 2673
3092 2673
3093 2673
3094 2673
3095 2673
3096 2674
3097 2674
3098 2674
3099 2674
3100 2674
3101 2674
3102 2675
3103 2675
3104 2675
3105 2675
3106 2675
3107 2675
3108 2675
3109 2675
3110 2676
3111 2676
3112 2676
3113 2676
3114 2676
3115 2676
3116 2676
3117 2676
3118 2676
3119 2676
3120 2676
3121 2676
3122 2676
3123 2676
3124 2676
3125 2676
3126 2676
3127 2677
3128 2677
3129 2677
3130 2677
3131 2677
3132 2677
3133 2677
3134 2677
3135 2677
3136 2677
3137 2677
3138 2677
3139 2677
3140 2677
3141 2677
3142 2677
3143 2677
3144 2677
3145 2677
3146 2677
3147 2677
3148 2677
3149 2677
3150 2677
3151 2677
3152 2677
3153 2677
3154 2677
3155 2677
3156 2677
3157 2677
3158 2677
3159 2677
3160 2677
3161 2677
3162 2677
3163 2677
3164 2677
3165 2677
3166 2677
3167 2677
3168 2677
3169 2677
3170 2677
3171 2677
3172 2677
3173 2677
3174 2677
3175 2677
3176 2677
3177 2677
3178 2677
3179 2677
3180 2677
3181 2677
3182 2677
3183 2678
3184 2678
3185 2678
3186 2678
3187 2678
3188 2679
3189 2679
3190 2679
3191 2680
3192 2680
3193 2681
3194 2681
3195 2682
3196 2682
3197 2683
3198 2683
3199 2684
3200 2684
3201 2685
3202 2685
3203 2685
3204 2686
3205 2686
3206 2687
3207 2687
3208 2687
3209 2688
3210 2688
3211 2688
3212 2689
3213 2689
3214 2689
3215 2690
3216 2690
3217 2690
3218 2690
3219 2690
3220 2691
3221 2691
3222 2691
3223 2691
3224 2691
3225 2691
3226 2692
3227 2692
3228 2692
3229 2693
3230 2693
3231 2694
3232 2695
3233 2695
3234 2696
3235 2696
3236 2697
3237 2697
3238 2697
3239 2697
3240 2698
3241 2698
3242 2698
3243 2698
3244 2698
3245 2699
3246 2699
3247 2700
3248 2700
3249 2700
3250 2701
3251 2701
3252 2701
3253 2702
3254 2702
3255 2703
3256 2703
3257 2704
3258 2704
3259 2704
3260 2704
3261 2705
3262 2705
3263 2705
3264 2705
3265 2706
3266 2706
3267 2706
3268 2706
3269 2707
3270 2707
3271 2707
3272 2707
3273 2707
3274 2707
3275 2707
3276 2707
3277 2707
3278 2708
3279 2708
3280 2708
3281 2708
3282 2708
3283 2708
3284 2708
3285 2708
3286 2708
3287 2708
3288 2708
3289 2708
3290 2708
3291 2708
3292 2708
3293 2708
3294 2708
3295 2708
3296 2708
3297 2708
3298 2708
3299 2708
3300 2708
3301 2709
3302 2709
3303 2709
3304 2709
3305 2709
3306 2709
3307 2709
3308 2709
3309 2709
3310 2709
3311 2709
3312 2709
3313 2709
3314 2709
3315 2709
3316 2709
3317 2709
3318 2709
3319 2709
3320 2709
3321 2709
3322 2709
3323 2709
3324 2709
3325 2709
3326 2709
3327 2709
3328 2709
3329 2709
3330 2709
3331 2709
3332 2709
3333 2709
3334 2709
3335 2709
3336 2709
3337 2709
3338 2709
3339 2709
3340 2709
3341 2709
3342 2709
3343 2709
3344 2709
3345 2709
3346 2709
3347 2709
3348 2709
3349 2709
3350 2709
3351 2709
3352 2709
3353 2709
3354 2709
3355 2709
3356 2709
3357 2709
3358 2709
3359 2709
3360 2709
3361 2709
3362 2709
3363 2709
3364 2709
3365 2709
3366 2709
3367 2709
3368 2709
3369 2709
3370 2709
3371 2709
3372 2709
3373 2709
3374 2709
3375 2709
3376 2709
3377 2709
3378 2709
3379 2709
3380 2709
3381 2709
3382 2709
3383 2709
3384 2709
3385 2709
3386 2709
3387 2709
3388 2709
3389 2709
3390 2709
3391 2709
3392 2709
3393 2709
3394 2709
3395 2709
3396 2709
3397 2709
3398 2709
3399 2709
3400 2709
3401 2709
3402 2709
3403 2709
3404 2709
3405 2709
3406 2709
3407 2709
3408 2709
3409 2709
3410 2709
3411 2709
3412 2709
3413 2709
3414 2709
3415 2709
3416 2709
3417 2709
3418 2709
3419 2709
3420 2709
3421 2709
3422 2709
3423 2709
3424 2709
3425 2710
3426 2710
3427 2710
3428 2710
3429 2710
3430 2711
3431 2711
3432 2711
3433 2712
3434 2712
3435 2712
3436 2713
3437 2713
3438 2713
3439 2713
3440 2714
3441 2714
3442 2714
3443 2715
3444 2715
3445 2716
3446 2716
3447 2716
3448 2717
3449 2717
3450 2718
3451 2718
3452 2719
3453 2719
3454 2720
3455 2720
3456 2720
3457 2721
3458 2721
3459 2721
3460 2721
3461 2721
3462 2722
3463 2722
3464 2722
3465 2722
3466 2722
3467 2722
3468 2723
3469 2723
3470 2723
3471 2723
3472 2723
3473 2724
3474 2724
3475 2724
3476 2725
3477 2725
3478 2725
3479 2726
3480 2726
3481 2726
3482 2727
3483 2727
3484 2727
3485 2727
3486 2728
3487 2728
3488 2728
3489 2729
3490 2729
3491 2729
3492 2729
3493 2730
3494 2730
3495 2730
3496 2730
3497 2730
3498 2730
3499 2730
3500 2731
3501 2731
3502 2731
3503 2731
3504 2731
3505 2731
3506 2731
3507 2731
3508 2732
3509 2732
3510 2732
3511 2732
3512 2732
3513 2732
3514 2732
3515 2732
3516 2732
3517 2732
3518 2732
3519 2732
3520 2732
3521 2732
3522 2732
3523 2732
3524 2732
3525 2732
3526 2732
3527 2732
3528 2733
3529 2733
3530 2733
3531 2733
3532 2734
3533 2734
3534 2734
3535 2735
3536 2735
3537 2735
3538 2735
3539 2736
3540 2736
3541 2736
3542 2737
3543 2737
3544 2737
3545 2737
3546 2737
3547 2738
3548 2738
3549 2738
3550 2738
3551 2738
3552 2738
3553 2739
3554 2739
3555 2739
3556 2739
3557 2739
3558 2739
3559 2739
3560 2740
3561 2740
3562 2740
3563 2740
3564 2740
3565 2740
3566 2740
3567 2740
3568 2740
3569 2740
3570 2740
3571 2740
3572 2740
3573 2740
3574 2740
3575 2741
3576 2741
3577 2741
3578 2741
3579 2741
3580 2741
3581 2741
3582 2741
3583 2741
3584 2741
3585 2741
3586 2741
3587 2741
3588 2741
3589 2741
3590 2741
3591 2741
3592 2741
3593 2741
3594 2741
3595 2741
3596 2741
3597 2741
3598 2741
3599 2741
3600 2741
3601 2741
3602 2741
3603 2741
3604 2741
3605 2741
3606 2741
3607 2740
3608 2740
3609 2740
3610 2740
3611 2739
3612 2739
3613 2739
3614 2739
3615 2738
3616 2738
3617 2738
3618 2738
3619 2737
3620 2737
3621 2737
3622 2737
3623 2736
3624 2736
3625 2736
3626 2736
3627 2736
3628 2735
3629 2735
3630 2735
3631 2735
3632 2735
3633 2735
3634 2734
3635 2734
3636 2734
3637 2734
3638 2734
3639 2734
3640 2734
3641 2734
3642 2734
3643 2734
3644 2734
3645 2734
3646 2734
3647 2734
3648 2733
3649 2733
3650 2733
3651 2733
3652 2733
3653 2732
3654 2732
3655 2732
3656 2732
3657 2731
3658 2731
3659 2730
3660 2730
3661 2729
3662 2729
3663 2729
3664 2729
3665 2728
3666 2728
3667 2728
3668 2728
3669 2728
3670 2727
3671 2727
3672 2727
3673 2727
3674 2727
3675 2727
3676 2727
3677 2726
3678 2726
3679 2726
3680 2726
3681 2726
3682 2726
3683 2726
3684 2726
3685 2726
3686 2726
3687 2726
3688 2726
3689 2726
3690 2726
3691 2726
3692 2725
3693 2725
3694 2725
3695 2725
3696 2725
3697 2725
3698 2725
3699 2725
3700 2725
3701 2725
3702 2725
3703 2725
3704 2725
3705 2725
3706 2725
3707 2725
3708 2725
3709 2725
3710 2725
3711 2725
3712 2725
3713 2725
3714 2725
3715 2725
3716 2725
3717 2725
3718 2725
3719 2725
3720 2725
3721 2725
3722 2725
3723 2725
3724 2725
3725 2725
3726 2725
3727 2725
3728 2725
3729 2725
3730 2724
3731 2724
3732 2724
3733 2723
3734 2723
3735 2722
3736 2722
3737 2721
3738 2721
3739 2720
3740 2720
3741 2719
3742 2719
3743 2718
3744 2717
3745 2717
3746 2716
3747 2715
3748 2714
3749 2714
3750 2713
3751 2712
3752 2712
3753 2711
3754 2711
3755 2710
3756 2709
3757 2708
3758 2708
3759 2707
3760 2707
3761 2706
3762 2706
3763 2705
3764 2705
3765 2704
3766 2704
3767 2703
3768 2703
3769 2702
3769 2701
3770 2700
3771 2699
3772 2698
3773 2697
3774 2696
3775 2695
3775 2694
3776 2693
3777 2693
3778 2692
3779 2691
3780 2691
3781 2690
3782 2690
3783 2690
3784 2689
3785 2689
3786 2688
3787 2688
3788 2687
3789 2686
3790 2686
3791 2685
3792 2685
3793 2684
3794 2683
3795 2683
3796 2682
3797 2682
3798 2681
3799 2681
3800 2680
3801 2679
3802 2679
3803 2678
3804 2678
3805 2677
3806 2676
3807 2676
3808 2675
3809 2675
3810 2674
3811 2674
3812 2674
3813 2673
3814 2673
3815 2673
3816 2672
3817 2672
3818 2672
3819 2672
3820 2671
3821 2671
3822 2670
3823 2670
3824 2669
3825 2668
3826 2668
3827 2667
3828 2666
3829 2666
3830 2665
3831 2665
3832 2664
3833 2663
3834 2662
3835 2661
3836 2660
3837 2659
3838 2658
3839 2658
3840 2657
3841 2657
3842 2657
3843 2656
3844 2656
3845 2656
3846 2656
3847 2655
3848 2655
3849 2654
3850 2654
3851 2654
3852 2653
3853 2652
3854 2652
3855 2651
3856 2650
3857 2650
3858 2650
3859 2649
3860 2648
3861 2648
3862 2647
3863 2646
3864 2646
3865 2645
3866 2644
3867 2644
3868 2643
3869 2643
3870 2642
3871 2641
3872 2640
3873 2639
3874 2638
3875 2637
3876 2636
3877 2635
3878 2635
3879 2634
3880 2634
3881 2634
3882 2633
3883 2633
3884 2632
3885 2632
3886 2631
3887 2631
3888 2630
3889 2630
3890 2629
3891 2629
3892 2628
3893 2627
3894 2627
3895 2626
3896 2625
3897 2624
3898 2624
3899 2623
3900 2622
3901 2622
3902 2621
3903 2620
3904 2620
3905 2619
3906 2619
3907 2618
3908 2617
3909 2617
3910 2616
3911 2616
3912 2615
3913 2614
3914 2614
3915 2613
3916 2612
3917 2612
3918 2611
3919 2610
3920 2610
3921 2609
3922 2608
3923 2607
3924 2606
3925 2605
3926 2605
3927 2604
3928 2603
3929 2602
3930 2601
3931 2600
3932 2600
3933 2599
3934 2598
3935 2598
3936 2597
3937 2596
3938 2596
3939 2595
3940 2594
3941 2594
3942 2593
3943 2592
3944 2592
3945 2591
3946 2590
3947 2590
3948 2589
3949 2588
3950 2588
3951 2587
3952 2586
3953 2586
3954 2585
3955 2584
3956 2583
3957 2582
3958 2581
3959 2581
3960 2580
3960 2579
3961 2578
3962 2577
3962 2576
3963 2575
3964 2574
3965 2573
3966 2572
3967 2571
3967 2570
3968 2569
3969 2568
3969 2567
3970 2566
3970 2565
3971 2564
3971 2563
3972 2562
3972 2561
3973 2560
3973 2559
3974 2558
3974 2557
3975 2556
3975 2555
3976 2554
3977 2553
3977 2552
3978 2551
3979 2550
3980 2549
3980 2548
3981 2547
3982 2546
3982 2545
3983 2544
3984 2543
3985 2542
3986 2541
3986 2540
3987 2539
3988 2538
3989 2537
3990 2536
3990 2535
3991 2534
3992 2533
3993 2532
3993 2531
3994 2530
3995 2529
3996 2528
3996 2527
3997 2526
3997 2525
3998 2524
3999 2523
3999 2522
4000 2521
4001 2520
4002 2519
4002 2518
4003 2517
4004 2516
4005 2515
4005 2514
4006 2513
4007 2512
4008 2511
4008 2510
4009 2509
4010 2508
4011 2507
4011 2506
4012 2505
4013 2504
4014 2503
4014 2502
4015 2501
4016 2500
4016 2499
4017 2498
4017 2497
4017 2496
4018 2495
4018 2494
4019 2493
4019 2492
4020 2491
4020 2490
4021 2489
4022 2488
4022 2487
4022 2486
4023 2485
4023 2484
4024 2483
4024 2482
4025 2481
4025 2480
4026 2479
4026 2478
4027 2477
4027 2476
4028 2475
4028 2474
4029 2473
4029 2472
4030 2471
4031 2470
4032 2469
4033 2468
4033 2467
4034 2466
4034 2465
4035 2464
4036 2463
4036 2462
4037 2461
4037 2460
4038 2459
4039 2458
4040 2457
4041 2456
4042 2455
4043 2454
4044 2453
4045 2452
4046 2451
4047 2450
4047 2449
4048 2448
4049 2447
4050 2446
4051 2445
4051 2444
4052 2443
4053 2442
4053 2441
4054 2440
4054 2439
4055 2438
4056 2437
4056 2436
4057 2435
4058 2434
4058 2433
4059 2432
4059 2431
4060 2430
4061 2429
4061 2428
4062 2427
4063 2426
4063 2425
4064 2424
4065 2423
4065 2422
4065 2421
4066 2420
4066 2419
4066 2418
4067 2417
4067 2416
4067 2415
4067 2414
4068 2413
4068 2412
4068 2411
4068 2410
4069 2409
4069 2408
4069 2407
4069 2406
4069 2405
4070 2404
4070 2403
4070 2402
4071 2401
4071 2400
4072 2399
4073 2398
4074 2397
4075 2396
4075 2395
4076 2394
4077 2393
4078 2392
4079 2391
4080 2390
4081 2389
4081 2388
4082 2387
4082 2386
4083 2385
4083 2384
4083 2383
4084 2382
4084 2381
4084 2380
4084 2379
4085 2378
4085 2377
4085 2376
4085 2375
4085 2374
4085 2373
4086 2372
4086 2371
4086 2370
4086 2369
4086 2368
4086 2367
4086 2366
4086 2365
4086 2364
4086 2363
4086 2362
4086 2361
4086 2360
4087 2359
4087 2358
4087 2357
4087 2356
4087 2355
4087 2354
4087 2353
4087 2352
4087 2351
4087 2350
4087 2349
4087 2348
4087 2347
4087 2346
4087 2345
4087 2344
4087 2343
4087 2342
4087 2341
4087 2340
4087 2339
4087 2338
4087 2337
4087 2336
4087 2335
4087 2334
4087 2333
4087 2332
4087 2331
4087 2330
4087 2329
4087 2328
4087 2327
4087 2326
4087 2325
4087 2324
4087 2323
4087 2322
4087 2321
4087 2320
4087 2319
4087 2318
4087 2317
4087 2316
4087 2315
4087 2314
4087 2313
4087 2312
4087 2311
4087 2310
4087 2309
4087 2308
4087 2307
4087 2306
4088 2305
4088 2304
4088 2303
4088 2302
4089 2301
4089 2300
4089 2299
4089 2298
4090 2297
4090 2296
4090 2295
4090 2294
4091 2293
4091 2292
4091 2291
4091 2290
4092 2289
4092 2288
4092 2287
4092 2286
4092 2285
4093 2284
4093 2283
4093 2282
4093 2281
4093 2280
4093 2279
4093 2278
4094 2277
4094 2276
4094 2275
4094 2274
4094 2273
4094 2272
4094 2271
4094 2270
4094 2269
4094 2268
4094 2267
4094 2266
4094 2265
4094 2264
4094 2263
4094 2262
4095 2261
4095 2260
4095 2259
4095 2258
4095 2257
4095 2256
4095 2255
4095 2254
4095 2253
4095 2252
4096 2251
4096 2250
4096 2249
4096 2248
4097 2247
4097 2246
4098 2245
4098 2244
4099 2243
4099 2242
4099 2241
4100 2240
4100 2239
4100 2238
4100 2237
4100 2236
4100 2235
4101 2234
4101 2233
4101 2232
4101 2231
4101 2230
4101 2229
4101 2228
4101 2227
4101 2226
4102 2225
4102 2224
4102 2223
4102 2222
4102 2221
4102 2220
4102 2219
4102 2218
4102 2217
4102 2216
4102 2215
4102 2214
4102 2213
4102 2212
4102 2211
4102 2210
4102 2209
4103 2208
4103 2207
4103 2206
4104 2205
4104 2204
4104 2203
4104 2202
4105 2201
4105 2200
4105 2199
4106 2198
4106 2197
4106 2196
4107 2195
4107 2194
4107 2193
4108 2192
4108 2191
4108 2190
4108 2189
4108 2188
4109 2187
4109 2186
4109 2185
4109 2184
4109 2183
4109 2182
4110 2181
4110 2180
4110 2179
4110 2178
4110 2177
4110 2176
4110 2175
4110 2174
4110 2173
4110 2172
4110 2171
4110 2170
4110 2169
4110 2168
4110 2167
4110 2166
4110 2165
4111 2164
4111 2163
4111 2162
4111 2161
4111 2160
4111 2159
4111 2158
4111 2157
4111 2156
4111 2155
4111 2154
4111 2153
4111 2152
4111 2151
4111 2150
4111 2149
4111 2148
4111 2147
4111 2146
4111 2145
4111 2144
4111 2143
4111 2142
4111 2141
4111 2140
4111 2139
4111 2138
4111 2137
4111 2136
4111 2135
4111 2134
4111 2133
4111 2132
4111 2131
4111 2130
4111 2129
4111 2128
4111 2127
4111 2126
4111 2125
4111 2124
4111 2123
4111 2122
4111 2121
4111 2120
4111 2119
4110 2118
4110 2117
4110 2116
4110 2115
4109 2114
4109 2113
4109 2112
4108 2111
4108 2110
4108 2109
4107 2108
4107 2107
4107 2106
4107 2105
4106 2104
4106 2103
4106 2102
4106 2101
4106 2100
4105 2099
4105 2098
4105 2097
4105 2096
4105 2095
4105 2094
4105 2093
4105 2092
4104 2091
4104 2090
4104 2089
4103 2088
4103 2087
4103 2086
4102 2085
4102 2084
4101 2083
4101 2082
4101 2081
4100 2080
4100 2079
4100 2078
4099 2077
4099 2076
4099 2075
4098 2074
4098 2073
4097 2072
4097 2071
4096 2070
4096 2069
4095 2068
4095 2067
4094 2066
4094 2065
4094 2064
4093 2063
4093 2062
4092 2061
4092 2060
4092 2059
4092 2058
4092 2057
4091 2056
4091 2055
4091 2054
4091 2053
4091 2052
4090 2051
4090 2050
4090 2049
4090 2048
4089 2047
4089 2046
4089 2045
4089 2044
4088 2043
4088 2042
4088 2041
4087 2040
4087 2039
4087 2038
4086 2037
4086 2036
4086 2035
4085 2034
4085 2033
4084 2032
4084 2031
4084 2030
4083 2029
4083 2028
4082 2027
4082 2026
4081 2025
4081 2024
4080 2023
4079 2022
4079 2021
4078 2020
4077 2019
4077 2018
4076 2017
4076 2016
4076 2015
4075 2014
4075 2013
4075 2012
4075 2011
4074 2010
4074 2009
4074 2008
4074 2007
4074 2006
4074 2005
4073 2004
4073 2003
4073 2002
4072 2001
4072 2000
4072 1999
4071 1998
4071 1997
4070 1996
4069 1995
4068 1994
4067 1993
4067 1992
4066 1991
4065 1990
4064 1989
4064 1988
4063 1987
4062 1986
4062 1985
4061 1984
4061 1983
4061 1982
4060 1981
4060 1980
4059 1979
4058 1978
4058 1977
4057 1976
4057 1975
4056 1974
4055 1973
4055 1972
4054 1971
4053 1970
4053 1969
4052 1968
4051 1967
4051 1966
4050 1965
4049 1964
4049 1963
4048 1962
4047 1961
4046 1960
4046 1959
4045 1958
4044 1957
4044 1956
4043 1955
4043 1954
4042 1953
4042 1952
4042 1951
4042 1950
4041 1949
4041 1948
4041 1947
4041 1946
4041 1945
4040 1944
4040 1943
4039 1942
4038 1941
4037 1940
4036 1939
4035 1938
4034 1937
4034 1936
4033 1935
4032 1934
4031 1933
4030 1932
4029 1931
4028 1930
4028 1929
4027 1928
4027 1927
4027 1926
4026 1925
4026 1924
4025 1923
4025 1922
4024 1921
4024 1920
4023 1919
4023 1918
4022 1917
4022 1916
4021 1915
4021 1914
4020 1913
4020 1912
4019 1911
4018 1910
4017 1909
4016 1908
4015 1908
4014 1907
4013 1906
4012 1906
4011 1905
4010 1904
4009 1904
4008 1903
4007 1903
4006 1903
4005 1903
4004 1903
4003 1903
4002 1903
4001 1903
4000 1903
3999 1902
3998 1901
3997 1901
3996 1900
3995 1899
3994 1898
3993 1898
3992 1897
3991 1896
3990 1896
3989 1895
3988 1894
3987 1893
3986 1893
3985 1892
3984 1891
3983 1890
3982 1890
3981 1889
3980 1888
3979 1887
3978 1887
3977 1886
3976 1885
3975 1884
3974 1884
3973 1883
3972 1882
3971 1882
3970 1881
3969 1880
3968 1879
3967 1879
3966 1879
3965 1879
3964 1879
3963 1879
3962 1879
3961 1879
3960 1879
3959 1879
3958 1879
3957 1879
3956 1879
3955 1879
3954 1879
3953 1879
3952 1879
3951 1879
3950 1878
3949 1878
3948 1878
3947 1878
3946 1877
3945 1877
3944 1877
3943 1877
3942 1877
3941 1876
3940 1876
3939 1876
3938 1876
3937 1875
3936 1875
3935 1875
3934 1875
3933 1874
3932 1874
3931 1874
3930 1874
3929 1873
3928 1873
3927 1873
3926 1873
3925 1873
3924 1873
3923 1873
3922 1872
3921 1872
3920 1872
3919 1872
3918 1872
3917 1872
3916 1872
3915 1872
3914 1872
3913 1872
3912 1872
3911 1872
3910 1872
3909 1871
3908 1871
3907 1871
3906 1871
3905 1871
3904 1871
3903 1871
3902 1871
3901 1871
3900 1871
3899 1871
3898 1871
3897 1871
3896 1871
3895 1871
3894 1871
3893 1871
3892 1871
3891 1871
3890 1871
3889 1871
3888 1871
3887 1871
3886 1871
3885 1871
3884 1871
3883 1871
3882 1871
3881 1871
3880 1871
3879 1871
3878 1871
3877 1871
3876 1871
3875 1871
3874 1871
3873 1871
3872 1871
3871 1871
3870 1871
3869 1871
3868 1871
3867 1871
3866 1871
3865 1871
3864 1871
3863 1871
3862 1871
3861 1871
3860 1871
3859 1871
3858 1871
3857 1871
3856 1871
3855 1871
3854 1871
3853 1871
3852 1871
3851 1871
3850 1871
3849 1871
3848 1871
3847 1871
3846 1871
3845 1871
