2752 2142
2751 2143
2750 2143
2749 2143
2748 2143
2747 2143
2746 2143
2745 2143
2744 2144
2743 2144
2742 2144
2741 2144
2740 2144
2739 2144
2738 2144
2737 2145
2736 2145
2735 2145
2734 2145
2733 2146
2732 2146
2731 2146
2730 2146
2729 2146
2728 2147
2727 2147
2726 2147
2725 2147
2724 2147
2723 2147
2722 2147
2721 2148
2720 2148
2719 2149
2718 2149
2717 2149
2716 2150
2715 2150
2714 2150
2713 2151
2712 2151
2711 2152
2710 2152
2709 2152
2708 2153
2707 2154
2706 2155
2705 2155
2704 2155
2703 2155
2702 2156
2701 2156
2700 2156
2699 2156
2698 2156
2697 2156
2696 2157
2695 2157
2694 2158
2693 2158
2692 2158
2691 2158
2690 2158
2689 2158
2688 2159
2687 2159
2686 2159
2685 2160
2684 2160
2683 2160
2682 2161
2681 2161
2680 2161
2679 2161
2678 2161
2677 2161
2676 2161
2675 2161
2674 2161
2673 2161
2672 2162
2671 2162
2670 2162
2669 2163
2668 2163
2667 2163
2666 2163
2665 2164
2664 2164
2663 2164
2662 2164
2661 2165
2660 2165
2659 2166
2658 2166
2657 2166
2656 2167
2655 2167
2654 2167
2653 2167
2652 2167
2651 2167
2650 2168
2649 2168
2648 2168
2647 2169
2646 2169
2645 2169
2644 2170
2643 2170
2642 2170
2641 2170
2640 2170
2639 2170
2638 2170
2637 2170
2636 2170
2635 2170
2634 2170
2633 2170
2632 2170
2631 2170
2630 2170
2629 2170
2628 2170
2627 2170
2626 2170
2625 2170
2624 2170
2623 2170
2622 2170
2621 2170
2620 2169
2619 2169
2618 2169
2617 2169
2616 2169
2615 2169
2614 2169
2613 2169
2612 2169
2611 2169
2610 2169
2609 2169
2608 2169
2607 2169
2606 2169
2605 2169
2604 2169
2603 2169
2602 2169
2601 2169
2600 2169
2599 2169
2598 2169
2597 2169
2596 2168
2595 2168
2594 2168
2593 2168
2592 2167
2591 2167
2590 2166
2589 2166
2588 2166
2587 2165
2586 2164
2586 2163
2585 2163
2584 2162
2583 2162
2582 2162
2581 2162
2580 2161
2579 2161
2578 2161
2577 2161
2576 2161
2575 2161
2574 2161
2573 2161
2572 2161
2571 2161
2570 2161
2569 2161
2568 2160
2567 2160
2566 2160
2565 2160
2564 2160
2563 2160
2562 2159
2561 2159
2560 2158
2559 2158
2558 2158
2557 2157
2556 2157
2555 2157
2554 2157
2553 2157
2552 2157
2551 2156
2550 2155
2549 2155
2548 2154
2547 2154
2546 2153
2545 2152
2544 2152
2543 2151
2542 2151
2541 2150
2540 2150
2539 2150
2538 2150
2537 2149
2536 2149
2535 2149
2534 2149
2533 2149
2532 2149
2531 2149
2530 2149
2529 2149
2528 2149
2527 2149
2526 2149
2525 2148
2524 2148
2523 2148
2522 2148
2521 2148
2520 2148
2519 2148
2518 2148
2517 2148
2516 2148
2515 2148
2514 2148
2513 2148
2512 2148
2511 2148
2510 2148
2509 2148
2508 2148
2507 2148
2506 2148
2505 2148
2504 2149
2503 2149
2502 2150
2501 2151
2500 2152
2500 2153
2499 2154
2498 2155
2497 2156
2496 2157
2495 2158
2494 2159
2493 2159
2492 2160
2491 2161
2490 2161
2489 2161
2488 2162
2487 2162
2486 2162
2485 2163
2484 2163
2483 2164
2482 2165
2481 2165
2480 2165
2479 2166
2478 2166
2477 2166
2476 2166
2475 2166
2474 2166
2473 2167
2472 2167
2471 2168
2470 2168
2469 2168
2468 2169
2467 2169
2466 2169
2465 2170
2464 2170
2463 2171
2462 2171
2461 2171
2460 2171
2459 2171
2458 2172
2457 2172
2456 2172
2455 2172
2454 2172
2453 2172
2452 2172
2451 2172
2450 2172
2449 2173
2448 2173
2447 2174
2446 2174
2445 2174
2444 2174
2443 2174
2442 2174
2441 2175
2440 2175
2439 2175
2438 2175
2437 2175
2436 2176
2435 2176
2434 2177
2433 2177
2432 2177
2431 2177
2430 2177
2429 2177
2428 2177
2427 2177
2426 2177
2425 2178
2424 2178
2423 2179
2422 2179
2421 2180
2420 2181
2419 2182
2418 2183
2417 2183
2416 2184
2416 2185
2415 2186
2414 2186
2413 2186
2412 2187
2411 2187
2410 2187
2409 2188
2408 2188
2407 2189
2406 2189
2405 2189
2404 2189
2403 2190
2402 2190
2401 2190
2400 2190
2399 2190
2398 2190
2397 2190
2396 2190
2395 2190
2394 2191
2393 2191
2392 2192
2391 2192
2390 2192
2389 2192
2388 2193
2387 2193
2386 2194
2385 2194
2384 2195
2383 2195
2382 2195
2381 2195
2380 2195
2379 2196
2378 2196
2377 2197
2376 2197
2375 2198
2374 2198
2373 2198
2372 2199
2371 2199
2370 2199
2369 2200
2368 2200
2367 2201
2366 2201
2365 2202
2364 2202
2363 2203
2362 2203
2361 2204
2360 2204
2359 2204
2358 2204
2357 2204
2356 2205
2355 2205
2354 2205
2353 2205
2352 2205
2351 2205
2350 2206
2349 2206
2348 2206
2347 2206
2346 2206
2345 2207
2344 2207
2343 2207
2342 2207
2341 2207
2340 2207
2339 2207
2338 2207
2337 2207
2336 2207
2335 2207
2334 2206
2333 2205
2332 2205
2331 2205
2330 2204
2330 2205
2331 2206
2331 2207
2331 2208
2331 2209
2332 2210
2332 2211
2331 2212
2331 2213
2330 2214
2330 2215
2329 2216
2328 2217
2327 2218
2326 2219
2325 2220
2324 2221
2323 2222
2322 2222
2321 2223
2320 2224
2319 2225
2318 2225
2317 2226
2316 2226
2315 2226
2314 2226
2313 2227
2312 2227
2311 2228
2310 2228
2309 2229
2308 2229
2307 2229
2306 2230
2305 2231
2304 2231
2303 2232
2302 2232
2301 2232
2300 2233
2299 2233
2298 2233
2297 2234
2296 2234
2295 2234
2294 2234
2293 2235
2292 2235
2291 2235
2290 2235
2289 2235
2288 2235
2287 2235
2286 2235
2285 2236
2284 2236
2283 2237
2282 2237
2281 2237
2280 2238
2279 2238
2278 2238
2277 2238
2276 2238
2275 2239
2274 2239
2273 2239
2272 2239
2271 2240
2270 2240
2269 2240
2268 2240
2267 2240
2266 2241
2265 2241
2264 2241
2263 2242
2262 2242
2261 2242
2260 2243
2259 2243
2258 2244
2257 2244
2256 2244
2255 2244
2254 2244
2253 2244
2252 2245
2251 2244
2250 2244
2249 2244
2248 2244
2247 2244
2246 2244
2245 2244
2244 2244
2243 2245
2242 2245
2241 2246
2240 2246
2239 2246
2238 2246
2237 2246
2236 2246
2235 2247
2234 2247
2233 2247
2232 2247
2231 2247
2230 2247
2229 2248
2228 2248
2227 2248
2226 2248
2225 2249
2224 2249
2223 2249
2222 2249
2221 2249
2220 2249
2219 2249
2218 2249
2217 2249
2216 2249
2215 2249
2214 2249
2213 2250
2212 2250
2211 2251
2210 2251
2209 2251
2208 2252
2207 2252
2206 2252
2205 2253
2204 2253
2203 2254
2202 2254
2201 2254
2200 2254
2199 2254
2198 2255
2197 2255
2196 2255
2195 2255
2194 2255
2193 2255
2192 2255
2191 2256
2190 2256
2189 2256
2188 2256
2187 2257
2186 2257
2185 2257
2184 2258
2183 2258
2182 2258
2181 2258
2180 2259
2179 2259
2178 2259
2177 2259
2176 2260
2175 2260
2174 2260
2173 2261
2172 2261
2171 2261
2170 2262
2169 2262
2168 2262
2167 2263
2166 2263
2165 2263
2164 2264
2163 2264
2162 2264
2161 2265
2160 2265
2159 2265
2158 2266
2157 2266
2156 2266
2155 2267
2154 2267
2153 2268
2152 2268
2151 2269
2150 2269
2149 2270
2148 2270
2147 2271
2146 2272
2145 2272
2144 2273
2143 2274
2142 2274
2141 2275
2140 2276
2139 2276
2138 2276
2137 2276
2136 2277
2135 2276
2134 2276
2133 2276
2132 2276
2131 2276
2130 2276
2129 2276
2128 2276
2127 2276
2126 2276
2125 2276
2124 2276
2123 2277
2122 2277
2121 2278
2120 2278
2119 2279
2118 2279
2117 2279
2116 2279
2115 2279
2114 2279
2113 2279
2112 2279
2111 2279
2110 2279
2109 2279
2108 2279
2107 2279
2106 2279
2105 2279
2104 2279
2103 2279
2102 2279
2101 2279
2100 2279
2099 2279
2098 2279
2097 2279
2096 2280
2095 2280
2094 2280
2093 2280
2092 2280
2091 2280
2090 2280
2089 2280
2088 2280
2087 2280
2086 2280
2085 2280
2084 2281
2083 2281
2082 2281
2081 2281
2080 2281
2079 2281
2078 2281
2077 2281
2076 2282
2075 2282
2074 2282
2073 2282
2072 2283
2071 2283
2070 2283
2069 2283
2068 2284
2067 2284
2066 2285
2065 2286
2064 2286
2063 2286
2062 2286
2061 2287
2060 2287
2059 2287
2058 2287
2057 2287
2056 2287
2055 2287
2054 2287
2053 2287
2052 2288
2051 2288
2050 2289
2049 2289
2048 2289
2047 2289
2046 2289
2045 2289
2044 2290
2043 2290
2042 2290
2041 2290
2040 2290
2039 2290
2038 2290
2037 2291
2036 2291
2035 2291
2034 2291
2033 2291
2032 2291
2031 2292
2030 2292
2029 2292
2028 2292
2027 2293
2026 2293
2025 2293
2024 2293
2023 2293
2022 2293
2021 2293
2020 2293
2019 2293
2018 2294
2017 2294
2016 2294
2015 2294
2014 2294
2013 2294
2012 2294
2011 2294
2010 2294
2009 2295
2008 2295
2007 2295
2006 2295
2005 2295
2004 2295
2003 2296
2002 2296
2001 2296
2000 2296
1999 2297
1998 2297
1997 2297
1996 2297
1995 2297
1994 2298
1993 2298
1992 2298
1991 2299
1990 2299
1989 2300
1988 2300
1987 2300
1986 2301
1985 2301
1984 2301
1983 2302
1982 2302
1981 2302
1980 2302
1979 2302
1978 2302
1977 2302
1976 2303
1975 2303
1974 2303
1973 2304
1972 2304
1971 2305
1970 2305
1969 2306
1968 2306
1967 2306
1966 2306
1965 2306
1964 2306
1963 2306
1962 2306
1961 2306
1960 2306
1959 2306
1958 2306
1957 2306
1956 2306
1955 2306
1954 2306
1953 2306
1952 2306
1951 2306
1950 2306
1949 2306
1948 2306
1947 2306
1946 2306
1945 2306
1944 2305
1943 2305
1942 2305
1941 2305
1940 2305
1939 2305
1938 2305
1937 2305
1936 2305
1935 2305
1934 2305
1933 2305
1932 2305
1931 2305
1930 2305
1929 2305
1928 2305
1927 2305
1926 2305
1925 2305
1924 2305
1923 2305
1922 2305
1921 2304
1920 2304
1919 2304
1918 2304
1917 2304
1916 2304
1915 2304
1914 2304
1913 2304
1912 2304
1911 2304
1910 2305
1909 2305
1908 2305
1907 2305
1906 2306
1905 2306
1904 2306
1903 2306
1902 2306
1901 2306
1900 2306
1899 2306
1898 2306
1897 2306
1896 2306
1895 2306
1894 2306
1893 2306
1892 2306
1891 2306
1890 2306
1889 2306
1888 2306
1887 2306
1886 2306
1885 2306
1884 2306
1883 2306
1882 2306
1881 2306
1880 2306
1879 2306
1878 2306
1877 2306
1876 2307
1875 2307
1874 2307
1873 2308
1872 2308
1871 2308
1870 2308
1869 2308
1868 2308
1867 2309
1866 2309
1865 2310
1864 2310
1863 2310
1862 2310
1861 2311
1860 2311
1859 2311
1858 2311
1857 2311
1856 2311
1855 2311
1854 2311
1853 2311
1852 2311
1851 2311
1850 2311
1849 2311
1848 2311
1847 2311
1846 2311
1845 2311
1844 2311
1843 2311
1842 2311
1841 2311
1840 2311
1839 2312
1838 2312
1837 2312
1836 2312
1835 2313
1834 2313
1833 2313
1832 2313
1831 2313
1830 2313
1829 2313
1828 2313
1827 2313
1826 2313
1825 2314
1824 2314
1823 2314
1822 2315
1821 2315
1820 2316
1819 2316
1818 2316
1817 2316
1816 2316
1815 2316
1814 2316
1813 2316
1812 2316
1811 2316
1810 2316
1809 2316
1808 2316
1807 2316
1806 2317
1805 2317
1804 2318
1803 2318
1802 2318
1801 2318
1800 2319
1799 2319
1798 2319
1797 2319
1796 2319
1795 2319
1794 2319
1793 2319
1792 2319
1791 2319
1790 2319
1789 2319
1788 2319
1787 2319
1786 2319
1785 2319
1784 2319
1783 2319
1782 2319
1781 2319
1780 2319
1779 2319
1778 2320
1777 2320
1776 2320
1775 2320
1774 2320
1773 2321
1772 2321
1771 2321
1770 2321
1769 2321
1768 2321
1767 2321
1766 2322
1765 2322
1764 2322
1763 2323
1762 2323
1761 2323
1760 2323
1759 2324
1758 2324
1757 2324
1756 2324
1755 2324
1754 2324
1753 2324
1752 2324
1751 2324
1750 2324
1749 2324
1748 2324
1747 2324
1746 2324
1745 2324
1744 2324
1743 2324
1742 2324
1741 2324
1740 2324
1739 2325
1738 2325
1737 2325
1736 2325
1735 2326
1734 2326
1733 2326
1732 2326
1731 2326
1730 2326
1729 2326
1728 2326
1727 2326
1726 2326
1725 2326
1724 2326
1723 2326
1722 2326
1721 2327
1720 2328
1719 2328
1718 2328
1717 2328
1716 2329
1715 2329
1714 2329
1713 2330
1712 2330
1711 2330
1710 2330
1709 2331
1708 2331
1707 2331
1706 2331
1705 2331
1704 2331
1703 2331
1702 2331
1701 2331
1700 2332
1699 2332
1698 2333
1697 2333
1696 2334
1695 2334
1694 2334
1693 2334
1692 2334
1691 2334
1690 2334
1689 2334
1688 2334
1687 2334
1686 2334
1685 2334
1684 2334
1683 2334
1682 2334
1681 2334
1680 2334
1679 2334
1678 2334
1677 2334
1676 2334
1675 2334
1674 2334
1673 2334
1672 2334
1671 2334
1670 2334
1669 2334
1668 2334
1667 2334
1666 2334
1665 2334
1664 2334
1663 2334
1662 2333
1661 2333
1660 2333
1659 2333
1658 2333
1657 2333
1656 2333
1655 2333
1654 2333
1653 2333
1652 2332
1651 2332
1650 2331
1649 2331
1648 2331
1647 2331
1646 2331
1645 2330
1644 2330
1643 2330
1642 2330
1641 2330
1640 2329
1639 2328
1638 2327
1637 2327
1636 2327
1635 2326
1634 2326
1633 2326
1632 2326
1631 2326
1630 2325
1629 2325
1628 2325
1627 2324
1626 2324
1625 2324
1624 2323
1623 2323
1622 2323
1621 2323
1620 2323
1619 2322
1618 2322
1617 2322
1616 2322
1615 2322
1614 2322
1613 2321
1612 2321
1611 2321
1610 2321
1609 2321
1608 2321
1607 2321
1606 2321
1605 2321
1604 2321
1603 2321
1602 2321
1601 2321
1600 2321
1599 2321
1598 2321
1597 2321
1596 2320
1595 2320
1594 2320
1593 2320
1592 2320
1591 2320
1590 2320
1589 2320
1588 2320
1587 2320
1586 2320
1585 2320
1584 2320
1583 2320
1582 2320
1581 2320
1580 2320
1579 2320
1578 2320
1577 2320
1576 2320
1575 2320
1574 2320
1573 2319
1572 2319
1571 2319
1570 2319
1569 2319
1568 2319
1567 2319
1566 2319
1565 2319
1564 2319
1563 2319
1562 2319
1561 2319
1560 2319
1559 2319
1558 2319
1557 2319
1556 2319
1555 2319
1554 2319
1553 2319
1552 2319
1551 2318
1550 2318
1549 2318
1548 2318
1547 2318
1546 2318
1545 2318
1544 2318
1543 2318
1542 2318
1541 2318
1540 2318
1539 2318
1538 2318
1537 2319
1536 2319
1535 2319
1534 2319
1533 2320
1532 2320
1531 2320
1530 2321
1530 2322
1531 2322
1532 2323
1533 2323
1534 2324
1535 2324
1536 2325
1537 2325
1538 2325
1539 2325
1540 2326
1541 2326
1542 2326
1543 2327
1544 2327
1545 2327
1546 2328
1547 2328
1548 2329
1549 2329
1550 2330
1551 2330
1552 2330
1553 2330
1554 2331
1555 2331
1556 2331
1557 2331
1558 2331
1559 2331
1560 2332
1561 2332
1562 2332
1563 2332
1564 2332
1565 2332
1566 2332
1567 2332
1568 2332
1569 2332
1570 2332
1571 2332
1572 2333
1573 2333
1574 2333
1575 2333
1576 2333
1577 2333
1578 2333
1579 2333
1580 2333
1581 2333
1582 2333
1583 2333
1584 2333
1585 2334
1586 2334
1587 2334
1588 2334
1589 2335
1590 2335
1591 2335
1592 2336
1593 2336
1594 2336
1595 2336
1596 2336
1597 2336
1598 2336
1599 2337
1600 2337
1601 2337
1602 2337
1603 2338
1604 2338
1605 2338
1606 2339
1607 2339
1608 2339
1609 2339
1610 2340
1611 2340
1612 2341
1613 2341
1614 2342
1615 2342
1616 2343
1617 2344
1618 2345
1619 2346
1620 2346
1621 2347
1622 2348
1623 2348
1624 2349
1625 2350
1626 2350
1627 2350
1628 2350
1629 2351
1630 2351
1631 2351
1632 2351
1633 2351
1634 2352
1635 2352
1636 2352
1637 2352
1638 2352
1639 2352
1640 2352
1641 2352
1642 2352
1643 2352
1644 2353
1645 2353
1646 2353
1647 2353
1648 2353
1649 2353
1650 2353
1651 2353
1652 2353
1653 2353
1654 2353
1655 2353
1656 2353
1657 2353
1658 2353
1659 2353
1660 2353
1661 2354
1662 2354
1663 2354
1664 2354
1665 2354
1666 2354
1667 2354
1668 2354
1669 2354
1670 2354
1671 2354
1672 2354
1673 2354
1674 2354
1675 2354
1676 2354
1677 2354
1678 2354
1679 2354
1680 2354
1681 2354
1682 2354
1683 2355
1684 2355
1685 2355
1686 2355
1687 2355
1688 2355
1689 2355
1690 2355
1691 2355
1692 2355
1693 2355
1694 2355
1695 2355
1696 2355
1697 2355
1698 2355
1699 2355
1700 2355
1701 2355
1702 2355
1703 2355
1704 2355
1705 2355
1706 2356
1707 2356
1708 2356
1709 2356
1710 2356
1711 2356
1712 2356
1713 2356
1714 2356
1715 2356
1716 2356
1717 2356
1718 2356
1719 2356
1720 2356
1721 2356
1722 2356
1723 2356
1724 2356
1725 2356
1726 2356
1727 2356
1728 2356
1729 2357
1730 2357
1731 2357
1732 2357
1733 2357
1734 2357
1735 2357
1736 2357
1737 2357
1738 2357
1739 2357
1740 2357
1741 2357
1742 2357
1743 2357
1744 2357
1745 2357
1746 2357
1747 2357
1748 2357
1749 2357
1750 2357
1751 2358
1752 2358
1753 2358
1754 2358
1755 2358
1756 2358
1757 2358
1758 2358
1759 2358
1760 2358
1761 2358
1762 2358
1763 2358
1764 2358
1765 2358
1766 2358
1767 2358
1768 2358
1769 2358
1770 2358
1771 2358
1772 2358
1773 2359
1774 2359
1775 2358
1776 2358
1777 2358
1778 2358
1779 2357
1780 2357
1781 2357
1782 2357
1783 2357
1784 2356
1785 2356
1786 2356
1787 2356
1788 2356
1789 2356
1790 2356
1791 2356
1792 2356
1793 2356
1794 2356
1795 2356
1796 2356
1797 2356
1798 2356
1799 2356
1800 2356
1801 2356
1802 2356
1803 2356
1804 2356
1805 2356
1806 2356
1807 2357
1808 2357
1809 2357
1810 2357
1811 2357
1812 2356
1813 2356
1814 2356
1815 2355
1816 2355
1817 2355
1818 2354
1819 2354
1820 2353
1821 2353
1822 2353
1823 2352
1824 2352
1825 2352
1826 2352
1827 2352
1828 2352
1829 2351
1830 2351
1831 2351
1832 2351
1833 2351
1834 2351
1835 2351
1836 2351
1837 2351
1838 2351
1839 2351
1840 2351
1841 2351
1842 2352
1843 2352
1844 2352
1845 2352
1846 2352
1847 2352
1848 2352
1849 2352
1850 2352
1851 2352
1852 2352
1853 2352
1854 2352
1855 2352
1856 2352
1857 2352
1858 2352
1859 2352
1860 2352
1861 2352
1862 2352
1863 2352
1864 2352
1865 2352
1866 2352
1867 2352
1868 2353
1869 2353
1870 2353
1871 2353
1872 2353
1873 2353
1874 2353
1875 2353
1876 2353
1877 2353
1878 2353
1879 2353
1880 2353
1881 2353
1882 2353
1883 2353
1884 2353
1885 2353
1886 2353
1887 2353
1888 2353
1889 2353
1890 2353
1891 2354
1892 2354
1893 2354
1894 2354
1895 2354
1896 2354
1897 2354
1898 2354
1899 2354
1900 2354
1901 2354
1902 2354
1903 2354
1904 2354
1905 2354
1906 2354
1907 2354
1908 2354
1909 2354
1910 2354
1911 2354
1912 2354
1913 2355
1914 2355
1915 2355
1916 2355
1917 2355
1918 2355
1919 2355
1920 2355
1921 2355
1922 2355
1923 2355
1924 2355
1925 2355
1926 2355
1927 2355
1928 2355
1929 2355
1930 2355
1931 2355
1932 2355
1933 2355
1934 2355
1935 2355
1936 2356
1937 2356
1938 2356
1939 2356
1940 2356
1941 2356
1942 2356
1943 2356
1944 2357
1945 2357
1946 2358
1947 2358
1948 2358
1949 2358
1950 2359
1951 2359
1952 2359
1953 2359
1954 2359
1955 2359
1956 2360
1957 2360
1958 2360
1959 2360
1960 2360
1961 2360
1962 2360
1963 2360
1964 2360
1965 2360
1966 2360
1967 2360
1968 2360
1969 2360
1970 2360
1971 2361
1972 2361
1973 2361
1974 2361
1975 2361
1976 2361
1977 2361
1978 2361
1979 2361
1980 2361
1981 2361
1982 2361
1983 2361
1984 2361
1985 2361
1986 2361
1987 2361
1988 2361
1989 2361
1990 2361
1991 2361
1992 2361
1993 2362
1994 2362
1995 2362
1996 2362
1997 2362
1998 2362
1999 2363
2000 2363
2001 2363
2002 2364
2003 2364
2004 2364
2005 2364
2006 2365
2007 2365
2008 2365
2009 2365
2010 2365
2011 2365
2012 2365
2013 2365
2014 2366
2015 2366
2016 2366
2017 2366
2018 2366
2019 2366
2020 2366
2021 2366
2022 2367
2023 2367
2024 2367
2025 2368
2026 2368
2027 2368
2028 2369
2029 2369
2030 2369
2031 2369
2032 2369
2033 2369
2034 2370
2035 2370
2036 2370
2037 2370
2038 2370
2039 2370
2040 2370
2041 2370
2042 2371
2043 2371
2044 2371
2045 2371
2046 2371
2047 2371
2048 2371
2049 2371
2050 2371
2051 2371
2052 2371
2053 2371
2054 2371
2055 2372
2056 2372
2057 2373
2058 2374
2059 2374
2060 2375
2061 2376
2062 2376
2063 2377
2064 2377
2065 2377
2066 2377
2067 2378
2068 2378
2069 2378
2070 2379
2071 2379
2072 2379
2073 2380
2074 2380
2075 2381
2076 2381
2077 2381
2078 2381
2079 2382
2080 2383
2081 2384
2082 2385
2083 2386
2084 2386
2085 2387
2086 2387
2087 2388
2088 2388
2089 2389
2090 2389
2091 2390
2092 2390
2093 2391
2094 2391
2095 2391
2096 2392
2097 2392
2098 2393
2099 2393
2100 2394
2101 2394
2102 2394
2103 2395
2104 2396
2105 2397
2106 2398
2107 2398
2108 2399
2109 2399
2110 2399
2111 2400
2112 2400
2113 2400
2114 2400
2115 2400
2116 2400
2117 2400
2118 2401
2119 2401
2120 2401
2121 2401
2122 2402
2123 2402
2124 2402
2125 2403
2126 2403
2127 2404
2128 2404
2129 2404
2130 2404
2131 2404
2132 2405
2133 2405
2134 2405
2135 2405
2136 2405
2137 2406
2138 2406
2139 2407
2140 2408
2141 2409
2142 2409
2143 2410
2144 2410
2145 2411
2146 2411
2147 2411
2148 2411
2149 2412
2150 2412
2151 2412
2152 2412
2153 2412
2154 2412
2155 2412
2156 2413
2157 2413
2158 2413
2159 2413
2160 2413
2161 2413
2162 2414
2163 2414
2164 2415
2165 2415
2166 2415
2167 2415
2168 2416
2169 2416
2170 2416
2171 2416
2172 2416
2173 2417
2174 2417
2175 2417
2176 2417
2177 2417
2178 2417
2179 2417
2180 2417
2181 2417
2182 2417
2183 2417
2184 2417
2185 2417
2186 2417
2187 2418
2188 2418
2189 2418
2190 2418
2191 2418
2192 2418
2193 2418
2194 2419
2195 2419
2196 2420
2197 2420
2198 2420
2199 2421
2200 2421
2201 2421
2202 2421
2203 2421
2204 2421
2205 2421
2206 2421
2207 2421
2208 2422
2209 2422
2210 2422
2211 2423
2212 2423
2213 2424
2214 2424
2215 2424
2216 2425
2217 2425
2218 2425
2219 2426
2220 2426
2221 2427
2222 2427
2223 2428
2224 2428
2225 2428
2226 2428
2227 2429
2228 2429
2229 2429
2230 2429
2231 2429
2232 2429
2233 2429
2234 2430
2235 2430
2236 2430
2237 2430
2238 2431
2239 2431
2240 2432
2241 2432
2242 2432
2243 2433
2244 2433
2245 2433
2246 2433
2247 2433
2248 2433
2249 2433
2250 2434
2251 2434
2252 2434
2253 2434
2254 2434
2255 2434
2256 2434
2257 2434
2258 2434
2259 2435
2260 2435
2261 2435
2262 2436
2263 2436
2264 2436
2265 2436
2266 2437
2267 2437
2268 2437
2269 2437
2270 2438
2271 2438
2272 2438
2273 2439
2274 2439
2275 2440
2276 2440
2277 2440
2278 2440
2279 2441
2280 2441
2281 2441
2282 2441
2283 2442
2284 2442
2285 2442
2286 2442
2287 2443
2288 2443
2289 2444
2290 2444
2291 2444
2292 2445
2293 2445
2294 2445
2295 2445
2296 2445
2297 2445
2298 2446
2299 2446
2300 2446
2301 2446
2302 2447
2303 2447
2304 2448
2305 2448
2306 2448
2307 2449
2308 2449
2309 2449
2310 2449
2311 2450
2312 2450
2313 2451
2314 2451
2315 2452
2316 2452
2317 2453
2318 2453
2319 2453
2320 2453
2321 2453
2322 2453
2323 2454
2324 2454
2325 2454
2326 2454
2327 2454
2328 2454
2329 2454
2330 2454
2331 2454
2332 2455
2333 2455
2334 2455
2335 2455
2336 2456
2337 2456
2338 2457
2339 2458
2340 2458
2341 2459
2342 2459
2343 2460
2344 2460
2345 2460
2346 2461
2347 2461
2348 2461
2349 2461
2350 2462
2351 2462
2352 2462
2353 2462
2354 2462
2355 2462
2356 2462
2357 2463
2358 2463
2359 2464
2360 2464
2361 2464
2362 2465
2363 2465
2364 2465
2365 2465
2366 2465
2367 2466
2368 2466
2369 2466
2370 2467
2371 2467
2372 2467
2373 2468
2374 2468
2375 2469
2376 2469
2377 2469
2378 2469
2379 2469
2380 2470
2381 2470
2382 2470
2383 2470
2384 2470
2385 2470
2386 2470
2387 2471
2388 2471
2389 2472
2390 2472
2391 2472
2392 2473
2393 2473
2394 2473
2395 2474
2396 2474
2397 2474
2398 2475
2399 2475
2400 2475
2401 2476
2402 2476
2403 2476
2404 2477
2405 2477
2406 2477
2407 2477
2408 2478
2409 2479
2410 2479
2411 2480
2412 2480
2413 2480
2414 2481
2415 2481
2416 2481
2417 2481
2418 2482
2419 2482
2420 2482
2421 2483
2422 2483
2423 2484
2424 2484
2425 2484
2426 2485
2427 2485
2428 2485
2429 2485
2430 2485
2431 2486
2432 2486
2433 2487
2434 2488
2435 2488
2436 2488
2437 2489
2438 2489
2439 2489
2440 2489
2441 2490
2442 2490
2443 2490
2444 2490
2445 2490
2446 2491
2447 2491
2448 2491
2449 2492
2450 2492
2451 2492
2452 2493
2453 2493
2454 2493
2455 2493
2456 2493
2457 2493
2458 2494
2459 2494
2460 2494
2461 2494
2462 2494
2463 2494
2464 2494
2465 2494
2466 2494
2467 2495
2468 2495
2469 2495
2470 2495
2471 2495
2472 2495
2473 2495
2474 2495
2475 2495
2476 2495
2477 2495
2478 2495
2479 2495
2480 2495
2481 2495
2482 2495
2483 2495
2484 2495
2485 2495
2486 2495
2487 2496
2488 2496
2489 2496
2490 2496
2491 2496
2492 2496
2493 2496
2494 2496
2495 2496
2496 2496
2497 2496
2498 2496
2499 2496
2500 2496
2501 2496
2502 2496
2503 2496
2504 2496
2505 2496
2506 2496
2507 2496
2508 2497
2509 2497
2510 2497
2511 2497
2512 2497
2513 2497
2514 2497
2515 2497
2516 2497
2517 2497
2518 2497
2519 2497
2520 2497
2521 2497
2522 2497
2523 2497
2524 2497
2525 2497
2526 2497
2527 2497
2528 2497
2529 2497
2530 2497
2531 2498
2532 2498
2533 2498
2534 2498
2535 2498
2536 2498
2537 2498
2538 2498
2539 2498
2540 2498
2541 2498
2542 2498
2543 2498
2544 2498
2545 2498
2546 2498
2547 2498
2548 2498
2549 2498
2550 2498
2551 2498
2552 2498
2553 2499
2554 2499
2555 2499
2556 2499
2557 2499
2558 2499
2559 2499
2560 2498
2561 2498
2562 2498
2563 2497
2564 2497
2565 2497
2566 2497
2567 2496
2568 2496
2569 2496
2570 2495
2571 2495
2572 2495
2573 2494
2574 2494
2575 2494
2576 2493
2577 2492
2578 2492
2579 2491
2580 2491
2581 2491
2582 2491
2583 2490
2584 2490
2585 2489
2586 2488
2587 2488
2588 2487
2589 2487
2590 2486
2591 2485
2592 2484
2593 2484
2594 2483
2595 2483
2596 2482
2597 2482
2598 2481
2599 2481
2600 2480
2601 2479
2602 2478
2603 2477
2604 2477
2605 2476
2606 2475
2607 2475
2608 2475
2609 2475
2610 2474
2611 2474
2612 2474
2613 2473
2614 2472
2615 2472
2616 2471
2617 2470
2618 2469
2619 2469
2620 2469
2621 2468
2622 2468
2623 2468
2624 2467
2625 2467
2626 2466
2627 2466
2628 2466
2629 2465
2630 2464
2631 2464
2632 2463
2633 2462
2634 2461
2635 2460
2636 2459
2637 2458
2638 2458
2639 2457
2640 2457
2641 2456
2641 2455
2642 2454
2643 2453
2644 2452
2645 2451
2646 2450
2646 2449
2647 2448
2648 2447
2648 2446
2649 2445
2650 2444
2651 2443
2652 2442
2653 2441
2654 2440
2655 2439
2656 2438
2657 2438
2658 2437
2659 2437
2660 2436
2661 2435
2662 2435
2663 2434
2664 2434
2665 2433
2666 2433
2667 2433
2668 2433
2669 2433
2670 2432
2671 2432
2672 2431
2673 2431
2674 2430
2675 2429
2676 2429
2677 2428
2678 2428
2679 2427
2680 2426
2681 2425
2682 2424
2683 2424
2684 2424
2685 2423
2686 2423
2687 2422
2688 2422
2689 2421
2690 2421
2691 2421
2692 2420
2693 2419
2694 2419
2695 2418
2696 2418
2697 2417
2698 2416
2699 2416
2700 2415
2701 2415
2702 2415
2703 2414
2704 2413
2705 2413
2706 2412
2707 2412
2708 2412
2709 2411
2710 2411
2711 2410
2712 2410
2713 2409
2714 2409
2715 2409
2716 2408
2717 2408
2718 2407
2719 2406
2720 2405
2721 2404
2722 2403
2723 2402
2724 2402
2725 2401
2726 2400
2727 2400
2728 2399
2729 2398
2730 2398
2731 2397
2732 2397
2733 2396
2734 2395
2734 2394
2735 2393
2736 2392
2737 2391
2738 2390
2739 2390
2740 2389
2740 2388
2741 2387
2742 2386
2743 2385
2744 2384
2745 2383
2746 2382
2747 2381
2747 2380
2748 2379
2749 2378
2750 2377
2751 2377
2752 2376
2753 2375
2754 2374
2755 2374
2756 2373
2757 2372
2758 2371
2759 2370
2760 2369
2760 2368
2761 2367
2762 2366
2762 2365
2763 2364
2764 2363
2764 2362
2765 2361
2765 2360
2766 2359
2767 2358
2768 2357
2768 2356
2769 2355
2770 2355
2770 2354
2771 2353
2771 2352
2772 2351
2773 2350
2774 2349
2774 2348
2775 2347
2776 2346
2777 2345
2777 2344
2778 2343
2778 2342
2779 2341
2779 2340
2779 2339
2780 2338
2780 2337
2781 2336
2781 2335
2782 2334
2782 2333
2783 2332
2784 2331
2785 2330
2785 2329
2786 2328
2786 2327
2786 2326
2787 2325
2787 2324
2787 2323
2788 2322
2788 2321
2789 2320
2789 2319
2790 2318
2790 2317
2790 2316
2790 2315
2791 2314
2791 2313
2791 2312
2792 2311
2792 2310
2792 2309
2793 2308
2793 2307
2793 2306
2793 2305
2794 2304
2794 2303
2794 2302
2794 2301
2794 2300
2795 2299
2795 2298
2795 2297
2795 2296
2795 2295
2796 2294
2796 2293
2797 2292
2798 2291
2798 2290
2798 2289
2799 2288
2799 2287
2799 2286
2799 2285
2799 2284
2799 2283
2799 2282
2800 2281
2800 2280
2800 2279
2800 2278
2800 2277
2800 2276
2800 2275
2800 2274
2800 2273
2800 2272
2800 2271
2800 2270
2800 2269
2800 2268
2800 2267
2801 2266
2801 2265
2801 2264
2801 2263
2801 2262
2801 2261
2801 2260
2801 2259
2801 2258
2801 2257
2801 2256
2801 2255
2801 2254
2801 2253
2801 2252
2801 2251
2801 2250
2801 2249
2801 2248
2801 2247
2802 2246
2802 2245
2802 2244
2802 2243
2802 2242
2802 2241
2802 2240
2802 2239
2802 2238
2802 2237
2802 2236
2802 2235
2802 2234
2802 2233
2802 2232
2802 2231
2802 2230
2802 2229
2802 2228
2802 2227
2802 2226
2802 2225
2803 2224
2803 2223
2803 2222
2803 2221
2803 2220
2803 2219
2803 2218
2803 2217
2803 2216
2803 2215
2803 2214
2802 2213
2802 2212
2801 2211
2801 2210
2800 2209
2800 2208
2799 2207
2799 2206
2799 2205
2798 2204
2798 2203
2798 2202
2797 2201
2797 2200
2796 2199
2796 2198
2795 2197
2794 2196
2794 2195
2793 2194
2793 2193
2792 2192
2791 2191
2790 2190
2789 2189
2789 2188
2788 2187
2788 2186
2787 2185
2787 2184
2786 2183
2786 2182
2785 2181
2785 2180
2785 2179
2784 2178
2783 2177
2782 2176
2781 2175
2780 2174
2779 2173
2778 2172
2777 2171
2776 2170
2775 2169
2774 2168
2773 2167
2772 2166
2771 2166
2770 2165
2769 2164
2768 2163
2767 2162
2766 2161
2766 2160
2765 2159
2764 2158
2763 2157
2762 2156
2761 2155
2760 2154
2760 2153
2759 2152
2759 2151
2758 2150
2757 2150
2756 2149
2755 2149
2754 2149
2753 2148
2753 2147
2753 2146
2754 2145
2755 2145
2756 2144
2757 2144
2756 2143
2756 2142
2755 2142
2755 2143
2754 2144
2753 2144
2752 2143
2752 2142
