2799 1848
2798 1849
2798 1850
2798 1851
2798 1852
2798 1853
2798 1854
2798 1855
2798 1856
2798 1857
2798 1858
2798 1859
2798 1860
2798 1861
2798 1862
2798 1863
2798 1864
2797 1865
2797 1866
2797 1867
2796 1868
2796 1869
2795 1870
2795 1871
2794 1872
2794 1873
2794 1874
2794 1875
2793 1876
2793 1877
2793 1878
2793 1879
2793 1880
2793 1881
2793 1882
2793 1883
2793 1884
2793 1885
2793 1886
2793 1887
2793 1888
2793 1889
2793 1890
2793 1891
2792 1892
2791 1893
2790 1894
2789 1895
2788 1895
2787 1895
2786 1895
2785 1895
2784 1895
2783 1896
2782 1896
2781 1896
2780 1896
2779 1897
2778 1897
2777 1898
2776 1898
2775 1898
2774 1899
2773 1899
2772 1900
2771 1900
2770 1901
2769 1902
2768 1902
2767 1903
2766 1903
2765 1903
2764 1904
2763 1904
2762 1904
2761 1905
2760 1905
2759 1906
2758 1907
2757 1908
2756 1908
2755 1909
2754 1910
2753 1911
2752 1912
2751 1913
2750 1913
2749 1914
2748 1915
2747 1916
2746 1917
2745 1918
2744 1919
2743 1919
2742 1919
2741 1919
2740 1920
2739 1920
2738 1921
2737 1921
2736 1922
2735 1922
2734 1923
2733 1923
2732 1924
2731 1925
2730 1926
2729 1926
2728 1927
2727 1928
2726 1929
2725 1929
2724 1930
2723 1931
2722 1931
2721 1932
2720 1932
2719 1933
2718 1934
2717 1934
2716 1935
2715 1935
2714 1936
2713 1936
2712 1937
2711 1938
2710 1939
2709 1939
2708 1940
2707 1940
2706 1941
2705 1941
2704 1942
2703 1942
2702 1942
2701 1943
2700 1943
2699 1943
2698 1944
2697 1944
2696 1944
2695 1945
2694 1945
2693 1946
2692 1946
2691 1947
2690 1948
2689 1949
2688 1950
2687 1950
2686 1951
2685 1951
2684 1952
2683 1952
2682 1953
2681 1953
2680 1954
2679 1954
2678 1955
2677 1955
2676 1956
2675 1956
2674 1957
2673 1957
2672 1958
2671 1958
2670 1959
2669 1960
2668 1960
2667 1961
2666 1961
2665 1961
2664 1962
2663 1962
2662 1963
2661 1963
2660 1963
2659 1963
2658 1964
2657 1964
2656 1965
2655 1965
2654 1966
2653 1967
2652 1968
2651 1969
2650 1970
2649 1971
2648 1972
2647 1972
2646 1973
2645 1974
2644 1974
2643 1975
2642 1976
2641 1976
2640 1977
2639 1977
2638 1977
2637 1978
2636 1978
2635 1978
2634 1979
2633 1979
2632 1979
2631 1979
2630 1979
2629 1980
2628 1980
2628 1981
2627 1982
2626 1983
2625 1983
2624 1983
2623 1984
2622 1984
2621 1984
2620 1984
2619 1984
2618 1984
2617 1984
2616 1984
2615 1984
2614 1984
2613 1985
2612 1985
2611 1985
2610 1985
2609 1985
2608 1985
2607 1985
2606 1985
2605 1985
2604 1986
2603 1986
2602 1986
2601 1986
2600 1987
2599 1987
2598 1987
2597 1987
2596 1988
2595 1988
2594 1988
2593 1989
2592 1989
2591 1990
2590 1990
2589 1990
2588 1991
2587 1991
2586 1991
2585 1992
2584 1992
2583 1992
2582 1993
2581 1993
2580 1993
2579 1993
2578 1993
2577 1994
2576 1994
2575 1994
2574 1994
2573 1994
2572 1994
2571 1994
2570 1994
2569 1994
2568 1995
2567 1995
2566 1996
2565 1996
2564 1997
2563 1997
2562 1997
2561 1998
2560 1998
2559 1998
2558 1998
2557 1999
2556 1999
2555 1999
2554 1999
2553 1999
2552 1999
2551 1999
2550 2000
2549 2000
2548 2000
2547 2000
2546 2001
2545 2001
2544 2001
2543 2002
2542 2002
2541 2002
2540 2003
2539 2003
2538 2003
2537 2004
2536 2004
2535 2004
2534 2004
2533 2004
2532 2005
2531 2005
2530 2005
2529 2005
2528 2005
2527 2005
2526 2005
2525 2004
2524 2004
2523 2004
2522 2003
2521 2003
2520 2002
2519 2001
2518 2000
2517 1999
2517 1998
2516 1997
2515 1996
2515 1995
2514 1994
2513 1993
2512 1992
2511 1991
2511 1990
2511 1989
2510 1988
2510 1989
2510 1990
2510 1991
2510 1992
2510 1993
2510 1994
2510 1995
2510 1996
2510 1997
2510 1998
2510 1999
2510 2000
2510 2001
2510 2002
2510 2003
2510 2004
2509 2005
2508 2005
2507 2005
2506 2005
2505 2005
2504 2005
2503 2005
2502 2005
2501 2005
2500 2005
2499 2005
2498 2005
2497 2005
2496 2005
2495 2005
2494 2005
2493 2005
2492 2005
2491 2006
2490 2006
2489 2006
2488 2007
2487 2007
2486 2007
2485 2008
2484 2008
2483 2008
2482 2009
2481 2009
2480 2009
2479 2009
2478 2009
2477 2009
2476 2009
2475 2009
2474 2010
2473 2010
2472 2010
2471 2010
2470 2010
2469 2010
2468 2010
2467 2010
2466 2010
2465 2010
2464 2011
2463 2011
2462 2011
2461 2012
2460 2012
2459 2012
2458 2013
2457 2013
2456 2013
2455 2013
2454 2013
2453 2013
2452 2014
2451 2014
2450 2014
2449 2014
2448 2014
2447 2014
2446 2014
2445 2014
2444 2014
2443 2014
2442 2014
2441 2014
2440 2015
2439 2015
2438 2015
2437 2015
2436 2015
2435 2015
2434 2015
2433 2015
2432 2015
2431 2015
2430 2015
2429 2015
2428 2015
2427 2015
2426 2015
2425 2015
2424 2015
2423 2015
2422 2015
2421 2015
2420 2015
2419 2016
2418 2017
2417 2018
2416 2019
2415 2020
2414 2020
2413 2021
2412 2021
2411 2022
2410 2022
2409 2023
2408 2023
2407 2024
2406 2024
2405 2025
2404 2025
2403 2026
2402 2026
2401 2027
2400 2027
2399 2028
2398 2028
2397 2028
2396 2028
2395 2029
2394 2029
2393 2029
2392 2029
2391 2029
2390 2029
2389 2030
2388 2030
2387 2031
2386 2031
2385 2032
2384 2033
2383 2033
2382 2034
2381 2034
2380 2034
2379 2034
2378 2034
2377 2034
2376 2034
2375 2034
2374 2034
2373 2034
2372 2035
2371 2035
2370 2035
2369 2035
2368 2035
2367 2035
2366 2035
2365 2035
2364 2035
2363 2035
2362 2035
2361 2035
2360 2035
2359 2035
2358 2035
2357 2035
2356 2035
2355 2035
2354 2035
2353 2035
2352 2035
2351 2035
2350 2035
2349 2035
2348 2036
2347 2036
2346 2036
2345 2037
2344 2037
2343 2037
2342 2038
2341 2038
2340 2038
2339 2038
2338 2038
2337 2038
2336 2039
2335 2039
2334 2039
2333 2039
2332 2039
2331 2039
2330 2039
2329 2039
2328 2039
2327 2039
2326 2039
2325 2039
2324 2040
2323 2040
2322 2040
2321 2040
2320 2040
2319 2040
2318 2040
2317 2040
2316 2040
2315 2040
2314 2040
2313 2040
2312 2040
2311 2040
2310 2040
2309 2040
2308 2040
2307 2040
2306 2040
2305 2040
2304 2040
2303 2040
2302 2040
2301 2040
2300 2040
2299 2040
2298 2040
2297 2040
2296 2040
2295 2040
2294 2040
2293 2040
2292 2040
2291 2040
2290 2040
2289 2040
2288 2040
2287 2040
2286 2040
2285 2040
2284 2040
2283 2040
2282 2040
2281 2040
2280 2040
2279 2040
2278 2040
2277 2040
2276 2040
2275 2040
2274 2040
2273 2040
2272 2040
2271 2040
2270 2040
2269 2040
2268 2040
2267 2040
2266 2040
2265 2040
2264 2041
2263 2041
2262 2041
2261 2041
2260 2042
2259 2042
2258 2042
2257 2043
2256 2043
2255 2043
2254 2044
2253 2044
2252 2045
2251 2045
2250 2045
2249 2046
2248 2046
2247 2047
2246 2047
2245 2047
2244 2048
2243 2048
2242 2048
2241 2048
2240 2048
2239 2049
2238 2049
2237 2049
2236 2049
2235 2049
2234 2049
2233 2049
2232 2049
2231 2049
2230 2049
2229 2050
2228 2050
2227 2050
2226 2050
2225 2051
2224 2051
2223 2052
2222 2052
2221 2052
2220 2052
2219 2053
2218 2053
2217 2053
2216 2053
2215 2053
2214 2053
2213 2054
2212 2054
2211 2054
2210 2054
2209 2054
2208 2054
2207 2054
2206 2054
2205 2054
2204 2055
2204 2056
2203 2057
2203 2058
2202 2059
2201 2059
2200 2059
2199 2059
2198 2059
2197 2059
2196 2059
2195 2059
2194 2059
2193 2059
2192 2060
2191 2060
2190 2060
2189 2061
2188 2062
2187 2062
2186 2063
2185 2064
2184 2064
2183 2065
2182 2066
2181 2066
2180 2067
2179 2067
2178 2068
2177 2068
2176 2069
2175 2070
2174 2070
2173 2071
2172 2072
2171 2072
2170 2073
2169 2074
2168 2074
2167 2075
2166 2076
2165 2076
2164 2077
2163 2077
2162 2077
2161 2077
2160 2077
2159 2078
2158 2078
2157 2078
2156 2079
2155 2079
2154 2079
2153 2080
2152 2080
2151 2081
2150 2081
2149 2082
2148 2083
2147 2084
2146 2085
2145 2086
2144 2087
2143 2087
2142 2088
2141 2088
2140 2088
2139 2088
2138 2089
2137 2089
2136 2089
2135 2089
2134 2089
2133 2089
2132 2089
2131 2089
2130 2090
2129 2090
2128 2090
2127 2091
2126 2091
2125 2091
2124 2092
2123 2092
2122 2092
2121 2092
2120 2092
2119 2093
2118 2093
2117 2093
2116 2093
2115 2093
2114 2093
2113 2093
2112 2094
2111 2094
2110 2094
2109 2094
2108 2094
2107 2094
2106 2094
2105 2094
2104 2094
2103 2094
2102 2094
2101 2094
2100 2094
2099 2094
2098 2094
2097 2094
2096 2094
2095 2094
2094 2095
2093 2095
2092 2095
2091 2096
2090 2096
2089 2096
2088 2097
2087 2097
2086 2097
2085 2097
2084 2098
2083 2098
2082 2098
2081 2098
2080 2098
2079 2098
2078 2098
2077 2099
2076 2099
2075 2099
2074 2099
2073 2099
2072 2099
2071 2099
2070 2099
2069 2099
2068 2100
2067 2101
2066 2101
2065 2102
2064 2102
2063 2103
2062 2103
2061 2104
2060 2105
2059 2105
2058 2106
2057 2107
2056 2107
2055 2108
2054 2108
2053 2108
2052 2109
2051 2109
2050 2109
2049 2109
2048 2109
2047 2109
2046 2108
2045 2108
2044 2107
2043 2106
2042 2105
2042 2104
2041 2104
2040 2103
2039 2102
2038 2101
2037 2100
2036 2099
2036 2098
2035 2097
2034 2096
2034 2095
2034 2094
2034 2093
2033 2092
2033 2091
2032 2091
2031 2092
2030 2093
2030 2094
2029 2095
2028 2096
2027 2097
2026 2098
2025 2099
2024 2100
2023 2101
2022 2101
2021 2102
2020 2102
2019 2103
2018 2103
2017 2104
2016 2105
2015 2105
2014 2106
2013 2107
2012 2107
2011 2108
2010 2108
2009 2109
2008 2110
2007 2111
2006 2111
2005 2112
2004 2112
2003 2113
2002 2113
2001 2113
2000 2113
1999 2114
1998 2114
1997 2114
1996 2114
1995 2114
1994 2114
1993 2114
1992 2114
1991 2115
1990 2115
1989 2116
1988 2116
1987 2116
1986 2117
1985 2117
1984 2117
1983 2118
1982 2118
1981 2118
1980 2118
1979 2118
1978 2119
1977 2119
1976 2119
1975 2119
1974 2119
1973 2119
1972 2119
1971 2119
1970 2119
1969 2120
1968 2120
1967 2121
1966 2121
1965 2121
1964 2122
1963 2122
1962 2122
1961 2122
1960 2122
1959 2122
1958 2123
1957 2123
1956 2123
1955 2123
1954 2123
1953 2123
1952 2123
1951 2123
1950 2124
1949 2124
1948 2125
1947 2125
1946 2126
1945 2126
1944 2127
1943 2127
1942 2128
1941 2128
1940 2129
1939 2129
1938 2129
1937 2129
1936 2130
1935 2130
1934 2130
1933 2131
1932 2131
1931 2131
1930 2132
1929 2132
1928 2132
1927 2132
1926 2133
1925 2133
1924 2133
1923 2133
1922 2133
1921 2133
1920 2133
1919 2133
1918 2133
1917 2134
1916 2134
1915 2134
1914 2134
1913 2134
1912 2134
1911 2134
1910 2134
1909 2134
1908 2134
1907 2134
1906 2134
1906 2135
1905 2136
1905 2137
1904 2138
1903 2138
1902 2138
1901 2138
1900 2138
1899 2139
1898 2139
1897 2139
1896 2139
1895 2139
1894 2139
1893 2139
1892 2139
1891 2139
1890 2139
1889 2139
1888 2139
1887 2139
1886 2139
1885 2139
1884 2139
1883 2139
1882 2139
1881 2139
1880 2139
1879 2139
1878 2139
1877 2139
1876 2139
1875 2139
1874 2139
1873 2140
1872 2140
1871 2141
1870 2141
1869 2141
1868 2142
1867 2142
1866 2142
1865 2143
1864 2143
1863 2143
1862 2143
1861 2143
1860 2143
1859 2144
1858 2144
1857 2144
1856 2144
1855 2144
1854 2144
1853 2144
1852 2144
1851 2144
1850 2144
1849 2144
1848 2144
1847 2144
1846 2144
1845 2144
1844 2144
1843 2144
1842 2143
1841 2143
1840 2142
1839 2142
1838 2141
1837 2140
1836 2139
1836 2138
1836 2137
1835 2136
1835 2135
1835 2134
1835 2133
1834 2132
1833 2132
1832 2131
1831 2130
1830 2130
1829 2130
1828 2131
1827 2131
1826 2132
1825 2132
1824 2133
1823 2134
1822 2135
1821 2135
1820 2136
1819 2137
1818 2138
1817 2139
1816 2140
1815 2140
1814 2141
1813 2141
1812 2141
1811 2142
1810 2142
1809 2143
1808 2144
1807 2145
1806 2146
1805 2147
1804 2148
1803 2148
1802 2149
1801 2150
1800 2151
1799 2152
1798 2153
1797 2154
1796 2155
1795 2156
1794 2156
1793 2157
1792 2158
1791 2158
1790 2159
1789 2159
1788 2159
1787 2160
1786 2160
1785 2161
1784 2161
1783 2161
1782 2162
1781 2162
1780 2162
1779 2162
1778 2162
1777 2163
1776 2163
1775 2163
1774 2163
1773 2164
1772 2164
1771 2164
1770 2165
1769 2165
1768 2165
1767 2166
1766 2166
1765 2166
1764 2166
1763 2167
1762 2167
1761 2167
1760 2168
1759 2168
1758 2168
1757 2169
1756 2169
1755 2170
1754 2170
1753 2170
1752 2171
1751 2171
1750 2171
1749 2172
1748 2172
1747 2172
1746 2172
1745 2173
1744 2173
1743 2173
1742 2173
1741 2173
1740 2173
1739 2173
1738 2174
1737 2174
1736 2174
1735 2174
1734 2174
1733 2175
1732 2175
1731 2176
1730 2176
1729 2176
1728 2176
1727 2177
1726 2177
1725 2177
1724 2177
1723 2177
1722 2178
1721 2178
1720 2178
1719 2178
1718 2178
1717 2178
1716 2178
1715 2178
1714 2178
1713 2178
1712 2178
1711 2179
1710 2179
1709 2179
1708 2179
1707 2179
1706 2179
1705 2179
1704 2179
1703 2179
1702 2179
1701 2179
1700 2179
1699 2179
1698 2179
1697 2179
1696 2179
1695 2179
1694 2179
1693 2179
1692 2179
1691 2179
1690 2179
1689 2179
1688 2179
1687 2179
1686 2179
1685 2179
1684 2179
1683 2179
1682 2179
1681 2179
1680 2179
1679 2179
1678 2179
1677 2179
1676 2179
1675 2179
1674 2179
1673 2179
1672 2179
1671 2179
1670 2179
1669 2179
1668 2179
1667 2179
1666 2179
1665 2179
1664 2179
1663 2179
1662 2179
1661 2179
1660 2179
1659 2179
1658 2179
1657 2180
1656 2180
1655 2180
1654 2181
1653 2181
1652 2181
1651 2181
1650 2182
1649 2182
1648 2182
1647 2182
1646 2182
1645 2183
1644 2183
1643 2183
1642 2183
1641 2183
1640 2183
1639 2183
1638 2183
1637 2183
1636 2183
1635 2183
1634 2184
1633 2184
1632 2184
1631 2185
1630 2186
1629 2186
1628 2187
1627 2187
1626 2188
1625 2189
1624 2189
1623 2190
1622 2190
1621 2191
1620 2191
1619 2191
1618 2191
1617 2192
1616 2192
1615 2193
1614 2193
1613 2193
1612 2194
1611 2195
1610 2195
1609 2196
1608 2197
1607 2198
1606 2198
1605 2199
1604 2200
1603 2200
1602 2201
1601 2201
1600 2201
1599 2202
1598 2202
1597 2202
1596 2202
1595 2202
1594 2203
1593 2203
1592 2203
1591 2203
1590 2203
1589 2203
1588 2204
1587 2204
1586 2204
1585 2205
1584 2205
1583 2205
1582 2206
1581 2206
1580 2207
1579 2207
1578 2208
1577 2208
1576 2209
1575 2209
1574 2209
1573 2210
1572 2210
1571 2211
1570 2211
1569 2211
1568 2212
1567 2212
1566 2212
1565 2212
1564 2212
1563 2212
1562 2212
1561 2213
1560 2213
1559 2213
1558 2213
1557 2213
1556 2213
1555 2213
1554 2214
1553 2214
1552 2214
1551 2215
1550 2215
1549 2216
1548 2216
1547 2216
1546 2217
1545 2217
1544 2217
1543 2217
1542 2217
1541 2217
1540 2218
1539 2218
1538 2218
1537 2218
1536 2218
1535 2218
1534 2219
1533 2219
1532 2219
1531 2220
1530 2220
1529 2220
1528 2221
1527 2221
1526 2221
1525 2221
1524 2222
1523 2222
1522 2222
1521 2222
1520 2222
1519 2222
1518 2222
1517 2223
1516 2223
1515 2223
1514 2223
1513 2224
1512 2224
1511 2224
1510 2225
1509 2225
1508 2225
1507 2226
1506 2226
1505 2226
1504 2227
1503 2227
1502 2227
1501 2227
1500 2227
1499 2228
1498 2228
1497 2228
1496 2228
1495 2229
1494 2229
1493 2229
1492 2230
1491 2230
1490 2230
1489 2231
1488 2231
1487 2231
1486 2231
1485 2232
1484 2232
1483 2232
1482 2232
1481 2232
1480 2232
1479 2233
1478 2233
1477 2233
1476 2233
1475 2234
1474 2234
1473 2234
1472 2235
1471 2235
1470 2235
1469 2236
1468 2236
1467 2236
1466 2236
1465 2236
1464 2237
1463 2237
1462 2237
1461 2237
1460 2237
1459 2237
1458 2237
1457 2237
1456 2237
1455 2238
1454 2238
1453 2238
1452 2238
1451 2238
1450 2238
1449 2238
1448 2238
1447 2239
1446 2239
1445 2239
1444 2240
1443 2240
1442 2241
1441 2241
1440 2241
1439 2241
1438 2242
1437 2242
1436 2242
1435 2242
1434 2242
1433 2242
1432 2242
1431 2242
1430 2243
1429 2243
1428 2243
1427 2243
1426 2243
1425 2243
1424 2243
1423 2243
1422 2243
1421 2243
1420 2244
1419 2244
1418 2244
1417 2244
1416 2244
1415 2245
1414 2245
1413 2245
1412 2245
1411 2245
1410 2246
1409 2246
1408 2246
1407 2246
1406 2246
1405 2247
1404 2247
1403 2247
1402 2247
1401 2247
1400 2247
1399 2247
1398 2247
1397 2248
1396 2248
1395 2248
1394 2248
1393 2248
1392 2248
1391 2248
1390 2248
1389 2248
1388 2248
1387 2248
1386 2248
1385 2248
1384 2248
1383 2249
1382 2249
1381 2250
1380 2250
1379 2251
1378 2251
1377 2251
1376 2252
1375 2252
1374 2252
1373 2252
1372 2252
1371 2253
1370 2253
1369 2253
1368 2254
1367 2254
1366 2255
1365 2255
1364 2255
1363 2256
1362 2256
1361 2256
1360 2256
1359 2257
1358 2257
1357 2257
1356 2257
1355 2257
1354 2258
1353 2258
1352 2258
1351 2258
1350 2258
1349 2258
1348 2258
1347 2258
1346 2258
1345 2258
1344 2258
1343 2258
1342 2258
1341 2258
1340 2258
1339 2258
1338 2258
1337 2258
1336 2258
1335 2258
1334 2258
1333 2258
1332 2258
1331 2258
1330 2258
1329 2258
1328 2258
1327 2258
1326 2258
1325 2258
1324 2258
1323 2258
1322 2259
1321 2259
1320 2259
1319 2259
1318 2259
1317 2259
1316 2259
1315 2259
1314 2259
1313 2259
1312 2260
1311 2261
1310 2262
1309 2262
1308 2262
1307 2263
1306 2263
1305 2263
1304 2263
1303 2263
1302 2263
1301 2264
1300 2264
1299 2265
1298 2265
1297 2266
1296 2266
1295 2267
1294 2268
1293 2269
1292 2270
1291 2271
1290 2271
1289 2272
1288 2272
1287 2272
1286 2272
1285 2272
1284 2273
1283 2273
1282 2273
1281 2273
1280 2273
1279 2274
1278 2274
1277 2275
1276 2275
1275 2276
1274 2276
1273 2276
1272 2276
1271 2277
1270 2277
1269 2277
1268 2277
1267 2277
1266 2277
1265 2277
1264 2278
1263 2278
1262 2278
1261 2279
1260 2279
1259 2280
1258 2280
1257 2281
1256 2281
1255 2281
1254 2281
1253 2282
1252 2282
1251 2282
1250 2282
1249 2282
1248 2282
1247 2282
1246 2283
1245 2283
1244 2283
1243 2283
1242 2284
1241 2284
1240 2284
1239 2284
1238 2285
1237 2285
1236 2285
1235 2286
1234 2286
1233 2286
1232 2286
1231 2286
1230 2286
1229 2287
1228 2287
1227 2287
1226 2287
1225 2287
1224 2287
1223 2287
1222 2288
1221 2288
1220 2288
1219 2289
1218 2289
1217 2290
1216 2290
1215 2290
1214 2291
1213 2291
1212 2292
1211 2292
1210 2292
1209 2293
1208 2293
1207 2294
1206 2294
1205 2295
1204 2295
1203 2295
1202 2295
1201 2296
1200 2296
1199 2296
1198 2296
1197 2296
1196 2297
1195 2297
1194 2297
1193 2297
1192 2297
1191 2297
1190 2297
1189 2297
1188 2297
1187 2298
1186 2298
1185 2298
1184 2298
1183 2298
1182 2298
1181 2298
1180 2298
1179 2298
1178 2298
1177 2298
1176 2298
1175 2298
1174 2298
1173 2298
1172 2298
1171 2299
1170 2299
1169 2299
1168 2299
1167 2300
1166 2300
1165 2300
1164 2301
1163 2301
1162 2301
1161 2301
1160 2301
1159 2302
1158 2302
1157 2302
1156 2302
1155 2302
1154 2302
1153 2302
1152 2302
1151 2302
1150 2302
1149 2303
1148 2303
1147 2303
1146 2303
1145 2304
1144 2304
1143 2304
1142 2304
1141 2305
1140 2305
1139 2305
1138 2306
1137 2306
1136 2306
1135 2306
1134 2306
1133 2306
1132 2307
1131 2307
1130 2307
1129 2307
1128 2307
1127 2307
1126 2307
1125 2307
1124 2307
1123 2307
1122 2307
1121 2307
1120 2308
1119 2308
1118 2308
1117 2308
1116 2308
1115 2308
1114 2308
1113 2308
1112 2308
1111 2308
1110 2308
1109 2308
1108 2308
1107 2308
1106 2308
1105 2308
1104 2308
1103 2308
1102 2308
1101 2308
1100 2308
1099 2308
1098 2308
1097 2308
1096 2308
1095 2308
1094 2308
1093 2308
1092 2308
1091 2308
1090 2308
1089 2308
1088 2308
1087 2308
1086 2308
1085 2308
1084 2308
1083 2308
1082 2308
1081 2308
1080 2308
1079 2308
1078 2308
1077 2308
1076 2308
1075 2308
1074 2308
1073 2308
1072 2308
1071 2308
1070 2308
1069 2308
1068 2308
1067 2308
1066 2308
1065 2308
1064 2308
1063 2308
1062 2308
1061 2308
1060 2308
1059 2308
1058 2308
1057 2308
1056 2308
1055 2308
1054 2308
1053 2308
1052 2308
1051 2308
1050 2308
1049 2308
1048 2308
1047 2308
1046 2308
1045 2308
1044 2308
1043 2308
1042 2308
1041 2308
1040 2308
1039 2308
1038 2308
1037 2308
1036 2308
1035 2308
1034 2308
1033 2308
1032 2308
1031 2308
1030 2308
1029 2308
1028 2308
1027 2308
1026 2308
1025 2308
1024 2308
1023 2308
1022 2308
1021 2308
1020 2308
1019 2308
1018 2308
1017 2308
1016 2308
1015 2308
1014 2308
1013 2308
1012 2308
1011 2308
1010 2308
1009 2308
1008 2308
1007 2308
1006 2308
1005 2308
1004 2308
1003 2308
1002 2308
1001 2308
1000 2308
999 2308
998 2308
997 2308
996 2308
995 2308
994 2308
993 2308
992 2308
991 2308
990 2308
989 2308
988 2308
987 2308
986 2308
985 2308
984 2308
983 2308
982 2308
981 2308
980 2308
979 2308
978 2308
977 2308
976 2308
975 2308
974 2308
973 2308
972 2308
971 2308
970 2308
969 2308
968 2308
967 2308
966 2308
965 2308
964 2308
963 2308
962 2308
961 2308
960 2308
959 2308
958 2308
957 2308
956 2308
955 2308
954 2308
953 2308
952 2308
951 2308
950 2308
949 2308
948 2308
947 2308
946 2308
945 2308
944 2308
943 2308
942 2308
941 2308
940 2308
939 2308
938 2308
937 2308
936 2308
935 2308
934 2308
933 2308
932 2308
931 2308
930 2308
929 2308
928 2308
927 2308
926 2308
925 2308
924 2308
923 2308
922 2308
921 2308
920 2308
919 2308
918 2308
917 2308
916 2308
915 2308
914 2308
913 2308
912 2308
911 2308
910 2308
909 2308
908 2308
907 2308
906 2308
905 2308
904 2308
903 2308
902 2308
901 2308
900 2308
899 2308
898 2308
897 2308
896 2308
895 2308
894 2308
893 2308
892 2308
891 2308
890 2308
889 2308
888 2308
887 2308
886 2308
885 2308
884 2308
883 2308
882 2308
881 2308
880 2308
879 2308
878 2308
877 2308
876 2308
875 2308
874 2308
873 2308
872 2308
871 2308
870 2308
869 2308
868 2308
867 2308
866 2308
865 2308
864 2308
863 2308
862 2308
861 2308
860 2308
859 2308
858 2308
857 2308
856 2308
855 2308
854 2308
853 2308
852 2308
851 2308
850 2308
849 2308
848 2308
847 2308
846 2308
845 2308
844 2308
843 2308
842 2308
841 2308
840 2308
839 2308
838 2308
837 2308
838 2308
839 2309
840 2310
841 2311
842 2311
843 2312
844 2313
845 2313
846 2314
847 2314
848 2315
849 2315
850 2316
851 2317
852 2317
853 2318
854 2318
855 2319
856 2319
857 2319
858 2320
859 2321
860 2321
861 2322
862 2323
863 2324
864 2324
865 2325
866 2325
867 2326
868 2327
869 2327
870 2328
871 2328
872 2329
873 2329
874 2330
875 2330
876 2331
877 2331
878 2332
879 2332
880 2333
881 2333
882 2334
883 2334
884 2335
885 2335
886 2336
887 2336
888 2337
889 2337
890 2338
891 2338
892 2339
893 2339
894 2339
895 2339
896 2340
897 2340
898 2340
899 2340
900 2340
901 2341
902 2341
903 2341
904 2342
905 2342
906 2343
907 2343
908 2344
909 2344
910 2345
911 2345
912 2346
913 2347
914 2347
915 2348
916 2349
917 2349
918 2350
919 2350
920 2351
921 2351
922 2352
923 2352
924 2353
925 2353
926 2354
927 2354
928 2355
929 2355
930 2356
931 2357
932 2358
933 2358
934 2359
935 2359
936 2360
937 2360
938 2360
939 2361
940 2361
941 2361
942 2362
943 2363
944 2363
945 2364
946 2365
947 2365
948 2366
949 2367
950 2367
951 2368
952 2368
953 2369
954 2369
955 2369
956 2370
957 2370
958 2370
959 2370
960 2370
961 2370
962 2371
963 2371
964 2371
965 2371
966 2371
967 2371
968 2371
969 2371
970 2371
971 2371
972 2371
973 2371
974 2371
975 2371
976 2372
977 2372
978 2372
979 2372
980 2372
981 2372
982 2372
983 2372
984 2372
985 2372
986 2372
987 2372
988 2372
989 2372
990 2372
991 2372
992 2372
993 2372
994 2372
995 2372
996 2372
997 2372
998 2372
999 2372
1000 2372
1001 2372
1002 2372
1003 2372
1004 2372
1005 2372
1006 2372
1007 2372
1008 2372
1009 2372
1010 2372
1011 2372
1012 2373
1013 2373
1014 2373
1015 2373
1016 2374
1017 2374
1018 2374
1019 2374
1020 2375
1021 2375
1022 2375
1023 2375
1024 2375
1025 2375
1026 2375
1027 2376
1028 2376
1029 2376
1030 2376
1031 2376
1032 2376
1033 2376
1034 2376
1035 2376
1036 2376
1037 2376
1038 2376
1039 2376
1040 2376
1041 2376
1042 2377
1043 2377
1044 2377
1045 2377
1046 2377
1047 2377
1048 2377
1049 2377
1050 2377
1051 2377
1052 2377
1053 2377
1054 2377
1055 2377
1056 2377
1057 2377
1058 2377
1059 2377
1060 2377
1061 2377
1062 2377
1063 2377
1064 2377
1065 2377
1066 2377
1067 2377
1068 2377
1069 2377
1070 2377
1071 2377
1072 2377
1073 2377
1074 2377
1075 2377
1076 2377
1077 2377
1078 2377
1079 2377
1080 2377
1081 2377
1082 2377
1083 2377
1084 2377
1085 2377
1086 2377
1087 2377
1088 2377
1089 2377
1090 2377
1091 2377
1092 2377
1093 2377
1094 2377
1095 2377
1096 2377
1097 2377
1098 2377
1099 2377
1100 2377
1101 2377
1102 2377
1103 2377
1104 2377
1105 2377
1106 2377
1107 2377
1108 2377
1109 2377
1110 2377
1111 2377
1112 2377
1113 2377
1114 2377
1115 2377
1116 2377
1117 2377
1118 2377
1119 2377
1120 2377
1121 2377
1122 2377
1123 2377
1124 2377
1125 2377
1126 2377
1127 2377
1128 2377
1129 2377
1130 2377
1131 2377
1132 2377
1133 2377
1134 2377
1135 2377
1136 2377
1137 2377
1138 2377
1139 2377
1140 2377
1141 2377
1142 2377
1143 2377
1144 2377
1145 2377
1146 2377
1147 2377
1148 2377
1149 2377
1150 2377
1151 2377
1152 2377
1153 2377
1154 2377
1155 2377
1156 2377
1157 2377
1158 2377
1159 2377
1160 2377
1161 2377
1162 2377
1163 2377
1164 2377
1165 2377
1166 2377
1167 2377
1168 2377
1169 2377
1170 2377
1171 2377
1172 2377
1173 2377
1174 2377
1175 2377
1176 2377
1177 2377
1178 2377
1179 2377
1180 2377
1181 2377
1182 2377
1183 2377
1184 2377
1185 2377
1186 2377
1187 2377
1188 2377
1189 2377
1190 2377
1191 2377
1192 2377
1193 2377
1194 2377
1195 2377
1196 2377
1197 2377
1198 2377
1199 2377
1200 2377
1201 2377
1202 2377
1203 2377
1204 2377
1205 2377
1206 2377
1207 2377
1208 2377
1209 2377
1210 2377
1211 2377
1212 2377
1213 2377
1214 2377
1215 2377
1216 2377
1217 2377
1218 2377
1219 2377
1220 2377
1221 2377
1222 2377
1223 2377
1224 2377
1225 2377
1226 2377
1227 2377
1228 2377
1229 2377
1230 2377
1231 2377
1232 2377
1233 2377
1234 2377
1235 2377
1236 2377
1237 2377
1238 2377
1239 2377
1240 2377
1241 2377
1242 2377
1243 2377
1244 2377
1245 2377
1246 2377
1247 2377
1248 2377
1249 2377
1250 2377
1251 2377
1252 2377
1253 2377
1254 2377
1255 2377
1256 2377
1257 2377
1258 2377
1259 2377
1260 2377
1261 2377
1262 2377
1263 2377
1264 2377
1265 2377
1266 2377
1267 2377
1268 2377
1269 2377
1270 2377
1271 2377
1272 2377
1273 2377
1274 2377
1275 2377
1276 2377
1277 2377
1278 2377
1279 2377
1280 2377
1281 2377
1282 2377
1283 2377
1284 2377
1285 2377
1286 2377
1287 2377
1288 2377
1289 2376
1290 2376
1291 2376
1292 2375
1293 2375
1294 2375
1295 2374
1296 2374
1297 2374
1298 2374
1299 2374
1300 2373
1301 2373
1302 2373
1303 2373
1304 2373
1305 2373
1306 2373
1307 2373
1308 2373
1309 2372
1310 2372
1311 2372
1312 2372
1313 2372
1314 2372
1315 2372
1316 2372
1317 2372
1318 2372
1319 2372
1320 2372
1321 2372
1322 2372
1323 2372
1324 2372
1325 2372
1326 2372
1327 2372
1328 2372
1329 2372
1330 2372
1331 2372
1332 2372
1333 2371
1334 2371
1335 2371
1336 2371
1337 2370
1338 2370
1339 2370
1340 2369
1341 2369
1342 2369
1343 2369
1344 2369
1345 2368
1346 2368
1347 2368
1348 2368
1349 2368
1350 2368
1351 2368
1352 2368
1353 2368
1354 2367
1355 2367
1356 2367
1357 2367
1358 2367
1359 2367
1360 2367
1361 2367
1362 2367
1363 2367
1364 2367
1365 2367
1366 2367
1367 2367
1368 2367
1369 2367
1370 2367
1371 2367
1372 2367
1373 2367
1374 2366
1375 2366
1376 2366
1377 2366
1378 2365
1379 2365
1380 2365
1381 2365
1382 2364
1383 2364
1384 2364
1385 2364
1386 2364
1387 2364
1388 2363
1389 2363
1390 2363
1391 2363
1392 2363
1393 2363
1394 2363
1395 2363
1396 2363
1397 2363
1398 2363
1399 2362
1400 2362
1401 2362
1402 2362
1403 2362
1404 2362
1405 2362
1406 2362
1407 2362
1408 2362
1409 2362
1410 2362
1411 2361
1412 2361
1413 2361
1414 2360
1415 2360
1416 2360
1417 2360
1418 2359
1419 2359
1420 2359
1421 2359
1422 2359
1423 2359
1424 2358
1425 2358
1426 2358
1427 2358
1428 2357
1429 2357
1430 2357
1431 2356
1432 2356
1433 2356
1434 2355
1435 2355
1436 2355
1437 2355
1438 2354
1439 2354
1440 2354
1441 2354
1442 2354
1443 2354
1444 2354
1445 2353
1446 2353
1447 2353
1448 2353
1449 2353
1450 2353
1451 2353
1452 2353
1453 2353
1454 2353
1455 2352
1456 2352
1457 2352
1458 2351
1459 2351
1460 2350
1461 2350
1462 2350
1463 2350
1464 2349
1465 2349
1466 2349
1467 2349
1468 2349
1469 2349
1470 2348
1471 2348
1472 2348
1473 2348
1474 2348
1475 2348
1476 2348
1477 2348
1478 2348
1479 2348
1480 2348
1481 2348
1482 2348
1483 2348
1484 2348
1485 2348
1486 2348
1487 2348
1488 2347
1489 2347
1490 2347
1491 2347
1492 2347
1493 2347
1494 2347
1495 2347
1496 2347
1497 2347
1498 2347
1499 2347
1500 2347
1501 2347
1502 2347
1503 2347
1504 2347
1505 2347
1506 2347
1507 2346
1508 2346
1509 2345
1510 2345
1511 2345
1512 2344
1513 2344
1514 2344
1515 2344
1516 2343
1517 2343
1518 2343
1519 2343
1520 2343
1521 2343
1522 2343
1523 2343
1524 2343
1525 2342
1526 2342
1527 2342
1528 2342
1529 2342
1530 2342
1531 2342
1532 2342
1533 2342
1534 2342
1535 2342
1536 2342
1537 2342
1538 2342
1539 2342
1540 2342
1541 2342
1542 2342
1543 2342
1544 2342
1545 2342
1546 2342
1547 2342
1548 2342
1549 2342
1550 2342
1551 2342
1552 2342
1553 2342
1554 2342
1555 2342
1556 2342
1557 2342
1558 2342
1559 2342
1560 2342
1561 2342
1562 2342
1563 2342
1564 2342
1565 2342
1566 2342
1567 2342
1568 2342
1569 2342
1570 2342
1571 2342
1572 2342
1573 2342
1574 2342
1575 2342
1576 2342
1577 2342
1578 2342
1579 2342
1580 2342
1581 2342
1582 2342
1583 2342
1584 2342
1585 2342
1586 2342
1587 2342
1588 2342
1589 2342
1590 2342
1591 2342
1592 2342
1593 2342
1594 2342
1595 2342
1596 2343
1597 2343
1598 2343
1599 2344
1600 2344
1601 2344
1602 2345
1603 2345
1604 2345
1605 2345
1606 2345
1607 2346
1608 2346
1609 2346
1610 2346
1611 2346
1612 2346
1613 2346
1614 2346
1615 2346
1616 2346
1617 2346
1618 2347
1619 2347
1620 2347
1621 2347
1622 2347
1623 2347
1624 2347
1625 2347
1626 2347
1627 2347
1628 2347
1629 2347
1630 2348
1631 2348
1632 2348
1633 2349
1634 2349
1635 2349
1636 2350
1637 2350
1638 2350
1639 2350
1640 2351
1641 2351
1642 2351
1643 2351
1644 2351
1645 2351
1646 2351
1647 2352
1648 2352
1649 2352
1650 2352
1651 2352
1652 2352
1653 2352
1654 2352
1655 2353
1655 2354
1655 2355
1656 2356
1656 2357
1656 2358
1656 2359
1656 2360
1656 2361
1657 2362
1657 2363
1658 2364
1658 2365
1659 2366
1659 2367
1660 2368
1660 2369
1661 2370
1662 2371
1662 2372
1663 2373
1664 2374
1664 2375
1665 2376
1665 2377
1665 2378
1665 2379
1666 2380
1666 2381
1667 2382
1668 2383
1669 2384
1669 2385
1670 2386
1671 2385
1672 2385
1673 2384
1673 2383
1674 2382
1674 2381
1674 2380
1674 2379
1675 2378
1676 2377
1677 2376
1678 2375
1678 2374
1679 2373
1680 2372
1680 2371
1681 2370
1682 2369
1682 2368
1683 2367
1684 2366
1685 2365
1686 2365
1687 2365
1688 2364
1689 2364
1690 2364
1691 2363
1692 2363
1693 2362
1694 2361
1695 2360
1696 2359
1697 2359
1698 2358
1699 2358
1700 2358
1701 2358
1702 2358
1703 2357
1704 2357
1705 2357
1706 2357
1707 2357
1708 2357
1709 2357
1710 2357
1711 2357
1712 2357
1713 2357
1714 2357
1715 2357
1716 2357
1717 2357
1718 2357
1719 2357
1720 2357
1721 2357
1722 2357
1723 2357
1724 2357
1725 2357
1726 2358
1727 2358
1728 2359
1729 2359
1730 2360
1731 2360
1732 2360
1733 2361
1734 2361
1735 2362
1736 2362
1737 2363
1738 2363
1739 2364
1740 2364
1741 2364
1742 2365
1743 2365
1744 2365
1745 2365
1746 2365
1747 2366
1748 2366
1749 2366
1750 2366
1751 2366
1752 2366
1753 2366
1754 2366
1755 2366
1756 2367
1757 2367
1758 2367
1759 2367
1760 2367
1761 2367
1762 2368
1763 2368
1764 2369
1765 2369
1766 2369
1767 2370
1768 2370
1769 2370
1770 2370
1771 2370
1772 2371
1773 2371
1774 2371
1775 2371
1776 2372
1777 2372
1778 2373
1779 2373
1780 2374
1781 2374
1782 2374
1783 2374
1784 2375
1785 2375
1786 2375
1787 2375
1788 2376
1789 2376
1790 2377
1791 2377
1792 2378
1793 2378
1794 2379
1795 2379
1796 2379
1797 2379
1798 2380
1799 2380
1800 2380
1801 2380
1802 2381
1803 2381
1804 2381
1805 2381
1806 2381
1807 2381
1808 2381
1809 2381
1810 2381
1811 2381
1812 2381
1813 2382
1814 2382
1815 2382
1816 2382
1817 2383
1818 2383
1819 2383
1820 2384
1821 2384
1822 2384
1823 2385
1824 2385
1825 2385
1826 2385
1827 2386
1828 2386
1829 2386
1830 2386
1831 2386
1832 2386
1833 2386
1834 2387
1835 2387
1836 2388
1837 2388
1838 2388
1839 2389
1840 2389
1841 2389
1842 2390
1843 2390
1844 2390
1845 2390
1846 2390
1847 2390
1848 2391
1849 2391
1850 2391
1851 2391
1852 2391
1853 2391
1854 2391
1855 2391
1856 2391
1857 2391
1858 2391
1859 2391
1860 2391
1861 2391
1862 2391
1863 2392
1864 2392
1865 2392
1866 2392
1867 2392
1868 2392
1869 2392
1870 2392
1871 2392
1872 2392
1873 2392
1874 2392
1875 2392
1876 2392
1877 2392
1878 2392
1879 2392
1880 2392
1881 2392
1882 2392
1883 2392
1884 2392
1885 2392
1886 2392
1887 2392
1888 2393
1889 2393
1890 2393
1891 2393
1892 2394
1893 2394
1894 2394
1895 2394
1896 2395
1897 2395
1898 2395
1899 2395
1900 2395
1901 2395
1902 2396
1903 2396
1904 2396
1905 2396
1906 2396
1907 2396
1908 2396
1909 2397
1910 2397
1911 2397
1912 2397
1913 2398
1914 2398
1915 2398
1916 2399
1917 2399
1918 2399
1919 2399
1920 2400
1921 2400
1922 2400
1923 2400
1924 2400
1925 2401
1926 2401
1927 2401
1928 2402
1929 2402
1930 2402
1931 2402
1932 2403
1933 2403
1934 2403
1935 2403
1936 2404
1937 2404
1938 2404
1939 2404
1940 2404
1941 2405
1942 2405
1943 2405
1944 2405
1945 2405
1946 2405
1947 2405
1948 2406
1949 2406
1950 2406
1951 2406
1952 2406
1953 2406
1954 2406
1955 2406
1956 2406
1957 2406
1958 2406
1959 2406
1960 2406
1961 2406
1962 2406
1963 2406
1964 2406
1965 2406
1966 2406
1967 2406
1968 2406
1969 2406
1970 2406
1971 2406
1972 2407
1973 2407
1974 2407
1975 2407
1976 2407
1977 2407
1978 2407
1979 2407
1980 2407
1981 2407
1982 2407
1983 2407
1984 2407
1985 2407
1986 2407
1987 2407
1988 2407
1989 2407
1990 2407
1991 2407
1992 2407
1993 2407
1994 2407
1995 2407
1996 2407
1997 2407
1998 2407
1999 2407
2000 2407
2001 2407
2002 2407
2003 2407
2004 2407
2005 2407
2006 2407
2007 2407
2008 2408
2009 2408
2010 2408
2011 2409
2012 2409
2013 2409
2014 2409
2015 2410
2016 2410
2017 2410
2018 2410
2019 2410
2020 2410
2021 2410
2022 2410
2023 2411
2024 2411
2025 2411
2026 2411
2027 2411
2028 2411
2029 2411
2030 2411
2031 2411
2032 2411
2033 2411
2034 2411
2035 2411
2036 2411
2037 2411
2038 2411
2039 2411
2040 2411
2041 2411
2042 2411
2043 2411
2044 2411
2045 2412
2046 2412
2047 2412
2048 2412
2049 2413
2050 2413
2051 2414
2052 2414
2053 2414
2054 2414
2055 2415
2056 2415
2057 2415
2058 2415
2059 2415
2060 2415
2061 2416
2062 2416
2063 2416
2064 2416
2065 2416
2066 2417
2067 2417
2068 2417
2069 2417
2070 2418
2071 2418
2072 2418
2073 2418
2074 2419
2075 2419
2076 2419
2077 2420
2078 2420
2079 2420
2080 2421
2081 2421
2082 2422
2083 2422
2084 2422
2085 2423
2086 2423
2087 2423
2088 2424
2089 2424
2090 2424
2091 2425
2092 2425
2093 2425
2094 2425
2095 2425
2096 2425
2097 2426
2098 2426
2099 2426
2100 2426
2101 2426
2102 2426
2103 2426
2104 2426
2105 2426
2106 2426
2107 2426
2108 2426
2109 2426
2110 2426
2111 2426
2112 2426
2113 2427
2114 2427
2115 2427
2116 2427
2117 2427
2118 2427
2119 2428
2120 2428
2121 2428
2122 2428
2123 2428
2124 2428
2125 2429
2126 2429
2127 2429
2128 2429
2129 2430
2130 2430
2131 2430
2132 2430
2133 2430
2134 2431
2135 2431
2136 2431
2137 2432
2138 2432
2139 2432
2140 2433
2141 2433
2142 2434
2143 2434
2144 2434
2145 2435
2146 2435
2147 2435
2148 2436
2149 2436
2150 2436
2151 2437
2152 2437
2153 2437
2154 2438
2155 2438
2156 2438
2157 2439
2158 2439
2159 2439
2160 2439
2161 2439
2162 2439
2163 2440
2164 2440
2165 2440
2166 2440
2167 2441
2168 2441
2169 2441
2170 2442
2171 2442
2172 2442
2173 2443
2174 2443
2175 2444
2176 2444
2177 2444
2178 2444
2179 2445
2180 2445
2181 2445
2182 2445
2183 2446
2184 2447
2185 2448
2186 2448
2187 2449
2188 2449
2189 2449
2190 2450
2191 2450
2192 2450
2193 2450
2194 2450
2195 2450
2196 2451
2197 2451
2198 2451
2199 2451
2200 2451
2201 2451
2202 2451
2203 2451
2204 2451
2205 2451
2206 2451
2207 2451
2208 2451
2209 2451
2210 2451
2211 2451
2212 2451
2213 2451
2214 2451
2215 2451
2216 2452
2217 2452
2218 2452
2219 2453
2220 2453
2221 2454
2222 2454
2223 2454
2224 2455
2225 2455
2226 2455
2227 2455
2228 2455
2229 2455
2230 2455
2231 2455
2232 2456
2233 2456
2234 2456
2235 2456
2236 2457
2237 2457
2238 2457
2239 2458
2240 2458
2241 2458
2242 2459
2243 2459
2244 2459
2245 2459
2246 2460
2247 2460
2248 2460
2249 2460
2250 2460
2251 2460
2252 2460
2253 2460
2254 2460
2255 2461
2256 2461
2257 2461
2258 2461
2259 2461
2260 2461
2261 2461
2262 2461
2263 2461
2264 2461
2265 2461
2266 2461
2267 2461
2268 2461
2269 2461
2270 2461
2271 2461
2272 2461
2273 2461
2274 2461
2275 2461
2276 2461
2277 2461
2278 2461
2279 2461
2280 2461
2281 2461
2282 2461
2283 2461
2284 2461
2285 2461
2286 2461
2287 2461
2288 2461
2289 2461
2290 2461
2291 2462
2292 2462
2293 2462
2294 2462
2295 2462
2296 2463
2297 2463
2298 2463
2299 2463
2300 2463
2301 2464
2302 2464
2303 2464
2304 2464
2305 2464
2306 2465
2307 2465
2308 2465
2309 2465
2310 2465
2311 2466
2312 2466
2313 2466
2314 2467
2315 2467
2316 2468
2317 2468
2318 2468
2319 2469
2320 2469
2321 2469
2322 2469
2323 2469
2324 2470
2325 2470
2326 2470
2327 2470
2328 2470
2329 2470
2330 2470
2331 2470
2332 2470
2333 2471
2334 2471
2335 2471
2336 2471
2337 2471
2338 2471
2339 2471
2340 2471
2341 2471
2342 2471
2343 2471
2344 2471
2345 2471
2346 2471
2347 2471
2348 2471
2349 2471
2350 2471
2351 2471
2352 2471
2353 2471
2354 2471
2355 2471
2356 2471
2357 2471
2358 2471
2359 2471
2360 2471
2361 2471
2362 2471
2363 2471
2364 2471
2365 2471
2366 2471
2367 2471
2368 2471
2369 2471
2370 2471
2371 2471
2372 2471
2373 2471
2374 2471
2375 2471
2376 2471
2377 2471
2378 2471
2379 2471
2380 2471
2381 2471
2382 2471
2383 2471
2384 2471
2385 2471
2386 2471
2387 2471
2388 2471
2389 2471
2390 2471
2391 2471
2392 2471
2393 2471
2394 2471
2395 2471
2396 2471
2397 2471
2398 2471
2399 2471
2400 2471
2401 2471
2402 2471
2403 2471
2404 2471
2405 2471
2406 2471
2407 2471
2408 2471
2409 2471
2410 2471
2411 2471
2412 2471
2413 2471
2414 2472
2415 2472
2416 2472
2417 2472
2418 2472
2419 2473
2420 2473
2421 2473
2422 2474
2423 2474
2424 2474
2425 2474
2426 2474
2427 2475
2428 2475
2429 2475
2430 2475
2431 2475
2432 2475
2433 2475
2434 2475
2435 2475
2436 2475
2437 2476
2438 2476
2439 2476
2440 2476
2441 2476
2442 2476
2443 2476
2444 2476
2445 2476
2446 2476
2447 2476
2448 2476
2449 2476
2450 2476
2451 2476
2452 2476
2453 2476
2454 2476
2455 2476
2456 2476
2457 2476
2458 2476
2459 2476
2460 2476
2461 2476
2462 2476
2463 2476
2464 2476
2465 2476
2466 2476
2467 2476
2468 2476
2469 2476
2470 2476
2471 2476
2472 2476
2473 2476
2474 2476
2475 2476
2476 2476
2477 2476
2478 2476
2479 2476
2480 2476
2481 2477
2482 2477
2483 2478
2484 2478
2485 2478
2486 2479
2487 2479
2488 2479
2489 2479
2490 2480
2491 2480
2492 2480
2493 2480
2494 2480
2495 2480
2496 2480
2497 2480
2498 2480
2499 2480
2500 2481
2501 2481
2502 2481
2503 2481
2504 2481
2505 2481
2506 2481
2507 2482
2508 2482
2509 2483
2510 2483
2511 2483
2512 2484
2513 2484
2514 2484
2515 2485
2516 2485
2517 2485
2518 2485
2519 2486
2520 2486
2521 2487
2522 2488
2523 2488
2524 2488
2525 2489
2526 2489
2527 2489
2528 2489
2529 2489
2530 2490
2531 2490
2532 2490
2533 2490
2534 2490
2535 2490
2536 2490
2537 2491
2538 2491
2539 2491
2540 2492
2541 2493
2542 2493
2543 2493
2544 2494
2545 2494
2546 2494
2547 2495
2548 2495
2549 2496
2550 2496
2551 2497
2552 2498
2553 2499
2554 2500
2555 2500
2556 2501
2557 2502
2558 2503
2559 2503
2560 2504
2561 2505
2562 2505
2563 2506
2564 2506
2565 2507
2566 2507
2567 2508
2568 2509
2569 2509
2570 2510
2571 2511
2572 2512
2573 2512
2574 2513
2575 2513
2576 2514
2577 2514
2578 2515
2579 2516
2580 2516
2581 2517
2582 2517
2583 2518
2584 2518
2585 2518
2586 2519
2587 2519
2588 2519
2589 2520
2590 2520
2591 2521
2592 2521
2593 2522
2594 2523
2595 2524
2596 2524
2597 2525
2598 2526
2599 2527
2600 2527
2601 2528
2602 2528
2603 2528
2604 2529
2605 2529
2606 2529
2607 2529
2608 2529
2609 2529
2610 2530
2611 2530
2612 2530
2613 2530
2614 2530
2615 2530
2616 2530
2617 2530
2618 2530
2619 2530
2620 2530
2621 2530
2622 2530
2623 2530
2624 2530
2625 2531
2626 2531
2627 2531
2628 2531
2629 2531
2630 2531
2631 2531
2632 2531
2633 2531
2634 2531
2635 2531
2636 2531
2637 2531
2638 2531
2639 2531
2640 2531
2641 2531
2642 2531
2643 2531
2644 2531
2645 2531
2646 2531
2647 2531
2648 2531
2649 2531
2650 2531
2651 2531
2652 2531
2653 2531
2654 2531
2655 2531
2656 2531
2657 2531
2658 2531
2659 2531
2660 2531
2661 2531
2662 2531
2663 2531
2664 2531
2665 2531
2666 2531
2667 2531
2668 2531
2669 2531
2670 2531
2671 2531
2672 2531
2673 2531
2674 2531
2675 2531
2676 2532
2677 2532
2678 2532
2679 2532
2680 2532
2681 2533
2682 2533
2683 2533
2684 2533
2685 2534
2686 2534
2687 2534
2688 2534
2689 2534
2690 2534
2691 2535
2692 2535
2693 2535
2694 2535
2695 2536
2696 2536
2697 2537
2698 2537
2699 2538
2700 2538
2701 2539
2702 2539
2703 2539
2704 2539
2705 2540
2706 2540
2707 2541
2708 2542
2709 2542
2710 2543
2711 2544
2712 2545
2713 2546
2714 2546
2715 2547
2716 2548
2717 2548
2718 2549
2719 2550
2720 2550
2721 2551
2722 2551
2723 2552
2724 2552
2725 2553
2726 2554
2727 2555
2728 2556
2729 2557
2730 2558
2731 2559
2732 2560
2733 2561
2734 2562
2735 2562
2736 2563
2737 2563
2738 2563
2739 2564
2740 2564
2741 2565
2742 2565
2743 2566
2744 2567
2745 2567
2746 2567
2747 2568
2748 2568
2749 2569
2750 2569
2751 2569
2752 2569
2753 2569
2754 2570
2755 2570
2756 2570
2757 2570
2758 2570
2759 2570
2760 2570
2761 2570
2762 2570
2763 2570
2764 2570
2765 2570
2766 2570
2767 2570
2768 2570
2769 2570
2770 2570
2771 2570
2772 2570
2773 2570
2774 2570
2775 2570
2776 2570
2777 2570
2778 2570
2779 2570
2780 2570
2781 2570
2782 2570
2783 2570
2784 2570
2785 2570
2786 2570
2787 2570
2788 2570
2789 2570
2790 2571
2791 2571
2792 2571
2793 2571
2794 2571
2795 2571
2796 2571
2797 2571
2798 2571
2799 2571
2800 2571
2801 2571
2802 2571
2803 2571
2804 2571
2805 2571
2806 2571
2807 2571
2808 2571
2809 2571
2810 2571
2811 2571
2812 2571
2813 2571
2814 2571
2815 2571
2816 2572
2817 2572
2818 2573
2819 2573
2820 2573
2821 2573
2822 2574
2823 2574
2824 2574
2825 2574
2826 2574
2827 2575
2828 2575
2829 2575
2830 2575
2831 2575
2832 2575
2833 2575
2834 2576
2835 2576
2836 2577
2837 2577
2838 2577
2839 2578
2840 2578
2841 2578
2842 2578
2843 2579
2844 2579
2845 2579
2846 2580
2847 2580
2848 2580
2849 2581
2850 2581
2851 2581
2852 2582
2853 2582
2854 2582
2855 2582
2856 2582
2857 2583
2858 2583
2859 2583
2860 2583
2861 2583
2862 2583
2863 2584
2864 2584
2865 2584
2866 2585
2867 2585
2868 2585
2869 2585
2870 2586
2871 2586
2872 2586
2873 2586
2874 2587
2875 2587
2876 2587
2877 2588
2878 2588
2879 2588
2880 2588
2881 2589
2882 2589
2883 2589
2884 2590
2885 2590
2886 2591
2887 2592
2888 2593
2889 2593
2890 2594
2891 2594
2892 2594
2893 2594
2894 2595
2895 2595
2896 2595
2897 2595
2898 2595
2899 2595
2900 2595
2901 2595
2902 2595
2903 2595
2904 2595
2905 2595
2906 2595
2907 2595
2908 2595
2909 2595
2910 2595
2911 2595
2912 2595
2913 2595
2914 2595
2915 2595
2916 2595
2917 2595
2918 2595
2919 2595
2920 2595
2921 2595
2922 2595
2923 2595
2924 2595
2925 2595
2926 2595
2927 2595
2928 2595
2929 2595
2930 2595
2931 2595
2932 2595
2933 2595
2934 2596
2935 2596
2936 2596
2937 2596
2938 2597
2939 2597
2940 2597
2941 2598
2942 2598
2943 2598
2944 2598
2945 2598
2946 2598
2947 2599
2948 2599
2949 2599
2950 2599
2951 2599
2952 2599
2953 2599
2954 2599
2955 2600
2956 2600
2957 2600
2958 2600
2959 2601
2960 2601
2961 2601
2962 2602
2963 2602
2964 2602
2965 2603
2966 2603
2967 2603
2968 2603
2969 2603
2970 2604
2971 2604
2972 2604
2973 2604
2974 2605
2975 2605
2976 2606
2977 2606
2978 2607
2979 2607
2980 2608
2981 2608
2982 2608
2983 2608
2984 2609
2985 2609
2986 2609
2987 2609
2988 2609
2989 2609
2990 2609
2991 2609
2992 2610
2993 2610
2994 2610
2995 2610
2996 2611
2997 2611
2998 2612
2999 2612
3000 2613
3001 2613
3002 2613
3003 2613
3004 2614
3005 2614
3006 2614
3007 2614
3008 2614
3009 2614
3010 2614
3011 2615
3012 2615
3013 2615
3014 2615
3015 2615
3016 2615
3017 2615
3018 2615
3019 2615
3020 2615
3021 2615
3022 2615
3023 2615
3024 2615
3025 2615
3026 2615
3027 2615
3028 2615
3029 2615
3030 2615
3031 2615
3032 2615
3033 2615
3034 2615
3035 2615
3036 2615
3037 2615
3038 2615
3039 2615
3040 2615
3041 2615
3042 2615
3043 2615
3044 2615
3045 2615
3046 2615
3047 2615
3048 2615
3049 2615
3050 2615
3051 2615
3052 2615
3053 2615
3054 2615
3055 2615
3056 2615
3057 2615
3058 2615
3059 2615
3060 2615
3061 2615
3062 2615
3063 2615
3064 2615
3065 2615
3066 2615
3067 2615
3068 2615
3069 2615
3070 2615
3071 2615
3072 2615
3073 2615
3074 2615
3075 2615
3076 2615
3077 2615
3078 2615
3079 2615
3080 2615
3081 2615
3082 2615
3083 2615
3084 2615
3085 2615
3086 2615
3087 2615
3088 2615
3089 2615
3090 2615
3091 2615
3092 2615
3093 2615
3094 2615
3095 2615
3096 2615
3097 2615
3098 2615
3099 2615
3100 2615
3101 2615
3102 2615
3103 2615
3104 2615
3105 2615
3106 2615
3107 2615
3108 2615
3109 2615
3110 2615
3111 2615
3112 2615
3113 2615
3114 2615
3115 2615
3116 2615
3117 2615
3118 2615
3119 2615
3120 2615
3121 2615
3122 2615
3123 2615
3124 2615
3125 2615
3126 2615
3127 2615
3128 2615
3129 2615
3130 2615
3131 2615
3132 2615
3133 2615
3134 2615
3135 2615
3136 2615
3137 2615
3138 2615
3139 2615
3140 2615
3141 2615
3142 2614
3143 2614
3144 2613
3145 2613
3146 2613
3147 2612
3148 2612
3149 2612
3150 2612
3151 2611
3152 2611
3153 2611
3154 2611
3155 2611
3156 2611
3157 2611
3158 2611
3159 2611
3160 2611
3161 2611
3162 2611
3163 2611
3164 2611
3165 2611
3166 2611
3167 2610
3168 2610
3169 2610
3170 2610
3171 2610
3172 2610
3173 2610
3174 2610
3175 2610
3176 2610
3177 2610
3178 2610
3179 2610
3180 2610
3181 2610
3182 2610
3183 2610
3184 2610
3185 2610
3186 2610
3187 2610
3188 2610
3189 2610
3190 2610
3191 2610
3192 2610
3193 2610
3194 2610
3195 2610
3196 2610
3197 2610
3198 2610
3199 2610
3200 2610
3201 2610
3202 2610
3203 2610
3204 2610
3205 2610
3206 2610
3207 2610
3208 2610
3209 2610
3210 2610
3211 2610
3212 2610
3213 2610
3214 2610
3215 2610
3216 2610
3217 2610
3218 2610
3219 2610
3220 2610
3221 2610
3222 2610
3223 2610
3224 2610
3225 2610
3226 2610
3227 2610
3228 2610
3229 2610
3230 2610
3231 2610
3232 2610
3233 2610
3234 2610
3235 2610
3236 2610
3237 2610
3238 2610
3239 2610
3240 2610
3241 2610
3242 2610
3243 2610
3244 2610
3245 2610
3246 2610
3247 2610
3248 2610
3249 2609
3250 2609
3251 2609
3252 2609
3253 2608
3254 2608
3255 2608
3256 2608
3257 2607
3258 2607
3259 2607
3260 2607
3261 2607
3262 2607
3263 2607
3264 2607
3265 2606
3266 2606
3267 2606
3268 2606
3269 2606
3270 2606
3271 2606
3272 2606
3273 2606
3274 2606
3275 2606
3276 2606
3277 2606
3278 2606
3279 2606
3280 2606
3281 2606
3282 2606
3283 2606
3284 2606
3285 2606
3286 2606
3287 2606
3288 2606
3289 2606
3290 2606
3291 2605
3292 2605
3293 2605
3294 2605
3295 2605
3296 2605
3297 2605
3298 2605
3299 2605
3300 2605
3301 2605
3302 2605
3303 2605
3304 2605
3305 2605
3306 2605
3307 2605
3308 2605
3309 2605
3310 2605
3311 2605
3312 2605
3313 2605
3314 2605
3315 2605
3316 2605
3317 2605
3318 2605
3319 2605
3320 2605
3321 2605
3322 2605
3323 2605
3324 2605
3325 2605
3326 2605
3327 2605
3328 2605
3329 2605
3330 2605
3331 2605
3332 2605
3333 2605
3334 2605
3335 2605
3336 2605
3337 2605
3338 2605
3339 2605
3340 2605
3341 2605
3342 2605
3343 2605
3344 2605
3345 2605
3346 2605
3347 2606
3348 2606
3349 2606
3350 2606
3351 2607
3352 2607
3353 2607
3354 2608
3355 2608
3356 2608
3357 2608
3358 2609
3359 2609
3360 2609
3361 2609
3362 2609
3363 2609
3364 2609
3365 2610
3366 2610
3367 2610
3368 2611
3369 2611
3370 2612
3371 2612
3372 2612
3373 2613
3374 2613
3375 2613
3376 2614
3377 2614
3378 2614
3379 2614
3380 2614
3381 2614
3382 2614
3383 2614
3384 2615
3385 2615
3386 2615
3387 2615
3388 2615
3389 2615
3390 2615
3391 2615
3392 2615
3393 2615
3394 2615
3395 2615
3396 2615
3397 2615
3398 2615
3399 2615
3400 2615
3401 2615
3402 2615
3403 2615
3404 2615
3405 2615
3406 2615
3407 2615
3408 2615
3409 2615
3410 2615
3411 2615
3412 2615
3413 2615
3414 2615
3415 2615
3416 2615
3417 2615
3418 2615
3419 2615
3420 2615
3421 2615
3422 2615
3423 2615
3424 2615
3425 2615
3426 2615
3427 2615
3428 2615
3429 2615
3430 2615
3431 2615
3432 2615
3433 2615
3434 2614
3435 2614
3436 2614
3437 2614
3438 2613
3439 2613
3440 2613
3441 2613
3442 2612
3443 2612
3444 2612
3445 2612
3446 2612
3447 2612
3448 2612
3449 2612
3450 2611
3451 2611
3452 2611
3453 2611
3454 2611
3455 2611
3456 2611
3457 2611
3458 2610
3459 2610
3460 2610
3461 2610
3462 2609
3463 2609
3464 2609
3465 2608
3466 2608
3467 2608
3468 2608
3469 2607
3470 2607
3471 2607
3472 2607
3473 2607
3474 2607
3475 2606
3476 2606
3477 2606
3478 2606
3479 2606
3480 2606
3481 2606
3482 2606
3483 2605
3484 2605
3485 2605
3486 2604
3487 2603
3488 2603
3489 2603
3490 2602
3491 2602
3492 2602
3493 2602
3494 2602
3495 2601
3496 2601
3497 2601
3498 2601
3499 2601
3500 2600
3501 2600
3502 2600
3503 2599
3504 2599
3505 2598
3506 2598
3507 2598
3508 2598
3509 2597
3510 2597
3511 2597
3512 2597
3513 2596
3514 2596
3515 2596
3516 2596
3517 2596
3518 2596
3519 2596
3520 2596
3521 2596
3522 2596
3523 2596
3524 2596
3525 2596
3526 2596
3527 2596
3528 2596
3529 2596
3530 2596
3531 2596
3532 2596
3533 2596
3534 2596
3535 2596
3536 2596
3537 2596
3538 2596
3539 2596
3540 2595
3541 2595
3542 2595
3543 2595
3544 2595
3545 2595
3546 2595
3547 2595
3548 2595
3549 2595
3550 2595
3551 2595
3552 2595
3553 2595
3554 2595
3555 2595
3556 2595
3557 2595
3558 2595
3559 2595
3560 2595
3561 2595
3562 2595
3563 2595
3564 2595
3565 2595
3566 2595
3567 2595
3568 2595
3569 2595
3570 2595
3571 2595
3572 2595
3573 2595
3574 2595
3575 2595
3576 2595
3577 2595
3578 2595
3579 2595
3580 2595
3581 2595
3582 2595
3583 2595
3584 2595
3585 2595
3586 2595
3587 2595
3588 2595
3589 2595
3590 2595
3591 2595
3592 2595
3593 2595
3594 2594
3595 2594
3596 2594
3597 2594
3598 2593
3599 2593
3600 2593
3601 2593
3602 2592
3603 2592
3604 2592
3605 2592
3606 2592
3607 2592
3608 2591
3609 2591
3610 2591
3611 2591
3612 2591
3613 2591
3614 2590
3615 2590
3616 2589
3617 2589
3618 2588
3619 2588
3620 2587
3621 2587
3622 2586
3623 2585
3624 2584
3625 2583
3626 2582
3627 2582
3628 2581
3629 2580
3630 2579
3631 2579
3632 2578
3633 2577
3634 2576
3635 2576
3636 2575
3637 2574
3638 2574
3639 2573
3640 2573
3641 2573
3642 2572
3643 2571
3644 2571
3645 2570
3646 2570
3647 2569
3648 2569
3649 2568
3650 2568
3651 2567
3652 2567
3653 2566
3654 2565
3655 2565
3656 2564
3657 2563
3658 2563
3659 2562
3660 2561
3661 2560
3662 2559
3663 2558
3664 2557
3665 2556
3666 2555
3667 2555
3668 2554
3669 2553
3670 2553
3671 2552
3672 2551
3673 2550
3674 2550
3675 2549
3676 2549
3677 2548
3678 2548
3679 2547
3680 2546
3681 2546
3682 2545
3683 2545
3684 2544
3685 2544
3686 2543
3687 2543
3688 2542
3689 2542
3690 2541
3691 2540
3692 2540
3693 2539
3694 2538
3695 2537
3696 2536
3697 2535
3698 2534
3699 2533
3700 2532
3701 2531
3702 2531
3703 2530
3704 2529
3705 2529
3706 2528
3707 2527
3708 2526
3709 2525
3710 2524
3711 2523
3711 2522
3712 2521
3713 2520
3714 2519
3715 2518
3715 2517
3716 2516
3716 2515
3717 2514
3718 2513
3719 2512
3719 2511
3720 2510
3721 2509
3721 2508
3722 2507
3722 2506
3722 2505
3723 2504
3723 2503
3724 2502
3724 2501
3725 2500
3725 2499
3726 2498
3726 2497
3727 2496
3727 2495
3728 2494
3728 2493
3729 2492
3729 2491
3730 2490
3730 2489
3731 2488
3732 2487
3732 2486
3733 2485
3733 2484
3734 2483
3734 2482
3735 2481
3735 2480
3736 2479
3736 2478
3737 2477
3737 2476
3737 2475
3738 2474
3738 2473
3738 2472
3738 2471
3738 2470
3739 2469
3739 2468
3739 2467
3739 2466
3740 2465
3740 2464
3740 2463
3741 2462
3741 2461
3741 2460
3742 2459
3742 2458
3742 2457
3742 2456
3743 2455
3743 2454
3743 2453
3743 2452
3744 2451
3744 2450
3744 2449
3744 2448
3745 2447
3745 2446
3746 2445
3746 2444
3746 2443
3747 2442
3747 2441
3747 2440
3748 2439
3748 2438
3749 2437
3749 2436
3749 2435
3750 2434
3750 2433
3750 2432
3751 2431
3751 2430
3751 2429
3752 2428
3752 2427
3752 2426
3752 2425
3752 2424
3753 2423
3753 2422
3753 2421
3753 2420
3754 2419
3754 2418
3754 2417
3754 2416
3755 2415
3755 2414
3755 2413
3756 2412
3756 2411
3756 2410
3757 2409
3757 2408
3757 2407
3757 2406
3758 2405
3758 2404
3758 2403
3758 2402
3759 2401
3759 2400
3759 2399
3760 2398
3760 2397
3760 2396
3761 2395
3761 2394
3762 2393
3762 2392
3762 2391
3762 2390
3763 2389
3763 2388
3763 2387
3763 2386
3763 2385
3763 2384
3764 2383
3764 2382
3764 2381
3764 2380
3764 2379
3764 2378
3764 2377
3764 2376
3764 2375
3765 2374
3765 2373
3766 2372
3766 2371
3767 2370
3767 2369
3767 2368
3768 2367
3768 2366
3768 2365
3768 2364
3769 2363
3769 2362
3769 2361
3770 2360
3770 2359
3771 2358
3771 2357
3771 2356
3772 2355
3772 2354
3772 2353
3773 2352
3773 2351
3773 2350
3773 2349
3773 2348
3773 2347
3773 2346
3774 2345
3774 2344
3774 2343
3774 2342
3774 2341
3774 2340
3774 2339
3775 2338
3775 2337
3776 2336
3776 2335
3776 2334
3777 2333
3777 2332
3778 2331
3778 2330
3778 2329
3778 2328
3778 2327
3779 2326
3779 2325
3779 2324
3779 2323
3779 2322
3779 2321
3779 2320
3779 2319
3779 2318
3779 2317
3779 2316
3779 2315
3779 2314
3779 2313
3779 2312
3779 2311
3779 2310
3779 2309
3779 2308
3779 2307
3779 2306
3779 2305
3779 2304
3779 2303
3779 2302
3779 2301
3779 2300
3779 2299
3779 2298
3779 2297
3779 2296
3779 2295
3779 2294
3780 2293
3780 2292
3780 2291
3780 2290
3780 2289
3780 2288
3780 2287
3780 2286
3780 2285
3780 2284
3780 2283
3780 2282
3780 2281
3780 2280
3780 2279
3780 2278
3780 2277
3780 2276
3780 2275
3780 2274
3780 2273
3780 2272
3780 2271
3780 2270
3780 2269
3780 2268
3780 2267
3780 2266
3780 2265
3780 2264
3780 2263
3780 2262
3780 2261
3780 2260
3780 2259
3780 2258
3780 2257
3780 2256
3780 2255
3780 2254
3780 2253
3780 2252
3780 2251
3780 2250
3780 2249
3780 2248
3780 2247
3780 2246
3780 2245
3780 2244
3780 2243
3780 2242
3780 2241
3780 2240
3780 2239
3780 2238
3780 2237
3780 2236
3780 2235
3780 2234
3780 2233
3780 2232
3780 2231
3780 2230
3780 2229
3780 2228
3780 2227
3780 2226
3780 2225
3780 2224
3780 2223
3780 2222
3780 2221
3780 2220
3780 2219
3780 2218
3780 2217
3780 2216
3780 2215
3780 2214
3780 2213
3780 2212
3780 2211
3780 2210
3780 2209
3780 2208
3780 2207
3780 2206
3780 2205
3780 2204
3780 2203
3780 2202
3780 2201
3780 2200
3780 2199
3780 2198
3780 2197
3780 2196
3780 2195
3780 2194
3780 2193
3780 2192
3780 2191
3780 2190
3780 2189
3780 2188
3780 2187
3780 2186
3780 2185
3780 2184
3780 2183
3780 2182
3780 2181
3780 2180
3780 2179
3780 2178
3780 2177
3780 2176
3780 2175
3780 2174
3780 2173
3780 2172
3780 2171
3780 2170
3780 2169
3780 2168
3780 2167
3780 2166
3780 2165
3780 2164
3780 2163
3780 2162
3780 2161
3780 2160
3780 2159
3780 2158
3780 2157
3780 2156
3780 2155
3780 2154
3780 2153
3780 2152
3780 2151
3780 2150
3780 2149
3780 2148
3780 2147
3780 2146
3780 2145
3780 2144
3780 2143
3780 2142
3780 2141
3780 2140
3780 2139
3780 2138
3780 2137
3780 2136
3780 2135
3780 2134
3780 2133
3780 2132
3780 2131
3780 2130
3780 2129
3780 2128
3780 2127
3780 2126
3780 2125
3780 2124
3780 2123
3780 2122
3780 2121
3780 2120
3780 2119
3780 2118
3780 2117
3780 2116
3780 2115
3780 2114
3780 2113
3780 2112
3780 2111
3780 2110
3780 2109
3780 2108
3780 2107
3780 2106
3780 2105
3780 2104
3780 2103
3780 2102
3780 2101
3780 2100
3780 2099
3780 2098
3780 2097
3780 2096
3780 2095
3780 2094
3780 2093
3780 2092
3780 2091
3780 2090
3780 2089
3780 2088
3780 2087
3780 2086
3780 2085
3780 2084
3780 2083
3780 2082
3780 2081
3780 2080
3780 2079
3780 2078
3779 2077
3779 2076
3779 2075
3778 2074
3778 2073
3777 2072
3777 2071
3776 2070
3776 2069
3775 2068
3775 2067
3775 2066
3774 2065
3774 2064
3773 2063
3773 2062
3773 2061
3773 2060
3772 2059
3772 2058
3772 2057
3772 2056
3772 2055
3771 2054
3771 2053
3771 2052
3771 2051
3771 2050
3771 2049
3771 2048
3771 2047
3771 2046
3770 2045
3770 2044
3770 2043
3770 2042
3770 2041
3770 2040
3770 2039
3770 2038
3770 2037
3769 2036
3769 2035
3769 2034
3769 2033
3768 2032
3768 2031
3768 2030
3768 2029
3767 2028
3767 2027
3767 2026
3767 2025
3767 2024
3767 2023
3766 2022
3766 2021
3766 2020
3766 2019
3766 2018
3766 2017
3766 2016
3765 2015
3765 2014
3765 2013
3764 2012
3764 2011
3764 2010
3764 2009
3763 2008
3763 2007
3763 2006
3762 2005
3762 2004
3761 2003
3761 2002
3761 2001
3760 2000
3760 1999
3759 1998
3759 1997
3758 1996
3758 1995
3758 1994
3758 1993
3757 1992
3757 1991
3757 1990
3757 1989
3757 1988
3756 1987
3756 1986
3756 1985
3756 1984
3756 1983
3756 1982
3756 1981
3755 1980
3755 1979
3755 1978
3754 1977
3754 1976
3754 1975
3754 1974
3753 1973
3753 1972
3753 1971
3752 1970
3752 1969
3752 1968
3752 1967
3752 1966
3751 1965
3751 1964
3751 1963
3750 1962
3750 1961
3749 1960
3749 1959
3748 1958
3748 1957
3747 1956
3747 1955
3746 1954
3745 1953
3745 1952
3744 1951
3744 1950
3743 1949
3743 1948
3742 1947
3742 1946
3741 1945
3741 1944
3740 1943
3740 1942
3739 1941
3739 1940
3738 1939
3737 1938
3737 1937
3736 1936
3735 1935
3735 1934
3734 1933
3733 1932
3733 1931
3733 1930
3732 1929
3732 1928
3731 1927
3730 1926
3729 1925
3729 1924
3728 1923
3728 1922
3727 1921
3727 1920
3726 1919
3726 1918
3725 1917
3724 1916
3723 1915
3723 1914
3722 1913
3721 1912
3720 1912
3719 1912
3718 1912
3717 1911
3716 1911
3715 1910
3716 1909
3717 1908
3718 1907
3718 1906
3719 1905
3720 1904
3721 1903
3721 1902
3722 1901
3723 1900
3724 1899
3724 1898
3725 1897
3726 1896
3727 1895
3727 1894
3728 1893
3729 1892
3730 1891
3729 1891
3728 1891
3727 1891
3726 1891
3725 1891
3724 1891
3723 1891
3722 1891
3721 1891
3720 1891
3719 1891
3718 1891
3717 1890
3716 1890
3715 1890
3714 1890
3713 1890
3712 1890
3711 1890
3710 1890
3709 1889
3708 1889
3707 1888
3706 1888
3705 1888
3704 1887
3703 1887
3702 1887
3701 1887
3700 1887
3699 1887
3698 1887
3697 1886
3696 1886
3695 1886
3694 1886
3693 1886
3692 1886
3691 1886
3690 1886
3689 1886
3688 1886
3687 1886
3686 1886
3685 1886
3684 1886
3683 1886
3682 1886
3681 1886
3680 1886
3679 1886
3678 1886
3677 1886
3676 1886
3675 1886
3674 1886
3673 1886
3672 1886
3671 1886
3670 1886
3669 1886
3668 1886
3667 1886
3666 1886
3665 1886
3664 1886
3663 1886
3662 1886
3661 1886
3660 1886
3659 1886
3658 1886
3657 1887
3656 1887
3655 1888
3654 1888
3653 1889
3652 1889
3651 1889
3650 1889
3649 1890
3648 1890
3647 1890
3646 1890
3645 1890
3644 1890
3643 1890
3642 1891
3641 1891
3640 1892
3639 1893
3638 1893
3637 1894
3636 1895
3635 1896
3635 1897
3634 1898
3633 1898
3632 1899
3631 1899
3630 1899
3629 1900
3628 1900
3627 1901
3626 1902
3625 1902
3624 1903
3623 1903
3622 1904
3621 1904
3620 1904
3619 1904
3618 1904
3617 1905
3616 1905
3615 1905
3614 1905
3613 1905
3612 1906
3611 1906
3610 1907
3609 1907
3608 1908
3607 1908
3606 1909
3605 1909
3604 1909
3603 1909
3602 1909
3601 1910
3600 1910
3599 1910
3598 1910
3597 1911
3596 1912
3595 1912
3594 1913
3593 1913
3592 1913
3591 1913
3590 1914
3589 1914
3588 1914
3587 1915
3586 1915
3585 1916
3584 1916
3583 1917
3582 1917
3581 1918
3580 1918
3579 1918
3578 1919
3577 1919
3576 1919
3575 1920
3574 1920
3573 1920
3572 1920
3571 1920
3570 1920
3569 1920
3568 1920
3567 1920
3566 1920
3565 1920
3564 1920
3563 1920
3562 1920
3561 1921
3560 1921
3559 1921
3558 1921
3557 1921
3556 1921
3555 1921
3554 1921
3553 1921
3552 1921
3551 1921
3550 1921
3549 1921
3548 1921
3547 1921
3546 1921
3545 1921
3544 1921
3543 1920
3542 1920
3541 1920
3540 1920
3539 1919
3538 1919
3537 1919
3536 1918
3535 1918
3534 1918
3533 1917
3532 1917
3531 1917
3530 1917
3529 1917
3528 1917
3527 1917
3526 1916
3525 1916
3524 1916
3523 1916
3522 1916
3521 1916
3520 1916
3519 1916
3518 1916
3517 1915
3516 1915
3515 1915
3514 1914
3513 1914
3512 1914
3511 1913
3510 1913
3509 1913
3508 1912
3507 1912
3506 1912
3505 1912
3504 1912
3503 1912
3502 1912
3501 1911
3500 1911
3499 1911
3498 1911
3497 1911
3496 1911
3495 1911
3494 1911
3493 1911
3492 1911
3491 1911
3490 1911
3489 1911
3488 1911
3487 1911
3486 1911
3485 1911
3484 1911
3483 1911
3482 1911
3481 1911
3480 1911
3479 1911
3478 1911
3477 1911
3476 1911
3475 1911
3474 1911
3473 1910
3472 1910
3471 1910
3470 1909
3469 1909
3468 1909
3467 1908
3466 1908
3465 1908
3464 1908
3463 1908
3462 1908
3461 1907
3460 1907
3459 1907
3458 1907
3457 1907
3456 1907
3455 1907
3454 1907
3453 1906
3452 1906
3451 1906
3450 1905
3449 1905
3448 1905
3447 1904
3446 1903
3445 1903
3444 1902
3443 1901
3442 1901
3441 1900
3440 1900
3439 1899
3438 1899
3437 1898
3436 1897
3435 1897
3434 1896
3433 1895
3432 1895
3431 1894
3430 1894
3429 1894
3428 1893
3427 1893
3426 1892
3425 1892
3424 1891
3423 1891
3422 1890
3421 1890
3420 1889
3419 1889
3418 1889
3417 1888
3416 1888
3415 1887
3414 1887
3413 1886
3412 1885
3411 1884
3410 1884
3409 1884
3408 1883
3407 1883
3406 1882
3405 1882
3404 1881
3403 1880
3402 1880
3401 1879
3400 1879
3399 1878
3398 1878
3397 1878
3396 1877
3395 1876
3394 1875
3393 1875
3392 1874
3391 1874
3390 1873
3389 1873
3388 1872
3387 1872
3386 1871
3385 1870
3384 1870
3383 1869
3382 1869
3381 1869
3380 1868
3379 1868
3378 1868
3377 1868
3376 1867
3375 1867
3374 1867
3373 1866
3372 1865
3371 1865
3370 1864
3369 1864
3368 1864
3367 1864
3366 1863
3365 1863
3364 1862
3363 1862
3362 1861
3361 1861
3360 1860
3359 1859
3358 1859
3357 1859
3356 1858
3355 1858
3354 1858
3353 1858
3352 1858
3351 1858
3350 1857
3349 1857
3348 1857
3347 1857
3346 1857
3345 1857
3344 1857
3343 1857
3342 1857
3341 1857
3340 1857
3339 1857
3338 1856
3337 1856
3336 1856
3335 1856
3334 1856
3333 1856
3332 1856
3331 1856
3330 1856
3329 1856
3328 1856
3327 1856
3326 1856
3325 1856
3324 1856
3323 1856
3322 1856
3321 1856
3320 1856
3319 1856
3318 1856
3317 1856
3316 1856
3315 1856
3314 1856
3313 1856
3312 1856
3311 1856
3310 1856
3309 1856
3308 1856
3307 1856
3306 1856
3305 1856
3304 1856
3303 1856
3302 1856
3301 1856
3300 1856
3299 1856
3298 1856
3297 1856
3296 1856
3295 1856
3294 1856
3293 1856
3292 1856
3291 1856
3290 1856
3289 1856
3288 1856
3287 1856
3286 1856
3285 1856
3284 1856
3283 1856
3282 1856
3281 1856
3280 1856
3279 1856
3278 1856
3277 1856
3276 1856
3275 1856
3274 1856
3273 1856
3272 1856
3271 1856
3270 1856
3269 1856
3268 1856
3267 1856
3266 1856
3265 1856
3264 1856
3263 1856
3262 1856
3261 1856
3260 1856
3259 1856
3258 1856
3257 1856
3256 1856
3255 1856
3254 1856
3253 1856
3252 1856
3251 1856
3250 1856
3249 1856
3248 1856
3247 1856
3246 1856
3245 1856
3244 1856
3243 1856
3242 1856
3241 1856
3240 1856
3239 1856
3238 1856
3237 1856
3236 1857
3235 1857
3234 1857
3233 1857
3232 1858
3231 1858
3230 1858
3229 1859
3228 1859
3227 1859
3226 1859
3225 1859
3224 1860
3223 1860
3222 1860
3221 1860
3220 1860
3219 1860
3218 1860
3217 1860
3216 1860
3215 1861
3214 1861
3213 1861
3212 1861
3211 1861
3210 1861
3209 1861
3208 1861
3207 1861
3206 1861
3205 1861
3204 1861
3203 1861
3202 1861
3201 1861
3200 1861
3199 1861
3198 1861
3197 1861
3196 1861
3195 1861
3194 1861
3193 1861
3192 1861
3191 1861
3190 1861
3189 1861
3188 1861
3187 1861
3186 1861
3185 1861
3184 1861
3183 1861
3182 1861
3181 1861
3180 1861
3179 1861
3178 1861
3177 1861
3176 1861
3175 1861
3174 1861
3173 1861
3172 1861
3171 1861
3170 1861
3169 1861
3168 1861
3167 1861
3166 1861
3165 1861
3164 1861
3163 1861
3162 1861
3161 1861
3160 1861
3159 1861
3158 1861
3157 1861
3156 1861
3155 1862
3154 1862
3153 1862
3152 1862
3151 1863
3150 1863
3149 1864
3148 1864
3147 1864
3146 1864
3145 1865
3144 1865
3143 1865
3142 1865
3141 1865
3140 1865
3139 1865
3138 1866
3137 1866
3136 1866
3135 1866
3134 1866
3133 1866
3132 1866
3131 1866
3130 1866
3129 1866
3128 1866
3127 1866
3126 1866
3125 1866
3124 1866
3123 1866
3122 1866
3121 1866
3120 1866
3119 1866
3118 1866
3117 1866
3116 1866
3115 1866
3114 1866
3113 1866
3112 1866
3111 1866
3110 1866
3109 1866
3108 1866
3107 1866
3106 1866
3105 1866
3104 1866
3103 1866
3102 1866
3101 1866
3100 1866
3099 1866
3098 1866
3097 1866
3096 1866
3095 1866
3094 1866
3093 1866
3092 1866
3091 1866
3090 1866
3089 1866
3088 1866
3087 1866
3086 1866
3085 1866
3084 1866
3083 1866
3082 1866
3081 1866
3080 1866
3079 1866
3078 1866
3077 1866
3076 1866
3075 1866
3074 1866
3073 1866
3072 1866
3071 1866
3070 1866
3069 1866
3068 1866
3067 1866
3066 1866
3065 1866
3064 1866
3063 1866
3062 1866
3061 1866
3060 1866
3059 1866
3058 1867
3057 1867
3056 1867
3055 1867
3054 1867
3053 1867
3052 1868
3051 1868
3050 1868
3049 1868
3048 1868
3047 1868
3046 1869
3045 1869
3044 1869
3043 1869
3042 1869
3041 1869
3040 1870
3039 1870
3038 1870
3037 1870
3036 1870
3035 1870
3034 1870
3033 1870
3032 1870
3031 1870
3030 1870
3029 1870
3028 1871
3027 1871
3026 1871
3025 1871
3024 1871
3023 1871
3022 1871
3021 1871
3020 1871
3019 1871
3018 1871
3017 1871
3016 1871
3015 1871
3014 1871
3013 1871
3012 1871
3011 1871
3010 1871
3009 1872
3008 1872
3007 1872
3006 1872
3005 1873
3004 1873
3003 1873
3002 1873
3001 1874
3000 1874
2999 1874
2998 1874
2997 1874
2996 1875
2995 1875
2994 1875
2993 1875
2992 1875
2991 1875
2990 1875
2989 1875
2988 1875
2987 1875
2986 1876
2985 1876
2984 1876
2983 1876
2982 1876
2981 1876
2980 1876
2979 1876
2978 1876
2977 1876
2976 1876
2975 1876
2974 1876
2973 1876
2972 1876
2971 1876
2970 1876
2969 1876
2968 1876
2967 1876
2966 1876
2965 1876
2964 1876
2963 1876
2962 1876
2961 1876
2960 1876
2959 1876
2958 1876
2957 1876
2956 1876
2955 1876
2954 1876
2953 1876
2952 1875
2951 1875
2950 1875
2949 1874
2948 1874
2947 1873
2946 1873
2945 1873
2944 1873
2943 1873
2942 1872
2941 1872
2940 1872
2939 1872
2938 1872
2937 1872
2936 1872
2935 1872
2934 1872
2933 1872
2932 1872
2931 1871
2930 1871
2929 1871
2928 1871
2927 1871
2926 1871
2925 1871
2924 1871
2923 1871
2922 1871
2921 1871
2920 1871
2919 1871
2918 1871
2917 1871
2916 1871
2915 1871
2914 1871
2913 1871
2912 1871
2911 1871
2910 1871
2909 1871
2908 1871
2907 1871
2906 1872
2905 1873
2904 1873
2903 1874
2902 1875
2901 1876
2900 1877
2899 1878
2898 1878
2897 1879
2896 1880
2895 1881
2894 1882
2893 1882
2892 1883
2891 1883
2891 1884
2890 1885
2889 1886
2888 1887
2887 1888
2886 1888
2885 1889
2884 1889
2883 1890
2882 1891
2881 1892
2880 1892
2879 1893
2878 1894
2877 1894
2876 1895
2875 1895
2874 1896
2873 1897
2872 1897
2871 1898
2870 1898
2869 1899
2868 1899
2867 1899
2866 1899
2865 1899
2864 1900
2863 1900
2862 1900
2861 1900
2860 1900
2859 1900
2858 1900
2857 1900
2856 1900
2855 1900
2854 1900
2853 1901
2852 1901
2851 1901
2850 1901
2849 1901
2848 1901
2847 1901
2846 1901
2845 1901
2844 1900
2843 1900
2842 1899
2841 1899
2840 1898
2840 1897
2839 1896
2838 1895
2837 1894
2836 1893
2835 1892
2834 1891
2834 1890
2833 1889
2832 1888
2831 1887
2830 1887
2829 1886
2828 1885
2827 1884
2826 1883
2825 1882
2825 1881
2824 1880
2823 1879
2822 1878
2821 1877
2820 1876
2819 1875
2818 1874
2817 1873
2817 1872
2816 1871
2815 1870
2814 1869
2814 1868
2814 1867
2813 1866
2813 1865
2812 1864
2812 1863
2811 1862
2811 1861
2810 1860
2809 1859
2809 1858
2808 1857
2808 1856
2807 1855
2806 1854
2805 1853
2804 1852
2803 1851
2802 1850
2801 1849
2800 1848
2799 1848
