2561 2121
2560 2122
2559 2122
2558 2122
2557 2122
2556 2122
2555 2122
2554 2122
2553 2122
2552 2122
2551 2122
2550 2122
2549 2122
2548 2122
2547 2122
2546 2122
2545 2122
2544 2123
2543 2123
2542 2123
2541 2123
2540 2123
2539 2124
2538 2124
2537 2124
2536 2124
2535 2124
2534 2124
2533 2125
2532 2125
2531 2125
2530 2125
2529 2125
2528 2125
2527 2125
2526 2125
2525 2125
2524 2125
2523 2125
2522 2125
2521 2125
2520 2125
2519 2124
2518 2124
2517 2124
2516 2124
2515 2124
2514 2124
2513 2124
2512 2123
2511 2123
2510 2123
2509 2123
2508 2123
2507 2123
2506 2122
2505 2122
2504 2122
2503 2122
2502 2122
2501 2122
2500 2122
2499 2123
2498 2123
2497 2123
2496 2123
2495 2123
2494 2123
2493 2124
2492 2124
2491 2124
2490 2124
2489 2125
2488 2125
2487 2125
2486 2125
2485 2125
2484 2125
2483 2125
2482 2125
2481 2125
2480 2125
2479 2125
2478 2125
2477 2125
2476 2125
2475 2125
2474 2125
2473 2125
2472 2126
2471 2126
2470 2126
2469 2126
2468 2126
2467 2126
2466 2126
2465 2126
2464 2126
2463 2126
2462 2125
2461 2125
2460 2125
2459 2125
2458 2125
2457 2125
2456 2125
2455 2126
2454 2126
2453 2126
2452 2126
2451 2126
2450 2126
2449 2126
2448 2126
2447 2126
2446 2126
2445 2126
2444 2126
2443 2126
2442 2126
2441 2126
2440 2125
2439 2125
2438 2125
2437 2125
2436 2125
2435 2125
2434 2125
2433 2126
2432 2126
2431 2126
2430 2126
2429 2126
2428 2126
2427 2126
2426 2126
2425 2126
2424 2126
2423 2126
2422 2126
2421 2126
2420 2126
2419 2126
2418 2125
2417 2125
2416 2125
2415 2125
2414 2125
2413 2125
2412 2125
2411 2124
2410 2124
2409 2124
2408 2124
2407 2124
2406 2123
2405 2124
2404 2124
2403 2125
2402 2125
2401 2125
2400 2125
2399 2125
2398 2125
2397 2125
2396 2125
2395 2125
2394 2125
2393 2124
2392 2124
2391 2124
2390 2124
2389 2124
2388 2124
2387 2124
2386 2124
2385 2124
2384 2124
2383 2124
2382 2124
2381 2125
2380 2126
2379 2126
2378 2127
2377 2128
2376 2129
2375 2129
2374 2130
2373 2130
2372 2131
2371 2132
2371 2133
2370 2134
2369 2134
2368 2135
2367 2136
2367 2137
2366 2138
2365 2139
2365 2140
2364 2141
2363 2142
2362 2143
2361 2144
2360 2144
2359 2145
2358 2146
2357 2147
2356 2148
2355 2149
2354 2150
2353 2151
2352 2152
2351 2153
2350 2154
2349 2155
2348 2156
2347 2157
2346 2158
2345 2159
2344 2160
2343 2161
2342 2162
2341 2163
2340 2164
2339 2165
2338 2165
2337 2166
2336 2166
2335 2167
2334 2168
2333 2169
2332 2170
2331 2171
2330 2172
2329 2172
2328 2173
2327 2174
2326 2175
2325 2176
2324 2176
2323 2177
2322 2178
2321 2178
2320 2178
2319 2179
2318 2180
2317 2180
2316 2181
2315 2182
2314 2182
2313 2183
2312 2184
2311 2184
2310 2184
2309 2184
2308 2184
2307 2184
2306 2184
2305 2184
2304 2184
2303 2184
2302 2184
2301 2184
2300 2184
2299 2184
2298 2183
2297 2183
2296 2183
2295 2183
2294 2183
2293 2183
2292 2182
2291 2182
2290 2182
2289 2182
2288 2182
2287 2182
2286 2181
2285 2181
2284 2181
2283 2181
2282 2181
2281 2181
2280 2180
2279 2180
2278 2180
2277 2180
2276 2180
2275 2180
2274 2179
2273 2179
2272 2179
2271 2179
2270 2179
2269 2178
2268 2178
2267 2178
2266 2178
2265 2178
2264 2178
2263 2177
2262 2177
2261 2177
2260 2177
2259 2177
2258 2176
2257 2176
2256 2176
2255 2176
2254 2176
2253 2176
2252 2176
2251 2176
2250 2176
2249 2177
2248 2177
2247 2177
2246 2178
2245 2178
2244 2178
2243 2179
2242 2179
2241 2179
2240 2179
2239 2179
2238 2180
2237 2180
2236 2179
2235 2179
2234 2179
2233 2179
2232 2179
2231 2179
2230 2179
2229 2179
2228 2179
2227 2179
2226 2179
2225 2180
2224 2180
2223 2180
2222 2180
2221 2180
2220 2180
2219 2180
2218 2180
2217 2180
2216 2180
2215 2180
2214 2180
2213 2180
2212 2179
2211 2179
2210 2179
2209 2179
2208 2179
2207 2179
2206 2178
2205 2178
2204 2178
2203 2178
2202 2178
2201 2178
2200 2178
2199 2179
2198 2180
2197 2180
2196 2181
2195 2182
2194 2183
2193 2184
2192 2185
2191 2186
2191 2187
2190 2188
2189 2189
2188 2190
2187 2191
2186 2192
2185 2193
2184 2194
2183 2195
2182 2196
2182 2197
2181 2198
2180 2199
2179 2200
2178 2201
2177 2202
2176 2203
2175 2203
2174 2204
2173 2205
2172 2206
2171 2207
2170 2208
2169 2209
2168 2210
2168 2211
2167 2212
2166 2213
2165 2214
2164 2215
2163 2216
2162 2217
2161 2217
2160 2218
2159 2219
2158 2219
2157 2220
2156 2220
2155 2221
2154 2221
2153 2221
2152 2222
2151 2222
2150 2222
2149 2223
2148 2223
2147 2224
2146 2224
2145 2225
2144 2225
2143 2226
2142 2226
2141 2226
2140 2226
2139 2227
2138 2227
2137 2228
2136 2228
2135 2228
2134 2228
2133 2229
2132 2229
2131 2229
2130 2229
2129 2230
2128 2230
2127 2231
2126 2231
2125 2231
2124 2231
2123 2231
2122 2231
2121 2231
2120 2231
2119 2231
2118 2231
2117 2232
2116 2232
2115 2232
2114 2232
2113 2233
2112 2233
2111 2234
2110 2234
2109 2234
2108 2235
2107 2235
2106 2235
2105 2235
2104 2235
2103 2235
2102 2235
2101 2235
2100 2235
2099 2235
2098 2235
2097 2235
2096 2234
2095 2235
2094 2235
2093 2235
2092 2235
2091 2235
2090 2236
2089 2236
2088 2236
2087 2236
2086 2236
2085 2236
2084 2236
2083 2236
2082 2236
2081 2237
2080 2237
2079 2237
2078 2237
2077 2237
2076 2237
2075 2238
2074 2238
2073 2238
2072 2238
2071 2237
2070 2237
2069 2237
2068 2237
2067 2237
2066 2237
2065 2237
2064 2236
2063 2236
2062 2236
2061 2236
2060 2236
2059 2236
2058 2235
2057 2235
2056 2235
2055 2235
2054 2234
2053 2233
2052 2233
2051 2232
2050 2232
2049 2231
2048 2230
2047 2229
2047 2228
2046 2227
2045 2226
2045 2225
2044 2224
2043 2223
2043 2222
2042 2222
2041 2223
2040 2224
2039 2225
2038 2226
2037 2227
2036 2228
2035 2228
2034 2229
2033 2230
2032 2231
2031 2232
2030 2233
2029 2234
2028 2235
2027 2235
2026 2236
2026 2237
2025 2238
2025 2239
2024 2240
2023 2240
2022 2241
2022 2242
2021 2243
2020 2244
2019 2245
2018 2246
2018 2247
2017 2248
2016 2249
2015 2249
2014 2250
2013 2251
2012 2251
2011 2252
2010 2252
2009 2252
2008 2253
2007 2253
2006 2254
2005 2254
2004 2254
2003 2255
2002 2255
2001 2256
2000 2256
1999 2257
1998 2258
1997 2259
1996 2259
1995 2260
1994 2260
1993 2260
1992 2260
1991 2261
1990 2261
1989 2262
1988 2262
1987 2262
1986 2263
1985 2263
1984 2263
1983 2264
1982 2264
1981 2265
1980 2265
1979 2265
1978 2265
1977 2265
1976 2265
1975 2266
1974 2266
1973 2267
1972 2267
1971 2267
1970 2267
1969 2267
1968 2268
1967 2268
1966 2268
1965 2269
1964 2269
1963 2269
1962 2269
1961 2270
1960 2270
1959 2270
1958 2270
1957 2270
1956 2271
1955 2271
1954 2271
1953 2271
1952 2272
1951 2272
1950 2273
1949 2273
1948 2273
1947 2274
1946 2274
1945 2274
1944 2274
1943 2275
1942 2275
1941 2275
1940 2276
1939 2277
1938 2277
1937 2278
1936 2278
1935 2278
1934 2279
1933 2279
1932 2280
1931 2280
1930 2281
1929 2281
1928 2282
1927 2282
1926 2282
1925 2283
1924 2283
1923 2283
1922 2284
1921 2284
1920 2284
1919 2284
1918 2285
1917 2285
1916 2285
1915 2285
1914 2285
1913 2285
1912 2285
1911 2285
1910 2286
1909 2286
1908 2286
1907 2286
1906 2287
1905 2287
1904 2287
1903 2287
1902 2286
1901 2286
1900 2286
1899 2286
1898 2286
1897 2286
1896 2286
1895 2286
1894 2286
1893 2286
1892 2285
1891 2285
1890 2285
1889 2285
1888 2285
1887 2286
1886 2286
1885 2286
1884 2286
1883 2286
1882 2286
1881 2286
1880 2286
1879 2286
1878 2286
1877 2287
1876 2287
1875 2287
1874 2287
1873 2287
1872 2287
1871 2287
1870 2287
1869 2287
1868 2287
1867 2287
1866 2287
1865 2287
1864 2287
1863 2287
1862 2288
1861 2288
1860 2288
1859 2289
1858 2289
1857 2289
1856 2289
1855 2289
1854 2289
1853 2289
1852 2289
1851 2289
1850 2289
1849 2289
1848 2289
1847 2289
1846 2288
1845 2289
1844 2289
1843 2289
1842 2289
1841 2290
1840 2290
1839 2290
1838 2291
1837 2291
1836 2292
1835 2292
1834 2292
1833 2292
1832 2292
1831 2292
1830 2292
1829 2293
1828 2293
1827 2294
1826 2294
1825 2294
1824 2295
1823 2296
1822 2297
1821 2297
1820 2297
1819 2297
1818 2298
1817 2298
1816 2299
1815 2299
1814 2300
1813 2300
1812 2301
1811 2301
1810 2302
1809 2302
1808 2303
1807 2303
1806 2304
1805 2304
1804 2305
1803 2305
1802 2305
1801 2305
1800 2306
1799 2307
1798 2307
1797 2308
1796 2308
1795 2308
1794 2309
1793 2309
1792 2310
1791 2310
1790 2311
1789 2311
1788 2311
1787 2311
1786 2311
1785 2311
1784 2311
1783 2312
1782 2312
1781 2313
1780 2313
1779 2314
1778 2314
1777 2315
1776 2315
1775 2316
1774 2317
1773 2318
1772 2318
1771 2319
1770 2319
1769 2319
1768 2319
1767 2319
1766 2319
1765 2319
1764 2320
1763 2320
1762 2320
1761 2321
1760 2321
1759 2321
1758 2321
1757 2321
1756 2321
1755 2321
1754 2321
1753 2322
1752 2322
1751 2323
1750 2324
1749 2324
1748 2325
1747 2325
1746 2325
1745 2325
1744 2326
1743 2326
1742 2326
1741 2326
1740 2326
1739 2326
1738 2325
1737 2325
1736 2326
1735 2326
1734 2326
1733 2327
1732 2327
1731 2327
1730 2327
1729 2327
1728 2327
1727 2327
1726 2327
1725 2327
1724 2327
1723 2327
1722 2327
1721 2327
1720 2327
1719 2328
1718 2328
1717 2329
1716 2329
1715 2330
1714 2331
1713 2332
1713 2333
1712 2334
1712 2335
1711 2336
1711 2337
1711 2338
1711 2339
1711 2340
1712 2341
1713 2342
1714 2343
1715 2343
1716 2344
1717 2344
1718 2344
1719 2345
1720 2345
1721 2346
1722 2347
1723 2347
1724 2348
1725 2348
1726 2349
1727 2349
1728 2350
1729 2351
1730 2352
1731 2353
1732 2353
1733 2354
1734 2354
1735 2355
1736 2355
1737 2355
1738 2356
1739 2356
1740 2357
1741 2358
1742 2359
1743 2359
1744 2359
1745 2360
1746 2360
1747 2361
1748 2361
1749 2361
1750 2362
1751 2362
1752 2362
1753 2362
1754 2363
1755 2363
1756 2363
1757 2363
1758 2363
1759 2363
1760 2364
1761 2364
1762 2364
1763 2364
1764 2365
1765 2365
1766 2365
1767 2365
1768 2365
1769 2365
1770 2365
1771 2365
1772 2365
1773 2365
1774 2365
1775 2365
1776 2365
1777 2365
1778 2364
1779 2364
1780 2364
1781 2364
1782 2364
1783 2363
1784 2363
1785 2363
1786 2363
1787 2363
1788 2363
1789 2363
1790 2363
1791 2363
1792 2363
1793 2363
1794 2363
1795 2363
1796 2363
1797 2363
1798 2363
1799 2363
1800 2363
1801 2362
1802 2362
1803 2362
1804 2362
1805 2362
1806 2362
1807 2362
1808 2362
1809 2362
1810 2362
1811 2362
1812 2362
1813 2362
1814 2362
1815 2363
1816 2363
1817 2363
1818 2363
1819 2363
1820 2363
1821 2363
1822 2364
1823 2364
1824 2364
1825 2364
1826 2364
1827 2364
1828 2365
1829 2365
1830 2365
1831 2365
1832 2365
1833 2365
1834 2366
1835 2366
1836 2366
1837 2367
1838 2367
1839 2368
1840 2368
1841 2369
1842 2369
1843 2370
1844 2370
1845 2370
1846 2371
1847 2371
1848 2371
1849 2372
1850 2373
1851 2373
1852 2374
1853 2375
1853 2376
1853 2377
1854 2377
1855 2376
1856 2375
1857 2375
1858 2374
1859 2374
1860 2374
1861 2374
1862 2373
1863 2373
1864 2373
1865 2373
1866 2372
1867 2372
1868 2372
1869 2372
1870 2372
1871 2372
1872 2373
1873 2373
1874 2373
1875 2373
1876 2373
1877 2373
1878 2374
1879 2374
1880 2374
1881 2374
1882 2374
1883 2374
1884 2375
1885 2375
1886 2375
1887 2376
1888 2376
1889 2377
1890 2378
1891 2379
1892 2380
1893 2381
1894 2382
1894 2383
1895 2383
1896 2384
1897 2384
1898 2384
1899 2385
1900 2385
1901 2385
1902 2385
1903 2385
1904 2386
1905 2386
1906 2386
1907 2386
1908 2386
1909 2387
1910 2387
1911 2387
1912 2387
1913 2387
1914 2388
1915 2388
1916 2388
1917 2388
1918 2388
1919 2388
1920 2389
1921 2389
1922 2389
1923 2389
1924 2389
1925 2389
1926 2390
1927 2390
1928 2390
1929 2390
1930 2390
1931 2391
1932 2391
1933 2391
1934 2391
1935 2391
1936 2392
1937 2392
1938 2392
1939 2392
1940 2392
1941 2392
1942 2392
1943 2392
1944 2392
1945 2392
1946 2391
1947 2391
1948 2391
1949 2391
1950 2391
1951 2390
1952 2390
1953 2389
1954 2389
1955 2389
1956 2389
1957 2389
1958 2389
1959 2389
1960 2389
1961 2389
1962 2388
1963 2388
1964 2387
1965 2387
1966 2387
1967 2387
1968 2387
1969 2387
1970 2387
1971 2387
1972 2387
1973 2387
1974 2387
1975 2387
1976 2387
1977 2388
1978 2388
1979 2389
1980 2389
1981 2389
1982 2390
1983 2391
1984 2391
1985 2392
1986 2393
1987 2394
1988 2394
1989 2395
1990 2395
1991 2396
1992 2396
1993 2397
1994 2397
1995 2397
1996 2398
1997 2398
1998 2398
1999 2399
2000 2399
2001 2399
2002 2399
2003 2400
2004 2400
2005 2400
2006 2400
2007 2400
2008 2400
2009 2401
2010 2401
2011 2401
2012 2401
2013 2401
2014 2401
2015 2402
2016 2402
2017 2402
2018 2402
2019 2402
2020 2403
2021 2403
2022 2403
2023 2403
2024 2403
2025 2403
2026 2404
2027 2404
2028 2404
2029 2404
2030 2404
2031 2404
2032 2404
2033 2404
2034 2404
2035 2404
2036 2404
2037 2404
2038 2404
2039 2404
2040 2404
2041 2404
2042 2404
2043 2403
2044 2403
2045 2403
2046 2402
2047 2402
2048 2402
2049 2402
2050 2402
2051 2402
2052 2402
2053 2402
2054 2402
2055 2402
2056 2402
2057 2402
2058 2402
2059 2402
2060 2402
2061 2401
2062 2401
2063 2401
2064 2401
2065 2401
2066 2401
2067 2401
2068 2401
2069 2401
2070 2401
2071 2401
2072 2401
2073 2401
2074 2401
2075 2402
2076 2402
2077 2402
2078 2402
2079 2402
2080 2402
2081 2402
2082 2402
2083 2403
2084 2403
2085 2403
2086 2403
2087 2403
2088 2403
2089 2404
2090 2404
2091 2404
2092 2404
2093 2404
2094 2405
2095 2405
2096 2405
2097 2405
2098 2405
2099 2405
2100 2406
2101 2406
2102 2405
2103 2405
2104 2405
2105 2404
2106 2404
2107 2404
2108 2404
2109 2404
2110 2404
2111 2404
2112 2404
2113 2405
2114 2405
2115 2405
2116 2405
2117 2405
2118 2405
2119 2405
2120 2405
2121 2406
2122 2406
2123 2406
2124 2406
2125 2406
2126 2407
2127 2407
2128 2407
2129 2407
2130 2407
2131 2407
2132 2407
2133 2408
2134 2408
2135 2408
2136 2408
2137 2408
2138 2408
2139 2409
2140 2409
2141 2409
2142 2409
2143 2409
2144 2410
2145 2410
2146 2410
2147 2410
2148 2410
2149 2411
2150 2411
2151 2411
2152 2411
2153 2411
2154 2411
2155 2412
2156 2412
2157 2412
2158 2412
2159 2411
2160 2411
2161 2411
2162 2410
2163 2410
2164 2410
2165 2409
2166 2409
2167 2409
2168 2408
2169 2408
2170 2408
2171 2408
2172 2408
2173 2408
2174 2408
2175 2407
2176 2407
2177 2407
2178 2407
2179 2406
2180 2406
2181 2406
2182 2405
2183 2405
2184 2405
2185 2405
2186 2404
2187 2404
2188 2404
2189 2404
2190 2404
2191 2404
2192 2403
2193 2403
2194 2403
2195 2402
2196 2402
2197 2402
2198 2402
2199 2402
2200 2402
2201 2402
2202 2402
2203 2402
2204 2402
2205 2402
2206 2402
2207 2402
2208 2402
2209 2403
2210 2404
2211 2404
2212 2405
2213 2405
2214 2406
2215 2406
2216 2407
2217 2407
2218 2407
2219 2407
2220 2408
2221 2408
2222 2408
2223 2408
2224 2409
2225 2409
2226 2409
2227 2409
2228 2409
2229 2409
2230 2410
2231 2410
2232 2410
2233 2410
2234 2411
2235 2411
2236 2411
2237 2411
2238 2411
2239 2411
2240 2412
2241 2412
2242 2412
2243 2412
2244 2412
2245 2412
2246 2413
2247 2413
2248 2413
2249 2413
2250 2413
2251 2414
2252 2414
2253 2414
2254 2414
2255 2414
2256 2414
2257 2415
2258 2415
2259 2415
2260 2415
2261 2415
2262 2415
2263 2416
2264 2416
2265 2416
2266 2416
2267 2416
2268 2417
2269 2417
2270 2417
2271 2417
2272 2417
2273 2417
2274 2417
2275 2417
2276 2416
2277 2416
2278 2416
2279 2416
2280 2416
2281 2416
2282 2416
2283 2417
2284 2417
2285 2417
2286 2417
2287 2417
2288 2417
2289 2417
2290 2417
2291 2417
2292 2418
2293 2418
2294 2418
2295 2418
2296 2418
2297 2418
2298 2418
2299 2418
2300 2418
2301 2418
2302 2418
2303 2418
2304 2418
2305 2418
2306 2418
2307 2418
2308 2418
2309 2418
2310 2418
2311 2418
2312 2418
2313 2418
2314 2418
2315 2418
2316 2418
2317 2418
2318 2418
2319 2418
2320 2419
2321 2419
2322 2419
2323 2419
2324 2419
2325 2419
2326 2420
2327 2420
2328 2420
2329 2420
2330 2420
2331 2420
2332 2421
2333 2421
2334 2421
2335 2421
2336 2421
2337 2422
2338 2423
2339 2423
2340 2424
2341 2424
2342 2425
2343 2426
2344 2426
2345 2427
2346 2428
2347 2428
2348 2429
2349 2429
2350 2430
2351 2430
2352 2430
2353 2431
2354 2431
2355 2431
2356 2432
2357 2432
2358 2432
2359 2433
2360 2433
2361 2433
2362 2433
2363 2433
2364 2434
2365 2434
2366 2434
2367 2434
2368 2434
2369 2434
2370 2435
2371 2435
2372 2435
2373 2435
2374 2435
2375 2436
2376 2436
2377 2436
2378 2436
2379 2436
2380 2437
2381 2437
2382 2437
2383 2437
2384 2437
2385 2437
2386 2438
2387 2438
2388 2438
2389 2438
2390 2438
2391 2439
2392 2439
2393 2439
2394 2439
2395 2439
2396 2440
2397 2440
2398 2440
2399 2440
2400 2440
2401 2440
2402 2440
2403 2441
2404 2441
2405 2441
2406 2441
2407 2441
2408 2442
2409 2442
2410 2442
2411 2442
2412 2442
2413 2443
2414 2443
2415 2443
2416 2443
2417 2443
2418 2443
2419 2444
2420 2444
2421 2444
2422 2444
2423 2444
2424 2444
2425 2445
2426 2445
2427 2445
2428 2445
2429 2445
2430 2446
2431 2446
2432 2446
2433 2447
2434 2447
2435 2448
2436 2448
2437 2449
2438 2449
2439 2450
2440 2450
2441 2450
2442 2450
2443 2451
2444 2451
2445 2451
2446 2452
2447 2452
2448 2453
2449 2453
2450 2454
2451 2455
2452 2455
2453 2456
2454 2456
2455 2456
2456 2457
2457 2457
2458 2457
2459 2457
2460 2458
2461 2458
2462 2458
2463 2459
2464 2459
2465 2459
2466 2459
2467 2460
2468 2460
2469 2460
2470 2460
2471 2460
2472 2461
2473 2461
2474 2461
2475 2461
2476 2461
2477 2462
2478 2462
2479 2462
2480 2462
2481 2462
2482 2462
2483 2463
2484 2463
2485 2463
2486 2463
2487 2463
2488 2464
2489 2464
2490 2464
2491 2464
2492 2464
2493 2465
2494 2465
2495 2466
2496 2466
2497 2466
2498 2467
2499 2467
2500 2468
2501 2468
2502 2468
2503 2469
2504 2469
2505 2469
2506 2470
2507 2470
2508 2470
2509 2470
2510 2471
2511 2471
2512 2471
2513 2471
2514 2472
2515 2472
2516 2472
2517 2472
2518 2473
2519 2473
2520 2473
2521 2473
2522 2473
2523 2474
2524 2474
2525 2474
2526 2474
2527 2474
2528 2474
2529 2475
2530 2475
2531 2475
2532 2475
2533 2475
2534 2476
2535 2476
2536 2476
2537 2476
2538 2476
2539 2476
2540 2476
2541 2476
2542 2476
2543 2476
2544 2476
2545 2476
2546 2476
2547 2476
2548 2476
2549 2476
2550 2476
2551 2476
2552 2476
2553 2476
2554 2476
2555 2476
2556 2476
2557 2476
2558 2477
2559 2477
2560 2477
2561 2477
2562 2477
2563 2477
2564 2477
2565 2477
2566 2478
2567 2478
2568 2478
2569 2478
2570 2478
2571 2478
2572 2479
2573 2479
2574 2479
2575 2479
2576 2479
2577 2480
2578 2480
2579 2480
2580 2480
2581 2480
2582 2480
2583 2480
2584 2481
2585 2480
2586 2480
2587 2480
2588 2480
2589 2480
2590 2480
2591 2480
2592 2480
2593 2480
2594 2480
2595 2480
2596 2480
2597 2480
2598 2480
2599 2480
2600 2480
2601 2480
2602 2480
2603 2480
2604 2480
2605 2480
2606 2480
2607 2480
2608 2480
2609 2480
2610 2480
2611 2480
2612 2480
2613 2480
2614 2480
2615 2480
2616 2480
2617 2480
2618 2480
2619 2480
2620 2480
2621 2480
2622 2480
2623 2480
2624 2481
2625 2481
2626 2481
2627 2481
2628 2481
2629 2481
2630 2482
2631 2482
2632 2482
2633 2482
2634 2482
2635 2482
2636 2482
2637 2483
2638 2483
2639 2483
2640 2483
2641 2483
2642 2483
2643 2484
2644 2484
2645 2484
2646 2484
2647 2484
2648 2485
2649 2485
2650 2485
2651 2485
2652 2485
2653 2485
2654 2485
2655 2486
2656 2486
2657 2486
2658 2486
2659 2486
2660 2487
2661 2487
2662 2487
2663 2487
2664 2487
2665 2488
2666 2488
2667 2488
2668 2488
2669 2488
2670 2488
2671 2488
2672 2489
2673 2489
2674 2489
2675 2489
2676 2489
2677 2490
2678 2490
2679 2490
2680 2490
2681 2490
2682 2491
2683 2491
2684 2491
2685 2491
2686 2491
2687 2491
2688 2492
2689 2492
2690 2492
2691 2492
2692 2492
2693 2492
2694 2493
2695 2493
2696 2493
2697 2493
2698 2494
2699 2494
2700 2494
2701 2494
2702 2494
2703 2494
2704 2494
2705 2495
2706 2495
2707 2495
2708 2495
2709 2494
2710 2494
2711 2494
2712 2494
2713 2494
2714 2494
2715 2494
2716 2494
2717 2494
2718 2494
2719 2494
2720 2494
2721 2494
2722 2494
2723 2494
2724 2495
2725 2495
2726 2495
2727 2495
2728 2495
2729 2495
2730 2496
2731 2496
2732 2496
2733 2496
2734 2496
2735 2496
2736 2497
2737 2497
2738 2497
2739 2497
2740 2497
2741 2497
2742 2498
2743 2498
2744 2498
2745 2498
2746 2498
2747 2499
2748 2499
2749 2499
2750 2499
2751 2499
2752 2499
2753 2500
2754 2500
2755 2500
2756 2500
2757 2500
2758 2500
2759 2501
2760 2501
2761 2501
2762 2501
2763 2501
2764 2502
2765 2502
2766 2502
2767 2502
2768 2502
2769 2502
2770 2503
2771 2503
2772 2503
2773 2503
2774 2503
2775 2504
2776 2504
2777 2503
2778 2503
2779 2503
2780 2503
2781 2503
2782 2503
2783 2503
2784 2503
2785 2502
2786 2502
2787 2502
2788 2501
2789 2501
2790 2501
2791 2501
2792 2501
2793 2501
2794 2500
2795 2499
2796 2499
2797 2498
2798 2498
2799 2497
2800 2497
2801 2496
2802 2496
2803 2495
2804 2495
2805 2494
2806 2494
2807 2493
2808 2493
2809 2493
2810 2493
2811 2492
2812 2492
2813 2491
2814 2491
2815 2490
2816 2490
2817 2490
2818 2489
2819 2488
2820 2487
2821 2486
2822 2486
2823 2485
2824 2484
2825 2484
2826 2483
2827 2483
2828 2482
2829 2481
2830 2481
2831 2480
2832 2479
2832 2478
2833 2477
2833 2476
2834 2475
2834 2474
2834 2473
2835 2472
2836 2471
2836 2470
2837 2469
2838 2468
2839 2467
2840 2466
2841 2465
2842 2464
2842 2463
2843 2462
2844 2461
2845 2460
2846 2459
2847 2458
2848 2457
2849 2457
2850 2456
2851 2455
2851 2454
2852 2453
2852 2452
2853 2451
2853 2450
2854 2449
2854 2448
2855 2447
2855 2446
2856 2445
2856 2444
2857 2443
2858 2442
2858 2441
2858 2440
2859 2439
2859 2438
2859 2437
2860 2436
2860 2435
2860 2434
2861 2433
2861 2432
2861 2431
2861 2430
2862 2429
2862 2428
2862 2427
2863 2426
2864 2425
2864 2424
2865 2423
2866 2422
2866 2421
2866 2420
2866 2419
2867 2418
2867 2417
2867 2416
2868 2415
2868 2414
2868 2413
2868 2412
2869 2411
2869 2410
2870 2409
2870 2408
2871 2407
2872 2406
2872 2405
2872 2404
2873 2403
2873 2402
2873 2401
2874 2400
2874 2399
2874 2398
2875 2397
2875 2396
2875 2395
2876 2394
2876 2393
2876 2392
2877 2391
2878 2390
2878 2389
2879 2388
2879 2387
2879 2386
2880 2385
2880 2384
2881 2383
2881 2382
2881 2381
2881 2380
2882 2379
2882 2378
2882 2377
2882 2376
2883 2375
2883 2374
2883 2373
2883 2372
2883 2371
2884 2370
2884 2369
2884 2368
2884 2367
2884 2366
2885 2365
2885 2364
2885 2363
2885 2362
2885 2361
2886 2360
2886 2359
2886 2358
2886 2357
2886 2356
2887 2355
2887 2354
2887 2353
2887 2352
2887 2351
2886 2350
2886 2349
2886 2348
2886 2347
2886 2346
2886 2345
2886 2344
2886 2343
2886 2342
2886 2341
2886 2340
2885 2339
2886 2338
2885 2337
2885 2336
2885 2335
2885 2334
2885 2333
2885 2332
2885 2331
2885 2330
2885 2329
2885 2328
2885 2327
2885 2326
2885 2325
2885 2324
2885 2323
2885 2322
2886 2321
2886 2320
2886 2319
2886 2318
2886 2317
2886 2316
2886 2315
2885 2314
2885 2313
2885 2312
2884 2311
2884 2310
2883 2309
2883 2308
2883 2307
2882 2306
2882 2305
2882 2304
2882 2303
2882 2302
2882 2301
2882 2300
2882 2299
2882 2298
2882 2297
2881 2296
2881 2295
2881 2294
2880 2293
2880 2292
2880 2291
2880 2290
2879 2289
2879 2288
2879 2287
2879 2286
2879 2285
2879 2284
2878 2283
2878 2282
2878 2281
2877 2280
2877 2279
2877 2278
2876 2277
2876 2276
2876 2275
2876 2274
2876 2273
2876 2272
2876 2271
2876 2270
2876 2269
2876 2268
2876 2267
2876 2266
2877 2265
2877 2264
2877 2263
2877 2262
2876 2261
2876 2260
2876 2259
2876 2258
2876 2257
2875 2256
2875 2255
2875 2254
2875 2253
2875 2252
2876 2251
2876 2250
2876 2249
2876 2248
2876 2247
2876 2246
2876 2245
2876 2244
2876 2243
2877 2242
2877 2241
2877 2240
2877 2239
2877 2238
2877 2237
2877 2236
2878 2235
2878 2234
2878 2233
2878 2232
2878 2231
2879 2230
2879 2229
2879 2228
2879 2227
2879 2226
2879 2225
2879 2224
2878 2223
2878 2222
2878 2221
2878 2220
2878 2219
2878 2218
2878 2217
2878 2216
2878 2215
2878 2214
2878 2213
2877 2212
2877 2211
2876 2210
2876 2209
2875 2208
2875 2207
2875 2206
2874 2205
2873 2204
2873 2203
2872 2202
2872 2201
2871 2200
2870 2199
2870 2198
2869 2197
2868 2196
2868 2195
2867 2194
2866 2194
2865 2193
2864 2192
2863 2191
2862 2190
2862 2189
2861 2188
2860 2187
2860 2186
2859 2185
2858 2184
2857 2184
2856 2183
2855 2182
2854 2182
2853 2181
2852 2180
2851 2179
2850 2178
2849 2178
2848 2177
2847 2176
2846 2175
2845 2174
2844 2173
2843 2173
2842 2172
2841 2172
2840 2171
2839 2170
2838 2169
2837 2169
2836 2168
2835 2167
2834 2167
2833 2167
2832 2166
2831 2166
2830 2166
2829 2165
2828 2165
2827 2165
2826 2165
2825 2165
2824 2164
2823 2164
2822 2164
2821 2164
2820 2163
2819 2163
2818 2163
2817 2163
2816 2163
2815 2162
2814 2162
2813 2162
2812 2162
2811 2162
2810 2162
2809 2161
2808 2161
2807 2161
2806 2161
2805 2161
2804 2160
2803 2160
2802 2160
2801 2160
2800 2160
2799 2159
2798 2159
2797 2159
2796 2159
2795 2159
2794 2159
2793 2158
2792 2158
2791 2158
2790 2158
2789 2158
2788 2158
2787 2157
2786 2157
2785 2157
2784 2157
2783 2157
2782 2156
2781 2156
2780 2156
2779 2156
2778 2156
2777 2156
2776 2155
2775 2155
2774 2155
2773 2155
2772 2155
2771 2155
2770 2154
2769 2154
2768 2154
2767 2154
2766 2154
2765 2153
2764 2153
2763 2153
2762 2153
2761 2153
2760 2153
2759 2152
2758 2152
2757 2152
2756 2152
2755 2152
2754 2152
2753 2151
2752 2151
2751 2151
2750 2151
2749 2151
2748 2150
2747 2150
2746 2150
2745 2150
2744 2150
2743 2149
2742 2149
2741 2149
2740 2149
2739 2149
2738 2149
2737 2148
2736 2148
2735 2148
2734 2148
2733 2148
2732 2147
2731 2147
2730 2147
2729 2147
2728 2147
2727 2147
2726 2146
2725 2146
2724 2146
2723 2146
2722 2146
2721 2146
2720 2145
2719 2145
2718 2145
2717 2145
2716 2145
2715 2144
2714 2144
2713 2144
2712 2144
2711 2144
2710 2144
2709 2143
2708 2143
2707 2143
2706 2143
2705 2143
2704 2143
2703 2142
2702 2142
2701 2142
2700 2142
2699 2142
2698 2141
2697 2141
2696 2141
2695 2141
2694 2141
2693 2141
2692 2140
2691 2140
2690 2140
2689 2140
2688 2140
2687 2140
2686 2139
2685 2139
2684 2139
2683 2138
2682 2137
2681 2137
2680 2136
2679 2136
2678 2136
2677 2135
2676 2134
2675 2133
2674 2133
2673 2132
2672 2131
2671 2131
2670 2130
2669 2130
2668 2130
2667 2129
2666 2129
2665 2129
2664 2128
2663 2128
2662 2128
2661 2128
2660 2127
2659 2127
2658 2127
2657 2127
2656 2127
2655 2126
2654 2126
2653 2126
2652 2126
2651 2126
2650 2125
2649 2125
2648 2125
2647 2125
2646 2125
2645 2125
2644 2124
2643 2124
2642 2124
2641 2125
2640 2125
2639 2125
2638 2125
2637 2125
2636 2126
2635 2126
2634 2127
2633 2127
2632 2127
2631 2128
2630 2128
2629 2128
2628 2129
2627 2129
2626 2129
2625 2130
2624 2130
2623 2130
2622 2130
2621 2130
2620 2130
2619 2130
2618 2130
2617 2130
2616 2130
2615 2130
2614 2130
2613 2131
2612 2131
2611 2131
2610 2131
2609 2131
2608 2132
2607 2132
2606 2132
2605 2132
2604 2132
2603 2131
2602 2131
2601 2131
2600 2131
2599 2131
2598 2131
2597 2131
2596 2131
2595 2131
2594 2131
2593 2130
2592 2130
2591 2130
2590 2130
2589 2130
2588 2129
2587 2129
2586 2129
2585 2129
2584 2129
2583 2128
2582 2128
2581 2128
2580 2128
2579 2128
2578 2128
2577 2128
2576 2127
2575 2127
2574 2127
2573 2126
2572 2125
2571 2124
2570 2124
2569 2123
2568 2122
2567 2122
2566 2122
2565 2122
2564 2122
2563 2121
2562 2121
2561 2121
