2871 1805
2870 1806
2869 1806
2868 1806
2867 1807
2866 1807
2865 1807
2864 1807
2863 1807
2862 1808
2861 1808
2860 1809
2859 1809
2858 1810
2857 1810
2856 1811
2855 1811
2854 1812
2853 1812
2852 1813
2851 1814
2850 1814
2849 1815
2848 1816
2847 1816
2846 1817
2845 1818
2844 1818
2843 1819
2842 1820
2841 1820
2840 1821
2839 1822
2838 1823
2837 1823
2836 1824
2835 1825
2834 1826
2833 1826
2832 1827
2831 1827
2830 1828
2829 1829
2828 1829
2827 1829
2826 1830
2825 1830
2824 1831
2823 1831
2822 1832
2821 1832
2820 1833
2819 1833
2818 1834
2817 1834
2816 1835
2815 1836
2814 1836
2813 1837
2812 1838
2811 1838
2810 1839
2809 1840
2808 1841
2807 1841
2806 1842
2805 1843
2804 1843
2803 1844
2802 1845
2801 1845
2800 1846
2799 1846
2798 1847
2797 1848
2796 1848
2795 1849
2794 1850
2793 1851
2792 1852
2791 1853
2790 1854
2789 1855
2788 1856
2787 1857
2786 1858
2785 1859
2784 1860
2783 1861
2782 1861
2781 1862
2780 1862
2779 1863
2778 1863
2777 1864
2776 1865
2775 1865
2774 1866
2773 1867
2772 1868
2771 1868
2770 1869
2769 1870
2768 1870
2767 1871
2766 1871
2765 1872
2764 1873
2763 1873
2762 1874
2761 1875
2760 1875
2759 1876
2758 1877
2757 1878
2756 1878
2755 1878
2754 1879
2753 1880
2752 1880
2751 1881
2750 1881
2749 1882
2748 1882
2747 1882
2746 1883
2745 1883
2744 1883
2743 1883
2742 1884
2741 1884
2740 1884
2739 1885
2738 1886
2737 1886
2736 1887
2735 1888
2734 1888
2733 1889
2732 1890
2731 1890
2730 1891
2729 1892
2728 1892
2727 1893
2726 1893
2725 1894
2724 1894
2723 1895
2722 1895
2721 1896
2720 1897
2719 1897
2718 1897
2717 1898
2716 1898
2715 1899
2714 1899
2713 1900
2712 1900
2711 1901
2710 1902
2709 1903
2708 1903
2707 1904
2706 1904
2705 1905
2704 1906
2703 1906
2702 1907
2701 1908
2700 1908
2699 1909
2698 1909
2697 1909
2696 1910
2695 1910
2694 1910
2693 1911
2692 1911
2691 1911
2690 1911
2689 1912
2688 1912
2687 1913
2686 1913
2685 1913
2684 1914
2683 1914
2682 1914
2681 1915
2680 1916
2679 1916
2678 1917
2677 1918
2676 1919
2675 1920
2674 1921
2673 1921
2672 1922
2671 1922
2670 1922
2669 1923
2668 1923
2667 1924
2666 1924
2665 1925
2664 1925
2663 1926
2662 1926
2661 1926
2660 1927
2659 1927
2658 1927
2657 1927
2656 1927
2655 1927
2654 1928
2653 1928
2652 1928
2651 1929
2650 1929
2649 1929
2648 1930
2647 1930
2646 1930
2645 1930
2644 1931
2643 1931
2642 1931
2641 1931
2640 1931
2639 1931
2638 1931
2637 1931
2636 1931
2635 1931
2634 1931
2633 1931
2632 1932
2631 1932
2630 1932
2629 1933
2628 1933
2627 1934
2626 1934
2625 1934
2624 1934
2623 1935
2622 1935
2621 1935
2620 1935
2619 1935
2618 1935
2617 1935
2616 1935
2615 1935
2614 1935
2613 1936
2612 1936
2611 1937
2610 1937
2609 1938
2608 1938
2607 1938
2606 1938
2605 1938
2604 1938
2603 1939
2602 1939
2601 1939
2600 1939
2599 1939
2598 1940
2597 1940
2596 1941
2595 1941
2594 1941
2593 1942
2592 1942
2591 1942
2590 1942
2589 1942
2588 1942
2587 1943
2586 1943
2585 1943
2584 1943
2583 1943
2582 1943
2581 1943
2580 1944
2579 1944
2578 1945
2577 1945
2576 1945
2575 1946
2574 1946
2573 1946
2572 1946
2571 1946
2570 1946
2569 1946
2568 1947
2567 1947
2566 1947
2565 1947
2564 1947
2563 1947
2562 1947
2561 1947
2560 1947
2559 1947
2558 1947
2557 1947
2556 1947
2555 1947
2554 1947
2553 1947
2552 1947
2551 1947
2550 1947
2549 1947
2548 1947
2547 1947
2546 1947
2545 1947
2544 1946
2543 1946
2542 1946
2541 1946
2540 1946
2539 1946
2538 1946
2537 1946
2536 1946
2535 1946
2534 1946
2533 1946
2532 1947
2531 1947
2530 1947
2529 1947
2528 1947
2527 1948
2526 1948
2525 1948
2524 1948
2523 1948
2522 1949
2521 1949
2520 1949
2519 1949
2518 1949
2517 1949
2516 1949
2515 1950
2514 1950
2513 1950
2512 1951
2511 1951
2510 1951
2509 1952
2508 1952
2507 1953
2506 1953
2505 1954
2504 1954
2503 1955
2502 1955
2501 1956
2500 1956
2499 1956
2498 1956
2497 1957
2496 1957
2495 1957
2494 1957
2493 1958
2492 1959
2491 1959
2490 1960
2489 1961
2488 1962
2487 1963
2486 1964
2485 1965
2484 1966
2483 1966
2482 1967
2481 1967
2480 1968
2479 1968
2478 1969
2477 1969
2476 1970
2475 1971
2474 1971
2473 1972
2472 1972
2471 1973
2470 1973
2469 1974
2468 1975
2467 1975
2466 1975
2465 1976
2464 1976
2463 1976
2462 1976
2461 1977
2460 1977
2459 1977
2458 1978
2457 1978
2456 1979
2455 1979
2454 1980
2453 1980
2452 1980
2451 1981
2450 1981
2449 1981
2448 1981
2447 1981
2446 1982
2445 1982
2444 1982
2443 1983
2442 1983
2441 1983
2440 1984
2439 1984
2438 1984
2437 1984
2436 1984
2435 1984
2434 1985
2433 1985
2432 1985
2431 1985
2430 1985
2429 1985
2428 1986
2427 1986
2426 1986
2425 1987
2424 1987
2423 1987
2422 1988
2421 1988
2420 1988
2419 1988
2418 1989
2417 1989
2416 1989
2415 1990
2414 1990
2413 1991
2412 1991
2411 1991
2410 1992
2409 1992
2408 1992
2407 1992
2406 1992
2405 1992
2404 1993
2403 1993
2402 1993
2401 1993
2400 1993
2399 1993
2398 1994
2397 1994
2396 1995
2395 1995
2394 1995
2393 1996
2392 1996
2391 1996
2390 1996
2389 1997
2388 1998
2387 1998
2386 1999
2385 1999
2384 2000
2383 2000
2382 2001
2381 2001
2380 2002
2379 2002
2378 2003
2377 2003
2376 2003
2375 2004
2374 2004
2373 2005
2372 2005
2371 2006
2370 2006
2369 2007
2368 2007
2367 2007
2366 2008
2365 2008
2364 2008
2363 2009
2362 2010
2361 2010
2360 2011
2359 2012
2358 2013
2357 2014
2356 2015
2355 2015
2354 2016
2353 2016
2352 2017
2351 2018
2350 2018
2349 2019
2348 2019
2347 2019
2346 2020
2345 2020
2344 2020
2343 2021
2342 2022
2341 2022
2340 2023
2339 2024
2338 2024
2337 2024
2336 2024
2335 2025
2334 2025
2333 2026
2332 2027
2331 2027
2330 2027
2329 2028
2328 2028
2327 2029
2326 2029
2325 2030
2324 2030
2323 2031
2322 2031
2321 2032
2320 2033
2319 2033
2318 2034
2317 2034
2316 2035
2315 2036
2315 2037
2314 2038
2313 2039
2312 2040
2312 2041
2311 2042
2310 2043
2309 2044
2308 2045
2307 2046
2306 2047
2305 2047
2304 2048
2303 2049
2302 2050
2301 2051
2300 2052
2299 2053
2299 2054
2298 2055
2298 2056
2297 2057
2297 2058
2296 2059
2295 2060
2295 2061
2294 2062
2293 2063
2293 2064
2292 2065
2291 2066
2290 2067
2289 2068
2288 2069
2287 2070
2286 2071
2286 2072
2285 2073
2285 2074
2284 2075
2284 2076
2283 2077
2282 2078
2281 2079
2280 2080
2279 2080
2278 2081
2278 2082
2277 2083
2277 2084
2276 2085
2275 2086
2274 2087
2274 2088
2273 2089
2272 2090
2271 2091
2271 2092
2270 2093
2269 2094
2268 2095
2267 2096
2266 2097
2265 2098
2264 2098
2263 2099
2262 2100
2261 2101
2260 2102
2259 2103
2258 2103
2257 2104
2256 2105
2255 2106
2255 2107
2254 2108
2253 2108
2252 2109
2251 2110
2250 2111
2249 2111
2248 2112
2247 2113
2246 2114
2245 2114
2244 2115
2243 2115
2242 2116
2241 2116
2240 2117
2239 2118
2238 2118
2237 2119
2236 2119
2235 2120
2234 2120
2233 2120
2232 2121
2231 2122
2230 2123
2229 2124
2228 2125
2227 2125
2226 2126
2225 2127
2224 2128
2223 2128
2222 2129
2221 2130
2220 2130
2219 2131
2218 2131
2217 2132
2216 2132
2215 2133
2214 2134
2213 2134
2212 2135
2211 2135
2210 2136
2209 2136
2208 2136
2207 2137
2206 2137
2205 2138
2204 2138
2203 2139
2202 2140
2201 2141
2200 2142
2199 2142
2198 2143
2197 2143
2196 2144
2195 2144
2194 2144
2193 2145
2192 2145
2191 2146
2190 2146
2189 2147
2188 2147
2187 2147
2186 2148
2185 2148
2184 2148
2183 2148
2182 2149
2181 2149
2180 2150
2179 2150
2178 2151
2177 2151
2176 2152
2175 2153
2174 2154
2173 2155
2172 2156
2171 2157
2170 2157
2169 2158
2168 2158
2167 2159
2166 2159
2165 2160
2164 2160
2163 2160
2162 2161
2161 2161
2160 2162
2159 2162
2158 2163
2157 2164
2156 2165
2155 2166
2154 2167
2153 2167
2152 2168
2151 2169
2150 2169
2149 2170
2148 2171
2147 2172
2146 2173
2145 2174
2144 2174
2143 2175
2142 2175
2141 2176
2140 2177
2139 2177
2138 2178
2137 2178
2136 2179
2135 2179
2134 2179
2133 2180
2132 2180
2131 2181
2130 2181
2129 2182
2128 2183
2127 2183
2126 2184
2125 2184
2124 2184
2123 2184
2122 2184
2121 2185
2120 2185
2119 2185
2118 2186
2117 2187
2116 2188
2115 2189
2114 2190
2113 2190
2112 2191
2111 2192
2110 2192
2109 2193
2108 2194
2107 2194
2106 2195
2105 2195
2104 2195
2103 2196
2102 2196
2101 2197
2100 2197
2099 2198
2098 2198
2097 2199
2096 2199
2095 2199
2094 2200
2093 2200
2092 2200
2091 2201
2090 2201
2089 2202
2088 2203
2087 2203
2086 2203
2085 2204
2084 2204
2083 2204
2082 2205
2081 2205
2080 2206
2079 2206
2078 2207
2077 2207
2076 2208
2075 2209
2074 2210
2073 2211
2072 2211
2071 2212
2070 2213
2069 2214
2068 2214
2067 2215
2066 2215
2065 2215
2064 2216
2063 2216
2062 2217
2061 2218
2060 2218
2059 2219
2058 2219
2057 2220
2056 2220
2055 2221
2054 2222
2053 2223
2052 2224
2051 2224
2050 2225
2049 2226
2048 2226
2047 2227
2046 2227
2045 2227
2044 2228
2043 2228
2042 2229
2041 2229
2040 2230
2039 2230
2038 2231
2037 2231
2036 2231
2035 2231
2034 2232
2033 2232
2032 2232
2031 2232
2030 2232
2029 2232
2028 2233
2027 2233
2026 2233
2025 2233
2024 2233
2023 2233
2022 2233
2021 2234
2020 2234
2019 2235
2018 2235
2017 2235
2016 2235
2015 2236
2014 2236
2013 2236
2012 2236
2011 2236
2010 2236
2009 2237
2008 2237
2007 2238
2006 2238
2005 2239
2004 2240
2003 2241
2002 2242
2001 2242
2000 2243
1999 2243
1998 2244
1997 2245
1996 2245
1995 2246
1994 2246
1993 2247
1992 2247
1991 2247
1990 2248
1989 2248
1988 2248
1987 2248
1986 2249
1985 2249
1984 2250
1983 2250
1982 2251
1981 2251
1980 2251
1979 2251
1978 2252
1977 2252
1976 2252
1975 2253
1974 2253
1973 2254
1972 2254
1971 2255
1970 2255
1969 2255
1968 2255
1967 2256
1966 2256
1965 2257
1964 2257
1963 2258
1962 2258
1961 2259
1960 2260
1959 2261
1958 2261
1957 2262
1956 2262
1955 2263
1954 2263
1953 2263
1952 2263
1951 2263
1950 2264
1949 2264
1948 2264
1947 2264
1946 2265
1945 2265
1944 2266
1943 2266
1942 2267
1941 2267
1940 2268
1939 2268
1938 2269
1937 2270
1936 2271
1935 2272
1934 2273
1933 2274
1932 2274
1931 2275
1930 2275
1929 2275
1928 2276
1927 2277
1926 2277
1925 2278
1924 2279
1923 2280
1922 2281
1921 2282
1920 2282
1919 2283
1918 2283
1917 2283
1916 2283
1915 2284
1914 2284
1913 2285
1912 2285
1911 2286
1910 2287
1909 2287
1908 2288
1907 2289
1906 2290
1905 2290
1904 2291
1903 2292
1902 2293
1901 2294
1900 2294
1899 2295
1898 2296
1897 2296
1896 2297
1895 2298
1894 2298
1893 2298
1892 2299
1891 2300
1890 2300
1889 2301
1888 2302
1887 2303
1886 2304
1885 2305
1884 2305
1883 2306
1882 2306
1881 2306
1880 2307
1879 2307
1878 2307
1877 2308
1876 2308
1875 2309
1874 2309
1873 2310
1872 2310
1871 2311
1870 2311
1869 2312
1868 2312
1867 2313
1866 2313
1865 2313
1864 2314
1863 2314
1862 2315
1861 2315
1860 2316
1859 2316
1858 2317
1857 2318
1856 2319
1855 2320
1854 2320
1853 2321
1852 2321
1851 2321
1850 2322
1849 2322
1848 2322
1847 2323
1846 2323
1845 2323
1844 2323
1843 2323
1842 2323
1841 2323
1840 2323
1839 2324
1838 2324
1837 2324
1836 2324
1835 2324
1834 2324
1833 2324
1832 2324
1831 2324
1830 2324
1829 2324
1828 2324
1827 2324
1826 2324
1825 2324
1824 2324
1823 2324
1822 2324
1821 2324
1820 2324
1819 2324
1818 2324
1817 2324
1816 2324
1815 2324
1814 2324
1813 2324
1812 2324
1811 2324
1810 2324
1809 2324
1808 2325
1807 2325
1806 2325
1805 2325
1804 2326
1803 2326
1802 2326
1801 2326
1800 2327
1799 2327
1798 2327
1797 2327
1796 2327
1795 2327
1794 2327
1793 2327
1792 2327
1791 2328
1790 2328
1789 2329
1788 2329
1787 2330
1786 2330
1785 2330
1784 2330
1783 2330
1782 2331
1781 2331
1780 2331
1779 2331
1778 2331
1777 2331
1776 2331
1775 2331
1774 2332
1773 2332
1772 2332
1771 2333
1770 2333
1769 2333
1768 2334
1767 2334
1766 2334
1765 2334
1764 2334
1763 2335
1762 2335
1761 2335
1760 2335
1759 2335
1758 2336
1757 2337
1756 2338
1755 2338
1754 2339
1753 2339
1752 2340
1751 2341
1750 2341
1749 2341
1748 2342
1747 2342
1746 2342
1745 2342
1744 2343
1743 2343
1742 2343
1741 2344
1740 2345
1739 2345
1738 2345
1737 2346
1736 2346
1735 2346
1734 2346
1733 2347
1732 2348
1731 2348
1730 2349
1729 2350
1728 2351
1727 2352
1726 2352
1725 2353
1724 2353
1723 2353
1722 2353
1721 2354
1720 2354
1719 2354
1718 2354
1717 2354
1716 2354
1715 2354
1714 2354
1713 2354
1712 2355
1711 2355
1710 2355
1709 2355
1708 2355
1707 2355
1706 2355
1705 2355
1704 2355
1703 2355
1702 2355
1701 2355
1700 2355
1699 2355
1698 2355
1697 2355
1696 2355
1695 2355
1694 2355
1693 2355
1692 2355
1691 2355
1690 2356
1689 2356
1688 2357
1687 2357
1686 2357
1685 2357
1684 2357
1683 2357
1682 2358
1681 2358
1680 2358
1679 2358
1678 2358
1677 2358
1676 2358
1675 2359
1674 2359
1673 2359
1672 2360
1671 2360
1670 2360
1669 2361
1668 2361
1667 2361
1666 2361
1665 2361
1664 2361
1663 2361
1662 2362
1661 2362
1660 2362
1659 2363
1658 2363
1657 2364
1656 2364
1655 2364
1654 2365
1653 2366
1652 2366
1651 2367
1650 2368
1649 2368
1648 2369
1647 2370
1646 2371
1645 2372
1644 2372
1643 2373
1642 2374
1641 2375
1640 2376
1639 2376
1638 2376
1637 2377
1636 2377
1635 2377
1634 2377
1633 2377
1632 2377
1631 2378
1630 2378
1629 2378
1628 2378
1627 2378
1626 2379
1625 2379
1624 2380
1623 2380
1622 2380
1621 2381
1620 2381
1619 2381
1618 2381
1617 2381
1616 2381
1615 2381
1614 2381
1613 2382
1612 2382
1611 2382
1610 2382
1609 2382
1608 2382
1607 2382
1606 2382
1605 2382
1604 2383
1603 2383
1602 2383
1601 2384
1600 2384
1599 2384
1598 2384
1597 2385
1596 2385
1595 2385
1594 2385
1593 2385
1592 2385
1591 2385
1590 2385
1589 2385
1588 2385
1587 2385
1586 2385
1585 2385
1584 2385
1583 2385
1582 2385
1581 2385
1580 2385
1579 2385
1578 2386
1577 2386
1576 2386
1575 2386
1574 2387
1573 2387
1572 2387
1571 2388
1570 2388
1569 2388
1568 2388
1567 2388
1566 2388
1565 2389
1564 2389
1563 2389
1562 2389
1561 2389
1560 2389
1559 2389
1558 2390
1557 2390
1556 2390
1555 2391
1554 2391
1553 2391
1552 2391
1551 2392
1550 2392
1549 2392
1548 2392
1547 2392
1546 2392
1545 2392
1544 2392
1543 2393
1542 2393
1541 2393
1540 2394
1539 2394
1538 2395
1537 2395
1536 2395
1535 2395
1534 2395
1533 2396
1532 2396
1531 2396
1530 2397
1529 2397
1528 2398
1527 2398
1526 2399
1525 2400
1524 2401
1523 2402
1522 2402
1521 2403
1520 2403
1519 2404
1518 2405
1517 2405
1516 2406
1515 2406
1514 2407
1513 2407
1512 2408
1511 2408
1510 2409
1509 2410
1508 2410
1507 2411
1506 2411
1505 2412
1504 2413
1503 2413
1502 2414
1501 2414
1500 2415
1499 2415
1498 2415
1497 2415
1496 2416
1495 2416
1494 2416
1493 2417
1492 2417
1491 2418
1490 2418
1489 2419
1488 2420
1487 2420
1486 2421
1485 2422
1484 2422
1483 2423
1482 2424
1481 2424
1480 2425
1479 2426
1478 2426
1477 2427
1476 2428
1475 2428
1474 2429
1473 2429
1472 2430
1471 2430
1470 2431
1469 2431
1468 2432
1467 2432
1466 2433
1465 2434
1464 2434
1463 2434
1462 2435
1461 2435
1460 2435
1459 2435
1458 2436
1457 2436
1456 2436
1455 2436
1454 2436
1453 2436
1452 2436
1451 2436
1450 2436
1449 2437
1448 2437
1447 2438
1446 2438
1445 2438
1444 2439
1443 2439
1442 2439
1441 2439
1440 2439
1439 2440
1438 2440
1437 2440
1436 2440
1435 2440
1434 2440
1433 2441
1432 2441
1431 2441
1430 2442
1429 2442
1428 2442
1427 2442
1426 2443
1425 2443
1424 2444
1423 2444
1422 2445
1421 2445
1420 2446
1419 2446
1418 2446
1417 2447
1416 2447
1415 2447
1414 2447
1413 2447
1412 2448
1411 2448
1410 2449
1409 2449
1408 2450
1407 2450
1406 2450
1405 2451
1404 2451
1403 2451
1402 2451
1401 2452
1400 2452
1399 2453
1398 2453
1397 2454
1396 2454
1395 2454
1394 2455
1393 2456
1392 2456
1391 2457
1390 2458
1389 2459
1388 2459
1387 2460
1386 2461
1385 2462
1384 2462
1383 2463
1382 2464
1381 2465
1380 2465
1379 2466
1378 2467
1377 2468
1376 2468
1375 2469
1374 2469
1373 2470
1372 2470
1371 2471
1370 2472
1369 2473
1368 2474
1367 2475
1366 2476
1365 2477
1364 2477
1363 2478
1362 2478
1361 2479
1360 2480
1359 2481
1358 2481
1357 2481
1356 2482
1355 2482
1354 2483
1353 2484
1352 2485
1351 2486
1350 2487
1349 2488
1348 2489
1347 2490
1346 2490
1345 2491
1344 2492
1343 2493
1342 2494
1341 2494
1340 2495
1339 2495
1338 2496
1337 2497
1336 2497
1335 2498
1334 2498
1333 2499
1332 2500
1331 2500
1330 2501
1329 2502
1328 2502
1327 2503
1326 2504
1325 2504
1324 2505
1323 2506
1322 2506
1321 2507
1320 2507
1319 2508
1318 2509
1317 2509
1316 2510
1315 2511
1314 2511
1313 2512
1312 2513
1311 2514
1310 2515
1309 2516
1308 2516
1307 2517
1306 2517
1305 2518
1304 2519
1303 2520
1302 2521
1301 2522
1300 2523
1299 2524
1298 2525
1297 2525
1296 2526
1295 2527
1294 2528
1293 2529
1292 2530
1291 2531
1290 2532
1289 2532
1288 2533
1287 2534
1286 2535
1285 2536
1284 2537
1284 2538
1283 2539
1282 2540
1281 2541
1280 2541
1279 2542
1278 2543
1277 2544
1277 2545
1276 2546
1275 2547
1274 2548
1273 2549
1272 2550
1272 2551
1271 2552
1271 2553
1270 2554
1269 2555
1268 2556
1267 2557
1266 2557
1265 2558
1264 2559
1263 2560
1262 2560
1261 2561
1260 2562
1259 2562
1258 2563
1257 2564
1256 2564
1255 2565
1254 2565
1253 2566
1252 2567
1251 2568
1250 2569
1249 2570
1248 2571
1247 2572
1246 2573
1245 2574
1244 2575
1243 2575
1244 2575
1245 2574
1246 2574
1247 2574
1248 2573
1249 2573
1250 2572
1251 2571
1252 2571
1253 2571
1254 2570
1255 2570
1256 2570
1257 2569
1258 2569
1259 2568
1260 2568
1261 2567
1262 2567
1263 2566
1264 2566
1265 2566
1266 2566
1267 2566
1268 2565
1269 2565
1270 2565
1271 2565
1272 2565
1273 2564
1274 2564
1275 2563
1276 2563
1277 2563
1278 2562
1279 2562
1280 2562
1281 2562
1282 2561
1283 2561
1284 2560
1285 2560
1286 2559
1287 2559
1288 2559
1289 2559
1290 2558
1291 2558
1292 2558
1293 2558
1294 2558
1295 2557
1296 2557
1297 2557
1298 2556
1299 2556
1300 2555
1301 2555
1302 2555
1303 2554
1304 2554
1305 2554
1306 2554
1307 2554
1308 2554
1309 2554
1310 2554
1311 2553
1312 2553
1313 2553
1314 2553
1315 2552
1316 2552
1317 2552
1318 2551
1319 2551
1320 2551
1321 2550
1322 2550
1323 2550
1324 2550
1325 2550
1326 2550
1327 2550
1328 2549
1329 2549
1330 2549
1331 2549
1332 2549
1333 2549
1334 2549
1335 2548
1336 2548
1337 2548
1338 2547
1339 2547
1340 2546
1341 2546
1342 2545
1343 2545
1344 2544
1345 2544
1346 2543
1347 2542
1348 2542
1349 2541
1350 2541
1351 2540
1352 2540
1353 2539
1354 2539
1355 2539
1356 2538
1357 2537
1358 2537
1359 2536
1360 2536
1361 2535
1362 2535
1363 2534
1364 2533
1365 2533
1366 2532
1367 2531
1368 2530
1369 2529
1370 2529
1371 2528
1372 2527
1373 2526
1374 2526
1375 2525
1376 2524
1377 2524
1378 2524
1379 2523
1380 2523
1381 2522
1382 2522
1383 2521
1384 2521
1385 2520
1386 2519
1387 2518
1388 2517
1388 2516
1389 2515
1390 2514
1391 2513
1392 2512
1393 2512
1394 2511
1395 2510
1396 2509
1397 2508
1398 2508
1399 2507
1400 2506
1401 2505
1402 2505
1403 2504
1404 2504
1405 2504
1406 2503
1407 2503
1408 2503
1409 2503
1410 2502
1411 2502
1412 2502
1413 2501
1414 2501
1415 2500
1416 2500
1417 2499
1418 2498
1419 2498
1420 2497
1421 2497
1422 2496
1423 2496
1424 2495
1425 2495
1426 2495
1427 2495
1428 2494
1429 2494
1430 2493
1431 2493
1432 2492
1433 2492
1434 2491
1435 2490
1436 2490
1437 2489
1438 2489
1439 2488
1440 2488
1441 2487
1442 2487
1443 2486
1444 2485
1445 2485
1446 2485
1447 2484
1448 2484
1449 2483
1450 2483
1451 2482
1452 2482
1453 2481
1454 2481
1455 2480
1456 2480
1457 2479
1458 2479
1459 2478
1460 2477
1461 2477
1462 2476
1463 2476
1464 2475
1465 2475
1466 2474
1467 2474
1468 2474
1469 2473
1470 2472
1471 2472
1472 2471
1473 2471
1474 2470
1475 2469
1476 2469
1477 2468
1478 2468
1479 2467
1480 2466
1481 2466
1482 2465
1483 2465
1484 2464
1485 2464
1486 2464
1487 2463
1488 2463
1489 2463
1490 2463
1491 2463
1492 2462
1493 2462
1494 2462
1495 2462
1496 2462
1497 2462
1498 2462
1499 2461
1500 2461
1501 2460
1502 2460
1503 2460
1504 2459
1505 2459
1506 2459
1507 2459
1508 2459
1509 2458
1510 2458
1511 2458
1512 2458
1513 2458
1514 2458
1515 2457
1516 2457
1517 2457
1518 2456
1519 2456
1520 2456
1521 2455
1522 2455
1523 2455
1524 2454
1525 2454
1526 2453
1527 2453
1528 2452
1529 2452
1530 2452
1531 2451
1532 2451
1533 2451
1534 2451
1535 2451
1536 2451
1537 2451
1538 2451
1539 2451
1540 2451
1541 2450
1542 2450
1543 2450
1544 2449
1545 2449
1546 2449
1547 2448
1548 2448
1549 2448
1550 2448
1551 2448
1552 2448
1553 2447
1554 2447
1555 2447
1556 2447
1557 2447
1558 2447
1559 2447
1560 2447
1561 2447
1562 2447
1563 2447
1564 2447
1565 2447
1566 2447
1567 2447
1568 2447
1569 2447
1570 2447
1571 2447
1572 2447
1573 2447
1574 2447
1575 2447
1576 2447
1577 2447
1578 2447
1579 2447
1580 2446
1581 2446
1582 2446
1583 2446
1584 2445
1585 2445
1586 2445
1587 2445
1588 2444
1589 2444
1590 2444
1591 2444
1592 2444
1593 2444
1594 2444
1595 2444
1596 2444
1597 2444
1598 2444
1599 2444
1600 2443
1601 2443
1602 2443
1603 2443
1604 2443
1605 2443
1606 2443
1607 2443
1608 2443
1609 2443
1610 2442
1611 2442
1612 2442
1613 2441
1614 2441
1615 2441
1616 2441
1617 2441
1618 2441
1619 2440
1620 2440
1621 2440
1622 2440
1623 2440
1624 2440
1625 2440
1626 2440
1627 2440
1628 2440
1629 2440
1630 2440
1631 2440
1632 2440
1633 2439
1634 2439
1635 2439
1636 2439
1637 2439
1638 2439
1639 2439
1640 2439
1641 2439
1642 2439
1643 2439
1644 2439
1645 2439
1646 2439
1647 2439
1648 2439
1649 2438
1650 2438
1651 2437
1652 2437
1653 2437
1654 2436
1655 2436
1656 2435
1657 2435
1658 2434
1659 2434
1660 2434
1661 2433
1662 2433
1663 2433
1664 2433
1665 2433
1666 2433
1667 2433
1668 2433
1669 2433
1670 2432
1671 2432
1672 2432
1673 2432
1674 2432
1675 2432
1676 2432
1677 2432
1678 2432
1679 2432
1680 2432
1681 2432
1682 2432
1683 2432
1684 2432
1685 2432
1686 2432
1687 2432
1688 2432
1689 2432
1690 2432
1691 2432
1692 2432
1693 2432
1694 2432
1695 2432
1696 2432
1697 2432
1698 2433
1699 2433
1700 2433
1701 2434
1702 2434
1703 2434
1704 2435
1705 2435
1706 2435
1707 2435
1708 2435
1709 2436
1710 2436
1711 2436
1712 2437
1713 2437
1714 2438
1715 2438
1716 2438
1717 2439
1718 2439
1719 2439
1720 2439
1721 2440
1722 2440
1723 2440
1724 2440
1725 2440
1726 2440
1727 2441
1728 2441
1729 2441
1730 2442
1731 2442
1732 2442
1733 2443
1734 2443
1735 2443
1736 2443
1737 2444
1738 2444
1739 2444
1740 2444
1741 2444
1742 2444
1743 2445
1744 2445
1745 2445
1746 2445
1747 2446
1748 2446
1749 2447
1750 2447
1751 2447
1752 2448
1753 2448
1754 2448
1755 2448
1756 2448
1757 2449
1758 2449
1759 2450
1760 2451
1761 2451
1762 2452
1763 2452
1764 2453
1765 2454
1766 2454
1767 2455
1768 2456
1769 2456
1770 2457
1771 2457
1772 2458
1772 2459
1773 2460
1774 2461
1775 2462
1776 2463
1777 2464
1778 2465
1779 2466
1780 2466
1781 2467
1782 2468
1783 2469
1784 2470
1785 2471
1786 2471
1787 2472
1788 2472
1789 2473
1790 2474
1791 2474
1792 2475
1793 2476
1794 2476
1795 2476
1796 2477
1797 2477
1798 2478
1799 2478
1800 2479
1801 2479
1802 2480
1803 2480
1804 2481
1805 2481
1806 2482
1807 2482
1808 2483
1809 2483
1810 2484
1811 2484
1812 2485
1813 2485
1814 2485
1815 2486
1816 2486
1817 2486
1818 2487
1819 2487
1820 2488
1821 2488
1822 2488
1823 2489
1824 2489
1825 2489
1826 2490
1827 2490
1828 2490
1829 2490
1830 2491
1831 2491
1832 2491
1833 2492
1834 2492
1835 2493
1836 2493
1837 2494
1838 2494
1839 2495
1840 2495
1841 2496
1842 2496
1843 2497
1844 2498
1845 2498
1846 2499
1847 2500
1848 2500
1849 2501
1850 2502
1851 2502
1852 2503
1853 2504
1854 2505
1855 2506
1856 2507
1857 2508
1858 2508
1859 2509
1860 2510
1861 2511
1862 2511
1863 2512
1864 2513
1865 2513
1866 2514
1867 2514
1868 2515
1869 2515
1870 2515
1871 2516
1872 2516
1873 2517
1874 2517
1875 2518
1876 2518
1877 2519
1878 2519
1879 2519
1880 2520
1881 2520
1882 2521
1883 2522
1884 2522
1885 2523
1886 2524
1887 2524
1888 2525
1889 2525
1890 2526
1891 2527
1892 2527
1893 2528
1894 2528
1895 2528
1896 2529
1897 2529
1898 2530
1899 2530
1900 2531
1901 2531
1902 2531
1903 2532
1904 2532
1905 2532
1906 2533
1907 2533
1908 2533
1909 2534
1910 2534
1911 2535
1912 2535
1913 2535
1914 2536
1915 2536
1916 2536
1917 2537
1918 2537
1919 2537
1920 2538
1921 2538
1922 2539
1923 2539
1924 2540
1925 2541
1926 2541
1927 2542
1928 2543
1929 2543
1930 2544
1931 2544
1932 2544
1933 2545
1934 2545
1935 2546
1936 2546
1937 2547
1938 2547
1939 2548
1940 2549
1941 2549
1942 2550
1943 2551
1944 2551
1945 2552
1946 2552
1947 2553
1948 2553
1949 2553
1950 2554
1951 2554
1952 2554
1953 2554
1954 2555
1955 2555
1956 2555
1957 2556
1958 2556
1959 2556
1960 2557
1961 2557
1962 2558
1963 2558
1964 2558
1965 2558
1966 2558
1967 2559
1968 2559
1969 2559
1970 2559
1971 2560
1972 2560
1973 2560
1974 2561
1975 2561
1976 2561
1977 2562
1978 2562
1979 2562
1980 2562
1981 2563
1982 2563
1983 2563
1984 2563
1985 2563
1986 2563
1987 2563
1988 2563
1989 2564
1990 2564
1991 2564
1992 2564
1993 2564
1994 2564
1995 2564
1996 2564
1997 2564
1998 2564
1999 2564
2000 2564
2001 2564
2002 2564
2003 2564
2004 2564
2005 2564
2006 2564
2007 2564
2008 2564
2009 2565
2010 2565
2011 2565
2012 2565
2013 2565
2014 2565
2015 2565
2016 2565
2017 2565
2018 2565
2019 2565
2020 2565
2021 2565
2022 2565
2023 2565
2024 2565
2025 2565
2026 2565
2027 2565
2028 2565
2029 2565
2030 2565
2031 2565
2032 2565
2033 2565
2034 2565
2035 2565
2036 2565
2037 2565
2038 2565
2039 2565
2040 2565
2041 2565
2042 2565
2043 2565
2044 2565
2045 2565
2046 2565
2047 2565
2048 2565
2049 2565
2050 2565
2051 2565
2052 2565
2053 2565
2054 2565
2055 2565
2056 2565
2057 2565
2058 2565
2059 2565
2060 2565
2061 2565
2062 2565
2063 2565
2064 2565
2065 2565
2066 2566
2067 2566
2068 2566
2069 2566
2070 2566
2071 2566
2072 2566
2073 2566
2074 2566
2075 2566
2076 2567
2077 2567
2078 2568
2079 2568
2080 2568
2081 2569
2082 2569
2083 2569
2084 2569
2085 2569
2086 2569
2087 2569
2088 2569
2089 2570
2090 2570
2091 2570
2092 2570
2093 2570
2094 2570
2095 2570
2096 2570
2097 2570
2098 2570
2099 2570
2100 2570
2101 2570
2102 2570
2103 2570
2104 2570
2105 2570
2106 2570
2107 2570
2108 2570
2109 2570
2110 2570
2111 2570
2112 2570
2113 2570
2114 2570
2115 2570
2116 2570
2117 2570
2118 2570
2119 2571
2120 2571
2121 2571
2122 2571
2123 2571
2124 2571
2125 2571
2126 2571
2127 2571
2128 2571
2129 2571
2130 2571
2131 2571
2132 2571
2133 2571
2134 2571
2135 2571
2136 2571
2137 2572
2138 2572
2139 2572
2140 2572
2141 2573
2142 2573
2143 2573
2144 2574
2145 2574
2146 2574
2147 2574
2148 2574
2149 2574
2150 2574
2151 2575
2152 2575
2153 2575
2154 2575
2155 2575
2156 2575
2157 2575
2158 2575
2159 2575
2160 2575
2161 2575
2162 2575
2163 2575
2164 2575
2165 2575
2166 2575
2167 2575
2168 2575
2169 2575
2170 2575
2171 2576
2172 2576
2173 2576
2174 2576
2175 2576
2176 2576
2177 2576
2178 2576
2179 2576
2180 2576
2181 2576
2182 2576
2183 2576
2184 2576
2185 2576
2186 2576
2187 2576
2188 2576
2189 2576
2190 2576
2191 2576
2192 2576
2193 2576
2194 2576
2195 2576
2196 2576
2197 2576
2198 2576
2199 2577
2200 2577
2201 2577
2202 2578
2203 2578
2204 2578
2205 2579
2206 2579
2207 2579
2208 2579
2209 2579
2210 2579
2211 2580
2212 2580
2213 2580
2214 2580
2215 2580
2216 2580
2217 2580
2218 2580
2219 2580
2220 2581
2221 2581
2222 2581
2223 2581
2224 2582
2225 2582
2226 2582
2227 2583
2228 2583
2229 2583
2230 2584
2231 2584
2232 2584
2233 2585
2234 2585
2235 2585
2236 2586
2237 2586
2238 2586
2239 2587
2240 2587
2241 2587
2242 2587
2243 2588
2244 2588
2245 2588
2246 2588
2247 2588
2248 2588
2249 2589
2250 2589
2251 2589
2252 2589
2253 2589
2254 2589
2255 2589
2256 2589
2257 2589
2258 2589
2259 2589
2260 2589
2261 2589
2262 2589
2263 2589
2264 2589
2265 2589
2266 2589
2267 2589
2268 2589
2269 2589
2270 2590
2271 2590
2272 2590
2273 2590
2274 2591
2275 2591
2276 2591
2277 2592
2278 2592
2279 2592
2280 2592
2281 2593
2282 2593
2283 2593
2284 2593
2285 2593
2286 2594
2287 2594
2288 2595
2289 2595
2290 2596
2291 2596
2292 2597
2293 2597
2294 2597
2295 2597
2296 2598
2297 2598
2298 2598
2299 2598
2300 2598
2301 2598
2302 2598
2303 2599
2304 2599
2305 2599
2306 2600
2307 2600
2308 2600
2309 2601
2310 2601
2311 2601
2312 2601
2313 2602
2314 2602
2315 2602
2316 2602
2317 2602
2318 2602
2319 2602
2320 2602
2321 2602
2322 2602
2323 2603
2324 2603
2325 2603
2326 2603
2327 2603
2328 2603
2329 2603
2330 2603
2331 2603
2332 2603
2333 2603
2334 2603
2335 2603
2336 2603
2337 2603
2338 2604
2339 2604
2340 2604
2341 2605
2342 2605
2343 2605
2344 2606
2345 2606
2346 2606
2347 2607
2348 2607
2349 2607
2350 2608
2351 2608
2352 2608
2353 2609
2354 2609
2355 2609
2356 2609
2357 2609
2358 2610
2359 2610
2360 2610
2361 2610
2362 2611
2363 2611
2364 2612
2365 2612
2366 2613
2367 2613
2368 2613
2369 2613
2370 2614
2371 2614
2372 2614
2373 2614
2374 2614
2375 2615
2376 2615
2377 2615
2378 2615
2379 2615
2380 2616
2381 2616
2382 2616
2383 2616
2384 2617
2385 2617
2386 2617
2387 2617
2388 2618
2389 2618
2390 2618
2391 2619
2392 2619
2393 2619
2394 2619
2395 2619
2396 2620
2397 2620
2398 2620
2399 2621
2400 2621
2401 2622
2402 2622
2403 2622
2404 2623
2405 2623
2406 2623
2407 2623
2408 2623
2409 2624
2410 2624
2411 2624
2412 2624
2413 2624
2414 2624
2415 2624
2416 2624
2417 2625
2418 2625
2419 2625
2420 2626
2421 2626
2422 2626
2423 2627
2424 2627
2425 2627
2426 2627
2427 2628
2428 2628
2429 2628
2430 2628
2431 2628
2432 2628
2433 2629
2434 2629
2435 2629
2436 2630
2437 2630
2438 2630
2439 2631
2440 2631
2441 2631
2442 2631
2443 2632
2444 2632
2445 2632
2446 2632
2447 2632
2448 2633
2449 2633
2450 2633
2451 2633
2452 2633
2453 2633
2454 2633
2455 2634
2456 2634
2457 2634
2458 2635
2459 2635
2460 2636
2461 2636
2462 2636
2463 2637
2464 2638
2465 2638
2466 2639
2467 2639
2468 2640
2469 2640
2470 2640
2471 2641
2472 2641
2473 2641
2474 2641
2475 2641
2476 2642
2477 2642
2478 2642
2479 2643
2480 2643
2481 2644
2482 2644
2483 2645
2484 2645
2485 2645
2486 2645
2487 2646
2488 2646
2489 2646
2490 2647
2491 2647
2492 2648
2493 2648
2494 2648
2495 2649
2496 2649
2497 2649
2498 2649
2499 2650
2500 2650
2501 2650
2502 2650
2503 2651
2504 2651
2505 2652
2506 2652
2507 2652
2508 2653
2509 2653
2510 2653
2511 2654
2512 2654
2513 2655
2514 2655
2515 2655
2516 2656
2517 2656
2518 2656
2519 2657
2520 2657
2521 2657
2522 2658
2523 2658
2524 2658
2525 2658
2526 2658
2527 2659
2528 2659
2529 2659
2530 2659
2531 2660
2532 2660
2533 2661
2534 2661
2535 2662
2536 2662
2537 2662
2538 2662
2539 2663
2540 2663
2541 2663
2542 2663
2543 2664
2544 2664
2545 2665
2546 2665
2547 2666
2548 2666
2549 2666
2550 2667
2551 2667
2552 2668
2553 2669
2554 2669
2555 2670
2556 2671
2557 2671
2558 2672
2559 2673
2560 2673
2561 2673
2562 2674
2563 2674
2564 2675
2565 2675
2566 2675
2567 2676
2568 2676
2569 2677
2570 2678
2571 2678
2572 2678
2573 2679
2574 2679
2575 2679
2576 2679
2577 2680
2578 2680
2579 2680
2580 2680
2581 2680
2582 2680
2583 2681
2584 2681
2585 2682
2586 2682
2587 2682
2588 2683
2589 2683
2590 2683
2591 2684
2592 2684
2593 2684
2594 2684
2595 2685
2596 2686
2597 2686
2598 2687
2599 2687
2600 2688
2601 2689
2602 2689
2603 2690
2604 2691
2605 2691
2606 2692
2607 2692
2608 2693
2609 2693
2610 2694
2611 2694
2612 2695
2613 2696
2614 2696
2615 2697
2616 2697
2617 2698
2618 2698
2619 2699
2620 2699
2621 2700
2622 2700
2623 2701
2624 2701
2625 2702
2626 2702
2627 2703
2628 2703
2629 2704
2630 2704
2631 2704
2632 2705
2633 2705
2634 2706
2635 2706
2636 2706
2637 2707
2638 2707
2639 2708
2640 2708
2641 2708
2642 2708
2643 2709
2644 2709
2645 2709
2646 2709
2647 2709
2648 2710
2649 2710
2650 2710
2651 2711
2652 2711
2653 2712
2654 2712
2655 2712
2656 2713
2657 2713
2658 2713
2659 2713
2660 2714
2661 2714
2662 2714
2663 2714
2664 2714
2665 2715
2666 2715
2667 2715
2668 2716
2669 2716
2670 2716
2671 2717
2672 2717
2673 2717
2674 2717
2675 2718
2676 2718
2677 2718
2678 2718
2679 2718
2680 2719
2681 2719
2682 2719
2683 2719
2684 2720
2685 2720
2686 2720
2687 2721
2688 2721
2689 2721
2690 2721
2691 2722
2692 2722
2693 2722
2694 2723
2695 2723
2696 2723
2697 2724
2698 2724
2699 2725
2700 2725
2701 2725
2702 2726
2703 2726
2704 2726
2705 2726
2706 2727
2707 2727
2708 2727
2709 2727
2710 2727
2711 2727
2712 2728
2713 2728
2714 2728
2715 2728
2716 2728
2717 2728
2718 2729
2719 2729
2720 2729
2721 2730
2722 2730
2723 2730
2724 2731
2725 2731
2726 2731
2727 2731
2728 2731
2729 2732
2730 2732
2731 2732
2732 2732
2733 2732
2734 2732
2735 2732
2736 2733
2737 2733
2738 2733
2739 2734
2740 2734
2741 2734
2742 2735
2743 2735
2744 2735
2745 2735
2746 2736
2747 2736
2748 2736
2749 2736
2750 2736
2751 2736
2752 2736
2753 2737
2754 2737
2755 2737
2756 2737
2757 2737
2758 2738
2759 2738
2760 2738
2761 2739
2762 2739
2763 2739
2764 2740
2765 2740
2766 2741
2767 2741
2768 2742
2769 2742
2770 2742
2771 2743
2772 2743
2773 2743
2774 2744
2775 2744
2776 2744
2777 2744
2778 2744
2779 2744
2780 2745
2781 2745
2782 2745
2783 2745
2784 2746
2785 2746
2786 2746
2787 2746
2788 2747
2789 2747
2790 2747
2791 2747
2792 2748
2793 2748
2794 2748
2795 2748
2796 2749
2797 2750
2798 2750
2799 2751
2800 2751
2801 2752
2802 2752
2803 2753
2804 2753
2805 2754
2806 2755
2807 2756
2808 2756
2809 2757
2810 2758
2811 2759
2812 2759
2813 2760
2814 2760
2815 2760
2816 2761
2817 2761
2818 2761
2819 2761
2820 2761
2821 2762
2822 2762
2823 2762
2824 2762
2825 2762
2826 2762
2827 2762
2828 2762
2829 2763
2830 2763
2831 2763
2832 2763
2833 2763
2834 2763
2835 2763
2836 2764
2837 2764
2838 2764
2839 2764
2840 2765
2841 2765
2842 2765
2843 2766
2844 2766
2845 2766
2846 2766
2847 2766
2848 2767
2849 2767
2850 2767
2851 2767
2852 2767
2853 2767
2854 2767
2855 2768
2856 2768
2857 2768
2858 2768
2859 2769
2860 2769
2861 2769
2862 2769
2863 2770
2864 2770
2865 2770
2866 2771
2867 2771
2868 2771
2869 2772
2870 2772
2871 2773
2872 2773
2873 2773
2874 2774
2875 2774
2876 2774
2877 2775
2878 2775
2879 2775
2880 2775
2881 2775
2882 2775
2883 2776
2884 2776
2885 2776
2886 2776
2887 2776
2888 2776
2889 2776
2890 2776
2891 2776
2892 2776
2893 2776
2894 2776
2895 2776
2896 2777
2897 2777
2898 2777
2899 2777
2900 2778
2901 2778
2902 2778
2903 2779
2904 2779
2905 2779
2906 2780
2907 2780
2908 2780
2909 2780
2910 2780
2911 2780
2912 2780
2913 2780
2914 2780
2915 2781
2916 2781
2917 2781
2918 2781
2919 2781
2920 2781
2921 2781
2922 2781
2923 2781
2924 2781
2925 2781
2926 2781
2927 2781
2928 2781
2929 2781
2930 2781
2931 2781
2932 2781
2933 2781
2934 2781
2935 2781
2936 2781
2937 2781
2938 2781
2939 2781
2940 2781
2941 2781
2942 2781
2943 2781
2944 2782
2945 2782
2946 2782
2947 2782
2948 2782
2949 2782
2950 2782
2951 2782
2952 2782
2953 2782
2954 2782
2955 2782
2956 2782
2957 2782
2958 2782
2959 2782
2960 2782
2961 2783
2962 2783
2963 2783
2964 2784
2965 2784
2966 2784
2967 2785
2968 2785
2969 2785
2970 2785
2971 2785
2972 2786
2973 2786
2974 2786
2975 2786
2976 2786
2977 2786
2978 2786
2979 2786
2980 2786
2981 2786
2982 2786
2983 2786
2984 2786
2985 2786
2986 2786
2987 2786
2988 2786
2989 2786
2990 2786
2991 2786
2992 2786
2993 2786
2994 2786
2995 2786
2996 2786
2997 2787
2998 2787
2999 2787
3000 2787
3001 2787
3002 2787
3003 2787
3004 2787
3005 2787
3006 2787
3007 2787
3008 2787
3009 2787
3010 2787
3011 2787
3012 2787
3013 2787
3014 2787
3015 2787
3016 2787
3017 2787
3018 2786
3019 2786
3020 2786
3021 2785
3022 2785
3023 2785
3024 2785
3025 2784
3026 2784
3027 2784
3028 2784
3029 2784
3030 2784
3031 2784
3032 2784
3033 2784
3034 2783
3035 2783
3036 2783
3037 2782
3038 2782
3039 2782
3040 2781
3041 2781
3042 2781
3043 2781
3044 2780
3045 2779
3046 2779
3047 2778
3048 2778
3049 2778
3050 2777
3051 2777
3052 2777
3053 2777
3054 2776
3055 2776
3056 2776
3057 2776
3058 2776
3059 2775
3060 2775
3061 2774
3062 2774
3063 2773
3064 2773
3065 2772
3066 2771
3067 2771
3068 2770
3069 2770
3070 2769
3071 2769
3072 2768
3073 2768
3074 2767
3075 2766
3076 2766
3077 2765
3078 2764
3079 2763
3080 2762
3081 2761
3082 2760
3083 2760
3084 2759
3085 2759
3086 2758
3087 2757
3088 2757
3089 2756
3090 2756
3091 2755
3092 2755
3093 2754
3094 2754
3095 2753
3096 2752
3097 2752
3098 2751
3099 2750
3100 2750
3101 2749
3102 2748
3103 2748
3104 2747
3105 2747
3106 2746
3107 2745
3108 2744
3109 2744
3110 2743
3111 2743
3112 2742
3113 2741
3114 2740
3115 2739
3116 2739
3117 2738
3118 2738
3119 2737
3120 2736
3121 2735
3122 2734
3123 2733
3124 2732
3125 2731
3126 2730
3126 2729
3127 2728
3128 2727
3129 2726
3130 2725
3130 2724
3131 2723
3132 2722
3133 2721
3133 2720
3134 2719
3135 2718
3135 2717
3135 2716
3136 2715
3136 2714
3137 2713
3137 2712
3138 2711
3139 2710
3139 2709
3140 2708
3140 2707
3141 2706
3142 2705
3142 2704
3143 2703
3143 2702
3144 2701
3144 2700
3145 2699
3146 2698
3146 2697
3147 2696
3147 2695
3148 2694
3149 2693
3150 2692
3150 2691
3151 2690
3152 2689
3153 2688
3154 2687
3155 2686
3156 2685
3157 2684
3158 2683
3159 2682
3160 2681
3161 2680
3162 2679
3163 2678
3164 2677
3164 2676
3165 2675
3165 2674
3166 2673
3167 2672
3168 2671
3168 2670
3169 2669
3169 2668
3169 2667
3169 2666
3170 2665
3170 2664
3171 2663
3171 2662
3172 2661
3172 2660
3173 2659
3174 2658
3174 2657
3175 2656
3176 2655
3176 2654
3176 2653
3177 2652
3177 2651
3177 2650
3177 2649
3178 2648
3178 2647
3178 2646
3179 2645
3179 2644
3180 2643
3180 2642
3180 2641
3181 2640
3181 2639
3181 2638
3181 2637
3182 2636
3182 2635
3182 2634
3182 2633
3182 2632
3183 2631
3183 2630
3183 2629
3183 2628
3183 2627
3183 2626
3184 2625
3184 2624
3184 2623
3185 2622
3185 2621
3185 2620
3186 2619
3186 2618
3186 2617
3187 2616
3187 2615
3187 2614
3187 2613
3187 2612
3188 2611
3188 2610
3188 2609
3188 2608
3188 2607
3188 2606
3188 2605
3188 2604
3188 2603
3189 2602
3189 2601
3189 2600
3190 2599
3190 2598
3190 2597
3191 2596
3191 2595
3192 2594
3192 2593
3193 2592
3193 2591
3194 2590
3194 2589
3194 2588
3195 2587
3195 2586
3195 2585
3195 2584
3196 2583
3196 2582
3196 2581
3196 2580
3196 2579
3196 2578
3196 2577
3196 2576
3197 2575
3197 2574
3197 2573
3197 2572
3197 2571
3197 2570
3197 2569
3197 2568
3197 2567
3197 2566
3197 2565
3197 2564
3197 2563
3197 2562
3197 2561
3197 2560
3197 2559
3197 2558
3198 2557
3198 2556
3198 2555
3198 2554
3199 2553
3199 2552
3199 2551
3200 2550
3200 2549
3200 2548
3200 2547
3200 2546
3201 2545
3201 2544
3201 2543
3201 2542
3201 2541
3201 2540
3201 2539
3201 2538
3201 2537
3201 2536
3201 2535
3202 2534
3202 2533
3202 2532
3202 2531
3202 2530
3202 2529
3202 2528
3203 2527
3203 2526
3203 2525
3204 2524
3204 2523
3204 2522
3204 2521
3204 2520
3205 2519
3205 2518
3205 2517
3205 2516
3205 2515
3205 2514
3206 2513
3206 2512
3206 2511
3206 2510
3206 2509
3206 2508
3206 2507
3206 2506
3206 2505
3206 2504
3206 2503
3206 2502
3207 2501
3207 2500
3207 2499
3207 2498
3207 2497
3207 2496
3207 2495
3207 2494
3207 2493
3207 2492
3207 2491
3207 2490
3207 2489
3207 2488
3207 2487
3207 2486
3207 2485
3207 2484
3207 2483
3207 2482
3207 2481
3207 2480
3207 2479
3207 2478
3207 2477
3207 2476
3207 2475
3207 2474
3207 2473
3207 2472
3207 2471
3208 2470
3208 2469
3208 2468
3208 2467
3209 2466
3209 2465
3209 2464
3209 2463
3210 2462
3210 2461
3210 2460
3210 2459
3210 2458
3210 2457
3211 2456
3211 2455
3211 2454
3211 2453
3211 2452
3211 2451
3211 2450
3211 2449
3211 2448
3211 2447
3211 2446
3211 2445
3211 2444
3212 2443
3212 2442
3212 2441
3212 2440
3212 2439
3212 2438
3212 2437
3212 2436
3212 2435
3212 2434
3212 2433
3212 2432
3212 2431
3212 2430
3212 2429
3212 2428
3212 2427
3212 2426
3212 2425
3212 2424
3212 2423
3212 2422
3212 2421
3212 2420
3212 2419
3212 2418
3212 2417
3212 2416
3212 2415
3212 2414
3212 2413
3212 2412
3212 2411
3212 2410
3212 2409
3212 2408
3212 2407
3212 2406
3212 2405
3212 2404
3212 2403
3212 2402
3212 2401
3212 2400
3212 2399
3212 2398
3212 2397
3212 2396
3212 2395
3212 2394
3212 2393
3213 2392
3213 2391
3213 2390
3213 2389
3214 2388
3214 2387
3214 2386
3215 2385
3215 2384
3215 2383
3215 2382
3215 2381
3216 2380
3216 2379
3216 2378
3216 2377
3216 2376
3217 2375
3217 2374
3217 2373
3218 2372
3218 2371
3218 2370
3218 2369
3219 2368
3219 2367
3219 2366
3219 2365
3220 2364
3220 2363
3220 2362
3220 2361
3220 2360
3220 2359
3220 2358
3221 2357
3221 2356
3221 2355
3221 2354
3221 2353
3221 2352
3221 2351
3221 2350
3221 2349
3221 2348
3221 2347
3221 2346
3221 2345
3221 2344
3221 2343
3221 2342
3221 2341
3221 2340
3221 2339
3221 2338
3222 2337
3222 2336
3222 2335
3222 2334
3222 2333
3222 2332
3222 2331
3223 2330
3223 2329
3223 2328
3224 2327
3224 2326
3224 2325
3224 2324
3225 2323
3225 2322
3225 2321
3225 2320
3225 2319
3225 2318
3225 2317
3225 2316
3226 2315
3226 2314
3226 2313
3226 2312
3226 2311
3226 2310
3226 2309
3226 2308
3226 2307
3226 2306
3226 2305
3226 2304
3226 2303
3226 2302
3226 2301
3226 2300
3226 2299
3226 2298
3226 2297
3226 2296
3226 2295
3226 2294
3226 2293
3226 2292
3226 2291
3227 2290
3227 2289
3227 2288
3227 2287
3227 2286
3227 2285
3227 2284
3227 2283
3227 2282
3227 2281
3227 2280
3227 2279
3227 2278
3227 2277
3227 2276
3227 2275
3227 2274
3227 2273
3227 2272
3227 2271
3227 2270
3227 2269
3227 2268
3227 2267
3227 2266
3227 2265
3227 2264
3227 2263
3227 2262
3227 2261
3227 2260
3227 2259
3228 2258
3228 2257
3228 2256
3228 2255
3229 2254
3229 2253
3229 2252
3229 2251
3230 2250
3230 2249
3230 2248
3230 2247
3230 2246
3230 2245
3230 2244
3230 2243
3231 2242
3231 2241
3231 2240
3231 2239
3231 2238
3231 2237
3231 2236
3231 2235
3231 2234
3231 2233
3231 2232
3231 2231
3231 2230
3231 2229
3231 2228
3232 2227
3232 2226
3232 2225
3232 2224
3232 2223
3232 2222
3232 2221
3232 2220
3232 2219
3232 2218
3232 2217
3232 2216
3232 2215
3232 2214
3232 2213
3232 2212
3232 2211
3232 2210
3232 2209
3232 2208
3232 2207
3232 2206
3232 2205
3232 2204
3232 2203
3232 2202
3232 2201
3232 2200
3232 2199
3232 2198
3232 2197
3232 2196
3232 2195
3232 2194
3232 2193
3232 2192
3232 2191
3232 2190
3232 2189
3233 2188
3233 2187
3233 2186
3233 2185
3233 2184
3233 2183
3233 2182
3233 2181
3233 2180
3233 2179
3232 2178
3232 2177
3232 2176
3232 2175
3231 2174
3231 2173
3231 2172
3231 2171
3231 2170
3230 2169
3230 2168
3230 2167
3230 2166
3230 2165
3230 2164
3230 2163
3230 2162
3230 2161
3229 2160
3229 2159
3229 2158
3229 2157
3229 2156
3229 2155
3229 2154
3228 2153
3228 2152
3228 2151
3228 2150
3228 2149
3227 2148
3227 2147
3227 2146
3227 2145
3226 2144
3226 2143
3226 2142
3226 2141
3226 2140
3226 2139
3226 2138
3226 2137
3225 2136
3225 2135
3225 2134
3224 2133
3224 2132
3223 2131
3223 2130
3223 2129
3222 2128
3222 2127
3222 2126
3221 2125
3221 2124
3220 2123
3220 2122
3220 2121
3219 2120
3219 2119
3219 2118
3219 2117
3219 2116
3218 2115
3218 2114
3218 2113
3218 2112
3218 2111
3217 2110
3217 2109
3217 2108
3216 2107
3216 2106
3215 2105
3215 2104
3215 2103
3215 2102
3215 2101
3215 2100
3215 2099
3214 2098
3214 2097
3214 2096
3214 2095
3214 2094
3214 2093
3214 2092
3214 2091
3214 2090
3214 2089
3213 2088
3213 2087
3213 2086
3212 2085
3212 2084
3212 2083
3211 2082
3211 2081
3211 2080
3211 2079
3211 2078
3211 2077
3211 2076
3211 2075
3210 2074
3210 2073
3210 2072
3210 2071
3209 2070
3209 2069
3208 2068
3208 2067
3208 2066
3208 2065
3207 2064
3207 2063
3207 2062
3207 2061
3206 2060
3206 2059
3205 2058
3205 2057
3204 2056
3204 2055
3204 2054
3204 2053
3203 2052
3203 2051
3203 2050
3203 2049
3202 2048
3202 2047
3201 2046
3201 2045
3201 2044
3200 2043
3200 2042
3200 2041
3200 2040
3200 2039
3199 2038
3199 2037
3199 2036
3199 2035
3199 2034
3199 2033
3199 2032
3199 2031
3198 2030
3198 2029
3198 2028
3197 2027
3197 2026
3197 2025
3197 2024
3196 2023
3196 2022
3196 2021
3196 2020
3196 2019
3195 2018
3195 2017
3195 2016
3195 2015
3195 2014
3195 2013
3194 2012
3194 2011
3194 2010
3193 2009
3193 2008
3192 2007
3192 2006
3192 2005
3192 2004
3192 2003
3191 2002
3191 2001
3191 2000
3190 1999
3190 1998
3190 1997
3189 1996
3189 1995
3189 1994
3188 1993
3188 1992
3188 1991
3188 1990
3188 1989
3187 1988
3187 1987
3187 1986
3187 1985
3187 1984
3187 1983
3187 1982
3187 1981
3187 1980
3187 1979
3187 1978
3187 1977
3186 1976
3186 1975
3186 1974
3186 1973
3185 1972
3185 1971
3185 1970
3185 1969
3185 1968
3184 1967
3184 1966
3184 1965
3184 1964
3184 1963
3183 1962
3183 1961
3182 1960
3182 1959
3181 1958
3181 1957
3180 1956
3179 1955
3178 1954
3178 1953
3177 1952
3176 1951
3175 1950
3174 1949
3174 1948
3173 1947
3172 1946
3171 1945
3171 1944
3170 1943
3170 1942
3169 1941
3169 1940
3168 1939
3167 1939
3166 1938
3165 1938
3164 1937
3164 1938
3165 1939
3165 1940
3166 1941
3165 1942
3164 1942
3163 1942
3162 1941
3161 1940
3160 1939
3159 1939
3158 1938
3157 1937
3156 1936
3155 1936
3154 1935
3153 1934
3152 1933
3151 1933
3150 1932
3149 1932
3148 1932
3147 1932
3146 1932
3145 1931
3144 1931
3143 1930
3142 1930
3141 1930
3140 1929
3139 1929
3138 1929
3137 1929
3136 1929
3135 1929
3134 1929
3133 1929
3132 1929
3131 1929
3130 1930
3129 1930
3128 1930
3127 1930
3126 1931
3125 1931
3124 1931
3123 1931
3122 1932
3121 1933
3120 1933
3119 1934
3118 1934
3117 1934
3116 1935
3115 1935
3114 1935
3113 1935
3112 1935
3111 1935
3110 1935
3109 1935
3108 1935
3107 1935
3106 1935
3105 1935
3104 1935
3103 1935
3102 1935
3101 1935
3100 1935
3099 1935
3098 1935
3097 1935
3096 1935
3095 1935
3094 1935
3093 1935
3092 1935
3091 1934
3090 1933
3089 1932
3088 1931
3088 1930
3087 1929
3087 1928
3086 1927
3086 1926
3086 1925
3086 1924
3085 1923
3084 1922
3083 1921
3082 1920
3081 1919
3080 1918
3080 1917
3079 1916
3079 1915
3078 1914
3078 1913
3077 1912
3076 1911
3076 1910
3076 1909
3075 1908
3074 1907
3074 1906
3073 1905
3072 1904
3072 1903
3072 1902
3071 1901
3071 1900
3070 1899
3069 1899
3068 1898
3067 1897
3066 1897
3065 1896
3064 1895
3063 1894
3062 1893
3061 1892
3060 1891
3060 1890
3059 1889
3058 1888
3058 1887
3057 1886
3056 1885
3055 1884
3055 1883
3054 1882
3053 1881
3052 1880
3051 1879
3050 1878
3049 1877
3048 1876
3047 1876
3046 1875
3045 1874
3044 1873
3043 1872
3042 1872
3041 1871
3040 1871
3039 1870
3038 1869
3037 1868
3036 1867
3035 1866
3034 1865
3033 1864
3032 1863
3031 1862
3030 1862
3029 1861
3028 1860
3027 1860
3026 1859
3025 1859
3024 1858
3023 1858
3022 1857
3021 1856
3020 1856
3019 1855
3018 1855
3017 1854
3016 1854
3015 1854
3014 1854
3013 1853
3012 1853
3011 1852
3010 1852
3009 1851
3008 1850
3007 1850
3006 1850
3005 1850
3004 1849
3003 1849
3002 1849
3001 1849
3000 1848
2999 1847
2998 1846
2997 1845
2996 1844
2995 1844
2994 1843
2994 1842
2993 1841
2992 1841
2991 1840
2990 1839
2989 1839
2988 1838
2987 1838
2986 1837
2985 1836
2984 1836
2983 1835
2982 1835
2981 1834
2980 1834
2979 1834
2978 1833
2977 1833
2976 1832
2975 1831
2974 1831
2973 1830
2972 1830
2971 1829
2970 1829
2969 1828
2968 1828
2967 1827
2966 1826
2965 1826
2964 1825
2963 1825
2962 1824
2961 1824
2960 1823
2959 1823
2958 1822
2957 1821
2956 1821
2955 1820
2954 1820
2953 1819
2952 1819
2951 1818
2950 1818
2949 1817
2948 1817
2947 1816
2946 1816
2945 1815
2944 1814
2943 1814
2942 1813
2941 1812
2940 1812
2939 1811
2938 1811
2937 1810
2936 1809
2935 1809
2934 1808
2933 1808
2932 1808
2931 1807
2930 1807
2929 1807
2928 1807
2927 1807
2926 1806
2925 1806
2924 1806
2923 1806
2922 1806
2921 1806
2920 1806
2919 1806
2918 1806
2917 1806
2916 1806
2915 1806
2914 1806
2913 1805
2912 1805
2911 1805
2910 1805
2909 1805
2908 1805
2907 1805
2906 1805
2905 1805
2904 1805
2903 1805
2902 1805
2901 1805
2900 1805
2899 1805
2898 1805
2897 1805
2896 1805
2895 1805
2894 1805
2893 1805
2892 1805
2891 1805
2890 1805
2889 1805
2888 1805
2887 1805
2886 1805
2885 1805
2884 1805
2883 1805
2882 1805
2881 1805
2880 1805
2879 1805
2878 1805
2877 1805
2876 1805
2875 1805
2874 1805
2873 1805
2872 1805
2871 1805
