3104 1905
3103 1906
3102 1907
3101 1907
3100 1908
3099 1908
3098 1908
3097 1909
3096 1909
3095 1910
3094 1911
3093 1912
3092 1913
3091 1914
3090 1914
3089 1914
3088 1914
3087 1915
3086 1915
3085 1915
3084 1915
3083 1916
3082 1916
3081 1916
3080 1917
3079 1917
3078 1918
3077 1919
3076 1919
3075 1920
3074 1920
3073 1921
3072 1921
3071 1921
3070 1922
3069 1923
3068 1924
3067 1925
3066 1925
3065 1925
3064 1926
3063 1926
3062 1927
3061 1927
3060 1927
3059 1928
3058 1928
3057 1928
3056 1928
3055 1928
3054 1928
3053 1928
3052 1928
3051 1928
3050 1929
3049 1929
3048 1929
3047 1929
3046 1929
3045 1930
3044 1930
3043 1930
3042 1930
3041 1931
3040 1931
3039 1931
3038 1932
3037 1932
3036 1932
3035 1933
3034 1933
3033 1933
3032 1933
3031 1934
3030 1934
3029 1935
3028 1935
3027 1936
3026 1936
3025 1937
3024 1937
3023 1937
3022 1938
3021 1938
3020 1938
3019 1939
3018 1939
3017 1939
3016 1939
3015 1939
3014 1939
3013 1940
3012 1940
3011 1940
3010 1940
3009 1940
3008 1940
3007 1940
3006 1940
3005 1941
3004 1941
3003 1941
3002 1942
3001 1942
3000 1942
2999 1943
2998 1943
2997 1943
2996 1944
2995 1944
2994 1944
2993 1945
2992 1945
2991 1945
2990 1945
2989 1945
2988 1946
2987 1946
2986 1946
2985 1946
2984 1946
2983 1946
2982 1946
2981 1946
2980 1946
2979 1946
2978 1946
2977 1946
2976 1946
2975 1947
2974 1947
2973 1947
2972 1947
2971 1947
2970 1947
2969 1947
2968 1947
2967 1947
2966 1947
2965 1947
2964 1947
2963 1947
2962 1947
2961 1947
2960 1947
2959 1947
2958 1947
2957 1947
2956 1947
2955 1947
2954 1947
2953 1947
2952 1947
2951 1947
2950 1947
2949 1947
2948 1947
2947 1947
2946 1947
2945 1947
2944 1947
2943 1947
2942 1947
2941 1947
2940 1946
2939 1946
2938 1946
2937 1946
2936 1946
2935 1946
2934 1946
2933 1946
2932 1946
2931 1946
2930 1946
2929 1946
2928 1946
2927 1946
2926 1946
2925 1946
2924 1946
2923 1946
2922 1946
2921 1946
2920 1946
2919 1946
2918 1946
2917 1946
2916 1946
2915 1946
2914 1946
2913 1946
2912 1946
2911 1946
2910 1946
2909 1946
2908 1946
2907 1946
2906 1946
2905 1946
2904 1946
2903 1946
2902 1946
2901 1946
2900 1946
2899 1946
2898 1945
2897 1945
2896 1945
2895 1945
2894 1945
2893 1945
2892 1945
2891 1945
2890 1945
2889 1945
2888 1946
2887 1946
2886 1946
2885 1946
2884 1947
2883 1947
2882 1948
2881 1948
2880 1949
2879 1949
2878 1949
2877 1949
2876 1950
2875 1951
2874 1952
2873 1952
2872 1953
2871 1954
2870 1955
2869 1956
2868 1957
2867 1958
2866 1958
2865 1959
2864 1960
2863 1960
2862 1961
2861 1961
2860 1962
2859 1962
2858 1962
2857 1963
2856 1963
2855 1964
2854 1964
2853 1965
2852 1965
2851 1966
2850 1966
2849 1967
2848 1967
2847 1968
2846 1968
2845 1968
2844 1968
2843 1969
2842 1969
2841 1969
2840 1970
2839 1970
2838 1970
2837 1971
2836 1972
2835 1972
2834 1972
2833 1973
2832 1973
2831 1973
2830 1974
2829 1974
2828 1974
2827 1974
2826 1974
2825 1975
2824 1975
2823 1975
2822 1975
2821 1975
2820 1975
2819 1975
2818 1975
2817 1975
2816 1975
2815 1975
2814 1975
2813 1976
2812 1976
2811 1976
2810 1976
2809 1976
2808 1976
2807 1976
2806 1976
2805 1976
2804 1976
2803 1976
2802 1976
2801 1976
2800 1976
2799 1976
2798 1976
2797 1977
2796 1977
2795 1978
2794 1978
2793 1979
2792 1979
2791 1980
2790 1980
2789 1980
2788 1981
2787 1981
2786 1981
2785 1981
2784 1981
2783 1981
2782 1981
2781 1981
2780 1982
2779 1982
2778 1982
2777 1982
2776 1983
2775 1983
2774 1984
2773 1984
2772 1985
2771 1985
2770 1985
2769 1985
2768 1986
2767 1986
2766 1986
2765 1986
2764 1986
2763 1987
2762 1987
2761 1987
2760 1987
2759 1987
2758 1987
2757 1987
2756 1987
2755 1987
2754 1987
2753 1987
2752 1987
2751 1988
2750 1988
2749 1988
2748 1988
2747 1988
2746 1988
2745 1988
2744 1988
2743 1988
2742 1988
2741 1988
2740 1988
2739 1988
2738 1988
2737 1988
2736 1988
2735 1988
2734 1988
2733 1988
2732 1988
2731 1988
2730 1988
2729 1988
2728 1989
2727 1989
2726 1989
2725 1989
2724 1990
2723 1990
2722 1990
2721 1991
2720 1991
2719 1991
2718 1991
2717 1992
2716 1992
2715 1992
2714 1992
2713 1992
2712 1993
2711 1993
2710 1993
2709 1993
2708 1993
2707 1993
2706 1993
2705 1993
2704 1993
2703 1993
2702 1993
2701 1993
2700 1993
2699 1993
2698 1993
2697 1993
2696 1993
2695 1993
2694 1993
2693 1993
2692 1993
2691 1993
2690 1993
2689 1993
2688 1993
2687 1993
2686 1993
2685 1993
2684 1993
2683 1993
2682 1993
2681 1993
2680 1993
2679 1993
2678 1993
2677 1993
2676 1993
2675 1993
2674 1993
2673 1993
2672 1993
2671 1993
2670 1993
2669 1993
2668 1993
2667 1993
2666 1993
2665 1993
2664 1993
2663 1993
2662 1993
2661 1993
2660 1993
2659 1993
2658 1993
2657 1993
2656 1993
2655 1993
2654 1993
2653 1993
2652 1993
2651 1993
2650 1992
2649 1992
2648 1992
2647 1992
2646 1992
2645 1992
2644 1992
2643 1992
2642 1992
2641 1992
2640 1992
2639 1992
2638 1992
2637 1992
2636 1992
2635 1992
2634 1992
2633 1992
2632 1992
2631 1992
2630 1992
2629 1992
2628 1992
2627 1992
2626 1992
2625 1993
2624 1993
2623 1994
2622 1994
2621 1995
2620 1995
2619 1995
2618 1996
2617 1996
2616 1996
2615 1996
2614 1996
2613 1997
2612 1997
2611 1997
2610 1998
2609 1998
2608 1999
2607 2000
2606 2000
2605 2001
2604 2001
2603 2002
2602 2002
2601 2003
2600 2004
2599 2005
2598 2006
2597 2007
2596 2008
2595 2009
2594 2010
2593 2010
2592 2011
2591 2012
2590 2012
2589 2013
2588 2013
2587 2014
2586 2015
2585 2015
2584 2016
2583 2017
2582 2017
2581 2018
2580 2019
2579 2019
2578 2020
2577 2020
2576 2020
2575 2021
2574 2021
2573 2021
2572 2021
2571 2022
2570 2022
2569 2023
2568 2023
2567 2024
2566 2024
2565 2025
2564 2025
2563 2025
2562 2026
2561 2026
2560 2026
2559 2027
2558 2027
2557 2027
2556 2027
2555 2028
2554 2028
2553 2028
2552 2028
2551 2028
2550 2028
2549 2028
2548 2029
2547 2029
2546 2029
2545 2029
2544 2030
2543 2030
2542 2031
2541 2032
2540 2032
2539 2033
2538 2033
2537 2033
2536 2034
2535 2034
2534 2034
2533 2034
2532 2035
2531 2035
2530 2035
2529 2035
2528 2035
2527 2035
2526 2035
2525 2035
2524 2035
2523 2035
2522 2035
2521 2035
2520 2035
2519 2035
2518 2035
2517 2035
2516 2035
2515 2035
2514 2035
2513 2035
2512 2035
2511 2035
2510 2035
2509 2035
2508 2035
2507 2035
2506 2035
2505 2035
2504 2035
2503 2036
2502 2036
2501 2036
2500 2036
2499 2037
2498 2037
2497 2037
2496 2038
2495 2038
2494 2038
2493 2039
2492 2039
2491 2039
2490 2039
2489 2040
2488 2040
2487 2040
2486 2040
2485 2040
2484 2040
2483 2040
2482 2040
2481 2040
2480 2040
2479 2040
2478 2040
2477 2040
2476 2040
2475 2040
2474 2041
2473 2041
2472 2041
2471 2042
2470 2042
2469 2042
2468 2043
2467 2043
2466 2044
2465 2044
2464 2044
2463 2045
2462 2045
2461 2045
2460 2045
2459 2046
2458 2046
2457 2046
2456 2047
2455 2047
2454 2047
2453 2048
2452 2048
2451 2049
2450 2049
2449 2049
2448 2050
2447 2050
2446 2050
2445 2050
2444 2051
2443 2051
2442 2051
2441 2051
2440 2052
2439 2052
2438 2053
2437 2053
2436 2054
2435 2054
2434 2055
2433 2056
2432 2057
2431 2058
2430 2059
2429 2060
2428 2061
2427 2061
2426 2062
2425 2063
2424 2063
2423 2063
2422 2064
2421 2064
2420 2065
2419 2065
2418 2066
2417 2067
2416 2068
2415 2068
2414 2069
2413 2069
2412 2069
2411 2070
2410 2070
2409 2070
2408 2071
2407 2071
2406 2071
2405 2071
2404 2071
2403 2071
2402 2071
2401 2071
2400 2072
2399 2072
2398 2072
2397 2072
2396 2072
2395 2072
2394 2072
2393 2072
2392 2072
2391 2072
2390 2073
2389 2073
2388 2073
2387 2074
2386 2074
2385 2075
2384 2075
2383 2075
2382 2076
2381 2076
2380 2076
2379 2076
2378 2077
2377 2077
2376 2077
2375 2077
2374 2077
2373 2077
2372 2077
2371 2077
2370 2077
2369 2078
2368 2078
2367 2078
2366 2078
2365 2078
2364 2078
2363 2078
2362 2078
2361 2078
2360 2078
2359 2078
2358 2078
2357 2078
2356 2078
2355 2078
2354 2079
2353 2079
2352 2080
2351 2080
2350 2080
2349 2081
2348 2081
2347 2082
2346 2083
2345 2083
2344 2084
2343 2084
2342 2085
2341 2086
2340 2086
2339 2087
2338 2087
2337 2087
2336 2088
2335 2088
2334 2088
2333 2089
2332 2089
2331 2089
2330 2090
2329 2090
2328 2090
2327 2091
2326 2091
2325 2092
2324 2092
2323 2093
2322 2093
2321 2094
2320 2094
2319 2094
2318 2094
2317 2095
2316 2095
2315 2095
2314 2095
2313 2095
2312 2095
2311 2095
2310 2095
2309 2095
2308 2095
2307 2095
2306 2095
2305 2095
2304 2096
2303 2096
2302 2096
2301 2097
2300 2097
2299 2098
2298 2098
2297 2099
2296 2099
2295 2099
2294 2100
2293 2100
2292 2100
2291 2101
2290 2101
2289 2101
2288 2101
2287 2101
2286 2101
2285 2101
2284 2102
2283 2102
2282 2102
2281 2102
2280 2103
2279 2103
2278 2104
2277 2105
2276 2105
2275 2106
2274 2106
2273 2106
2272 2107
2271 2108
2270 2108
2270 2109
2269 2110
2268 2110
2267 2111
2266 2111
2265 2112
2264 2112
2263 2112
2262 2113
2261 2113
2260 2113
2259 2113
2258 2113
2257 2113
2256 2113
2255 2114
2254 2114
2253 2114
2252 2114
2251 2114
2250 2114
2249 2114
2248 2114
2247 2114
2246 2114
2245 2114
2244 2115
2243 2115
2242 2115
2241 2116
2240 2116
2239 2117
2238 2117
2237 2117
2236 2118
2235 2118
2234 2118
2233 2119
2232 2119
2231 2119
2230 2119
2229 2119
2228 2119
2227 2119
2226 2119
2225 2120
2224 2120
2223 2120
2222 2120
2221 2120
2220 2120
2219 2120
2218 2120
2217 2121
2216 2121
2215 2122
2214 2122
2213 2123
2212 2123
2211 2124
2210 2124
2209 2124
2208 2124
2207 2125
2206 2125
2205 2125
2204 2125
2203 2125
2202 2125
2201 2126
2200 2126
2199 2126
2198 2126
2197 2126
2196 2126
2195 2127
2194 2127
2193 2127
2192 2127
2191 2128
2190 2128
2189 2128
2188 2129
2187 2129
2186 2130
2185 2130
2184 2131
2183 2131
2182 2132
2181 2132
2180 2133
2179 2133
2178 2134
2177 2134
2176 2135
2175 2135
2174 2136
2173 2136
2172 2137
2171 2137
2170 2138
2169 2139
2168 2139
2167 2140
2166 2141
2165 2141
2164 2142
2163 2142
2162 2142
2161 2143
2160 2143
2159 2143
2158 2144
2157 2145
2156 2145
2155 2146
2154 2146
2153 2147
2152 2147
2151 2147
2150 2148
2149 2148
2148 2149
2147 2149
2146 2149
2145 2149
2144 2150
2143 2150
2142 2150
2141 2150
2140 2151
2139 2151
2138 2152
2137 2152
2136 2153
2135 2153
2134 2154
2133 2155
2132 2156
2131 2156
2130 2157
2129 2158
2128 2159
2127 2160
2126 2160
2125 2161
2124 2161
2123 2162
2122 2162
2121 2163
2120 2163
2119 2164
2118 2164
2117 2165
2116 2165
2115 2166
2114 2166
2113 2167
2112 2167
2111 2168
2110 2169
2109 2169
2108 2170
2107 2171
2106 2171
2105 2172
2104 2173
2103 2173
2102 2173
2101 2174
2100 2174
2099 2174
2098 2175
2097 2175
2096 2176
2095 2176
2094 2176
2093 2177
2092 2177
2091 2178
2090 2178
2089 2179
2088 2180
2087 2180
2086 2180
2085 2181
2084 2181
2083 2182
2082 2182
2081 2183
2080 2183
2079 2184
2078 2185
2077 2186
2076 2186
2075 2187
2074 2187
2073 2188
2072 2189
2071 2189
2070 2190
2069 2191
2068 2191
2067 2192
2066 2192
2065 2193
2064 2194
2063 2194
2062 2195
2061 2196
2060 2196
2059 2197
2058 2198
2057 2198
2056 2198
2055 2199
2054 2199
2053 2199
2052 2200
2051 2200
2050 2200
2049 2201
2048 2201
2047 2202
2046 2203
2045 2203
2044 2204
2043 2204
2042 2205
2041 2205
2040 2206
2039 2206
2038 2207
2037 2207
2036 2208
2035 2209
2034 2209
2033 2210
2032 2210
2031 2211
2030 2212
2029 2212
2028 2213
2027 2214
2026 2215
2025 2215
2024 2216
2023 2217
2022 2217
2021 2218
2020 2218
2019 2219
2018 2219
2017 2220
2016 2220
2015 2221
2014 2222
2013 2223
2012 2223
2011 2224
2010 2224
2009 2225
2008 2225
2007 2225
2006 2226
2005 2226
2004 2226
2003 2226
2002 2227
2001 2227
2000 2227
1999 2228
1998 2229
1997 2229
1996 2230
1995 2230
1994 2231
1993 2231
1992 2232
1991 2232
1990 2232
1989 2233
1988 2233
1987 2233
1986 2233
1985 2234
1984 2234
1983 2235
1982 2235
1981 2236
1980 2236
1979 2237
1978 2237
1977 2238
1976 2238
1975 2239
1974 2240
1973 2240
1972 2241
1971 2242
1970 2242
1969 2243
1968 2243
1967 2244
1966 2245
1965 2245
1964 2246
1963 2247
1962 2247
1961 2248
1960 2248
1959 2249
1958 2249
1957 2249
1956 2250
1955 2250
1954 2251
1953 2252
1952 2252
1951 2253
1950 2254
1949 2254
1948 2255
1947 2255
1946 2256
1945 2256
1944 2257
1943 2258
1942 2258
1941 2259
1940 2260
1939 2261
1938 2262
1937 2263
1936 2264
1935 2264
1934 2265
1933 2265
1932 2266
1931 2267
1930 2267
1929 2268
1928 2268
1927 2268
1926 2269
1925 2269
1924 2270
1923 2271
1922 2271
1921 2272
1920 2272
1919 2273
1918 2274
1917 2274
1916 2275
1915 2275
1914 2276
1913 2276
1912 2276
1911 2276
1910 2277
1909 2277
1908 2277
1907 2277
1906 2278
1905 2278
1904 2278
1903 2278
1902 2278
1901 2278
1900 2278
1899 2278
1898 2278
1897 2278
1896 2278
1895 2278
1894 2278
1893 2278
1892 2278
1891 2278
1890 2278
1889 2278
1888 2278
1887 2278
1886 2278
1885 2278
1884 2278
1883 2278
1882 2278
1881 2278
1880 2278
1879 2278
1878 2278
1877 2278
1876 2278
1875 2278
1874 2278
1873 2278
1872 2278
1871 2278
1870 2278
1869 2278
1868 2278
1867 2278
1866 2278
1865 2278
1864 2278
1863 2278
1862 2278
1861 2278
1860 2278
1859 2278
1858 2277
1857 2277
1856 2277
1855 2277
1854 2277
1853 2277
1852 2276
1851 2276
1850 2275
1849 2275
1848 2274
1847 2274
1846 2274
1845 2274
1844 2274
1843 2273
1842 2273
1841 2273
1840 2272
1840 2273
1839 2274
1838 2274
1838 2275
1838 2276
1837 2277
1837 2278
1837 2279
1837 2280
1838 2280
1839 2281
1839 2282
1839 2283
1839 2284
1839 2285
1838 2286
1838 2287
1838 2288
1837 2289
1836 2290
1835 2290
1836 2291
1836 2292
1836 2293
1836 2294
1835 2295
1834 2296
1833 2296
1833 2297
1834 2298
1834 2299
1834 2300
1833 2301
1833 2302
1833 2303
1833 2304
1832 2305
1831 2305
1831 2306
1831 2307
1831 2308
1830 2309
1829 2309
1828 2309
1827 2309
1826 2309
1826 2310
1825 2311
1824 2311
1823 2311
1823 2312
1823 2313
1823 2314
1822 2315
1821 2315
1820 2315
1819 2314
1819 2315
1818 2316
1817 2317
1816 2317
1815 2317
1814 2317
1813 2317
1812 2317
1811 2318
1810 2318
1809 2318
1808 2318
1807 2317
1807 2318
1806 2319
1805 2320
1804 2320
1803 2320
1802 2321
1801 2321
1800 2321
1799 2320
1798 2320
1797 2320
1796 2320
1795 2320
1794 2319
1794 2320
1793 2321
1792 2321
1791 2321
1790 2320
1789 2320
1788 2321
1787 2321
1786 2321
1785 2321
1784 2322
1783 2321
1782 2322
1781 2323
1780 2324
1780 2325
1779 2326
1778 2326
1777 2327
1776 2327
1775 2327
1774 2327
1773 2327
1772 2327
1771 2327
1770 2328
1769 2328
1768 2328
1767 2328
1766 2328
1765 2328
1764 2327
1763 2328
1762 2328
1761 2328
1760 2328
1759 2328
1758 2328
1757 2328
1756 2328
1755 2328
1754 2328
1753 2328
1752 2328
1751 2328
1750 2328
1749 2328
1748 2328
1747 2328
1746 2327
1745 2327
1744 2327
1743 2327
1742 2328
1741 2327
1740 2327
1739 2327
1738 2327
1737 2327
1736 2327
1735 2327
1734 2327
1733 2327
1732 2327
1731 2327
1730 2327
1729 2327
1728 2327
1727 2327
1726 2327
1725 2327
1724 2327
1723 2327
1722 2327
1721 2327
1720 2327
1719 2327
1718 2327
1717 2327
1716 2327
1715 2327
1714 2327
1713 2327
1712 2327
1711 2327
1710 2327
1709 2327
1708 2327
1707 2327
1706 2327
1705 2327
1704 2327
1703 2327
1702 2327
1701 2327
1700 2327
1699 2327
1698 2327
1697 2327
1696 2326
1695 2326
1694 2326
1693 2326
1692 2326
1691 2326
1690 2326
1689 2326
1688 2326
1687 2326
1686 2326
1685 2326
1684 2326
1683 2326
1682 2326
1681 2326
1680 2326
1679 2326
1678 2326
1677 2326
1676 2326
1675 2326
1674 2326
1673 2326
1672 2326
1671 2326
1670 2326
1669 2327
1668 2327
1667 2328
1666 2328
1665 2328
1664 2329
1663 2329
1662 2329
1661 2330
1660 2330
1659 2330
1658 2330
1657 2330
1656 2331
1655 2331
1654 2331
1653 2331
1652 2331
1651 2331
1650 2331
1649 2331
1648 2331
1647 2331
1646 2331
1645 2332
1644 2332
1643 2333
1643 2334
1642 2335
1641 2336
1640 2337
1639 2338
1638 2339
1637 2340
1636 2341
1636 2342
1635 2343
1635 2344
1634 2345
1634 2346
1633 2347
1632 2348
1631 2349
1630 2350
1629 2351
1628 2352
1627 2352
1626 2353
1625 2354
1624 2354
1623 2355
1622 2355
1621 2356
1620 2357
1619 2358
1618 2358
1617 2359
1616 2360
1615 2360
1614 2361
1613 2361
1612 2361
1611 2362
1610 2362
1609 2362
1608 2362
1607 2362
1606 2363
1605 2363
1604 2364
1603 2364
1602 2365
1601 2365
1600 2366
1599 2366
1598 2367
1597 2367
1596 2368
1595 2368
1594 2368
1593 2368
1592 2369
1591 2369
1590 2369
1589 2370
1588 2370
1587 2371
1586 2372
1585 2372
1584 2373
1583 2373
1582 2373
1581 2374
1580 2374
1579 2374
1578 2374
1577 2375
1576 2375
1575 2375
1574 2375
1573 2375
1572 2375
1571 2375
1570 2375
1569 2375
1568 2375
1567 2375
1566 2376
1565 2376
1564 2376
1563 2376
1562 2376
1561 2377
1560 2377
1559 2377
1558 2378
1557 2378
1556 2379
1555 2379
1554 2379
1553 2379
1552 2380
1551 2380
1550 2380
1549 2380
1548 2380
1547 2380
1546 2381
1545 2381
1544 2381
1543 2381
1542 2381
1541 2381
1540 2381
1539 2381
1538 2381
1537 2381
1536 2382
1535 2382
1534 2382
1533 2382
1532 2383
1531 2383
1530 2383
1529 2384
1528 2384
1527 2384
1526 2384
1525 2385
1524 2385
1523 2386
1522 2386
1521 2387
1520 2387
1519 2388
1518 2388
1517 2389
1516 2390
1515 2390
1514 2390
1513 2391
1512 2391
1511 2392
1510 2393
1509 2393
1508 2394
1507 2395
1506 2395
1505 2396
1504 2396
1503 2397
1502 2397
1501 2397
1500 2398
1499 2399
1498 2400
1497 2400
1496 2401
1495 2402
1494 2402
1493 2403
1492 2403
1491 2404
1490 2404
1489 2405
1488 2405
1487 2405
1486 2405
1485 2406
1484 2406
1483 2406
1482 2406
1481 2406
1480 2406
1479 2406
1478 2406
1477 2406
1476 2406
1475 2406
1474 2406
1473 2406
1472 2406
1471 2406
1470 2406
1469 2406
1468 2406
1467 2406
1466 2406
1465 2406
1464 2406
1463 2406
1462 2406
1461 2406
1460 2406
1459 2406
1458 2406
1457 2406
1456 2406
1455 2406
1454 2406
1453 2406
1452 2406
1451 2406
1450 2406
1449 2406
1448 2406
1447 2406
1446 2406
1445 2406
1444 2406
1443 2406
1442 2406
1441 2406
1440 2406
1439 2406
1438 2406
1437 2406
1436 2406
1435 2406
1434 2406
1433 2406
1432 2406
1431 2406
1430 2406
1429 2406
1428 2406
1427 2406
1426 2406
1425 2406
1424 2406
1423 2406
1422 2406
1421 2406
1420 2406
1419 2406
1418 2406
1417 2406
1416 2406
1415 2406
1414 2406
1413 2406
1412 2405
1411 2405
1410 2405
1409 2405
1408 2405
1407 2405
1406 2405
1405 2406
1404 2406
1403 2407
1402 2407
1401 2408
1400 2408
1399 2408
1398 2408
1397 2409
1396 2409
1395 2409
1394 2409
1393 2409
1392 2409
1391 2409
1390 2409
1389 2410
1388 2410
1387 2410
1386 2410
1385 2410
1384 2410
1383 2410
1382 2410
1381 2410
1380 2410
1379 2410
1378 2410
1377 2411
1376 2411
1375 2411
1374 2412
1373 2412
1372 2412
1371 2413
1370 2413
1369 2413
1368 2414
1367 2414
1366 2414
1365 2415
1364 2415
1363 2415
1362 2415
1361 2415
1360 2415
1359 2416
1358 2416
1357 2416
1356 2416
1355 2416
1354 2416
1353 2416
1352 2416
1351 2416
1350 2417
1349 2417
1348 2417
1347 2417
1346 2417
1345 2418
1344 2418
1343 2418
1342 2419
1341 2419
1340 2419
1339 2420
1338 2420
1337 2420
1336 2421
1335 2421
1334 2421
1333 2421
1332 2421
1331 2421
1330 2422
1329 2422
1328 2422
1327 2422
1326 2422
1325 2422
1324 2422
1323 2422
1322 2422
1321 2422
1320 2422
1319 2422
1318 2422
1317 2423
1316 2423
1315 2423
1314 2423
1313 2423
1312 2423
1311 2423
1310 2423
1309 2423
1308 2423
1307 2422
1306 2422
1305 2422
1304 2422
1303 2422
1302 2422
1301 2422
1300 2422
1299 2422
1298 2422
1297 2422
1296 2422
1295 2422
1294 2422
1293 2422
1292 2422
1291 2422
1290 2422
1289 2422
1288 2422
1287 2422
1286 2422
1285 2422
1284 2422
1283 2422
1282 2422
1281 2422
1280 2422
1279 2422
1278 2422
1277 2422
1276 2422
1275 2422
1274 2422
1273 2422
1272 2422
1271 2422
1270 2422
1269 2422
1268 2422
1267 2422
1266 2422
1265 2422
1264 2422
1263 2422
1262 2422
1261 2422
1260 2422
1259 2422
1258 2422
1257 2422
1256 2422
1255 2423
1254 2423
1253 2423
1252 2424
1251 2424
1250 2425
1249 2425
1248 2425
1247 2425
1246 2426
1245 2426
1244 2426
1243 2426
1242 2426
1241 2426
1240 2427
1239 2427
1238 2427
1237 2427
1236 2427
1237 2427
1238 2427
1239 2427
1240 2427
1241 2427
1242 2427
1243 2427
1244 2427
1245 2427
1246 2427
1247 2428
1248 2428
1249 2428
1250 2428
1251 2428
1252 2428
1253 2428
1254 2429
1255 2429
1256 2430
1257 2430
1258 2430
1259 2431
1260 2431
1261 2432
1262 2432
1263 2432
1264 2432
1265 2433
1266 2433
1267 2433
1268 2433
1269 2433
1270 2434
1271 2434
1272 2434
1273 2434
1274 2434
1275 2434
1276 2434
1277 2434
1278 2434
1279 2434
1280 2435
1281 2435
1282 2436
1283 2436
1284 2437
1285 2438
1286 2438
1287 2439
1288 2439
1289 2439
1290 2440
1291 2440
1292 2440
1293 2441
1294 2441
1295 2441
1296 2441
1297 2441
1298 2442
1299 2442
1300 2442
1301 2442
1302 2442
1303 2442
1304 2442
1305 2442
1306 2442
1307 2442
1308 2442
1309 2442
1310 2442
1311 2442
1312 2442
1313 2442
1314 2442
1315 2442
1316 2442
1317 2442
1318 2442
1319 2442
1320 2442
1321 2443
1322 2443
1323 2443
1324 2443
1325 2443
1326 2443
1327 2443
1328 2443
1329 2443
1330 2443
1331 2443
1332 2443
1333 2443
1334 2443
1335 2443
1336 2443
1337 2443
1338 2443
1339 2443
1340 2443
1341 2443
1342 2443
1343 2443
1344 2443
1345 2443
1346 2443
1347 2443
1348 2443
1349 2443
1350 2443
1351 2443
1352 2443
1353 2443
1354 2443
1355 2443
1356 2443
1357 2443
1358 2443
1359 2443
1360 2443
1361 2444
1362 2444
1363 2444
1364 2444
1365 2444
1366 2444
1367 2444
1368 2444
1369 2444
1370 2444
1371 2444
1372 2444
1373 2444
1374 2444
1375 2443
1376 2443
1377 2443
1378 2442
1379 2441
1380 2441
1381 2441
1382 2440
1383 2440
1384 2440
1385 2440
1386 2439
1387 2439
1388 2439
1389 2439
1390 2439
1391 2439
1392 2439
1393 2439
1394 2439
1395 2439
1396 2439
1397 2438
1398 2438
1399 2438
1400 2438
1401 2438
1402 2438
1403 2438
1404 2438
1405 2438
1406 2438
1407 2438
1408 2438
1409 2438
1410 2438
1411 2437
1412 2437
1413 2437
1414 2436
1415 2436
1416 2436
1417 2436
1418 2435
1419 2435
1420 2435
1421 2434
1422 2434
1423 2434
1424 2433
1425 2433
1426 2432
1427 2432
1428 2431
1429 2431
1430 2430
1431 2430
1432 2429
1433 2429
1434 2429
1435 2428
1436 2428
1437 2428
1438 2428
1439 2428
1440 2427
1441 2427
1442 2427
1443 2427
1444 2427
1445 2427
1446 2427
1447 2427
1448 2427
1449 2427
1450 2427
1451 2427
1452 2427
1453 2427
1454 2427
1455 2426
1456 2427
1457 2427
1458 2427
1459 2427
1460 2427
1461 2427
1462 2427
1463 2427
1464 2427
1465 2427
1466 2427
1467 2427
1468 2427
1469 2427
1470 2427
1471 2427
1472 2427
1473 2427
1474 2427
1475 2427
1476 2427
1477 2427
1478 2427
1479 2427
1480 2427
1481 2427
1482 2427
1483 2427
1484 2427
1485 2427
1486 2427
1487 2427
1488 2427
1489 2427
1490 2427
1491 2427
1492 2427
1493 2427
1494 2427
1495 2427
1496 2427
1497 2427
1498 2427
1499 2427
1500 2427
1501 2427
1502 2427
1503 2427
1504 2427
1505 2427
1506 2427
1507 2427
1508 2427
1509 2427
1510 2427
1511 2427
1512 2427
1513 2427
1514 2427
1515 2428
1516 2428
1517 2428
1518 2428
1519 2428
1520 2428
1521 2428
1522 2428
1523 2428
1524 2428
1525 2428
1526 2428
1527 2428
1528 2428
1529 2428
1530 2428
1531 2428
1532 2428
1533 2428
1534 2428
1535 2428
1536 2428
1537 2428
1538 2428
1539 2428
1540 2428
1541 2428
1542 2428
1543 2428
1544 2428
1545 2428
1546 2428
1547 2428
1548 2428
1549 2428
1550 2428
1551 2428
1552 2428
1553 2428
1554 2428
1555 2428
1556 2428
1557 2429
1558 2429
1559 2429
1560 2429
1561 2429
1562 2429
1563 2429
1564 2429
1565 2429
1566 2429
1567 2429
1568 2429
1569 2429
1570 2429
1571 2429
1572 2429
1573 2429
1574 2429
1575 2429
1576 2429
1577 2429
1578 2429
1579 2430
1580 2430
1581 2430
1582 2430
1583 2431
1584 2431
1585 2432
1586 2432
1587 2432
1588 2433
1589 2433
1590 2433
1591 2434
1592 2434
1593 2434
1594 2434
1595 2434
1596 2435
1597 2435
1598 2435
1599 2435
1600 2435
1601 2435
1602 2435
1603 2435
1604 2435
1605 2435
1606 2436
1607 2436
1608 2436
1609 2436
1610 2436
1611 2436
1612 2436
1613 2436
1614 2436
1615 2436
1616 2436
1617 2436
1618 2436
1619 2436
1620 2437
1621 2437
1622 2438
1623 2438
1624 2439
1625 2439
1626 2440
1627 2440
1628 2441
1629 2441
1630 2441
1631 2441
1632 2442
1633 2442
1634 2442
1635 2442
1636 2442
1637 2442
1638 2442
1639 2443
1640 2443
1641 2443
1642 2443
1643 2443
1644 2443
1645 2443
1646 2443
1647 2443
1648 2443
1649 2443
1650 2443
1651 2443
1652 2444
1653 2444
1654 2444
1655 2444
1656 2444
1657 2444
1658 2444
1659 2444
1660 2444
1661 2445
1662 2445
1663 2446
1664 2446
1665 2447
1666 2447
1667 2448
1668 2448
1669 2448
1670 2449
1671 2449
1672 2449
1673 2449
1674 2450
1675 2450
1676 2450
1677 2450
1678 2450
1679 2450
1680 2451
1681 2451
1682 2452
1683 2452
1684 2452
1685 2453
1686 2453
1687 2454
1688 2455
1689 2455
1690 2456
1691 2457
1692 2458
1693 2458
1694 2459
1695 2460
1696 2460
1697 2461
1698 2461
1699 2462
1700 2462
1701 2462
1702 2463
1703 2463
1704 2463
1705 2463
1706 2464
1707 2464
1708 2464
1709 2464
1710 2464
1711 2464
1712 2464
1713 2465
1714 2465
1715 2465
1716 2465
1717 2465
1718 2465
1719 2465
1720 2465
1721 2465
1722 2466
1723 2466
1724 2467
1725 2467
1726 2468
1727 2468
1728 2468
1729 2469
1730 2469
1731 2470
1732 2470
1733 2471
1734 2471
1735 2472
1736 2473
1737 2473
1738 2474
1739 2474
1740 2475
1741 2475
1742 2476
1743 2476
1744 2476
1745 2477
1746 2477
1747 2477
1748 2478
1749 2478
1750 2478
1751 2478
1752 2478
1753 2478
1754 2479
1755 2479
1756 2479
1757 2479
1758 2479
1759 2479
1760 2480
1761 2480
1762 2481
1763 2481
1764 2482
1765 2482
1766 2483
1767 2483
1768 2483
1769 2484
1770 2484
1771 2484
1772 2484
1773 2485
1774 2485
1775 2485
1776 2485
1777 2485
1778 2486
1779 2486
1780 2486
1781 2487
1782 2487
1783 2487
1784 2488
1785 2488
1786 2489
1787 2489
1788 2490
1789 2490
1790 2491
1791 2491
1792 2492
1793 2493
1794 2493
1795 2494
1796 2494
1797 2495
1798 2496
1799 2496
1800 2497
1801 2497
1802 2497
1803 2498
1804 2498
1805 2498
1806 2498
1807 2498
1808 2499
1809 2499
1810 2499
1811 2499
1812 2499
1813 2499
1814 2500
1815 2500
1816 2500
1817 2500
1818 2500
1819 2500
1820 2501
1821 2501
1822 2501
1823 2502
1824 2502
1825 2503
1826 2503
1827 2504
1828 2504
1829 2504
1830 2505
1831 2505
1832 2505
1833 2505
1834 2506
1835 2506
1836 2506
1837 2506
1838 2506
1839 2507
1840 2507
1841 2507
1842 2507
1843 2507
1844 2507
1845 2507
1846 2507
1847 2508
1848 2508
1849 2508
1850 2509
1851 2509
1852 2510
1853 2510
1854 2511
1855 2511
1856 2512
1857 2512
1858 2512
1859 2512
1860 2513
1861 2513
1862 2513
1863 2513
1864 2513
1865 2514
1866 2514
1867 2514
1868 2514
1869 2514
1870 2514
1871 2514
1872 2514
1873 2515
1874 2515
1875 2515
1876 2515
1877 2516
1878 2516
1879 2516
1880 2517
1881 2517
1882 2518
1883 2518
1884 2519
1885 2519
1886 2519
1887 2520
1888 2520
1889 2520
1890 2520
1891 2520
1892 2521
1893 2521
1894 2521
1895 2521
1896 2521
1897 2521
1898 2521
1899 2522
1900 2522
1901 2522
1902 2522
1903 2522
1904 2522
1905 2522
1906 2522
1907 2522
1908 2522
1909 2522
1910 2522
1911 2522
1912 2522
1913 2523
1914 2523
1915 2523
1916 2523
1917 2523
1918 2523
1919 2523
1920 2523
1921 2523
1922 2523
1923 2524
1924 2524
1925 2525
1926 2525
1927 2526
1928 2526
1929 2527
1930 2527
1931 2528
1932 2528
1933 2528
1934 2529
1935 2529
1936 2530
1937 2530
1938 2531
1939 2532
1940 2532
1941 2533
1942 2533
1943 2533
1944 2534
1945 2534
1946 2534
1947 2534
1948 2535
1949 2535
1950 2535
1951 2535
1952 2536
1953 2536
1954 2536
1955 2537
1956 2537
1957 2537
1958 2538
1959 2538
1960 2538
1961 2539
1962 2539
1963 2539
1964 2540
1965 2540
1966 2540
1967 2541
1968 2541
1969 2541
1970 2542
1971 2542
1972 2542
1973 2542
1974 2542
1975 2543
1976 2543
1977 2543
1978 2543
1979 2543
1980 2543
1981 2543
1982 2543
1983 2544
1984 2544
1985 2544
1986 2544
1987 2544
1988 2545
1989 2545
1990 2546
1991 2546
1992 2546
1993 2547
1994 2547
1995 2547
1996 2548
1997 2548
1998 2548
1999 2549
2000 2549
2001 2549
2002 2549
2003 2550
2004 2550
2005 2550
2006 2550
2007 2550
2008 2551
2009 2551
2010 2551
2011 2551
2012 2551
2013 2551
2014 2551
2015 2551
2016 2551
2017 2551
2018 2552
2019 2552
2020 2552
2021 2552
2022 2552
2023 2552
2024 2553
2025 2553
2026 2554
2027 2554
2028 2555
2029 2555
2030 2556
2031 2557
2032 2557
2033 2558
2034 2559
2035 2560
2036 2561
2037 2561
2038 2562
2039 2563
2040 2564
2041 2565
2042 2566
2043 2567
2044 2568
2045 2569
2046 2570
2047 2571
2048 2571
2049 2572
2050 2573
2051 2574
2052 2574
2053 2575
2054 2575
2055 2576
2056 2576
2057 2577
2058 2577
2059 2577
2060 2578
2061 2578
2062 2578
2063 2578
2064 2579
2065 2579
2066 2579
2067 2579
2067 2578
2067 2577
2067 2576
2067 2575
2068 2574
2068 2573
2068 2572
2068 2571
2068 2570
2068 2569
2068 2568
2068 2567
2068 2566
2068 2565
2068 2564
2068 2563
2069 2562
2070 2561
2071 2561
2072 2561
2073 2560
2074 2560
2075 2560
2076 2560
2077 2560
2078 2560
2079 2560
2080 2560
2081 2560
2082 2560
2083 2560
2084 2560
2085 2560
2086 2560
2087 2560
2088 2560
2089 2560
2090 2560
2091 2560
2092 2560
2093 2560
2094 2560
2095 2560
2096 2560
2097 2560
2098 2561
2099 2561
2100 2561
2101 2560
2102 2560
2103 2560
2104 2561
2105 2561
2106 2562
2107 2562
2108 2563
2109 2563
2110 2564
2111 2565
2111 2566
2112 2567
2112 2568
2113 2569
2113 2570
2114 2571
2115 2572
2115 2573
2116 2574
2117 2574
2118 2575
2119 2576
2120 2576
2121 2577
2122 2578
2123 2578
2124 2579
2125 2580
2126 2581
2127 2582
2128 2583
2129 2583
2130 2584
2131 2585
2132 2586
2133 2587
2134 2587
2134 2586
2134 2585
2134 2584
2134 2583
2134 2582
2134 2581
2134 2580
2134 2579
2134 2578
2135 2577
2136 2577
2137 2577
2138 2577
2139 2577
2140 2577
2141 2578
2142 2578
2143 2579
2144 2579
2145 2579
2146 2580
2147 2580
2148 2581
2149 2581
2150 2582
2151 2582
2152 2583
2153 2584
2154 2584
2155 2584
2156 2585
2157 2585
2158 2586
2159 2587
2160 2587
2161 2588
2162 2589
2163 2590
2164 2591
2165 2591
2166 2592
2167 2592
2168 2593
2169 2593
2170 2593
2171 2593
2172 2594
2173 2594
2174 2594
2175 2594
2176 2594
2177 2595
2178 2595
2179 2596
2180 2597
2181 2597
2182 2598
2183 2598
2184 2599
2185 2599
2186 2599
2187 2600
2188 2600
2189 2600
2190 2600
2191 2601
2192 2601
2193 2601
2194 2602
2195 2602
2196 2603
2197 2604
2198 2604
2199 2605
2200 2605
2201 2606
2202 2606
2203 2606
2204 2607
2205 2607
2206 2607
2207 2607
2208 2608
2209 2608
2210 2608
2211 2608
2212 2608
2213 2608
2214 2609
2215 2609
2216 2609
2217 2609
2218 2609
2219 2609
2220 2610
2221 2610
2222 2610
2223 2611
2224 2611
2225 2612
2226 2612
2227 2612
2228 2613
2229 2613
2230 2613
2231 2614
2232 2614
2233 2614
2234 2614
2235 2615
2236 2615
2237 2615
2238 2615
2239 2615
2240 2615
2241 2616
2242 2616
2243 2616
2244 2616
2245 2617
2246 2617
2247 2617
2248 2618
2249 2618
2250 2619
2251 2619
2252 2619
2253 2620
2254 2620
2255 2621
2256 2621
2257 2621
2258 2621
2259 2621
2260 2622
2261 2622
2262 2622
2263 2622
2264 2622
2265 2623
2266 2623
2267 2623
2268 2623
2269 2623
2270 2623
2271 2623
2272 2623
2273 2623
2274 2623
2275 2624
2276 2624
2277 2624
2278 2624
2279 2624
2280 2624
2281 2625
2282 2625
2283 2626
2284 2626
2285 2627
2286 2627
2287 2628
2288 2628
2289 2628
2290 2629
2291 2629
2292 2629
2293 2630
2294 2630
2295 2630
2296 2630
2297 2630
2298 2630
2299 2631
2300 2631
2301 2631
2302 2632
2303 2632
2304 2632
2305 2633
2306 2633
2307 2633
2308 2634
2309 2634
2310 2634
2311 2635
2312 2635
2313 2635
2314 2635
2315 2636
2316 2636
2317 2636
2318 2636
2319 2637
2320 2637
2321 2637
2322 2637
2323 2637
2324 2637
2325 2638
2326 2638
2327 2638
2328 2638
2329 2638
2330 2638
2331 2639
2332 2639
2333 2639
2334 2639
2335 2639
2336 2639
2337 2639
2338 2639
2339 2639
2340 2639
2341 2639
2342 2639
2343 2639
2344 2639
2345 2639
2346 2639
2347 2639
2348 2639
2349 2639
2350 2639
2351 2639
2352 2639
2353 2639
2354 2639
2355 2639
2356 2639
2357 2639
2358 2639
2359 2639
2360 2639
2361 2639
2362 2639
2363 2639
2364 2639
2365 2639
2366 2639
2367 2639
2368 2639
2369 2639
2370 2639
2371 2640
2372 2640
2373 2640
2374 2640
2375 2640
2376 2640
2377 2640
2378 2640
2379 2640
2380 2640
2381 2640
2382 2640
2383 2640
2384 2640
2385 2640
2386 2640
2387 2640
2388 2640
2389 2640
2390 2640
2391 2640
2392 2640
2393 2640
2394 2640
2395 2640
2396 2640
2397 2640
2398 2640
2399 2640
2400 2640
2401 2640
2402 2640
2403 2640
2404 2640
2405 2640
2406 2640
2407 2640
2408 2640
2409 2640
2410 2640
2411 2640
2412 2640
2413 2641
2414 2641
2415 2641
2416 2641
2417 2641
2418 2641
2419 2641
2420 2641
2421 2641
2422 2642
2423 2642
2424 2643
2425 2644
2426 2644
2427 2644
2428 2645
2429 2645
2430 2646
2431 2646
2432 2646
2433 2646
2434 2646
2435 2646
2436 2647
2437 2647
2438 2647
2439 2647
2440 2648
2441 2648
2442 2648
2443 2649
2444 2649
2445 2650
2446 2650
2447 2651
2448 2651
2449 2651
2450 2651
2451 2652
2452 2652
2453 2652
2454 2652
2455 2653
2456 2653
2457 2653
2458 2653
2459 2654
2460 2654
2461 2654
2462 2654
2463 2654
2464 2654
2465 2654
2466 2654
2467 2655
2468 2655
2469 2655
2470 2655
2471 2655
2472 2655
2473 2655
2474 2655
2475 2655
2476 2655
2477 2655
2478 2655
2479 2655
2480 2656
2481 2656
2482 2657
2483 2657
2484 2658
2485 2658
2486 2658
2487 2659
2488 2659
2489 2660
2490 2660
2491 2660
2492 2660
2493 2661
2494 2661
2495 2661
2496 2661
2497 2661
2498 2661
2499 2662
2500 2662
2501 2662
2502 2662
2503 2662
2504 2662
2505 2662
2506 2662
2507 2663
2508 2663
2509 2664
2510 2664
2511 2665
2512 2665
2513 2666
2514 2666
2515 2667
2516 2667
2517 2667
2518 2667
2519 2668
2520 2668
2521 2668
2522 2668
2523 2668
2524 2668
2525 2668
2526 2668
2527 2669
2528 2669
2529 2669
2530 2669
2531 2669
2532 2669
2533 2669
2534 2669
2535 2669
2536 2669
2537 2670
2538 2670
2539 2670
2540 2671
2541 2671
2542 2672
2543 2672
2544 2672
2545 2673
2546 2673
2547 2673
2548 2674
2549 2674
2550 2674
2551 2674
2552 2675
2553 2675
2554 2675
2555 2675
2556 2675
2557 2676
2558 2676
2559 2676
2560 2676
2561 2676
2562 2676
2563 2676
2564 2676
2565 2677
2566 2677
2567 2677
2568 2677
2569 2677
2570 2677
2571 2677
2572 2677
2573 2677
2574 2677
2575 2678
2576 2678
2577 2678
2578 2679
2579 2679
2580 2680
2581 2680
2582 2681
2583 2681
2584 2681
2585 2682
2586 2682
2587 2682
2588 2683
2589 2683
2590 2683
2591 2683
2592 2683
2593 2683
2594 2683
2595 2684
2596 2684
2597 2684
2598 2684
2599 2684
2600 2684
2601 2684
2602 2684
2603 2684
2604 2684
2605 2684
2606 2684
2607 2684
2608 2684
2609 2684
2610 2685
2611 2685
2612 2685
2613 2685
2614 2685
2615 2685
2616 2685
2617 2685
2618 2685
2619 2685
2620 2685
2621 2685
2622 2685
2623 2685
2624 2685
2625 2685
2626 2685
2627 2685
2628 2686
2629 2686
2630 2686
2631 2686
2632 2686
2633 2686
2634 2686
2635 2686
2636 2686
2637 2687
2638 2687
2639 2687
2640 2687
2641 2688
2642 2688
2643 2688
2644 2689
2645 2689
2646 2690
2647 2690
2648 2691
2649 2691
2650 2692
2651 2692
2652 2692
2653 2693
2654 2693
2655 2694
2656 2694
2657 2695
2658 2695
2659 2696
2660 2696
2661 2696
2662 2697
2663 2697
2664 2698
2665 2698
2666 2699
2667 2699
2668 2700
2669 2700
2670 2701
2671 2701
2672 2702
2673 2702
2674 2702
2675 2703
2676 2703
2677 2704
2678 2704
2679 2704
2680 2705
2681 2705
2682 2705
2683 2705
2684 2705
2685 2706
2686 2706
2687 2706
2688 2706
2689 2706
2690 2706
2691 2706
2692 2706
2693 2706
2694 2706
2695 2707
2696 2707
2697 2707
2698 2707
2699 2707
2700 2707
2701 2707
2702 2707
2703 2707
2704 2707
2705 2707
2706 2707
2707 2707
2708 2707
2709 2707
2710 2707
2711 2707
2712 2707
2713 2707
2714 2707
2715 2707
2716 2707
2717 2707
2718 2707
2719 2707
2720 2707
2721 2707
2722 2708
2723 2708
2724 2708
2725 2708
2726 2708
2727 2708
2728 2708
2729 2708
2730 2708
2731 2708
2732 2708
2733 2708
2734 2708
2735 2708
2736 2708
2737 2708
2738 2708
2739 2708
2740 2708
2741 2708
2742 2708
2743 2708
2744 2708
2745 2708
2746 2708
2747 2708
2748 2708
2749 2708
2750 2708
2751 2708
2752 2708
2753 2708
2754 2708
2755 2708
2756 2708
2757 2708
2758 2709
2759 2709
2760 2709
2761 2709
2762 2709
2763 2709
2764 2709
2765 2709
2766 2709
2767 2709
2768 2709
2769 2709
2770 2709
2771 2709
2772 2709
2773 2709
2774 2709
2775 2709
2776 2709
2777 2709
2778 2709
2779 2709
2780 2709
2781 2709
2782 2709
2783 2709
2784 2709
2785 2709
2786 2709
2787 2709
2788 2709
2789 2709
2790 2709
2791 2709
2792 2709
2793 2709
2794 2709
2795 2709
2796 2709
2797 2709
2798 2709
2799 2709
2800 2709
2801 2709
2802 2710
2803 2710
2804 2710
2805 2710
2806 2710
2807 2710
2808 2710
2809 2710
2810 2710
2811 2710
2812 2710
2813 2710
2814 2710
2815 2710
2816 2710
2817 2710
2818 2710
2819 2710
2820 2710
2821 2710
2822 2710
2823 2710
2824 2710
2825 2710
2826 2710
2827 2710
2828 2710
2829 2710
2830 2710
2831 2710
2832 2710
2833 2710
2834 2710
2835 2710
2836 2710
2837 2710
2838 2710
2839 2710
2840 2710
2841 2710
2842 2711
2843 2711
2844 2711
2845 2711
2846 2711
2847 2711
2848 2711
2849 2711
2850 2711
2851 2711
2852 2711
2853 2711
2854 2711
2855 2711
2856 2711
2857 2711
2858 2711
2859 2711
2860 2711
2861 2711
2862 2711
2863 2711
2864 2711
2865 2711
2866 2711
2867 2711
2868 2711
2869 2711
2870 2710
2871 2710
2872 2710
2873 2709
2874 2709
2875 2708
2876 2708
2877 2708
2878 2707
2879 2707
2880 2707
2881 2706
2882 2706
2883 2705
2884 2705
2885 2705
2886 2704
2887 2704
2888 2703
2889 2703
2890 2702
2891 2702
2892 2702
2893 2701
2894 2701
2895 2701
2896 2701
2897 2700
2898 2700
2899 2700
2900 2700
2901 2700
2902 2700
2903 2700
2904 2700
2905 2700
2906 2699
2907 2699
2908 2699
2909 2699
2910 2699
2911 2699
2912 2699
2913 2699
2914 2698
2915 2698
2916 2698
2917 2697
2918 2697
2919 2696
2920 2696
2921 2696
2922 2695
2923 2695
2924 2695
2925 2695
2926 2694
2927 2694
2928 2694
2929 2694
2930 2694
2931 2694
2932 2694
2933 2694
2934 2693
2935 2693
2936 2693
2937 2693
2938 2693
2939 2693
2940 2693
2941 2693
2942 2693
2943 2693
2944 2693
2945 2693
2946 2693
2947 2693
2948 2693
2949 2693
2950 2693
2951 2693
2952 2693
2953 2693
2954 2693
2955 2693
2956 2693
2957 2693
2958 2693
2959 2694
2960 2694
2961 2694
2962 2694
2963 2694
2964 2694
2965 2694
2966 2694
2967 2694
2968 2694
2969 2694
2970 2694
2971 2694
2972 2694
2973 2694
2974 2694
2975 2694
2976 2694
2977 2694
2978 2694
2979 2694
2980 2694
2981 2694
2982 2694
2983 2694
2984 2694
2985 2694
2986 2694
2987 2694
2988 2694
2989 2694
2990 2694
2991 2694
2992 2694
2993 2694
2994 2694
2995 2694
2996 2694
2997 2694
2998 2694
2999 2694
3000 2694
3001 2694
3002 2694
3003 2695
3004 2695
3005 2695
3006 2695
3007 2695
3008 2695
3009 2695
3010 2695
3011 2695
3012 2695
3013 2695
3014 2695
3015 2695
3016 2695
3017 2695
3018 2695
3019 2695
3020 2695
3021 2695
3022 2695
3023 2695
3024 2695
3025 2695
3026 2695
3027 2695
3028 2695
3029 2695
3030 2695
3031 2695
3032 2695
3033 2695
3034 2694
3035 2694
3036 2694
3037 2694
3038 2693
3039 2693
3040 2693
3041 2692
3042 2692
3043 2692
3044 2692
3045 2691
3046 2691
3047 2691
3048 2691
3049 2691
3050 2691
3051 2691
3052 2690
3053 2690
3054 2690
3055 2690
3056 2690
3057 2690
3058 2690
3059 2690
3060 2690
3061 2690
3062 2690
3063 2690
3064 2690
3065 2690
3066 2690
3067 2690
3068 2690
3069 2690
3070 2690
3071 2690
3072 2690
3073 2690
3074 2690
3075 2690
3076 2690
3077 2690
3078 2690
3079 2690
3080 2690
3081 2690
3082 2690
3083 2690
3084 2690
3085 2689
3086 2689
3087 2689
3088 2688
3089 2688
3090 2688
3091 2687
3092 2687
3093 2686
3094 2685
3095 2685
3096 2684
3097 2684
3098 2683
3099 2683
3100 2682
3101 2682
3102 2681
3103 2681
3104 2681
3105 2680
3106 2680
3107 2680
3108 2679
3109 2679
3110 2678
3111 2677
3112 2677
3113 2676
3114 2675
3115 2675
3116 2674
3117 2674
3118 2674
3119 2673
3120 2673
3121 2673
3122 2673
3123 2673
3124 2673
3125 2672
3126 2672
3127 2672
3128 2671
3129 2671
3130 2671
3131 2670
3132 2670
3133 2670
3134 2669
3135 2669
3136 2669
3137 2668
3138 2668
3139 2668
3140 2668
3141 2667
3142 2667
3143 2667
3144 2667
3145 2667
3146 2667
3147 2667
3148 2666
3149 2666
3150 2666
3151 2666
3152 2666
3153 2666
3154 2666
3155 2666
3156 2666
3157 2666
3158 2666
3159 2666
3160 2666
3161 2666
3162 2666
3163 2666
3164 2666
3165 2666
3166 2666
3167 2666
3168 2666
3169 2666
3170 2666
3171 2666
3172 2666
3173 2666
3174 2666
3175 2666
3176 2666
3177 2666
3178 2666
3179 2666
3180 2666
3181 2665
3182 2665
3183 2665
3184 2665
3185 2664
3186 2664
3187 2664
3188 2663
3189 2663
3190 2662
3191 2662
3192 2662
3193 2662
3194 2662
3195 2661
3196 2661
3197 2661
3198 2661
3199 2660
3200 2660
3201 2659
3202 2659
3203 2658
3204 2658
3205 2657
3206 2657
3207 2657
3208 2657
3209 2656
3210 2656
3211 2656
3212 2656
3213 2656
3214 2656
3215 2655
3216 2655
3217 2655
3218 2655
3219 2654
3220 2654
3221 2654
3222 2653
3223 2653
3224 2652
3225 2652
3226 2651
3227 2651
3228 2650
3229 2650
3230 2650
3231 2649
3232 2649
3233 2649
3234 2648
3235 2648
3236 2648
3237 2648
3238 2647
3239 2647
3240 2646
3241 2646
3242 2645
3243 2645
3244 2644
3245 2644
3246 2643
3247 2643
3248 2642
3249 2642
3250 2641
3251 2640
3252 2640
3253 2639
3254 2639
3255 2638
3256 2637
3257 2637
3258 2636
3259 2635
3260 2635
3261 2634
3262 2633
3263 2632
3264 2631
3265 2631
3266 2630
3267 2629
3268 2629
3269 2628
3270 2627
3271 2627
3272 2626
3273 2626
3274 2626
3275 2625
3276 2625
3277 2625
3278 2625
3279 2624
3280 2624
3281 2624
3282 2623
3283 2623
3284 2622
3285 2622
3286 2621
3287 2620
3288 2620
3289 2620
3290 2619
3291 2619
3292 2619
3293 2618
3294 2618
3295 2618
3296 2618
3297 2617
3298 2617
3299 2617
3300 2617
3301 2617
3302 2617
3303 2617
3304 2617
3305 2617
3306 2617
3307 2617
3308 2616
3309 2616
3310 2616
3311 2615
3312 2615
3313 2614
3314 2614
3315 2613
3316 2613
3317 2613
3318 2612
3319 2612
3320 2612
3321 2612
3322 2612
3323 2611
3324 2611
3325 2611
3326 2611
3327 2611
3328 2611
3329 2611
3330 2611
3331 2611
3332 2611
3333 2611
3334 2611
3335 2610
3336 2610
3337 2609
3338 2609
3339 2608
3340 2608
3341 2607
3342 2607
3343 2607
3344 2606
3345 2606
3346 2605
3347 2605
3348 2604
3349 2604
3350 2603
3351 2602
3352 2602
3353 2601
3354 2601
3355 2600
3356 2600
3357 2600
3358 2599
3359 2599
3360 2598
3361 2598
3362 2598
3363 2597
3364 2596
3365 2595
3366 2595
3367 2594
3368 2594
3369 2593
3370 2593
3371 2592
3372 2592
3373 2591
3374 2591
3375 2590
3376 2590
3377 2589
3378 2589
3379 2589
3380 2588
3381 2588
3382 2588
3383 2587
3384 2587
3385 2587
3386 2587
3387 2587
3388 2586
3389 2586
3390 2586
3391 2586
3392 2586
3393 2586
3394 2586
3395 2586
3396 2586
3397 2586
3398 2586
3399 2585
3400 2585
3401 2585
3402 2585
3403 2584
3404 2584
3405 2584
3406 2583
3407 2583
3408 2582
3409 2582
3410 2582
3411 2582
3412 2581
3413 2581
3414 2581
3415 2580
3416 2580
3417 2579
3418 2579
3419 2578
3420 2578
3421 2577
3422 2577
3423 2577
3424 2576
3425 2576
3426 2576
3427 2575
3428 2575
3429 2575
3430 2575
3431 2575
3432 2574
3433 2574
3434 2574
3435 2574
3436 2574
3437 2574
3438 2574
3439 2573
3440 2573
3441 2573
3442 2572
3443 2572
3444 2572
3445 2571
3446 2571
3447 2570
3448 2570
3449 2570
3450 2569
3451 2569
3452 2569
3453 2569
3454 2568
3455 2568
3456 2568
3457 2568
3458 2568
3459 2568
3460 2567
3461 2567
3462 2567
3463 2567
3464 2566
3465 2566
3466 2566
3467 2566
3468 2565
3469 2564
3470 2563
3471 2563
3472 2562
3473 2562
3473 2561
3474 2560
3474 2559
3475 2558
3475 2557
3476 2556
3477 2556
3477 2555
3477 2554
3477 2553
3478 2552
3479 2552
3480 2552
3481 2552
3481 2551
3481 2550
3482 2549
3483 2548
3484 2548
3484 2547
3483 2546
3483 2545
3484 2544
3485 2544
3486 2544
3487 2544
3486 2544
3485 2544
3484 2543
3484 2542
3484 2541
3484 2540
3485 2539
3486 2539
3487 2539
3488 2540
3488 2539
3488 2538
3489 2537
3490 2537
3491 2537
3491 2536
3492 2535
3493 2534
3494 2534
3495 2534
3496 2534
3497 2535
3498 2535
3499 2534
3498 2533
3498 2532
3498 2531
3498 2530
3499 2529
3499 2528
3498 2527
3498 2526
3498 2525
3498 2524
3498 2523
3498 2522
3498 2521
3499 2520
3499 2519
3499 2518
3499 2517
3500 2516
3500 2515
3501 2514
3502 2514
3503 2514
3504 2514
3505 2514
3505 2513
3505 2512
3505 2511
3506 2510
3507 2509
3508 2509
3509 2509
3508 2509
3507 2508
3507 2507
3507 2506
3507 2505
3507 2504
3508 2503
3509 2502
3510 2502
3511 2502
3512 2503
3513 2503
3514 2503
3513 2503
3512 2502
3511 2501
3511 2500
3511 2499
3511 2498
3511 2497
3511 2496
3511 2495
3511 2494
3512 2493
3513 2493
3514 2493
3515 2494
3515 2495
3515 2494
3515 2493
3515 2492
3516 2491
3516 2490
3516 2489
3517 2488
3518 2488
3519 2488
3520 2489
3520 2490
3520 2491
3520 2492
3521 2492
3522 2492
3523 2491
3523 2490
3523 2489
3523 2488
3523 2487
3523 2486
3522 2485
3522 2484
3521 2483
3521 2482
3521 2481
3521 2480
3521 2479
3521 2478
3522 2477
3523 2477
3523 2476
3523 2475
3523 2474
3524 2473
3524 2472
3524 2471
3524 2470
3524 2469
3525 2468
3526 2468
3527 2468
3528 2467
3528 2466
3527 2465
3527 2464
3527 2463
3527 2462
3526 2461
3526 2460
3526 2459
3526 2458
3527 2457
3527 2456
3528 2455
3529 2454
3528 2454
3527 2453
3527 2452
3527 2451
3527 2450
3527 2449
3528 2448
3528 2447
3528 2446
3528 2445
3528 2444
3528 2443
3528 2442
3528 2441
3528 2440
3527 2439
3526 2438
3526 2437
3526 2436
3525 2435
3525 2434
3525 2433
3525 2432
3524 2432
3523 2431
3523 2430
3523 2429
3523 2428
3523 2427
3524 2426
3525 2425
3526 2425
3526 2424
3527 2423
3527 2422
3527 2421
3527 2420
3527 2419
3527 2418
3527 2417
3527 2416
3527 2415
3527 2414
3527 2413
3528 2412
3528 2411
3528 2410
3528 2409
3528 2408
3528 2407
3528 2406
3528 2405
3528 2404
3528 2403
3528 2402
3528 2401
3528 2400
3528 2399
3528 2398
3528 2397
3528 2396
3528 2395
3528 2394
3528 2393
3529 2392
3528 2391
3528 2390
3528 2389
3529 2388
3529 2387
3529 2386
3528 2385
3528 2384
3528 2383
3528 2382
3528 2381
3528 2380
3529 2379
3530 2379
3529 2378
3529 2377
3529 2376
3528 2375
3528 2374
3528 2373
3528 2372
3528 2371
3528 2370
3528 2369
3528 2368
3528 2367
3529 2366
3529 2365
3529 2364
3528 2363
3528 2362
3528 2361
3528 2360
3528 2359
3527 2358
3527 2357
3527 2356
3527 2355
3527 2354
3527 2353
3527 2352
3527 2351
3527 2350
3528 2349
3527 2348
3526 2347
3526 2346
3526 2345
3527 2344
3527 2343
3527 2342
3527 2341
3527 2340
3527 2339
3527 2338
3527 2337
3526 2337
3525 2337
3524 2336
3524 2335
3523 2334
3523 2333
3523 2332
3523 2331
3524 2330
3523 2329
3522 2328
3522 2327
3522 2326
3522 2325
3522 2324
3522 2323
3522 2322
3523 2321
3523 2320
3522 2319
3521 2319
3520 2318
3520 2317
3520 2316
3520 2315
3519 2314
3518 2313
3518 2312
3518 2311
3518 2310
3518 2309
3519 2308
3518 2308
3517 2307
3517 2306
3517 2305
3517 2304
3518 2303
3518 2302
3517 2302
3516 2301
3516 2300
3516 2299
3516 2298
3517 2297
3518 2296
3519 2295
3518 2294
3517 2294
3516 2294
3515 2293
3514 2292
3514 2291
3513 2290
3513 2289
3513 2288
3513 2287
3513 2286
3513 2285
3513 2284
3514 2283
3513 2284
3512 2284
3511 2284
3510 2283
3509 2282
3510 2281
3510 2280
3509 2279
3509 2278
3509 2277
3509 2276
3509 2275
3509 2274
3508 2273
3508 2272
3508 2271
3508 2270
3508 2269
3508 2268
3507 2267
3506 2267
3505 2267
3504 2267
3503 2266
3503 2265
3503 2264
3503 2263
3503 2262
3503 2261
3504 2260
3504 2259
3504 2258
3503 2257
3503 2256
3503 2255
3503 2254
3502 2254
3501 2253
3501 2252
3501 2251
3501 2250
3501 2249
3501 2248
3501 2247
3501 2246
3501 2245
3501 2244
3500 2244
3499 2243
3498 2242
3498 2241
3498 2240
3498 2239
3498 2238
3497 2237
3497 2236
3497 2235
3497 2234
3497 2233
3496 2232
3496 2231
3495 2230
3495 2229
3495 2228
3494 2227
3493 2226
3492 2225
3492 2224
3492 2223
3491 2223
3490 2222
3490 2221
3490 2220
3489 2219
3488 2218
3487 2217
3486 2216
3485 2215
3485 2214
3484 2213
3483 2212
3482 2211
3482 2210
3481 2209
3481 2208
3481 2207
3480 2206
3480 2205
3480 2204
3479 2203
3478 2202
3478 2201
3477 2200
3476 2199
3476 2198
3475 2197
3474 2196
3474 2195
3473 2194
3472 2193
3471 2192
3471 2191
3470 2190
3469 2189
3469 2188
3468 2187
3467 2186
3466 2185
3466 2184
3465 2183
3464 2182
3464 2181
3463 2180
3462 2179
3462 2178
3461 2177
3460 2176
3459 2175
3459 2174
3458 2173
3457 2172
3457 2171
3456 2170
3455 2169
3454 2168
3454 2167
3453 2166
3452 2165
3452 2164
3451 2163
3451 2162
3450 2161
3450 2160
3449 2159
3449 2158
3448 2157
3448 2156
3447 2155
3446 2154
3445 2153
3444 2152
3443 2151
3443 2150
3442 2149
3441 2148
3440 2147
3439 2146
3438 2145
3437 2144
3436 2143
3435 2142
3434 2141
3433 2141
3432 2140
3431 2139
3430 2138
3429 2137
3428 2136
3427 2135
3426 2135
3425 2134
3424 2133
3423 2132
3422 2131
3421 2130
3421 2129
3420 2128
3420 2127
3419 2126
3419 2125
3418 2124
3418 2123
3417 2122
3416 2121
3416 2120
3415 2119
3414 2118
3413 2117
3413 2116
3412 2116
3411 2115
3410 2114
3409 2114
3408 2113
3407 2112
3406 2112
3405 2111
3404 2110
3403 2109
3402 2109
3401 2108
3400 2107
3399 2106
3398 2106
3397 2105
3396 2105
3395 2104
3394 2103
3393 2102
3393 2101
3392 2100
3392 2099
3391 2098
3390 2097
3389 2096
3388 2095
3387 2094
3387 2093
3386 2092
3386 2091
3385 2090
3385 2089
3384 2088
3383 2087
3383 2086
3382 2085
3381 2084
3380 2083
3379 2082
3378 2081
3377 2081
3376 2080
3375 2079
3374 2078
3374 2077
3373 2076
3373 2075
3372 2074
3372 2073
3372 2072
3371 2071
3371 2070
3370 2069
3370 2068
3369 2067
3368 2066
3368 2065
3367 2064
3367 2063
3366 2062
3365 2061
3364 2060
3363 2059
3362 2058
3361 2057
3360 2056
3359 2055
3358 2055
3357 2054
3356 2053
3355 2052
3354 2051
3353 2050
3352 2049
3351 2048
3350 2047
3350 2046
3349 2045
3348 2044
3347 2043
3346 2042
3345 2041
3344 2040
3344 2039
3343 2038
3342 2037
3342 2036
3341 2035
3340 2034
3339 2033
3338 2032
3337 2031
3336 2030
3336 2029
3335 2028
3334 2028
3333 2027
3332 2026
3331 2025
3330 2025
3329 2024
3328 2023
3327 2022
3326 2022
3325 2021
3324 2020
3323 2020
3322 2019
3321 2019
3320 2018
3319 2017
3318 2017
3317 2016
3317 2015
3316 2014
3316 2013
3315 2012
3314 2011
3314 2010
3313 2009
3312 2008
3311 2007
3310 2006
3310 2005
3309 2004
3308 2003
3307 2002
3306 2001
3305 2000
3304 1999
3304 1998
3303 1997
3303 1996
3302 1996
3301 1995
3300 1994
3299 1993
3298 1992
3297 1991
3296 1990
3295 1989
3294 1988
3293 1987
3292 1986
3291 1985
3290 1984
3289 1983
3289 1982
3288 1981
3287 1980
3286 1980
3285 1979
3284 1979
3283 1978
3282 1978
3281 1977
3280 1976
3279 1976
3278 1975
3278 1974
3277 1973
3276 1973
3275 1972
3274 1971
3273 1971
3272 1970
3271 1970
3270 1969
3269 1968
3268 1967
3267 1967
3266 1966
3265 1965
3264 1965
3263 1964
3262 1964
3261 1963
3260 1962
3259 1961
3258 1961
3257 1960
3256 1959
3255 1959
3254 1958
3253 1958
3252 1957
3251 1956
3250 1955
3249 1955
3248 1954
3247 1953
3246 1952
3245 1951
3244 1950
3243 1949
3242 1949
3241 1948
3240 1947
3239 1946
3238 1946
3237 1945
3236 1945
3235 1944
3234 1944
3233 1943
3232 1942
3231 1942
3230 1941
3229 1940
3228 1939
3227 1939
3226 1938
3225 1937
3224 1936
3223 1935
3222 1934
3221 1933
3220 1932
3219 1931
3218 1931
3217 1930
3216 1929
3215 1929
3214 1928
3213 1927
3212 1926
3211 1927
3210 1926
3210 1925
3209 1925
3208 1924
3207 1924
3206 1924
3205 1923
3205 1922
3204 1922
3203 1921
3202 1920
3201 1919
3200 1919
3199 1918
3199 1917
3198 1916
3197 1916
3196 1915
3195 1914
3194 1914
3193 1913
3192 1912
3191 1911
3190 1910
3189 1910
3188 1910
3187 1910
3186 1910
3185 1911
3184 1911
3183 1911
3182 1910
3181 1911
3180 1911
3179 1911
3178 1911
3177 1911
3176 1911
3175 1911
3174 1911
3173 1911
3172 1911
3171 1911
3170 1911
3169 1911
3168 1910
3167 1910
3166 1910
3165 1910
3164 1911
3163 1911
3162 1911
3161 1911
3160 1911
3159 1911
3158 1911
3157 1910
3156 1910
3155 1911
3154 1911
3153 1911
3152 1910
3151 1911
3150 1911
3149 1911
3148 1911
3147 1910
3146 1911
3145 1911
3144 1911
3143 1911
3142 1910
3141 1910
3140 1911
3139 1911
3138 1911
3137 1910
3136 1910
3135 1911
3134 1911
3133 1911
3132 1911
3131 1910
3130 1910
3129 1910
3128 1910
3127 1910
3126 1910
3125 1910
3124 1911
3123 1911
3122 1910
3122 1909
3121 1909
3120 1909
3119 1909
3118 1909
3117 1908
3117 1907
3117 1906
3116 1906
3115 1906
3114 1907
3113 1907
3112 1907
3111 1906
3110 1906
3109 1906
3108 1906
3107 1906
3106 1906
3105 1906
3104 1905
