3641 1625
3640 1626
3639 1626
3638 1626
3637 1627
3636 1627
3635 1627
3634 1628
3633 1628
3632 1629
3631 1629
3630 1630
3629 1630
3628 1631
3627 1631
3626 1631
3625 1632
3624 1632
3623 1633
3622 1633
3621 1634
3620 1634
3619 1635
3618 1636
3617 1636
3616 1637
3615 1638
3614 1639
3613 1639
3612 1639
3611 1640
3610 1641
3609 1641
3608 1642
3607 1643
3606 1643
3605 1644
3604 1644
3603 1645
3602 1646
3601 1646
3600 1647
3599 1647
3598 1648
3597 1648
3596 1649
3595 1650
3594 1650
3593 1651
3592 1652
3591 1653
3590 1653
3589 1654
3588 1655
3587 1656
3586 1656
3585 1657
3584 1657
3583 1658
3582 1658
3581 1658
3580 1659
3579 1659
3578 1659
3577 1660
3576 1660
3575 1661
3574 1661
3573 1662
3572 1662
3571 1663
3570 1664
3569 1664
3568 1665
3567 1666
3566 1667
3565 1668
3564 1669
3563 1670
3562 1671
3561 1672
3560 1673
3559 1674
3558 1674
3557 1675
3556 1675
3555 1676
3554 1676
3553 1677
3552 1678
3551 1678
3550 1679
3549 1680
3548 1680
3547 1681
3546 1681
3545 1682
3544 1683
3543 1683
3542 1684
3541 1685
3540 1686
3539 1686
3538 1687
3537 1688
3536 1688
3535 1688
3534 1689
3533 1689
3532 1689
3531 1689
3530 1689
3529 1690
3528 1690
3527 1690
3526 1690
3525 1690
3524 1690
3523 1690
3522 1690
3521 1691
3520 1691
3519 1692
3518 1692
3517 1693
3516 1693
3515 1693
3514 1694
3513 1694
3512 1695
3511 1696
3510 1696
3509 1697
3508 1698
3507 1698
3506 1699
3505 1699
3504 1700
3503 1700
3502 1700
3501 1700
3500 1701
3499 1701
3498 1701
3497 1702
3496 1702
3495 1703
3494 1703
3493 1704
3492 1705
3491 1705
3490 1706
3489 1706
3488 1706
3487 1707
3486 1707
3485 1707
3484 1707
3483 1707
3482 1707
3481 1708
3480 1708
3479 1708
3478 1708
3477 1708
3476 1708
3475 1708
3474 1708
3473 1708
3472 1708
3471 1709
3470 1709
3469 1709
3468 1710
3467 1710
3466 1711
3465 1711
3464 1712
3463 1712
3462 1712
3461 1713
3460 1713
3459 1713
3458 1713
3457 1713
3456 1714
3455 1714
3454 1714
3453 1714
3452 1714
3451 1714
3450 1714
3449 1714
3448 1714
3447 1714
3446 1714
3445 1715
3444 1715
3443 1715
3442 1715
3441 1716
3440 1716
3439 1717
3438 1717
3437 1717
3436 1718
3435 1718
3434 1718
3433 1719
3432 1719
3431 1719
3430 1719
3429 1719
3428 1719
3427 1720
3426 1720
3425 1720
3424 1720
3423 1720
3422 1720
3421 1720
3420 1720
3419 1720
3418 1721
3417 1721
3416 1721
3415 1721
3414 1721
3413 1721
3412 1721
3411 1721
3410 1721
3409 1721
3408 1721
3407 1721
3406 1721
3405 1721
3404 1721
3403 1721
3402 1721
3401 1721
3400 1721
3399 1721
3398 1721
3397 1721
3396 1721
3395 1721
3394 1721
3393 1721
3392 1721
3391 1721
3390 1721
3389 1721
3388 1721
3387 1720
3386 1720
3385 1720
3384 1719
3383 1719
3382 1719
3381 1718
3380 1718
3379 1718
3378 1717
3377 1717
3376 1717
3375 1717
3374 1717
3373 1716
3372 1716
3371 1716
3370 1716
3369 1716
3368 1716
3367 1716
3366 1716
3365 1716
3364 1716
3363 1715
3362 1715
3361 1715
3360 1715
3359 1714
3358 1714
3357 1713
3356 1713
3355 1713
3354 1712
3353 1712
3352 1711
3351 1711
3350 1711
3349 1710
3348 1709
3347 1709
3346 1708
3345 1708
3344 1707
3343 1707
3342 1706
3341 1706
3340 1706
3339 1705
3338 1705
3337 1704
3336 1703
3335 1703
3334 1702
3333 1702
3332 1701
3331 1701
3330 1700
3329 1700
3328 1699
3327 1699
3326 1699
3325 1699
3324 1698
3323 1698
3322 1698
3321 1698
3320 1698
3319 1698
3318 1698
3317 1698
3316 1698
3315 1697
3314 1697
3313 1697
3312 1697
3311 1697
3310 1697
3309 1696
3308 1696
3307 1696
3306 1695
3305 1695
3304 1695
3303 1694
3302 1694
3301 1694
3300 1693
3299 1693
3298 1693
3297 1693
3296 1693
3295 1692
3294 1692
3293 1692
3292 1692
3291 1692
3290 1692
3289 1692
3288 1692
3287 1692
3286 1692
3285 1692
3284 1691
3283 1691
3282 1691
3281 1690
3280 1690
3279 1690
3278 1689
3277 1689
3276 1689
3275 1688
3274 1688
3273 1688
3272 1687
3271 1687
3270 1687
3269 1687
3268 1686
3267 1686
3266 1686
3265 1686
3264 1686
3263 1686
3262 1686
3261 1686
3260 1686
3259 1685
3258 1685
3257 1685
3256 1685
3255 1685
3254 1685
3253 1685
3252 1685
3251 1684
3250 1684
3249 1684
3248 1683
3247 1683
3246 1683
3245 1682
3244 1682
3243 1682
3242 1681
3241 1681
3240 1681
3239 1681
3238 1681
3237 1680
3236 1680
3235 1680
3234 1679
3233 1679
3232 1679
3231 1678
3230 1678
3229 1677
3228 1677
3227 1676
3226 1676
3225 1676
3224 1675
3223 1675
3222 1675
3221 1675
3220 1674
3219 1674
3218 1674
3217 1674
3216 1674
3215 1674
3214 1673
3213 1673
3212 1673
3211 1672
3210 1672
3209 1671
3208 1671
3207 1671
3206 1671
3205 1670
3204 1670
3203 1670
3202 1670
3201 1670
3200 1669
3199 1669
3198 1669
3197 1669
3196 1669
3195 1669
3194 1669
3193 1669
3192 1669
3191 1668
3190 1668
3189 1668
3188 1668
3187 1668
3186 1668
3185 1668
3184 1668
3183 1668
3182 1668
3181 1668
3180 1667
3179 1667
3178 1667
3177 1666
3176 1666
3175 1666
3174 1665
3173 1665
3172 1665
3171 1664
3170 1664
3169 1664
3168 1664
3167 1663
3166 1663
3165 1663
3164 1663
3163 1662
3162 1662
3161 1662
3160 1662
3159 1662
3158 1662
3157 1662
3156 1662
3155 1661
3154 1661
3153 1661
3152 1661
3151 1661
3150 1661
3149 1661
3148 1661
3147 1661
3146 1661
3145 1661
3144 1661
3143 1661
3142 1661
3141 1661
3140 1661
3139 1661
3138 1661
3137 1661
3136 1661
3135 1661
3134 1661
3133 1661
3132 1661
3131 1661
3130 1661
3129 1661
3128 1661
3127 1661
3126 1661
3125 1661
3124 1661
3123 1661
3122 1661
3121 1661
3120 1661
3119 1661
3118 1661
3117 1661
3116 1661
3115 1661
3114 1661
3113 1661
3112 1661
3111 1661
3110 1661
3109 1661
3108 1661
3107 1661
3106 1661
3105 1661
3104 1661
3103 1660
3102 1660
3101 1660
3100 1659
3099 1659
3098 1659
3097 1658
3096 1658
3095 1658
3094 1658
3093 1657
3092 1657
3091 1657
3090 1656
3089 1656
3088 1655
3087 1654
3086 1654
3085 1653
3084 1653
3083 1652
3082 1652
3081 1651
3080 1651
3079 1651
3078 1651
3077 1651
3076 1650
3075 1650
3074 1650
3073 1650
3072 1649
3071 1649
3070 1649
3069 1648
3068 1648
3067 1648
3066 1647
3065 1647
3064 1647
3063 1646
3062 1646
3061 1646
3060 1645
3059 1645
3058 1645
3057 1645
3056 1645
3055 1644
3054 1644
3053 1644
3052 1644
3051 1644
3050 1644
3049 1644
3048 1644
3047 1644
3046 1644
3045 1643
3044 1643
3043 1643
3042 1643
3041 1643
3040 1643
3039 1642
3038 1642
3037 1642
3036 1641
3035 1641
3034 1640
3033 1640
3032 1640
3031 1639
3030 1639
3029 1639
3028 1639
3027 1639
3026 1638
3025 1638
3024 1638
3023 1638
3022 1638
3021 1638
3020 1637
3019 1637
3018 1637
3017 1637
3016 1636
3015 1636
3014 1635
3013 1635
3012 1635
3011 1634
3010 1634
3009 1634
3008 1633
3007 1633
3006 1633
3005 1633
3004 1633
3003 1632
3002 1632
3001 1632
3000 1632
2999 1632
2998 1632
2997 1632
2996 1632
2995 1632
2994 1631
2993 1631
2992 1631
2991 1631
2990 1631
2989 1631
2988 1631
2987 1631
2986 1631
2985 1631
2984 1631
2983 1631
2982 1631
2981 1631
2980 1631
2979 1631
2978 1631
2977 1631
2976 1631
2975 1631
2974 1631
2973 1631
2972 1631
2971 1631
2970 1631
2969 1631
2968 1631
2967 1631
2966 1631
2965 1631
2964 1631
2963 1631
2962 1631
2961 1631
2960 1631
2959 1631
2958 1631
2957 1631
2956 1631
2955 1631
2954 1631
2953 1631
2952 1631
2951 1631
2950 1631
2949 1632
2948 1632
2947 1632
2946 1633
2945 1633
2944 1633
2943 1633
2942 1634
2941 1634
2940 1634
2939 1635
2938 1635
2937 1635
2936 1635
2935 1635
2934 1635
2933 1635
2932 1636
2931 1636
2930 1636
2929 1636
2928 1636
2927 1636
2926 1636
2925 1637
2924 1637
2923 1637
2922 1638
2921 1638
2920 1639
2919 1639
2918 1639
2917 1640
2916 1640
2915 1640
2914 1641
2913 1641
2912 1641
2911 1641
2910 1641
2909 1641
2908 1641
2907 1641
2906 1642
2905 1642
2904 1642
2903 1642
2902 1642
2901 1642
2900 1642
2899 1642
2898 1642
2897 1642
2896 1642
2895 1643
2894 1643
2893 1644
2892 1644
2891 1644
2890 1645
2889 1645
2888 1645
2887 1646
2886 1646
2885 1646
2884 1646
2883 1647
2882 1647
2881 1647
2880 1647
2879 1647
2878 1647
2877 1648
2876 1648
2875 1648
2874 1648
2873 1648
2872 1648
2871 1648
2870 1648
2869 1648
2868 1648
2867 1649
2866 1649
2865 1650
2864 1650
2863 1650
2862 1651
2861 1651
2860 1651
2859 1652
2858 1652
2857 1652
2856 1652
2855 1653
2854 1653
2853 1653
2852 1653
2851 1654
2850 1655
2849 1655
2848 1656
2847 1656
2846 1656
2845 1657
2844 1657
2843 1658
2842 1658
2841 1658
2840 1658
2839 1659
2838 1659
2837 1659
2836 1659
2835 1659
2834 1659
2833 1659
2832 1660
2831 1660
2830 1660
2829 1660
2828 1660
2827 1660
2826 1661
2825 1661
2824 1661
2823 1662
2822 1662
2821 1663
2820 1663
2819 1663
2818 1664
2817 1664
2816 1664
2815 1665
2814 1665
2813 1665
2812 1665
2811 1666
2810 1666
2809 1666
2808 1666
2807 1666
2806 1666
2805 1666
2804 1666
2803 1666
2802 1666
2801 1666
2800 1666
2799 1666
2798 1667
2797 1667
2796 1667
2795 1667
2794 1667
2793 1667
2792 1668
2791 1668
2790 1668
2789 1669
2788 1669
2787 1669
2786 1670
2785 1670
2784 1670
2783 1670
2782 1671
2781 1671
2780 1671
2779 1671
2778 1671
2777 1672
2776 1672
2775 1672
2774 1672
2773 1673
2772 1673
2771 1674
2770 1674
2769 1675
2768 1675
2767 1676
2766 1676
2765 1677
2764 1678
2763 1679
2762 1680
2761 1681
2760 1681
2759 1681
2758 1682
2757 1682
2756 1683
2755 1683
2754 1684
2753 1685
2752 1685
2751 1686
2750 1687
2749 1687
2748 1688
2747 1688
2746 1689
2745 1689
2744 1690
2743 1691
2742 1692
2741 1693
2740 1693
2739 1694
2739 1695
2738 1696
2737 1697
2736 1698
2735 1699
2734 1700
2733 1701
2732 1702
2731 1703
2730 1704
2729 1705
2728 1705
2727 1706
2726 1707
2725 1708
2724 1709
2723 1709
2722 1710
2721 1711
2720 1712
2719 1712
2718 1713
2717 1714
2716 1715
2715 1716
2714 1716
2713 1717
2712 1717
2711 1718
2710 1719
2709 1720
2708 1721
2707 1722
2706 1723
2705 1723
2704 1724
2703 1724
2702 1725
2701 1725
2700 1726
2699 1726
2698 1727
2697 1728
2696 1728
2695 1729
2694 1730
2693 1731
2692 1731
2691 1732
2690 1733
2689 1734
2688 1735
2687 1736
2686 1737
2685 1738
2684 1739
2683 1739
2682 1740
2681 1741
2680 1741
2679 1742
2678 1742
2677 1743
2676 1743
2675 1744
2674 1745
2673 1746
2672 1746
2671 1747
2670 1747
2669 1748
2668 1748
2667 1748
2666 1749
2665 1749
2664 1750
2663 1750
2662 1751
2661 1752
2660 1752
2659 1753
2658 1754
2657 1754
2656 1754
2655 1755
2654 1755
2653 1755
2652 1755
2651 1756
2650 1756
2649 1756
2648 1757
2647 1757
2646 1758
2645 1759
2644 1759
2643 1760
2642 1761
2641 1762
2640 1763
2639 1763
2638 1764
2637 1765
2636 1765
2635 1766
2634 1766
2633 1767
2632 1768
2631 1769
2630 1770
2629 1770
2628 1771
2627 1771
2626 1772
2625 1772
2624 1772
2623 1773
2622 1773
2621 1774
2620 1774
2619 1775
2618 1776
2617 1777
2616 1778
2615 1778
2614 1779
2613 1779
2612 1780
2611 1781
2610 1782
2609 1783
2608 1784
2607 1785
2606 1786
2605 1787
2604 1788
2603 1788
2602 1789
2601 1790
2600 1790
2599 1791
2598 1792
2597 1792
2596 1793
2595 1794
2594 1794
2593 1795
2592 1795
2591 1796
2590 1796
2589 1796
2588 1796
2587 1797
2586 1798
2585 1798
2584 1799
2583 1800
2582 1801
2581 1801
2580 1802
2579 1802
2578 1803
2577 1803
2576 1804
2575 1804
2574 1805
2573 1806
2572 1807
2571 1808
2570 1809
2569 1810
2568 1811
2567 1812
2566 1813
2566 1814
2565 1815
2564 1816
2564 1817
2563 1818
2563 1819
2562 1820
2561 1821
2560 1822
2559 1823
2559 1824
2558 1825
2557 1826
2556 1827
2555 1827
2554 1827
2553 1828
2552 1828
2551 1829
2550 1829
2549 1830
2548 1830
2547 1831
2546 1831
2545 1831
2544 1832
2543 1832
2542 1832
2541 1833
2540 1833
2539 1833
2538 1834
2537 1834
2536 1835
2535 1836
2534 1836
2533 1837
2532 1838
2531 1839
2530 1840
2529 1841
2528 1842
2527 1843
2526 1843
2525 1843
2524 1844
2523 1844
2522 1844
2521 1845
2520 1845
2519 1845
2518 1845
2517 1845
2516 1846
2515 1846
2514 1846
2513 1846
2512 1846
2511 1847
2510 1848
2509 1848
2508 1849
2507 1849
2506 1850
2505 1850
2504 1851
2503 1851
2502 1851
2501 1852
2500 1852
2499 1852
2498 1852
2497 1853
2496 1853
2495 1854
2494 1854
2493 1855
2492 1855
2491 1856
2490 1856
2489 1856
2488 1857
2487 1857
2486 1857
2485 1857
2484 1858
2483 1858
2482 1858
2481 1858
2480 1858
2479 1858
2478 1858
2477 1858
2476 1859
2475 1859
2474 1859
2473 1859
2472 1859
2471 1859
2470 1859
2469 1859
2468 1859
2467 1859
2466 1860
2465 1860
2464 1861
2463 1862
2462 1862
2461 1862
2460 1863
2459 1864
2458 1864
2457 1865
2456 1866
2455 1866
2454 1867
2453 1867
2452 1867
2451 1868
2450 1868
2449 1868
2448 1869
2447 1869
2446 1870
2445 1870
2444 1871
2443 1872
2442 1873
2441 1873
2440 1874
2439 1875
2438 1875
2437 1875
2436 1876
2435 1877
2434 1877
2433 1878
2432 1878
2431 1879
2430 1879
2429 1880
2428 1881
2427 1881
2426 1882
2425 1883
2424 1883
2423 1884
2422 1885
2421 1885
2420 1885
2419 1886
2418 1886
2417 1886
2416 1887
2415 1887
2414 1887
2413 1887
2412 1888
2411 1888
2410 1889
2409 1890
2408 1891
2407 1891
2406 1892
2405 1892
2404 1893
2403 1893
2402 1893
2401 1893
2400 1894
2399 1894
2398 1894
2397 1894
2396 1894
2395 1894
2394 1894
2393 1894
2392 1894
2391 1895
2390 1895
2389 1895
2388 1895
2387 1896
2386 1896
2385 1896
2384 1897
2383 1897
2382 1897
2381 1897
2380 1898
2379 1898
2378 1898
2377 1899
2376 1899
2375 1899
2374 1899
2373 1899
2372 1900
2371 1900
2370 1900
2369 1900
2368 1900
2367 1900
2366 1900
2365 1901
2364 1901
2363 1901
2362 1901
2361 1901
2360 1901
2359 1902
2358 1902
2357 1903
2356 1903
2355 1904
2354 1904
2353 1904
2352 1904
2351 1905
2350 1905
2349 1905
2348 1905
2347 1905
2346 1906
2345 1906
2344 1906
2343 1906
2342 1906
2341 1906
2340 1906
2339 1906
2338 1906
2337 1907
2336 1907
2335 1908
2334 1908
2333 1908
2332 1909
2331 1909
2330 1909
2329 1910
2328 1910
2327 1910
2326 1911
2325 1911
2324 1912
2323 1912
2322 1913
2321 1914
2320 1914
2319 1915
2318 1915
2317 1915
2316 1916
2315 1916
2314 1916
2313 1917
2312 1917
2311 1917
2310 1917
2309 1918
2308 1918
2307 1918
2306 1918
2305 1918
2304 1918
2303 1918
2302 1919
2301 1919
2300 1920
2299 1920
2298 1921
2297 1921
2296 1922
2295 1922
2294 1923
2293 1923
2292 1923
2291 1923
2290 1924
2289 1924
2288 1924
2287 1924
2286 1924
2285 1924
2284 1924
2283 1924
2282 1925
2281 1925
2280 1925
2279 1925
2278 1925
2277 1925
2276 1925
2275 1925
2274 1926
2273 1926
2272 1926
2271 1927
2270 1927
2269 1928
2268 1928
2267 1929
2266 1929
2265 1929
2264 1929
2263 1930
2262 1930
2261 1930
2260 1930
2259 1930
2258 1930
2257 1930
2256 1930
2255 1931
2254 1931
2253 1931
2252 1931
2251 1931
2250 1931
2249 1931
2248 1931
2247 1932
2246 1932
2245 1933
2244 1933
2243 1934
2242 1935
2241 1936
2240 1937
2239 1937
2238 1938
2237 1939
2236 1939
2235 1940
2234 1940
2233 1941
2232 1941
2231 1941
2230 1942
2229 1942
2228 1942
2227 1942
2226 1942
2225 1943
2224 1943
2223 1944
2222 1945
2221 1945
2220 1946
2219 1946
2218 1947
2217 1948
2216 1949
2215 1950
2214 1950
2213 1951
2212 1952
2211 1952
2210 1952
2209 1953
2208 1953
2207 1953
2206 1953
2205 1953
2204 1954
2203 1954
2202 1954
2201 1955
2200 1956
2199 1956
2198 1957
2197 1958
2196 1958
2195 1959
2194 1960
2193 1960
2192 1961
2191 1962
2190 1962
2189 1963
2188 1963
2187 1964
2186 1964
2185 1964
2184 1964
2183 1965
2182 1965
2181 1965
2180 1966
2179 1966
2178 1967
2177 1967
2176 1967
2175 1968
2174 1968
2173 1969
2172 1969
2171 1970
2170 1970
2169 1970
2168 1971
2167 1971
2166 1971
2165 1971
2164 1971
2163 1972
2162 1972
2161 1972
2160 1972
2159 1972
2158 1972
2157 1972
2156 1972
2155 1973
2154 1973
2153 1973
2152 1974
2151 1974
2150 1974
2149 1975
2148 1975
2147 1975
2146 1976
2145 1976
2144 1976
2143 1977
2142 1977
2141 1977
2140 1977
2139 1977
2138 1977
2137 1977
2136 1978
2135 1978
2134 1978
2133 1978
2132 1978
2131 1978
2130 1979
2129 1979
2128 1980
2127 1980
2126 1981
2125 1981
2124 1981
2123 1981
2122 1982
2121 1982
2120 1982
2119 1982
2118 1983
2117 1983
2116 1984
2115 1984
2114 1984
2113 1985
2112 1985
2111 1986
2110 1986
2109 1987
2108 1987
2107 1987
2106 1988
2105 1988
2104 1988
2103 1988
2102 1989
2101 1989
2100 1989
2099 1989
2098 1989
2097 1989
2096 1990
2095 1990
2094 1990
2093 1990
2092 1991
2091 1991
2090 1991
2089 1991
2088 1992
2087 1992
2086 1992
2085 1993
2084 1993
2083 1993
2082 1994
2081 1994
2080 1994
2079 1995
2078 1995
2077 1995
2076 1995
2075 1995
2074 1996
2073 1996
2072 1996
2071 1996
2070 1996
2069 1996
2068 1996
2067 1997
2066 1997
2065 1997
2064 1998
2063 1998
2062 1998
2061 1998
2060 1999
2059 1999
2058 1999
2057 2000
2056 2000
2055 2000
2054 2000
2053 2001
2052 2001
2051 2001
2050 2001
2049 2001
2048 2001
2047 2001
2046 2002
2045 2002
2044 2002
2043 2002
2042 2002
2041 2002
2040 2002
2039 2002
2038 2002
2037 2002
2036 2003
2035 2003
2034 2004
2033 2004
2032 2004
2031 2005
2030 2005
2029 2006
2028 2006
2027 2006
2026 2006
2025 2007
2024 2007
2023 2007
2022 2007
2021 2007
2020 2007
2019 2008
2018 2008
2017 2009
2016 2009
2015 2010
2014 2010
2013 2010
2012 2011
2011 2011
2010 2012
2009 2012
2008 2012
2007 2013
2006 2013
2005 2013
2004 2013
2003 2013
2002 2014
2001 2014
2000 2014
1999 2014
1998 2014
1997 2014
1996 2014
1995 2015
1994 2015
1993 2015
1992 2015
1991 2015
1990 2015
1989 2015
1988 2015
1987 2016
1986 2016
1985 2016
1984 2017
1983 2017
1982 2018
1981 2018
1980 2019
1979 2019
1978 2019
1977 2019
1976 2020
1975 2020
1974 2020
1973 2020
1972 2020
1971 2021
1970 2021
1969 2021
1968 2022
1967 2022
1966 2022
1965 2023
1964 2023
1963 2024
1962 2024
1961 2024
1960 2025
1959 2025
1958 2025
1957 2025
1956 2025
1955 2026
1954 2026
1953 2026
1952 2026
1951 2026
1950 2026
1949 2026
1948 2026
1947 2027
1946 2027
1945 2027
1944 2027
1943 2028
1942 2028
1941 2028
1940 2029
1939 2029
1938 2029
1937 2030
1936 2030
1935 2030
1934 2030
1933 2031
1932 2031
1931 2031
1930 2032
1929 2032
1928 2032
1927 2033
1926 2033
1925 2034
1924 2034
1923 2035
1922 2035
1921 2035
1920 2036
1919 2036
1918 2036
1917 2037
1916 2037
1915 2037
1914 2037
1913 2037
1912 2038
1911 2038
1910 2038
1909 2038
1908 2038
1907 2038
1906 2038
1905 2039
1904 2039
1903 2039
1902 2040
1901 2040
1900 2040
1899 2040
1898 2041
1897 2041
1896 2041
1895 2042
1894 2042
1893 2042
1892 2042
1891 2043
1890 2043
1889 2043
1888 2043
1887 2043
1886 2043
1885 2044
1884 2044
1883 2044
1882 2044
1881 2045
1880 2045
1879 2045
1878 2045
1877 2046
1876 2046
1875 2046
1874 2046
1873 2047
1872 2047
1871 2047
1870 2047
1869 2048
1868 2048
1867 2048
1866 2049
1865 2049
1864 2049
1863 2049
1862 2050
1861 2050
1860 2050
1859 2051
1858 2051
1857 2051
1856 2052
1855 2052
1854 2052
1853 2053
1852 2053
1851 2053
1850 2054
1849 2054
1848 2054
1847 2055
1846 2055
1845 2056
1844 2056
1843 2056
1842 2057
1841 2057
1840 2057
1839 2058
1838 2058
1837 2058
1836 2058
1835 2059
1834 2059
1833 2059
1832 2060
1831 2060
1830 2060
1829 2060
1828 2060
1827 2061
1826 2061
1825 2061
1824 2061
1823 2061
1822 2061
1821 2061
1820 2061
1819 2062
1818 2062
1817 2062
1816 2062
1815 2062
1814 2062
1813 2063
1812 2063
1811 2063
1810 2063
1809 2063
1808 2064
1807 2064
1806 2064
1805 2064
1804 2064
1803 2065
1802 2065
1801 2065
1800 2065
1799 2066
1798 2066
1797 2066
1796 2067
1795 2067
1794 2067
1793 2068
1792 2068
1791 2068
1790 2069
1789 2069
1788 2069
1787 2069
1786 2070
1785 2070
1784 2070
1783 2071
1782 2071
1781 2071
1780 2071
1779 2072
1778 2072
1777 2072
1776 2073
1775 2073
1774 2073
1773 2073
1772 2073
1771 2074
1770 2074
1769 2074
1768 2074
1767 2074
1766 2075
1765 2075
1764 2075
1763 2075
1762 2076
1761 2076
1760 2076
1759 2076
1758 2077
1757 2077
1756 2077
1755 2078
1754 2078
1753 2078
1752 2078
1751 2079
1750 2079
1749 2079
1748 2079
1747 2080
1746 2080
1745 2080
1744 2080
1743 2080
1742 2080
1741 2080
1740 2081
1739 2081
1738 2081
1737 2081
1736 2081
1735 2081
1734 2081
1733 2082
1732 2082
1731 2082
1730 2082
1729 2083
1728 2083
1727 2084
1726 2084
1725 2084
1724 2085
1723 2085
1722 2085
1721 2086
1720 2086
1719 2087
1718 2087
1717 2088
1716 2088
1715 2089
1714 2090
1713 2090
1712 2091
1711 2091
1710 2091
1709 2091
1708 2092
1707 2092
1706 2092
1705 2092
1704 2092
1703 2093
1702 2093
1701 2093
1700 2094
1699 2094
1698 2094
1697 2095
1696 2095
1695 2096
1694 2096
1693 2097
1692 2097
1691 2097
1690 2097
1689 2097
1688 2098
1687 2098
1686 2098
1685 2098
1684 2098
1683 2099
1682 2099
1681 2099
1680 2100
1679 2100
1678 2100
1677 2101
1676 2101
1675 2101
1674 2102
1673 2102
1672 2103
1671 2103
1670 2103
1669 2103
1668 2103
1667 2104
1666 2104
1665 2104
1664 2104
1663 2104
1662 2104
1661 2104
1660 2104
1659 2105
1658 2105
1657 2105
1656 2105
1655 2105
1654 2105
1653 2105
1652 2106
1651 2106
1650 2106
1649 2107
1648 2107
1647 2107
1646 2107
1645 2108
1644 2108
1643 2108
1642 2108
1641 2108
1640 2109
1639 2109
1638 2109
1637 2109
1636 2109
1635 2110
1634 2110
1633 2110
1632 2110
1631 2110
1630 2110
1629 2111
1628 2111
1627 2111
1626 2111
1625 2112
1624 2112
1623 2112
1622 2112
1621 2113
1620 2113
1619 2113
1618 2113
1617 2114
1616 2114
1615 2114
1614 2115
1613 2115
1612 2115
1611 2116
1610 2116
1609 2116
1608 2117
1607 2117
1606 2117
1605 2118
1604 2118
1603 2118
1602 2119
1601 2119
1600 2119
1599 2120
1598 2120
1597 2120
1596 2121
1595 2121
1594 2121
1593 2121
1592 2121
1591 2122
1590 2122
1589 2122
1588 2122
1587 2122
1586 2122
1585 2122
1584 2122
1583 2122
1582 2123
1581 2123
1580 2123
1579 2123
1578 2123
1577 2123
1576 2123
1575 2123
1574 2123
1573 2123
1572 2123
1571 2123
1570 2123
1569 2123
1568 2123
1567 2123
1566 2123
1565 2123
1564 2123
1563 2123
1562 2123
1561 2123
1560 2123
1559 2123
1558 2123
1557 2123
1556 2123
1555 2123
1554 2123
1553 2123
1552 2124
1551 2124
1550 2124
1549 2124
1548 2124
1547 2124
1546 2124
1545 2124
1544 2124
1543 2124
1542 2124
1541 2124
1540 2124
1539 2124
1538 2124
1537 2124
1536 2124
1535 2125
1534 2125
1533 2125
1532 2125
1531 2125
1530 2125
1529 2126
1528 2126
1527 2126
1526 2126
1525 2127
1524 2127
1523 2127
1522 2127
1521 2127
1520 2128
1519 2128
1518 2128
1517 2128
1516 2128
1515 2128
1514 2128
1513 2128
1512 2128
1511 2129
1510 2129
1509 2129
1508 2129
1507 2129
1506 2129
1505 2129
1504 2129
1503 2129
1502 2129
1501 2129
1500 2129
1499 2129
1498 2129
1497 2129
1496 2129
1495 2129
1494 2129
1493 2129
1492 2129
1491 2129
1490 2129
1489 2130
1488 2130
1487 2130
1486 2130
1485 2130
1484 2130
1483 2130
1482 2130
1481 2130
1480 2130
1479 2130
1478 2130
1477 2130
1476 2130
1475 2130
1474 2130
1473 2131
1472 2131
1471 2131
1470 2132
1469 2132
1468 2133
1467 2133
1466 2133
1465 2134
1464 2134
1463 2135
1462 2135
1461 2135
1460 2136
1459 2136
1458 2137
1457 2138
1456 2138
1455 2139
1454 2139
1453 2139
1452 2139
1451 2140
1450 2140
1449 2140
1448 2140
1447 2141
1446 2141
1445 2141
1444 2141
1443 2142
1442 2142
1441 2143
1440 2144
1439 2144
1438 2145
1437 2145
1436 2145
1435 2146
1434 2146
1433 2146
1432 2147
1431 2148
1430 2149
1429 2149
1428 2150
1427 2150
1426 2151
1425 2152
1424 2153
1423 2154
1422 2155
1422 2156
1421 2157
1420 2158
1419 2159
1418 2160
1417 2161
1416 2162
1415 2163
1414 2164
1413 2165
1412 2165
1411 2166
1410 2167
1409 2167
1408 2168
1407 2168
1406 2169
1405 2169
1404 2170
1403 2170
1402 2171
1401 2172
1400 2173
1399 2174
1398 2174
1397 2175
1396 2175
1395 2175
1394 2176
1393 2177
1392 2177
1391 2178
1390 2178
1389 2179
1388 2179
1387 2180
1386 2181
1385 2181
1384 2182
1383 2182
1382 2183
1381 2183
1380 2184
1379 2185
1378 2186
1377 2187
1377 2188
1376 2189
1375 2190
1374 2191
1373 2191
1372 2192
1371 2192
1370 2193
1369 2193
1368 2194
1367 2194
1366 2195
1365 2195
1364 2195
1363 2196
1362 2197
1361 2197
1360 2198
1359 2199
1358 2200
1357 2200
1356 2201
1355 2201
1354 2202
1353 2203
1352 2203
1351 2204
1350 2205
1349 2206
1348 2207
1347 2208
1346 2209
1345 2209
1344 2210
1343 2211
1342 2212
1341 2212
1340 2213
1339 2214
1338 2214
1337 2215
1336 2215
1335 2216
1334 2216
1333 2217
1332 2217
1331 2218
1330 2218
1329 2219
1328 2219
1327 2220
1326 2220
1325 2221
1324 2221
1323 2222
1322 2223
1321 2223
1320 2224
1319 2224
1318 2225
1317 2226
1316 2226
1315 2227
1314 2228
1313 2228
1312 2229
1311 2230
1310 2230
1309 2231
1308 2232
1307 2232
1306 2233
1305 2234
1304 2234
1303 2235
1302 2236
1301 2236
1300 2236
1299 2237
1298 2237
1297 2238
1296 2238
1295 2239
1294 2239
1293 2239
1292 2240
1291 2240
1290 2240
1289 2240
1288 2241
1287 2241
1286 2241
1285 2241
1284 2242
1283 2242
1282 2242
1281 2243
1280 2243
1279 2243
1278 2243
1277 2244
1276 2244
1275 2244
1274 2245
1273 2245
1272 2246
1271 2246
1270 2246
1269 2247
1268 2247
1267 2247
1266 2247
1265 2248
1264 2248
1263 2248
1262 2248
1261 2248
1260 2249
1259 2249
1258 2249
1257 2249
1256 2249
1255 2249
1254 2249
1253 2249
1252 2250
1251 2250
1250 2250
1249 2250
1248 2251
1247 2251
1246 2251
1245 2252
1244 2252
1243 2253
1242 2253
1241 2254
1240 2254
1239 2255
1238 2255
1237 2256
1236 2256
1235 2257
1234 2257
1233 2258
1232 2258
1231 2258
1230 2258
1229 2259
1228 2259
1227 2259
1226 2259
1225 2260
1224 2260
1223 2260
1222 2260
1221 2260
1220 2260
1219 2260
1218 2261
1217 2261
1216 2261
1215 2261
1214 2262
1213 2262
1212 2262
1211 2263
1210 2263
1209 2263
1208 2264
1207 2264
1206 2264
1205 2265
1204 2265
1203 2265
1202 2265
1201 2266
1200 2266
1199 2266
1198 2266
1197 2266
1196 2266
1195 2267
1194 2267
1193 2267
1192 2267
1191 2267
1190 2267
1189 2268
1188 2268
1187 2269
1186 2269
1185 2269
1184 2270
1183 2270
1182 2270
1181 2271
1180 2271
1179 2271
1178 2272
1177 2272
1176 2272
1175 2273
1174 2273
1173 2274
1172 2274
1171 2274
1170 2275
1169 2275
1168 2276
1167 2276
1166 2277
1165 2277
1164 2277
1163 2277
1162 2278
1161 2278
1160 2278
1159 2278
1158 2278
1157 2278
1156 2278
1155 2279
1154 2279
1153 2279
1152 2279
1151 2279
1150 2279
1149 2280
1148 2280
1147 2280
1146 2281
1145 2281
1144 2281
1143 2282
1142 2282
1141 2283
1140 2283
1139 2283
1138 2284
1137 2284
1136 2285
1135 2285
1134 2286
1133 2286
1132 2286
1131 2287
1130 2287
1129 2288
1128 2288
1127 2289
1126 2289
1125 2290
1124 2290
1123 2291
1122 2292
1121 2292
1120 2293
1119 2294
1118 2294
1117 2295
1116 2295
1115 2296
1114 2296
1113 2297
1112 2297
1111 2298
1110 2298
1109 2299
1108 2300
1107 2300
1106 2301
1105 2302
1104 2303
1103 2303
1102 2304
1101 2304
1100 2305
1099 2306
1098 2307
1097 2307
1096 2308
1095 2309
1094 2309
1093 2310
1092 2311
1091 2311
1090 2312
1089 2312
1088 2313
1087 2314
1086 2315
1085 2316
1084 2316
1083 2317
1082 2317
1081 2317
1080 2318
1079 2319
1078 2320
1077 2320
1076 2321
1075 2322
1074 2323
1073 2323
1072 2324
1071 2325
1070 2326
1069 2326
1068 2327
1067 2328
1066 2329
1065 2330
1064 2330
1063 2331
1062 2332
1061 2333
1060 2333
1059 2334
1058 2335
1057 2335
1056 2336
1055 2337
1054 2337
1053 2338
1052 2338
1051 2339
1050 2340
1049 2340
1048 2341
1047 2341
1046 2342
1045 2342
1044 2343
1043 2343
1042 2344
1041 2344
1040 2345
1039 2346
1038 2346
1037 2347
1036 2348
1035 2348
1034 2349
1033 2350
1032 2351
1031 2351
1030 2352
1029 2353
1028 2353
1027 2354
1026 2355
1025 2355
1024 2356
1023 2357
1022 2357
1021 2358
1020 2358
1019 2359
1018 2359
1017 2359
1016 2360
1015 2361
1014 2361
1013 2362
1012 2362
1011 2363
1010 2363
1009 2364
1008 2364
1007 2365
1006 2366
1005 2366
1004 2367
1003 2367
1002 2368
1001 2368
1000 2369
999 2369
998 2370
997 2370
996 2371
995 2371
994 2372
993 2372
992 2373
991 2373
990 2374
989 2374
988 2375
987 2375
986 2375
985 2376
984 2376
983 2377
982 2377
981 2377
980 2378
979 2378
978 2379
977 2379
976 2380
975 2380
974 2381
973 2381
972 2382
971 2382
970 2383
969 2383
968 2383
967 2384
966 2384
965 2384
964 2384
963 2385
962 2385
961 2385
960 2386
959 2386
958 2386
957 2387
956 2387
955 2388
954 2388
953 2389
952 2389
951 2390
950 2391
949 2392
948 2392
947 2393
946 2394
945 2394
944 2395
943 2396
942 2396
941 2397
940 2397
939 2398
938 2398
937 2399
936 2399
935 2400
934 2400
933 2401
932 2401
931 2402
930 2402
929 2402
928 2403
927 2403
926 2403
925 2404
924 2404
923 2405
922 2405
921 2406
920 2406
919 2406
918 2407
917 2407
916 2408
915 2408
914 2409
913 2409
912 2409
911 2409
910 2410
909 2410
908 2410
907 2410
906 2411
905 2411
904 2411
903 2411
902 2411
901 2411
900 2412
899 2412
898 2413
897 2413
896 2413
895 2413
894 2414
893 2414
892 2414
891 2415
890 2415
889 2415
888 2415
887 2415
886 2416
885 2416
884 2416
883 2417
882 2417
881 2418
880 2418
879 2419
878 2419
877 2420
876 2420
875 2420
874 2421
873 2421
872 2421
871 2422
870 2422
869 2422
868 2423
867 2423
866 2423
865 2423
864 2424
863 2424
862 2425
861 2425
860 2426
859 2426
858 2427
857 2427
856 2428
855 2428
854 2429
853 2429
852 2429
851 2430
850 2430
849 2431
848 2432
847 2432
846 2432
845 2433
844 2433
843 2433
842 2433
841 2434
840 2434
839 2434
838 2435
837 2435
836 2435
835 2436
834 2436
833 2436
832 2437
831 2437
830 2437
829 2438
828 2438
827 2439
826 2439
825 2440
824 2440
823 2441
822 2441
821 2442
820 2442
819 2442
818 2443
817 2443
816 2443
815 2444
814 2444
813 2445
812 2445
811 2445
810 2445
809 2446
808 2446
807 2446
806 2446
805 2446
804 2446
803 2447
802 2447
801 2447
800 2447
799 2447
798 2447
797 2447
796 2447
795 2448
794 2448
793 2448
792 2449
791 2449
790 2450
789 2450
788 2450
787 2451
786 2451
785 2451
784 2451
783 2452
782 2452
781 2452
780 2452
779 2452
778 2452
777 2452
776 2453
775 2453
774 2453
773 2453
772 2453
771 2453
770 2453
769 2453
768 2453
767 2453
766 2454
765 2454
764 2454
763 2454
762 2455
761 2455
760 2456
759 2456
758 2456
757 2457
756 2457
755 2457
754 2457
753 2458
752 2458
751 2458
750 2458
749 2458
748 2458
747 2459
746 2459
745 2459
744 2459
743 2459
742 2459
741 2459
740 2459
739 2459
738 2460
737 2460
736 2460
735 2461
734 2461
733 2461
732 2462
731 2462
730 2462
729 2463
728 2463
727 2464
726 2464
725 2465
724 2465
723 2465
722 2466
721 2466
720 2467
719 2467
718 2468
717 2468
716 2468
715 2469
714 2469
713 2469
712 2469
711 2470
710 2470
709 2470
708 2470
707 2470
706 2471
705 2471
704 2471
703 2471
702 2471
701 2471
700 2471
699 2471
698 2471
697 2471
696 2471
697 2471
698 2471
699 2471
700 2471
701 2471
702 2471
703 2471
704 2471
705 2471
706 2471
707 2471
708 2471
709 2471
710 2471
711 2471
712 2471
713 2471
714 2471
715 2471
716 2471
717 2471
718 2471
719 2471
720 2471
721 2471
722 2471
723 2471
724 2471
725 2471
726 2471
727 2471
728 2471
729 2471
730 2471
731 2471
732 2471
733 2471
734 2471
735 2471
736 2471
737 2471
738 2471
739 2471
740 2471
741 2471
742 2471
743 2471
744 2471
745 2471
746 2471
747 2471
748 2471
749 2471
750 2471
751 2471
752 2471
753 2471
754 2471
755 2471
756 2471
757 2471
758 2471
759 2472
760 2472
761 2472
762 2472
763 2473
764 2473
765 2473
766 2474
767 2474
768 2474
769 2475
770 2475
771 2475
772 2475
773 2475
774 2476
775 2476
776 2476
777 2476
778 2477
779 2477
780 2478
781 2479
782 2479
783 2479
784 2480
785 2480
786 2480
787 2480
788 2481
789 2481
790 2481
791 2481
792 2481
793 2482
794 2482
795 2482
796 2482
797 2482
798 2482
799 2482
800 2482
801 2482
802 2483
803 2483
804 2483
805 2483
806 2483
807 2483
808 2483
809 2483
810 2483
811 2483
812 2483
813 2483
814 2483
815 2483
816 2483
817 2483
818 2483
819 2483
820 2483
821 2483
822 2483
823 2483
824 2484
825 2484
826 2485
827 2485
828 2486
829 2486
830 2486
831 2487
832 2487
833 2487
834 2487
835 2487
836 2488
837 2488
838 2488
839 2488
840 2488
841 2488
842 2488
843 2488
844 2489
845 2489
846 2489
847 2490
848 2490
849 2491
850 2491
851 2491
852 2492
853 2492
854 2492
855 2493
856 2493
857 2493
858 2493
859 2493
860 2493
861 2494
862 2494
863 2494
864 2494
865 2494
866 2494
867 2494
868 2494
869 2494
870 2494
871 2494
872 2495
873 2495
874 2495
875 2495
876 2495
877 2495
878 2496
879 2496
880 2496
881 2496
882 2496
883 2497
884 2497
885 2497
886 2497
887 2498
888 2498
889 2498
890 2499
891 2499
892 2499
893 2500
894 2500
895 2501
896 2501
897 2501
898 2502
899 2502
900 2503
901 2503
902 2504
903 2504
904 2504
905 2504
906 2505
907 2505
908 2505
909 2505
910 2505
911 2506
912 2506
913 2506
914 2506
915 2506
916 2506
917 2506
918 2506
919 2506
920 2506
921 2507
922 2507
923 2508
924 2508
925 2509
926 2509
927 2510
928 2510
929 2510
930 2511
931 2511
932 2511
933 2511
934 2511
935 2512
936 2512
937 2512
938 2512
939 2512
940 2512
941 2512
942 2512
943 2513
944 2513
945 2513
946 2513
947 2513
948 2514
949 2514
950 2514
951 2515
952 2515
953 2515
954 2516
955 2516
956 2516
957 2517
958 2517
959 2517
960 2517
961 2518
962 2518
963 2518
964 2518
965 2518
966 2518
967 2518
968 2518
969 2519
970 2519
971 2519
972 2520
973 2520
974 2520
975 2521
976 2521
977 2521
978 2522
979 2522
980 2523
981 2523
982 2524
983 2524
984 2525
985 2525
986 2526
987 2527
988 2527
989 2528
990 2528
991 2528
992 2528
993 2529
994 2529
995 2529
996 2529
997 2529
998 2530
999 2530
1000 2530
1001 2530
1002 2530
1003 2530
1004 2530
1005 2530
1006 2531
1007 2531
1008 2531
1009 2531
1010 2531
1011 2531
1012 2531
1013 2532
1014 2532
1015 2532
1016 2532
1017 2533
1018 2533
1019 2534
1020 2534
1021 2534
1022 2535
1023 2535
1024 2536
1025 2536
1026 2537
1027 2537
1028 2538
1029 2538
1030 2539
1031 2540
1032 2540
1033 2541
1034 2541
1035 2542
1036 2542
1037 2543
1038 2543
1039 2544
1040 2544
1041 2545
1042 2545
1043 2546
1044 2546
1045 2547
1046 2547
1047 2547
1048 2547
1049 2548
1050 2548
1051 2549
1052 2549
1053 2550
1054 2551
1055 2551
1056 2551
1057 2552
1058 2552
1059 2552
1060 2552
1061 2553
1062 2553
1063 2553
1064 2553
1065 2553
1066 2554
1067 2554
1068 2554
1069 2554
1070 2554
1071 2554
1072 2554
1073 2554
1074 2555
1075 2555
1076 2555
1077 2556
1078 2556
1079 2556
1080 2557
1081 2557
1082 2557
1083 2558
1084 2558
1085 2558
1086 2559
1087 2559
1088 2560
1089 2560
1090 2560
1091 2561
1092 2561
1093 2562
1094 2562
1095 2563
1096 2563
1097 2564
1098 2564
1099 2564
1100 2564
1101 2565
1102 2565
1103 2565
1104 2565
1105 2566
1106 2566
1107 2566
1108 2566
1109 2566
1110 2566
1111 2567
1112 2567
1113 2567
1114 2568
1115 2568
1116 2568
1117 2569
1118 2569
1119 2569
1120 2570
1121 2570
1122 2570
1123 2571
1124 2571
1125 2571
1126 2571
1127 2571
1128 2571
1129 2572
1130 2572
1131 2572
1132 2572
1133 2572
1134 2572
1135 2572
1136 2572
1137 2573
1138 2573
1139 2574
1140 2574
1141 2574
1142 2575
1143 2575
1144 2576
1145 2576
1146 2576
1147 2576
1148 2577
1149 2577
1150 2577
1151 2577
1152 2577
1153 2578
1154 2578
1155 2578
1156 2578
1157 2578
1158 2578
1159 2578
1160 2578
1161 2579
1162 2579
1163 2579
1164 2579
1165 2579
1166 2579
1167 2580
1168 2580
1169 2580
1170 2581
1171 2581
1172 2581
1173 2582
1174 2582
1175 2583
1176 2583
1177 2583
1178 2583
1179 2584
1180 2584
1181 2584
1182 2585
1183 2585
1184 2585
1185 2586
1186 2587
1187 2587
1188 2588
1189 2588
1190 2588
1191 2589
1192 2589
1193 2590
1194 2590
1195 2591
1196 2592
1197 2592
1198 2593
1199 2593
1200 2594
1201 2594
1202 2594
1203 2594
1204 2595
1205 2595
1206 2595
1207 2595
1208 2596
1209 2596
1210 2596
1211 2596
1212 2596
1213 2597
1214 2597
1215 2598
1216 2598
1217 2599
1218 2599
1219 2600
1220 2600
1221 2600
1222 2601
1223 2601
1224 2601
1225 2602
1226 2602
1227 2602
1228 2602
1229 2603
1230 2603
1231 2604
1232 2604
1233 2604
1234 2605
1235 2605
1236 2606
1237 2607
1238 2607
1239 2608
1240 2608
1241 2609
1242 2609
1243 2610
1244 2610
1245 2611
1246 2611
1247 2612
1248 2612
1249 2612
1250 2613
1251 2614
1252 2614
1253 2615
1254 2616
1255 2616
1256 2617
1257 2618
1258 2618
1259 2619
1260 2619
1261 2619
1262 2620
1263 2620
1264 2621
1265 2622
1266 2623
1267 2623
1268 2624
1269 2624
1270 2625
1271 2625
1272 2625
1273 2626
1274 2626
1275 2626
1276 2626
1277 2626
1278 2626
1279 2627
1280 2627
1281 2627
1282 2628
1283 2628
1284 2629
1285 2630
1286 2630
1287 2631
1288 2631
1289 2632
1289 2633
1290 2634
1291 2635
1291 2636
1292 2636
1293 2637
1294 2637
1295 2638
1296 2638
1297 2638
1298 2638
1299 2638
1300 2638
1301 2639
1302 2639
1303 2639
1304 2639
1305 2639
1306 2640
1307 2641
1308 2642
1309 2643
1310 2644
1311 2645
1312 2646
1313 2646
1314 2646
1315 2647
1316 2647
1317 2647
1318 2647
1319 2647
1320 2648
1321 2648
1322 2648
1323 2648
1324 2649
1325 2649
1326 2649
1327 2649
1328 2650
1329 2650
1330 2650
1331 2650
1332 2650
1333 2651
1334 2651
1335 2651
1336 2651
1337 2652
1338 2652
1339 2652
1340 2652
1341 2652
1342 2653
1343 2653
1344 2653
1345 2653
1346 2654
1347 2654
1348 2654
1349 2654
1350 2655
1351 2655
1352 2655
1353 2655
1354 2655
1355 2656
1356 2656
1357 2656
1358 2656
1359 2657
1360 2657
1361 2657
1362 2657
1363 2658
1364 2658
1365 2658
1366 2658
1367 2658
1368 2659
1369 2659
1370 2659
1371 2659
1372 2660
1373 2660
1374 2660
1375 2660
1376 2661
1377 2661
1378 2661
1379 2661
1380 2661
1381 2662
1382 2662
1383 2662
1384 2662
1385 2663
1386 2663
1387 2663
1388 2663
1389 2663
1390 2664
1391 2664
1392 2664
1393 2664
1394 2665
1395 2665
1396 2665
1397 2665
1398 2666
1399 2666
1400 2666
1401 2666
1402 2666
1403 2667
1404 2667
1405 2667
1406 2667
1407 2668
1408 2668
1409 2668
1410 2668
1411 2669
1412 2669
1413 2669
1414 2669
1415 2669
1416 2670
1417 2670
1418 2670
1419 2670
1420 2671
1421 2671
1422 2671
1423 2671
1424 2672
1425 2672
1426 2672
1427 2672
1428 2672
1429 2673
1430 2673
1431 2673
1432 2673
1433 2674
1434 2674
1435 2674
1436 2674
1437 2675
1438 2675
1439 2675
1440 2675
1441 2675
1442 2676
1443 2676
1444 2676
1445 2676
1446 2677
1447 2677
1448 2677
1449 2677
1450 2678
1451 2678
1452 2678
1453 2678
1454 2678
1455 2679
1456 2679
1457 2679
1458 2679
1459 2680
1460 2680
1461 2680
1462 2680
1463 2681
1464 2681
1465 2681
1466 2681
1467 2681
1468 2682
1469 2682
1470 2682
1471 2682
1472 2683
1473 2683
1474 2683
1475 2683
1476 2684
1477 2684
1478 2684
1479 2684
1480 2684
1481 2685
1482 2685
1483 2685
1484 2685
1485 2686
1486 2686
1487 2686
1488 2686
1489 2687
1490 2687
1491 2687
1492 2687
1493 2687
1494 2688
1495 2688
1496 2688
1497 2688
1498 2688
1499 2689
1500 2689
1501 2689
1502 2689
1503 2690
1504 2690
1505 2690
1506 2690
1507 2691
1508 2691
1509 2691
1510 2691
1511 2692
1512 2692
1513 2692
1514 2692
1515 2692
1516 2693
1517 2693
1518 2693
1519 2693
1520 2694
1521 2694
1522 2694
1523 2694
1524 2695
1525 2695
1526 2695
1527 2695
1528 2695
1529 2696
1530 2696
1531 2696
1532 2696
1533 2697
1534 2697
1535 2697
1536 2697
1537 2697
1538 2698
1539 2698
1540 2698
1541 2698
1542 2699
1543 2699
1544 2699
1545 2699
1546 2700
1547 2700
1548 2700
1549 2700
1550 2700
1551 2701
1552 2701
1553 2701
1554 2701
1555 2702
1556 2702
1557 2702
1558 2702
1559 2703
1560 2703
1561 2703
1562 2703
1563 2703
1564 2704
1565 2704
1566 2704
1567 2704
1568 2705
1569 2705
1570 2705
1571 2705
1572 2706
1573 2706
1574 2706
1575 2706
1576 2706
1577 2707
1578 2707
1579 2707
1580 2707
1581 2708
1582 2708
1583 2708
1584 2708
1585 2709
1586 2709
1587 2709
1588 2709
1589 2709
1590 2710
1591 2710
1592 2710
1593 2710
1594 2711
1595 2711
1596 2711
1597 2711
1598 2712
1599 2712
1600 2712
1601 2712
1602 2712
1603 2713
1604 2713
1605 2713
1606 2713
1607 2714
1608 2714
1609 2714
1610 2714
1611 2715
1612 2715
1613 2715
1614 2715
1615 2715
1616 2716
1617 2716
1618 2716
1619 2716
1620 2717
1621 2717
1622 2717
1623 2717
1624 2717
1625 2718
1626 2718
1627 2718
1628 2718
1629 2719
1630 2719
1631 2719
1632 2719
1633 2720
1634 2720
1635 2720
1636 2720
1637 2721
1638 2721
1639 2721
1640 2721
1641 2721
1642 2722
1643 2722
1644 2722
1645 2722
1646 2723
1647 2723
1648 2723
1649 2723
1650 2723
1651 2724
1652 2724
1653 2724
1654 2724
1655 2725
1656 2725
1657 2725
1658 2725
1659 2725
1660 2726
1661 2726
1662 2726
1663 2726
1664 2727
1665 2727
1666 2727
1667 2727
1668 2728
1669 2728
1670 2728
1671 2728
1672 2729
1673 2729
1674 2729
1675 2729
1676 2729
1677 2730
1678 2730
1679 2730
1680 2730
1681 2731
1682 2731
1683 2731
1684 2731
1685 2731
1686 2732
1687 2732
1688 2732
1689 2732
1690 2733
1691 2733
1692 2733
1693 2733
1694 2734
1695 2734
1696 2734
1697 2734
1698 2734
1699 2735
1700 2735
1701 2735
1702 2735
1703 2736
1704 2736
1705 2736
1706 2736
1707 2736
1708 2737
1709 2737
1710 2737
1711 2737
1712 2738
1713 2738
1714 2738
1715 2738
1716 2738
1717 2739
1718 2739
1719 2739
1720 2739
1721 2740
1722 2740
1723 2740
1724 2740
1725 2741
1726 2741
1727 2741
1728 2741
1729 2742
1730 2742
1731 2742
1732 2742
1733 2743
1734 2743
1735 2743
1736 2743
1737 2743
1738 2744
1739 2744
1740 2744
1741 2744
1742 2745
1743 2745
1744 2745
1745 2745
1746 2745
1747 2746
1748 2746
1749 2746
1750 2746
1751 2747
1752 2747
1753 2747
1754 2747
1755 2747
1756 2748
1757 2748
1758 2748
1759 2748
1760 2749
1761 2749
1762 2749
1763 2749
1764 2750
1765 2750
1766 2750
1767 2750
1768 2751
1769 2751
1770 2751
1771 2751
1772 2751
1773 2752
1774 2752
1775 2752
1776 2752
1777 2753
1778 2753
1779 2753
1780 2753
1781 2754
1782 2754
1783 2754
1784 2754
1785 2754
1786 2755
1787 2755
1788 2755
1789 2755
1790 2756
1791 2756
1792 2756
1793 2756
1794 2756
1795 2757
1796 2757
1797 2757
1798 2757
1799 2758
1800 2758
1801 2758
1802 2758
1803 2758
1804 2759
1805 2759
1806 2759
1807 2759
1808 2760
1809 2760
1810 2760
1811 2760
1812 2761
1813 2761
1814 2761
1815 2761
1816 2762
1817 2762
1818 2762
1819 2762
1820 2762
1821 2763
1822 2763
1823 2763
1824 2763
1825 2764
1826 2764
1827 2764
1828 2764
1829 2764
1830 2765
1831 2765
1832 2765
1833 2765
1834 2766
1835 2766
1836 2766
1837 2766
1838 2766
1839 2767
1840 2767
1841 2767
1842 2767
1843 2768
1844 2768
1845 2768
1846 2768
1847 2769
1848 2769
1849 2769
1850 2769
1851 2770
1852 2770
1853 2770
1854 2770
1855 2770
1856 2771
1857 2771
1858 2771
1859 2771
1860 2772
1861 2772
1862 2772
1863 2772
1864 2773
1865 2773
1866 2773
1867 2773
1868 2773
1869 2774
1870 2774
1871 2774
1872 2774
1873 2775
1874 2775
1875 2775
1876 2775
1877 2775
1878 2776
1879 2776
1880 2776
1881 2776
1882 2777
1883 2777
1884 2777
1885 2777
1886 2778
1887 2778
1888 2778
1889 2778
1890 2778
1891 2779
1892 2779
1893 2779
1894 2779
1895 2780
1896 2780
1897 2780
1898 2780
1899 2781
1900 2781
1901 2781
1902 2781
1903 2781
1904 2782
1905 2782
1906 2782
1907 2782
1908 2783
1909 2783
1910 2783
1911 2783
1912 2784
1913 2784
1914 2784
1915 2784
1916 2784
1917 2785
1918 2785
1919 2785
1920 2785
1921 2786
1922 2786
1923 2786
1924 2786
1925 2786
1926 2787
1927 2787
1928 2787
1929 2787
1930 2788
1931 2788
1932 2788
1933 2788
1934 2789
1935 2789
1936 2789
1937 2789
1938 2790
1939 2790
1940 2790
1941 2790
1942 2790
1943 2791
1944 2791
1945 2791
1946 2791
1947 2792
1948 2792
1949 2792
1950 2792
1951 2792
1952 2793
1953 2793
1954 2793
1955 2793
1956 2793
1957 2794
1958 2794
1959 2794
1960 2794
1961 2795
1962 2795
1963 2795
1964 2795
1965 2796
1966 2796
1967 2796
1968 2796
1969 2797
1970 2797
1971 2797
1972 2797
1973 2798
1974 2798
1975 2798
1976 2798
1977 2798
1978 2799
1979 2799
1980 2799
1981 2799
1982 2799
1983 2800
1984 2800
1985 2800
1986 2800
1987 2801
1988 2801
1989 2801
1990 2801
1991 2802
1992 2802
1993 2802
1994 2802
1995 2803
1996 2803
1997 2803
1998 2803
1999 2803
2000 2804
2001 2804
2002 2804
2003 2804
2004 2805
2005 2805
2006 2805
2007 2805
2008 2805
2009 2806
2010 2806
2011 2806
2012 2806
2013 2807
2014 2807
2015 2807
2016 2807
2017 2807
2018 2808
2019 2808
2020 2808
2021 2808
2022 2809
2023 2809
2024 2809
2025 2809
2026 2810
2027 2810
2028 2810
2029 2810
2030 2811
2031 2811
2032 2811
2033 2811
2034 2811
2035 2812
2036 2812
2037 2812
2038 2812
2039 2813
2040 2813
2041 2813
2042 2813
2043 2814
2044 2814
2045 2814
2046 2814
2047 2814
2048 2815
2049 2815
2050 2815
2051 2815
2052 2816
2053 2816
2054 2816
2055 2816
2056 2816
2057 2817
2058 2817
2059 2817
2060 2817
2061 2818
2062 2818
2063 2818
2064 2818
2065 2818
2066 2819
2067 2819
2068 2819
2069 2819
2070 2820
2071 2820
2072 2820
2073 2820
2074 2821
2075 2821
2076 2821
2077 2821
2078 2822
2079 2822
2080 2822
2081 2822
2082 2822
2083 2823
2084 2823
2085 2823
2086 2823
2087 2824
2088 2824
2089 2824
2090 2824
2091 2825
2092 2825
2093 2825
2094 2825
2095 2825
2096 2826
2097 2826
2098 2826
2099 2826
2100 2827
2101 2827
2102 2827
2103 2827
2104 2828
2105 2828
2106 2828
2107 2828
2108 2828
2109 2829
2110 2829
2111 2829
2112 2829
2113 2830
2114 2830
2115 2830
2116 2830
2117 2830
2118 2831
2119 2831
2120 2831
2121 2831
2122 2832
2123 2832
2124 2832
2125 2832
2126 2832
2127 2833
2128 2833
2129 2833
2130 2833
2131 2834
2132 2834
2133 2834
2134 2834
2135 2835
2136 2835
2137 2835
2138 2835
2139 2836
2140 2836
2141 2836
2142 2836
2143 2836
2144 2837
2145 2837
2146 2837
2147 2837
2148 2838
2149 2838
2150 2838
2151 2838
2152 2839
2153 2839
2154 2839
2155 2839
2156 2839
2157 2840
2158 2840
2159 2840
2160 2840
2161 2841
2162 2841
2163 2841
2164 2841
2165 2841
2166 2842
2167 2842
2168 2842
2169 2842
2170 2843
2171 2843
2172 2843
2173 2843
2174 2843
2175 2844
2176 2844
2177 2844
2178 2844
2179 2845
2180 2845
2181 2845
2182 2845
2183 2846
2184 2846
2185 2846
2186 2846
2187 2847
2188 2847
2189 2847
2190 2847
2191 2847
2192 2848
2193 2848
2194 2848
2195 2848
2196 2848
2197 2849
2198 2849
2199 2849
2200 2849
2201 2850
2202 2850
2203 2850
2204 2850
2205 2851
2206 2851
2207 2851
2208 2851
2209 2852
2210 2852
2211 2852
2212 2852
2213 2853
2214 2853
2215 2853
2216 2853
2217 2853
2218 2854
2219 2854
2220 2854
2221 2854
2222 2855
2223 2855
2224 2855
2225 2855
2226 2856
2227 2856
2228 2856
2229 2856
2230 2856
2231 2857
2232 2857
2233 2857
2234 2857
2235 2858
2236 2858
2237 2858
2238 2858
2239 2858
2240 2859
2241 2859
2242 2859
2243 2859
2244 2860
2245 2860
2246 2860
2247 2860
2248 2860
2249 2861
2250 2861
2251 2861
2252 2861
2253 2862
2254 2862
2255 2862
2256 2862
2257 2863
2258 2863
2259 2863
2260 2863
2261 2864
2262 2864
2263 2864
2264 2864
2265 2864
2266 2865
2267 2865
2268 2865
2269 2865
2270 2866
2271 2866
2272 2866
2273 2866
2274 2867
2275 2867
2276 2867
2277 2867
2278 2867
2279 2868
2280 2868
2281 2868
2282 2868
2283 2869
2284 2869
2285 2869
2286 2869
2287 2869
2288 2870
2289 2870
2290 2870
2291 2870
2292 2871
2293 2871
2294 2871
2295 2871
2296 2871
2297 2872
2298 2872
2299 2872
2300 2872
2301 2873
2302 2873
2303 2873
2304 2873
2305 2874
2306 2874
2307 2874
2308 2874
2309 2875
2310 2875
2311 2875
2312 2875
2313 2875
2314 2876
2315 2876
2316 2876
2317 2876
2318 2877
2319 2877
2320 2877
2321 2877
2322 2878
2323 2878
2324 2878
2325 2878
2326 2878
2327 2879
2328 2879
2329 2879
2330 2879
2331 2880
2332 2880
2333 2880
2334 2880
2335 2880
2336 2881
2337 2881
2338 2881
2339 2881
2340 2882
2341 2882
2342 2882
2343 2882
2344 2882
2345 2883
2346 2883
2347 2883
2348 2883
2349 2884
2350 2884
2351 2884
2352 2884
2353 2885
2354 2885
2355 2885
2356 2885
2357 2885
2358 2886
2359 2886
2360 2886
2361 2886
2362 2887
2363 2887
2364 2887
2365 2887
2366 2888
2367 2888
2368 2888
2369 2888
2370 2888
2371 2889
2372 2889
2373 2889
2374 2889
2375 2890
2376 2890
2377 2890
2378 2890
2379 2891
2380 2891
2381 2891
2382 2891
2383 2892
2384 2892
2385 2892
2386 2892
2387 2892
2388 2893
2389 2893
2390 2893
2391 2893
2392 2894
2393 2894
2394 2894
2395 2894
2396 2894
2397 2895
2398 2895
2399 2895
2400 2895
2401 2896
2402 2896
2403 2896
2404 2896
2405 2896
2406 2897
2407 2897
2408 2897
2409 2897
2410 2898
2411 2898
2412 2898
2413 2898
2414 2899
2415 2899
2416 2899
2417 2899
2418 2899
2419 2900
2420 2900
2421 2900
2422 2900
2423 2901
2424 2901
2425 2901
2426 2901
2427 2902
2428 2902
2429 2902
2430 2902
2431 2903
2432 2903
2433 2903
2434 2903
2435 2903
2436 2904
2437 2904
2438 2904
2439 2904
2440 2905
2441 2905
2442 2905
2443 2905
2444 2906
2445 2906
2446 2906
2447 2906
2448 2906
2449 2907
2450 2907
2451 2907
2452 2907
2453 2908
2454 2908
2455 2908
2456 2908
2457 2908
2458 2909
2459 2909
2460 2909
2461 2909
2462 2910
2463 2910
2464 2910
2465 2910
2466 2911
2467 2911
2468 2911
2469 2911
2470 2911
2471 2912
2472 2912
2473 2912
2474 2912
2475 2913
2476 2913
2477 2913
2478 2913
2479 2914
2480 2914
2481 2914
2482 2914
2483 2914
2484 2915
2485 2915
2486 2915
2487 2915
2488 2916
2489 2916
2490 2916
2491 2916
2492 2916
2493 2917
2494 2917
2495 2917
2496 2917
2497 2918
2498 2918
2499 2918
2500 2918
2501 2919
2502 2919
2503 2919
2504 2919
2505 2919
2506 2920
2507 2920
2508 2920
2509 2920
2510 2921
2511 2921
2512 2921
2513 2921
2514 2922
2515 2922
2516 2922
2517 2922
2518 2922
2519 2923
2520 2923
2521 2923
2522 2923
2523 2924
2524 2924
2525 2924
2526 2924
2527 2925
2528 2925
2529 2925
2530 2925
2531 2925
2532 2926
2533 2926
2534 2926
2535 2926
2536 2927
2537 2927
2538 2927
2539 2927
2540 2928
2541 2928
2542 2928
2543 2928
2544 2928
2545 2929
2546 2929
2547 2929
2548 2929
2549 2930
2550 2930
2551 2930
2552 2930
2553 2930
2554 2931
2555 2931
2556 2931
2557 2931
2558 2932
2559 2932
2560 2932
2561 2932
2562 2933
2563 2933
2564 2933
2565 2933
2566 2933
2567 2934
2568 2934
2569 2934
2570 2934
2571 2935
2572 2935
2573 2935
2574 2935
2575 2935
2576 2936
2577 2936
2578 2936
2579 2936
2580 2937
2581 2937
2582 2937
2583 2937
2584 2938
2585 2938
2586 2938
2587 2938
2588 2938
2589 2939
2590 2939
2591 2939
2592 2939
2593 2940
2594 2940
2595 2940
2596 2940
2597 2941
2598 2941
2599 2941
2600 2941
2601 2941
2602 2942
2603 2942
2604 2942
2605 2942
2606 2943
2607 2943
2608 2943
2609 2943
2610 2944
2611 2944
2612 2944
2613 2944
2614 2944
2615 2945
2616 2945
2617 2945
2618 2945
2619 2946
2620 2946
2621 2946
2622 2946
2623 2946
2624 2947
2625 2947
2626 2947
2627 2947
2628 2948
2629 2948
2630 2948
2631 2948
2632 2949
2633 2949
2634 2949
2635 2949
2636 2949
2637 2950
2638 2950
2639 2950
2640 2950
2641 2951
2642 2951
2643 2951
2644 2951
2645 2952
2646 2952
2647 2952
2648 2952
2649 2952
2650 2953
2651 2953
2652 2953
2653 2953
2654 2954
2655 2954
2656 2954
2657 2954
2658 2954
2659 2955
2660 2955
2661 2955
2662 2955
2663 2956
2664 2956
2665 2956
2666 2956
2667 2957
2668 2957
2669 2957
2670 2957
2671 2957
2672 2958
2673 2958
2674 2958
2675 2958
2676 2959
2677 2959
2678 2959
2679 2959
2680 2960
2681 2960
2682 2960
2683 2960
2684 2961
2685 2961
2686 2961
2687 2961
2688 2961
2689 2962
2690 2962
2691 2962
2692 2962
2693 2963
2694 2963
2695 2963
2696 2963
2697 2963
2698 2964
2699 2964
2700 2964
2701 2964
2702 2965
2703 2965
2704 2965
2705 2965
2706 2966
2707 2966
2708 2966
2709 2966
2710 2966
2711 2967
2712 2967
2713 2967
2714 2967
2715 2968
2716 2968
2717 2968
2718 2968
2719 2969
2720 2969
2721 2969
2722 2969
2723 2969
2724 2970
2725 2970
2726 2970
2727 2970
2728 2971
2729 2971
2730 2971
2731 2971
2732 2972
2733 2972
2734 2972
2735 2972
2736 2972
2737 2973
2738 2973
2739 2973
2740 2973
2741 2974
2742 2974
2743 2974
2744 2974
2745 2975
2746 2975
2747 2975
2748 2975
2749 2975
2750 2976
2751 2976
2752 2976
2753 2976
2754 2977
2755 2977
2756 2977
2757 2977
2758 2977
2759 2978
2760 2978
2761 2978
2762 2978
2763 2979
2764 2979
2765 2979
2766 2979
2767 2979
2768 2980
2769 2980
2770 2980
2771 2980
2772 2981
2773 2981
2774 2981
2775 2981
2776 2982
2777 2982
2778 2982
2779 2982
2780 2982
2781 2983
2782 2983
2783 2983
2784 2983
2785 2984
2786 2984
2787 2984
2788 2984
2789 2985
2790 2985
2791 2985
2792 2985
2793 2985
2794 2986
2795 2986
2796 2986
2797 2986
2798 2987
2799 2987
2800 2987
2801 2987
2802 2988
2803 2988
2804 2988
2805 2988
2806 2988
2807 2989
2808 2989
2809 2989
2810 2989
2811 2990
2812 2990
2813 2990
2814 2990
2815 2991
2816 2991
2817 2991
2818 2991
2819 2991
2820 2992
2821 2992
2822 2992
2823 2992
2824 2993
2825 2993
2826 2993
2827 2993
2828 2994
2829 2994
2830 2994
2831 2994
2832 2994
2833 2995
2834 2995
2835 2995
2836 2995
2837 2996
2838 2996
2839 2996
2840 2996
2841 2997
2842 2997
2843 2997
2844 2997
2845 2997
2846 2998
2847 2998
2848 2998
2849 2998
2850 2999
2851 2999
2852 2999
2853 2999
2854 3000
2855 3000
2856 3000
2857 3000
2858 3000
2859 3001
2860 3001
2861 3001
2862 3001
2863 3002
2864 3002
2865 3002
2866 3002
2867 3002
2868 3003
2869 3003
2870 3003
2871 3003
2872 3004
2873 3004
2874 3004
2875 3004
2876 3004
2877 3005
2878 3005
2879 3005
2880 3005
2881 3006
2882 3006
2883 3006
2884 3006
2885 3007
2886 3007
2887 3007
2888 3007
2889 3007
2890 3008
2891 3008
2892 3008
2893 3008
2894 3009
2895 3009
2896 3009
2897 3009
2898 3010
2899 3010
2900 3010
2901 3010
2902 3010
2903 3011
2904 3011
2905 3011
2906 3011
2907 3012
2908 3012
2909 3012
2910 3012
2911 3013
2912 3013
2913 3013
2914 3013
2915 3013
2916 3014
2917 3014
2918 3014
2919 3014
2920 3015
2921 3015
2922 3015
2923 3015
2924 3016
2925 3016
2926 3016
2927 3016
2928 3016
2929 3017
2930 3017
2931 3017
2932 3017
2933 3018
2934 3018
2935 3018
2936 3018
2937 3018
2938 3019
2939 3019
2940 3019
2941 3019
2942 3020
2943 3020
2944 3020
2945 3020
2946 3021
2947 3021
2948 3021
2949 3021
2950 3021
2951 3022
2952 3022
2953 3022
2954 3022
2955 3023
2956 3023
2957 3023
2958 3023
2959 3024
2960 3024
2961 3024
2962 3024
2963 3024
2964 3025
2965 3025
2966 3025
2967 3025
2968 3026
2969 3026
2970 3026
2971 3026
2972 3027
2973 3027
2974 3027
2975 3027
2976 3027
2977 3028
2978 3028
2979 3028
2980 3028
2981 3029
2982 3029
2983 3029
2984 3029
2985 3029
2986 3030
2987 3030
2988 3030
2989 3030
2990 3031
2991 3031
2992 3031
2993 3031
2994 3032
2995 3032
2996 3032
2997 3032
2998 3032
2999 3033
3000 3033
3001 3033
3002 3033
3003 3034
3004 3034
3005 3034
3006 3034
3007 3035
3008 3035
3009 3035
3010 3035
3011 3035
3012 3036
3013 3036
3014 3036
3015 3036
3016 3037
3017 3037
3018 3037
3019 3037
3020 3037
3021 3038
3022 3038
3023 3038
3024 3038
3025 3039
3026 3039
3027 3039
3028 3039
3029 3039
3030 3040
3031 3040
3032 3040
3033 3040
3034 3041
3035 3041
3036 3041
3037 3041
3038 3042
3039 3042
3040 3042
3041 3042
3042 3042
3043 3043
3044 3043
3045 3043
3046 3043
3047 3044
3048 3044
3049 3044
3050 3044
3051 3045
3052 3045
3053 3045
3054 3045
3055 3046
3056 3046
3057 3046
3058 3046
3059 3046
3060 3047
3061 3047
3062 3047
3063 3047
3064 3048
3065 3048
3066 3048
3067 3048
3068 3049
3069 3049
3070 3049
3071 3049
3072 3049
3073 3050
3074 3050
3075 3050
3076 3050
3077 3051
3078 3051
3079 3051
3080 3051
3081 3052
3082 3052
3083 3052
3084 3052
3085 3052
3086 3053
3087 3053
3088 3053
3089 3053
3090 3054
3091 3054
3092 3054
3093 3054
3094 3054
3095 3055
3096 3055
3097 3055
3098 3055
3099 3056
3100 3056
3101 3056
3102 3056
3103 3056
3104 3057
3105 3057
3106 3057
3107 3057
3108 3058
3109 3058
3110 3058
3111 3058
3112 3059
3113 3059
3114 3059
3115 3059
3116 3060
3117 3060
3118 3060
3119 3060
3120 3060
3121 3061
3122 3061
3123 3061
3124 3061
3125 3061
3126 3062
3127 3062
3128 3062
3129 3062
3130 3063
3131 3063
3132 3063
3133 3063
3134 3064
3135 3064
3136 3064
3137 3064
3138 3064
3139 3065
3140 3065
3141 3065
3142 3065
3143 3066
3144 3066
3145 3066
3146 3066
3147 3067
3148 3067
3149 3067
3150 3067
3151 3068
3152 3068
3153 3068
3154 3068
3155 3068
3156 3069
3157 3069
3158 3069
3159 3069
3160 3070
3161 3070
3162 3070
3163 3070
3164 3071
3165 3071
3166 3071
3167 3071
3168 3071
3169 3072
3170 3072
3171 3072
3172 3072
3173 3073
3174 3073
3175 3073
3176 3073
3177 3074
3178 3074
3179 3074
3180 3074
3181 3074
3182 3075
3183 3075
3184 3075
3185 3075
3186 3076
3187 3076
3188 3076
3189 3076
3190 3077
3191 3077
3192 3077
3193 3077
3194 3077
3195 3078
3196 3078
3197 3078
3198 3078
3199 3079
3200 3079
3201 3079
3202 3079
3203 3079
3204 3080
3205 3080
3206 3080
3207 3080
3208 3081
3209 3081
3210 3081
3211 3081
3212 3082
3213 3082
3214 3082
3215 3082
3216 3082
3217 3083
3218 3083
3219 3083
3220 3083
3221 3084
3222 3084
3223 3084
3224 3084
3225 3085
3226 3085
3227 3085
3228 3085
3229 3085
3230 3086
3231 3086
3232 3086
3233 3086
3234 3087
3235 3087
3236 3087
3237 3087
3238 3087
3239 3088
3240 3088
3241 3088
3242 3088
3243 3089
3244 3089
3245 3089
3246 3089
3247 3090
3248 3090
3249 3090
3250 3090
3251 3090
3252 3091
3253 3091
3254 3091
3255 3091
3256 3092
3257 3092
3258 3092
3259 3092
3260 3093
3261 3093
3262 3093
3263 3093
3264 3093
3265 3094
3266 3094
3267 3094
3268 3094
3269 3095
3270 3095
3271 3095
3272 3095
3273 3096
3274 3096
3275 3096
3276 3096
3277 3096
3278 3097
3279 3097
3280 3097
3281 3097
3282 3098
3283 3098
3284 3098
3285 3098
3286 3099
3287 3099
3288 3099
3289 3099
3290 3099
3291 3100
3292 3100
3293 3100
3294 3100
3295 3101
3296 3101
3297 3101
3298 3101
3299 3101
3300 3102
3301 3102
3302 3102
3303 3102
3304 3103
3305 3103
3306 3103
3307 3103
3308 3104
3309 3104
3310 3104
3311 3104
3312 3104
3313 3105
3314 3105
3315 3105
3316 3105
3317 3106
3318 3106
3319 3106
3320 3106
3321 3107
3322 3107
3323 3107
3324 3107
3325 3107
3326 3108
3327 3108
3328 3108
3329 3108
3330 3109
3331 3109
3332 3109
3333 3109
3334 3109
3335 3110
3336 3110
3337 3110
3338 3110
3339 3111
3340 3111
3341 3111
3342 3111
3343 3112
3344 3112
3345 3112
3346 3112
3347 3113
3348 3113
3349 3113
3350 3113
3351 3113
3352 3114
3353 3114
3354 3114
3355 3114
3356 3115
3357 3115
3358 3115
3359 3115
3360 3115
3361 3116
3362 3116
3363 3116
3364 3116
3365 3117
3366 3117
3367 3117
3368 3117
3369 3118
3370 3118
3371 3118
3372 3118
3373 3118
3374 3119
3375 3119
3376 3119
3377 3119
3378 3119
3379 3120
3380 3120
3381 3120
3382 3120
3383 3121
3384 3121
3385 3121
3386 3121
3387 3122
3388 3122
3389 3122
3390 3122
3391 3123
3392 3123
3393 3123
3394 3123
3395 3123
3396 3124
3397 3124
3398 3124
3399 3124
3400 3125
3401 3125
3402 3125
3403 3125
3404 3126
3405 3126
3406 3126
3407 3126
3408 3126
3409 3127
3410 3127
3411 3127
3412 3127
3413 3128
3414 3128
3415 3128
3416 3128
3417 3129
3418 3129
3419 3129
3420 3129
3421 3129
3422 3130
3423 3130
3424 3130
3425 3130
3426 3131
3427 3131
3428 3131
3429 3131
3430 3131
3431 3132
3432 3132
3433 3132
3434 3132
3435 3133
3436 3133
3437 3133
3438 3133
3439 3134
3440 3134
3441 3134
3442 3134
3443 3134
3444 3135
3445 3135
3446 3135
3447 3135
3448 3136
3449 3136
3450 3136
3451 3136
3452 3137
3453 3137
3454 3137
3455 3137
3456 3137
3457 3138
3458 3138
3459 3138
3460 3138
3461 3138
3462 3137
3463 3136
3464 3135
3464 3134
3465 3133
3466 3132
3467 3131
3467 3130
3468 3129
3469 3128
3470 3127
3470 3126
3471 3125
3472 3124
3473 3123
3473 3122
3474 3121
3475 3120
3476 3119
3476 3118
3477 3117
3478 3116
3479 3115
3480 3114
3481 3113
3482 3112
3483 3112
3484 3111
3485 3111
3486 3110
3487 3110
3488 3110
3489 3109
3490 3109
3491 3108
3492 3107
3493 3106
3494 3106
3495 3105
3496 3105
3497 3105
3498 3104
3499 3104
3500 3104
3501 3103
3502 3103
3503 3103
3504 3102
3505 3101
3506 3100
3507 3100
3508 3099
3509 3099
3510 3099
3511 3098
3512 3097
3512 3096
3513 3095
3513 3094
3514 3093
3515 3092
3516 3091
3517 3091
3518 3091
3519 3091
3520 3091
3521 3091
3522 3091
3523 3091
3524 3091
3525 3091
3526 3091
3527 3091
3528 3091
3529 3091
3530 3091
3531 3091
3532 3091
3533 3091
3534 3092
3535 3092
3536 3093
3537 3093
3538 3093
3539 3094
3540 3094
3541 3095
3542 3095
3543 3095
3544 3095
3545 3095
3546 3096
3547 3096
3548 3096
3549 3096
3550 3096
3551 3096
3552 3096
3553 3096
3554 3096
3555 3096
3556 3096
3557 3097
3558 3097
3559 3098
3560 3098
3561 3099
3562 3099
3563 3100
3564 3100
3565 3100
3566 3101
3567 3101
3568 3101
3569 3101
3570 3101
3571 3102
3572 3103
3572 3104
3573 3105
3574 3106
3575 3107
3576 3107
3577 3107
3578 3107
3579 3108
3580 3108
3581 3109
3582 3110
3583 3111
3584 3111
3585 3112
3586 3112
3587 3113
3588 3114
3589 3114
3590 3115
3591 3116
3592 3116
3593 3117
3594 3118
3595 3118
3596 3119
3597 3119
3598 3119
3599 3119
3600 3120
3601 3120
3602 3121
3603 3122
3604 3123
3605 3123
3606 3124
3607 3125
3608 3125
3609 3126
3610 3127
3611 3128
3612 3128
3613 3129
3614 3129
3615 3130
3616 3130
3617 3130
3618 3131
3619 3131
3620 3132
3621 3132
3622 3133
3623 3134
3624 3135
3625 3135
3626 3136
3627 3136
3628 3136
3629 3136
3630 3137
3631 3137
3632 3137
3633 3137
3634 3138
3635 3138
3636 3139
3637 3139
3638 3140
3639 3140
3640 3141
3641 3141
3642 3142
3643 3142
3644 3143
3645 3143
3646 3143
3647 3143
3648 3144
3649 3144
3650 3144
3651 3144
3652 3145
3653 3145
3654 3146
3655 3146
3656 3147
3657 3148
3658 3149
3659 3150
3660 3151
3661 3152
3662 3153
3663 3153
3664 3154
3665 3154
3666 3155
3667 3155
3668 3156
3669 3156
3670 3157
3671 3158
3672 3159
3673 3159
3674 3160
3675 3160
3676 3161
3677 3161
3678 3161
3679 3161
3680 3161
3681 3162
3682 3162
3683 3163
3684 3163
3685 3164
3686 3164
3687 3165
3688 3165
3689 3165
3690 3166
3691 3166
3692 3166
3693 3166
3694 3166
3695 3166
3696 3167
3697 3167
3698 3167
3699 3167
3700 3167
3701 3167
3702 3167
3703 3167
3704 3168
3705 3168
3706 3168
3707 3168
3708 3168
3709 3168
3710 3168
3711 3168
3712 3168
3713 3168
3714 3168
3715 3168
3716 3168
3717 3168
3718 3168
3719 3168
3720 3168
3721 3168
3722 3168
3723 3168
3724 3168
3725 3168
3726 3168
3727 3168
3728 3168
3729 3168
3730 3168
3731 3168
3732 3168
3733 3168
3734 3169
3735 3169
3736 3169
3737 3169
3738 3169
3739 3169
3740 3169
3741 3169
3742 3169
3743 3169
3744 3169
3745 3168
3746 3168
3747 3168
3748 3167
3749 3167
3750 3166
3751 3166
3752 3166
3753 3165
3754 3165
3755 3165
3756 3165
3757 3165
3758 3164
3759 3164
3760 3164
3761 3164
3762 3164
3763 3164
3764 3164
3765 3163
3766 3163
3767 3163
3768 3163
3769 3163
3770 3163
3771 3163
3772 3163
3773 3163
3774 3162
3775 3162
3776 3162
3777 3161
3778 3161
3779 3160
3780 3160
3781 3160
3782 3160
3783 3159
3784 3159
3785 3159
3786 3158
3787 3158
3788 3157
3789 3156
3790 3156
3791 3155
3792 3155
3793 3155
3794 3154
3795 3154
3796 3153
3797 3153
3798 3153
3799 3153
3800 3152
3801 3152
3802 3152
3803 3152
3804 3152
3805 3152
3806 3152
3807 3152
3808 3152
3809 3151
3810 3151
3811 3151
3812 3151
3813 3150
3814 3150
3815 3149
3816 3149
3817 3148
3818 3148
3819 3147
3820 3147
3821 3147
3822 3146
3823 3146
3824 3146
3825 3146
3826 3146
3827 3146
3828 3146
3829 3145
3830 3145
3831 3145
3832 3145
3833 3145
3834 3145
3835 3145
3836 3145
3837 3145
3838 3145
3839 3145
3840 3145
3841 3145
3842 3145
3843 3145
3844 3144
3845 3144
3846 3143
3847 3143
3848 3142
3849 3142
3850 3141
3851 3141
3852 3141
3853 3141
3854 3140
3855 3140
3856 3140
3857 3140
3858 3140
3859 3140
3860 3140
3861 3139
3862 3139
3863 3139
3864 3139
3865 3139
3866 3139
3867 3139
3868 3139
3869 3139
3870 3139
3871 3139
3872 3139
3873 3139
3874 3139
3875 3139
3876 3139
3877 3139
3878 3139
3879 3139
3880 3139
3881 3139
3882 3139
3883 3139
3884 3139
3885 3139
3886 3138
3887 3137
3888 3137
3889 3136
3890 3136
3891 3136
3892 3135
3893 3135
3894 3135
3895 3134
3896 3134
3897 3134
3898 3133
3899 3133
3900 3133
3901 3132
3902 3132
3903 3131
3904 3131
3905 3130
3906 3130
3907 3129
3908 3129
3909 3129
3910 3129
3911 3129
3912 3128
3913 3128
3914 3128
3915 3128
3916 3127
3917 3127
3918 3127
3919 3127
3920 3126
3921 3126
3922 3125
3923 3125
3924 3124
3925 3124
3926 3124
3927 3123
3928 3123
3929 3123
3930 3123
3931 3122
3932 3122
3933 3122
3934 3122
3935 3122
3936 3122
3937 3122
3938 3122
3939 3121
3940 3121
3941 3121
3942 3121
3943 3121
3944 3121
3945 3121
3946 3121
3947 3121
3948 3121
3949 3121
3950 3120
3951 3120
3952 3120
3953 3119
3954 3119
3955 3118
3956 3118
3957 3118
3958 3117
3959 3117
3960 3117
3961 3116
3962 3116
3963 3116
3964 3116
3965 3116
3966 3116
3967 3115
3968 3115
3969 3115
3970 3115
3971 3115
3972 3115
3973 3114
3974 3114
3975 3114
3976 3113
3977 3113
3978 3113
3979 3112
3980 3112
3981 3112
3982 3111
3983 3111
3984 3111
3985 3110
3986 3110
3987 3109
3988 3108
3989 3108
3990 3107
3991 3106
3992 3106
3993 3105
3994 3105
3995 3105
3996 3104
3997 3103
3998 3102
3999 3101
4000 3101
4001 3101
4002 3100
4003 3100
4004 3100
4005 3099
4006 3099
4007 3099
4008 3098
4009 3098
4010 3098
4011 3098
4012 3097
4013 3097
4014 3096
4015 3095
4016 3094
4017 3093
4018 3092
4019 3091
4020 3090
4021 3089
4021 3088
4022 3087
4023 3086
4024 3085
4025 3084
4026 3083
4027 3083
4028 3083
4029 3082
4030 3081
4031 3080
4032 3079
4033 3079
4034 3078
4035 3077
4036 3076
4037 3076
4038 3075
4039 3074
4040 3074
4041 3073
4042 3072
4043 3072
4044 3071
4045 3071
4046 3070
4047 3069
4048 3069
4049 3068
4050 3067
4051 3066
4052 3065
4053 3064
4054 3063
4054 3062
4055 3061
4056 3060
4057 3059
4058 3058
4059 3057
4060 3056
4060 3055
4061 3054
4062 3053
4062 3052
4063 3051
4064 3050
4065 3049
4066 3048
4067 3047
4067 3046
4068 3045
4069 3044
4069 3043
4070 3042
4071 3041
4071 3040
4072 3039
4073 3038
4073 3037
4074 3036
4075 3035
4075 3034
4076 3033
4076 3032
4077 3031
4077 3030
4078 3029
4079 3028
4079 3027
4080 3026
4080 3025
4081 3024
4081 3023
4082 3022
4082 3021
4083 3020
4083 3019
4084 3018
4085 3017
4086 3016
4087 3015
4087 3014
4088 3013
4089 3012
4090 3011
4091 3010
4092 3009
4092 3008
4093 3007
4094 3006
4094 3005
4095 3004
4096 3003
4096 3002
4097 3001
4098 3000
4098 2999
4099 2998
4099 2997
4099 2996
4100 2995
4100 2994
4101 2993
4101 2992
4101 2991
4102 2990
4102 2989
4103 2988
4103 2987
4104 2986
4105 2985
4106 2984
4107 2983
4108 2982
4109 2981
4109 2980
4110 2979
4111 2978
4111 2977
4112 2976
4112 2975
4112 2974
4113 2973
4113 2972
4114 2971
4115 2970
4115 2969
4116 2968
4117 2967
4117 2966
4117 2965
4118 2964
4118 2963
4118 2962
4118 2961
4119 2960
4119 2959
4119 2958
4119 2957
4119 2956
4119 2955
4120 2954
4120 2953
4120 2952
4120 2951
4121 2950
4121 2949
4121 2948
4122 2947
4122 2946
4122 2945
4123 2944
4123 2943
4123 2942
4124 2941
4124 2940
4125 2939
4125 2938
4125 2937
4126 2936
4126 2935
4127 2934
4127 2933
4128 2932
4128 2931
4129 2930
4129 2929
4130 2928
4130 2927
4130 2926
4131 2925
4131 2924
4132 2923
4132 2922
4133 2921
4133 2920
4134 2919
4134 2918
4135 2917
4135 2916
4136 2915
4136 2914
4136 2913
4137 2912
4137 2911
4137 2910
4138 2909
4138 2908
4138 2907
4138 2906
4138 2905
4138 2904
4138 2903
4138 2902
4139 2901
4139 2900
4140 2899
4140 2898
4141 2897
4141 2896
4141 2895
4141 2894
4142 2893
4142 2892
4142 2891
4142 2890
4143 2889
4143 2888
4143 2887
4143 2886
4143 2885
4143 2884
4144 2883
4144 2882
4144 2881
4144 2880
4144 2879
4144 2878
4144 2877
4144 2876
4144 2875
4145 2874
4145 2873
4145 2872
4145 2871
4145 2870
4146 2869
4146 2868
4146 2867
4147 2866
4147 2865
4147 2864
4148 2863
4148 2862
4148 2861
4149 2860
4149 2859
4149 2858
4149 2857
4149 2856
4150 2855
4150 2854
4150 2853
4150 2852
4150 2851
4150 2850
4150 2849
4150 2848
4150 2847
4151 2846
4151 2845
4151 2844
4151 2843
4151 2842
4151 2841
4151 2840
4151 2839
4151 2838
4151 2837
4151 2836
4151 2835
4151 2834
4151 2833
4151 2832
4151 2831
4151 2830
4151 2829
4151 2828
4151 2827
4151 2826
4151 2825
4151 2824
4151 2823
4151 2822
4151 2821
4151 2820
4151 2819
4151 2818
4151 2817
4151 2816
4151 2815
4151 2814
4151 2813
4151 2812
4151 2811
4151 2810
4151 2809
4151 2808
4151 2807
4151 2806
4151 2805
4151 2804
4151 2803
4151 2802
4151 2801
4151 2800
4151 2799
4151 2798
4151 2797
4151 2796
4151 2795
4151 2794
4151 2793
4151 2792
4151 2791
4151 2790
4151 2789
4151 2788
4151 2787
4151 2786
4151 2785
4151 2784
4151 2783
4151 2782
4151 2781
4151 2780
4151 2779
4151 2778
4151 2777
4151 2776
4151 2775
4151 2774
4151 2773
4151 2772
4151 2771
4151 2770
4151 2769
4151 2768
4151 2767
4151 2766
4151 2765
4151 2764
4151 2763
4151 2762
4151 2761
4151 2760
4151 2759
4151 2758
4151 2757
4151 2756
4151 2755
4151 2754
4151 2753
4151 2752
4151 2751
4151 2750
4151 2749
4151 2748
4151 2747
4151 2746
4151 2745
4151 2744
4151 2743
4151 2742
4151 2741
4151 2740
4151 2739
4151 2738
4151 2737
4151 2736
4151 2735
4151 2734
4151 2733
4151 2732
4151 2731
4151 2730
4151 2729
4151 2728
4151 2727
4151 2726
4151 2725
4151 2724
4151 2723
4151 2722
4151 2721
4151 2720
4151 2719
4151 2718
4151 2717
4151 2716
4151 2715
4151 2714
4151 2713
4151 2712
4151 2711
4151 2710
4151 2709
4151 2708
4151 2707
4151 2706
4151 2705
4151 2704
4151 2703
4151 2702
4151 2701
4151 2700
4151 2699
4151 2698
4151 2697
4151 2696
4151 2695
4151 2694
4151 2693
4151 2692
4151 2691
4151 2690
4151 2689
4151 2688
4151 2687
4151 2686
4151 2685
4151 2684
4151 2683
4151 2682
4151 2681
4151 2680
4151 2679
4151 2678
4151 2677
4151 2676
4151 2675
4151 2674
4151 2673
4151 2672
4151 2671
4151 2670
4151 2669
4151 2668
4151 2667
4151 2666
4151 2665
4151 2664
4151 2663
4151 2662
4151 2661
4151 2660
4151 2659
4151 2658
4151 2657
4151 2656
4151 2655
4151 2654
4151 2653
4150 2652
4150 2651
4150 2650
4150 2649
4149 2648
4149 2647
4149 2646
4148 2645
4148 2644
4148 2643
4147 2642
4147 2641
4147 2640
4147 2639
4147 2638
4146 2637
4146 2636
4146 2635
4146 2634
4146 2633
4146 2632
4146 2631
4146 2630
4146 2629
4146 2628
4145 2627
4145 2626
4145 2625
4144 2624
4144 2623
4143 2622
4143 2621
4142 2620
4142 2619
4141 2618
4141 2617
4141 2616
4141 2615
4141 2614
4140 2613
4140 2612
4139 2611
4139 2610
4138 2609
4137 2608
4137 2607
4136 2606
4136 2605
4136 2604
4135 2603
4135 2602
4135 2601
4135 2600
4135 2599
4135 2598
4134 2597
4134 2596
4134 2595
4134 2594
4134 2593
4134 2592
4134 2591
4134 2590
4134 2589
4133 2588
4133 2587
4133 2586
4132 2585
4132 2584
4131 2583
4131 2582
4130 2581
4130 2580
4130 2579
4129 2578
4129 2577
4129 2576
4129 2575
4129 2574
4129 2573
4128 2572
4128 2571
4128 2570
4128 2569
4128 2568
4127 2567
4127 2566
4126 2565
4126 2564
4125 2563
4125 2562
4124 2561
4124 2560
4124 2559
4123 2558
4123 2557
4123 2556
4123 2555
4122 2554
4122 2553
4122 2552
4122 2551
4122 2550
4121 2549
4121 2548
4121 2547
4120 2546
4120 2545
4119 2544
4119 2543
4119 2542
4118 2541
4118 2540
4118 2539
4117 2538
4117 2537
4117 2536
4117 2535
4117 2534
4116 2533
4116 2532
4115 2531
4114 2530
4114 2529
4113 2528
4113 2527
4112 2526
4112 2525
4112 2524
4111 2523
4111 2522
4111 2521
4111 2520
4111 2519
4110 2518
4110 2517
4110 2516
4110 2515
4110 2514
4110 2513
4110 2512
4110 2511
4110 2510
4110 2509
4110 2508
4110 2507
4110 2506
4109 2505
4109 2504
4109 2503
4109 2502
4109 2501
4109 2500
4109 2499
4109 2498
4109 2497
4108 2496
4108 2495
4108 2494
4107 2493
4107 2492
4106 2491
4106 2490
4105 2489
4105 2488
4105 2487
4104 2486
4104 2485
4103 2484
4102 2483
4101 2482
4100 2481
4099 2480
4098 2479
4097 2478
4096 2477
4096 2476
4095 2475
4094 2474
4093 2473
4092 2472
4091 2471
4090 2470
4090 2469
4089 2468
4089 2467
4088 2466
4088 2465
4087 2464
4087 2463
4086 2462
4086 2461
4086 2460
4086 2459
4086 2458
4086 2457
4086 2456
4086 2455
4086 2454
4086 2453
4086 2452
4085 2451
4085 2450
4085 2449
4085 2448
4085 2447
4085 2446
4085 2445
4085 2444
4085 2443
4085 2442
4085 2441
4085 2440
4085 2439
4085 2438
4085 2437
4085 2436
4085 2435
4085 2434
4085 2433
4085 2432
4085 2431
4085 2430
4085 2429
4085 2428
4085 2427
4085 2426
4085 2425
4085 2424
4085 2423
4085 2422
4085 2421
4085 2420
4085 2419
4085 2418
4085 2417
4085 2416
4085 2415
4085 2414
4085 2413
4086 2412
4086 2411
4087 2410
4087 2409
4088 2408
4088 2407
4088 2406
4089 2405
4089 2404
4089 2403
4090 2402
4090 2401
4091 2400
4092 2399
4092 2398
4093 2397
4093 2396
4094 2395
4094 2394
4094 2393
4095 2392
4096 2391
4096 2390
4097 2389
4098 2388
4098 2387
4099 2386
4099 2385
4099 2384
4100 2383
4101 2382
4102 2381
4103 2380
4104 2379
4105 2378
4105 2377
4106 2376
4107 2375
4108 2374
4109 2373
4110 2372
4110 2371
4111 2370
4112 2369
4113 2368
4113 2367
4114 2366
4115 2365
4116 2364
4117 2363
4118 2362
4118 2361
4119 2360
4119 2359
4120 2358
4121 2357
4122 2356
4123 2355
4123 2354
4124 2353
4125 2352
4125 2351
4126 2350
4127 2349
4127 2348
4128 2347
4129 2346
4130 2345
4131 2345
4132 2344
4133 2343
4134 2342
4134 2341
4135 2340
4136 2339
4136 2338
4136 2337
4137 2336
4138 2335
4138 2334
4139 2333
4140 2332
4141 2331
4142 2330
4143 2329
4143 2328
4143 2327
4144 2326
4144 2325
4144 2324
4144 2323
4144 2322
4144 2321
4145 2320
4145 2319
4145 2318
4145 2317
4145 2316
4145 2315
4145 2314
4145 2313
4145 2312
4145 2311
4145 2310
4145 2309
4145 2308
4145 2307
4145 2306
4145 2305
4145 2304
4146 2303
4146 2302
4147 2301
4147 2300
4147 2299
4148 2298
4148 2297
4149 2296
4149 2295
4149 2294
4149 2293
4149 2292
4150 2291
4150 2290
4150 2289
4150 2288
4150 2287
4150 2286
4150 2285
4151 2284
4152 2283
4152 2282
4153 2281
4153 2280
4154 2279
4155 2278
4156 2277
4156 2276
4157 2275
4158 2274
4158 2273
4159 2272
4159 2271
4160 2270
4160 2269
4161 2268
4161 2267
4162 2266
4163 2265
4163 2264
4164 2263
4165 2262
4165 2261
4166 2260
4166 2259
4167 2258
4167 2257
4168 2256
4168 2255
4169 2254
4169 2253
4170 2252
4171 2251
4171 2250
4171 2249
4172 2248
4172 2247
4173 2246
4174 2245
4174 2244
4175 2243
4176 2242
4177 2241
4177 2240
4178 2239
4178 2238
4179 2237
4179 2236
4179 2235
4180 2234
4180 2233
4181 2232
4182 2231
4183 2230
4183 2229
4183 2228
4183 2227
4184 2226
4184 2225
4184 2224
4185 2223
4186 2222
4186 2221
4187 2220
4187 2219
4188 2218
4188 2217
4189 2216
4190 2215
4190 2214
4191 2213
4191 2212
4192 2211
4192 2210
4193 2209
4193 2208
4194 2207
4194 2206
4195 2205
4195 2204
4195 2203
4196 2202
4196 2201
4197 2200
4197 2199
4197 2198
4198 2197
4198 2196
4199 2195
4199 2194
4199 2193
4200 2192
4200 2191
4201 2190
4201 2189
4201 2188
4202 2187
4202 2186
4202 2185
4202 2184
4203 2183
4203 2182
4203 2181
4203 2180
4203 2179
4204 2178
4204 2177
4204 2176
4204 2175
4205 2174
4205 2173
4205 2172
4205 2171
4205 2170
4205 2169
4205 2168
4205 2167
4205 2166
4205 2165
4205 2164
4205 2163
4205 2162
4205 2161
4205 2160
4205 2159
4205 2158
4205 2157
4205 2156
4205 2155
4205 2154
4205 2153
4205 2152
4205 2151
4205 2150
4205 2149
4205 2148
4205 2147
4205 2146
4205 2145
4205 2144
4205 2143
4205 2142
4205 2141
4205 2140
4205 2139
4205 2138
4205 2137
4205 2136
4205 2135
4204 2134
4204 2133
4203 2132
4203 2131
4203 2130
4202 2129
4202 2128
4202 2127
4201 2126
4201 2125
4201 2124
4200 2123
4200 2122
4199 2121
4198 2120
4197 2119
4196 2118
4196 2117
4195 2116
4194 2115
4193 2114
4192 2113
4191 2112
4190 2111
4190 2110
4189 2109
4188 2108
4188 2107
4187 2106
4187 2105
4186 2104
4186 2103
4185 2102
4185 2101
4185 2100
4184 2099
4184 2098
4184 2097
4184 2096
4184 2095
4183 2094
4183 2093
4183 2092
4182 2091
4182 2090
4181 2089
4181 2088
4181 2087
4180 2086
4180 2085
4179 2084
4179 2083
4179 2082
4178 2081
4178 2080
4178 2079
4178 2078
4177 2077
4177 2076
4177 2075
4176 2074
4176 2073
4175 2072
4174 2071
4174 2070
4173 2069
4172 2068
4172 2067
4171 2066
4170 2065
4170 2064
4169 2063
4168 2062
4168 2061
4167 2060
4166 2059
4166 2058
4165 2057
4165 2056
4164 2055
4164 2054
4163 2053
4162 2052
4162 2051
4161 2050
4161 2049
4161 2048
4160 2047
4160 2046
4160 2045
4159 2044
4159 2043
4159 2042
4159 2041
4159 2040
4159 2039
4158 2038
4158 2037
4157 2036
4157 2035
4156 2034
4156 2033
4155 2032
4155 2031
4155 2030
4154 2029
4154 2028
4154 2027
4154 2026
4153 2025
4153 2024
4153 2023
4152 2022
4152 2021
4151 2020
4151 2019
4150 2018
4150 2017
4149 2016
4148 2015
4148 2014
4148 2013
4147 2012
4147 2011
4147 2010
4147 2009
4147 2008
4146 2007
4146 2006
4146 2005
4146 2004
4145 2003
4145 2002
4144 2001
4144 2000
4143 1999
4143 1998
4143 1997
4142 1996
4142 1995
4142 1994
4141 1993
4141 1992
4141 1991
4141 1990
4141 1989
4140 1988
4140 1987
4140 1986
4140 1985
4140 1984
4140 1983
4140 1982
4140 1981
4140 1980
4140 1979
4140 1978
4139 1977
4139 1976
4139 1975
4139 1974
4139 1973
4138 1972
4138 1971
4138 1970
4137 1969
4137 1968
4136 1967
4136 1966
4135 1965
4135 1964
4135 1963
4135 1962
4134 1961
4134 1960
4134 1959
4134 1958
4134 1957
4134 1956
4134 1955
4134 1954
4134 1953
4134 1952
4134 1951
4134 1950
4133 1949
4133 1948
4132 1947
4132 1946
4131 1945
4131 1944
4130 1943
4130 1942
4129 1941
4129 1940
4129 1939
4128 1938
4127 1937
4126 1936
4125 1935
4124 1934
4124 1933
4123 1932
4122 1931
4121 1930
4120 1929
4119 1928
4118 1927
4117 1926
4116 1925
4115 1924
4114 1923
4113 1922
4112 1922
4111 1921
4110 1920
4109 1920
4108 1919
4107 1918
4106 1918
4105 1917
4104 1917
4103 1916
4102 1916
4101 1915
4100 1914
4099 1914
4098 1913
4097 1912
4096 1911
4095 1911
4094 1910
4093 1910
4092 1910
4091 1909
4090 1909
4089 1909
4088 1909
4087 1909
4086 1909
4085 1908
4084 1908
4083 1908
4082 1907
4081 1907
4080 1906
4079 1906
4078 1905
4077 1905
4076 1905
4075 1904
4074 1903
4073 1902
4072 1901
4071 1900
4070 1899
4069 1898
4068 1897
4067 1896
4066 1895
4065 1894
4064 1894
4063 1893
4062 1893
4061 1892
4060 1892
4059 1891
4058 1890
4057 1889
4056 1889
4055 1888
4054 1888
4053 1887
4052 1887
4051 1886
4050 1886
4049 1885
4048 1884
4048 1883
4047 1882
4046 1881
4046 1880
4045 1879
4044 1878
4044 1877
4043 1876
4042 1875
4041 1874
4041 1873
4040 1872
4039 1871
4038 1870
4037 1869
4036 1869
4035 1868
4034 1867
4033 1866
4032 1865
4031 1864
4030 1863
4030 1862
4029 1861
4028 1860
4027 1859
4026 1858
4026 1857
4025 1856
4024 1855
4023 1854
4023 1853
4022 1852
4022 1851
4022 1850
4021 1849
4021 1848
4021 1847
4020 1846
4019 1845
4018 1844
4018 1843
4017 1842
4016 1841
4016 1840
4015 1839
4015 1838
4014 1837
4014 1836
4013 1835
4012 1834
4012 1833
4011 1832
4011 1831
4010 1830
4009 1829
4009 1828
4008 1827
4007 1826
4007 1825
4006 1824
4005 1823
4005 1822
4004 1821
4004 1820
4003 1819
4003 1818
4002 1817
4001 1816
4001 1815
4000 1814
3999 1813
3999 1812
3998 1811
3998 1810
3997 1809
3997 1808
3996 1807
3995 1806
3994 1805
3993 1804
3993 1803
3992 1802
3992 1801
3991 1800
3990 1799
3990 1798
3989 1797
3988 1796
3987 1795
3987 1794
3986 1793
3985 1793
3984 1792
3983 1791
3982 1790
3981 1789
3981 1788
3980 1787
3979 1786
3978 1785
3977 1784
3976 1783
3976 1782
3975 1781
3974 1780
3973 1779
3973 1778
3972 1777
3971 1776
3970 1775
3969 1774
3968 1773
3968 1772
3967 1771
3966 1770
3965 1769
3964 1768
3963 1767
3962 1766
3961 1765
3960 1764
3959 1763
3958 1763
3957 1762
3956 1761
3955 1760
3954 1759
3953 1758
3952 1758
3951 1757
3950 1756
3949 1755
3948 1755
3947 1754
3946 1753
3945 1753
3944 1752
3943 1751
3942 1750
3941 1749
3940 1748
3939 1748
3938 1747
3937 1746
3936 1745
3935 1744
3934 1744
3933 1743
3932 1742
3931 1742
3930 1742
3929 1741
3928 1741
3927 1740
3926 1740
3925 1739
3924 1738
3923 1737
3922 1737
3921 1736
3920 1735
3919 1735
3918 1734
3917 1733
3916 1733
3915 1732
3914 1731
3913 1731
3912 1730
3911 1729
3910 1728
3909 1728
3908 1727
3907 1726
3906 1726
3905 1725
3904 1725
3903 1725
3902 1724
3901 1724
3900 1724
3899 1723
3898 1723
3897 1723
3896 1723
3895 1723
3894 1723
3893 1722
3892 1722
3891 1722
3890 1721
3889 1721
3888 1721
3887 1720
3886 1720
3885 1720
3884 1720
3883 1719
3882 1719
3881 1719
3880 1718
3879 1718
3878 1718
3877 1718
3876 1717
3875 1717
3874 1717
3873 1717
3872 1717
3871 1717
3870 1716
3869 1716
3868 1716
3867 1715
3866 1715
3865 1715
3864 1714
3863 1714
3862 1713
3861 1713
3860 1712
3859 1712
3858 1712
3857 1711
3856 1711
3855 1711
3854 1711
3853 1711
3852 1710
3851 1710
3850 1710
3849 1710
3848 1710
3847 1710
3846 1710
3845 1710
3844 1710
3843 1710
3842 1710
3841 1709
3840 1709
3839 1709
3838 1709
3837 1709
3836 1709
3835 1709
3834 1709
3833 1708
3832 1708
3831 1707
3830 1707
3829 1707
3828 1706
3827 1706
3826 1705
3825 1705
3824 1704
3823 1703
3822 1702
3821 1702
3820 1701
3819 1701
3818 1700
3817 1700
3816 1700
3815 1700
3814 1699
3813 1699
3812 1699
3811 1699
3810 1699
3809 1698
3808 1698
3807 1698
3806 1697
3805 1697
3804 1696
3803 1696
3802 1695
3801 1695
3800 1694
3799 1694
3798 1694
3797 1693
3796 1693
3795 1693
3794 1692
3793 1692
3792 1691
3791 1691
3790 1690
3789 1689
3788 1689
3787 1689
3786 1688
3785 1688
3784 1688
3783 1687
3782 1687
3781 1686
3780 1686
3779 1685
3778 1684
3777 1684
3776 1683
3775 1683
3774 1682
3773 1682
3772 1681
3771 1680
3770 1680
3769 1679
3768 1678
3767 1677
3766 1676
3765 1676
3764 1675
3763 1674
3762 1673
3761 1672
3760 1671
3759 1670
3758 1669
3757 1668
3756 1667
3755 1666
3754 1666
3753 1665
3752 1665
3751 1664
3750 1664
3749 1664
3748 1663
3747 1663
3746 1663
3745 1662
3744 1662
3743 1661
3742 1661
3741 1660
3740 1659
3739 1658
3738 1657
3737 1657
3736 1656
3735 1655
3734 1655
3733 1654
3732 1654
3731 1653
3730 1653
3729 1652
3728 1652
3727 1651
3726 1651
3725 1650
3724 1650
3723 1649
3722 1648
3721 1647
3720 1646
3719 1645
3718 1644
3717 1643
3716 1642
3715 1642
3714 1641
3713 1641
3712 1640
3711 1640
3710 1639
3709 1638
3708 1638
3707 1637
3706 1636
3705 1635
3704 1635
3703 1634
3702 1634
3701 1634
3700 1634
3699 1633
3698 1633
3697 1633
3696 1633
3695 1633
3694 1632
3693 1632
3692 1631
3691 1631
3690 1630
3689 1630
3688 1629
3687 1629
3686 1629
3685 1628
3684 1628
3683 1628
3682 1628
3681 1628
3680 1627
3679 1627
3678 1627
3677 1627
3676 1627
3675 1627
3674 1626
3673 1626
3672 1626
3671 1626
3670 1626
3669 1626
3668 1626
3667 1626
3666 1626
3665 1625
3664 1625
3663 1625
3662 1625
3661 1625
3660 1625
3659 1625
3658 1625
3657 1625
3656 1625
3655 1625
3654 1625
3653 1625
3652 1625
3651 1625
3650 1625
3649 1625
3648 1625
3647 1625
3646 1625
3645 1625
3644 1625
3643 1625
3642 1625
3641 1625
