2445 1548
2444 1549
2443 1549
2442 1549
2441 1550
2440 1550
2439 1550
2438 1551
2437 1551
2436 1551
2435 1552
2434 1552
2433 1552
2432 1552
2431 1552
2430 1553
2429 1553
2428 1554
2427 1554
2426 1555
2425 1555
2424 1556
2423 1557
2422 1558
2421 1558
2420 1559
2419 1560
2418 1561
2417 1562
2416 1562
2415 1563
2414 1563
2413 1564
2412 1564
2411 1564
2410 1565
2409 1565
2408 1565
2407 1565
2406 1566
2405 1566
2404 1566
2403 1566
2402 1567
2401 1567
2400 1568
2399 1569
2398 1569
2397 1570
2396 1570
2395 1571
2394 1571
2393 1572
2392 1573
2391 1573
2390 1574
2389 1575
2388 1576
2387 1576
2386 1577
2385 1577
2384 1577
2383 1578
2382 1578
2381 1578
2380 1579
2379 1579
2378 1579
2377 1580
2376 1581
2375 1581
2374 1582
2373 1583
2372 1584
2371 1584
2370 1585
2369 1586
2368 1587
2367 1588
2366 1589
2365 1589
2364 1590
2363 1590
2362 1591
2361 1591
2360 1591
2359 1592
2358 1592
2357 1593
2356 1593
2355 1594
2354 1595
2353 1595
2352 1596
2351 1596
2350 1597
2349 1597
2348 1597
2347 1598
2346 1598
2345 1599
2344 1599
2343 1600
2342 1601
2341 1602
2340 1603
2339 1604
2338 1604
2337 1605
2336 1605
2335 1605
2334 1605
2333 1606
2332 1606
2331 1606
2330 1606
2329 1606
2328 1606
2327 1606
2326 1606
2325 1606
2324 1606
2323 1606
2322 1607
2321 1607
2320 1607
2319 1607
2318 1607
2317 1607
2316 1607
2315 1607
2314 1607
2313 1607
2312 1607
2311 1607
2310 1607
2309 1607
2308 1607
2307 1608
2306 1608
2305 1608
2304 1608
2303 1609
2302 1609
2301 1610
2300 1610
2299 1611
2298 1611
2297 1612
2296 1612
2295 1613
2294 1613
2293 1614
2292 1615
2291 1615
2290 1616
2289 1616
2288 1617
2287 1618
2286 1618
2285 1619
2284 1619
2283 1619
2282 1620
2281 1620
2280 1621
2279 1621
2278 1622
2277 1622
2276 1623
2275 1623
2274 1624
2273 1624
2272 1625
2271 1626
2270 1626
2269 1627
2268 1627
2267 1628
2266 1628
2265 1629
2264 1629
2263 1630
2262 1630
2261 1631
2260 1631
2259 1632
2258 1632
2257 1633
2256 1634
2255 1634
2254 1635
2253 1635
2252 1636
2251 1637
2250 1637
2249 1638
2248 1638
2247 1639
2246 1640
2245 1641
2244 1641
2243 1642
2242 1643
2241 1644
2240 1644
2239 1645
2238 1646
2237 1646
2236 1647
2235 1648
2234 1648
2233 1649
2232 1650
2231 1651
2230 1652
2229 1652
2228 1653
2227 1654
2226 1655
2225 1656
2224 1657
2223 1658
2222 1658
2221 1659
2220 1660
2219 1661
2218 1661
2217 1662
2216 1663
2215 1663
2214 1664
2213 1665
2212 1665
2211 1666
2210 1666
2209 1667
2208 1667
2207 1668
2206 1668
2205 1669
2204 1670
2203 1670
2202 1671
2201 1672
2200 1672
2199 1673
2198 1673
2197 1674
2196 1675
2195 1675
2194 1676
2193 1676
2192 1677
2191 1678
2190 1679
2189 1680
2188 1681
2187 1682
2186 1683
2185 1684
2184 1685
2183 1686
2182 1686
2181 1687
2180 1688
2179 1688
2178 1689
2177 1689
2176 1690
2175 1690
2174 1690
2173 1691
2172 1692
2171 1692
2170 1693
2169 1694
2168 1695
2167 1696
2166 1696
2165 1697
2164 1697
2163 1698
2162 1698
2161 1698
2160 1699
2159 1700
2159 1701
2159 1702
2158 1703
2158 1704
2158 1705
2158 1706
2158 1707
2158 1708
2158 1709
2158 1710
2158 1711
2158 1712
2158 1713
2158 1714
2158 1715
2158 1716
2158 1717
2158 1718
2158 1719
2157 1720
2157 1721
2157 1722
2157 1723
2157 1724
2157 1725
2156 1726
2155 1727
2154 1728
2154 1729
2153 1730
2152 1731
2151 1732
2150 1733
2150 1734
2149 1735
2148 1736
2147 1737
2147 1738
2146 1739
2145 1739
2144 1740
2143 1741
2142 1742
2142 1743
2141 1744
2141 1745
2140 1746
2140 1747
2139 1748
2139 1749
2139 1750
2138 1751
2137 1752
2136 1753
2135 1754
2135 1755
2135 1756
2134 1757
2134 1758
2133 1759
2133 1760
2133 1761
2132 1762
2131 1763
2130 1763
2129 1763
2128 1764
2128 1765
2127 1766
2127 1767
2127 1768
2127 1769
2126 1770
2126 1771
2125 1772
2124 1773
2124 1774
2123 1775
2122 1776
2121 1777
2120 1778
2119 1778
2118 1779
2117 1780
2116 1781
2116 1782
2115 1783
2115 1784
2114 1785
2114 1786
2113 1787
2112 1788
2112 1789
2111 1790
2110 1791
2109 1792
2109 1793
2108 1794
2107 1795
2106 1796
2105 1797
2104 1798
2103 1799
2102 1800
2101 1801
2101 1802
2100 1803
2100 1804
2100 1805
2099 1806
2099 1807
2099 1808
2098 1809
2098 1810
2097 1811
2097 1812
2096 1813
2096 1814
2095 1815
2095 1816
2094 1817
2094 1818
2094 1819
2093 1820
2092 1821
2091 1822
2090 1822
2089 1823
2088 1823
2088 1824
2087 1825
2086 1826
2086 1827
2085 1828
2084 1829
2084 1830
2083 1831
2083 1832
2082 1833
2082 1834
2081 1835
2081 1836
2080 1837
2080 1838
2079 1839
2079 1840
2078 1841
2078 1842
2077 1843
2077 1844
2076 1845
2076 1846
2075 1847
2075 1848
2074 1849
2074 1850
2073 1851
2072 1852
2072 1853
2071 1854
2070 1855
2069 1856
2068 1857
2067 1858
2066 1859
2065 1859
2064 1860
2063 1861
2062 1862
2061 1863
2061 1864
2060 1865
2059 1866
2058 1867
2057 1867
2056 1868
2055 1869
2054 1870
2054 1871
2053 1872
2053 1873
2052 1874
2051 1875
2051 1876
2050 1877
2049 1878
2049 1879
2048 1880
2048 1881
2048 1882
2047 1883
2047 1884
2047 1885
2046 1886
2046 1887
2045 1888
2044 1888
2043 1888
2042 1889
2041 1889
2040 1890
2039 1890
2038 1891
2037 1892
2036 1893
2035 1893
2034 1894
2033 1894
2032 1895
2031 1895
2030 1896
2029 1896
2028 1897
2027 1897
2026 1898
2025 1899
2024 1899
2023 1900
2022 1901
2022 1902
2021 1903
2020 1904
2019 1905
2018 1906
2017 1907
2016 1907
2015 1908
2014 1909
2013 1909
2012 1909
2011 1910
2010 1910
2009 1910
2008 1911
2007 1912
2006 1913
2005 1914
2004 1915
2003 1916
2002 1917
2001 1918
2000 1919
1999 1920
1998 1920
1997 1921
1996 1921
1995 1921
1994 1922
1993 1922
1992 1923
1991 1924
1990 1925
1989 1926
1988 1926
1987 1927
1986 1927
1985 1928
1984 1928
1983 1929
1982 1929
1981 1930
1980 1931
1979 1932
1978 1933
1977 1933
1976 1934
1975 1935
1974 1935
1973 1935
1972 1936
1971 1937
1970 1938
1969 1939
1968 1939
1967 1940
1966 1940
1965 1941
1964 1941
1963 1941
1962 1942
1961 1943
1960 1943
1959 1944
1958 1945
1957 1945
1956 1946
1955 1946
1954 1947
1953 1947
1952 1948
1952 1949
1951 1950
1950 1951
1949 1952
1949 1953
1948 1954
1947 1955
1946 1956
1945 1957
1944 1958
1943 1959
1942 1959
1941 1960
1940 1960
1939 1961
1938 1962
1937 1963
1936 1964
1935 1965
1934 1965
1933 1966
1932 1966
1931 1967
1930 1967
1929 1968
1928 1968
1927 1968
1926 1969
1925 1970
1924 1971
1923 1971
1922 1972
1921 1972
1920 1972
1919 1973
1918 1973
1917 1974
1916 1974
1915 1974
1914 1975
1913 1975
1912 1975
1911 1976
1910 1976
1909 1976
1908 1977
1907 1977
1906 1978
1905 1978
1904 1979
1903 1979
1902 1980
1901 1981
1900 1981
1899 1982
1898 1982
1897 1983
1896 1983
1895 1984
1894 1984
1893 1985
1892 1985
1891 1986
1890 1986
1889 1986
1888 1987
1887 1987
1886 1987
1885 1988
1884 1988
1883 1988
1882 1988
1881 1988
1880 1988
1879 1989
1878 1989
1877 1989
1876 1989
1875 1989
1874 1990
1873 1990
1872 1991
1871 1991
1870 1992
1869 1992
1868 1993
1867 1993
1866 1994
1865 1994
1864 1994
1863 1994
1862 1995
1861 1995
1860 1995
1859 1995
1858 1996
1857 1996
1856 1996
1855 1996
1854 1996
1853 1996
1852 1996
1851 1996
1850 1997
1849 1997
1848 1997
1847 1998
1846 1998
1845 1999
1844 1999
1843 2000
1842 2000
1841 2000
1840 2001
1839 2001
1838 2001
1837 2002
1836 2002
1835 2002
1834 2003
1833 2003
1832 2004
1831 2004
1830 2004
1829 2005
1828 2005
1827 2006
1826 2006
1825 2007
1824 2007
1823 2008
1822 2008
1821 2009
1820 2009
1819 2010
1818 2010
1817 2010
1816 2011
1815 2011
1814 2012
1813 2012
1812 2013
1811 2013
1810 2013
1809 2014
1808 2014
1807 2014
1806 2014
1805 2014
1804 2015
1803 2015
1802 2015
1801 2015
1800 2015
1799 2015
1798 2015
1797 2016
1796 2016
1795 2016
1794 2016
1793 2017
1792 2017
1791 2017
1790 2018
1789 2018
1788 2019
1787 2019
1786 2019
1785 2020
1784 2020
1783 2020
1782 2020
1781 2020
1780 2020
1779 2021
1778 2021
1777 2021
1776 2021
1775 2021
1774 2021
1773 2022
1772 2022
1771 2022
1770 2022
1769 2022
1768 2022
1767 2022
1766 2023
1765 2023
1764 2023
1763 2023
1762 2024
1761 2024
1760 2024
1759 2025
1758 2025
1757 2026
1756 2026
1755 2026
1754 2027
1753 2027
1752 2027
1751 2028
1750 2028
1749 2028
1748 2028
1747 2028
1746 2029
1745 2029
1744 2029
1743 2029
1742 2029
1741 2029
1740 2029
1739 2029
1738 2029
1737 2029
1736 2030
1735 2030
1734 2031
1733 2031
1732 2032
1731 2032
1730 2032
1729 2033
1728 2033
1727 2033
1726 2033
1725 2034
1724 2034
1723 2034
1722 2034
1721 2034
1720 2034
1719 2035
1718 2035
1717 2035
1716 2035
1715 2035
1714 2036
1713 2036
1712 2037
1711 2037
1710 2038
1709 2038
1708 2039
1707 2039
1706 2040
1705 2041
1704 2041
1703 2042
1702 2043
1701 2043
1700 2044
1699 2045
1698 2045
1697 2046
1696 2046
1695 2047
1694 2047
1693 2048
1692 2048
1691 2048
1690 2049
1689 2049
1688 2050
1687 2050
1686 2051
1685 2051
1684 2051
1683 2052
1682 2052
1681 2053
1680 2053
1679 2053
1678 2054
1677 2054
1676 2055
1675 2055
1674 2056
1673 2056
1672 2057
1671 2057
1670 2058
1669 2058
1668 2059
1667 2059
1666 2059
1665 2060
1664 2060
1663 2060
1662 2061
1661 2061
1660 2061
1659 2061
1658 2062
1657 2062
1656 2062
1655 2062
1654 2062
1653 2062
1652 2062
1651 2062
1650 2062
1649 2063
1648 2063
1647 2064
1646 2065
1645 2065
1644 2066
1643 2066
1642 2067
1641 2067
1640 2067
1639 2067
1638 2068
1637 2068
1636 2068
1635 2069
1634 2070
1633 2070
1632 2071
1631 2072
1630 2072
1629 2073
1628 2073
1627 2074
1626 2074
1625 2074
1624 2074
1623 2075
1622 2076
1621 2076
1620 2077
1619 2078
1618 2079
1617 2079
1616 2080
1615 2081
1614 2082
1613 2082
1612 2083
1611 2084
1610 2084
1609 2085
1608 2086
1607 2086
1606 2087
1605 2087
1604 2088
1603 2088
1602 2089
1601 2089
1600 2090
1599 2091
1598 2091
1597 2091
1596 2092
1595 2092
1594 2093
1593 2093
1592 2094
1591 2094
1590 2095
1589 2095
1588 2095
1587 2096
1586 2096
1585 2097
1584 2097
1583 2098
1582 2098
1581 2099
1580 2099
1579 2100
1578 2100
1577 2101
1576 2101
1575 2102
1574 2102
1573 2103
1572 2103
1571 2104
1570 2104
1569 2104
1568 2105
1567 2105
1566 2106
1565 2106
1564 2107
1563 2107
1562 2108
1561 2108
1560 2109
1559 2109
1558 2110
1557 2111
1556 2112
1555 2112
1554 2113
1553 2114
1552 2115
1551 2115
1550 2116
1549 2117
1548 2117
1547 2118
1546 2118
1545 2119
1544 2119
1543 2120
1542 2120
1541 2121
1540 2121
1539 2122
1538 2122
1537 2123
1536 2123
1535 2124
1534 2124
1533 2125
1532 2125
1531 2125
1530 2126
1529 2126
1528 2127
1527 2127
1526 2127
1525 2128
1524 2128
1523 2129
1522 2129
1521 2129
1520 2130
1519 2130
1518 2130
1517 2131
1516 2131
1515 2131
1514 2131
1513 2132
1512 2132
1511 2132
1510 2133
1509 2133
1508 2133
1507 2134
1506 2134
1505 2134
1504 2135
1503 2135
1502 2135
1501 2136
1500 2136
1499 2136
1498 2137
1497 2137
1496 2137
1495 2138
1494 2138
1493 2139
1492 2139
1491 2140
1490 2140
1489 2141
1488 2141
1487 2142
1486 2142
1485 2143
1484 2143
1483 2143
1482 2144
1481 2144
1480 2145
1479 2145
1478 2145
1477 2145
1476 2146
1475 2146
1474 2146
1473 2146
1472 2146
1471 2147
1470 2147
1469 2147
1468 2147
1467 2147
1466 2147
1465 2147
1464 2147
1463 2148
1462 2148
1461 2148
1460 2149
1459 2149
1458 2149
1457 2150
1456 2150
1455 2150
1454 2151
1453 2151
1452 2151
1451 2152
1450 2152
1449 2152
1448 2152
1447 2152
1446 2152
1445 2153
1444 2153
1443 2153
1442 2153
1441 2153
1440 2154
1439 2154
1438 2154
1437 2155
1436 2155
1435 2155
1434 2155
1433 2156
1432 2156
1431 2156
1430 2157
1429 2157
1428 2157
1427 2158
1426 2158
1425 2158
1424 2159
1423 2159
1422 2160
1421 2160
1420 2161
1419 2161
1418 2162
1417 2162
1416 2163
1415 2163
1414 2163
1413 2164
1412 2164
1411 2165
1410 2165
1409 2166
1408 2166
1407 2167
1406 2167
1405 2168
1404 2168
1403 2169
1402 2169
1401 2170
1400 2170
1399 2171
1398 2171
1397 2171
1396 2172
1395 2172
1394 2173
1393 2173
1392 2174
1391 2174
1390 2174
1389 2175
1388 2175
1387 2176
1386 2176
1385 2177
1384 2177
1383 2178
1382 2178
1381 2178
1380 2179
1379 2179
1378 2179
1377 2179
1376 2180
1375 2180
1374 2180
1373 2181
1372 2181
1371 2182
1370 2182
1369 2182
1368 2183
1367 2183
1366 2183
1365 2184
1364 2184
1363 2184
1362 2185
1361 2185
1360 2185
1359 2185
1358 2186
1357 2186
1356 2186
1355 2186
1354 2186
1353 2186
1352 2187
1351 2187
1350 2187
1349 2187
1348 2188
1347 2188
1346 2188
1345 2188
1344 2189
1343 2189
1342 2189
1341 2189
1340 2190
1339 2190
1338 2190
1337 2191
1336 2191
1335 2191
1334 2191
1333 2192
1332 2192
1331 2192
1330 2192
1329 2192
1328 2193
1327 2193
1326 2193
1325 2193
1324 2193
1323 2193
1322 2193
1321 2193
1320 2194
1319 2194
1318 2194
1317 2194
1316 2195
1315 2195
1314 2195
1313 2196
1312 2196
1311 2196
1310 2197
1309 2197
1308 2198
1307 2198
1306 2198
1305 2198
1304 2199
1303 2199
1302 2199
1301 2199
1300 2200
1299 2200
1298 2200
1297 2200
1296 2201
1295 2201
1294 2201
1293 2201
1292 2202
1291 2202
1290 2202
1289 2202
1288 2202
1287 2203
1286 2203
1285 2204
1284 2204
1283 2204
1282 2205
1281 2205
1280 2206
1279 2206
1278 2206
1277 2207
1276 2207
1275 2208
1274 2208
1273 2208
1272 2209
1271 2209
1270 2209
1269 2210
1268 2210
1267 2210
1266 2210
1265 2211
1264 2211
1263 2211
1262 2212
1261 2212
1260 2212
1259 2212
1258 2212
1257 2212
1256 2212
1255 2213
1254 2213
1253 2213
1252 2213
1251 2213
1250 2213
1249 2214
1248 2214
1247 2214
1246 2214
1245 2214
1244 2215
1243 2215
1242 2215
1241 2215
1240 2216
1239 2216
1238 2216
1237 2216
1236 2217
1235 2217
1234 2217
1233 2218
1232 2218
1231 2218
1230 2218
1229 2219
1228 2219
1227 2219
1226 2219
1225 2219
1224 2219
1223 2219
1222 2220
1221 2220
1220 2220
1219 2220
1218 2220
1217 2220
1216 2220
1215 2221
1214 2221
1213 2222
1212 2222
1211 2222
1210 2223
1209 2223
1208 2223
1207 2224
1206 2224
1205 2224
1204 2225
1203 2225
1202 2225
1201 2225
1200 2225
1199 2226
1198 2226
1197 2226
1196 2226
1195 2226
1194 2226
1193 2226
1192 2226
1191 2227
1190 2227
1189 2227
1188 2227
1187 2227
1186 2228
1185 2228
1184 2228
1183 2229
1182 2229
1181 2229
1180 2229
1179 2230
1178 2230
1177 2230
1176 2231
1175 2231
1174 2231
1173 2232
1172 2232
1171 2232
1170 2233
1169 2233
1168 2233
1167 2233
1166 2234
1165 2234
1164 2235
1163 2235
1162 2236
1161 2236
1160 2236
1159 2237
1158 2237
1157 2238
1156 2238
1155 2238
1154 2238
1153 2239
1152 2239
1151 2239
1150 2239
1149 2239
1148 2239
1147 2240
1146 2240
1145 2240
1144 2240
1143 2240
1142 2240
1141 2240
1140 2240
1139 2240
1138 2240
1137 2241
1136 2241
1135 2241
1134 2241
1133 2241
1132 2241
1131 2241
1130 2241
1129 2241
1128 2241
1127 2241
1126 2241
1125 2241
1124 2241
1123 2241
1122 2241
1121 2241
1120 2241
1119 2242
1118 2242
1117 2242
1116 2242
1115 2243
1114 2243
1113 2243
1112 2244
1111 2244
1110 2244
1109 2245
1108 2245
1107 2245
1106 2245
1105 2245
1104 2246
1103 2246
1102 2246
1101 2246
1100 2246
1099 2246
1098 2246
1097 2246
1096 2246
1095 2246
1094 2247
1093 2247
1092 2247
1091 2247
1090 2247
1089 2247
1088 2247
1087 2247
1086 2247
1085 2247
1084 2247
1083 2247
1082 2248
1081 2248
1080 2248
1079 2248
1078 2249
1077 2249
1076 2249
1075 2250
1074 2250
1073 2250
1072 2251
1071 2251
1070 2251
1069 2251
1068 2252
1067 2252
1066 2252
1065 2252
1064 2252
1063 2252
1062 2253
1061 2253
1060 2253
1059 2253
1058 2253
1057 2253
1056 2253
1055 2253
1054 2254
1053 2254
1052 2254
1051 2254
1050 2255
1049 2255
1048 2255
1047 2255
1046 2256
1045 2256
1044 2257
1043 2257
1042 2257
1041 2258
1040 2258
1039 2258
1038 2259
1037 2259
1036 2259
1035 2259
1034 2259
1033 2259
1032 2260
1031 2260
1030 2260
1029 2260
1028 2260
1027 2260
1026 2260
1025 2260
1024 2260
1023 2260
1022 2260
1021 2261
1020 2261
1019 2261
1018 2262
1017 2262
1016 2262
1015 2262
1014 2263
1013 2263
1012 2264
1011 2264
1010 2264
1009 2264
1008 2265
1007 2265
1006 2265
1005 2265
1004 2265
1003 2266
1002 2266
1001 2266
1000 2266
999 2266
998 2266
997 2267
996 2267
995 2267
994 2267
993 2267
992 2268
991 2268
990 2268
989 2268
988 2269
987 2269
986 2270
985 2270
984 2270
983 2271
982 2271
981 2271
980 2272
979 2272
978 2272
977 2272
976 2273
975 2273
974 2273
973 2273
972 2273
971 2273
970 2274
969 2274
968 2274
967 2275
966 2275
965 2276
964 2276
963 2277
962 2277
961 2277
960 2278
959 2278
958 2279
957 2279
956 2279
955 2280
954 2280
953 2281
952 2281
951 2282
950 2282
949 2283
948 2283
947 2283
946 2284
945 2284
944 2285
943 2285
942 2285
941 2286
940 2286
939 2287
938 2287
937 2287
936 2288
935 2288
934 2288
933 2289
932 2289
931 2289
930 2290
929 2290
928 2291
927 2291
926 2291
925 2292
924 2292
923 2292
922 2293
921 2293
920 2294
919 2294
918 2294
917 2295
916 2295
915 2295
914 2296
913 2296
912 2296
911 2296
910 2297
909 2297
908 2298
907 2298
906 2299
905 2299
904 2300
903 2300
902 2301
901 2302
900 2302
899 2303
898 2303
897 2304
896 2304
895 2304
894 2305
893 2305
892 2305
891 2305
890 2305
889 2306
888 2306
887 2306
886 2306
885 2307
884 2307
883 2307
882 2308
881 2308
880 2309
879 2309
878 2310
877 2310
876 2311
875 2312
874 2312
873 2313
872 2314
871 2314
870 2315
869 2316
868 2316
867 2317
866 2317
865 2318
864 2319
863 2319
862 2320
861 2320
860 2320
859 2321
858 2321
857 2322
856 2322
855 2323
854 2323
853 2323
852 2324
851 2324
850 2324
849 2324
848 2325
847 2325
846 2326
845 2327
844 2328
843 2328
842 2329
841 2330
840 2330
839 2331
838 2332
837 2332
836 2333
835 2333
834 2334
833 2334
832 2335
831 2336
830 2336
829 2337
828 2337
827 2338
826 2338
825 2339
824 2339
823 2340
822 2340
821 2341
820 2341
819 2342
818 2342
817 2343
816 2343
815 2343
814 2344
813 2344
812 2345
811 2345
810 2346
809 2346
808 2347
807 2347
806 2348
805 2348
804 2349
803 2349
802 2350
801 2350
800 2351
799 2351
798 2352
797 2353
796 2353
795 2353
794 2354
793 2354
792 2355
791 2355
790 2356
789 2356
788 2357
787 2357
786 2357
785 2358
784 2358
783 2359
782 2359
781 2360
780 2360
779 2361
778 2361
777 2362
776 2362
775 2363
774 2363
773 2363
772 2363
771 2364
770 2364
769 2364
768 2364
767 2365
766 2365
765 2365
764 2365
763 2365
762 2366
761 2366
760 2366
759 2367
758 2367
757 2367
756 2368
755 2368
754 2368
753 2369
752 2369
751 2369
750 2370
749 2370
748 2370
747 2370
746 2371
745 2371
744 2371
743 2371
742 2371
741 2371
740 2371
739 2372
738 2372
737 2372
736 2372
735 2372
734 2372
733 2372
732 2372
731 2372
730 2373
729 2373
728 2374
727 2374
726 2374
725 2375
724 2375
723 2375
722 2376
721 2376
720 2376
719 2376
718 2376
717 2377
716 2377
715 2377
714 2377
713 2377
712 2378
711 2378
710 2378
709 2379
708 2379
707 2379
706 2380
705 2380
704 2380
703 2381
702 2381
701 2382
700 2382
699 2382
698 2383
697 2383
696 2383
695 2384
694 2384
693 2385
692 2385
691 2386
690 2386
689 2386
688 2387
687 2387
686 2388
685 2388
684 2389
683 2389
682 2389
681 2389
680 2390
679 2390
678 2390
677 2390
676 2391
675 2391
674 2391
673 2391
672 2391
671 2391
670 2392
669 2392
668 2392
667 2393
666 2393
665 2393
664 2393
663 2394
662 2394
661 2394
660 2394
659 2395
658 2395
657 2395
656 2395
655 2396
654 2396
653 2396
652 2396
651 2397
650 2397
649 2397
648 2397
647 2397
646 2397
645 2397
644 2398
643 2398
642 2398
641 2398
640 2399
639 2399
638 2399
637 2399
636 2400
635 2400
634 2400
633 2401
632 2401
631 2401
630 2402
629 2402
628 2402
627 2403
626 2403
625 2403
624 2403
623 2404
622 2404
621 2404
620 2404
619 2404
618 2404
617 2405
616 2405
615 2405
614 2405
613 2405
612 2405
611 2405
610 2405
609 2405
608 2405
607 2405
606 2405
605 2406
604 2406
603 2406
602 2407
601 2407
600 2408
599 2408
598 2408
597 2409
596 2409
595 2410
594 2410
593 2410
592 2411
591 2411
590 2411
589 2412
588 2412
587 2412
586 2413
585 2413
584 2414
583 2414
582 2415
581 2415
580 2415
579 2416
578 2416
577 2416
576 2417
575 2417
574 2417
573 2417
572 2418
571 2418
570 2418
569 2418
568 2418
567 2419
566 2419
565 2419
564 2420
563 2420
562 2421
561 2421
560 2421
559 2422
558 2422
557 2422
556 2422
555 2423
554 2423
553 2423
552 2424
551 2424
550 2424
549 2424
548 2424
547 2424
546 2425
545 2425
544 2425
543 2425
542 2425
541 2425
540 2425
539 2425
538 2425
537 2425
538 2425
539 2425
540 2425
541 2425
542 2425
543 2425
544 2425
545 2425
546 2425
547 2425
548 2425
549 2425
550 2425
551 2425
552 2425
553 2425
554 2425
555 2425
556 2425
557 2425
558 2425
559 2425
560 2425
561 2425
562 2425
563 2425
564 2425
565 2425
566 2425
567 2425
568 2425
569 2425
570 2425
571 2425
572 2425
573 2425
574 2425
575 2425
576 2425
577 2425
578 2425
579 2425
580 2425
581 2425
582 2425
583 2425
584 2425
585 2425
586 2425
587 2425
588 2425
589 2425
590 2425
591 2425
592 2425
593 2425
594 2425
595 2425
596 2425
597 2425
598 2425
599 2425
600 2425
601 2425
602 2425
603 2425
604 2424
605 2424
606 2423
607 2423
608 2423
609 2422
610 2422
611 2422
612 2421
613 2421
614 2420
615 2420
616 2420
617 2419
618 2419
619 2418
620 2418
621 2417
622 2417
623 2416
624 2416
625 2415
626 2415
627 2415
628 2415
629 2414
630 2414
631 2414
632 2414
633 2414
634 2413
635 2413
636 2413
637 2413
638 2413
639 2413
640 2413
641 2413
642 2413
643 2412
644 2412
645 2411
646 2411
647 2410
648 2410
649 2410
650 2409
651 2409
652 2409
653 2408
654 2408
655 2408
656 2408
657 2408
658 2407
659 2407
660 2407
661 2407
662 2407
663 2407
664 2407
665 2406
666 2406
667 2406
668 2406
669 2406
670 2406
671 2406
672 2406
673 2406
674 2406
675 2406
676 2406
677 2406
678 2406
679 2406
680 2406
681 2406
682 2406
683 2406
684 2406
685 2406
686 2406
687 2406
688 2406
689 2406
690 2406
691 2406
692 2406
693 2406
694 2406
695 2406
696 2406
697 2406
698 2406
699 2406
700 2406
701 2406
702 2406
703 2406
704 2406
705 2406
706 2406
707 2406
708 2406
709 2406
710 2406
711 2406
712 2406
713 2406
714 2406
715 2406
716 2406
717 2406
718 2406
719 2406
720 2406
721 2405
722 2405
723 2405
724 2404
725 2404
726 2404
727 2403
728 2403
729 2403
730 2402
731 2402
732 2402
733 2402
734 2401
735 2401
736 2401
737 2401
738 2401
739 2401
740 2400
741 2400
742 2400
743 2400
744 2400
745 2400
746 2400
747 2399
748 2399
749 2399
750 2398
751 2397
752 2396
753 2396
754 2396
755 2395
756 2395
757 2395
758 2395
759 2394
760 2394
761 2394
762 2394
763 2394
764 2394
765 2394
766 2393
767 2393
768 2393
769 2393
770 2393
771 2393
772 2393
773 2393
774 2393
775 2393
776 2393
777 2393
778 2392
779 2392
780 2392
781 2391
782 2391
783 2390
784 2390
785 2390
786 2390
787 2389
788 2389
789 2389
790 2388
791 2388
792 2388
793 2387
794 2387
795 2386
796 2385
797 2384
798 2384
799 2383
800 2383
801 2382
802 2382
803 2382
804 2381
805 2381
806 2381
807 2381
808 2380
809 2380
810 2380
811 2380
812 2380
813 2380
814 2380
815 2380
816 2380
817 2380
818 2380
819 2380
820 2380
821 2380
822 2380
823 2379
824 2379
825 2379
826 2379
827 2379
828 2379
829 2379
830 2379
831 2379
832 2379
833 2379
834 2379
835 2379
836 2379
837 2379
838 2379
839 2379
840 2379
841 2379
842 2379
843 2378
844 2378
845 2378
846 2377
847 2377
848 2376
849 2376
850 2375
851 2375
852 2375
853 2374
854 2374
855 2374
856 2374
857 2374
858 2374
859 2374
860 2374
861 2374
862 2373
863 2373
864 2373
865 2373
866 2373
867 2373
868 2373
869 2372
870 2372
871 2371
872 2371
873 2370
874 2370
875 2370
876 2369
877 2369
878 2369
879 2368
880 2368
881 2368
882 2368
883 2367
884 2367
885 2367
886 2367
887 2367
888 2367
889 2367
890 2367
891 2367
892 2367
893 2366
894 2366
895 2366
896 2366
897 2366
898 2366
899 2366
900 2366
901 2366
902 2366
903 2366
904 2366
905 2366
906 2366
907 2366
908 2366
909 2366
910 2366
911 2366
912 2366
913 2366
914 2366
915 2366
916 2366
917 2366
918 2365
919 2365
920 2364
921 2364
922 2363
923 2363
924 2363
925 2362
926 2362
927 2362
928 2361
929 2360
930 2360
931 2359
932 2359
933 2358
934 2358
935 2357
936 2357
937 2357
938 2356
939 2356
940 2356
941 2355
942 2355
943 2355
944 2355
945 2355
946 2354
947 2354
948 2354
949 2354
950 2354
951 2354
952 2354
953 2354
954 2354
955 2353
956 2353
957 2353
958 2353
959 2353
960 2353
961 2353
962 2353
963 2353
964 2353
965 2353
966 2353
967 2353
968 2353
969 2353
970 2353
971 2353
972 2353
973 2353
974 2353
975 2353
976 2353
977 2353
978 2353
979 2353
980 2353
981 2353
982 2353
983 2353
984 2353
985 2353
986 2353
987 2353
988 2353
989 2353
990 2353
991 2353
992 2353
993 2353
994 2353
995 2353
996 2353
997 2353
998 2353
999 2353
1000 2353
1001 2353
1002 2353
1003 2353
1004 2353
1005 2353
1006 2353
1007 2353
1008 2353
1009 2353
1010 2353
1011 2353
1012 2353
1013 2353
1014 2353
1015 2353
1016 2353
1017 2353
1018 2353
1019 2353
1020 2353
1021 2353
1022 2353
1023 2353
1024 2353
1025 2353
1026 2353
1027 2353
1028 2353
1029 2353
1030 2353
1031 2353
1032 2353
1033 2353
1034 2353
1035 2353
1036 2353
1037 2353
1038 2353
1039 2353
1040 2353
1041 2353
1042 2353
1043 2353
1044 2353
1045 2353
1046 2353
1047 2353
1048 2353
1049 2353
1050 2353
1051 2353
1052 2353
1053 2353
1054 2353
1055 2353
1056 2354
1057 2354
1058 2354
1059 2355
1060 2355
1061 2356
1062 2356
1063 2356
1064 2356
1065 2357
1066 2357
1067 2357
1068 2357
1069 2357
1070 2358
1071 2358
1072 2358
1073 2358
1074 2358
1075 2358
1076 2358
1077 2358
1078 2358
1079 2358
1080 2358
1081 2358
1082 2359
1083 2359
1084 2359
1085 2359
1086 2359
1087 2359
1088 2359
1089 2359
1090 2359
1091 2359
1092 2359
1093 2359
1094 2359
1095 2359
1096 2360
1097 2360
1098 2360
1099 2361
1100 2361
1101 2362
1102 2362
1103 2362
1104 2362
1105 2362
1106 2363
1107 2363
1108 2363
1109 2363
1110 2364
1111 2364
1112 2364
1113 2364
1114 2364
1115 2364
1116 2364
1117 2365
1118 2365
1119 2365
1120 2365
1121 2365
1122 2365
1123 2365
1124 2365
1125 2365
1126 2365
1127 2365
1128 2366
1129 2366
1130 2366
1131 2366
1132 2367
1133 2367
1134 2368
1135 2368
1136 2369
1137 2369
1138 2370
1139 2370
1140 2370
1141 2371
1142 2371
1143 2371
1144 2371
1145 2371
1146 2371
1147 2371
1148 2372
1149 2372
1150 2372
1151 2372
1152 2372
1153 2372
1154 2372
1155 2372
1156 2372
1157 2372
1158 2372
1159 2372
1160 2372
1161 2372
1162 2372
1163 2373
1164 2373
1165 2373
1166 2373
1167 2374
1168 2374
1169 2375
1170 2375
1171 2375
1172 2376
1173 2376
1174 2377
1175 2378
1176 2379
1177 2379
1178 2380
1179 2381
1180 2381
1181 2382
1182 2382
1183 2382
1184 2383
1185 2383
1186 2383
1187 2383
1188 2384
1189 2384
1190 2384
1191 2384
1192 2384
1193 2384
1194 2384
1195 2385
1196 2385
1197 2385
1198 2385
1199 2385
1200 2385
1201 2385
1202 2385
1203 2385
1204 2385
1205 2385
1206 2385
1207 2385
1208 2385
1209 2385
1210 2385
1211 2385
1212 2385
1213 2386
1214 2386
1215 2386
1216 2386
1217 2386
1218 2386
1219 2386
1220 2386
1221 2386
1222 2386
1223 2387
1224 2388
1225 2388
1226 2388
1227 2389
1228 2389
1229 2389
1230 2389
1231 2390
1232 2390
1233 2390
1234 2391
1235 2391
1236 2391
1237 2391
1238 2391
1239 2391
1240 2391
1241 2391
1242 2391
1243 2391
1244 2392
1245 2392
1246 2392
1247 2392
1248 2392
1249 2392
1250 2392
1251 2392
1252 2392
1253 2392
1254 2392
1255 2392
1256 2392
1257 2392
1258 2392
1259 2392
1260 2392
1261 2392
1262 2392
1263 2392
1264 2393
1265 2393
1266 2393
1267 2394
1268 2394
1269 2394
1270 2395
1271 2395
1272 2395
1273 2396
1274 2396
1275 2396
1276 2396
1277 2396
1278 2397
1279 2397
1280 2397
1281 2397
1282 2397
1283 2397
1284 2398
1285 2398
1286 2398
1287 2398
1288 2398
1289 2398
1290 2398
1291 2398
1292 2398
1293 2398
1294 2399
1295 2399
1296 2399
1297 2399
1298 2399
1299 2399
1300 2399
1301 2399
1302 2399
1303 2399
1304 2399
1305 2399
1306 2399
1307 2399
1308 2399
1309 2399
1310 2399
1311 2399
1312 2399
1313 2399
1314 2399
1315 2399
1316 2399
1317 2399
1318 2399
1319 2400
1320 2400
1321 2400
1322 2401
1323 2401
1324 2401
1325 2402
1326 2402
1327 2402
1328 2402
1329 2403
1330 2403
1331 2403
1332 2403
1333 2404
1334 2404
1335 2404
1336 2404
1337 2404
1338 2404
1339 2404
1340 2404
1341 2405
1342 2405
1343 2405
1344 2405
1345 2406
1346 2406
1347 2407
1348 2408
1349 2408
1350 2408
1351 2409
1352 2409
1353 2409
1354 2410
1355 2410
1356 2410
1357 2411
1358 2412
1359 2413
1360 2414
1361 2414
1362 2415
1363 2415
1364 2416
1365 2416
1366 2416
1367 2417
1368 2417
1369 2418
1370 2418
1371 2419
1372 2420
1373 2420
1374 2420
1375 2421
1376 2421
1377 2422
1378 2422
1379 2422
1380 2422
1381 2423
1382 2423
1383 2423
1384 2423
1385 2424
1386 2424
1387 2424
1388 2424
1389 2424
1390 2424
1391 2424
1392 2424
1393 2425
1394 2425
1395 2425
1396 2426
1397 2426
1398 2427
1399 2428
1400 2428
1401 2428
1402 2429
1403 2429
1404 2429
1405 2430
1406 2430
1407 2431
1408 2431
1409 2432
1410 2432
1411 2433
1412 2433
1413 2434
1414 2434
1415 2435
1416 2435
1417 2436
1418 2436
1419 2436
1420 2437
1421 2437
1422 2437
1423 2437
1424 2437
1425 2438
1426 2438
1427 2438
1428 2438
1429 2438
1430 2438
1431 2438
1432 2438
1433 2438
1434 2438
1435 2438
1436 2438
1437 2438
1438 2438
1439 2438
1440 2438
1441 2438
1442 2438
1443 2438
1444 2438
1445 2438
1446 2438
1447 2438
1448 2438
1449 2438
1450 2438
1451 2438
1452 2438
1453 2438
1454 2439
1455 2439
1456 2439
1457 2440
1458 2440
1459 2440
1460 2441
1461 2441
1462 2442
1463 2442
1464 2442
1465 2442
1466 2443
1467 2443
1468 2443
1469 2443
1470 2443
1471 2444
1472 2444
1473 2444
1474 2444
1475 2444
1476 2444
1477 2444
1478 2444
1479 2445
1480 2446
1481 2446
1482 2447
1483 2447
1484 2448
1485 2448
1486 2449
1487 2449
1488 2449
1489 2449
1490 2450
1491 2450
1492 2450
1493 2450
1494 2450
1495 2450
1496 2451
1497 2451
1498 2451
1499 2452
1500 2453
1501 2454
1502 2455
1503 2456
1504 2457
1505 2458
1506 2458
1507 2459
1508 2460
1509 2460
1510 2461
1511 2462
1512 2462
1513 2463
1514 2464
1515 2464
1516 2465
1517 2465
1518 2466
1519 2467
1520 2467
1521 2468
1522 2468
1523 2468
1524 2469
1525 2469
1526 2469
1527 2469
1528 2470
1529 2470
1530 2470
1531 2470
1532 2471
1533 2471
1534 2471
1535 2471
1536 2471
1537 2471
1538 2471
1539 2471
1540 2471
1541 2471
1542 2471
1543 2471
1544 2472
1545 2473
1546 2473
1547 2474
1548 2474
1549 2475
1550 2475
1551 2475
1552 2476
1553 2476
1554 2476
1555 2476
1556 2477
1557 2477
1558 2477
1559 2477
1560 2477
1561 2478
1562 2478
1563 2478
1564 2479
1565 2479
1566 2480
1567 2480
1568 2481
1569 2481
1570 2481
1571 2482
1572 2482
1573 2483
1574 2483
1575 2484
1576 2485
1577 2486
1578 2487
1579 2487
1580 2488
1581 2488
1582 2489
1583 2489
1584 2490
1585 2490
1586 2491
1587 2491
1588 2492
1589 2492
1590 2493
1591 2493
1592 2494
1593 2494
1594 2494
1595 2495
1596 2495
1597 2495
1598 2495
1599 2496
1600 2496
1601 2497
1602 2497
1603 2498
1604 2498
1605 2499
1606 2499
1607 2500
1608 2500
1609 2501
1610 2501
1611 2501
1612 2502
1613 2502
1614 2502
1615 2502
1616 2502
1617 2503
1618 2503
1619 2503
1620 2504
1621 2504
1622 2505
1623 2505
1624 2506
1625 2506
1626 2507
1627 2507
1628 2508
1629 2508
1630 2509
1631 2509
1632 2509
1633 2510
1634 2510
1635 2511
1636 2511
1637 2512
1638 2512
1639 2513
1640 2513
1641 2514
1642 2514
1643 2515
1644 2515
1645 2516
1646 2516
1647 2517
1648 2517
1649 2518
1650 2519
1651 2519
1652 2520
1653 2520
1654 2521
1655 2521
1656 2521
1657 2522
1658 2522
1659 2522
1660 2522
1661 2523
1662 2524
1663 2524
1664 2525
1665 2525
1666 2526
1667 2526
1668 2527
1669 2528
1670 2528
1671 2528
1672 2529
1673 2529
1674 2529
1675 2529
1676 2529
1677 2529
1678 2530
1679 2530
1680 2530
1681 2530
1682 2530
1683 2530
1684 2530
1685 2530
1686 2530
1687 2530
1688 2531
1689 2531
1690 2531
1691 2531
1692 2532
1693 2532
1694 2533
1695 2533
1696 2534
1697 2534
1698 2535
1699 2535
1700 2536
1701 2537
1702 2538
1703 2539
1704 2539
1705 2540
1706 2540
1707 2541
1708 2541
1709 2541
1710 2542
1711 2542
1712 2542
1713 2543
1714 2543
1715 2544
1716 2544
1717 2545
1718 2545
1719 2546
1720 2546
1721 2547
1722 2548
1723 2548
1724 2548
1725 2549
1726 2549
1727 2549
1728 2550
1729 2550
1730 2551
1731 2551
1732 2552
1733 2552
1734 2553
1735 2553
1736 2554
1737 2554
1738 2554
1739 2555
1740 2555
1741 2555
1742 2555
1743 2556
1744 2556
1745 2556
1746 2556
1747 2556
1748 2556
1749 2557
1750 2557
1751 2557
1752 2558
1753 2559
1754 2560
1755 2561
1756 2561
1757 2562
1758 2563
1759 2564
1760 2565
1761 2565
1762 2566
1763 2567
1764 2568
1765 2569
1766 2570
1767 2570
1768 2570
1769 2570
1770 2570
1771 2570
1772 2570
1773 2570
1774 2570
1775 2570
1776 2570
1777 2570
1778 2570
1779 2570
1780 2570
1781 2571
1782 2571
1783 2571
1784 2571
1785 2572
1786 2572
1787 2573
1788 2573
1789 2574
1790 2574
1791 2574
1792 2574
1793 2575
1794 2575
1795 2575
1796 2575
1797 2576
1798 2576
1799 2576
1800 2576
1801 2577
1802 2578
1803 2578
1804 2579
1805 2580
1806 2580
1807 2581
1808 2581
1809 2582
1810 2583
1810 2584
1811 2585
1811 2586
1812 2587
1813 2587
1814 2588
1815 2589
1816 2590
1817 2591
1818 2592
1818 2593
1819 2594
1820 2595
1821 2596
1821 2597
1822 2598
1823 2599
1823 2600
1824 2601
1824 2602
1825 2603
1826 2604
1827 2605
1828 2606
1829 2607
1830 2608
1830 2609
1831 2610
1832 2611
1833 2612
1834 2613
1835 2613
1836 2614
1837 2615
1838 2616
1839 2617
1840 2618
1841 2619
1842 2620
1843 2621
1844 2622
1845 2622
1846 2623
1847 2624
1848 2625
1849 2626
1850 2626
1851 2626
1852 2627
1853 2628
1854 2629
1855 2630
1856 2631
1857 2632
1858 2633
1859 2633
1860 2634
1861 2634
1862 2635
1863 2636
1863 2637
1864 2638
1865 2639
1866 2640
1867 2641
1868 2642
1869 2643
1869 2644
1870 2645
1871 2646
1872 2647
1873 2648
1874 2649
1874 2650
1875 2651
1876 2652
1877 2653
1878 2654
1878 2655
1879 2656
1880 2657
1880 2658
1881 2659
1881 2660
1882 2661
1882 2662
1882 2663
1883 2664
1884 2665
1884 2666
1885 2667
1886 2668
1887 2669
1887 2670
1888 2671
1889 2672
1889 2673
1890 2674
1891 2675
1891 2676
1892 2677
1893 2678
1894 2679
1895 2680
1896 2681
1896 2682
1897 2683
1898 2684
1899 2685
1900 2686
1901 2687
1902 2688
1902 2689
1903 2690
1904 2691
1904 2692
1905 2693
1906 2694
1906 2695
1907 2696
1908 2697
1909 2698
1910 2699
1910 2700
1910 2701
1911 2702
1911 2703
1911 2704
1912 2705
1913 2706
1914 2707
1915 2708
1915 2709
1916 2710
1916 2711
1916 2712
1917 2713
1918 2714
1918 2715
1919 2716
1920 2717
1921 2718
1922 2719
1923 2720
1924 2721
1925 2722
1926 2723
1926 2724
1927 2725
1928 2726
1929 2727
1929 2728
1930 2729
1931 2730
1932 2731
1933 2732
1934 2733
1935 2734
1936 2735
1937 2736
1938 2737
1939 2738
1940 2739
1941 2740
1941 2741
1942 2742
1942 2743
1942 2744
1943 2745
1943 2746
1943 2747
1944 2748
1944 2749
1945 2750
1946 2751
1947 2752
1948 2753
1949 2754
1949 2755
1950 2756
1951 2757
1952 2758
1953 2759
1954 2760
1954 2761
1955 2762
1956 2763
1956 2764
1957 2765
1958 2766
1958 2767
1959 2768
1960 2769
1960 2770
1961 2771
1961 2772
1962 2773
1962 2774
1963 2775
1963 2776
1964 2777
1965 2777
1966 2778
1967 2779
1968 2780
1968 2781
1969 2782
1970 2782
1971 2783
1972 2784
1973 2785
1974 2786
1974 2787
1975 2788
1976 2789
1977 2790
1978 2791
1979 2791
1980 2792
1981 2793
1982 2794
1983 2794
1984 2795
1985 2796
1986 2797
1986 2798
1987 2799
1988 2800
1989 2801
1990 2802
1990 2803
1991 2803
1992 2804
1993 2805
1994 2806
1995 2807
1995 2808
1996 2809
1996 2810
1997 2811
1998 2812
1999 2812
2000 2813
2001 2814
2002 2815
2003 2816
2004 2816
2005 2817
2006 2817
2007 2818
2008 2818
2009 2818
2010 2819
2011 2819
2012 2820
2013 2821
2014 2822
2015 2823
2016 2823
2017 2824
2018 2825
2019 2825
2020 2825
2021 2826
2022 2826
2023 2827
2024 2828
2025 2829
2026 2830
2027 2831
2028 2832
2029 2833
2030 2834
2031 2835
2032 2835
2033 2836
2034 2836
2035 2837
2036 2838
2037 2838
2038 2839
2039 2840
2040 2840
2041 2841
2042 2842
2043 2842
2044 2843
2045 2844
2046 2844
2047 2845
2048 2846
2049 2846
2050 2847
2051 2848
2052 2849
2053 2850
2054 2851
2055 2852
2056 2852
2057 2853
2058 2853
2059 2854
2060 2854
2061 2855
2062 2856
2063 2856
2064 2857
2065 2858
2066 2859
2067 2859
2068 2860
2069 2861
2070 2862
2071 2863
2072 2863
2073 2864
2074 2864
2075 2865
2076 2865
2077 2866
2078 2867
2079 2868
2080 2869
2081 2869
2082 2870
2083 2870
2084 2871
2085 2871
2086 2871
2087 2872
2088 2872
2089 2872
2090 2873
2091 2874
2092 2875
2093 2876
2094 2877
2095 2878
2096 2879
2097 2880
2098 2881
2099 2882
2100 2883
2101 2884
2102 2885
2103 2886
2104 2887
2105 2888
2106 2889
2107 2889
2108 2890
2109 2891
2110 2891
2111 2892
2112 2893
2113 2893
2114 2894
2115 2895
2116 2895
2117 2896
2118 2897
2119 2897
2120 2898
2121 2899
2122 2900
2123 2900
2124 2900
2125 2900
2126 2901
2127 2901
2128 2901
2129 2901
2130 2901
2131 2901
2132 2901
2133 2902
2134 2902
2135 2902
2136 2903
2137 2903
2138 2903
2139 2904
2140 2904
2141 2905
2142 2906
2143 2906
2144 2907
2145 2908
2146 2909
2147 2910
2148 2911
2149 2912
2150 2913
2151 2914
2152 2915
2153 2916
2154 2916
2155 2917
2156 2918
2157 2919
2158 2920
2159 2921
2160 2922
2161 2923
2162 2923
2163 2924
2164 2924
2165 2924
2166 2925
2167 2925
2168 2925
2169 2926
2170 2926
2171 2926
2172 2927
2173 2927
2174 2928
2175 2928
2176 2928
2177 2929
2178 2929
2179 2930
2180 2930
2181 2931
2182 2932
2183 2933
2184 2933
2185 2934
2186 2935
2187 2935
2188 2936
2189 2937
2190 2937
2191 2938
2192 2939
2193 2940
2194 2940
2195 2941
2196 2942
2197 2943
2198 2943
2199 2944
2200 2945
2201 2946
2202 2947
2203 2948
2204 2948
2205 2949
2206 2950
2207 2950
2208 2951
2209 2952
2210 2952
2211 2953
2212 2954
2213 2954
2214 2955
2215 2956
2216 2956
2217 2957
2218 2957
2219 2958
2220 2959
2221 2959
2222 2960
2223 2960
2224 2961
2225 2962
2226 2962
2227 2963
2228 2963
2229 2964
2230 2965
2231 2966
2232 2966
2233 2967
2234 2968
2235 2968
2236 2969
2237 2970
2238 2971
2239 2971
2240 2972
2241 2973
2242 2973
2243 2974
2244 2974
2245 2975
2246 2975
2247 2976
2248 2976
2249 2977
2250 2978
2251 2978
2252 2979
2253 2980
2254 2981
2255 2981
2256 2982
2257 2982
2258 2983
2259 2983
2260 2984
2261 2984
2262 2984
2263 2985
2264 2985
2265 2986
2266 2987
2267 2988
2268 2989
2269 2989
2270 2990
2271 2991
2272 2992
2273 2992
2274 2993
2275 2994
2276 2995
2277 2995
2278 2996
2279 2996
2280 2997
2281 2998
2282 2999
2283 3000
2284 3001
2285 3001
2286 3002
2287 3003
2288 3004
2289 3004
2290 3005
2290 3006
2291 3007
2292 3008
2293 3009
2294 3009
2295 3010
2296 3010
2297 3011
2298 3012
2298 3013
2299 3014
2300 3015
2300 3016
2300 3017
2300 3018
2301 3019
2301 3020
2301 3021
2302 3022
2303 3023
2304 3023
2305 3023
2306 3024
2307 3025
2308 3026
2309 3027
2310 3028
2311 3028
2312 3029
2313 3030
2314 3031
2315 3032
2316 3032
2317 3033
2318 3034
2319 3035
2320 3036
2321 3036
2322 3037
2323 3038
2324 3039
2324 3040
2325 3041
2326 3042
2327 3043
2328 3044
2329 3045
2330 3046
2331 3047
2332 3047
2333 3048
2334 3049
2335 3050
2336 3051
2337 3052
2338 3053
2339 3054
2340 3055
2341 3056
2342 3057
2343 3058
2343 3059
2344 3060
2345 3060
2346 3061
2347 3062
2348 3062
2349 3063
2350 3063
2351 3063
2352 3064
2353 3065
2354 3066
2355 3066
2356 3067
2357 3067
2358 3068
2359 3068
2360 3069
2361 3069
2362 3070
2363 3071
2364 3072
2365 3073
2365 3074
2366 3075
2366 3076
2367 3077
2367 3078
2368 3079
2368 3080
2369 3081
2370 3082
2371 3083
2372 3084
2372 3085
2373 3086
2374 3087
2374 3088
2375 3089
2376 3090
2376 3091
2377 3092
2378 3093
2379 3094
2379 3095
2380 3096
2381 3097
2382 3098
2383 3098
2384 3099
2385 3100
2386 3100
2387 3101
2387 3102
2388 3103
2389 3104
2390 3105
2391 3106
2392 3107
2393 3107
2394 3108
2395 3108
2396 3109
2397 3110
2398 3110
2399 3111
2400 3112
2401 3113
2402 3114
2403 3114
2404 3115
2405 3115
2406 3116
2407 3116
2408 3116
2409 3117
2410 3117
2411 3117
2412 3117
2413 3118
2414 3118
2415 3118
2416 3119
2417 3119
2418 3120
2419 3121
2420 3121
2421 3121
2422 3122
2423 3122
2424 3122
2425 3123
2426 3123
2427 3123
2428 3124
2429 3124
2430 3124
2431 3124
2432 3125
2433 3125
2434 3126
2435 3126
2436 3126
2437 3127
2438 3127
2439 3128
2440 3128
2441 3129
2442 3129
2443 3129
2444 3130
2445 3130
2446 3130
2447 3131
2448 3132
2449 3132
2450 3133
2451 3133
2452 3134
2453 3134
2454 3135
2455 3135
2456 3136
2457 3136
2458 3136
2459 3137
2460 3137
2461 3137
2462 3137
2463 3137
2464 3137
2465 3138
2466 3138
2467 3138
2468 3138
2469 3138
2470 3138
2471 3138
2472 3138
2473 3138
2474 3138
2475 3138
2476 3138
2477 3138
2478 3138
2479 3139
2480 3139
2481 3139
2482 3140
2483 3140
2484 3141
2485 3141
2486 3142
2487 3142
2488 3143
2489 3143
2490 3143
2491 3144
2492 3144
2493 3144
2494 3144
2495 3144
2496 3144
2497 3145
2498 3145
2499 3145
2500 3145
2501 3145
2502 3145
2503 3145
2504 3145
2505 3145
2506 3145
2507 3145
2508 3145
2509 3145
2510 3145
2511 3145
2512 3145
2513 3145
2514 3145
2515 3145
2516 3145
2517 3145
2518 3145
2519 3145
2520 3145
2521 3145
2522 3145
2523 3145
2524 3145
2525 3145
2526 3145
2527 3145
2528 3145
2529 3145
2530 3145
2531 3145
2532 3145
2533 3145
2534 3145
2535 3145
2536 3145
2537 3145
2538 3145
2539 3145
2540 3145
2541 3145
2542 3145
2543 3145
2544 3145
2545 3145
2546 3145
2547 3145
2548 3145
2549 3145
2550 3145
2551 3145
2552 3145
2553 3145
2554 3145
2555 3145
2556 3145
2557 3145
2558 3145
2559 3145
2560 3145
2561 3145
2562 3145
2563 3145
2564 3145
2565 3145
2566 3145
2567 3145
2568 3145
2569 3145
2570 3145
2571 3145
2572 3145
2573 3145
2574 3145
2575 3145
2576 3145
2577 3145
2578 3145
2579 3145
2580 3145
2581 3145
2582 3145
2583 3145
2584 3145
2585 3145
2586 3145
2587 3145
2588 3145
2589 3145
2590 3145
2591 3145
2592 3145
2593 3144
2594 3144
2595 3144
2596 3143
2597 3143
2598 3142
2599 3142
2600 3142
2601 3142
2602 3141
2603 3141
2604 3141
2605 3141
2606 3140
2607 3140
2608 3140
2609 3140
2610 3139
2611 3139
2612 3139
2613 3138
2614 3137
2615 3137
2616 3136
2617 3136
2618 3135
2619 3135
2620 3135
2621 3134
2622 3134
2623 3134
2624 3133
2625 3133
2626 3133
2627 3133
2628 3133
2629 3132
2630 3132
2631 3131
2632 3130
2633 3130
2634 3129
2635 3129
2636 3129
2637 3128
2638 3128
2639 3128
2640 3127
2641 3126
2642 3125
2643 3125
2644 3124
2645 3123
2646 3123
2647 3122
2648 3122
2649 3121
2650 3121
2651 3121
2652 3120
2653 3120
2654 3119
2655 3118
2656 3117
2657 3117
2658 3116
2659 3115
2660 3114
2661 3113
2662 3112
2663 3112
2664 3111
2665 3110
2666 3110
2667 3109
2668 3109
2669 3108
2670 3108
2671 3108
2672 3108
2673 3107
2674 3107
2675 3106
2676 3105
2677 3105
2678 3104
2679 3104
2680 3103
2681 3103
2682 3103
2683 3102
2684 3102
2685 3102
2686 3101
2687 3101
2688 3101
2689 3101
2690 3101
2691 3101
2692 3100
2693 3100
2694 3100
2695 3100
2696 3100
2697 3100
2698 3100
2699 3100
2700 3100
2701 3100
2702 3099
2703 3099
2704 3098
2705 3097
2706 3097
2707 3096
2708 3096
2709 3096
2710 3095
2711 3095
2712 3095
2713 3094
2714 3094
2715 3094
2716 3094
2717 3094
2718 3094
2719 3093
2720 3093
2721 3092
2721 3091
2722 3090
2722 3089
2722 3088
2723 3087
2724 3086
2725 3085
2726 3084
2727 3083
2728 3083
2729 3082
2730 3082
2731 3082
2732 3081
2733 3080
2734 3079
2735 3078
2736 3078
2737 3077
2738 3077
2739 3076
2740 3076
2741 3076
2742 3075
2743 3075
2744 3075
2745 3075
2746 3074
2747 3074
2748 3074
2749 3074
2750 3074
2751 3074
2752 3073
2753 3073
2754 3072
2755 3072
2756 3071
2757 3070
2758 3070
2759 3069
2760 3069
2761 3069
2762 3068
2763 3068
2764 3068
2765 3068
2766 3068
2767 3068
2768 3068
2769 3067
2770 3067
2771 3067
2772 3067
2773 3067
2774 3067
2775 3067
2776 3067
2777 3067
2778 3067
2779 3067
2780 3067
2781 3067
2782 3067
2783 3067
2784 3066
2785 3066
2786 3066
2787 3066
2788 3066
2789 3066
2790 3066
2791 3066
2792 3066
2793 3066
2794 3066
2795 3066
2796 3066
2797 3066
2798 3066
2799 3066
2800 3066
2801 3066
2802 3066
2803 3066
2804 3066
2805 3066
2806 3066
2807 3066
2808 3066
2809 3066
2810 3066
2811 3066
2812 3066
2813 3066
2814 3066
2815 3066
2816 3066
2817 3066
2818 3066
2819 3066
2820 3066
2821 3066
2822 3066
2823 3066
2824 3066
2825 3066
2826 3066
2827 3066
2828 3066
2829 3066
2830 3066
2831 3066
2832 3066
2833 3066
2834 3066
2835 3066
2836 3066
2837 3066
2838 3066
2839 3066
2840 3066
2841 3066
2842 3066
2843 3066
2844 3066
2845 3066
2846 3066
2847 3066
2848 3066
2849 3066
2850 3066
2851 3066
2852 3066
2853 3066
2854 3066
2855 3066
2856 3066
2857 3066
2858 3066
2859 3066
2860 3066
2861 3066
2862 3066
2863 3066
2864 3066
2865 3066
2866 3066
2867 3066
2868 3066
2869 3066
2870 3066
2871 3066
2872 3066
2873 3066
2874 3066
2875 3066
2876 3066
2877 3066
2878 3066
2879 3066
2880 3066
2881 3066
2882 3066
2883 3066
2884 3066
2885 3066
2886 3066
2887 3066
2888 3066
2889 3066
2890 3066
2891 3066
2892 3066
2893 3066
2894 3066
2895 3066
2896 3066
2897 3066
2898 3066
2899 3066
2900 3066
2901 3065
2902 3065
2903 3064
2904 3064
2905 3064
2906 3063
2907 3063
2908 3063
2909 3062
2910 3062
2911 3062
2912 3062
2913 3061
2914 3061
2915 3061
2916 3060
2917 3060
2918 3059
2919 3058
2919 3057
2920 3056
2921 3055
2922 3054
2923 3054
2924 3054
2925 3054
2926 3053
2927 3053
2928 3053
2929 3053
2930 3053
2931 3053
2932 3053
2933 3053
2934 3053
2935 3053
2936 3053
2937 3053
2938 3053
2939 3053
2940 3053
2941 3053
2942 3053
2943 3053
2944 3053
2945 3053
2946 3054
2947 3054
2948 3054
2949 3054
2950 3054
2951 3055
2952 3055
2953 3055
2954 3055
2955 3056
2956 3056
2957 3056
2958 3056
2959 3056
2960 3057
2961 3057
2962 3057
2963 3057
2964 3057
2965 3058
2966 3058
2967 3058
2968 3058
2969 3058
2970 3058
2971 3058
2972 3058
2973 3059
2974 3059
2975 3059
2976 3059
2977 3059
2978 3059
2979 3059
2980 3059
2981 3060
2982 3060
2983 3060
2984 3061
2985 3061
2986 3061
2987 3062
2988 3062
2989 3062
2990 3063
2991 3063
2992 3063
2993 3063
2994 3064
2995 3064
2996 3064
2997 3064
2998 3064
2999 3064
3000 3064
3001 3064
3002 3065
3003 3065
3004 3065
3005 3065
3006 3065
3007 3066
3008 3066
3009 3066
3010 3067
3011 3067
3012 3067
3013 3067
3014 3068
3015 3068
3016 3068
3017 3069
3018 3069
3019 3070
3020 3070
3021 3071
3022 3071
3023 3072
3024 3072
3025 3072
3026 3073
3027 3073
3028 3074
3029 3074
3030 3075
3031 3075
3032 3075
3033 3076
3034 3076
3035 3076
3036 3077
3037 3077
3038 3077
3039 3077
3040 3077
3041 3078
3042 3078
3043 3078
3044 3078
3045 3078
3046 3078
3047 3078
3048 3078
3049 3079
3050 3079
3051 3079
3052 3079
3053 3079
3054 3079
3055 3079
3056 3079
3057 3079
3058 3079
3059 3079
3060 3079
3061 3079
3062 3079
3063 3079
3064 3079
3065 3079
3066 3079
3067 3079
3068 3079
3069 3079
3070 3079
3071 3079
3072 3079
3073 3079
3074 3079
3075 3079
3076 3079
3077 3079
3078 3079
3079 3079
3080 3079
3081 3079
3082 3079
3083 3079
3084 3079
3085 3079
3086 3079
3087 3079
3088 3079
3089 3079
3090 3080
3091 3080
3092 3080
3093 3080
3094 3081
3095 3081
3096 3081
3097 3082
3098 3082
3099 3082
3100 3083
3101 3083
3102 3083
3103 3083
3104 3084
3105 3084
3106 3084
3107 3084
3108 3084
3109 3084
3110 3085
3111 3085
3112 3085
3113 3085
3114 3085
3115 3085
3116 3085
3117 3085
3118 3085
3119 3085
3120 3085
3121 3085
3122 3085
3123 3085
3124 3085
3125 3085
3126 3085
3127 3085
3128 3085
3129 3086
3130 3086
3131 3086
3132 3086
3133 3086
3134 3086
3135 3086
3136 3086
3137 3086
3138 3086
3139 3087
3140 3087
3141 3087
3142 3087
3143 3087
3144 3088
3145 3088
3146 3088
3147 3089
3148 3089
3149 3089
3150 3089
3151 3089
3152 3090
3153 3090
3154 3090
3155 3090
3156 3090
3157 3090
3158 3091
3159 3091
3160 3091
3161 3092
3162 3092
3163 3092
3164 3093
3165 3093
3166 3093
3167 3094
3168 3094
3169 3095
3170 3095
3171 3095
3172 3096
3173 3096
3174 3097
3175 3097
3176 3098
3177 3098
3178 3099
3179 3099
3180 3100
3181 3100
3182 3101
3183 3101
3184 3102
3185 3102
3186 3103
3187 3103
3188 3103
3189 3103
3190 3104
3191 3104
3192 3104
3193 3104
3194 3104
3195 3104
3196 3104
3197 3105
3198 3105
3199 3105
3200 3105
3201 3105
3202 3105
3203 3105
3204 3105
3205 3105
3206 3105
3207 3105
3208 3105
3209 3105
3210 3105
3211 3105
3212 3105
3213 3105
3214 3105
3215 3105
3216 3105
3217 3105
3218 3105
3219 3105
3220 3105
3221 3105
3222 3105
3223 3105
3224 3106
3225 3106
3226 3106
3227 3106
3228 3106
3229 3106
3230 3106
3231 3106
3232 3106
3233 3106
3234 3106
3235 3106
3236 3106
3237 3106
3238 3106
3239 3106
3240 3106
3241 3106
3242 3106
3243 3106
3244 3106
3245 3106
3246 3106
3247 3106
3248 3106
3249 3106
3250 3106
3251 3106
3252 3106
3253 3106
3254 3106
3255 3106
3256 3106
3257 3106
3258 3106
3259 3106
3260 3106
3261 3106
3262 3106
3263 3106
3264 3106
3265 3106
3266 3106
3267 3106
3268 3106
3269 3106
3270 3106
3271 3106
3272 3106
3273 3106
3274 3106
3275 3106
3276 3106
3277 3106
3278 3106
3279 3106
3280 3106
3281 3106
3282 3106
3283 3106
3284 3106
3285 3106
3286 3106
3287 3106
3288 3106
3289 3106
3290 3106
3291 3106
3292 3106
3293 3106
3294 3106
3295 3106
3296 3106
3297 3106
3298 3106
3299 3106
3300 3106
3301 3106
3302 3106
3303 3106
3304 3106
3305 3106
3306 3105
3307 3105
3308 3105
3309 3104
3310 3104
3311 3104
3312 3103
3313 3103
3314 3102
3315 3102
3316 3102
3317 3102
3318 3101
3319 3101
3320 3101
3321 3101
3322 3100
3323 3100
3324 3100
3325 3100
3326 3099
3327 3099
3328 3098
3329 3098
3330 3097
3331 3097
3332 3096
3333 3096
3334 3095
3335 3094
3336 3094
3337 3093
3338 3092
3339 3091
3340 3091
3341 3090
3342 3089
3342 3088
3343 3087
3343 3086
3343 3085
3343 3084
3344 3083
3344 3082
3344 3081
3345 3080
3346 3079
3347 3078
3347 3077
3348 3076
3349 3075
3349 3074
3349 3073
3350 3072
3350 3071
3351 3070
3351 3069
3351 3068
3351 3067
3351 3066
3351 3065
3352 3064
3352 3063
3352 3062
3352 3061
3352 3060
3352 3059
3352 3058
3352 3057
3352 3056
3352 3055
3353 3054
3353 3053
3354 3052
3355 3051
3355 3050
3356 3049
3356 3048
3357 3047
3358 3046
3358 3045
3359 3044
3360 3043
3361 3042
3361 3041
3362 3040
3362 3039
3363 3038
3363 3037
3364 3036
3364 3035
3364 3034
3364 3033
3364 3032
3364 3031
3365 3030
3365 3029
3365 3028
3365 3027
3365 3026
3365 3025
3365 3024
3365 3023
3365 3022
3365 3021
3365 3020
3365 3019
3365 3018
3365 3017
3365 3016
3365 3015
3365 3014
3365 3013
3365 3012
3365 3011
3365 3010
3365 3009
3365 3008
3365 3007
3365 3006
3365 3005
3365 3004
3365 3003
3365 3002
3365 3001
3365 3000
3365 2999
3365 2998
3365 2997
3365 2996
3365 2995
3365 2994
3365 2993
3365 2992
3365 2991
3365 2990
3365 2989
3365 2988
3365 2987
3365 2986
3365 2985
3365 2984
3365 2983
3365 2982
3365 2981
3365 2980
3365 2979
3365 2978
3365 2977
3365 2976
3365 2975
3365 2974
3365 2973
3365 2972
3365 2971
3365 2970
3365 2969
3365 2968
3365 2967
3365 2966
3365 2965
3365 2964
3365 2963
3365 2962
3365 2961
3365 2960
3365 2959
3365 2958
3365 2957
3365 2956
3365 2955
3365 2954
3365 2953
3365 2952
3365 2951
3365 2950
3365 2949
3365 2948
3365 2947
3365 2946
3365 2945
3365 2944
3365 2943
3365 2942
3365 2941
3365 2940
3365 2939
3365 2938
3365 2937
3365 2936
3364 2935
3364 2934
3364 2933
3363 2932
3363 2931
3362 2930
3362 2929
3362 2928
3362 2927
3362 2926
3362 2925
3361 2924
3361 2923
3361 2922
3360 2921
3360 2920
3360 2919
3360 2918
3359 2917
3359 2916
3359 2915
3358 2914
3358 2913
3357 2912
3357 2911
3357 2910
3356 2909
3356 2908
3356 2907
3355 2906
3355 2905
3355 2904
3355 2903
3354 2902
3354 2901
3354 2900
3354 2899
3354 2898
3354 2897
3353 2896
3353 2895
3353 2894
3353 2893
3352 2892
3352 2891
3352 2890
3351 2889
3351 2888
3350 2887
3350 2886
3349 2885
3349 2884
3349 2883
3348 2882
3347 2881
3346 2880
3346 2879
3345 2878
3344 2877
3344 2876
3343 2875
3342 2874
3342 2873
3341 2873
3340 2872
3339 2871
3338 2870
3338 2869
3337 2868
3337 2867
3336 2866
3336 2865
3335 2864
3335 2863
3335 2862
3335 2861
3334 2860
3334 2859
3334 2858
3334 2857
3334 2856
3333 2855
3333 2854
3333 2853
3332 2852
3331 2851
3331 2850
3330 2849
3330 2848
3329 2847
3328 2846
3328 2845
3327 2844
3327 2843
3327 2842
3327 2841
3327 2840
3327 2839
3327 2838
3327 2837
3327 2836
3326 2835
3326 2834
3326 2833
3326 2832
3326 2831
3326 2830
3326 2829
3326 2828
3326 2827
3326 2826
3326 2825
3326 2824
3326 2823
3326 2822
3326 2821
3326 2820
3326 2819
3326 2818
3326 2817
3326 2816
3326 2815
3326 2814
3326 2813
3326 2812
3326 2811
3326 2810
3327 2809
3328 2809
3329 2809
3330 2810
3331 2810
3332 2810
3333 2810
3334 2811
3335 2811
3336 2811
3337 2811
3338 2812
3339 2812
3340 2812
3341 2813
3342 2813
3343 2813
3344 2813
3345 2814
3346 2814
3347 2814
3348 2814
3349 2815
3350 2815
3351 2815
3352 2816
3353 2816
3354 2817
3355 2817
3356 2818
3357 2819
3358 2819
3359 2820
3360 2821
3361 2822
3362 2823
3363 2823
3364 2824
3365 2824
3366 2825
3367 2826
3367 2827
3368 2828
3368 2829
3369 2830
3369 2831
3370 2832
3371 2833
3371 2834
3372 2835
3373 2836
3374 2837
3375 2838
3376 2839
3377 2840
3378 2841
3379 2842
3380 2843
3380 2844
3381 2845
3381 2846
3382 2847
3383 2848
3384 2849
3385 2850
3386 2851
3386 2852
3387 2853
3387 2854
3388 2855
3388 2856
3389 2857
3390 2858
3391 2859
3392 2860
3392 2861
3393 2862
3393 2863
3394 2864
3394 2865
3395 2866
3396 2867
3397 2868
3398 2868
3399 2869
3400 2870
3401 2871
3402 2872
3403 2873
3404 2874
3405 2875
3406 2875
3407 2876
3408 2877
3409 2878
3410 2879
3411 2880
3412 2881
3413 2882
3414 2883
3415 2884
3416 2885
3417 2886
3418 2886
3419 2887
3420 2888
3421 2889
3422 2890
3423 2891
3424 2891
3425 2892
3426 2893
3427 2894
3428 2895
3429 2896
3430 2897
3431 2898
3432 2899
3433 2900
3434 2901
3435 2902
3436 2903
3437 2904
3438 2905
3439 2906
3440 2907
3441 2908
3442 2909
3443 2910
3444 2911
3445 2912
3446 2913
3447 2914
3448 2915
3449 2916
3449 2917
3450 2918
3451 2919
3451 2920
3452 2921
3453 2922
3454 2923
3454 2924
3455 2925
3456 2926
3457 2927
3458 2928
3459 2929
3460 2929
3461 2930
3462 2930
3463 2931
3464 2932
3465 2932
3466 2933
3467 2934
3468 2934
3469 2935
3470 2936
3471 2936
3472 2937
3473 2938
3474 2939
3475 2939
3476 2940
3477 2941
3478 2942
3478 2943
3479 2944
3480 2945
3481 2946
3481 2947
3482 2948
3483 2949
3484 2950
3484 2951
3485 2952
3486 2953
3487 2954
3488 2955
3488 2956
3489 2957
3490 2957
3491 2958
3492 2959
3493 2960
3494 2960
3495 2961
3496 2961
3497 2962
3498 2962
3499 2963
3500 2963
3501 2964
3502 2965
3503 2965
3504 2966
3505 2967
3506 2967
3507 2968
3508 2969
3509 2970
3510 2970
3511 2971
3512 2972
3513 2973
3514 2974
3515 2975
3516 2976
3517 2977
3518 2978
3519 2979
3520 2980
3521 2981
3522 2982
3523 2982
3524 2983
3525 2983
3526 2984
3527 2985
3528 2985
3529 2986
3530 2987
3531 2988
3532 2989
3533 2989
3534 2990
3535 2990
3536 2990
3537 2991
3538 2992
3539 2993
3540 2993
3541 2994
3542 2995
3543 2995
3544 2996
3545 2997
3545 2998
3546 2998
3547 2999
3548 3000
3549 3001
3550 3002
3551 3003
3552 3003
3553 3004
3554 3005
3555 3006
3556 3007
3557 3007
3558 3008
3559 3009
3560 3009
3561 3010
3562 3010
3563 3011
3564 3012
3565 3013
3566 3013
3567 3014
3568 3015
3569 3015
3570 3016
3571 3016
3572 3017
3573 3018
3574 3019
3575 3019
3576 3020
3577 3021
3578 3021
3579 3022
3580 3022
3581 3023
3582 3023
3583 3023
3584 3024
3585 3025
3586 3026
3587 3027
3588 3028
3589 3028
3590 3029
3591 3029
3592 3030
3593 3031
3594 3032
3595 3033
3596 3033
3597 3034
3598 3035
3599 3036
3600 3037
3601 3038
3602 3038
3603 3039
3604 3040
3605 3040
3606 3041
3607 3041
3608 3042
3609 3042
3610 3043
3611 3043
3612 3044
3613 3045
3614 3045
3615 3046
3616 3046
3617 3047
3618 3047
3619 3048
3620 3048
3621 3049
3622 3049
3623 3050
3624 3051
3625 3051
3626 3052
3627 3052
3628 3053
3629 3054
3630 3054
3631 3055
3632 3055
3633 3056
3634 3057
3635 3057
3636 3058
3637 3059
3638 3059
3639 3060
3640 3061
3641 3062
3642 3063
3643 3063
3644 3064
3645 3065
3646 3066
3647 3067
3648 3068
3649 3068
3650 3069
3651 3069
3652 3069
3653 3069
3654 3070
3655 3070
3656 3070
3657 3070
3658 3070
3659 3071
3660 3071
3661 3072
3662 3072
3663 3072
3664 3073
3665 3073
3666 3074
3667 3074
3668 3075
3669 3075
3670 3075
3671 3076
3672 3076
3673 3077
3674 3077
3675 3078
3676 3078
3677 3079
3678 3079
3679 3080
3680 3080
3681 3081
3682 3081
3683 3081
3684 3082
3685 3082
3686 3082
3687 3082
3688 3083
3689 3083
3690 3083
3691 3083
3692 3084
3693 3084
3694 3084
3695 3084
3696 3084
3697 3084
3698 3084
3699 3084
3700 3085
3701 3085
3702 3085
3703 3085
3704 3085
3705 3085
3706 3085
3707 3085
3708 3085
3709 3085
3710 3085
3711 3085
3712 3085
3713 3085
3714 3086
3715 3086
3716 3086
3717 3086
3718 3087
3719 3087
3720 3087
3721 3088
3722 3088
3723 3089
3724 3089
3725 3089
3726 3090
3727 3090
3728 3090
3729 3090
3730 3090
3731 3091
3732 3091
3733 3092
3734 3092
3735 3093
3736 3094
3737 3094
3738 3095
3739 3095
3740 3095
3741 3095
3742 3096
3743 3096
3744 3096
3745 3096
3746 3097
3747 3097
3748 3097
3749 3097
3750 3097
3751 3097
3752 3097
3753 3097
3754 3098
3755 3098
3756 3098
3757 3098
3758 3098
3759 3099
3760 3099
3761 3099
3762 3099
3763 3099
3764 3100
3765 3100
3766 3100
3767 3100
3768 3101
3769 3101
3770 3101
3771 3101
3772 3102
3773 3102
3774 3102
3775 3103
3776 3103
3777 3103
3778 3103
3779 3103
3780 3104
3781 3104
3782 3104
3783 3104
3784 3104
3785 3104
3786 3104
3787 3104
3788 3105
3789 3105
3790 3105
3791 3105
3792 3106
3793 3106
3794 3106
3795 3107
3796 3107
3797 3107
3798 3108
3799 3108
3800 3109
3801 3109
3802 3109
3803 3110
3804 3110
3805 3110
3806 3110
3807 3110
3808 3111
3809 3111
3810 3111
3811 3111
3812 3111
3813 3111
3814 3111
3815 3112
3816 3112
3817 3112
3818 3112
3819 3113
3820 3113
3821 3113
3822 3114
3823 3114
3824 3115
3825 3115
3826 3115
3827 3115
3828 3116
3829 3116
3830 3116
3831 3117
3832 3117
3833 3117
3834 3118
3835 3118
3836 3119
3837 3119
3838 3120
3839 3120
3840 3120
3841 3121
3842 3121
3843 3121
3844 3122
3845 3122
3846 3122
3847 3123
3848 3123
3849 3123
3850 3123
3851 3124
3852 3124
3853 3124
3854 3125
3855 3125
3856 3125
3857 3126
3858 3126
3859 3126
3860 3127
3861 3127
3862 3127
3863 3128
3864 3128
3865 3128
3866 3129
3867 3129
3868 3129
3869 3129
3870 3129
3871 3130
3872 3130
3873 3130
3874 3130
3875 3130
3876 3130
3877 3130
3878 3131
3879 3131
3880 3131
3881 3131
3882 3131
3883 3132
3884 3132
3885 3132
3886 3132
3887 3133
3888 3133
3889 3133
3890 3134
3891 3134
3892 3134
3893 3135
3894 3135
3895 3136
3896 3136
3897 3136
3898 3136
3899 3136
3900 3137
3901 3137
3902 3137
3903 3137
3904 3137
3905 3137
3906 3137
3907 3137
3908 3137
3909 3138
3910 3138
3911 3138
3912 3138
3913 3139
3914 3139
3915 3140
3916 3140
3917 3140
3918 3141
3919 3141
3920 3141
3921 3142
3922 3142
3923 3142
3924 3142
3925 3142
3926 3143
3927 3143
3928 3143
3929 3143
3930 3143
3931 3143
3932 3143
3933 3144
3934 3144
3935 3144
3936 3144
3937 3144
3938 3144
3939 3144
3940 3144
3941 3144
3942 3144
3943 3144
3944 3144
3945 3145
3946 3145
3947 3145
3948 3145
3949 3145
3950 3145
3951 3145
3952 3145
3953 3145
3954 3145
3955 3145
3956 3145
3957 3145
3958 3145
3959 3145
3960 3145
3961 3145
3962 3145
3963 3145
3964 3145
3965 3145
3966 3145
3967 3145
3968 3145
3969 3145
3970 3145
3971 3145
3972 3145
3973 3145
3974 3145
3975 3145
3976 3145
3977 3145
3978 3145
3979 3145
3980 3145
3981 3145
3982 3145
3983 3145
3984 3145
3985 3145
3986 3145
3987 3145
3988 3145
3989 3145
3990 3145
3991 3145
3992 3145
3993 3145
3994 3145
3995 3145
3996 3145
3997 3145
3998 3145
3999 3145
4000 3145
4001 3145
4002 3145
4003 3145
4004 3145
4005 3145
4006 3145
4007 3145
4008 3145
4009 3145
4010 3145
4011 3145
4012 3145
4013 3145
4014 3145
4015 3145
4016 3145
4017 3145
4018 3145
4019 3145
4020 3145
4021 3145
4022 3145
4023 3144
4024 3144
4025 3144
4026 3144
4027 3143
4028 3143
4029 3143
4030 3142
4031 3142
4032 3141
4033 3141
4034 3141
4035 3140
4036 3140
4037 3140
4038 3139
4039 3139
4040 3139
4041 3138
4042 3138
4043 3137
4044 3137
4045 3137
4046 3136
4047 3136
4048 3135
4049 3134
4050 3133
4051 3133
4052 3132
4053 3131
4054 3131
4055 3130
4056 3129
4057 3128
4058 3128
4059 3127
4060 3126
4061 3125
4062 3124
4063 3124
4064 3123
4065 3123
4066 3122
4067 3121
4068 3121
4069 3120
4070 3120
4071 3119
4072 3118
4073 3118
4074 3117
4075 3117
4076 3116
4077 3115
4078 3115
4079 3114
4080 3114
4081 3113
4082 3113
4083 3112
4084 3111
4085 3111
4086 3110
4087 3110
4088 3110
4089 3109
4090 3109
4091 3108
4092 3107
4092 3106
4093 3105
4094 3104
4095 3103
4095 3102
4096 3101
4097 3100
4098 3099
4099 3098
4100 3098
4101 3098
4102 3097
4103 3097
4104 3097
4105 3096
4106 3096
4107 3095
4108 3094
4109 3094
4110 3093
4111 3093
4112 3092
4113 3091
4114 3091
4115 3090
4116 3089
4117 3089
4118 3088
4119 3087
4120 3086
4121 3086
4122 3085
4123 3084
4124 3083
4125 3083
4126 3082
4127 3081
4128 3081
4129 3080
4130 3079
4131 3078
4132 3077
4133 3077
4134 3076
4135 3075
4136 3074
4137 3073
4138 3072
4139 3072
4140 3071
4141 3071
4142 3070
4143 3069
4144 3069
4145 3068
4146 3067
4147 3066
4148 3066
4149 3065
4150 3064
4151 3063
4152 3062
4153 3061
4154 3061
4155 3060
4156 3060
4157 3059
4158 3058
4159 3058
4160 3057
4161 3056
4162 3056
4163 3055
4164 3054
4165 3053
4166 3052
4167 3051
4168 3050
4169 3049
4169 3048
4170 3047
4171 3046
4171 3045
4172 3044
4173 3043
4173 3042
4174 3041
4175 3040
4176 3039
4176 3038
4177 3037
4178 3036
4179 3035
4180 3034
4181 3033
4181 3032
4182 3031
4183 3030
4184 3029
4185 3028
4186 3027
4187 3026
4188 3025
4189 3024
4189 3023
4190 3022
4191 3021
4192 3020
4193 3019
4194 3018
4195 3017
4196 3016
4197 3015
4198 3014
4199 3013
4200 3012
4201 3011
4202 3010
4202 3009
4203 3008
4204 3007
4205 3006
4205 3005
4206 3004
4206 3003
4207 3002
4207 3001
4208 3000
4209 2999
4209 2998
4210 2997
4211 2996
4211 2995
4212 2994
4212 2993
4213 2992
4213 2991
4214 2990
4214 2989
4215 2988
4215 2987
4216 2986
4216 2985
4217 2984
4217 2983
4218 2982
4218 2981
4219 2980
4219 2979
4220 2978
4220 2977
4220 2976
4221 2975
4221 2974
4221 2973
4221 2972
4222 2971
4222 2970
4222 2969
4223 2968
4223 2967
4224 2966
4224 2965
4224 2964
4225 2963
4225 2962
4226 2961
4226 2960
4226 2959
4227 2958
4227 2957
4227 2956
4227 2955
4228 2954
4228 2953
4228 2952
4228 2951
4228 2950
4229 2949
4229 2948
4229 2947
4229 2946
4229 2945
4229 2944
4230 2943
4230 2942
4230 2941
4230 2940
4230 2939
4230 2938
4230 2937
4230 2936
4230 2935
4230 2934
4230 2933
4230 2932
4230 2931
4229 2930
4229 2929
4229 2928
4229 2927
4228 2926
4228 2925
4228 2924
4228 2923
4227 2922
4227 2921
4227 2920
4226 2919
4226 2918
4226 2917
4225 2916
4225 2915
4225 2914
4224 2913
4224 2912
4223 2911
4223 2910
4223 2909
4222 2908
4222 2907
4222 2906
4221 2905
4220 2904
4219 2903
4218 2902
4217 2901
4216 2900
4215 2899
4214 2898
4214 2897
4213 2896
4212 2895
4211 2894
4211 2893
4210 2892
4209 2891
4208 2890
4207 2889
4206 2888
4206 2887
4205 2886
4204 2885
4204 2884
4203 2883
4202 2882
4202 2881
4201 2880
4200 2879
4200 2878
4199 2877
4198 2876
4198 2875
4197 2874
4196 2873
4196 2872
4195 2871
4195 2870
4194 2869
4194 2868
4193 2867
4192 2866
4192 2865
4191 2864
4190 2863
4189 2862
4189 2861
4188 2860
4187 2859
4186 2858
4186 2857
4185 2856
4184 2855
4184 2854
4183 2853
4182 2852
4182 2851
4181 2850
4180 2849
4179 2848
4178 2847
4177 2846
4176 2845
4176 2844
4175 2843
4175 2842
4174 2841
4173 2840
4172 2839
4171 2838
4170 2837
4169 2836
4169 2835
4168 2834
4167 2833
4166 2832
4165 2831
4165 2830
4164 2829
4163 2828
4162 2827
4161 2826
4160 2825
4159 2824
4158 2823
4157 2823
4156 2822
4155 2821
4154 2820
4153 2819
4152 2819
4151 2818
4150 2817
4149 2816
4148 2815
4147 2814
4146 2814
4145 2813
4144 2812
4143 2812
4142 2811
4141 2811
4140 2811
4139 2811
4138 2810
4137 2809
4136 2808
4135 2807
4134 2806
4133 2805
4132 2805
4131 2804
4131 2803
4130 2802
4129 2801
4128 2800
4127 2799
4126 2798
4125 2797
4124 2796
4123 2796
4122 2795
4121 2794
4120 2793
4119 2793
4118 2792
4117 2791
4116 2791
4115 2790
4114 2790
4113 2789
4112 2788
4111 2788
4110 2787
4109 2787
4108 2786
4107 2786
4106 2785
4105 2785
4104 2784
4103 2783
4102 2783
4101 2782
4100 2781
4099 2780
4098 2780
4097 2779
4096 2778
4095 2777
4094 2776
4093 2776
4092 2775
4091 2774
4090 2774
4089 2773
4088 2772
4087 2772
4086 2771
4085 2770
4084 2769
4083 2768
4082 2768
4081 2767
4080 2767
4079 2767
4078 2766
4077 2766
4076 2766
4075 2765
4074 2765
4073 2764
4072 2764
4071 2763
4070 2762
4069 2762
4068 2761
4067 2761
4066 2760
4065 2760
4064 2759
4063 2759
4062 2758
4061 2758
4060 2757
4059 2757
4058 2756
4057 2755
4056 2755
4055 2754
4054 2754
4053 2753
4052 2753
4051 2753
4050 2752
4049 2752
4048 2752
4047 2752
4046 2751
4045 2751
4044 2751
4043 2750
4042 2750
4041 2749
4040 2749
4039 2748
4038 2747
4037 2747
4036 2746
4035 2746
4034 2745
4033 2744
4032 2744
4031 2743
4030 2742
4029 2742
4028 2741
4027 2741
4026 2740
4025 2740
4024 2739
4023 2738
4022 2738
4021 2737
4020 2736
4019 2736
4018 2735
4017 2735
4016 2734
4015 2734
4014 2733
4013 2732
4012 2731
4011 2731
4010 2730
4009 2729
4008 2729
4007 2728
4006 2728
4005 2727
4004 2727
4003 2726
4002 2726
4001 2726
4000 2726
3999 2725
3998 2725
3997 2725
3996 2724
3995 2724
3994 2723
3993 2722
3992 2722
3991 2721
3990 2721
3989 2720
3988 2719
3987 2718
3986 2718
3985 2717
3984 2716
3983 2715
3982 2715
3981 2714
3980 2713
3979 2712
3978 2711
3977 2710
3976 2710
3975 2709
3974 2708
3973 2708
3972 2708
3971 2707
3970 2707
3969 2706
3968 2706
3967 2705
3966 2705
3965 2704
3964 2704
3963 2703
3962 2702
3961 2702
3960 2701
3959 2701
3958 2700
3957 2700
3956 2700
3955 2700
3954 2699
3953 2699
3952 2699
3951 2698
3950 2698
3949 2698
3948 2697
3947 2697
3946 2697
3945 2696
3944 2696
3943 2695
3942 2695
3941 2694
3940 2694
3939 2694
3938 2693
3937 2692
3936 2692
3935 2691
3934 2690
3933 2689
3932 2689
3931 2688
3930 2688
3929 2687
3928 2687
3927 2686
3926 2686
3925 2685
3924 2685
3923 2684
3922 2684
3921 2684
3920 2683
3919 2683
3918 2682
3917 2682
3916 2681
3915 2681
3914 2681
3913 2681
3912 2680
3911 2680
3910 2680
3909 2680
3908 2679
3907 2679
3906 2679
3905 2679
3904 2679
3903 2679
3902 2678
3901 2678
3900 2678
3899 2678
3898 2677
3897 2677
3896 2676
3895 2675
3894 2675
3893 2674
3892 2674
3891 2674
3890 2673
3889 2673
3888 2673
3887 2672
3886 2672
3885 2671
3884 2670
3883 2670
3882 2669
3881 2668
3880 2668
3879 2667
3878 2666
3877 2665
3876 2664
3875 2664
3874 2663
3873 2662
3872 2662
3871 2661
3870 2661
3869 2660
3868 2660
3867 2659
3866 2658
3865 2657
3864 2657
3863 2656
3862 2655
3861 2654
3860 2654
3859 2653
3858 2652
3857 2651
3856 2651
3855 2650
3854 2649
3853 2649
3852 2648
3851 2647
3850 2647
3849 2646
3848 2645
3847 2644
3846 2643
3845 2642
3844 2641
3843 2640
3843 2639
3842 2638
3841 2637
3840 2636
3839 2635
3839 2634
3838 2633
3838 2632
3838 2631
3837 2630
3837 2629
3836 2628
3836 2627
3836 2626
3835 2625
3835 2624
3834 2623
3833 2622
3832 2621
3831 2620
3830 2619
3829 2618
3829 2617
3829 2616
3829 2615
3829 2614
3829 2613
3828 2612
3828 2611
3828 2610
3828 2609
3828 2608
3828 2607
3828 2606
3828 2605
3828 2604
3828 2603
3828 2602
3828 2601
3828 2600
3828 2599
3829 2598
3829 2597
3830 2596
3830 2595
3831 2594
3832 2593
3832 2592
3833 2591
3834 2590
3835 2589
3836 2588
3836 2587
3837 2586
3838 2585
3839 2584
3840 2583
3841 2582
3842 2582
3843 2581
3844 2580
3845 2579
3846 2579
3847 2578
3848 2577
3849 2576
3850 2575
3851 2574
3852 2573
3853 2572
3854 2571
3855 2571
3856 2570
3857 2570
3858 2569
3859 2569
3860 2568
3861 2568
3862 2568
3863 2567
3864 2567
3865 2567
3866 2567
3867 2566
3868 2566
3869 2566
3870 2566
3871 2566
3872 2566
3873 2566
3874 2565
3875 2565
3876 2565
3877 2565
3878 2565
3879 2565
3880 2565
3881 2565
3882 2565
3883 2565
3884 2565
3885 2565
3886 2564
3887 2564
3888 2564
3889 2564
3890 2564
3891 2564
3892 2564
3893 2564
3894 2564
3895 2564
3896 2564
3897 2564
3898 2564
3899 2564
3900 2564
3901 2564
3902 2564
3903 2564
3904 2564
3905 2564
3906 2564
3907 2564
3908 2564
3909 2564
3910 2564
3911 2564
3912 2564
3913 2564
3914 2564
3915 2564
3916 2563
3917 2563
3918 2562
3919 2561
3920 2561
3921 2561
3922 2561
3923 2560
3924 2560
3925 2560
3926 2560
3927 2559
3928 2559
3929 2559
3930 2558
3931 2558
3932 2557
3933 2556
3934 2555
3935 2554
3936 2553
3937 2552
3938 2551
3939 2550
3940 2549
3941 2548
3942 2548
3943 2547
3944 2546
3945 2545
3946 2544
3947 2543
3948 2543
3949 2542
3950 2542
3951 2541
3952 2541
3952 2540
3953 2539
3954 2538
3955 2537
3956 2536
3957 2535
3957 2534
3958 2533
3958 2532
3958 2531
3958 2530
3958 2529
3959 2528
3959 2527
3959 2526
3959 2525
3958 2524
3958 2523
3958 2522
3957 2521
3957 2520
3957 2519
3957 2518
3956 2517
3956 2516
3956 2515
3956 2514
3955 2513
3955 2512
3955 2511
3955 2510
3954 2509
3954 2508
3953 2507
3953 2506
3952 2505
3952 2504
3951 2503
3951 2502
3950 2501
3950 2500
3950 2499
3949 2498
3949 2497
3949 2496
3948 2495
3948 2494
3948 2493
3948 2492
3948 2491
3948 2490
3947 2489
3947 2488
3947 2487
3948 2486
3949 2485
3950 2484
3951 2483
3952 2483
3953 2482
3954 2482
3955 2481
3956 2481
3957 2481
3958 2481
3959 2480
3960 2480
3961 2480
3962 2480
3963 2480
3964 2480
3965 2479
3966 2479
3967 2479
3968 2479
3969 2479
3970 2479
3971 2479
3972 2479
3973 2479
3974 2479
3975 2478
3976 2478
3977 2477
3978 2477
3979 2477
3980 2476
3981 2476
3982 2475
3983 2474
3984 2474
3985 2473
3986 2472
3987 2471
3988 2470
3989 2470
3990 2469
3991 2469
3992 2468
3993 2468
3994 2467
3995 2466
3996 2465
3997 2465
3998 2464
3999 2463
4000 2462
4001 2461
4002 2461
4003 2460
4004 2459
4005 2458
4006 2457
4007 2457
4008 2456
4009 2456
4010 2455
4011 2455
4012 2455
4013 2454
4014 2454
4015 2453
4015 2452
4016 2451
4017 2450
4017 2449
4018 2448
4019 2447
4019 2446
4019 2445
4019 2444
4019 2443
4019 2442
4018 2441
4018 2440
4017 2439
4017 2438
4016 2437
4016 2436
4015 2435
4015 2434
4014 2433
4014 2432
4013 2431
4013 2430
4013 2429
4012 2428
4012 2427
4011 2426
4011 2425
4010 2424
4010 2423
4010 2422
4010 2421
4009 2420
4009 2419
4008 2418
4008 2417
4007 2416
4007 2415
4006 2414
4005 2413
4005 2412
4004 2411
4004 2410
4003 2409
4003 2408
4002 2407
4002 2406
4001 2405
4000 2404
4000 2403
3999 2403
3998 2402
3997 2401
3996 2400
3995 2399
3994 2398
3993 2397
3993 2396
3992 2395
3992 2394
3991 2393
3991 2392
3991 2391
3990 2390
3989 2389
3988 2388
3987 2387
3986 2386
3986 2385
3985 2384
3985 2383
3984 2382
3984 2381
3983 2380
3983 2379
3982 2378
3981 2377
3981 2376
3980 2375
3979 2374
3978 2373
3978 2372
3977 2371
3977 2370
3976 2369
3975 2368
3975 2367
3974 2366
3973 2365
3972 2364
3972 2363
3971 2362
3971 2361
3970 2360
3970 2359
3969 2358
3969 2357
3969 2356
3968 2355
3967 2354
3967 2353
3966 2352
3965 2351
3965 2350
3964 2349
3963 2348
3962 2347
3961 2346
3961 2345
3960 2344
3959 2343
3959 2342
3958 2341
3958 2340
3957 2339
3957 2338
3957 2337
3956 2336
3956 2335
3955 2334
3955 2333
3954 2332
3954 2331
3953 2330
3952 2329
3952 2328
3951 2327
3951 2326
3950 2325
3950 2324
3950 2323
3949 2322
3949 2321
3949 2320
3949 2319
3949 2318
3948 2317
3948 2316
3948 2315
3948 2314
3948 2313
3948 2312
3948 2311
3948 2310
3948 2309
3948 2308
3947 2307
3947 2306
3947 2305
3947 2304
3947 2303
3946 2302
3945 2301
3945 2300
3945 2299
3944 2298
3944 2297
3943 2296
3943 2295
3943 2294
3943 2293
3942 2292
3942 2291
3942 2290
3942 2289
3942 2288
3942 2287
3941 2286
3941 2285
3941 2284
3941 2283
3941 2282
3941 2281
3941 2280
3941 2279
3941 2278
3940 2277
3940 2276
3939 2275
3939 2274
3938 2273
3937 2272
3936 2271
3936 2270
3935 2269
3934 2268
3934 2267
3933 2266
3932 2265
3932 2264
3931 2263
3931 2262
3930 2261
3930 2260
3930 2259
3929 2258
3929 2257
3929 2256
3929 2255
3929 2254
3928 2253
3928 2252
3928 2251
3928 2250
3928 2249
3928 2248
3928 2247
3928 2246
3928 2245
3927 2244
3927 2243
3927 2242
3926 2241
3925 2240
3925 2239
3924 2238
3924 2237
3923 2236
3923 2235
3923 2234
3922 2233
3922 2232
3922 2231
3922 2230
3922 2229
3921 2228
3921 2227
3921 2226
3921 2225
3921 2224
3921 2223
3921 2222
3921 2221
3921 2220
3921 2219
3921 2218
3921 2217
3921 2216
3921 2215
3921 2214
3921 2213
3920 2212
3920 2211
3920 2210
3920 2209
3920 2208
3921 2207
3921 2206
3921 2205
3921 2204
3921 2203
3922 2202
3922 2201
3922 2200
3923 2199
3923 2198
3923 2197
3924 2196
3924 2195
3924 2194
3925 2193
3925 2192
3925 2191
3925 2190
3925 2189
3925 2188
3925 2187
3926 2186
3926 2185
3926 2184
3926 2183
3927 2182
3927 2181
3927 2180
3928 2179
3928 2178
3929 2177
3929 2176
3929 2175
3930 2174
3930 2173
3930 2172
3931 2171
3931 2170
3931 2169
3931 2168
3932 2167
3932 2166
3932 2165
3932 2164
3932 2163
3933 2162
3933 2161
3933 2160
3934 2159
3934 2158
3935 2157
3935 2156
3936 2155
3936 2154
3936 2153
3936 2152
3937 2151
3937 2150
3937 2149
3937 2148
3937 2147
3938 2146
3938 2145
3938 2144
3938 2143
3938 2142
3938 2141
3938 2140
3939 2139
3939 2138
3939 2137
3939 2136
3939 2135
3939 2134
3939 2133
3939 2132
3940 2131
3940 2130
3940 2129
3941 2128
3941 2127
3941 2126
3942 2125
3942 2124
3943 2123
3943 2122
3943 2121
3944 2120
3944 2119
3944 2118
3944 2117
3944 2116
3945 2115
3945 2114
3945 2113
3945 2112
3945 2111
3945 2110
3945 2109
3946 2108
3946 2107
3946 2106
3947 2105
3947 2104
3947 2103
3947 2102
3948 2101
3948 2100
3948 2099
3949 2098
3949 2097
3949 2096
3950 2095
3950 2094
3950 2093
3951 2092
3951 2091
3951 2090
3951 2089
3951 2088
3951 2087
3952 2086
3952 2085
3952 2084
3952 2083
3952 2082
3952 2081
3952 2080
3952 2079
3952 2078
3953 2077
3953 2076
3953 2075
3953 2074
3953 2073
3953 2072
3953 2071
3953 2070
3953 2069
3953 2068
3953 2067
3953 2066
3953 2065
3953 2064
3953 2063
3953 2062
3953 2061
3953 2060
3953 2059
3953 2058
3953 2057
3953 2056
3953 2055
3953 2054
3953 2053
3953 2052
3953 2051
3953 2050
3953 2049
3953 2048
3953 2047
3953 2046
3953 2045
3953 2044
3953 2043
3953 2042
3953 2041
3952 2040
3952 2039
3952 2038
3952 2037
3951 2036
3951 2035
3951 2034
3950 2033
3950 2032
3950 2031
3949 2030
3949 2029
3948 2028
3948 2027
3948 2026
3948 2025
3948 2024
3947 2023
3946 2022
3945 2021
3944 2020
3943 2019
3942 2018
3941 2017
3940 2016
3939 2015
3938 2014
3937 2013
3936 2012
3935 2011
3934 2010
3933 2009
3932 2008
3931 2007
3930 2006
3929 2005
3928 2004
3927 2003
3926 2002
3925 2001
3924 2000
3923 1999
3922 1999
3921 1998
3920 1997
3919 1996
3918 1995
3917 1995
3916 1994
3915 1993
3914 1992
3913 1992
3912 1991
3911 1990
3910 1990
3909 1989
3908 1988
3907 1987
3906 1987
3905 1986
3904 1985
3903 1984
3902 1983
3901 1983
3900 1982
3899 1981
3899 1980
3898 1979
3898 1978
3897 1978
3896 1977
3895 1976
3894 1975
3894 1974
3893 1973
3892 1972
3892 1971
3891 1970
3891 1969
3890 1968
3890 1967
3889 1966
3889 1965
3888 1964
3887 1963
3887 1962
3886 1961
3885 1960
3885 1959
3884 1958
3884 1957
3883 1956
3883 1955
3882 1954
3882 1953
3881 1952
3880 1951
3880 1950
3879 1949
3878 1948
3877 1947
3877 1946
3876 1945
3875 1944
3874 1943
3873 1942
3872 1941
3872 1940
3871 1939
3871 1938
3870 1937
3869 1936
3868 1935
3867 1934
3867 1933
3866 1932
3865 1931
3865 1930
3865 1929
3864 1928
3864 1927
3863 1926
3862 1925
3861 1924
3860 1923
3860 1922
3859 1921
3859 1920
3858 1919
3857 1918
3856 1917
3855 1917
3854 1916
3853 1915
3852 1914
3851 1913
3850 1912
3849 1911
3848 1911
3847 1910
3846 1909
3845 1908
3844 1907
3843 1906
3842 1905
3841 1904
3840 1903
3839 1902
3838 1901
3837 1900
3837 1899
3836 1898
3835 1897
3834 1896
3833 1896
3832 1895
3831 1894
3830 1893
3829 1892
3828 1891
3827 1891
3826 1890
3825 1889
3824 1889
3823 1889
3822 1888
3821 1888
3820 1888
3819 1887
3818 1887
3817 1887
3816 1887
3815 1887
3814 1886
3813 1886
3812 1886
3811 1886
3810 1886
3809 1886
3808 1886
3807 1886
3806 1886
3805 1886
3804 1886
3803 1885
3802 1885
3801 1885
3800 1885
3799 1885
3798 1885
3797 1885
3796 1885
3795 1885
3794 1885
3793 1885
3792 1885
3791 1885
3790 1885
3789 1885
3788 1885
3787 1885
3786 1885
3785 1885
3784 1885
3783 1885
3782 1885
3781 1885
3780 1885
3779 1885
3778 1885
3777 1885
3776 1885
3775 1885
3774 1885
3773 1885
3772 1885
3771 1885
3770 1885
3769 1885
3768 1885
3767 1885
3766 1885
3765 1885
3764 1885
3763 1885
3762 1885
3761 1885
3760 1885
3759 1885
3758 1885
3757 1885
3756 1885
3755 1885
3754 1885
3753 1885
3752 1885
3751 1885
3750 1885
3749 1885
3748 1885
3747 1885
3746 1885
3745 1885
3744 1885
3743 1885
3742 1885
3741 1885
3740 1885
3739 1885
3738 1885
3737 1885
3736 1885
3735 1885
3734 1885
3733 1885
3732 1885
3731 1885
3730 1885
3729 1885
3728 1885
3727 1885
3726 1885
3725 1885
3724 1885
3723 1885
3722 1885
3721 1885
3720 1885
3719 1885
3718 1885
3717 1885
3716 1885
3715 1885
3714 1885
3713 1885
3712 1885
3711 1885
3710 1885
3709 1885
3708 1884
3707 1884
3706 1884
3705 1883
3704 1883
3703 1883
3702 1882
3701 1882
3700 1882
3699 1882
3698 1881
3697 1881
3696 1881
3695 1881
3694 1880
3693 1880
3692 1880
3691 1880
3690 1880
3689 1880
3688 1880
3687 1879
3686 1879
3685 1879
3684 1878
3683 1878
3682 1878
3681 1877
3680 1877
3679 1876
3678 1876
3677 1875
3676 1874
3675 1874
3674 1873
3673 1872
3672 1871
3671 1870
3670 1870
3669 1869
3668 1868
3667 1868
3666 1867
3665 1867
3664 1866
3663 1866
3662 1865
3661 1865
3660 1864
3659 1864
3658 1863
3657 1863
3656 1862
3655 1862
3654 1862
3653 1861
3652 1860
3651 1859
3650 1858
3649 1857
3648 1857
3647 1856
3646 1855
3645 1854
3644 1853
3643 1852
3642 1851
3641 1851
3640 1850
3639 1850
3638 1849
3637 1849
3636 1848
3635 1848
3634 1847
3633 1846
3632 1846
3631 1845
3630 1844
3629 1844
3628 1843
3627 1842
3626 1841
3625 1841
3624 1840
3623 1839
3622 1838
3621 1838
3620 1837
3619 1836
3618 1835
3617 1834
3616 1833
3615 1832
3614 1831
3613 1830
3612 1829
3611 1828
3610 1827
3609 1826
3608 1825
3607 1824
3606 1823
3605 1822
3604 1821
3603 1820
3603 1819
3602 1818
3601 1818
3600 1817
3599 1816
3598 1815
3597 1814
3597 1813
3596 1812
3595 1812
3594 1811
3593 1811
3592 1810
3591 1809
3590 1809
3589 1808
3588 1808
3587 1807
3586 1806
3585 1806
3584 1805
3583 1804
3582 1803
3581 1802
3580 1801
3579 1801
3578 1801
3577 1800
3576 1799
3575 1799
3574 1798
3573 1797
3572 1797
3571 1797
3570 1796
3569 1796
3568 1796
3567 1795
3566 1795
3565 1795
3564 1795
3563 1795
3562 1794
3561 1794
3560 1793
3559 1793
3558 1792
3557 1792
3556 1791
3555 1791
3554 1790
3553 1790
3552 1790
3551 1789
3550 1789
3549 1788
3548 1788
3547 1787
3546 1787
3545 1787
3544 1786
3543 1786
3542 1785
3541 1785
3540 1784
3539 1784
3538 1783
3537 1783
3536 1783
3535 1782
3534 1782
3533 1782
3532 1781
3531 1781
3530 1780
3529 1780
3528 1779
3527 1778
3526 1778
3525 1777
3524 1776
3523 1776
3522 1775
3521 1774
3520 1773
3519 1773
3518 1772
3517 1772
3516 1771
3515 1771
3514 1770
3513 1770
3512 1770
3511 1769
3510 1769
3509 1769
3508 1768
3507 1768
3506 1767
3505 1767
3504 1766
3503 1766
3502 1765
3501 1765
3500 1764
3499 1763
3498 1763
3497 1762
3496 1762
3495 1761
3494 1760
3493 1760
3492 1759
3491 1758
3490 1757
3489 1757
3488 1756
3487 1755
3486 1754
3485 1754
3484 1753
3483 1752
3482 1752
3481 1751
3480 1751
3479 1750
3478 1749
3477 1748
3476 1748
3475 1747
3474 1746
3473 1745
3472 1745
3471 1744
3470 1743
3469 1743
3468 1742
3467 1741
3466 1740
3465 1740
3464 1739
3463 1738
3462 1738
3461 1737
3460 1737
3459 1736
3458 1735
3457 1735
3456 1734
3455 1733
3454 1732
3453 1731
3452 1730
3451 1729
3450 1728
3449 1727
3448 1727
3447 1726
3446 1726
3445 1725
3444 1724
3443 1724
3442 1723
3441 1723
3440 1722
3439 1722
3438 1721
3437 1721
3436 1720
3435 1720
3434 1719
3433 1718
3432 1718
3431 1717
3430 1717
3429 1716
3428 1716
3427 1715
3426 1715
3425 1714
3424 1714
3423 1713
3422 1712
3421 1712
3420 1711
3419 1710
3418 1710
3417 1710
3416 1709
3415 1709
3414 1709
3413 1708
3412 1708
3411 1708
3410 1707
3409 1707
3408 1706
3407 1706
3406 1705
3405 1704
3404 1704
3403 1703
3402 1703
3401 1702
3400 1701
3399 1701
3398 1700
3397 1699
3396 1698
3395 1698
3394 1697
3393 1697
3392 1696
3391 1696
3390 1696
3389 1695
3388 1695
3387 1695
3386 1695
3385 1695
3384 1694
3383 1694
3382 1693
3381 1693
3380 1693
3379 1692
3378 1692
3377 1691
3376 1691
3375 1690
3374 1690
3373 1690
3372 1689
3371 1689
3370 1688
3369 1688
3368 1687
3367 1687
3366 1686
3365 1685
3364 1684
3363 1684
3362 1683
3361 1682
3360 1681
3359 1680
3358 1679
3357 1679
3356 1678
3355 1678
3354 1677
3353 1676
3352 1675
3351 1675
3350 1674
3349 1673
3348 1672
3347 1672
3346 1671
3345 1670
3344 1670
3343 1670
3342 1669
3341 1668
3340 1668
3339 1667
3338 1666
3337 1666
3336 1665
3335 1664
3334 1663
3333 1663
3332 1662
3331 1661
3330 1660
3329 1659
3328 1658
3327 1657
3326 1656
3325 1655
3325 1654
3324 1653
3323 1653
3322 1652
3321 1651
3320 1651
3319 1650
3318 1650
3317 1649
3316 1648
3315 1648
3314 1647
3313 1646
3312 1645
3311 1644
3310 1644
3309 1644
3308 1643
3307 1642
3306 1642
3305 1641
3304 1640
3303 1640
3302 1639
3301 1638
3300 1638
3299 1637
3298 1637
3297 1637
3296 1636
3295 1636
3294 1635
3293 1635
3292 1635
3291 1634
3290 1634
3289 1633
3288 1632
3287 1632
3286 1631
3285 1630
3284 1630
3283 1629
3282 1628
3281 1628
3280 1627
3279 1626
3278 1625
3277 1624
3276 1624
3275 1623
3274 1622
3273 1621
3272 1620
3271 1619
3270 1619
3269 1618
3268 1618
3267 1617
3266 1617
3265 1617
3264 1616
3263 1616
3262 1615
3261 1614
3260 1613
3259 1613
3258 1612
3257 1612
3256 1611
3255 1611
3254 1611
3253 1610
3252 1610
3251 1610
3250 1610
3249 1609
3248 1609
3247 1609
3246 1609
3245 1609
3244 1609
3243 1609
3242 1609
3241 1608
3240 1608
3239 1608
3238 1608
3237 1608
3236 1608
3235 1608
3234 1608
3233 1607
3232 1607
3231 1607
3230 1607
3229 1606
3228 1606
3227 1605
3226 1605
3225 1605
3224 1604
3223 1604
3222 1604
3221 1604
3220 1604
3219 1603
3218 1603
3217 1603
3216 1603
3215 1603
3214 1602
3213 1602
3212 1602
3211 1602
3210 1602
3209 1602
3208 1602
3207 1602
3206 1602
3205 1601
3204 1601
3203 1601
3202 1601
3201 1601
3200 1601
3199 1601
3198 1600
3197 1600
3196 1600
3195 1599
3194 1599
3193 1599
3192 1598
3191 1598
3190 1598
3189 1597
3188 1597
3187 1597
3186 1597
3185 1596
3184 1596
3183 1596
3182 1596
3181 1595
3180 1595
3179 1595
3178 1595
3177 1595
3176 1595
3175 1594
3174 1594
3173 1593
3172 1592
3171 1591
3170 1591
3169 1590
3168 1590
3167 1589
3166 1589
3165 1588
3164 1587
3163 1587
3162 1586
3161 1586
3160 1585
3159 1585
3158 1584
3157 1584
3156 1584
3155 1583
3154 1583
3153 1583
3152 1583
3151 1582
3150 1582
3149 1582
3148 1581
3147 1580
3146 1580
3145 1579
3144 1579
3143 1578
3142 1578
3141 1577
3140 1576
3139 1576
3138 1575
3137 1574
3136 1573
3135 1573
3134 1572
3133 1571
3132 1570
3131 1569
3130 1569
3129 1568
3128 1567
3127 1567
3126 1566
3125 1565
3124 1565
3123 1565
3122 1564
3121 1564
3120 1564
3119 1563
3118 1563
3117 1563
3116 1563
3115 1563
3114 1562
3113 1562
3112 1562
3111 1562
3110 1562
3109 1562
3108 1562
3107 1562
3106 1562
3105 1562
3104 1562
3103 1562
3102 1562
3101 1561
3100 1561
3099 1561
3098 1561
3097 1561
3096 1561
3095 1561
3094 1561
3093 1561
3092 1561
3091 1561
3090 1561
3089 1561
3088 1561
3087 1561
3086 1561
3085 1561
3084 1561
3083 1561
3082 1561
3081 1561
3080 1561
3079 1561
3078 1561
3077 1561
3076 1561
3075 1561
3074 1561
3073 1561
3072 1561
3071 1561
3070 1561
3069 1561
3068 1561
3067 1561
3066 1561
3065 1561
3064 1561
3063 1561
3062 1561
3061 1561
3060 1561
3059 1561
3058 1561
3057 1561
3056 1561
3055 1561
3054 1561
3053 1561
3052 1561
3051 1561
3050 1561
3049 1561
3048 1561
3047 1561
3046 1561
3045 1561
3044 1561
3043 1561
3042 1561
3041 1561
3040 1561
3039 1561
3038 1561
3037 1561
3036 1561
3035 1561
3034 1561
3033 1561
3032 1561
3031 1561
3030 1561
3029 1561
3028 1561
3027 1561
3026 1561
3025 1561
3024 1561
3023 1561
3022 1561
3021 1561
3020 1561
3019 1561
3018 1561
3017 1561
3016 1561
3015 1561
3014 1561
3013 1561
3012 1561
3011 1561
3010 1561
3009 1561
3008 1561
3007 1561
3006 1561
3005 1561
3004 1561
3003 1561
3002 1561
3001 1561
3000 1561
2999 1561
2998 1561
2997 1561
2996 1561
2995 1561
2994 1561
2993 1561
2992 1561
2991 1561
2990 1561
2989 1561
2988 1561
2987 1561
2986 1561
2985 1561
2984 1562
2983 1562
2982 1562
2981 1563
2980 1563
2979 1564
2978 1564
2977 1564
2976 1565
2975 1565
2974 1565
2973 1565
2972 1565
2971 1566
2970 1566
2969 1566
2968 1566
2967 1566
2966 1566
2965 1566
2964 1566
2963 1567
2962 1567
2961 1567
2960 1567
2959 1567
2958 1567
2957 1567
2956 1567
2955 1567
2954 1567
2953 1567
2952 1567
2951 1567
2950 1567
2949 1567
2948 1567
2947 1567
2946 1567
2945 1567
2944 1567
2943 1567
2942 1567
2941 1567
2940 1567
2939 1567
2938 1567
2937 1567
2936 1567
2935 1567
2934 1567
2933 1567
2932 1567
2931 1567
2930 1567
2929 1567
2928 1567
2927 1567
2926 1567
2925 1566
2924 1566
2923 1566
2922 1566
2921 1565
2920 1565
2919 1565
2918 1564
2917 1564
2916 1564
2915 1564
2914 1563
2913 1563
2912 1563
2911 1563
2910 1563
2909 1562
2908 1562
2907 1562
2906 1562
2905 1562
2904 1562
2903 1562
2902 1562
2901 1562
2900 1562
2899 1561
2898 1561
2897 1561
2896 1561
2895 1561
2894 1561
2893 1561
2892 1561
2891 1561
2890 1561
2889 1561
2888 1561
2887 1561
2886 1561
2885 1561
2884 1561
2883 1561
2882 1561
2881 1561
2880 1561
2879 1561
2878 1561
2877 1561
2876 1561
2875 1561
2874 1561
2873 1561
2872 1561
2871 1561
2870 1561
2869 1561
2868 1561
2867 1561
2866 1561
2865 1561
2864 1561
2863 1561
2862 1561
2861 1561
2860 1561
2859 1561
2858 1561
2857 1561
2856 1561
2855 1561
2854 1561
2853 1561
2852 1561
2851 1561
2850 1561
2849 1561
2848 1561
2847 1561
2846 1561
2845 1561
2844 1561
2843 1561
2842 1562
2841 1562
2840 1562
2839 1562
2838 1562
2837 1563
2836 1563
2835 1563
2834 1564
2833 1564
2832 1564
2831 1565
2830 1565
2829 1565
2828 1565
2827 1565
2826 1565
2825 1566
2824 1566
2823 1566
2822 1566
2821 1566
2820 1566
2819 1566
2818 1566
2817 1566
2816 1566
2815 1566
2814 1566
2813 1567
2812 1567
2811 1567
2810 1567
2809 1567
2808 1567
2807 1567
2806 1567
2805 1567
2804 1567
2803 1567
2802 1567
2801 1567
2800 1567
2799 1567
2798 1567
2797 1567
2796 1567
2795 1567
2794 1567
2793 1567
2792 1567
2791 1567
2790 1567
2789 1567
2788 1566
2787 1565
2786 1565
2785 1565
2784 1564
2783 1564
2782 1564
2781 1563
2780 1563
2779 1563
2778 1562
2777 1562
2776 1561
2775 1560
2774 1560
2773 1559
2772 1559
2771 1558
2770 1558
2769 1558
2768 1558
2767 1557
2766 1557
2765 1557
2764 1557
2763 1556
2762 1556
2761 1556
2760 1556
2759 1556
2758 1556
2757 1556
2756 1555
2755 1555
2754 1555
2753 1555
2752 1555
2751 1555
2750 1555
2749 1555
2748 1555
2747 1555
2746 1555
2745 1555
2744 1555
2743 1555
2742 1555
2741 1555
2740 1555
2739 1555
2738 1555
2737 1555
2736 1554
2735 1554
2734 1554
2733 1554
2732 1554
2731 1554
2730 1554
2729 1554
2728 1554
2727 1554
2726 1554
2725 1554
2724 1554
2723 1554
2722 1554
2721 1554
2720 1554
2719 1554
2718 1554
2717 1554
2716 1554
2715 1554
2714 1554
2713 1554
2712 1554
2711 1554
2710 1554
2709 1554
2708 1554
2707 1554
2706 1554
2705 1554
2704 1554
2703 1554
2702 1554
2701 1554
2700 1554
2699 1554
2698 1554
2697 1554
2696 1554
2695 1554
2694 1554
2693 1554
2692 1554
2691 1554
2690 1554
2689 1554
2688 1554
2687 1554
2686 1554
2685 1554
2684 1554
2683 1554
2682 1554
2681 1554
2680 1554
2679 1554
2678 1554
2677 1554
2676 1554
2675 1554
2674 1554
2673 1554
2672 1554
2671 1554
2670 1554
2669 1554
2668 1554
2667 1554
2666 1554
2665 1554
2664 1554
2663 1554
2662 1554
2661 1554
2660 1554
2659 1554
2658 1554
2657 1554
2656 1554
2655 1554
2654 1554
2653 1554
2652 1554
2651 1554
2650 1554
2649 1554
2648 1554
2647 1554
2646 1554
2645 1554
2644 1554
2643 1554
2642 1554
2641 1554
2640 1554
2639 1554
2638 1554
2637 1554
2636 1554
2635 1554
2634 1554
2633 1554
2632 1554
2631 1554
2630 1554
2629 1554
2628 1554
2627 1554
2626 1554
2625 1554
2624 1554
2623 1554
2622 1554
2621 1554
2620 1554
2619 1554
2618 1554
2617 1554
2616 1554
2615 1554
2614 1554
2613 1554
2612 1554
2611 1554
2610 1554
2609 1554
2608 1554
2607 1554
2606 1554
2605 1554
2604 1554
2603 1554
2602 1554
2601 1554
2600 1554
2599 1554
2598 1554
2597 1554
2596 1554
2595 1554
2594 1554
2593 1554
2592 1554
2591 1554
2590 1554
2589 1554
2588 1553
2587 1553
2586 1552
2585 1551
2584 1551
2583 1551
2582 1550
2581 1550
2580 1550
2579 1549
2578 1549
2577 1549
2576 1549
2575 1549
2574 1549
2573 1549
2572 1549
2571 1549
2570 1548
2569 1548
2568 1548
2567 1548
2566 1548
2565 1548
2564 1548
2563 1548
2562 1548
2561 1548
2560 1548
2559 1548
2558 1548
2557 1548
2556 1548
2555 1548
2554 1548
2553 1548
2552 1548
2551 1548
2550 1548
2549 1548
2548 1548
2547 1548
2546 1548
2545 1548
2544 1548
2543 1548
2542 1548
2541 1548
2540 1548
2539 1548
2538 1548
2537 1548
2536 1548
2535 1548
2534 1548
2533 1548
2532 1548
2531 1548
2530 1548
2529 1548
2528 1548
2527 1548
2526 1548
2525 1548
2524 1548
2523 1548
2522 1548
2521 1548
2520 1548
2519 1548
2518 1548
2517 1548
2516 1548
2515 1548
2514 1548
2513 1548
2512 1548
2511 1548
2510 1548
2509 1548
2508 1548
2507 1548
2506 1548
2505 1548
2504 1548
2503 1548
2502 1548
2501 1548
2500 1548
2499 1548
2498 1548
2497 1548
2496 1548
2495 1548
2494 1548
2493 1548
2492 1548
2491 1548
2490 1548
2489 1548
2488 1548
2487 1548
2486 1548
2485 1548
2484 1548
2483 1548
2482 1548
2481 1548
2480 1548
2479 1548
2478 1548
2477 1548
2476 1548
2475 1548
2474 1548
2473 1548
2472 1548
2471 1548
2470 1548
2469 1548
2468 1548
2467 1548
2466 1548
2465 1548
2464 1548
2463 1548
2462 1548
2461 1548
2460 1548
2459 1548
2458 1548
2457 1548
2456 1548
2455 1548
2454 1548
2453 1548
2452 1548
2451 1548
2450 1548
2449 1548
2448 1548
2447 1548
2446 1548
2445 1548
