2831 2007
2830 2008
2829 2008
2828 2009
2827 2009
2826 2009
2825 2010
2824 2010
2823 2010
2822 2010
2821 2010
2820 2010
2819 2010
2818 2010
2817 2010
2816 2010
2815 2010
2814 2010
2813 2010
2812 2010
2811 2010
2810 2010
2809 2010
2808 2010
2807 2010
2806 2010
2805 2010
2804 2010
2803 2010
2802 2010
2801 2010
2800 2010
2799 2010
2798 2010
2797 2010
2796 2010
2795 2010
2794 2010
2793 2010
2792 2010
2791 2010
2790 2010
2789 2010
2788 2010
2787 2010
2786 2010
2785 2010
2784 2010
2783 2010
2782 2010
2781 2010
2780 2010
2779 2010
2778 2010
2777 2010
2776 2010
2775 2010
2774 2010
2773 2010
2772 2010
2771 2010
2770 2010
2769 2010
2768 2011
2767 2011
2766 2011
2765 2012
2764 2012
2763 2012
2762 2012
2761 2012
2760 2013
2759 2013
2758 2013
2757 2013
2756 2013
2755 2013
2754 2013
2753 2013
2752 2013
2751 2014
2750 2015
2749 2015
2748 2016
2747 2016
2746 2016
2745 2016
2744 2016
2743 2016
2742 2016
2741 2016
2740 2017
2739 2017
2738 2017
2737 2017
2736 2017
2735 2017
2734 2017
2733 2018
2732 2018
2731 2019
2730 2019
2729 2020
2728 2020
2727 2020
2726 2020
2725 2020
2724 2020
2723 2021
2722 2021
2721 2022
2720 2022
2719 2023
2718 2023
2717 2023
2716 2023
2715 2023
2714 2024
2713 2024
2712 2024
2711 2024
2710 2024
2709 2024
2708 2024
2707 2024
2706 2024
2705 2024
2704 2024
2703 2024
2702 2024
2701 2024
2700 2024
2699 2024
2698 2024
2697 2024
2696 2024
2695 2024
2694 2025
2693 2025
2692 2026
2691 2026
2690 2026
2689 2027
2688 2027
2687 2027
2686 2027
2685 2027
2684 2028
2683 2028
2682 2028
2681 2028
2680 2028
2679 2028
2678 2028
2677 2028
2676 2028
2675 2029
2674 2029
2673 2030
2672 2030
2671 2030
2670 2031
2669 2031
2668 2031
2667 2031
2666 2031
2665 2031
2664 2031
2663 2031
2662 2032
2661 2032
2660 2032
2659 2032
2658 2032
2657 2032
2656 2032
2655 2033
2654 2033
2653 2034
2652 2034
2651 2034
2650 2034
2649 2035
2648 2035
2647 2036
2646 2036
2645 2037
2644 2037
2643 2038
2642 2038
2641 2038
2640 2039
2639 2039
2638 2039
2637 2039
2636 2039
2635 2039
2634 2039
2633 2040
2632 2040
2631 2041
2630 2041
2629 2042
2628 2042
2627 2042
2626 2042
2625 2043
2624 2043
2623 2043
2622 2043
2621 2043
2620 2043
2619 2043
2618 2043
2617 2043
2616 2044
2615 2044
2614 2045
2613 2045
2612 2045
2611 2045
2610 2046
2609 2046
2608 2046
2607 2046
2606 2046
2605 2046
2604 2047
2603 2047
2602 2047
2601 2047
2600 2047
2599 2047
2598 2047
2597 2048
2596 2048
2595 2049
2594 2049
2593 2049
2592 2049
2591 2050
2590 2050
2589 2050
2588 2050
2587 2050
2586 2050
2585 2050
2584 2050
2583 2050
2582 2051
2581 2051
2580 2051
2579 2051
2578 2052
2577 2052
2576 2053
2575 2053
2574 2053
2573 2053
2572 2054
2571 2054
2570 2054
2569 2055
2568 2055
2567 2056
2566 2056
2565 2057
2564 2057
2563 2058
2562 2058
2561 2058
2560 2058
2559 2058
2558 2058
2557 2058
2556 2058
2555 2058
2554 2058
2553 2058
2552 2059
2551 2059
2550 2060
2549 2060
2548 2061
2547 2061
2546 2061
2545 2061
2544 2062
2543 2062
2542 2062
2541 2062
2540 2062
2539 2062
2538 2062
2537 2063
2536 2063
2535 2064
2534 2064
2533 2064
2532 2065
2531 2065
2530 2066
2529 2066
2528 2067
2527 2067
2526 2068
2525 2069
2524 2070
2523 2071
2522 2071
2521 2072
2520 2072
2519 2073
2518 2073
2517 2073
2516 2073
2515 2073
2514 2074
2513 2074
2512 2074
2511 2075
2510 2075
2509 2076
2508 2076
2507 2076
2506 2077
2505 2077
2504 2077
2503 2077
2502 2077
2501 2077
2500 2077
2499 2077
2498 2077
2497 2077
2496 2077
2495 2077
2494 2077
2493 2078
2492 2078
2491 2078
2490 2078
2489 2079
2488 2079
2487 2080
2486 2080
2485 2080
2484 2080
2483 2081
2482 2081
2481 2081
2480 2081
2479 2081
2478 2081
2477 2081
2476 2081
2475 2081
2474 2081
2473 2081
2472 2081
2471 2081
2470 2081
2469 2081
2468 2082
2467 2083
2466 2083
2465 2083
2464 2084
2463 2084
2462 2084
2461 2084
2460 2084
2459 2084
2458 2084
2457 2085
2456 2085
2455 2085
2454 2085
2453 2085
2452 2085
2451 2085
2450 2085
2449 2085
2448 2085
2447 2085
2446 2085
2445 2085
2444 2085
2443 2085
2442 2085
2441 2085
2440 2085
2439 2085
2438 2085
2437 2085
2436 2085
2435 2085
2434 2085
2433 2085
2432 2085
2431 2085
2430 2085
2429 2085
2428 2085
2427 2085
2426 2085
2425 2085
2424 2085
2423 2085
2422 2085
2421 2086
2420 2086
2419 2087
2418 2087
2417 2087
2416 2087
2415 2088
2414 2088
2413 2088
2412 2088
2411 2088
2410 2088
2409 2088
2408 2088
2407 2088
2406 2088
2405 2088
2404 2088
2403 2088
2402 2088
2401 2088
2400 2088
2399 2088
2398 2088
2397 2088
2396 2089
2395 2089
2394 2090
2393 2090
2392 2090
2391 2091
2390 2091
2389 2091
2388 2091
2387 2091
2386 2091
2385 2091
2384 2091
2383 2091
2382 2092
2381 2092
2380 2093
2379 2093
2378 2094
2377 2094
2376 2094
2375 2095
2374 2095
2373 2095
2372 2095
2371 2095
2370 2095
2369 2095
2368 2095
2367 2095
2366 2095
2365 2096
2364 2096
2363 2096
2362 2097
2361 2097
2360 2098
2359 2098
2358 2098
2357 2099
2356 2099
2355 2100
2354 2100
2353 2101
2352 2101
2351 2101
2350 2102
2349 2102
2348 2102
2347 2102
2346 2102
2345 2102
2344 2103
2343 2103
2342 2103
2341 2103
2340 2103
2339 2103
2338 2103
2337 2103
2336 2104
2335 2104
2334 2104
2333 2105
2332 2105
2331 2106
2330 2106
2329 2106
2328 2106
2327 2106
2326 2106
2325 2107
2324 2107
2323 2107
2322 2107
2321 2107
2320 2107
2319 2107
2318 2107
2317 2107
2316 2107
2315 2107
2314 2107
2313 2107
2312 2107
2311 2107
2310 2107
2309 2107
2308 2107
2307 2107
2306 2108
2305 2108
2304 2108
2303 2109
2302 2109
2301 2109
2300 2109
2299 2109
2298 2110
2297 2110
2296 2110
2295 2110
2294 2110
2293 2110
2292 2110
2291 2110
2290 2110
2289 2110
2288 2110
2287 2110
2286 2110
2285 2110
2284 2110
2283 2110
2282 2110
2281 2110
2280 2110
2279 2110
2278 2110
2277 2110
2276 2110
2275 2110
2274 2110
2273 2110
2272 2110
2271 2110
2270 2110
2269 2110
2268 2110
2267 2110
2266 2110
2265 2111
2264 2111
2263 2111
2262 2112
2261 2112
2260 2113
2259 2113
2258 2113
2257 2113
2256 2113
2255 2114
2254 2114
2253 2115
2252 2115
2251 2116
2250 2116
2249 2116
2248 2116
2247 2117
2246 2117
2245 2117
2244 2117
2243 2117
2242 2118
2241 2118
2240 2119
2239 2119
2238 2119
2237 2120
2236 2120
2235 2121
2234 2121
2233 2121
2232 2121
2231 2121
2230 2121
2229 2121
2228 2121
2227 2121
2226 2121
2225 2121
2224 2121
2223 2121
2222 2122
2221 2122
2220 2123
2219 2123
2218 2123
2217 2124
2216 2124
2215 2124
2214 2125
2213 2125
2212 2125
2211 2125
2210 2125
2209 2125
2208 2125
2207 2125
2206 2125
2205 2125
2204 2125
2203 2125
2202 2125
2201 2125
2200 2125
2199 2125
2198 2125
2197 2126
2196 2126
2195 2127
2194 2127
2193 2127
2192 2127
2191 2128
2190 2128
2189 2128
2188 2128
2187 2128
2186 2129
2185 2129
2184 2129
2183 2130
2182 2130
2181 2131
2180 2131
2179 2131
2178 2131
2177 2132
2176 2132
2175 2132
2174 2132
2173 2133
2172 2133
2171 2133
2170 2134
2169 2134
2168 2134
2167 2135
2166 2135
2165 2135
2164 2136
2163 2136
2162 2136
2161 2136
2160 2136
2159 2136
2158 2136
2157 2136
2156 2136
2155 2136
2154 2136
2153 2136
2152 2137
2151 2137
2150 2137
2149 2138
2148 2138
2147 2139
2146 2139
2145 2139
2144 2139
2143 2140
2142 2140
2141 2140
2140 2140
2139 2140
2138 2140
2137 2140
2136 2140
2135 2140
2134 2140
2133 2140
2132 2140
2131 2140
2130 2140
2129 2140
2128 2140
2127 2140
2126 2140
2125 2141
2124 2141
2123 2141
2122 2142
2121 2142
2120 2142
2119 2143
2118 2143
2117 2143
2116 2144
2115 2144
2114 2145
2113 2146
2112 2146
2111 2146
2110 2147
2109 2147
2108 2147
2107 2147
2106 2147
2105 2147
2104 2147
2103 2147
2102 2147
2101 2147
2100 2147
2099 2147
2098 2148
2097 2148
2096 2149
2095 2149
2094 2150
2093 2150
2092 2150
2091 2150
2090 2150
2089 2151
2088 2151
2087 2151
2086 2151
2085 2152
2084 2152
2083 2153
2082 2153
2081 2153
2080 2153
2079 2154
2078 2154
2077 2154
2076 2154
2075 2154
2074 2154
2073 2154
2072 2155
2071 2155
2070 2155
2069 2155
2068 2155
2067 2155
2066 2155
2065 2156
2064 2156
2063 2157
2062 2157
2061 2157
2060 2157
2059 2158
2058 2158
2057 2158
2056 2158
2055 2158
2054 2158
2053 2159
2052 2159
2051 2160
2050 2160
2049 2161
2048 2161
2047 2161
2046 2162
2045 2162
2044 2162
2043 2162
2042 2162
2041 2162
2040 2162
2039 2162
2038 2162
2037 2163
2036 2163
2035 2164
2034 2164
2033 2165
2032 2165
2031 2166
2030 2166
2029 2166
2028 2166
2027 2166
2026 2166
2025 2166
2024 2166
2023 2166
2022 2166
2021 2166
2020 2166
2019 2167
2018 2167
2017 2168
2016 2168
2015 2168
2014 2169
2013 2169
2012 2169
2011 2169
2010 2169
2009 2170
2008 2170
2007 2170
2006 2170
2005 2170
2004 2170
2003 2170
2002 2170
2001 2170
2000 2170
1999 2170
1998 2170
1997 2170
1996 2170
1995 2170
1994 2171
1993 2171
1992 2172
1991 2172
1990 2172
1989 2172
1988 2173
1987 2173
1986 2173
1985 2173
1984 2173
1983 2173
1982 2173
1981 2173
1980 2174
1979 2174
1978 2174
1977 2175
1976 2175
1975 2176
1974 2176
1973 2177
1972 2177
1971 2177
1970 2177
1969 2177
1968 2177
1967 2177
1966 2178
1965 2178
1964 2178
1963 2178
1962 2179
1961 2180
1960 2180
1959 2181
1958 2181
1957 2181
1956 2181
1955 2181
1954 2181
1953 2181
1952 2181
1951 2181
1950 2181
1949 2181
1948 2181
1947 2182
1946 2182
1945 2182
1944 2183
1943 2183
1942 2184
1941 2184
1940 2184
1939 2184
1938 2185
1937 2185
1936 2185
1935 2185
1934 2185
1933 2185
1932 2185
1931 2186
1930 2186
1929 2187
1928 2187
1927 2188
1926 2188
1925 2188
1924 2188
1923 2188
1922 2189
1921 2189
1920 2189
1919 2189
1918 2189
1917 2189
1916 2189
1915 2189
1914 2190
1913 2190
1912 2191
1911 2191
1910 2192
1909 2192
1908 2192
1907 2192
1906 2192
1905 2192
1904 2193
1903 2193
1902 2193
1901 2194
1900 2194
1899 2195
1898 2195
1897 2195
1896 2196
1895 2196
1894 2196
1893 2196
1892 2196
1891 2197
1890 2197
1889 2197
1888 2198
1887 2198
1886 2198
1885 2199
1884 2199
1883 2199
1882 2199
1881 2200
1880 2200
1879 2200
1878 2200
1877 2200
1876 2200
1875 2200
1874 2200
1873 2200
1872 2200
1871 2200
1870 2200
1869 2200
1868 2200
1867 2201
1866 2201
1865 2202
1864 2202
1863 2203
1862 2203
1861 2203
1860 2203
1859 2204
1858 2204
1857 2204
1856 2204
1855 2204
1854 2204
1853 2204
1852 2204
1851 2204
1850 2205
1849 2205
1848 2206
1847 2206
1846 2206
1845 2207
1844 2207
1843 2207
1842 2208
1841 2208
1840 2209
1839 2210
1838 2210
1837 2210
1836 2210
1835 2211
1834 2211
1833 2211
1832 2211
1831 2211
1830 2211
1829 2211
1828 2212
1827 2212
1826 2212
1825 2212
1824 2212
1823 2213
1822 2213
1821 2214
1820 2214
1819 2215
1818 2215
1817 2216
1816 2216
1815 2217
1814 2217
1813 2218
1812 2218
1811 2219
1810 2219
1809 2219
1808 2219
1807 2220
1806 2221
1805 2222
1804 2223
1803 2224
1802 2225
1801 2226
1800 2226
1799 2227
1798 2227
1797 2227
1796 2228
1795 2229
1794 2230
1793 2230
1792 2231
1791 2231
1790 2232
1789 2233
1788 2234
1787 2234
1786 2235
1785 2235
1784 2236
1783 2236
1782 2237
1781 2237
1780 2238
1779 2238
1778 2239
1777 2240
1776 2241
1775 2241
1774 2242
1773 2242
1772 2243
1771 2243
1770 2243
1769 2243
1768 2243
1767 2243
1766 2243
1765 2243
1764 2243
1763 2244
1762 2245
1761 2245
1760 2246
1759 2246
1758 2246
1757 2247
1756 2247
1755 2247
1754 2247
1753 2247
1752 2247
1751 2247
1750 2247
1749 2247
1748 2248
1747 2248
1746 2249
1745 2249
1744 2249
1743 2250
1742 2250
1741 2250
1740 2250
1739 2250
1738 2250
1737 2250
1736 2251
1735 2251
1734 2251
1733 2251
1732 2251
1731 2251
1730 2251
1729 2252
1728 2252
1727 2252
1726 2253
1725 2253
1724 2254
1723 2254
1722 2254
1721 2255
1720 2255
1719 2256
1718 2257
1717 2257
1716 2257
1715 2257
1714 2258
1713 2258
1712 2258
1711 2258
1710 2258
1709 2258
1708 2259
1707 2259
1706 2260
1705 2261
1704 2261
1703 2262
1702 2262
1701 2263
1700 2264
1699 2264
1698 2265
1697 2266
1696 2266
1695 2266
1694 2266
1693 2266
1692 2266
1691 2266
1690 2267
1689 2267
1688 2268
1687 2268
1686 2269
1685 2269
1684 2270
1683 2271
1682 2272
1681 2273
1680 2273
1679 2273
1678 2274
1677 2274
1676 2274
1675 2275
1674 2276
1673 2276
1672 2277
1671 2277
1670 2277
1669 2278
1668 2279
1667 2279
1666 2280
1665 2281
1664 2281
1663 2281
1662 2282
1661 2282
1660 2282
1659 2282
1658 2283
1657 2283
1656 2284
1655 2285
1654 2285
1653 2286
1652 2287
1651 2287
1650 2288
1649 2288
1648 2289
1647 2289
1646 2289
1645 2289
1644 2289
1643 2290
1642 2290
1641 2291
1640 2291
1639 2292
1638 2292
1637 2293
1636 2293
1635 2294
1634 2295
1633 2295
1632 2296
1631 2296
1630 2297
1629 2297
1628 2297
1627 2298
1626 2299
1625 2299
1624 2300
1623 2300
1622 2300
1621 2301
1620 2301
1619 2301
1618 2302
1617 2302
1616 2302
1615 2303
1614 2304
1613 2304
1612 2305
1611 2306
1610 2307
1609 2307
1608 2308
1607 2308
1606 2309
1605 2310
1604 2311
1603 2311
1602 2312
1601 2312
1600 2313
1599 2313
1598 2314
1597 2315
1596 2316
1595 2316
1594 2316
1593 2317
1592 2317
1591 2317
1590 2317
1589 2317
1588 2317
1587 2317
1586 2317
1585 2318
1584 2318
1583 2319
1582 2319
1581 2320
1580 2320
1579 2320
1578 2320
1577 2321
1576 2321
1575 2321
1574 2321
1573 2322
1572 2322
1571 2323
1570 2324
1569 2324
1568 2324
1567 2325
1566 2326
1565 2326
1564 2327
1563 2327
1562 2328
1561 2328
1560 2328
1559 2328
1558 2329
1557 2329
1556 2329
1555 2329
1554 2329
1553 2329
1552 2329
1551 2330
1550 2330
1549 2331
1548 2331
1547 2332
1546 2332
1545 2332
1544 2332
1543 2332
1542 2333
1541 2333
1540 2333
1539 2334
1538 2334
1537 2335
1536 2335
1535 2335
1534 2336
1533 2336
1532 2336
1531 2337
1530 2338
1529 2338
1528 2339
1527 2339
1526 2340
1525 2340
1524 2340
1523 2341
1522 2341
1521 2342
1520 2343
1519 2343
1518 2344
1517 2344
1516 2344
1515 2344
1514 2344
1513 2344
1512 2345
1511 2345
1510 2346
1509 2346
1508 2346
1507 2347
1506 2347
1505 2347
1504 2348
1503 2348
1502 2348
1501 2348
1500 2348
1499 2349
1498 2349
1497 2350
1496 2350
1495 2351
1494 2352
1493 2352
1492 2353
1491 2353
1490 2354
1489 2354
1488 2354
1487 2355
1486 2356
1485 2356
1484 2357
1483 2358
1482 2358
1481 2359
1480 2360
1479 2360
1478 2361
1477 2361
1476 2362
1475 2362
1474 2363
1473 2363
1472 2363
1471 2364
1470 2364
1469 2365
1468 2365
1467 2366
1466 2366
1465 2367
1464 2368
1463 2368
1462 2369
1461 2369
1460 2370
1459 2370
1458 2371
1457 2371
1456 2372
1455 2373
1454 2373
1453 2374
1452 2374
1451 2375
1450 2375
1449 2376
1448 2377
1447 2378
1446 2379
1445 2379
1444 2380
1443 2381
1442 2382
1441 2383
1440 2384
1439 2384
1438 2385
1437 2385
1436 2386
1435 2387
1434 2387
1433 2388
1432 2389
1431 2390
1430 2390
1429 2391
1428 2391
1427 2391
1426 2392
1425 2392
1424 2393
1423 2394
1422 2394
1421 2394
1420 2395
1419 2395
1418 2395
1417 2396
1416 2396
1415 2397
1414 2397
1413 2398
1412 2399
1411 2400
1410 2401
1409 2401
1408 2402
1407 2403
1406 2404
1405 2404
1404 2405
1403 2405
1402 2406
1401 2406
1400 2407
1399 2408
1398 2409
1397 2409
1396 2410
1395 2410
1394 2410
1393 2411
1392 2411
1391 2412
1390 2412
1389 2413
1388 2413
1387 2414
1386 2414
1385 2415
1384 2416
1383 2417
1382 2418
1381 2419
1380 2420
1379 2420
1378 2421
1377 2421
1376 2422
1375 2423
1374 2424
1373 2424
1372 2425
1371 2425
1370 2426
1369 2426
1368 2427
1367 2427
1366 2428
1365 2428
1364 2429
1363 2430
1362 2430
1361 2431
1360 2432
1359 2433
1358 2434
1357 2434
1356 2435
1355 2436
1354 2437
1353 2437
1352 2438
1351 2438
1350 2439
1349 2439
1348 2440
1347 2440
1346 2441
1345 2441
1344 2442
1343 2442
1342 2443
1341 2443
1340 2444
1339 2444
1338 2445
1337 2446
1336 2446
1335 2447
1334 2447
1333 2448
1332 2449
1331 2450
1330 2451
1330 2452
1329 2453
1328 2454
1327 2454
1326 2455
1325 2456
1324 2457
1323 2458
1322 2458
1321 2459
1320 2459
1319 2459
1318 2460
1317 2461
1316 2462
1315 2462
1314 2463
1313 2463
1312 2464
1311 2465
1310 2466
1309 2467
1309 2468
1308 2469
1308 2470
1307 2471
1306 2472
1306 2473
1305 2474
1304 2475
1303 2476
1302 2477
1301 2478
1301 2479
1301 2480
1300 2481
1300 2482
1299 2483
1298 2484
1297 2485
1296 2486
1296 2487
1295 2488
1294 2489
1293 2490
1292 2491
1292 2492
1291 2493
1290 2493
1289 2494
1288 2495
1287 2496
1286 2496
1285 2497
1284 2498
1283 2498
1282 2499
1281 2500
1280 2501
1279 2502
1278 2503
1277 2503
1276 2504
1275 2505
1274 2506
1273 2507
1272 2507
1272 2508
1271 2509
1270 2510
1269 2511
1268 2511
1267 2512
1266 2512
1265 2513
1264 2514
1264 2515
1263 2516
1262 2517
1261 2518
1260 2519
1259 2520
1258 2521
1257 2522
1256 2523
1255 2524
1254 2525
1253 2526
1252 2526
1251 2527
1250 2528
1249 2529
1248 2529
1248 2530
1247 2531
1246 2532
1245 2533
1244 2534
1243 2534
1242 2535
1241 2536
1240 2537
1239 2538
1238 2539
1238 2540
1237 2541
1236 2542
1235 2542
1234 2542
1233 2543
1232 2544
1231 2545
1230 2546
1229 2547
1228 2548
1228 2549
1227 2550
1226 2551
1226 2552
1225 2553
1224 2554
1223 2555
1223 2556
1222 2557
1221 2558
1220 2559
1219 2560
1218 2560
1217 2561
1216 2562
1215 2562
1214 2563
1213 2564
1212 2565
1211 2566
1210 2567
1209 2568
1208 2569
1207 2570
1206 2570
1205 2571
1204 2572
1203 2573
1202 2574
1201 2574
1200 2574
1199 2575
1198 2575
1197 2575
1196 2575
1195 2576
1194 2577
1193 2578
1192 2578
1192 2579
1191 2580
1190 2581
1189 2582
1188 2582
1187 2583
1187 2584
1188 2584
1189 2584
1190 2584
1191 2584
1192 2584
1193 2584
1194 2584
1195 2583
1196 2582
1197 2582
1198 2582
1199 2581
1200 2580
1201 2580
1202 2579
1203 2579
1204 2578
1205 2578
1206 2578
1207 2578
1208 2577
1209 2576
1210 2576
1211 2575
1212 2574
1213 2573
1214 2572
1215 2571
1216 2571
1217 2570
1218 2569
1219 2569
1220 2568
1221 2567
1222 2566
1223 2566
1224 2565
1225 2565
1226 2565
1227 2565
1228 2565
1229 2564
1230 2563
1231 2562
1232 2562
1233 2561
1234 2561
1235 2561
1236 2561
1237 2560
1238 2560
1239 2559
1240 2559
1241 2558
1242 2558
1243 2557
1244 2556
1245 2556
1246 2555
1247 2555
1248 2554
1249 2554
1250 2554
1251 2553
1252 2552
1253 2551
1254 2550
1255 2550
1256 2550
1257 2550
1258 2549
1259 2549
1260 2549
1261 2548
1262 2547
1263 2546
1264 2546
1265 2546
1266 2545
1267 2544
1268 2543
1269 2543
1270 2542
1271 2542
1272 2542
1273 2542
1274 2541
1275 2541
1276 2541
1277 2541
1278 2540
1279 2539
1280 2539
1281 2538
1282 2537
1282 2536
1283 2535
1284 2534
1285 2534
1286 2533
1287 2532
1288 2531
1289 2531
1290 2530
1291 2530
1292 2530
1293 2530
1294 2530
1295 2529
1296 2529
1297 2528
1298 2527
1299 2527
1300 2526
1301 2526
1302 2525
1303 2524
1304 2524
1305 2523
1306 2523
1307 2522
1308 2521
1309 2520
1310 2519
1311 2519
1312 2518
1313 2517
1314 2516
1315 2515
1316 2514
1317 2513
1318 2513
1319 2512
1320 2511
1321 2510
1322 2510
1323 2509
1324 2508
1325 2508
1326 2507
1327 2507
1328 2506
1329 2505
1330 2504
1331 2504
1332 2503
1333 2502
1334 2501
1335 2500
1336 2499
1337 2499
1338 2499
1339 2498
1340 2497
1340 2496
1341 2495
1342 2495
1343 2494
1344 2494
1345 2493
1346 2492
1347 2491
1348 2491
1349 2490
1350 2490
1351 2489
1352 2489
1353 2488
1354 2488
1355 2487
1356 2487
1357 2486
1358 2486
1359 2485
1360 2484
1361 2483
1362 2482
1363 2482
1364 2481
1365 2480
1366 2479
1367 2478
1368 2477
1369 2476
1370 2476
1371 2475
1372 2475
1373 2474
1374 2474
1375 2473
1376 2472
1377 2471
1378 2471
1379 2470
1380 2470
1381 2469
1382 2468
1383 2468
1384 2467
1385 2466
1386 2466
1387 2465
1388 2465
1389 2464
1390 2463
1391 2463
1392 2463
1393 2462
1394 2461
1395 2460
1396 2459
1397 2459
1398 2458
1399 2457
1400 2457
1401 2456
1402 2456
1403 2455
1404 2455
1405 2454
1406 2453
1407 2452
1408 2452
1409 2451
1410 2451
1411 2450
1412 2450
1413 2449
1414 2448
1415 2448
1416 2448
1417 2447
1418 2447
1419 2446
1420 2446
1421 2445
1422 2444
1423 2444
1424 2443
1425 2443
1426 2442
1427 2442
1427 2441
1428 2440
1429 2440
1430 2439
1431 2439
1432 2439
1433 2438
1434 2438
1435 2438
1436 2438
1437 2438
1438 2437
1439 2436
1440 2435
1441 2435
1442 2434
1443 2433
1444 2432
1445 2432
1446 2431
1447 2431
1448 2431
1449 2431
1450 2430
1451 2430
1452 2430
1453 2430
1454 2429
1455 2429
1456 2428
1457 2428
1458 2428
1459 2427
1460 2427
1461 2427
1462 2427
1463 2427
1464 2426
1465 2426
1466 2426
1467 2426
1468 2425
1469 2425
1470 2424
1471 2424
1472 2424
1473 2423
1474 2423
1475 2423
1476 2423
1477 2423
1478 2422
1479 2422
1480 2422
1481 2421
1482 2420
1483 2420
1484 2419
1485 2419
1486 2419
1487 2419
1488 2419
1489 2418
1490 2418
1491 2418
1492 2417
1493 2417
1494 2416
1495 2416
1496 2416
1497 2415
1498 2415
1499 2415
1500 2415
1501 2415
1502 2415
1503 2415
1504 2414
1505 2414
1506 2414
1507 2413
1508 2413
1509 2412
1510 2412
1511 2411
1512 2411
1513 2411
1514 2411
1515 2410
1516 2409
1517 2409
1518 2408
1519 2408
1520 2408
1521 2407
1522 2407
1523 2407
1524 2407
1525 2406
1526 2406
1527 2405
1528 2405
1529 2405
1530 2404
1531 2404
1532 2403
1533 2403
1534 2402
1535 2401
1536 2400
1537 2399
1538 2398
1539 2398
1540 2397
1541 2397
1542 2397
1543 2396
1544 2396
1545 2395
1546 2394
1547 2393
1548 2393
1549 2393
1550 2392
1551 2392
1552 2391
1553 2391
1554 2390
1555 2390
1556 2389
1557 2389
1558 2388
1559 2388
1560 2388
1561 2387
1562 2387
1563 2387
1564 2386
1565 2385
1566 2384
1567 2383
1568 2382
1569 2381
1570 2381
1571 2380
1572 2379
1573 2379
1574 2378
1575 2377
1576 2377
1577 2376
1578 2375
1579 2375
1580 2374
1581 2373
1582 2373
1583 2373
1584 2372
1585 2372
1586 2371
1587 2371
1588 2370
1589 2369
1590 2369
1591 2368
1592 2368
1593 2367
1594 2367
1595 2366
1596 2365
1597 2365
1598 2364
1599 2364
1600 2364
1601 2363
1602 2363
1603 2362
1604 2361
1605 2361
1606 2360
1607 2360
1608 2360
1609 2360
1610 2360
1611 2359
1612 2359
1613 2358
1614 2358
1615 2357
1616 2357
1617 2357
1618 2356
1619 2356
1620 2356
1621 2356
1622 2356
1623 2356
1624 2356
1625 2355
1626 2355
1627 2355
1628 2355
1629 2354
1630 2354
1631 2354
1632 2353
1633 2353
1634 2353
1635 2352
1636 2352
1637 2352
1638 2351
1639 2351
1640 2350
1641 2350
1642 2349
1643 2349
1644 2349
1645 2349
1646 2349
1647 2348
1648 2348
1649 2348
1650 2348
1651 2348
1652 2347
1653 2347
1654 2347
1655 2346
1656 2346
1657 2346
1658 2346
1659 2345
1660 2345
1661 2345
1662 2345
1663 2345
1664 2344
1665 2344
1666 2344
1667 2344
1668 2344
1669 2344
1670 2343
1671 2343
1672 2342
1673 2342
1674 2342
1675 2341
1676 2341
1677 2341
1678 2341
1679 2341
1680 2341
1681 2340
1682 2340
1683 2340
1684 2340
1685 2340
1686 2340
1687 2340
1688 2340
1689 2340
1690 2339
1691 2339
1692 2339
1693 2338
1694 2338
1695 2338
1696 2337
1697 2337
1698 2337
1699 2337
1700 2336
1701 2336
1702 2335
1703 2334
1704 2334
1705 2334
1706 2333
1707 2333
1708 2333
1709 2333
1710 2333
1711 2333
1712 2332
1713 2331
1714 2331
1715 2330
1716 2330
1717 2330
1718 2329
1719 2329
1720 2329
1721 2328
1722 2327
1723 2327
1724 2326
1725 2326
1726 2326
1727 2325
1728 2325
1729 2325
1730 2325
1731 2325
1732 2324
1733 2324
1734 2324
1735 2323
1736 2323
1737 2322
1738 2322
1739 2321
1740 2321
1741 2320
1742 2319
1743 2319
1744 2319
1745 2318
1746 2318
1747 2318
1748 2318
1749 2318
1750 2317
1751 2317
1752 2317
1753 2317
1754 2317
1755 2317
1756 2317
1757 2316
1758 2316
1759 2316
1760 2315
1761 2315
1762 2315
1763 2314
1764 2314
1765 2314
1766 2314
1767 2314
1768 2313
1769 2313
1770 2313
1771 2313
1772 2313
1773 2313
1774 2313
1775 2313
1776 2313
1777 2312
1778 2312
1779 2312
1780 2311
1781 2311
1782 2310
1783 2310
1784 2310
1785 2310
1786 2310
1787 2309
1788 2309
1789 2309
1790 2309
1791 2309
1792 2309
1793 2309
1794 2309
1795 2308
1796 2308
1797 2307
1798 2307
1799 2307
1800 2307
1801 2306
1802 2305
1803 2305
1804 2304
1805 2304
1806 2303
1807 2303
1808 2303
1809 2302
1810 2302
1811 2302
1812 2302
1813 2302
1814 2302
1815 2302
1816 2302
1817 2302
1818 2302
1819 2301
1820 2301
1821 2300
1822 2300
1823 2299
1824 2299
1825 2299
1826 2299
1827 2299
1828 2298
1829 2298
1830 2298
1831 2298
1832 2298
1833 2298
1834 2298
1835 2298
1836 2298
1837 2298
1838 2298
1839 2297
1840 2297
1841 2297
1842 2296
1843 2296
1844 2296
1845 2296
1846 2295
1847 2295
1848 2295
1849 2295
1850 2295
1851 2295
1852 2295
1853 2295
1854 2294
1855 2294
1856 2294
1857 2293
1858 2293
1859 2292
1860 2292
1861 2292
1862 2291
1863 2291
1864 2291
1865 2291
1866 2291
1867 2291
1868 2291
1869 2290
1870 2290
1871 2290
1872 2290
1873 2290
1874 2290
1875 2290
1876 2290
1877 2290
1878 2290
1879 2290
1880 2290
1881 2290
1882 2290
1883 2290
1884 2290
1885 2290
1886 2290
1887 2290
1888 2290
1889 2291
1890 2291
1891 2291
1892 2291
1893 2291
1894 2291
1895 2291
1896 2291
1897 2291
1898 2291
1899 2291
1900 2291
1901 2291
1902 2290
1903 2290
1904 2290
1905 2289
1906 2289
1907 2289
1908 2289
1909 2288
1910 2288
1911 2288
1912 2288
1913 2288
1914 2288
1915 2288
1916 2288
1917 2288
1918 2287
1919 2287
1920 2287
1921 2287
1922 2287
1923 2287
1924 2287
1925 2287
1926 2287
1927 2287
1928 2287
1929 2286
1930 2286
1931 2285
1932 2285
1933 2285
1934 2285
1935 2285
1936 2284
1937 2284
1938 2284
1939 2284
1940 2284
1941 2284
1942 2284
1943 2284
1944 2284
1945 2284
1946 2284
1947 2284
1948 2284
1949 2284
1950 2284
1951 2284
1952 2284
1953 2284
1954 2284
1955 2284
1956 2284
1957 2284
1958 2284
1959 2284
1960 2284
1961 2284
1962 2284
1963 2284
1964 2284
1965 2284
1966 2284
1967 2284
1968 2284
1969 2284
1970 2284
1971 2284
1972 2284
1973 2284
1974 2284
1975 2284
1976 2284
1977 2284
1978 2284
1979 2284
1980 2284
1981 2284
1982 2284
1983 2284
1984 2284
1985 2284
1986 2284
1987 2284
1988 2284
1989 2284
1990 2284
1991 2284
1992 2284
1993 2284
1994 2284
1995 2285
1996 2285
1997 2285
1998 2285
1999 2285
2000 2285
2001 2285
2002 2285
2003 2285
2004 2285
2005 2285
2006 2285
2007 2285
2008 2285
2009 2285
2010 2285
2011 2284
2012 2284
2013 2284
2014 2283
2015 2283
2016 2282
2017 2282
2018 2282
2019 2282
2020 2282
2021 2282
2022 2281
2023 2281
2024 2281
2025 2281
2026 2281
2027 2281
2028 2281
2029 2281
2030 2281
2031 2281
2032 2281
2033 2281
2034 2281
2035 2281
2036 2281
2037 2281
2038 2281
2039 2281
2040 2281
2041 2281
2042 2281
2043 2281
2044 2280
2045 2280
2046 2280
2047 2279
2048 2279
2049 2279
2050 2279
2051 2279
2052 2278
2053 2278
2054 2278
2055 2278
2056 2278
2057 2278
2058 2278
2059 2278
2060 2278
2061 2278
2062 2278
2063 2278
2064 2278
2065 2278
2066 2278
2067 2278
2068 2278
2069 2278
2070 2278
2071 2278
2072 2278
2073 2278
2074 2278
2075 2278
2076 2278
2077 2278
2078 2278
2079 2278
2080 2278
2081 2279
2082 2279
2083 2279
2084 2280
2085 2280
2086 2281
2087 2281
2088 2281
2089 2281
2090 2281
2091 2282
2092 2282
2093 2282
2094 2282
2095 2282
2096 2282
2097 2283
2098 2283
2099 2284
2100 2284
2101 2284
2102 2285
2103 2285
2104 2285
2105 2285
2106 2286
2107 2286
2108 2286
2109 2286
2110 2286
2111 2286
2112 2286
2113 2286
2114 2287
2115 2287
2116 2287
2117 2287
2118 2287
2119 2287
2120 2287
2121 2288
2122 2288
2123 2289
2124 2289
2125 2289
2126 2289
2127 2290
2128 2290
2129 2290
2130 2290
2131 2291
2132 2291
2133 2292
2134 2292
2135 2293
2136 2293
2137 2293
2138 2294
2139 2294
2140 2294
2141 2294
2142 2295
2143 2295
2144 2295
2145 2295
2146 2295
2147 2295
2148 2295
2149 2295
2150 2296
2151 2296
2152 2296
2153 2296
2154 2296
2155 2296
2156 2296
2157 2296
2158 2296
2159 2297
2160 2298
2161 2298
2162 2298
2163 2299
2164 2299
2165 2299
2166 2299
2167 2299
2168 2300
2169 2300
2170 2300
2171 2300
2172 2300
2173 2300
2174 2300
2175 2300
2176 2300
2177 2300
2178 2300
2179 2300
2180 2300
2181 2300
2182 2300
2183 2300
2184 2300
2185 2300
2186 2300
2187 2301
2188 2301
2189 2301
2190 2302
2191 2302
2192 2303
2193 2303
2194 2303
2195 2304
2196 2304
2197 2304
2198 2304
2199 2304
2200 2304
2201 2304
2202 2305
2203 2305
2204 2305
2205 2305
2206 2305
2207 2305
2208 2305
2209 2305
2210 2305
2211 2305
2212 2305
2213 2305
2214 2305
2215 2305
2216 2305
2217 2305
2218 2305
2219 2305
2220 2305
2221 2305
2222 2305
2223 2305
2224 2305
2225 2305
2226 2305
2227 2306
2228 2306
2229 2306
2230 2306
2231 2306
2232 2306
2233 2306
2234 2306
2235 2306
2236 2306
2237 2306
2238 2306
2239 2306
2240 2306
2241 2306
2242 2306
2243 2306
2244 2306
2245 2306
2246 2306
2247 2306
2248 2306
2249 2306
2250 2306
2251 2306
2252 2306
2253 2306
2254 2306
2255 2306
2256 2306
2257 2306
2258 2306
2259 2306
2260 2306
2261 2306
2262 2306
2263 2306
2264 2306
2265 2306
2266 2306
2267 2306
2268 2306
2269 2306
2270 2306
2271 2306
2272 2306
2273 2306
2274 2306
2275 2306
2276 2307
2277 2307
2278 2307
2279 2307
2280 2307
2281 2307
2282 2307
2283 2307
2284 2307
2285 2307
2286 2307
2287 2307
2288 2307
2289 2307
2290 2307
2291 2307
2292 2307
2293 2307
2294 2307
2295 2307
2296 2307
2297 2307
2298 2307
2299 2307
2300 2307
2301 2307
2302 2307
2303 2307
2304 2307
2305 2307
2306 2307
2307 2307
2308 2308
2309 2308
2310 2309
2311 2309
2312 2309
2313 2310
2314 2310
2315 2311
2316 2311
2317 2312
2318 2313
2319 2313
2320 2313
2321 2314
2322 2314
2323 2314
2324 2315
2325 2315
2326 2315
2327 2316
2328 2317
2329 2317
2330 2318
2331 2318
2332 2318
2333 2319
2334 2319
2335 2319
2336 2319
2337 2319
2338 2319
2339 2319
2340 2320
2341 2320
2342 2320
2343 2320
2344 2320
2345 2320
2346 2320
2347 2320
2348 2320
2349 2320
2350 2320
2351 2320
2352 2320
2353 2320
2354 2320
2355 2320
2356 2321
2357 2321
2358 2322
2359 2322
2360 2322
2361 2323
2362 2323
2363 2323
2364 2323
2365 2323
2366 2324
2367 2324
2368 2324
2369 2324
2370 2324
2371 2325
2372 2325
2373 2326
2374 2326
2375 2327
2376 2327
2377 2327
2378 2328
2379 2328
2380 2328
2381 2328
2382 2328
2383 2328
2384 2329
2385 2329
2386 2329
2387 2329
2388 2330
2389 2330
2390 2331
2391 2331
2392 2332
2393 2332
2394 2332
2395 2332
2396 2333
2397 2333
2398 2333
2399 2333
2400 2333
2401 2333
2402 2334
2403 2334
2404 2334
2405 2335
2406 2335
2407 2336
2408 2336
2409 2336
2410 2337
2411 2337
2412 2337
2413 2337
2414 2337
2415 2338
2416 2338
2417 2338
2418 2338
2419 2338
2420 2338
2421 2339
2422 2339
2423 2340
2424 2340
2425 2340
2426 2341
2427 2341
2428 2341
2429 2342
2430 2342
2431 2343
2432 2344
2433 2344
2434 2344
2435 2345
2436 2345
2437 2345
2438 2346
2439 2346
2440 2347
2441 2348
2442 2348
2443 2349
2444 2349
2445 2350
2446 2350
2447 2350
2448 2350
2449 2351
2450 2351
2451 2352
2452 2352
2453 2353
2454 2353
2455 2354
2456 2354
2457 2354
2458 2354
2459 2355
2460 2355
2461 2355
2462 2355
2463 2355
2464 2356
2465 2356
2466 2356
2467 2357
2468 2357
2469 2357
2470 2358
2471 2358
2472 2358
2473 2359
2474 2359
2475 2359
2476 2359
2477 2359
2478 2360
2479 2360
2480 2361
2481 2362
2482 2363
2483 2363
2484 2364
2485 2365
2486 2365
2487 2366
2488 2366
2489 2366
2490 2367
2491 2368
2492 2368
2493 2369
2494 2370
2495 2370
2496 2371
2497 2372
2498 2373
2499 2374
2500 2374
2501 2375
2502 2375
2503 2375
2504 2376
2505 2376
2506 2376
2507 2376
2508 2376
2509 2376
2510 2376
2511 2376
2512 2377
2513 2377
2514 2377
2515 2377
2516 2377
2517 2378
2518 2378
2519 2379
2520 2379
2521 2379
2522 2380
2523 2380
2524 2380
2525 2381
2526 2381
2527 2382
2528 2382
2529 2383
2530 2383
2531 2383
2532 2384
2533 2384
2534 2384
2535 2384
2536 2384
2537 2385
2538 2385
2539 2386
2540 2386
2541 2386
2542 2387
2543 2387
2544 2388
2545 2388
2546 2388
2547 2389
2548 2389
2549 2389
2550 2389
2551 2389
2552 2389
2553 2389
2554 2389
2555 2390
2556 2390
2557 2390
2558 2390
2559 2390
2560 2390
2561 2391
2562 2391
2563 2392
2564 2392
2565 2393
2566 2393
2567 2393
2568 2393
2569 2393
2570 2394
2571 2394
2572 2394
2573 2394
2574 2394
2575 2394
2576 2394
2577 2395
2578 2395
2579 2395
2580 2396
2581 2396
2582 2397
2583 2397
2584 2397
2585 2398
2586 2398
2587 2398
2588 2399
2589 2400
2590 2400
2591 2401
2592 2401
2593 2401
2594 2402
2595 2402
2596 2402
2597 2402
2598 2403
2599 2403
2600 2404
2601 2404
2602 2404
2603 2405
2604 2405
2605 2405
2606 2406
2607 2406
2608 2406
2609 2406
2610 2406
2611 2407
2612 2407
2613 2407
2614 2408
2615 2409
2616 2409
2617 2410
2618 2410
2619 2410
2620 2411
2621 2411
2622 2411
2623 2411
2624 2411
2625 2411
2626 2412
2627 2412
2628 2412
2629 2412
2630 2413
2631 2413
2632 2414
2633 2414
2634 2414
2635 2414
2636 2415
2637 2415
2638 2416
2639 2416
2640 2417
2641 2417
2642 2418
2643 2418
2644 2419
2645 2419
2646 2420
2647 2420
2648 2421
2649 2421
2650 2422
2651 2422
2652 2423
2653 2423
2654 2423
2655 2424
2656 2424
2657 2424
2658 2424
2659 2425
2660 2425
2661 2426
2662 2426
2663 2427
2664 2427
2665 2427
2666 2428
2667 2428
2668 2428
2669 2429
2670 2430
2671 2430
2672 2431
2673 2432
2674 2433
2675 2434
2676 2434
2677 2434
2678 2435
2679 2435
2680 2435
2681 2436
2682 2436
2683 2436
2684 2436
2685 2437
2686 2437
2687 2437
2688 2438
2689 2438
2690 2439
2691 2439
2692 2439
2693 2440
2694 2440
2695 2440
2696 2441
2697 2441
2698 2441
2699 2441
2700 2441
2701 2441
2702 2442
2703 2442
2704 2442
2705 2442
2706 2443
2707 2443
2708 2443
2709 2444
2710 2444
2711 2445
2712 2445
2713 2445
2714 2445
2715 2445
2716 2445
2717 2446
2718 2446
2719 2446
2720 2446
2721 2447
2722 2447
2723 2447
2724 2448
2725 2448
2726 2449
2727 2449
2728 2449
2729 2449
2730 2450
2731 2450
2732 2450
2733 2450
2734 2451
2735 2451
2736 2451
2737 2452
2738 2452
2739 2453
2740 2453
2741 2454
2742 2454
2743 2454
2744 2454
2745 2454
2746 2455
2747 2455
2748 2455
2749 2456
2750 2456
2751 2456
2752 2457
2753 2457
2754 2458
2755 2458
2756 2458
2757 2458
2758 2458
2759 2459
2760 2459
2761 2459
2762 2459
2763 2459
2764 2459
2765 2459
2766 2459
2767 2459
2768 2460
2769 2460
2770 2460
2771 2461
2772 2461
2773 2462
2774 2462
2775 2462
2776 2463
2777 2463
2778 2463
2779 2463
2780 2463
2781 2463
2782 2464
2783 2464
2784 2464
2785 2465
2786 2465
2787 2465
2788 2466
2789 2466
2790 2467
2791 2467
2792 2467
2793 2468
2794 2468
2795 2469
2796 2470
2797 2470
2798 2471
2799 2471
2800 2471
2801 2471
2802 2472
2803 2472
2804 2472
2805 2472
2806 2472
2807 2472
2808 2473
2809 2473
2810 2473
2811 2473
2812 2473
2813 2473
2814 2473
2815 2474
2816 2474
2817 2474
2818 2475
2819 2475
2820 2475
2821 2476
2822 2476
2823 2476
2824 2476
2825 2476
2826 2477
2827 2477
2828 2477
2829 2477
2830 2477
2831 2477
2832 2477
2833 2478
2834 2478
2835 2479
2836 2479
2837 2480
2838 2480
2839 2480
2840 2481
2841 2481
2842 2481
2843 2481
2844 2481
2845 2481
2846 2481
2847 2482
2848 2482
2849 2482
2850 2482
2851 2482
2852 2482
2853 2482
2854 2482
2855 2482
2856 2482
2857 2482
2858 2482
2859 2482
2860 2482
2861 2482
2862 2482
2863 2482
2864 2482
2865 2482
2866 2482
2867 2482
2868 2482
2869 2482
2870 2482
2871 2482
2872 2483
2873 2483
2874 2483
2875 2483
2876 2483
2877 2483
2878 2483
2879 2483
2880 2483
2881 2483
2882 2483
2883 2483
2884 2483
2885 2483
2886 2483
2887 2483
2888 2483
2889 2483
2890 2483
2891 2483
2892 2483
2893 2483
2894 2483
2895 2483
2896 2483
2897 2483
2898 2483
2899 2483
2900 2483
2901 2483
2902 2483
2903 2483
2904 2483
2905 2483
2906 2483
2907 2483
2908 2483
2909 2483
2910 2483
2911 2483
2912 2483
2913 2483
2914 2483
2915 2483
2916 2483
2917 2483
2918 2483
2919 2483
2920 2483
2921 2483
2922 2484
2923 2484
2924 2484
2925 2484
2926 2484
2927 2484
2928 2484
2929 2484
2930 2484
2931 2484
2932 2484
2933 2484
2934 2484
2935 2484
2936 2483
2937 2483
2938 2483
2939 2483
2940 2482
2941 2482
2942 2482
2943 2481
2944 2481
2945 2481
2946 2481
2947 2481
2948 2481
2949 2481
2950 2480
2951 2480
2952 2479
2953 2479
2954 2478
2955 2478
2956 2477
2957 2476
2958 2475
2959 2475
2960 2474
2961 2474
2962 2473
2963 2473
2964 2473
2965 2472
2966 2471
2967 2470
2968 2470
2969 2470
2970 2469
2971 2469
2972 2468
2973 2467
2974 2466
2975 2466
2976 2466
2977 2465
2978 2464
2979 2463
2980 2462
2981 2461
2982 2460
2983 2459
2984 2458
2985 2457
2986 2457
2987 2456
2988 2456
2989 2455
2990 2454
2991 2454
2992 2454
2993 2453
2994 2452
2995 2452
2996 2451
2997 2451
2998 2450
2999 2450
3000 2450
3001 2449
3002 2449
3003 2448
3004 2448
3005 2447
3006 2447
3007 2446
3008 2446
3009 2445
3010 2444
3011 2444
3012 2443
3013 2442
3014 2441
3015 2441
3016 2440
3017 2439
3018 2439
3018 2438
3019 2437
3020 2436
3021 2435
3022 2435
3023 2434
3024 2434
3025 2433
3026 2432
3027 2432
3028 2431
3029 2430
3030 2430
3031 2429
3032 2428
3033 2427
3034 2426
3035 2426
3036 2425
3036 2424
3037 2423
3038 2423
3039 2422
3040 2422
3041 2422
3042 2421
3043 2420
3044 2419
3045 2418
3046 2417
3047 2416
3048 2415
3048 2414
3049 2413
3050 2412
3051 2411
3052 2411
3053 2410
3054 2409
3055 2409
3056 2408
3057 2407
3058 2406
3059 2406
3060 2406
3061 2405
3061 2404
3062 2403
3063 2403
3064 2402
3065 2401
3066 2400
3066 2399
3067 2398
3068 2397
3069 2396
3070 2395
3071 2395
3072 2394
3073 2394
3074 2394
3075 2393
3076 2393
3077 2392
3078 2392
3079 2391
3080 2391
3081 2390
3082 2390
3083 2389
3084 2388
3085 2388
3086 2387
3087 2386
3088 2386
3089 2386
3090 2385
3091 2385
3092 2385
3093 2385
3094 2385
3095 2385
3096 2385
3097 2385
3098 2384
3099 2384
3100 2383
3101 2383
3102 2383
3103 2383
3104 2382
3105 2382
3106 2382
3107 2382
3108 2382
3109 2382
3110 2381
3111 2381
3112 2381
3113 2381
3114 2381
3115 2381
3116 2381
3117 2381
3118 2381
3119 2381
3120 2381
3121 2381
3122 2381
3123 2381
3124 2381
3125 2381
3126 2381
3127 2381
3128 2381
3129 2381
3130 2381
3131 2381
3132 2381
3133 2381
3134 2381
3135 2381
3136 2381
3137 2381
3138 2381
3139 2381
3140 2381
3141 2381
3142 2381
3143 2381
3144 2381
3145 2381
3146 2381
3147 2381
3148 2381
3149 2382
3150 2382
3151 2382
3152 2382
3153 2382
3154 2382
3155 2382
3156 2382
3157 2382
3158 2382
3159 2382
3160 2382
3161 2382
3162 2383
3163 2383
3164 2383
3165 2384
3166 2384
3167 2384
3168 2385
3169 2385
3170 2385
3171 2385
3172 2385
3173 2386
3174 2386
3175 2386
3176 2387
3177 2387
3178 2388
3179 2388
3180 2388
3181 2389
3182 2389
3183 2389
3184 2389
3185 2389
3186 2390
3187 2390
3188 2390
3189 2390
3190 2390
3191 2390
3192 2390
3193 2390
3194 2390
3195 2390
3196 2390
3197 2391
3198 2391
3199 2391
3200 2391
3201 2391
3202 2391
3203 2391
3204 2391
3205 2391
3206 2391
3207 2391
3208 2391
3209 2391
3210 2391
3211 2391
3212 2391
3213 2391
3214 2391
3215 2391
3216 2391
3217 2391
3218 2391
3219 2391
3220 2391
3221 2391
3222 2391
3223 2391
3224 2391
3225 2391
3226 2391
3227 2391
3228 2391
3229 2391
3230 2391
3231 2391
3232 2391
3233 2391
3234 2391
3235 2391
3236 2391
3237 2391
3238 2391
3239 2391
3240 2392
3241 2392
3242 2392
3243 2392
3244 2392
3245 2392
3246 2392
3247 2392
3248 2392
3249 2392
3250 2392
3251 2392
3252 2392
3253 2392
3254 2392
3255 2392
3256 2392
3257 2392
3258 2392
3259 2392
3260 2392
3261 2392
3262 2392
3263 2392
3264 2392
3265 2392
3266 2392
3267 2392
3268 2392
3269 2391
3270 2391
3271 2390
3272 2390
3273 2390
3274 2389
3275 2389
3276 2389
3277 2389
3278 2389
3279 2389
3280 2389
3281 2388
3282 2388
3283 2387
3284 2386
3285 2385
3286 2384
3287 2383
3288 2383
3289 2382
3290 2382
3291 2382
3292 2381
3293 2381
3294 2380
3295 2380
3296 2379
3297 2379
3298 2378
3299 2377
3300 2377
3301 2376
3302 2375
3303 2375
3304 2374
3305 2373
3306 2373
3307 2372
3308 2371
3309 2371
3310 2370
3311 2369
3312 2368
3313 2367
3314 2367
3315 2366
3316 2365
3317 2364
3318 2363
3319 2363
3320 2362
3321 2362
3322 2362
3323 2361
3324 2361
3325 2361
3326 2360
3327 2359
3328 2359
3328 2358
3329 2357
3330 2356
3331 2355
3332 2355
3333 2354
3333 2353
3334 2352
3334 2351
3335 2350
3336 2349
3336 2348
3337 2347
3338 2346
3338 2345
3339 2344
3339 2343
3340 2342
3341 2341
3342 2340
3343 2339
3344 2339
3345 2338
3345 2337
3346 2336
3346 2335
3347 2334
3348 2333
3349 2332
3349 2331
3350 2330
3350 2329
3351 2328
3351 2327
3351 2326
3352 2325
3352 2324
3352 2323
3352 2322
3352 2321
3352 2320
3352 2319
3352 2318
3352 2317
3352 2316
3352 2315
3352 2314
3352 2313
3352 2312
3352 2311
3353 2310
3353 2309
3353 2308
3353 2307
3353 2306
3353 2305
3353 2304
3353 2303
3353 2302
3353 2301
3353 2300
3353 2299
3353 2298
3353 2297
3352 2296
3351 2295
3351 2294
3350 2294
3349 2293
3348 2292
3347 2291
3347 2290
3346 2289
3346 2288
3345 2287
3344 2286
3344 2285
3343 2284
3343 2283
3343 2282
3342 2281
3342 2280
3341 2279
3340 2278
3339 2277
3338 2276
3337 2276
3336 2276
3335 2275
3334 2275
3333 2275
3332 2274
3331 2273
3330 2272
3329 2272
3328 2272
3327 2271
3326 2270
3325 2270
3324 2269
3324 2268
3323 2267
3323 2266
3322 2265
3321 2264
3320 2264
3319 2263
3318 2263
3317 2263
3316 2262
3315 2261
3314 2260
3314 2259
3313 2258
3312 2257
3311 2256
3310 2256
3309 2255
3308 2254
3307 2253
3306 2252
3306 2251
3305 2250
3304 2249
3303 2248
3302 2248
3301 2247
3300 2247
3299 2246
3298 2245
3297 2244
3296 2244
3295 2243
3294 2242
3293 2241
3292 2240
3291 2239
3290 2238
3289 2237
3289 2236
3289 2235
3289 2234
3289 2233
3289 2232
3289 2231
3289 2230
3289 2229
3290 2228
3291 2227
3291 2226
3292 2225
3292 2224
3293 2223
3294 2223
3295 2222
3296 2222
3297 2221
3298 2220
3299 2219
3300 2219
3301 2218
3302 2218
3302 2217
3303 2216
3304 2215
3305 2215
3306 2214
3307 2214
3307 2213
3308 2212
3308 2211
3309 2210
3309 2209
3309 2208
3309 2207
3308 2206
3307 2206
3306 2206
3305 2206
3304 2205
3303 2205
3302 2205
3301 2206
3300 2206
3299 2207
3299 2208
3298 2209
3298 2210
3297 2211
3296 2212
3296 2213
3295 2214
3294 2215
3293 2215
3292 2215
3291 2216
3290 2216
3289 2216
3288 2216
3287 2216
3286 2216
3285 2216
3284 2216
3283 2216
3282 2216
3281 2216
3280 2216
3279 2216
3278 2216
3277 2216
3276 2215
3275 2215
3274 2214
3273 2214
3272 2213
3271 2213
3270 2212
3269 2211
3268 2211
3267 2210
3266 2210
3265 2210
3264 2209
3263 2209
3262 2208
3261 2207
3260 2206
3259 2205
3258 2204
3257 2203
3256 2202
3255 2201
3254 2200
3254 2199
3253 2199
3252 2198
3251 2197
3250 2197
3249 2196
3248 2195
3247 2195
3246 2194
3245 2194
3244 2193
3243 2192
3242 2192
3241 2191
3240 2190
3239 2189
3238 2189
3237 2188
3236 2187
3235 2186
3234 2186
3233 2185
3232 2184
3232 2183
3231 2182
3230 2182
3229 2181
3228 2180
3227 2179
3226 2178
3225 2177
3224 2177
3223 2176
3222 2176
3221 2176
3220 2175
3219 2175
3218 2175
3217 2174
3216 2174
3215 2173
3214 2172
3213 2172
3212 2171
3211 2171
3210 2171
3209 2171
3208 2170
3207 2169
3206 2168
3205 2168
3204 2167
3203 2166
3202 2166
3201 2165
3200 2164
3199 2164
3198 2163
3197 2162
3196 2162
3195 2161
3194 2160
3193 2160
3192 2159
3191 2159
3190 2158
3189 2157
3188 2156
3187 2156
3186 2155
3185 2155
3184 2154
3183 2154
3182 2153
3182 2152
3181 2152
3180 2151
3179 2151
3178 2150
3177 2149
3176 2148
3175 2147
3174 2146
3174 2145
3173 2144
3172 2143
3171 2143
3170 2143
3169 2142
3168 2142
3167 2141
3166 2140
3165 2139
3164 2139
3163 2138
3162 2137
3161 2136
3160 2136
3159 2135
3158 2134
3157 2134
3156 2133
3155 2132
3154 2132
3153 2131
3152 2130
3151 2129
3150 2128
3149 2127
3148 2126
3147 2126
3146 2125
3145 2124
3144 2123
3143 2122
3142 2122
3141 2121
3140 2121
3139 2120
3138 2119
3137 2118
3136 2118
3135 2117
3134 2116
3133 2115
3132 2115
3131 2114
3131 2113
3130 2112
3129 2111
3128 2110
3127 2110
3126 2109
3125 2108
3124 2107
3123 2106
3122 2105
3122 2104
3121 2103
3120 2102
3119 2101
3118 2101
3117 2100
3116 2099
3116 2098
3115 2097
3114 2096
3114 2095
3113 2094
3112 2093
3112 2092
3111 2091
3110 2090
3109 2089
3109 2088
3108 2087
3108 2086
3107 2085
3106 2084
3105 2083
3105 2082
3104 2081
3104 2080
3104 2079
3103 2078
3102 2077
3102 2076
3101 2075
3101 2074
3100 2073
3099 2072
3099 2071
3098 2070
3097 2069
3097 2068
3096 2067
3095 2066
3094 2065
3094 2064
3093 2063
3093 2062
3093 2061
3092 2060
3091 2059
3090 2058
3089 2058
3088 2057
3087 2056
3086 2055
3085 2054
3085 2053
3086 2052
3087 2052
3088 2052
3089 2052
3090 2052
3091 2052
3092 2052
3093 2052
3094 2052
3093 2051
3092 2050
3091 2049
3090 2049
3089 2048
3088 2047
3087 2046
3086 2046
3085 2045
3084 2044
3083 2043
3082 2043
3081 2042
3080 2041
3079 2040
3078 2040
3077 2040
3076 2039
3075 2038
3074 2038
3073 2037
3072 2037
3071 2037
3070 2037
3069 2037
3068 2036
3067 2036
3066 2036
3065 2036
3064 2036
3063 2036
3062 2036
3061 2036
3060 2036
3059 2036
3058 2036
3057 2036
3056 2036
3055 2036
3054 2036
3053 2036
3052 2036
3051 2036
3050 2036
3049 2035
3048 2035
3047 2035
3046 2035
3045 2035
3044 2035
3043 2035
3042 2035
3041 2035
3040 2035
3039 2035
3038 2035
3037 2035
3036 2035
3035 2035
3034 2035
3033 2035
3032 2035
3031 2035
3030 2035
3029 2035
3028 2035
3027 2035
3026 2035
3025 2035
3024 2035
3023 2035
3022 2035
3021 2034
3020 2033
3020 2032
3019 2031
3019 2030
3018 2030
3017 2029
3016 2029
3015 2028
3014 2028
3013 2027
3012 2026
3012 2025
3011 2024
3010 2024
3009 2024
3008 2023
3007 2023
3006 2023
3005 2023
3004 2023
3003 2023
3002 2023
3001 2023
3000 2022
2999 2022
2998 2022
2997 2022
2996 2022
2995 2022
2994 2022
2993 2022
2992 2022
2991 2022
2990 2022
2989 2022
2988 2022
2987 2022
2986 2022
2985 2022
2984 2022
2983 2022
2982 2022
2981 2022
2980 2022
2979 2022
2978 2022
2977 2022
2976 2022
2975 2022
2974 2022
2973 2022
2972 2022
2971 2022
2970 2022
2969 2022
2968 2022
2967 2022
2966 2022
2965 2022
2964 2022
2963 2022
2962 2022
2961 2022
2960 2022
2959 2022
2958 2021
2957 2021
2956 2021
2955 2021
2954 2021
2953 2021
2952 2021
2951 2021
2950 2021
2949 2021
2948 2021
2947 2021
2946 2021
2945 2021
2944 2021
2943 2021
2942 2021
2941 2021
2940 2021
2939 2021
2938 2021
2937 2021
2936 2021
2935 2021
2934 2021
2933 2021
2932 2021
2931 2021
2930 2021
2929 2021
2928 2021
2927 2022
2926 2022
2925 2023
2924 2023
2923 2023
2922 2024
2921 2024
2920 2024
2919 2024
2918 2024
2917 2024
2916 2024
2915 2024
2914 2024
2913 2025
2912 2025
2911 2025
2910 2025
2909 2025
2908 2025
2907 2025
2906 2025
2905 2024
2904 2024
2903 2024
2902 2024
2901 2024
2900 2024
2899 2023
2898 2022
2897 2022
2896 2021
2895 2021
2894 2021
2893 2021
2892 2020
2891 2020
2890 2019
2889 2018
2888 2018
2887 2018
2886 2017
2885 2017
2884 2017
2883 2017
2882 2017
2881 2016
2880 2016
2879 2016
2878 2015
2877 2015
2876 2014
2875 2014
2874 2014
2873 2013
2872 2013
2871 2013
2870 2013
2869 2012
2868 2012
2867 2012
2866 2012
2865 2012
2864 2012
2863 2012
2862 2012
2861 2012
2860 2012
2859 2012
2858 2011
2857 2011
2856 2011
2855 2011
2854 2010
2853 2010
2852 2009
2851 2009
2850 2008
2849 2008
2848 2008
2847 2008
2846 2008
2845 2007
2844 2007
2843 2007
2842 2007
2841 2007
2840 2007
2839 2007
2838 2007
2837 2007
2836 2007
2835 2007
2834 2007
2833 2007
2832 2007
2831 2007
