2906 1891
2905 1892
2904 1893
2903 1894
2902 1894
2901 1895
2900 1895
2899 1896
2898 1896
2897 1897
2896 1898
2895 1899
2894 1899
2893 1900
2892 1900
2891 1901
2890 1902
2889 1903
2888 1904
2887 1905
2886 1906
2885 1907
2884 1908
2883 1909
2882 1909
2881 1909
2880 1910
2879 1910
2878 1910
2877 1910
2876 1910
2875 1911
2874 1912
2873 1912
2872 1913
2871 1914
2870 1914
2869 1914
2868 1914
2867 1914
2866 1914
2865 1914
2864 1914
2863 1914
2862 1914
2861 1914
2860 1914
2859 1914
2858 1914
2857 1914
2856 1914
2855 1914
2854 1915
2853 1915
2852 1915
2851 1915
2850 1915
2849 1915
2848 1916
2847 1916
2846 1916
2845 1916
2844 1916
2843 1916
2842 1916
2841 1916
2840 1916
2839 1916
2838 1916
2837 1916
2836 1916
2835 1916
2834 1916
2833 1916
2832 1916
2831 1915
2830 1915
2829 1915
2828 1915
2827 1915
2826 1915
2825 1915
2824 1915
2823 1914
2822 1914
2821 1914
2820 1914
2819 1914
2818 1914
2817 1914
2816 1913
2815 1913
2814 1913
2813 1913
2812 1912
2811 1911
2811 1910
2810 1909
2810 1908
2809 1908
2808 1907
2807 1907
2806 1907
2805 1908
2804 1908
2803 1908
2802 1909
2801 1909
2800 1910
2799 1911
2799 1912
2799 1913
2798 1914
2798 1915
2797 1916
2796 1916
2795 1917
2794 1918
2793 1919
2792 1920
2791 1920
2790 1920
2789 1920
2788 1920
2787 1920
2786 1919
2785 1919
2784 1919
2783 1919
2782 1919
2781 1919
2780 1919
2779 1918
2778 1918
2777 1918
2776 1918
2775 1918
2774 1918
2773 1918
2772 1917
2771 1917
2770 1917
2769 1917
2768 1917
2767 1917
2766 1917
2765 1916
2764 1916
2763 1916
2762 1916
2761 1916
2760 1916
2759 1916
2758 1915
2757 1915
2756 1915
2755 1915
2754 1915
2753 1915
2752 1914
2751 1914
2750 1914
2749 1914
2748 1914
2747 1914
2746 1914
2745 1913
2744 1913
2743 1913
2742 1913
2741 1913
2740 1913
2739 1913
2738 1912
2737 1912
2736 1912
2735 1912
2734 1912
2733 1912
2732 1913
2731 1913
2730 1914
2729 1914
2728 1914
2727 1914
2726 1915
2725 1915
2724 1915
2723 1915
2722 1915
2721 1915
2720 1916
2719 1917
2718 1917
2717 1918
2716 1918
2715 1919
2714 1919
2713 1919
2712 1919
2711 1919
2710 1919
2709 1919
2709 1920
2709 1921
2708 1922
2707 1923
2706 1923
2705 1924
2704 1925
2703 1925
2702 1926
2701 1927
2700 1927
2699 1928
2698 1929
2697 1929
2696 1930
2695 1930
2694 1930
2693 1930
2692 1930
2691 1931
2690 1931
2689 1931
2688 1931
2687 1931
2686 1932
2685 1932
2684 1933
2683 1934
2682 1934
2681 1934
2680 1934
2679 1934
2678 1935
2677 1935
2676 1935
2675 1935
2674 1935
2673 1935
2672 1934
2671 1934
2670 1935
2669 1935
2668 1935
2667 1935
2666 1936
2665 1937
2664 1937
2663 1938
2662 1939
2661 1940
2660 1941
2659 1942
2658 1943
2658 1944
2657 1945
2656 1946
2655 1947
2654 1948
2653 1948
2652 1949
2651 1949
2650 1950
2649 1951
2648 1951
2647 1951
2646 1952
2645 1953
2644 1953
2643 1954
2642 1954
2641 1954
2640 1955
2639 1955
2638 1956
2637 1956
2636 1957
2635 1957
2634 1958
2633 1959
2632 1959
2631 1960
2630 1961
2629 1962
2628 1962
2627 1963
2626 1964
2625 1964
2624 1964
2623 1965
2622 1965
2621 1965
2620 1966
2619 1966
2618 1966
2617 1967
2616 1967
2615 1968
2614 1968
2613 1969
2612 1969
2611 1970
2610 1970
2609 1970
2608 1971
2607 1971
2606 1972
2605 1972
2604 1972
2603 1973
2602 1973
2601 1974
2600 1974
2599 1974
2598 1973
2597 1973
2596 1972
2595 1972
2594 1971
2593 1970
2592 1970
2591 1969
2590 1968
2589 1967
2589 1966
2588 1965
2587 1964
2587 1963
2586 1962
2585 1961
2585 1960
2584 1959
2583 1958
2583 1957
2582 1956
2581 1955
2581 1954
2580 1953
2579 1952
2578 1951
2578 1950
2577 1950
2577 1951
2577 1952
2576 1953
2576 1954
2576 1955
2576 1956
2576 1957
2576 1958
2575 1959
2575 1960
2575 1961
2575 1962
2574 1963
2573 1964
2572 1965
2571 1966
2570 1966
2569 1967
2568 1967
2567 1967
2566 1967
2565 1968
2564 1968
2563 1968
2562 1969
2561 1969
2560 1969
2559 1970
2558 1970
2557 1970
2556 1970
2555 1970
2554 1970
2553 1970
2552 1971
2551 1971
2550 1971
2549 1972
2548 1972
2547 1973
2546 1973
2545 1973
2544 1974
2543 1974
2542 1974
2541 1974
2540 1974
2539 1974
2538 1974
2537 1974
2536 1974
2535 1974
2534 1974
2533 1974
2532 1974
2531 1974
2530 1974
2529 1974
2528 1974
2527 1973
2526 1973
2525 1973
2524 1973
2523 1973
2522 1973
2521 1973
2520 1973
2519 1973
2518 1973
2517 1974
2516 1974
2515 1975
2514 1975
2513 1975
2512 1975
2511 1975
2510 1975
2509 1975
2508 1975
2507 1975
2506 1975
2505 1976
2504 1976
2503 1976
2502 1977
2501 1977
2500 1977
2499 1977
2498 1977
2497 1978
2496 1978
2495 1978
2494 1978
2493 1978
2492 1978
2491 1978
2490 1978
2489 1978
2488 1978
2487 1977
2486 1977
2485 1977
2484 1977
2483 1978
2482 1978
2481 1978
2480 1978
2479 1978
2478 1978
2477 1979
2476 1979
2475 1979
2474 1980
2473 1980
2472 1980
2471 1980
2470 1980
2469 1980
2468 1980
2467 1980
2466 1980
2465 1980
2464 1980
2463 1980
2462 1980
2461 1980
2460 1979
2459 1979
2458 1978
2457 1978
2456 1977
2455 1976
2454 1975
2453 1974
2452 1975
2452 1976
2452 1977
2451 1978
2451 1979
2451 1980
2451 1981
2451 1982
2450 1983
2450 1984
2450 1985
2449 1986
2448 1986
2447 1987
2446 1987
2445 1987
2444 1987
2443 1987
2442 1987
2441 1987
2440 1987
2439 1987
2438 1987
2437 1987
2436 1987
2435 1987
2434 1987
2433 1987
2432 1987
2431 1987
2430 1988
2429 1988
2428 1988
2427 1988
2426 1988
2425 1988
2424 1989
2423 1989
2422 1989
2421 1989
2420 1989
2419 1989
2418 1989
2417 1989
2416 1989
2415 1989
2414 1989
2413 1989
2412 1989
2411 1990
2410 1990
2409 1990
2408 1990
2407 1991
2406 1991
2405 1991
2404 1991
2403 1991
2402 1991
2401 1991
2400 1991
2399 1992
2398 1992
2397 1992
2396 1993
2395 1993
2394 1993
2393 1994
2392 1994
2391 1995
2390 1995
2389 1995
2388 1995
2387 1995
2386 1995
2385 1995
2384 1995
2383 1995
2382 1995
2381 1995
2380 1995
2379 1995
2378 1994
2377 1994
2376 1994
2375 1994
2374 1995
2373 1995
2372 1995
2371 1996
2370 1996
2369 1996
2368 1996
2367 1996
2366 1997
2365 1997
2364 1998
2363 1999
2362 1999
2361 1999
2360 2000
2359 2000
2358 2000
2357 2000
2356 2001
2355 2001
2354 2001
2353 2001
2352 2001
2351 2002
2350 2002
2349 2002
2348 2003
2347 2003
2346 2004
2345 2004
2344 2004
2343 2004
2342 2004
2341 2005
2340 2006
2339 2007
2338 2007
2337 2008
2336 2008
2335 2008
2334 2008
2333 2008
2332 2008
2331 2008
2330 2008
2329 2008
2328 2008
2327 2008
2326 2008
2325 2008
2324 2008
2323 2008
2322 2008
2321 2008
2320 2008
2319 2009
2318 2010
2317 2010
2316 2011
2315 2011
2314 2011
2313 2011
2312 2011
2311 2011
2310 2011
2309 2011
2308 2010
2307 2010
2306 2010
2305 2010
2304 2010
2303 2010
2302 2010
2301 2010
2300 2010
2299 2010
2298 2011
2297 2011
2296 2012
2295 2012
2294 2012
2293 2012
2292 2012
2291 2013
2290 2013
2289 2013
2288 2013
2287 2013
2286 2013
2285 2013
2284 2013
2283 2013
2282 2012
2281 2012
2280 2012
2279 2013
2278 2013
2277 2013
2276 2013
2275 2014
2274 2014
2273 2014
2272 2014
2271 2015
2270 2015
2269 2015
2268 2015
2267 2015
2266 2015
2265 2015
2264 2015
2263 2015
2262 2015
2261 2015
2260 2014
2259 2015
2258 2015
2257 2016
2256 2016
2255 2017
2254 2017
2253 2017
2252 2017
2251 2018
2250 2018
2249 2019
2248 2020
2247 2021
2246 2021
2245 2021
2244 2022
2243 2022
2242 2022
2241 2022
2240 2022
2239 2022
2238 2022
2237 2022
2236 2022
2235 2022
2234 2022
2233 2022
2232 2022
2231 2022
2230 2023
2229 2023
2228 2023
2227 2024
2226 2024
2225 2024
2224 2024
2223 2025
2222 2025
2221 2025
2220 2025
2219 2025
2218 2025
2217 2025
2216 2024
2215 2024
2214 2024
2213 2024
2212 2024
2211 2024
2210 2024
2209 2024
2208 2023
2207 2023
2206 2023
2205 2023
2204 2023
2203 2023
2202 2023
2201 2022
2200 2022
2199 2022
2198 2022
2197 2022
2196 2022
2195 2021
2194 2021
2193 2021
2192 2021
2191 2021
2190 2021
2189 2021
2188 2020
2187 2020
2186 2020
2185 2020
2184 2020
2183 2020
2182 2020
2181 2019
2180 2019
2179 2019
2178 2020
2177 2020
2176 2020
2175 2021
2174 2021
2173 2021
2172 2022
2171 2022
2170 2022
2169 2023
2168 2023
2167 2023
2166 2024
2165 2024
2164 2025
2163 2025
2162 2026
2161 2027
2160 2027
2159 2028
2158 2029
2157 2029
2156 2030
2155 2030
2154 2030
2153 2031
2152 2032
2151 2032
2150 2033
2149 2033
2148 2033
2147 2034
2146 2034
2145 2034
2144 2034
2143 2034
2142 2034
2141 2034
2140 2034
2139 2034
2138 2034
2137 2034
2136 2034
2135 2034
2134 2034
2133 2035
2132 2035
2131 2036
2130 2036
2129 2036
2128 2036
2127 2037
2126 2037
2125 2037
2124 2037
2123 2037
2122 2037
2121 2037
2120 2037
2119 2037
2118 2037
2117 2037
2116 2036
2115 2036
2114 2036
2113 2036
2112 2036
2111 2036
2110 2036
2109 2036
2108 2036
2107 2037
2106 2037
2105 2037
2104 2038
2103 2038
2102 2038
2101 2038
2100 2039
2099 2039
2098 2040
2097 2040
2096 2041
2095 2041
2094 2042
2093 2042
2092 2042
2091 2042
2090 2042
2089 2042
2088 2043
2087 2043
2086 2044
2085 2045
2084 2045
2083 2045
2082 2045
2081 2046
2080 2046
2079 2047
2078 2048
2077 2048
2076 2049
2075 2049
2074 2049
2073 2050
2072 2050
2071 2050
2070 2050
2069 2050
2068 2050
2067 2050
2066 2051
2065 2051
2064 2051
2063 2052
2062 2052
2061 2052
2060 2053
2059 2053
2058 2053
2057 2054
2056 2054
2055 2054
2054 2054
2053 2054
2052 2055
2051 2056
2050 2056
2049 2056
2048 2056
2047 2056
2046 2057
2045 2057
2044 2057
2043 2057
2042 2057
2041 2057
2040 2057
2039 2057
2038 2057
2037 2057
2036 2057
2035 2057
2034 2057
2033 2057
2032 2057
2031 2058
2030 2058
2029 2058
2028 2058
2027 2058
2026 2058
2025 2059
2024 2059
2023 2059
2022 2059
2021 2059
2020 2059
2019 2059
2018 2059
2017 2059
2016 2059
2015 2059
2014 2059
2013 2059
2012 2060
2011 2060
2010 2060
2009 2060
2008 2061
2007 2061
2006 2061
2005 2061
2004 2061
2003 2061
2002 2061
2001 2061
2000 2062
1999 2062
1998 2062
1997 2062
1996 2061
1995 2061
1994 2062
1993 2062
1992 2063
1991 2063
1990 2063
1989 2064
1988 2064
1987 2064
1986 2064
1985 2064
1984 2064
1983 2064
1982 2064
1981 2065
1980 2065
1979 2065
1978 2066
1977 2066
1976 2066
1975 2067
1974 2067
1973 2067
1972 2068
1971 2068
1970 2068
1969 2068
1968 2068
1967 2068
1966 2068
1965 2068
1964 2068
1963 2068
1962 2068
1961 2068
1960 2069
1959 2069
1958 2070
1957 2070
1956 2070
1955 2070
1954 2070
1953 2070
1952 2071
1951 2071
1950 2071
1949 2071
1948 2072
1947 2072
1946 2073
1945 2073
1944 2073
1943 2073
1942 2074
1941 2074
1940 2075
1939 2075
1938 2076
1937 2077
1936 2077
1935 2077
1934 2077
1933 2078
1932 2078
1931 2079
1930 2079
1929 2079
1928 2080
1927 2081
1926 2081
1925 2081
1924 2082
1923 2082
1922 2082
1921 2083
1920 2083
1919 2083
1918 2084
1917 2084
1916 2085
1915 2085
1914 2086
1913 2087
1912 2088
1911 2088
1910 2089
1909 2089
1908 2090
1907 2090
1906 2091
1905 2091
1905 2092
1904 2093
1904 2094
1904 2095
1903 2096
1903 2097
1903 2098
1902 2099
1902 2100
1902 2101
1901 2102
1900 2102
1899 2102
1898 2102
1897 2102
1896 2102
1895 2102
1894 2102
1893 2102
1892 2102
1891 2102
1890 2102
1889 2103
1888 2103
1887 2103
1886 2103
1885 2103
1884 2103
1883 2103
1882 2103
1881 2103
1880 2103
1879 2103
1878 2103
1877 2103
1876 2103
1875 2103
1874 2103
1873 2103
1872 2103
1871 2103
1870 2103
1869 2103
1868 2103
1867 2103
1866 2103
1865 2103
1864 2102
1863 2102
1862 2102
1861 2103
1860 2103
1859 2104
1858 2105
1857 2105
1856 2105
1855 2105
1854 2105
1853 2105
1852 2105
1851 2105
1850 2105
1849 2105
1848 2105
1847 2105
1846 2105
1845 2105
1844 2105
1843 2105
1842 2105
1841 2105
1840 2106
1839 2106
1838 2106
1837 2107
1836 2107
1835 2108
1834 2108
1833 2109
1832 2109
1831 2110
1830 2110
1829 2110
1828 2111
1827 2111
1826 2111
1825 2111
1824 2111
1823 2112
1822 2111
1821 2111
1820 2112
1819 2112
1818 2112
1817 2113
1816 2113
1815 2113
1814 2114
1813 2114
1812 2114
1811 2114
1810 2115
1809 2115
1808 2115
1807 2115
1806 2115
1805 2116
1804 2116
1803 2116
1802 2117
1801 2117
1800 2118
1799 2118
1798 2119
1797 2119
1796 2120
1795 2121
1794 2121
1793 2122
1792 2123
1791 2123
1790 2124
1789 2124
1788 2125
1787 2125
1786 2125
1785 2126
1784 2126
1783 2126
1782 2126
1781 2126
1780 2126
1779 2127
1778 2127
1777 2127
1776 2127
1775 2127
1774 2128
1773 2129
1772 2129
1771 2129
1770 2130
1769 2130
1768 2130
1767 2130
1766 2130
1765 2130
1764 2130
1763 2130
1762 2130
1761 2131
1760 2131
1759 2131
1758 2131
1757 2131
1756 2132
1755 2132
1754 2132
1753 2133
1752 2133
1751 2134
1750 2134
1749 2135
1748 2136
1747 2137
1746 2138
1745 2138
1744 2139
1743 2139
1742 2140
1741 2140
1740 2140
1739 2141
1738 2141
1737 2141
1736 2141
1735 2141
1734 2142
1733 2143
1732 2143
1731 2144
1730 2144
1729 2145
1728 2145
1727 2145
1726 2145
1725 2146
1724 2146
1723 2146
1722 2146
1721 2146
1720 2146
1719 2146
1718 2147
1717 2147
1716 2147
1715 2147
1714 2148
1713 2148
1712 2148
1711 2149
1710 2149
1709 2149
1708 2150
1707 2150
1706 2150
1705 2151
1704 2151
1703 2152
1702 2152
1701 2152
1700 2153
1699 2153
1698 2153
1697 2154
1696 2154
1695 2154
1694 2154
1693 2154
1692 2155
1691 2155
1690 2155
1689 2156
1688 2156
1687 2157
1686 2157
1685 2158
1684 2158
1683 2158
1682 2158
1681 2159
1680 2159
1679 2159
1678 2159
1677 2160
1676 2160
1675 2160
1674 2160
1673 2161
1672 2161
1671 2162
1670 2163
1669 2163
1668 2164
1667 2165
1666 2165
1665 2166
1664 2167
1663 2167
1662 2167
1661 2167
1660 2167
1659 2168
1658 2168
1657 2168
1656 2168
1655 2168
1654 2168
1653 2168
1652 2168
1651 2169
1650 2169
1649 2169
1648 2169
1647 2169
1646 2170
1645 2170
1644 2170
1643 2170
1642 2170
1641 2171
1640 2171
1639 2171
1638 2171
1637 2171
1636 2171
1635 2171
1634 2172
1633 2172
1632 2172
1631 2173
1630 2173
1629 2174
1628 2174
1627 2174
1626 2175
1625 2175
1624 2175
1623 2175
1622 2175
1621 2175
1620 2175
1619 2175
1618 2175
1617 2176
1616 2176
1615 2177
1614 2177
1613 2178
1612 2179
1611 2179
1610 2180
1609 2180
1608 2180
1607 2180
1606 2181
1605 2181
1604 2181
1603 2181
1602 2181
1601 2181
1600 2181
1599 2182
1598 2182
1597 2182
1596 2183
1595 2183
1594 2183
1593 2183
1592 2184
1591 2184
1590 2184
1589 2184
1588 2184
1587 2184
1586 2185
1585 2185
1584 2185
1583 2185
1582 2185
1581 2186
1580 2186
1579 2186
1578 2187
1577 2187
1576 2188
1575 2188
1574 2188
1573 2188
1572 2188
1571 2188
1570 2188
1569 2188
1568 2188
1567 2188
1566 2188
1565 2188
1564 2188
1563 2189
1562 2189
1561 2189
1560 2190
1559 2190
1558 2190
1557 2191
1556 2191
1555 2192
1554 2193
1553 2194
1552 2194
1551 2194
1550 2195
1549 2196
1548 2196
1547 2197
1546 2198
1545 2198
1544 2198
1543 2198
1542 2198
1541 2199
1540 2199
1539 2199
1538 2200
1537 2200
1536 2201
1535 2201
1534 2201
1533 2202
1532 2202
1531 2202
1530 2203
1529 2203
1528 2204
1527 2204
1526 2204
1525 2205
1524 2206
1523 2206
1522 2207
1521 2207
1520 2208
1519 2208
1518 2209
1517 2210
1516 2210
1515 2210
1514 2211
1513 2211
1512 2211
1511 2211
1510 2212
1509 2212
1508 2212
1507 2213
1506 2213
1505 2213
1504 2214
1503 2214
1502 2215
1501 2215
1500 2215
1499 2216
1498 2216
1497 2217
1496 2217
1495 2218
1494 2218
1493 2218
1492 2219
1491 2219
1490 2219
1489 2219
1488 2220
1487 2220
1486 2220
1485 2221
1484 2222
1483 2222
1482 2222
1481 2223
1480 2223
1479 2223
1478 2224
1477 2224
1476 2225
1475 2225
1474 2226
1473 2226
1472 2227
1471 2227
1470 2228
1469 2228
1468 2229
1467 2229
1466 2230
1465 2230
1464 2230
1463 2230
1462 2230
1461 2231
1460 2231
1459 2231
1458 2232
1457 2232
1456 2233
1455 2233
1454 2234
1453 2234
1452 2235
1451 2235
1450 2236
1449 2236
1448 2237
1447 2237
1446 2237
1445 2237
1444 2238
1443 2238
1442 2238
1441 2239
1440 2239
1439 2239
1438 2239
1437 2240
1436 2240
1435 2240
1434 2241
1433 2241
1432 2241
1431 2242
1430 2242
1429 2242
1428 2242
1427 2243
1426 2243
1425 2244
1424 2244
1423 2244
1422 2245
1421 2245
1420 2245
1419 2246
1418 2246
1417 2246
1416 2246
1415 2247
1414 2247
1413 2247
1412 2248
1411 2248
1410 2249
1409 2249
1408 2250
1407 2251
1406 2251
1405 2252
1404 2252
1403 2253
1402 2253
1401 2254
1400 2254
1399 2255
1398 2255
1397 2255
1396 2256
1395 2256
1394 2257
1393 2257
1392 2258
1391 2258
1390 2259
1389 2259
1388 2260
1387 2260
1386 2261
1385 2261
1384 2262
1383 2262
1382 2263
1381 2263
1380 2264
1379 2264
1378 2265
1377 2265
1376 2265
1375 2266
1374 2266
1373 2267
1372 2268
1371 2268
1370 2269
1369 2269
1368 2270
1367 2270
1366 2271
1365 2271
1364 2271
1363 2272
1362 2272
1361 2272
1360 2273
1359 2274
1358 2275
1357 2275
1356 2276
1355 2277
1354 2278
1353 2278
1352 2278
1351 2279
1350 2279
1349 2280
1348 2280
1347 2281
1346 2281
1345 2282
1344 2282
1343 2283
1342 2283
1341 2284
1340 2284
1339 2284
1338 2285
1337 2285
1336 2286
1335 2287
1334 2287
1333 2288
1332 2288
1331 2289
1330 2290
1329 2291
1328 2292
1327 2293
1326 2294
1325 2294
1324 2295
1323 2296
1322 2296
1321 2297
1320 2297
1319 2298
1318 2299
1317 2299
1316 2300
1315 2301
1314 2301
1313 2301
1312 2302
1311 2303
1310 2303
1309 2304
1308 2305
1307 2305
1306 2306
1305 2306
1304 2307
1303 2308
1302 2309
1302 2310
1301 2311
1300 2312
1299 2312
1298 2313
1297 2314
1296 2314
1295 2315
1294 2316
1293 2317
1292 2318
1291 2319
1291 2320
1290 2321
1289 2322
1288 2322
1287 2323
1286 2324
1285 2325
1285 2326
1284 2327
1284 2328
1283 2329
1282 2330
1281 2331
1280 2332
1280 2333
1279 2334
1278 2335
1277 2336
1276 2337
1276 2338
1275 2339
1274 2340
1273 2340
1272 2341
1271 2342
1270 2343
1269 2343
1268 2344
1267 2344
1267 2345
1266 2346
1265 2347
1264 2348
1263 2349
1263 2350
1262 2351
1261 2352
1260 2352
1259 2353
1258 2354
1257 2355
1256 2356
1255 2357
1254 2357
1253 2358
1253 2359
1252 2360
1251 2361
1251 2362
1250 2363
1250 2364
1249 2365
1249 2366
1249 2367
1248 2368
1247 2369
1246 2370
1245 2371
1244 2372
1243 2373
1242 2374
1241 2375
1241 2376
1240 2377
1239 2378
1238 2379
1237 2380
1236 2381
1235 2382
1234 2382
1233 2383
1232 2384
1231 2385
1230 2386
1229 2387
1228 2388
1227 2389
1226 2390
1225 2391
1224 2392
1224 2393
1223 2394
1223 2395
1222 2396
1222 2397
1221 2398
1221 2399
1220 2400
1219 2401
1218 2402
1217 2402
1216 2403
1215 2404
1214 2405
1213 2406
1212 2407
1211 2408
1211 2409
1210 2410
1209 2411
1208 2412
1207 2413
1207 2414
1206 2415
1205 2416
1204 2417
1203 2418
1202 2419
1201 2420
1200 2421
1199 2422
1199 2423
1198 2424
1197 2425
1197 2426
1197 2427
1196 2428
1195 2429
1195 2430
1194 2431
1193 2432
1192 2433
1191 2434
1190 2434
1189 2435
1188 2435
1187 2436
1186 2437
1185 2438
1184 2439
1183 2440
1182 2441
1181 2441
1180 2442
1179 2443
1178 2444
1177 2445
1176 2446
1176 2447
1175 2448
1175 2449
1175 2450
1175 2451
1174 2452
1174 2453
1173 2454
1173 2455
1172 2456
1172 2457
1172 2458
1171 2459
1171 2460
1170 2461
1170 2462
1169 2463
1169 2464
1169 2465
1168 2466
1168 2467
1167 2468
1167 2469
1167 2470
1167 2471
1166 2472
1166 2473
1166 2474
1165 2475
1165 2476
1165 2477
1165 2478
1164 2479
1164 2480
1164 2481
1164 2482
1164 2483
1163 2484
1163 2485
1162 2486
1162 2487
1161 2488
1161 2489
1160 2490
1159 2491
1158 2492
1158 2493
1158 2494
1157 2495
1157 2496
1157 2497
1156 2498
1156 2499
1156 2500
1155 2501
1155 2502
1155 2503
1155 2504
1155 2505
1154 2506
1154 2507
1153 2508
1153 2509
1152 2510
1151 2511
1151 2512
1150 2513
1150 2514
1149 2515
1149 2516
1148 2517
1148 2518
1147 2519
1147 2520
1146 2521
1145 2522
1144 2523
1143 2524
1143 2525
1143 2526
1142 2527
1142 2528
1141 2529
1141 2530
1141 2531
1140 2532
1140 2533
1140 2534
1140 2535
1139 2536
1139 2537
1139 2538
1139 2539
1138 2540
1138 2541
1137 2542
1136 2543
1136 2544
1135 2545
1134 2546
1134 2547
1133 2548
1133 2549
1132 2550
1132 2551
1132 2552
1132 2553
1131 2554
1131 2555
1131 2556
1130 2557
1130 2558
1130 2559
1130 2560
1129 2561
1129 2562
1128 2563
1128 2564
1127 2565
1126 2566
1126 2567
1125 2568
1125 2569
1124 2570
1124 2571
1124 2572
1123 2573
1123 2574
1123 2575
1122 2576
1122 2577
1122 2578
1122 2579
1121 2580
1121 2581
1121 2582
1120 2583
1119 2584
1119 2585
1118 2586
1117 2587
1117 2588
1116 2589
1116 2590
1116 2591
1115 2592
1115 2593
1114 2594
1114 2595
1113 2596
1112 2597
1112 2598
1111 2599
1110 2600
1109 2601
1109 2602
1108 2603
1108 2604
1108 2605
1107 2606
1107 2607
1107 2608
1106 2609
1106 2610
1106 2611
1106 2612
1105 2613
1105 2614
1105 2615
1105 2616
1105 2617
1104 2618
1104 2619
1103 2620
1102 2621
1102 2622
1101 2623
1100 2624
1100 2625
1099 2626
1099 2627
1098 2628
1098 2629
1098 2630
1097 2631
1097 2632
1096 2633
1096 2634
1096 2635
1096 2636
1096 2637
1095 2638
1095 2639
1095 2640
1095 2641
1095 2642
1094 2643
1094 2644
1094 2645
1093 2646
1092 2647
1091 2648
1091 2649
1090 2650
1089 2651
1089 2652
1089 2653
1088 2654
1088 2655
1088 2656
1087 2657
1087 2658
1087 2659
1087 2660
1087 2661
1086 2662
1086 2663
1086 2664
1086 2665
1085 2666
1085 2667
1084 2668
1084 2669
1083 2670
1082 2671
1081 2672
1080 2673
1079 2674
1078 2675
1078 2676
1077 2677
1076 2678
1076 2679
1075 2680
1074 2681
1074 2682
1074 2683
1073 2684
1073 2685
1073 2686
1072 2687
1072 2688
1071 2689
1071 2690
1071 2691
1070 2692
1070 2693
1069 2694
1068 2695
1067 2696
1067 2697
1066 2698
1066 2699
1065 2700
1065 2701
1065 2702
1064 2703
1064 2704
1063 2705
1062 2706
1061 2707
1061 2708
1060 2709
1059 2710
1059 2711
1058 2712
1058 2713
1057 2714
1057 2715
1057 2716
1056 2717
1055 2718
1054 2719
1054 2720
1053 2721
1052 2722
1051 2723
1051 2724
1050 2725
1049 2726
1048 2726
1047 2727
1047 2728
1046 2729
1045 2730
1044 2730
1043 2731
1042 2732
1041 2733
1041 2734
1040 2735
1039 2736
1039 2737
1038 2738
1037 2739
1036 2740
1035 2741
1034 2742
1033 2743
1033 2744
1032 2745
1031 2746
1030 2747
1029 2748
1028 2748
1027 2749
1026 2750
1025 2751
1024 2751
1023 2752
1022 2753
1021 2754
1020 2755
1019 2756
1019 2757
1018 2758
1017 2759
1016 2760
1015 2761
1014 2761
1013 2762
1012 2763
1012 2764
1011 2765
1010 2766
1009 2766
1008 2767
1007 2767
1006 2768
1005 2769
1004 2769
1003 2770
1002 2771
1001 2771
1000 2771
999 2772
998 2772
997 2772
996 2772
995 2773
994 2773
995 2773
996 2773
997 2773
998 2774
999 2774
1000 2774
1001 2774
1002 2774
1003 2774
1004 2774
1005 2774
1006 2774
1007 2774
1008 2774
1009 2773
1010 2773
1011 2773
1012 2773
1013 2773
1014 2773
1015 2772
1016 2772
1017 2772
1018 2771
1019 2771
1020 2770
1021 2769
1022 2769
1023 2768
1024 2767
1025 2767
1026 2766
1027 2765
1028 2765
1029 2764
1030 2763
1030 2762
1031 2761
1032 2761
1033 2760
1034 2760
1035 2759
1036 2759
1037 2758
1038 2757
1039 2757
1040 2756
1040 2755
1041 2754
1042 2753
1042 2752
1043 2751
1044 2750
1045 2749
1046 2748
1047 2747
1047 2746
1048 2745
1048 2744
1049 2743
1050 2742
1051 2741
1052 2740
1053 2739
1054 2738
1055 2737
1056 2736
1057 2735
1058 2734
1059 2733
1060 2733
1061 2732
1062 2731
1063 2730
1064 2729
1065 2728
1066 2727
1067 2726
1067 2725
1068 2724
1068 2723
1069 2722
1070 2721
1070 2720
1071 2719
1072 2718
1073 2718
1073 2717
1074 2716
1075 2715
1075 2714
1075 2713
1076 2712
1076 2711
1077 2710
1077 2709
1078 2708
1079 2708
1080 2707
1081 2706
1082 2705
1083 2704
1084 2703
1085 2702
1086 2702
1087 2701
1088 2700
1088 2699
1089 2698
1090 2697
1090 2696
1091 2695
1092 2695
1093 2694
1094 2693
1094 2692
1095 2691
1096 2690
1096 2689
1097 2688
1097 2687
1097 2686
1098 2685
1098 2684
1098 2683
1099 2682
1100 2681
1101 2680
1102 2679
1103 2678
1104 2677
1104 2676
1105 2675
1105 2674
1105 2673
1105 2672
1106 2671
1106 2670
1106 2669
1106 2668
1106 2667
1107 2666
1107 2665
1107 2664
1108 2663
1108 2662
1109 2661
1110 2660
1110 2659
1111 2658
1111 2657
1112 2656
1112 2655
1113 2654
1113 2653
1113 2652
1114 2651
1114 2650
1114 2649
1114 2648
1115 2647
1115 2646
1116 2645
1117 2644
1118 2643
1119 2642
1120 2641
1121 2641
1122 2640
1123 2639
1124 2638
1125 2637
1126 2636
1126 2635
1127 2634
1127 2633
1128 2632
1129 2631
1129 2630
1130 2629
1131 2628
1131 2627
1132 2626
1132 2625
1133 2624
1133 2623
1134 2622
1135 2621
1136 2620
1137 2619
1138 2618
1139 2617
1139 2616
1140 2615
1141 2614
1142 2613
1143 2612
1144 2611
1145 2610
1146 2609
1147 2608
1147 2607
1148 2606
1148 2605
1148 2604
1149 2603
1149 2602
1149 2601
1150 2600
1150 2599
1151 2598
1152 2597
1153 2596
1154 2595
1154 2594
1155 2593
1155 2592
1156 2591
1157 2590
1158 2589
1159 2588
1159 2587
1160 2586
1161 2585
1161 2584
1162 2583
1162 2582
1163 2581
1163 2580
1164 2579
1165 2578
1166 2577
1167 2577
1167 2576
1168 2575
1168 2574
1169 2573
1169 2572
1170 2571
1170 2570
1170 2569
1171 2568
1171 2567
1171 2566
1172 2565
1172 2564
1172 2563
1172 2562
1172 2561
1173 2560
1173 2559
1173 2558
1173 2557
1173 2556
1173 2555
1174 2554
1175 2553
1176 2552
1177 2551
1178 2550
1178 2549
1179 2548
1179 2547
1180 2546
1180 2545
1180 2544
1180 2543
1181 2542
1181 2541
1181 2540
1182 2539
1182 2538
1182 2537
1182 2536
1182 2535
1182 2534
1183 2533
1184 2532
1185 2531
1186 2530
1187 2529
1187 2528
1188 2527
1188 2526
1189 2525
1190 2524
1190 2523
1191 2522
1192 2521
1193 2520
1193 2519
1194 2518
1194 2517
1194 2516
1195 2515
1195 2514
1196 2513
1196 2512
1196 2511
1196 2510
1197 2509
1197 2508
1197 2507
1197 2506
1197 2505
1198 2504
1198 2503
1199 2502
1199 2501
1200 2500
1201 2499
1201 2498
1202 2497
1203 2496
1203 2495
1204 2494
1204 2493
1204 2492
1205 2491
1205 2490
1205 2489
1206 2488
1206 2487
1206 2486
1206 2485
1206 2484
1207 2483
1207 2482
1207 2481
1207 2480
1208 2479
1208 2478
1209 2477
1210 2476
1210 2475
1211 2474
1212 2473
1212 2472
1212 2471
1213 2470
1213 2469
1214 2468
1214 2467
1214 2466
1214 2465
1215 2464
1215 2463
1215 2462
1215 2461
1215 2460
1216 2459
1216 2458
1216 2457
1216 2456
1217 2455
1217 2454
1218 2453
1219 2453
1219 2452
1220 2451
1221 2450
1221 2449
1222 2448
1222 2447
1222 2446
1223 2445
1224 2444
1225 2443
1226 2442
1227 2441
1228 2440
1228 2439
1229 2438
1230 2437
1230 2436
1230 2435
1230 2434
1231 2433
1231 2432
1231 2431
1231 2430
1232 2429
1233 2428
1234 2427
1235 2426
1235 2425
1236 2424
1237 2423
1237 2422
1238 2421
1239 2420
1240 2419
1241 2418
1241 2417
1242 2416
1242 2415
1243 2414
1243 2413
1244 2412
1244 2411
1245 2410
1246 2409
1247 2408
1248 2408
1249 2407
1250 2407
1251 2406
1252 2406
1253 2405
1254 2404
1255 2403
1256 2402
1257 2401
1258 2401
1259 2400
1260 2399
1260 2398
1261 2397
1262 2396
1263 2395
1264 2394
1265 2393
1265 2392
1266 2391
1267 2390
1268 2390
1268 2389
1269 2388
1269 2387
1270 2386
1270 2385
1271 2384
1271 2383
1271 2382
1272 2381
1272 2380
1273 2379
1274 2378
1275 2378
1276 2377
1277 2376
1278 2375
1279 2374
1280 2374
1281 2373
1282 2373
1283 2372
1283 2371
1284 2370
1284 2369
1285 2368
1286 2368
1287 2368
1288 2367
1289 2366
1290 2365
1291 2364
1292 2363
1293 2362
1294 2361
1295 2360
1295 2359
1296 2358
1297 2357
1297 2356
1298 2355
1299 2354
1300 2353
1301 2352
1302 2351
1303 2350
1304 2349
1305 2349
1306 2349
1307 2349
1308 2348
1309 2348
1309 2347
1310 2346
1310 2345
1311 2344
1312 2343
1313 2342
1314 2341
1315 2341
1316 2340
1317 2340
1318 2339
1319 2338
1320 2337
1321 2337
1322 2336
1323 2335
1324 2334
1325 2333
1326 2332
1327 2332
1328 2332
1329 2331
1330 2331
1331 2331
1332 2330
1333 2330
1334 2330
1335 2329
1336 2328
1337 2328
1338 2327
1339 2327
1340 2326
1341 2326
1342 2325
1343 2324
1344 2324
1345 2323
1346 2323
1347 2322
1348 2322
1349 2321
1350 2321
1351 2320
1352 2320
1353 2319
1354 2319
1355 2319
1356 2319
1357 2318
1358 2318
1359 2318
1360 2318
1361 2318
1362 2318
1363 2318
1364 2317
1365 2317
1366 2317
1367 2317
1368 2316
1369 2316
1370 2316
1371 2316
1372 2316
1373 2316
1374 2316
1375 2316
1376 2316
1377 2315
1378 2315
1379 2314
1380 2314
1381 2314
1382 2313
1383 2313
1384 2313
1385 2312
1386 2312
1387 2312
1388 2312
1389 2312
1390 2312
1391 2311
1392 2311
1393 2311
1394 2311
1395 2312
1396 2312
1397 2312
1398 2311
1399 2311
1400 2310
1401 2310
1402 2310
1403 2310
1404 2309
1405 2309
1406 2309
1407 2309
1408 2309
1409 2309
1410 2309
1411 2309
1412 2309
1413 2308
1414 2307
1414 2306
1415 2305
1416 2304
1417 2303
1418 2303
1419 2302
1420 2302
1421 2302
1422 2301
1423 2301
1424 2301
1425 2301
1426 2300
1427 2300
1428 2300
1429 2300
1430 2300
1431 2299
1432 2299
1433 2298
1434 2298
1435 2298
1436 2297
1437 2297
1438 2297
1439 2297
1440 2297
1441 2297
1442 2296
1443 2295
1444 2295
1445 2294
1446 2294
1447 2294
1448 2294
1449 2293
1450 2293
1451 2293
1452 2293
1453 2293
1454 2293
1455 2292
1455 2291
1456 2290
1457 2290
1458 2289
1459 2288
1460 2287
1461 2287
1462 2286
1463 2285
1464 2284
1465 2284
1466 2284
1467 2284
1468 2284
1469 2284
1470 2284
1471 2283
1472 2283
1473 2282
1474 2282
1475 2282
1476 2282
1477 2282
1478 2282
1479 2282
1480 2282
1481 2282
1482 2282
1483 2282
1484 2281
1485 2281
1486 2281
1487 2280
1488 2280
1489 2280
1490 2280
1491 2279
1492 2279
1493 2279
1494 2279
1495 2279
1496 2279
1497 2279
1498 2279
1499 2279
1500 2279
1501 2279
1502 2279
1503 2279
1504 2279
1505 2279
1506 2279
1507 2279
1508 2279
1509 2280
1510 2280
1511 2280
1512 2280
1513 2279
1514 2279
1515 2279
1516 2278
1517 2277
1518 2277
1519 2277
1520 2277
1521 2277
1522 2277
1523 2277
1524 2277
1525 2277
1526 2277
1527 2277
1528 2277
1529 2277
1530 2277
1531 2277
1532 2277
1533 2277
1534 2278
1535 2278
1536 2278
1537 2278
1538 2278
1539 2278
1540 2278
1541 2279
1542 2279
1543 2279
1544 2279
1545 2279
1546 2279
1547 2279
1548 2280
1549 2280
1550 2279
1551 2279
1552 2279
1553 2279
1554 2278
1555 2278
1556 2278
1557 2278
1558 2278
1559 2278
1560 2278
1561 2278
1562 2278
1563 2278
1564 2278
1565 2278
1566 2278
1567 2278
1568 2278
1569 2277
1570 2277
1571 2277
1572 2276
1573 2276
1574 2276
1575 2275
1576 2275
1577 2275
1578 2274
1579 2273
1580 2272
1581 2272
1582 2272
1583 2272
1584 2271
1585 2271
1586 2271
1587 2271
1588 2271
1589 2271
1590 2271
1591 2271
1592 2271
1593 2270
1594 2270
1595 2270
1596 2269
1597 2268
1598 2268
1599 2267
1600 2266
1601 2266
1602 2265
1603 2265
1604 2264
1605 2264
1606 2263
1607 2263
1608 2263
1609 2263
1610 2262
1611 2262
1612 2262
1613 2262
1614 2263
1615 2263
1616 2263
1617 2263
1618 2263
1619 2263
1620 2263
1621 2263
1622 2264
1623 2264
1624 2264
1625 2264
1626 2264
1627 2264
1628 2265
1629 2265
1630 2265
1631 2265
1632 2265
1633 2265
1634 2265
1635 2266
1636 2266
1637 2266
1638 2265
1639 2265
1640 2264
1641 2264
1642 2263
1643 2263
1644 2263
1645 2263
1646 2263
1647 2263
1648 2263
1649 2263
1650 2263
1651 2263
1652 2263
1653 2263
1654 2263
1655 2264
1656 2264
1657 2263
1658 2263
1659 2263
1660 2263
1661 2262
1662 2262
1663 2262
1664 2262
1665 2262
1666 2262
1667 2262
1668 2262
1669 2262
1670 2262
1671 2262
1672 2262
1673 2262
1674 2262
1675 2262
1676 2262
1677 2262
1678 2262
1679 2262
1680 2262
1681 2261
1682 2261
1683 2261
1684 2260
1685 2260
1686 2260
1687 2260
1688 2259
1689 2259
1690 2259
1691 2259
1692 2259
1693 2259
1694 2259
1695 2259
1696 2259
1697 2259
1698 2259
1699 2259
1700 2259
1701 2260
1702 2260
1703 2260
1704 2259
1705 2259
1706 2259
1707 2258
1708 2258
1709 2258
1710 2258
1711 2257
1712 2257
1713 2257
1714 2257
1715 2257
1716 2257
1717 2256
1718 2256
1719 2256
1720 2255
1721 2255
1722 2255
1723 2255
1724 2254
1725 2254
1726 2254
1727 2254
1728 2254
1729 2254
1730 2254
1731 2254
1732 2254
1733 2254
1734 2254
1735 2254
1736 2254
1737 2254
1738 2254
1739 2254
1740 2254
1741 2254
1742 2254
1743 2254
1744 2254
1745 2253
1746 2253
1747 2253
1748 2253
1749 2253
1750 2252
1751 2252
1752 2252
1753 2252
1754 2252
1755 2252
1756 2252
1757 2252
1758 2252
1759 2252
1760 2253
1761 2253
1762 2253
1763 2253
1764 2253
1765 2253
1766 2252
1767 2252
1768 2251
1769 2250
1770 2250
1771 2249
1772 2249
1773 2249
1774 2248
1775 2248
1776 2247
1777 2247
1778 2247
1779 2246
1780 2246
1781 2245
1782 2245
1783 2244
1784 2243
1785 2243
1786 2242
1787 2241
1788 2241
1789 2240
1790 2240
1791 2239
1792 2239
1793 2238
1794 2238
1795 2238
1796 2238
1797 2237
1798 2237
1799 2237
1800 2237
1801 2237
1802 2237
1803 2237
1804 2236
1805 2236
1806 2236
1807 2236
1808 2236
1809 2236
1810 2235
1811 2235
1812 2235
1813 2235
1814 2235
1815 2235
1816 2235
1817 2234
1818 2234
1819 2235
1820 2235
1821 2235
1822 2235
1823 2235
1824 2235
1825 2235
1826 2235
1827 2235
1828 2234
1829 2234
1830 2234
1831 2233
1832 2233
1833 2233
1834 2232
1835 2232
1836 2232
1837 2232
1838 2232
1839 2232
1840 2232
1841 2232
1842 2232
1843 2232
1844 2232
1845 2232
1846 2232
1847 2233
1848 2233
1849 2233
1850 2233
1851 2233
1852 2233
1853 2233
1854 2233
1855 2233
1856 2234
1857 2234
1858 2234
1859 2234
1860 2234
1861 2234
1862 2234
1863 2234
1864 2235
1865 2235
1866 2235
1867 2235
1868 2235
1869 2235
1870 2236
1871 2236
1872 2236
1873 2236
1874 2236
1875 2236
1876 2236
1877 2237
1878 2237
1879 2237
1880 2237
1881 2237
1882 2237
1883 2238
1884 2238
1885 2238
1886 2238
1887 2238
1888 2238
1889 2238
1890 2239
1891 2239
1892 2239
1893 2239
1894 2239
1895 2239
1896 2239
1897 2240
1898 2240
1899 2240
1900 2240
1901 2240
1902 2240
1903 2241
1904 2241
1905 2241
1906 2241
1907 2241
1908 2241
1909 2241
1910 2242
1911 2242
1912 2242
1913 2242
1914 2242
1915 2242
1916 2243
1917 2243
1918 2243
1919 2243
1920 2243
1921 2243
1922 2244
1923 2244
1924 2244
1925 2244
1926 2244
1927 2244
1928 2244
1929 2245
1930 2245
1931 2246
1932 2246
1933 2247
1934 2248
1935 2248
1936 2249
1937 2249
1938 2249
1939 2250
1940 2250
1941 2250
1942 2251
1943 2251
1944 2251
1945 2252
1946 2252
1947 2253
1948 2253
1949 2254
1950 2254
1951 2255
1952 2256
1953 2256
1954 2257
1955 2258
1956 2258
1957 2258
1958 2259
1959 2259
1960 2259
1961 2260
1962 2260
1963 2260
1964 2260
1965 2261
1966 2261
1967 2261
1968 2261
1969 2262
1970 2262
1971 2262
1972 2262
1973 2262
1974 2262
1975 2263
1976 2263
1977 2263
1978 2263
1979 2263
1980 2264
1981 2264
1982 2264
1983 2264
1984 2264
1985 2264
1986 2264
1987 2265
1988 2265
1989 2265
1990 2265
1991 2265
1992 2265
1993 2266
1994 2266
1995 2266
1996 2266
1997 2266
1998 2266
1999 2266
2000 2267
2001 2267
2002 2267
2003 2267
2004 2267
2005 2267
2006 2268
2007 2268
2008 2268
2009 2268
2010 2268
2011 2268
2012 2268
2013 2269
2014 2269
2015 2269
2016 2269
2017 2269
2018 2269
2019 2270
2020 2270
2021 2270
2022 2270
2023 2270
2024 2270
2025 2271
2026 2271
2027 2271
2028 2271
2029 2271
2030 2271
2031 2271
2032 2272
2033 2272
2034 2272
2035 2272
2036 2272
2037 2272
2038 2273
2039 2273
2040 2273
2041 2273
2042 2273
2043 2273
2044 2273
2045 2274
2046 2274
2047 2274
2048 2274
2049 2274
2050 2274
2051 2275
2052 2275
2053 2275
2054 2275
2055 2275
2056 2275
2057 2275
2058 2276
2059 2276
2060 2276
2061 2276
2062 2276
2063 2276
2064 2277
2065 2277
2066 2277
2067 2277
2068 2277
2069 2277
2070 2277
2071 2278
2072 2278
2073 2278
2074 2278
2075 2278
2076 2278
2077 2279
2078 2279
2079 2279
2080 2279
2081 2279
2082 2279
2083 2279
2084 2280
2085 2280
2086 2280
2087 2280
2088 2280
2089 2280
2090 2281
2091 2281
2092 2281
2093 2281
2094 2281
2095 2281
2096 2282
2097 2282
2098 2282
2099 2282
2100 2282
2101 2282
2102 2282
2103 2283
2104 2283
2105 2283
2106 2283
2107 2283
2108 2283
2109 2284
2110 2284
2111 2284
2112 2284
2113 2284
2114 2284
2115 2284
2116 2285
2117 2285
2118 2285
2119 2285
2120 2285
2121 2285
2122 2286
2123 2286
2124 2286
2125 2286
2126 2286
2127 2286
2128 2286
2129 2287
2130 2287
2131 2287
2132 2287
2133 2287
2134 2287
2135 2288
2136 2288
2137 2288
2138 2288
2139 2288
2140 2288
2141 2288
2142 2289
2143 2289
2144 2289
2145 2289
2146 2290
2147 2290
2148 2291
2149 2292
2150 2292
2151 2293
2152 2293
2153 2294
2154 2294
2155 2294
2156 2295
2157 2295
2158 2295
2159 2295
2160 2296
2161 2296
2162 2296
2163 2297
2164 2297
2165 2297
2166 2297
2167 2298
2168 2298
2169 2298
2170 2298
2171 2298
2172 2298
2173 2299
2174 2299
2175 2299
2176 2299
2177 2299
2178 2300
2179 2300
2180 2300
2181 2300
2182 2300
2183 2301
2184 2301
2185 2302
2186 2303
2187 2304
2188 2304
2189 2305
2190 2305
2191 2306
2192 2306
2193 2306
2194 2307
2195 2307
2196 2307
2197 2307
2198 2308
2199 2308
2200 2308
2201 2308
2202 2308
2203 2309
2204 2309
2205 2309
2206 2309
2207 2310
2208 2310
2209 2310
2210 2310
2211 2310
2212 2310
2213 2311
2214 2311
2215 2311
2216 2311
2217 2311
2218 2311
2219 2312
2220 2312
2221 2312
2222 2312
2223 2312
2224 2312
2225 2313
2226 2313
2227 2314
2228 2315
2229 2316
2230 2316
2231 2317
2232 2318
2233 2318
2234 2319
2235 2320
2236 2320
2237 2321
2238 2322
2239 2322
2240 2323
2241 2323
2242 2324
2243 2325
2244 2326
2245 2326
2246 2327
2247 2328
2248 2329
2249 2330
2250 2331
2251 2331
2252 2332
2253 2332
2254 2332
2255 2333
2256 2334
2257 2334
2258 2334
2259 2334
2260 2334
2261 2334
2262 2335
2263 2335
2264 2335
2265 2335
2266 2335
2267 2335
2268 2336
2269 2336
2270 2336
2271 2336
2272 2336
2273 2336
2274 2337
2275 2337
2276 2337
2277 2337
2278 2337
2279 2337
2280 2338
2281 2338
2282 2339
2283 2339
2284 2340
2285 2341
2286 2341
2287 2342
2288 2342
2289 2343
2290 2343
2291 2343
2292 2343
2293 2344
2294 2344
2295 2345
2296 2345
2297 2346
2298 2346
2299 2347
2300 2348
2301 2348
2302 2349
2303 2350
2304 2351
2305 2352
2306 2353
2307 2354
2308 2355
2309 2356
2310 2356
2311 2357
2312 2358
2313 2359
2314 2360
2315 2361
2316 2361
2317 2362
2318 2362
2319 2363
2320 2364
2321 2364
2322 2365
2323 2365
2324 2366
2325 2367
2326 2367
2327 2368
2328 2368
2329 2369
2330 2370
2331 2370
2332 2371
2333 2372
2334 2373
2335 2374
2336 2375
2337 2375
2338 2376
2339 2377
2339 2378
2340 2379
2340 2380
2341 2381
2341 2382
2342 2382
2343 2383
2344 2384
2345 2385
2346 2386
2347 2387
2348 2388
2349 2389
2350 2390
2351 2391
2352 2392
2353 2393
2353 2394
2354 2394
2355 2395
2356 2396
2357 2396
2358 2397
2359 2397
2360 2398
2361 2399
2362 2400
2363 2400
2364 2401
2365 2402
2366 2403
2367 2404
2368 2405
2369 2406
2370 2407
2371 2408
2372 2408
2373 2409
2374 2410
2375 2411
2376 2412
2377 2412
2378 2412
2379 2413
2379 2414
2380 2415
2381 2416
2382 2417
2383 2418
2384 2418
2385 2418
2386 2419
2387 2420
2388 2420
2389 2421
2389 2422
2390 2423
2391 2423
2392 2424
2393 2425
2394 2425
2395 2426
2395 2427
2396 2428
2396 2429
2396 2430
2397 2431
2397 2432
2398 2433
2398 2434
2399 2435
2400 2436
2400 2437
2401 2438
2402 2439
2402 2440
2403 2441
2403 2442
2403 2443
2404 2444
2404 2445
2405 2446
2406 2447
2407 2448
2408 2449
2409 2450
2409 2451
2410 2452
2411 2453
2412 2454
2413 2455
2413 2456
2414 2456
2414 2455
2415 2454
2415 2453
2416 2452
2417 2451
2418 2451
2419 2450
2420 2449
2421 2449
2422 2448
2423 2449
2424 2449
2425 2449
2426 2449
2427 2449
2428 2449
2429 2449
2430 2449
2431 2450
2432 2450
2433 2450
2434 2450
2435 2450
2436 2450
2437 2450
2438 2451
2439 2451
2440 2451
2441 2451
2442 2451
2443 2451
2444 2451
2445 2451
2446 2452
2447 2452
2448 2452
2449 2452
2450 2452
2451 2452
2452 2453
2453 2453
2454 2453
2455 2453
2456 2453
2457 2453
2458 2454
2459 2454
2460 2454
2461 2454
2462 2454
2463 2455
2464 2456
2465 2456
2466 2457
2467 2457
2468 2458
2469 2458
2470 2459
2471 2459
2472 2459
2473 2460
2474 2460
2475 2461
2476 2462
2477 2463
2477 2464
2478 2465
2478 2466
2478 2467
2478 2468
2478 2469
2478 2470
2479 2471
2480 2472
2481 2473
2481 2474
2481 2475
2482 2476
2482 2477
2483 2478
2483 2479
2483 2480
2483 2481
2483 2482
2483 2483
2483 2484
2484 2484
2485 2484
2486 2484
2487 2483
2488 2482
2489 2482
2490 2482
2491 2481
2492 2481
2493 2481
2494 2481
2495 2482
2496 2482
2497 2482
2498 2482
2499 2482
2500 2482
2501 2482
2502 2482
2503 2483
2504 2483
2505 2483
2506 2483
2507 2483
2508 2483
2509 2483
2510 2483
2511 2484
2512 2484
2513 2484
2514 2484
2515 2484
2516 2484
2517 2485
2518 2485
2519 2486
2520 2487
2521 2488
2522 2488
2523 2489
2524 2489
2525 2490
2526 2490
2527 2490
2528 2491
2529 2492
2530 2493
2531 2494
2532 2495
2533 2496
2534 2497
2535 2498
2536 2499
2537 2500
2538 2500
2539 2501
2540 2502
2541 2503
2542 2504
2543 2505
2544 2506
2545 2507
2546 2507
2547 2508
2548 2509
2549 2509
2550 2510
2551 2511
2552 2512
2553 2512
2554 2513
2555 2514
2556 2515
2557 2516
2558 2517
2559 2518
2560 2519
2561 2519
2562 2519
2563 2520
2564 2521
2565 2521
2566 2522
2567 2523
2568 2523
2569 2524
2570 2525
2571 2526
2572 2527
2572 2528
2573 2529
2573 2530
2574 2531
2574 2532
2574 2533
2574 2534
2574 2535
2574 2536
2574 2537
2574 2538
2574 2539
2573 2540
2573 2541
2572 2542
2572 2543
2571 2544
2570 2545
2570 2546
2569 2547
2569 2548
2568 2549
2568 2550
2568 2551
2567 2552
2567 2553
2567 2554
2566 2555
2565 2555
2564 2556
2563 2556
2562 2557
2563 2556
2564 2556
2565 2556
2566 2555
2567 2555
2568 2555
2569 2554
2570 2554
2571 2553
2572 2553
2573 2552
2574 2552
2575 2552
2576 2552
2577 2551
2578 2551
2579 2551
2580 2551
2581 2550
2582 2549
2583 2549
2584 2548
2585 2548
2586 2547
2587 2547
2588 2546
2589 2546
2590 2546
2591 2546
2592 2546
2593 2547
2594 2547
2595 2547
2596 2547
2597 2547
2598 2547
2599 2547
2600 2547
2601 2548
2602 2548
2603 2548
2604 2548
2605 2548
2606 2548
2607 2548
2608 2548
2609 2549
2610 2549
2611 2549
2612 2550
2612 2551
2613 2551
2614 2552
2615 2553
2616 2553
2617 2553
2618 2554
2619 2554
2620 2555
2621 2556
2622 2557
2622 2558
2623 2559
2624 2560
2625 2561
2625 2562
2626 2563
2627 2564
2628 2565
2629 2566
2630 2567
2630 2568
2631 2569
2632 2570
2633 2571
2634 2571
2635 2572
2636 2572
2637 2573
2638 2574
2638 2575
2639 2576
2640 2577
2641 2577
2642 2578
2643 2579
2644 2580
2645 2581
2646 2582
2647 2583
2648 2584
2649 2585
2650 2585
2651 2586
2652 2586
2653 2587
2654 2587
2655 2588
2656 2588
2657 2589
2658 2590
2658 2591
2658 2592
2659 2593
2659 2594
2660 2595
2661 2595
2662 2595
2663 2595
2664 2595
2665 2596
2666 2596
2667 2596
2668 2596
2669 2596
2670 2597
2671 2597
2672 2597
2673 2597
2674 2597
2675 2597
2676 2597
2677 2598
2678 2598
2679 2598
2680 2598
2681 2598
2682 2598
2683 2599
2684 2599
2685 2599
2686 2599
2687 2599
2688 2599
2689 2600
2690 2600
2691 2600
2692 2600
2693 2600
2694 2600
2695 2600
2696 2601
2697 2601
2698 2601
2699 2601
2700 2601
2701 2602
2702 2603
2702 2604
2703 2605
2704 2606
2704 2607
2704 2608
2705 2609
2705 2610
2705 2611
2705 2612
2705 2613
2705 2614
2705 2615
2705 2616
2705 2617
2706 2617
2707 2618
2708 2618
2709 2618
2710 2618
2711 2619
2712 2619
2713 2619
2714 2619
2715 2620
2716 2620
2717 2620
2718 2620
2719 2620
2720 2621
2721 2621
2722 2621
2723 2621
2724 2621
2725 2622
2726 2622
2727 2622
2728 2622
2729 2622
2730 2622
2731 2623
2732 2623
2733 2623
2734 2623
2735 2623
2736 2623
2737 2623
2738 2623
2739 2623
2740 2623
2741 2623
2742 2623
2743 2622
2744 2622
2745 2622
2746 2622
2747 2622
2748 2622
2749 2622
2750 2622
2751 2622
2752 2622
2753 2622
2754 2622
2755 2622
2756 2622
2757 2622
2758 2622
2759 2622
2760 2621
2761 2621
2762 2621
2763 2621
2764 2621
2765 2620
2766 2620
2767 2620
2768 2620
2769 2620
2770 2620
2771 2620
2772 2619
2773 2619
2774 2619
2775 2619
2776 2619
2777 2620
2778 2620
2779 2620
2780 2620
2781 2620
2782 2620
2783 2620
2784 2620
2785 2620
2786 2620
2787 2620
2788 2621
2789 2621
2790 2621
2791 2621
2792 2621
2793 2621
2794 2621
2795 2621
2796 2622
2797 2622
2798 2622
2799 2622
2800 2622
2801 2622
2802 2622
2803 2623
2804 2623
2805 2623
2806 2623
2807 2623
2808 2623
2809 2624
2810 2624
2811 2624
2812 2624
2813 2624
2814 2624
2815 2624
2816 2625
2817 2625
2818 2625
2819 2625
2820 2625
2821 2625
2822 2626
2823 2626
2824 2626
2825 2626
2826 2626
2827 2626
2828 2626
2829 2627
2830 2627
2831 2627
2832 2627
2833 2627
2834 2627
2835 2628
2836 2628
2837 2628
2838 2628
2839 2628
2840 2628
2841 2628
2842 2629
2843 2629
2844 2629
2845 2629
2846 2629
2847 2629
2848 2630
2849 2630
2850 2630
2851 2630
2852 2630
2853 2630
2854 2630
2855 2631
2856 2631
2857 2631
2858 2631
2859 2631
2860 2631
2861 2632
2862 2632
2863 2632
2864 2632
2865 2632
2866 2632
2867 2633
2868 2633
2869 2633
2870 2633
2871 2633
2872 2633
2873 2633
2874 2634
2875 2634
2876 2634
2877 2634
2878 2634
2879 2634
2880 2635
2881 2635
2882 2635
2883 2635
2884 2635
2885 2635
2886 2635
2887 2636
2888 2636
2889 2636
2890 2636
2891 2636
2892 2636
2893 2637
2894 2637
2895 2637
2896 2637
2897 2637
2898 2637
2899 2637
2900 2638
2901 2638
2902 2638
2903 2638
2904 2638
2905 2638
2906 2639
2907 2639
2908 2639
2909 2639
2910 2639
2911 2639
2912 2639
2913 2640
2914 2640
2915 2640
2916 2640
2917 2640
2918 2640
2919 2641
2920 2641
2921 2641
2922 2641
2923 2641
2924 2641
2925 2641
2926 2642
2927 2642
2928 2642
2929 2642
2930 2642
2931 2642
2932 2643
2933 2643
2934 2643
2935 2643
2936 2643
2937 2643
2938 2643
2939 2644
2940 2644
2941 2644
2942 2644
2943 2644
2944 2644
2945 2645
2946 2645
2947 2645
2948 2645
2949 2645
2950 2645
2951 2645
2952 2646
2953 2646
2954 2646
2955 2646
2956 2646
2957 2646
2958 2647
2959 2647
2960 2647
2961 2647
2962 2647
2963 2647
2964 2648
2965 2648
2966 2648
2967 2648
2968 2648
2969 2648
2970 2648
2971 2649
2972 2649
2973 2649
2974 2649
2975 2649
2976 2649
2977 2650
2978 2650
2979 2650
2980 2650
2981 2650
2982 2650
2983 2650
2984 2651
2985 2651
2986 2651
2987 2651
2988 2651
2989 2651
2990 2652
2991 2652
2992 2652
2993 2652
2994 2652
2995 2652
2996 2652
2997 2653
2998 2653
2999 2653
3000 2653
3001 2653
3002 2653
3003 2654
3004 2654
3005 2654
3006 2654
3007 2654
3008 2654
3009 2654
3010 2655
3011 2655
3012 2655
3013 2655
3014 2655
3015 2655
3016 2656
3017 2656
3018 2656
3019 2656
3020 2656
3021 2656
3022 2656
3023 2657
3024 2657
3025 2657
3026 2657
3027 2657
3028 2657
3029 2658
3030 2658
3031 2658
3032 2658
3033 2658
3034 2658
3035 2658
3036 2659
3037 2659
3038 2659
3039 2659
3040 2659
3041 2659
3042 2660
3043 2660
3044 2660
3045 2660
3046 2660
3047 2660
3048 2661
3049 2661
3050 2661
3051 2661
3052 2661
3053 2661
3054 2662
3055 2662
3056 2663
3057 2663
3058 2663
3059 2664
3060 2665
3061 2665
3062 2666
3063 2666
3064 2667
3065 2667
3066 2667
3067 2668
3068 2668
3069 2668
3070 2669
3071 2669
3072 2669
3073 2669
3074 2670
3075 2670
3076 2670
3077 2670
3078 2670
3079 2670
3080 2671
3081 2671
3082 2671
3083 2671
3084 2671
3085 2672
3086 2672
3087 2672
3088 2672
3089 2672
3090 2672
3091 2672
3092 2672
3093 2672
3094 2672
3095 2672
3096 2672
3097 2671
3098 2671
3099 2671
3100 2671
3101 2671
3102 2671
3103 2671
3104 2671
3105 2671
3106 2671
3107 2671
3108 2671
3109 2671
3110 2671
3111 2671
3112 2671
3113 2671
3114 2671
3115 2671
3116 2670
3117 2670
3118 2670
3119 2670
3120 2669
3121 2669
3122 2669
3123 2669
3124 2669
3125 2668
3126 2668
3127 2668
3128 2668
3129 2667
3130 2667
3131 2666
3132 2666
3133 2666
3134 2665
3135 2665
3136 2665
3137 2665
3138 2665
3139 2665
3140 2665
3141 2665
3142 2665
3143 2665
3144 2665
3145 2665
3146 2665
3147 2665
3148 2665
3149 2665
3150 2664
3151 2664
3152 2664
3153 2663
3154 2663
3155 2663
3156 2663
3157 2663
3158 2663
3159 2663
3160 2663
3161 2663
3162 2663
3163 2663
3164 2663
3165 2663
3166 2663
3167 2663
3168 2663
3169 2663
3170 2663
3171 2663
3172 2662
3173 2662
3174 2661
3175 2661
3176 2661
3177 2660
3178 2660
3179 2659
3180 2659
3181 2658
3182 2658
3183 2657
3184 2657
3185 2656
3186 2656
3187 2655
3188 2654
3189 2654
3190 2653
3191 2653
3192 2652
3193 2652
3194 2651
3195 2651
3196 2650
3197 2649
3198 2649
3199 2648
3200 2648
3201 2648
3202 2648
3203 2647
3204 2647
3205 2646
3206 2645
3207 2644
3208 2643
3209 2642
3210 2641
3211 2640
3212 2639
3212 2638
3213 2637
3214 2637
3215 2636
3216 2635
3217 2635
3218 2634
3219 2633
3220 2633
3221 2633
3222 2632
3223 2632
3224 2631
3225 2631
3226 2630
3227 2630
3228 2629
3229 2629
3230 2628
3231 2627
3232 2627
3233 2626
3234 2626
3235 2626
3236 2626
3237 2625
3238 2625
3239 2625
3240 2624
3241 2623
3242 2622
3243 2622
3244 2621
3245 2621
3246 2620
3247 2619
3248 2618
3249 2617
3249 2616
3250 2615
3251 2614
3252 2614
3253 2613
3254 2613
3255 2612
3256 2611
3257 2610
3258 2609
3259 2608
3260 2608
3261 2607
3262 2606
3263 2605
3264 2604
3265 2603
3266 2602
3267 2601
3268 2600
3269 2599
3270 2598
3271 2597
3272 2596
3273 2595
3274 2594
3275 2593
3276 2592
3277 2592
3278 2591
3279 2590
3280 2589
3280 2588
3281 2587
3282 2586
3283 2585
3284 2584
3285 2583
3285 2582
3286 2581
3287 2580
3288 2579
3289 2578
3290 2577
3291 2576
3292 2576
3293 2575
3294 2574
3295 2573
3296 2572
3297 2571
3298 2570
3299 2569
3300 2568
3300 2567
3301 2566
3302 2565
3302 2564
3303 2563
3304 2563
3305 2562
3306 2561
3306 2560
3307 2559
3308 2558
3308 2557
3309 2556
3310 2555
3311 2554
3312 2553
3313 2552
3313 2551
3314 2550
3315 2549
3316 2548
3317 2547
3317 2546
3318 2545
3319 2544
3320 2543
3320 2542
3321 2541
3321 2540
3322 2539
3322 2538
3323 2537
3323 2536
3324 2535
3325 2534
3325 2533
3326 2532
3327 2531
3328 2530
3329 2529
3330 2528
3330 2527
3331 2526
3332 2525
3332 2524
3333 2523
3334 2522
3335 2521
3335 2520
3336 2519
3336 2518
3337 2517
3338 2517
3339 2516
3340 2515
3341 2514
3341 2513
3342 2512
3343 2511
3343 2510
3344 2509
3345 2508
3345 2507
3346 2506
3347 2505
3348 2504
3348 2503
3349 2502
3350 2501
3350 2500
3350 2499
3351 2498
3351 2497
3352 2496
3352 2495
3352 2494
3352 2493
3353 2492
3353 2491
3353 2490
3353 2489
3354 2488
3354 2487
3355 2486
3355 2485
3356 2484
3356 2483
3357 2482
3358 2481
3358 2480
3359 2479
3359 2478
3360 2477
3360 2476
3360 2475
3360 2474
3361 2473
3361 2472
3361 2471
3362 2470
3362 2469
3362 2468
3362 2467
3362 2466
3363 2465
3363 2464
3364 2463
3364 2462
3364 2461
3365 2460
3365 2459
3366 2458
3366 2457
3367 2456
3367 2455
3368 2454
3368 2453
3369 2452
3369 2451
3369 2450
3370 2449
3370 2448
3370 2447
3371 2446
3371 2445
3371 2444
3371 2443
3371 2442
3372 2441
3372 2440
3372 2439
3372 2438
3373 2437
3373 2436
3373 2435
3373 2434
3373 2433
3374 2432
3374 2431
3374 2430
3375 2429
3375 2428
3376 2427
3376 2426
3377 2425
3377 2424
3377 2423
3378 2422
3378 2421
3379 2420
3379 2419
3380 2418
3380 2417
3381 2416
3381 2415
3382 2414
3382 2413
3383 2412
3383 2411
3384 2410
3384 2409
3385 2408
3385 2407
3386 2406
3386 2405
3386 2404
3387 2403
3387 2402
3388 2401
3388 2400
3388 2399
3389 2398
3389 2397
3389 2396
3390 2395
3390 2394
3390 2393
3390 2392
3390 2391
3391 2390
3391 2389
3391 2388
3391 2387
3391 2386
3392 2385
3392 2384
3392 2383
3392 2382
3393 2381
3393 2380
3393 2379
3393 2378
3393 2377
3394 2376
3394 2375
3394 2374
3394 2373
3394 2372
3394 2371
3395 2370
3395 2369
3395 2368
3395 2367
3395 2366
3395 2365
3396 2364
3396 2363
3396 2362
3396 2361
3396 2360
3396 2359
3396 2358
3397 2357
3397 2356
3397 2355
3397 2354
3397 2353
3397 2352
3398 2351
3398 2350
3398 2349
3398 2348
3398 2347
3398 2346
3398 2345
3399 2344
3399 2343
3399 2342
3399 2341
3399 2340
3399 2339
3400 2338
3400 2337
3400 2336
3400 2335
3400 2334
3400 2333
3400 2332
3401 2331
3401 2330
3401 2329
3401 2328
3401 2327
3401 2326
3402 2325
3402 2324
3402 2323
3402 2322
3402 2321
3402 2320
3402 2319
3403 2318
3403 2317
3403 2316
3403 2315
3403 2314
3403 2313
3404 2312
3404 2311
3404 2310
3404 2309
3404 2308
3404 2307
3404 2306
3405 2305
3405 2304
3405 2303
3405 2302
3405 2301
3405 2300
3406 2299
3406 2298
3406 2297
3406 2296
3406 2295
3406 2294
3406 2293
3407 2292
3407 2291
3407 2290
3407 2289
3407 2288
3407 2287
3408 2286
3408 2285
3408 2284
3408 2283
3408 2282
3408 2281
3408 2280
3409 2279
3409 2278
3409 2277
3409 2276
3409 2275
3409 2274
3410 2273
3410 2272
3410 2271
3410 2270
3410 2269
3410 2268
3410 2267
3411 2266
3411 2265
3411 2264
3411 2263
3411 2262
3411 2261
3412 2260
3412 2259
3412 2258
3412 2257
3412 2256
3412 2255
3413 2254
3413 2253
3413 2252
3413 2251
3413 2250
3413 2249
3413 2248
3414 2247
3414 2246
3414 2245
3414 2244
3414 2243
3414 2242
3415 2241
3415 2240
3415 2239
3415 2238
3415 2237
3415 2236
3415 2235
3416 2234
3416 2233
3416 2232
3416 2231
3416 2230
3416 2229
3417 2228
3417 2227
3417 2226
3417 2225
3417 2224
3417 2223
3417 2222
3418 2221
3418 2220
3418 2219
3418 2218
3418 2217
3418 2216
3419 2215
3419 2214
3419 2213
3419 2212
3419 2211
3419 2210
3419 2209
3420 2208
3420 2207
3420 2206
3420 2205
3420 2204
3420 2203
3421 2202
3420 2201
3420 2200
3420 2199
3420 2198
3420 2197
3420 2196
3420 2195
3420 2194
3419 2193
3419 2192
3419 2191
3419 2190
3419 2189
3418 2188
3418 2187
3417 2186
3417 2185
3416 2184
3416 2183
3415 2182
3415 2181
3415 2180
3415 2179
3414 2178
3414 2177
3413 2176
3413 2175
3412 2174
3412 2173
3411 2172
3411 2171
3411 2170
3411 2169
3411 2168
3411 2167
3411 2166
3411 2165
3411 2164
3411 2163
3411 2162
3411 2161
3411 2160
3411 2159
3411 2158
3410 2157
3410 2156
3410 2155
3409 2154
3409 2153
3408 2152
3408 2151
3408 2150
3408 2149
3408 2148
3408 2147
3408 2146
3408 2145
3407 2144
3407 2143
3406 2142
3406 2141
3406 2140
3405 2139
3405 2138
3405 2137
3405 2136
3404 2135
3404 2134
3403 2133
3403 2132
3402 2131
3402 2130
3401 2129
3401 2128
3400 2127
3399 2126
3399 2125
3398 2124
3398 2123
3398 2122
3397 2121
3397 2120
3396 2119
3395 2118
3395 2117
3394 2116
3394 2115
3394 2114
3393 2113
3392 2112
3392 2111
3391 2110
3390 2109
3390 2108
3390 2107
3389 2106
3389 2105
3389 2104
3388 2103
3388 2102
3388 2101
3387 2100
3387 2099
3386 2098
3386 2097
3386 2096
3385 2095
3385 2094
3385 2093
3384 2092
3383 2091
3383 2090
3382 2089
3382 2088
3382 2087
3381 2086
3380 2085
3379 2084
3378 2083
3378 2082
3377 2081
3376 2080
3375 2079
3375 2078
3374 2077
3374 2076
3373 2075
3373 2074
3372 2073
3372 2072
3372 2071
3371 2070
3371 2069
3370 2068
3370 2067
3369 2066
3369 2065
3368 2064
3367 2063
3367 2062
3367 2061
3367 2060
3366 2059
3365 2058
3364 2057
3364 2056
3363 2055
3362 2054
3362 2053
3361 2052
3361 2051
3360 2050
3360 2049
3360 2048
3359 2047
3359 2046
3359 2045
3358 2044
3358 2043
3357 2042
3356 2041
3356 2040
3355 2039
3354 2038
3354 2037
3353 2036
3352 2035
3352 2034
3351 2033
3350 2032
3350 2031
3349 2030
3348 2029
3348 2028
3347 2027
3347 2026
3346 2025
3346 2024
3345 2023
3345 2022
3344 2021
3344 2020
3343 2019
3343 2018
3342 2017
3342 2016
3341 2015
3340 2014
3340 2013
3339 2012
3339 2011
3338 2010
3337 2009
3337 2008
3336 2007
3336 2006
3335 2005
3334 2004
3334 2003
3333 2002
3332 2001
3331 2000
3330 1999
3329 1998
3328 1997
3327 1996
3326 1995
3325 1995
3324 1994
3323 1993
3322 1992
3321 1991
3320 1990
3319 1989
3318 1988
3317 1987
3316 1987
3315 1987
3314 1986
3313 1986
3312 1986
3311 1985
3310 1984
3309 1984
3308 1983
3307 1982
3306 1981
3305 1981
3304 1980
3303 1979
3302 1979
3301 1979
3300 1979
3299 1978
3298 1978
3297 1978
3296 1977
3295 1977
3294 1977
3293 1977
3292 1977
3291 1976
3290 1976
3289 1976
3288 1976
3287 1976
3286 1976
3285 1975
3284 1975
3283 1975
3282 1975
3281 1975
3280 1975
3281 1976
3282 1977
3283 1978
3283 1979
3284 1980
3285 1981
3286 1982
3286 1983
3287 1984
3288 1985
3288 1986
3287 1987
3286 1987
3285 1986
3284 1985
3283 1984
3282 1983
3281 1982
3280 1981
3279 1980
3278 1979
3277 1979
3276 1979
3275 1979
3274 1979
3273 1979
3272 1978
3271 1978
3270 1978
3269 1978
3268 1978
3267 1978
3266 1978
3265 1977
3264 1977
3263 1977
3262 1977
3261 1977
3260 1977
3259 1976
3258 1976
3257 1976
3256 1976
3255 1976
3254 1976
3253 1976
3252 1975
3251 1975
3250 1975
3249 1975
3248 1975
3247 1975
3246 1974
3245 1974
3244 1974
3243 1974
3242 1974
3241 1974
3240 1974
3239 1975
3238 1975
3237 1975
3236 1976
3235 1976
3234 1976
3233 1976
3232 1976
3231 1976
3230 1976
3229 1976
3228 1976
3227 1976
3226 1976
3225 1976
3224 1976
3223 1976
3222 1976
3221 1976
3220 1976
3219 1975
3218 1975
3217 1975
3216 1975
3215 1975
3214 1975
3213 1975
3212 1975
3211 1974
3210 1974
3209 1974
3208 1974
3207 1974
3206 1974
3205 1974
3204 1973
3203 1973
3202 1973
3201 1973
3200 1973
3199 1973
3198 1973
3197 1972
3196 1972
3195 1972
3194 1972
3193 1972
3192 1972
3191 1971
3190 1971
3189 1971
3188 1971
3187 1971
3186 1971
3185 1971
3184 1970
3183 1970
3182 1970
3181 1970
3180 1970
3179 1970
3178 1969
3177 1969
3176 1969
3175 1969
3174 1969
3173 1969
3172 1969
3171 1968
3170 1968
3169 1968
3168 1968
3167 1968
3166 1968
3165 1967
3164 1967
3163 1967
3162 1967
3161 1967
3160 1967
3159 1966
3158 1966
3157 1965
3156 1965
3155 1964
3154 1963
3153 1963
3152 1962
3151 1962
3150 1961
3149 1961
3148 1960
3147 1960
3146 1960
3145 1960
3144 1959
3143 1959
3142 1959
3141 1959
3140 1959
3139 1958
3138 1958
3137 1958
3136 1958
3135 1957
3134 1957
3133 1956
3132 1955
3131 1954
3130 1954
3129 1953
3128 1953
3127 1953
3126 1952
3125 1952
3124 1951
3123 1951
3122 1951
3121 1951
3120 1950
3119 1950
3118 1950
3117 1950
3116 1949
3115 1949
3114 1949
3113 1949
3112 1949
3111 1948
3110 1948
3109 1948
3108 1948
3107 1948
3106 1948
3105 1947
3104 1947
3103 1947
3102 1947
3101 1947
3100 1947
3099 1946
3098 1946
3097 1946
3096 1946
3095 1946
3094 1946
3093 1945
3092 1945
3091 1945
3090 1945
3089 1945
3088 1945
3087 1944
3086 1944
3085 1944
3084 1944
3083 1944
3082 1944
3081 1945
3080 1945
3079 1945
3078 1945
3077 1945
3076 1945
3075 1945
3074 1945
3073 1945
3072 1945
3071 1945
3070 1945
3069 1945
3068 1945
3067 1945
3066 1945
3065 1945
3064 1945
3063 1945
3062 1945
3061 1945
3060 1945
3059 1945
3058 1945
3057 1945
3056 1945
3055 1945
3054 1946
3053 1946
3052 1946
3051 1946
3050 1946
3049 1946
3048 1947
3047 1947
3046 1947
3045 1947
3044 1947
3043 1947
3042 1947
3041 1947
3040 1947
3039 1947
3038 1947
3037 1947
3036 1947
3035 1947
3034 1947
3033 1947
3032 1947
3031 1947
3030 1946
3029 1946
3028 1946
3027 1946
3026 1946
3025 1945
3024 1945
3023 1944
3022 1944
3021 1943
3020 1943
3019 1942
3018 1941
3017 1941
3016 1941
3015 1940
3014 1939
3013 1939
3012 1938
3011 1938
3010 1937
3009 1937
3008 1936
3007 1936
3006 1935
3005 1935
3004 1934
3003 1934
3002 1933
3001 1932
3000 1932
2999 1931
2998 1931
2997 1930
2996 1929
2995 1928
2994 1928
2993 1927
2992 1927
2991 1926
2990 1926
2989 1925
2988 1925
2987 1925
2986 1924
2985 1924
2984 1924
2983 1924
2982 1923
2981 1923
2980 1923
2979 1922
2978 1922
2977 1922
2976 1922
2975 1922
2974 1921
2973 1921
2972 1921
2971 1921
2970 1921
2969 1921
2968 1920
2967 1920
2966 1920
2965 1920
2964 1920
2963 1920
2962 1919
2961 1919
2960 1919
2959 1919
2958 1919
2957 1919
2956 1919
2955 1918
2954 1918
2953 1918
2952 1918
2951 1918
2950 1918
2949 1917
2948 1917
2947 1917
2946 1916
2945 1916
2944 1915
2943 1914
2942 1914
2941 1913
2940 1913
2939 1912
2938 1912
2937 1911
2936 1911
2935 1911
2934 1910
2933 1910
2932 1910
2931 1910
2930 1909
2929 1909
2928 1908
2927 1908
2926 1907
2925 1906
2924 1905
2923 1905
2922 1904
2921 1904
2920 1903
2919 1903
2918 1903
2917 1902
2916 1902
2915 1901
2914 1900
2913 1899
2912 1898
2911 1897
2910 1897
2909 1896
2908 1896
2907 1895
2907 1894
2907 1893
2907 1892
2906 1891
