3253 1849
3252 1850
3251 1850
3250 1850
3249 1850
3248 1851
3247 1851
3246 1852
3245 1852
3244 1852
3243 1853
3242 1853
3241 1854
3240 1854
3239 1854
3238 1854
3237 1854
3236 1854
3235 1854
3234 1855
3233 1855
3232 1855
3231 1856
3230 1856
3229 1857
3228 1858
3227 1858
3226 1859
3225 1859
3224 1860
3223 1861
3222 1861
3221 1861
3220 1861
3219 1862
3218 1862
3217 1862
3216 1862
3215 1862
3214 1862
3213 1863
3212 1863
3211 1863
3210 1864
3209 1865
3208 1866
3207 1867
3206 1867
3205 1867
3204 1868
3203 1868
3202 1868
3201 1868
3200 1869
3199 1869
3198 1869
3197 1869
3196 1869
3195 1869
3194 1869
3193 1869
3192 1870
3191 1870
3190 1870
3189 1871
3188 1871
3187 1871
3186 1872
3185 1872
3184 1873
3183 1873
3182 1873
3181 1873
3180 1874
3179 1874
3178 1874
3177 1874
3176 1875
3175 1875
3174 1875
3173 1875
3172 1876
3171 1876
3170 1877
3169 1877
3168 1878
3167 1878
3166 1879
3165 1879
3164 1879
3163 1880
3162 1880
3161 1881
3160 1881
3159 1882
3158 1882
3157 1882
3156 1882
3155 1883
3154 1883
3153 1883
3152 1884
3151 1885
3150 1886
3149 1886
3148 1887
3147 1887
3146 1888
3145 1888
3144 1889
3143 1889
3142 1890
3141 1890
3140 1891
3139 1892
3138 1893
3137 1894
3136 1895
3135 1895
3134 1896
3133 1897
3132 1897
3131 1897
3130 1898
3129 1898
3128 1898
3127 1898
3126 1898
3125 1898
3124 1898
3123 1898
3122 1899
3121 1899
3120 1899
3119 1899
3118 1900
3117 1900
3116 1900
3115 1901
3114 1901
3113 1901
3112 1902
3111 1902
3110 1903
3109 1903
3108 1903
3107 1903
3106 1904
3105 1904
3104 1904
3103 1904
3102 1904
3101 1905
3100 1905
3099 1905
3098 1905
3097 1905
3096 1905
3095 1905
3094 1905
3093 1905
3092 1905
3091 1905
3090 1905
3089 1905
3088 1905
3087 1905
3086 1905
3085 1906
3084 1906
3083 1906
3082 1906
3081 1907
3080 1907
3079 1907
3078 1908
3077 1908
3076 1909
3075 1909
3074 1909
3073 1910
3072 1910
3071 1910
3070 1911
3069 1911
3068 1911
3067 1911
3066 1911
3065 1911
3064 1911
3063 1912
3062 1912
3061 1912
3060 1912
3059 1912
3058 1912
3057 1912
3056 1912
3055 1912
3054 1912
3053 1912
3052 1912
3051 1912
3050 1912
3049 1912
3048 1912
3047 1912
3046 1912
3045 1912
3044 1912
3043 1912
3042 1912
3041 1912
3040 1912
3039 1912
3038 1912
3037 1912
3036 1912
3035 1912
3034 1912
3033 1912
3032 1913
3031 1913
3030 1913
3029 1914
3028 1914
3027 1915
3026 1915
3025 1915
3024 1916
3023 1916
3022 1916
3021 1916
3020 1916
3019 1916
3018 1917
3017 1917
3016 1917
3015 1917
3014 1917
3013 1917
3012 1917
3011 1917
3010 1917
3009 1917
3008 1918
3007 1918
3006 1918
3005 1918
3004 1918
3003 1918
3002 1918
3001 1919
3000 1919
2999 1919
2998 1919
2997 1920
2996 1920
2995 1921
2994 1921
2993 1921
2992 1922
2991 1922
2990 1922
2989 1923
2988 1923
2987 1923
2986 1923
2985 1923
2984 1923
2983 1924
2982 1924
2981 1924
2980 1924
2979 1924
2978 1924
2977 1924
2976 1924
2975 1924
2974 1924
2973 1924
2972 1924
2971 1924
2970 1924
2969 1924
2968 1924
2967 1924
2966 1924
2965 1924
2964 1925
2963 1925
2962 1925
2961 1926
2960 1926
2959 1927
2958 1927
2957 1928
2956 1928
2955 1928
2954 1929
2953 1929
2952 1929
2951 1929
2950 1930
2949 1930
2948 1930
2947 1930
2946 1930
2945 1930
2944 1930
2943 1930
2942 1930
2941 1931
2940 1931
2939 1931
2938 1931
2937 1931
2936 1931
2935 1931
2934 1931
2933 1931
2932 1931
2931 1931
2930 1931
2929 1931
2928 1931
2927 1931
2926 1931
2925 1931
2924 1931
2923 1931
2922 1931
2921 1931
2920 1931
2919 1931
2918 1931
2917 1931
2916 1931
2915 1931
2914 1930
2913 1931
2912 1931
2911 1930
2910 1930
2909 1930
2908 1930
2907 1929
2906 1929
2905 1928
2904 1928
2903 1928
2902 1927
2901 1927
2900 1927
2899 1926
2898 1926
2897 1925
2896 1925
2895 1925
2894 1924
2893 1924
2892 1924
2891 1923
2890 1923
2889 1922
2888 1922
2887 1922
2886 1921
2885 1920
2884 1920
2883 1919
2882 1919
2881 1918
2880 1918
2879 1917
2878 1917
2877 1916
2876 1916
2875 1916
2874 1915
2873 1915
2872 1915
2871 1915
2870 1915
2869 1914
2868 1914
2867 1914
2866 1914
2865 1914
2864 1914
2863 1914
2862 1914
2861 1913
2860 1913
2859 1913
2858 1913
2857 1913
2856 1913
2855 1912
2854 1912
2853 1912
2852 1911
2851 1911
2850 1910
2849 1910
2848 1909
2847 1909
2846 1908
2845 1908
2844 1908
2843 1907
2842 1907
2841 1907
2840 1907
2839 1906
2838 1906
2837 1906
2836 1906
2835 1905
2834 1905
2833 1905
2832 1905
2831 1905
2830 1904
2829 1904
2828 1904
2827 1904
2826 1904
2825 1904
2824 1904
2823 1903
2822 1903
2821 1903
2820 1903
2819 1903
2818 1903
2817 1903
2816 1903
2815 1903
2814 1903
2813 1903
2812 1903
2811 1903
2810 1903
2809 1903
2808 1903
2807 1903
2806 1903
2805 1902
2804 1902
2803 1902
2802 1902
2801 1902
2800 1902
2799 1902
2798 1902
2797 1902
2796 1902
2795 1902
2794 1902
2793 1902
2792 1902
2791 1902
2790 1902
2789 1902
2788 1902
2787 1902
2786 1902
2785 1902
2784 1902
2783 1903
2782 1903
2781 1904
2780 1904
2779 1904
2778 1905
2777 1905
2776 1905
2775 1906
2774 1906
2773 1906
2772 1906
2771 1906
2770 1907
2769 1907
2768 1907
2767 1907
2766 1907
2765 1908
2764 1909
2763 1909
2762 1910
2761 1910
2760 1911
2759 1911
2758 1912
2757 1912
2756 1912
2755 1912
2754 1912
2753 1912
2752 1913
2751 1913
2750 1913
2749 1913
2748 1913
2747 1913
2746 1913
2745 1914
2744 1914
2743 1914
2742 1914
2741 1914
2740 1914
2739 1914
2738 1914
2737 1914
2736 1914
2735 1914
2734 1914
2733 1914
2732 1915
2731 1915
2730 1915
2729 1916
2728 1916
2727 1917
2726 1917
2725 1918
2724 1918
2723 1918
2722 1919
2721 1919
2720 1919
2719 1920
2718 1920
2717 1920
2716 1921
2715 1921
2714 1921
2713 1921
2712 1921
2711 1921
2710 1921
2709 1921
2708 1922
2707 1922
2706 1922
2705 1922
2704 1922
2703 1922
2702 1922
2701 1922
2700 1922
2699 1922
2698 1922
2697 1922
2696 1922
2695 1922
2694 1922
2693 1922
2692 1922
2691 1922
2690 1923
2690 1924
2689 1925
2688 1926
2687 1926
2686 1926
2685 1927
2684 1927
2683 1927
2682 1927
2681 1927
2680 1927
2679 1927
2678 1927
2677 1927
2676 1928
2675 1928
2674 1928
2673 1928
2672 1928
2671 1928
2670 1928
2669 1928
2668 1928
2667 1928
2666 1928
2665 1928
2664 1928
2663 1928
2662 1928
2661 1928
2660 1928
2659 1928
2658 1928
2657 1928
2656 1928
2655 1928
2654 1928
2653 1928
2652 1928
2651 1928
2650 1928
2649 1928
2648 1928
2647 1928
2646 1928
2645 1928
2644 1928
2643 1927
2642 1927
2641 1927
2640 1927
2639 1927
2638 1927
2637 1927
2636 1927
2635 1927
2634 1927
2633 1927
2632 1927
2631 1927
2630 1927
2629 1927
2628 1927
2627 1927
2626 1927
2625 1927
2624 1927
2623 1927
2622 1927
2621 1927
2620 1927
2619 1927
2618 1927
2617 1927
2616 1926
2615 1927
2614 1927
2613 1927
2612 1927
2611 1927
2610 1928
2609 1928
2608 1928
2607 1928
2606 1928
2605 1929
2604 1929
2603 1929
2602 1929
2601 1930
2600 1930
2599 1930
2598 1930
2597 1931
2596 1931
2595 1931
2594 1931
2593 1931
2592 1931
2591 1931
2590 1931
2589 1932
2588 1932
2587 1932
2586 1932
2585 1932
2584 1932
2583 1932
2582 1932
2581 1932
2580 1932
2579 1932
2578 1932
2577 1932
2576 1932
2575 1932
2574 1932
2573 1932
2572 1932
2571 1932
2570 1932
2569 1932
2568 1932
2567 1932
2566 1932
2565 1932
2564 1932
2563 1932
2562 1932
2561 1932
2560 1932
2559 1932
2558 1932
2557 1932
2556 1932
2555 1933
2554 1933
2553 1934
2552 1934
2551 1934
2550 1935
2549 1935
2548 1935
2547 1935
2546 1935
2545 1936
2544 1936
2543 1936
2542 1936
2541 1936
2540 1937
2539 1937
2538 1937
2537 1938
2536 1938
2535 1938
2534 1939
2533 1939
2532 1939
2531 1940
2530 1940
2529 1941
2528 1941
2527 1941
2526 1942
2525 1942
2524 1942
2523 1943
2522 1943
2521 1943
2520 1944
2519 1944
2518 1944
2517 1944
2516 1944
2515 1944
2514 1945
2513 1945
2512 1945
2511 1945
2510 1945
2509 1945
2508 1945
2507 1945
2506 1945
2505 1945
2504 1945
2503 1945
2502 1945
2501 1945
2500 1945
2499 1945
2498 1945
2497 1945
2496 1945
2495 1945
2494 1945
2493 1945
2492 1945
2491 1945
2490 1945
2489 1945
2488 1945
2487 1945
2486 1945
2485 1945
2484 1945
2483 1945
2482 1945
2481 1945
2480 1945
2479 1945
2478 1945
2477 1945
2476 1945
2475 1945
2474 1944
2473 1944
2472 1944
2471 1944
2470 1944
2469 1944
2468 1944
2467 1944
2466 1944
2465 1944
2464 1944
2463 1944
2462 1944
2461 1944
2460 1944
2459 1944
2458 1944
2457 1944
2456 1944
2455 1944
2454 1944
2453 1944
2452 1944
2451 1944
2450 1944
2449 1944
2448 1944
2447 1943
2446 1943
2445 1943
2444 1943
2443 1943
2442 1943
2441 1943
2440 1943
2439 1943
2438 1944
2437 1944
2436 1945
2435 1945
2434 1946
2433 1946
2432 1946
2431 1947
2430 1947
2429 1947
2428 1948
2427 1948
2426 1948
2425 1948
2424 1948
2423 1949
2422 1949
2421 1949
2420 1949
2419 1949
2418 1949
2417 1949
2416 1949
2415 1949
2414 1949
2413 1949
2412 1949
2411 1949
2410 1949
2409 1949
2408 1949
2407 1949
2406 1949
2405 1949
2404 1949
2403 1949
2402 1949
2401 1949
2400 1949
2399 1949
2398 1949
2397 1949
2396 1949
2395 1949
2394 1949
2393 1949
2392 1949
2391 1949
2390 1949
2389 1949
2388 1949
2387 1949
2386 1949
2385 1949
2384 1949
2383 1949
2382 1949
2381 1949
2380 1949
2379 1949
2378 1949
2377 1949
2376 1949
2375 1949
2374 1950
2373 1950
2372 1950
2371 1950
2370 1951
2369 1951
2368 1952
2367 1952
2366 1952
2365 1952
2364 1953
2363 1953
2362 1953
2361 1953
2360 1953
2359 1953
2358 1953
2357 1954
2356 1954
2355 1954
2354 1954
2353 1954
2352 1954
2351 1954
2350 1954
2349 1954
2348 1954
2347 1954
2346 1954
2345 1954
2344 1954
2343 1954
2342 1955
2341 1955
2340 1954
2339 1954
2338 1954
2337 1955
2336 1955
2335 1955
2334 1956
2333 1956
2332 1956
2331 1957
2330 1957
2329 1957
2328 1958
2327 1958
2326 1958
2325 1959
2324 1959
2323 1959
2322 1959
2321 1960
2320 1960
2319 1960
2318 1960
2317 1960
2316 1960
2315 1961
2314 1961
2313 1961
2312 1962
2311 1962
2310 1963
2309 1964
2308 1964
2307 1965
2306 1965
2305 1965
2304 1966
2303 1966
2302 1966
2301 1966
2300 1967
2299 1967
2298 1967
2297 1967
2296 1967
2295 1968
2294 1968
2293 1968
2292 1968
2291 1968
2290 1968
2289 1968
2288 1968
2287 1968
2286 1968
2285 1968
2284 1968
2283 1969
2282 1969
2281 1970
2280 1970
2279 1971
2278 1971
2277 1972
2276 1972
2275 1972
2274 1972
2273 1973
2272 1973
2271 1973
2270 1973
2269 1973
2268 1973
2267 1973
2266 1974
2265 1974
2264 1974
2263 1974
2262 1974
2261 1974
2260 1974
2259 1974
2258 1974
2257 1974
2256 1974
2255 1974
2254 1974
2253 1975
2252 1975
2251 1975
2250 1975
2249 1975
2248 1975
2247 1975
2246 1976
2245 1976
2244 1977
2243 1977
2242 1978
2241 1978
2240 1979
2239 1979
2238 1979
2237 1979
2236 1980
2235 1980
2234 1980
2233 1980
2232 1980
2231 1981
2230 1981
2229 1981
2228 1981
2227 1981
2226 1981
2225 1981
2224 1981
2223 1981
2222 1981
2221 1981
2220 1981
2219 1981
2218 1981
2217 1981
2216 1981
2215 1982
2214 1983
2213 1983
2212 1984
2211 1984
2210 1985
2209 1985
2208 1986
2207 1986
2206 1986
2205 1986
2204 1987
2203 1987
2202 1987
2201 1987
2200 1987
2199 1987
2198 1988
2197 1988
2196 1988
2195 1988
2194 1988
2193 1988
2192 1988
2191 1988
2190 1989
2189 1989
2188 1990
2187 1991
2186 1992
2185 1992
2184 1992
2183 1993
2182 1993
2181 1993
2180 1994
2179 1994
2178 1994
2177 1994
2176 1994
2175 1995
2174 1995
2173 1995
2172 1995
2171 1995
2170 1995
2169 1995
2168 1995
2167 1995
2166 1995
2165 1995
2164 1995
2163 1995
2162 1995
2161 1995
2160 1995
2159 1995
2158 1995
2157 1995
2156 1995
2155 1995
2154 1995
2153 1995
2152 1995
2151 1995
2150 1995
2149 1995
2148 1995
2147 1995
2146 1995
2145 1995
2144 1995
2143 1995
2142 1995
2141 1995
2140 1995
2139 1995
2138 1995
2137 1995
2136 1995
2135 1995
2134 1995
2133 1995
2132 1995
2131 1995
2130 1995
2129 1996
2128 1996
2127 1997
2126 1997
2125 1998
2124 1998
2123 1998
2122 1999
2121 1999
2120 2000
2119 2000
2118 2001
2117 2001
2116 2001
2115 2001
2114 2001
2113 2001
2112 2001
2111 2001
2110 2001
2109 2001
2108 2001
2107 2001
2106 2001
2105 2001
2104 2001
2103 2001
2102 2001
2101 2001
2100 2002
2099 2002
2098 2003
2097 2004
2096 2005
2095 2006
2095 2007
2095 2008
2094 2009
2094 2010
2093 2011
2093 2012
2093 2013
2093 2014
2092 2015
2092 2016
2091 2017
2091 2018
2090 2019
2089 2019
2088 2020
2087 2020
2086 2021
2085 2021
2084 2021
2083 2022
2082 2023
2081 2023
2081 2024
2080 2025
2079 2026
2078 2027
2077 2028
2076 2029
2075 2029
2074 2029
2073 2029
2072 2030
2071 2030
2070 2030
2069 2030
2068 2030
2067 2030
2066 2030
2065 2030
2064 2031
2063 2032
2063 2033
2062 2034
2061 2035
2060 2035
2059 2036
2058 2036
2057 2036
2056 2037
2055 2037
2054 2037
2053 2037
2052 2037
2051 2037
2050 2038
2049 2038
2048 2038
2047 2038
2046 2038
2045 2038
2044 2038
2043 2038
2042 2038
2041 2038
2040 2038
2039 2038
2038 2038
2037 2038
2036 2038
2035 2039
2034 2039
2033 2040
2032 2041
2031 2042
2030 2043
2029 2044
2029 2045
2028 2046
2027 2047
2026 2048
2025 2048
2024 2049
2023 2050
2022 2051
2021 2051
2020 2051
2019 2052
2018 2052
2017 2052
2016 2052
2015 2052
2014 2052
2013 2052
2012 2052
2011 2052
2010 2053
2009 2053
2008 2053
2007 2053
2006 2053
2005 2053
2004 2053
2003 2053
2002 2053
2001 2053
2000 2053
1999 2053
1998 2053
1997 2053
1996 2052
1995 2053
1994 2052
1993 2052
1992 2052
1991 2052
1990 2052
1989 2052
1988 2052
1987 2052
1986 2052
1985 2052
1984 2052
1983 2052
1982 2052
1981 2052
1980 2052
1979 2052
1978 2052
1977 2053
1976 2053
1975 2054
1974 2055
1973 2056
1972 2057
1971 2057
1970 2058
1969 2059
1968 2060
1967 2061
1966 2061
1965 2062
1964 2063
1963 2063
1962 2063
1961 2064
1960 2064
1959 2065
1958 2065
1957 2065
1956 2065
1955 2065
1954 2066
1953 2066
1952 2066
1951 2067
1950 2068
1949 2069
1949 2070
1948 2071
1947 2071
1946 2072
1945 2072
1944 2072
1943 2073
1942 2074
1941 2075
1940 2076
1939 2077
1938 2078
1937 2078
1936 2079
1935 2079
1934 2080
1933 2081
1932 2082
1931 2083
1930 2083
1929 2084
1928 2085
1927 2085
1926 2085
1925 2086
1924 2086
1923 2086
1922 2086
1921 2087
1920 2087
1919 2088
1918 2089
1917 2090
1916 2091
1915 2092
1914 2092
1913 2093
1912 2093
1911 2094
1910 2094
1909 2094
1908 2095
1907 2095
1906 2095
1905 2095
1904 2095
1903 2096
1902 2096
1901 2096
1900 2097
1899 2097
1898 2098
1897 2099
1896 2099
1895 2100
1894 2100
1893 2100
1892 2101
1891 2101
1890 2101
1889 2101
1888 2102
1887 2102
1886 2102
1885 2102
1884 2102
1883 2103
1882 2103
1881 2103
1880 2103
1879 2103
1878 2103
1877 2103
1876 2103
1875 2103
1874 2104
1873 2104
1872 2105
1871 2105
1870 2106
1869 2106
1868 2107
1867 2107
1866 2107
1865 2108
1864 2108
1863 2108
1862 2109
1861 2109
1860 2109
1859 2109
1858 2109
1857 2109
1856 2109
1855 2109
1854 2109
1853 2109
1852 2110
1851 2110
1850 2110
1849 2110
1848 2110
1847 2110
1846 2110
1845 2110
1844 2110
1843 2110
1842 2110
1841 2110
1840 2110
1839 2110
1838 2110
1837 2110
1836 2110
1835 2110
1834 2110
1833 2110
1832 2110
1831 2110
1830 2110
1829 2110
1828 2110
1827 2110
1826 2110
1825 2110
1824 2109
1823 2109
1822 2109
1821 2109
1820 2109
1819 2110
1818 2110
1817 2110
1816 2110
1815 2111
1814 2112
1813 2112
1812 2113
1811 2114
1810 2114
1809 2114
1808 2115
1807 2115
1806 2115
1805 2115
1804 2115
1803 2115
1802 2115
1801 2116
1800 2116
1799 2116
1798 2116
1797 2116
1796 2116
1795 2116
1794 2116
1793 2116
1792 2116
1791 2116
1790 2116
1789 2116
1788 2116
1787 2117
1786 2117
1785 2117
1784 2118
1783 2118
1782 2118
1781 2119
1780 2119
1779 2120
1778 2120
1777 2120
1776 2120
1775 2121
1774 2121
1773 2121
1772 2121
1771 2121
1770 2121
1769 2121
1768 2122
1767 2122
1766 2122
1765 2122
1764 2122
1763 2123
1762 2123
1761 2124
1760 2124
1759 2125
1758 2125
1757 2125
1756 2126
1755 2126
1754 2126
1753 2127
1752 2127
1751 2127
1750 2127
1749 2128
1748 2128
1747 2128
1746 2128
1745 2128
1744 2129
1743 2129
1742 2129
1741 2129
1740 2129
1739 2129
1738 2130
1737 2130
1736 2130
1735 2131
1734 2131
1733 2132
1732 2132
1731 2133
1730 2133
1729 2133
1728 2134
1727 2134
1726 2134
1725 2134
1724 2135
1723 2135
1722 2136
1721 2136
1720 2137
1719 2137
1718 2138
1717 2139
1716 2139
1715 2140
1714 2140
1713 2141
1712 2141
1711 2141
1710 2142
1709 2142
1708 2142
1707 2143
1706 2143
1705 2143
1704 2143
1703 2143
1702 2143
1701 2144
1700 2144
1699 2145
1698 2146
1697 2146
1696 2147
1695 2148
1694 2148
1693 2148
1692 2149
1691 2149
1690 2149
1689 2149
1688 2150
1687 2150
1686 2150
1685 2150
1684 2151
1683 2151
1682 2151
1681 2152
1680 2153
1679 2153
1678 2154
1677 2154
1676 2155
1675 2155
1674 2155
1673 2156
1672 2156
1671 2156
1670 2157
1669 2157
1668 2157
1667 2158
1666 2159
1665 2160
1664 2161
1663 2161
1662 2162
1661 2162
1660 2163
1659 2164
1658 2165
1657 2166
1656 2167
1655 2167
1654 2168
1653 2169
1652 2169
1651 2170
1650 2171
1649 2171
1648 2171
1647 2172
1646 2172
1645 2172
1644 2172
1643 2173
1642 2173
1641 2173
1640 2173
1639 2173
1638 2174
1637 2175
1636 2175
1635 2176
1634 2177
1633 2177
1632 2178
1631 2178
1630 2178
1629 2178
1628 2178
1627 2179
1626 2179
1625 2179
1624 2179
1623 2179
1622 2179
1621 2180
1620 2180
1619 2180
1618 2180
1617 2180
1616 2180
1615 2181
1614 2181
1613 2181
1612 2182
1611 2183
1610 2183
1609 2184
1608 2184
1607 2185
1606 2185
1605 2185
1604 2185
1603 2186
1602 2186
1601 2186
1600 2186
1599 2187
1598 2187
1597 2187
1596 2187
1595 2187
1594 2187
1593 2187
1592 2187
1591 2187
1590 2187
1589 2187
1588 2187
1587 2187
1586 2187
1585 2187
1584 2187
1583 2188
1582 2188
1581 2188
1580 2188
1579 2189
1578 2189
1577 2189
1576 2190
1575 2190
1574 2190
1573 2191
1572 2191
1571 2192
1570 2192
1569 2193
1568 2193
1567 2193
1566 2194
1565 2194
1564 2194
1563 2194
1562 2194
1561 2195
1560 2196
1559 2197
1558 2198
1557 2199
1556 2199
1555 2199
1554 2200
1553 2200
1552 2200
1551 2200
1550 2200
1549 2200
1548 2201
1547 2201
1546 2201
1545 2201
1544 2201
1543 2201
1542 2201
1541 2201
1540 2202
1539 2202
1538 2202
1537 2202
1536 2202
1535 2202
1534 2202
1533 2202
1532 2201
1531 2201
1530 2201
1529 2201
1528 2201
1527 2202
1526 2203
1526 2204
1525 2205
1524 2206
1523 2207
1522 2207
1521 2207
1520 2207
1519 2207
1518 2208
1517 2208
1516 2208
1515 2208
1514 2208
1513 2208
1512 2208
1511 2208
1510 2208
1509 2208
1508 2208
1507 2208
1506 2208
1505 2208
1504 2208
1503 2208
1502 2208
1501 2208
1500 2208
1499 2208
1498 2208
1497 2208
1496 2208
1495 2208
1494 2208
1493 2208
1492 2208
1491 2208
1490 2208
1489 2208
1488 2208
1487 2208
1486 2208
1485 2208
1484 2208
1483 2207
1482 2207
1481 2207
1480 2207
1479 2207
1478 2206
1478 2205
1477 2204
1477 2203
1476 2202
1476 2203
1475 2204
1475 2205
1475 2206
1475 2207
1475 2208
1475 2209
1475 2210
1475 2211
1475 2212
1474 2213
1473 2213
1472 2213
1471 2214
1470 2214
1470 2215
1469 2216
1469 2217
1468 2218
1467 2218
1466 2219
1465 2219
1464 2220
1463 2220
1462 2221
1461 2221
1460 2221
1459 2222
1458 2223
1457 2224
1456 2224
1455 2224
1454 2225
1453 2225
1452 2226
1451 2226
1450 2227
1449 2227
1448 2228
1447 2228
1446 2228
1445 2229
1444 2230
1443 2230
1442 2231
1441 2232
1440 2233
1439 2233
1438 2234
1437 2234
1436 2234
1435 2235
1434 2235
1433 2235
1432 2235
1431 2236
1430 2236
1429 2236
1428 2236
1427 2236
1426 2236
1425 2236
1424 2236
1423 2236
1422 2236
1421 2236
1420 2236
1419 2236
1418 2237
1417 2237
1416 2237
1415 2237
1414 2237
1413 2238
1412 2238
1411 2239
1410 2239
1409 2240
1408 2240
1407 2241
1406 2242
1405 2242
1404 2242
1403 2242
1402 2243
1401 2243
1400 2243
1399 2243
1398 2243
1397 2243
1396 2243
1395 2243
1394 2243
1393 2243
1392 2243
1391 2243
1390 2243
1389 2243
1388 2243
1387 2243
1386 2243
1385 2243
1384 2243
1383 2243
1382 2243
1381 2243
1380 2243
1379 2243
1378 2243
1377 2243
1376 2243
1375 2243
1374 2243
1373 2243
1372 2243
1371 2244
1370 2244
1369 2245
1368 2246
1367 2246
1366 2247
1365 2247
1364 2248
1363 2248
1362 2248
1361 2249
1360 2250
1359 2250
1358 2251
1357 2251
1356 2252
1355 2252
1354 2253
1353 2253
1352 2254
1351 2254
1350 2255
1349 2255
1348 2256
1347 2256
1346 2256
1345 2256
1344 2256
1343 2257
1342 2258
1341 2259
1341 2260
1340 2261
1339 2261
1338 2262
1337 2262
1336 2262
1335 2263
1334 2263
1333 2263
1332 2264
1331 2264
1330 2264
1329 2265
1328 2265
1327 2265
1326 2265
1325 2265
1324 2265
1323 2265
1322 2265
1321 2265
1320 2265
1319 2265
1318 2265
1317 2265
1316 2265
1315 2264
1314 2264
1313 2264
1312 2264
1311 2264
1310 2264
1309 2264
1308 2264
1307 2264
1306 2265
1306 2266
1305 2267
1305 2268
1305 2269
1305 2270
1305 2271
1305 2272
1305 2273
1305 2274
1304 2275
1304 2276
1304 2277
1304 2278
1304 2279
1304 2280
1304 2281
1304 2282
1304 2283
1304 2284
1304 2285
1304 2286
1303 2287
1302 2288
1301 2289
1300 2290
1299 2291
1298 2292
1297 2292
1296 2293
1295 2293
1294 2294
1293 2295
1292 2296
1291 2297
1290 2298
1289 2298
1288 2299
1287 2299
1286 2299
1285 2300
1284 2300
1283 2300
1282 2300
1281 2301
1280 2301
1279 2301
1278 2301
1277 2301
1276 2301
1275 2302
1274 2303
1273 2303
1272 2304
1271 2305
1270 2305
1269 2306
1268 2307
1267 2307
1266 2308
1265 2308
1264 2309
1263 2309
1262 2310
1261 2311
1260 2311
1259 2312
1258 2312
1257 2313
1256 2313
1255 2314
1254 2314
1253 2315
1252 2316
1251 2316
1250 2317
1249 2317
1248 2318
1247 2318
1246 2319
1245 2319
1244 2319
1243 2319
1242 2320
1241 2320
1240 2320
1239 2321
1238 2321
1237 2321
1236 2321
1235 2322
1234 2322
1233 2322
1232 2322
1231 2322
1230 2322
1229 2323
1228 2323
1227 2323
1226 2323
1225 2323
1224 2323
1223 2323
1222 2323
1221 2323
1220 2323
1219 2323
1218 2323
1217 2323
1216 2323
1215 2323
1214 2323
1213 2324
1212 2324
1211 2324
1210 2324
1209 2324
1208 2324
1207 2324
1206 2324
1205 2324
1204 2324
1203 2324
1202 2324
1201 2324
1200 2325
1199 2325
1198 2326
1197 2326
1196 2327
1195 2327
1194 2328
1193 2328
1192 2328
1191 2328
1190 2329
1189 2329
1188 2329
1187 2329
1186 2330
1185 2330
1184 2330
1183 2331
1182 2331
1181 2332
1180 2333
1179 2333
1178 2334
1177 2334
1176 2334
1175 2335
1174 2335
1173 2336
1172 2337
1171 2338
1170 2339
1169 2339
1168 2340
1167 2341
1166 2341
1165 2342
1164 2342
1163 2342
1162 2343
1161 2343
1160 2343
1159 2343
1158 2343
1157 2343
1156 2344
1155 2344
1154 2344
1153 2344
1152 2344
1151 2344
1150 2344
1149 2344
1148 2345
1147 2345
1146 2345
1145 2346
1144 2346
1143 2346
1142 2347
1141 2347
1140 2347
1139 2348
1138 2348
1137 2348
1136 2348
1135 2349
1134 2349
1133 2349
1132 2349
1131 2350
1130 2350
1129 2350
1128 2350
1127 2350
1126 2350
1125 2350
1124 2350
1123 2351
1122 2351
1121 2351
1120 2351
1119 2351
1118 2351
1117 2351
1116 2351
1115 2351
1114 2351
1113 2351
1112 2351
1111 2351
1110 2351
1109 2351
1108 2351
1107 2351
1106 2352
1105 2352
1104 2353
1103 2353
1102 2353
1101 2354
1100 2354
1099 2355
1098 2355
1097 2356
1096 2356
1095 2356
1094 2357
1093 2357
1092 2358
1091 2359
1090 2359
1089 2360
1088 2360
1087 2361
1086 2362
1085 2362
1084 2363
1083 2364
1082 2364
1081 2365
1080 2366
1079 2366
1078 2367
1077 2368
1076 2368
1075 2369
1074 2369
1073 2370
1072 2370
1071 2370
1070 2371
1069 2371
1068 2371
1067 2372
1066 2372
1065 2372
1064 2372
1063 2372
1062 2373
1061 2373
1060 2373
1059 2373
1058 2374
1057 2374
1056 2374
1055 2375
1054 2375
1053 2376
1052 2376
1051 2377
1050 2377
1049 2378
1048 2378
1047 2378
1046 2378
1045 2378
1044 2379
1043 2379
1042 2379
1041 2379
1040 2379
1039 2379
1038 2380
1037 2380
1036 2381
1035 2381
1034 2382
1033 2382
1032 2383
1031 2383
1030 2384
1029 2384
1028 2384
1027 2385
1026 2385
1025 2385
1024 2385
1023 2385
1022 2386
1021 2386
1020 2386
1019 2386
1018 2386
1017 2386
1016 2386
1015 2386
1014 2386
1013 2386
1012 2386
1011 2387
1010 2387
1009 2387
1008 2387
1007 2387
1006 2388
1005 2388
1004 2388
1003 2389
1002 2389
1001 2389
1000 2390
999 2390
998 2391
997 2391
996 2391
995 2392
994 2392
993 2392
992 2393
991 2393
990 2393
989 2393
988 2393
987 2393
986 2393
985 2394
984 2394
983 2394
982 2394
981 2394
980 2394
979 2394
978 2394
977 2394
976 2394
975 2395
974 2395
973 2395
972 2395
971 2395
970 2396
969 2396
968 2396
967 2397
966 2397
965 2397
964 2398
963 2398
962 2398
961 2399
960 2399
959 2399
958 2399
957 2399
956 2399
955 2400
954 2400
953 2400
952 2400
951 2400
950 2400
949 2400
948 2400
947 2400
946 2400
945 2400
944 2400
943 2400
942 2400
941 2400
940 2400
939 2400
938 2400
937 2401
936 2401
935 2401
934 2401
933 2401
932 2402
931 2402
930 2403
929 2403
928 2404
927 2404
926 2405
925 2405
924 2405
923 2406
922 2406
921 2406
920 2406
919 2407
918 2407
917 2407
916 2407
915 2408
915 2409
916 2410
917 2410
918 2411
919 2412
920 2412
921 2413
922 2413
923 2413
924 2413
925 2414
926 2414
927 2414
928 2414
929 2414
930 2415
931 2415
932 2415
933 2415
934 2415
935 2415
936 2415
937 2416
938 2416
939 2416
940 2416
941 2416
942 2416
943 2416
944 2416
945 2416
946 2416
947 2416
948 2417
949 2417
950 2417
951 2417
952 2417
953 2417
954 2417
955 2417
956 2417
957 2417
958 2417
959 2417
960 2417
961 2417
962 2417
963 2417
964 2417
965 2417
966 2418
967 2418
968 2418
969 2418
970 2418
971 2418
972 2418
973 2418
974 2418
975 2418
976 2418
977 2418
978 2418
979 2418
980 2418
981 2418
982 2418
983 2418
984 2418
985 2418
986 2418
987 2418
988 2418
989 2419
990 2419
991 2419
992 2419
993 2419
994 2419
995 2419
996 2419
997 2419
998 2419
999 2419
1000 2419
1001 2419
1002 2419
1003 2419
1004 2419
1005 2419
1006 2419
1007 2419
1008 2419
1009 2419
1010 2419
1011 2419
1012 2419
1013 2420
1014 2420
1015 2420
1016 2420
1017 2420
1018 2420
1019 2420
1020 2420
1021 2420
1022 2420
1023 2420
1024 2420
1025 2420
1026 2420
1027 2420
1028 2420
1029 2420
1030 2420
1031 2420
1032 2420
1033 2420
1034 2420
1035 2420
1036 2420
1037 2420
1038 2420
1039 2419
1040 2419
1041 2419
1042 2418
1043 2418
1044 2417
1045 2417
1046 2417
1047 2417
1048 2417
1049 2416
1050 2416
1051 2416
1052 2416
1053 2416
1054 2416
1055 2416
1056 2416
1057 2416
1058 2415
1059 2415
1060 2415
1061 2415
1062 2415
1063 2415
1064 2415
1065 2415
1066 2414
1067 2414
1068 2414
1069 2413
1070 2413
1071 2413
1072 2412
1073 2412
1074 2411
1075 2411
1076 2411
1077 2410
1078 2410
1079 2410
1080 2410
1081 2409
1082 2409
1083 2409
1084 2409
1085 2408
1086 2408
1087 2408
1088 2408
1089 2408
1090 2408
1091 2408
1092 2408
1093 2408
1094 2408
1095 2408
1096 2408
1097 2408
1098 2408
1099 2407
1100 2407
1101 2407
1102 2406
1103 2406
1104 2406
1105 2405
1106 2405
1107 2404
1108 2404
1109 2404
1110 2403
1111 2403
1112 2403
1113 2403
1114 2402
1115 2402
1116 2402
1117 2402
1118 2402
1119 2402
1120 2401
1121 2401
1122 2401
1123 2401
1124 2401
1125 2401
1126 2401
1127 2401
1128 2401
1129 2401
1130 2401
1131 2401
1132 2401
1133 2401
1134 2401
1135 2401
1136 2401
1137 2401
1138 2401
1139 2401
1140 2401
1141 2401
1142 2401
1143 2401
1144 2401
1145 2401
1146 2401
1147 2401
1148 2401
1149 2401
1150 2401
1151 2401
1152 2401
1153 2401
1154 2402
1155 2402
1156 2402
1157 2402
1158 2402
1159 2402
1160 2402
1161 2402
1162 2402
1163 2402
1164 2402
1165 2402
1166 2402
1167 2402
1168 2402
1169 2402
1170 2402
1171 2402
1172 2402
1173 2402
1174 2402
1175 2402
1176 2402
1177 2402
1178 2402
1179 2402
1180 2402
1181 2402
1182 2403
1183 2403
1184 2403
1185 2403
1186 2403
1187 2403
1188 2403
1189 2403
1190 2403
1191 2403
1192 2403
1193 2403
1194 2403
1195 2403
1196 2403
1197 2403
1198 2403
1199 2403
1200 2403
1201 2403
1202 2403
1203 2403
1204 2403
1205 2403
1206 2403
1207 2403
1208 2404
1209 2404
1210 2404
1211 2404
1212 2404
1213 2404
1214 2404
1215 2404
1216 2404
1217 2404
1218 2404
1219 2404
1220 2404
1221 2404
1222 2404
1223 2404
1224 2404
1225 2404
1226 2404
1227 2404
1228 2404
1229 2404
1230 2404
1231 2404
1232 2405
1233 2405
1234 2405
1235 2405
1236 2405
1237 2405
1238 2405
1239 2405
1240 2405
1241 2405
1242 2405
1243 2405
1244 2405
1245 2405
1246 2405
1247 2405
1248 2405
1249 2405
1250 2405
1251 2405
1252 2405
1253 2405
1254 2405
1255 2405
1256 2406
1257 2406
1258 2406
1259 2406
1260 2406
1261 2406
1262 2406
1263 2406
1264 2406
1265 2406
1266 2406
1267 2406
1268 2406
1269 2406
1270 2406
1271 2406
1272 2406
1273 2406
1274 2406
1275 2406
1276 2406
1277 2406
1278 2406
1279 2406
1280 2407
1281 2407
1282 2407
1283 2407
1284 2407
1285 2407
1286 2407
1287 2407
1288 2407
1289 2407
1290 2407
1291 2407
1292 2407
1293 2407
1294 2407
1295 2407
1296 2407
1297 2407
1298 2407
1299 2407
1300 2407
1301 2407
1302 2407
1303 2407
1304 2407
1305 2408
1306 2408
1307 2408
1308 2408
1309 2408
1310 2408
1311 2408
1312 2408
1313 2408
1314 2408
1315 2408
1316 2408
1317 2408
1318 2408
1319 2408
1320 2408
1321 2408
1322 2408
1323 2408
1324 2408
1325 2408
1326 2408
1327 2408
1328 2408
1329 2409
1330 2409
1331 2409
1332 2409
1333 2409
1334 2409
1335 2409
1336 2409
1337 2409
1338 2409
1339 2409
1340 2409
1341 2409
1342 2409
1343 2409
1344 2409
1345 2409
1346 2409
1347 2409
1348 2409
1349 2409
1350 2409
1351 2409
1352 2409
1353 2410
1354 2410
1355 2410
1356 2410
1357 2410
1358 2410
1359 2410
1360 2410
1361 2410
1362 2410
1363 2410
1364 2410
1365 2410
1366 2410
1367 2410
1368 2410
1369 2410
1370 2410
1371 2410
1372 2410
1373 2410
1374 2410
1375 2410
1376 2410
1377 2411
1378 2411
1379 2411
1380 2411
1381 2411
1382 2411
1383 2411
1384 2411
1385 2411
1386 2411
1387 2411
1388 2411
1389 2411
1390 2411
1391 2411
1392 2411
1393 2411
1394 2411
1395 2411
1396 2411
1397 2411
1398 2411
1399 2411
1400 2412
1401 2412
1402 2412
1403 2412
1404 2412
1405 2412
1406 2412
1407 2412
1408 2412
1409 2412
1410 2412
1411 2412
1412 2412
1413 2412
1414 2412
1415 2412
1416 2412
1417 2412
1418 2412
1419 2412
1420 2412
1421 2412
1422 2412
1423 2412
1424 2413
1425 2413
1426 2413
1427 2413
1428 2413
1429 2413
1430 2413
1431 2413
1432 2413
1433 2413
1434 2413
1435 2413
1436 2413
1437 2413
1438 2413
1439 2413
1440 2413
1441 2413
1442 2413
1443 2413
1444 2413
1445 2413
1446 2413
1447 2413
1448 2414
1449 2414
1450 2414
1451 2414
1452 2414
1453 2414
1454 2414
1455 2414
1456 2414
1457 2414
1458 2414
1459 2414
1460 2414
1461 2414
1462 2414
1463 2414
1464 2415
1465 2416
1466 2416
1467 2417
1468 2417
1469 2417
1470 2418
1471 2418
1472 2418
1473 2419
1474 2419
1475 2419
1476 2420
1477 2420
1478 2420
1479 2420
1480 2421
1481 2421
1482 2421
1483 2421
1484 2421
1485 2421
1486 2422
1487 2422
1488 2422
1489 2422
1490 2423
1491 2423
1492 2424
1493 2425
1494 2426
1495 2426
1496 2427
1497 2427
1498 2428
1499 2428
1500 2429
1501 2429
1502 2429
1503 2430
1504 2430
1505 2430
1506 2430
1507 2431
1508 2431
1509 2431
1510 2431
1511 2431
1512 2431
1513 2431
1514 2431
1515 2431
1516 2432
1517 2432
1518 2432
1519 2432
1520 2432
1521 2432
1522 2432
1523 2432
1524 2432
1525 2432
1526 2433
1527 2433
1528 2433
1529 2433
1530 2433
1531 2433
1532 2433
1533 2433
1534 2433
1535 2433
1536 2433
1537 2433
1538 2433
1539 2433
1540 2433
1541 2433
1542 2433
1543 2433
1544 2433
1545 2433
1546 2433
1547 2434
1548 2434
1549 2434
1550 2434
1551 2434
1552 2434
1553 2434
1554 2434
1555 2434
1556 2434
1557 2434
1558 2434
1559 2434
1560 2434
1561 2434
1562 2434
1563 2434
1564 2434
1565 2434
1566 2434
1567 2434
1568 2434
1569 2434
1570 2435
1571 2435
1572 2435
1573 2435
1574 2435
1575 2435
1576 2435
1577 2435
1578 2435
1579 2435
1580 2435
1581 2435
1582 2435
1583 2435
1584 2435
1585 2435
1586 2435
1587 2435
1588 2435
1589 2435
1590 2435
1591 2435
1592 2435
1593 2435
1594 2436
1595 2436
1596 2436
1597 2436
1598 2436
1599 2436
1600 2436
1601 2436
1602 2436
1603 2436
1604 2436
1605 2436
1606 2436
1607 2436
1608 2436
1609 2436
1610 2436
1611 2436
1612 2436
1613 2436
1614 2436
1615 2436
1616 2436
1617 2436
1618 2436
1619 2437
1620 2437
1621 2437
1622 2438
1623 2438
1624 2438
1625 2439
1626 2439
1627 2440
1628 2440
1629 2441
1630 2441
1631 2442
1632 2442
1633 2442
1634 2442
1635 2443
1636 2443
1637 2443
1638 2443
1639 2443
1640 2444
1641 2444
1642 2444
1643 2444
1644 2444
1645 2444
1646 2445
1647 2445
1648 2445
1649 2445
1650 2445
1651 2445
1652 2445
1653 2445
1654 2445
1655 2446
1656 2446
1657 2446
1658 2446
1659 2447
1660 2447
1661 2448
1662 2448
1663 2449
1664 2450
1665 2450
1666 2451
1667 2451
1668 2452
1669 2452
1670 2452
1671 2453
1672 2453
1673 2453
1674 2453
1675 2453
1676 2453
1677 2454
1678 2454
1679 2454
1680 2454
1681 2454
1682 2454
1683 2454
1684 2454
1685 2455
1686 2455
1687 2455
1688 2455
1689 2455
1690 2455
1691 2455
1692 2455
1693 2456
1694 2457
1695 2457
1696 2458
1697 2458
1698 2459
1699 2459
1700 2460
1701 2460
1702 2460
1703 2461
1704 2461
1705 2461
1706 2461
1707 2462
1708 2462
1709 2462
1710 2463
1711 2463
1712 2464
1713 2464
1714 2464
1715 2465
1716 2466
1717 2466
1718 2467
1719 2468
1720 2468
1721 2469
1722 2470
1723 2470
1724 2470
1725 2471
1726 2471
1727 2471
1728 2471
1729 2472
1730 2472
1731 2472
1732 2472
1733 2472
1734 2472
1735 2473
1736 2473
1737 2473
1738 2473
1739 2473
1740 2473
1741 2473
1742 2473
1743 2473
1744 2474
1745 2474
1746 2474
1747 2475
1748 2475
1749 2476
1750 2477
1751 2477
1752 2478
1753 2478
1754 2479
1755 2479
1756 2480
1757 2481
1758 2482
1759 2483
1760 2484
1761 2485
1762 2486
1763 2487
1764 2488
1765 2489
1766 2490
1767 2491
1767 2492
1767 2493
1767 2494
1766 2495
1766 2496
1766 2497
1765 2498
1765 2499
1764 2500
1764 2501
1763 2502
1763 2503
1762 2504
1762 2505
1762 2506
1761 2507
1761 2508
1760 2509
1759 2510
1759 2511
1758 2512
1757 2513
1756 2514
1756 2515
1755 2516
1754 2516
1753 2517
1752 2517
1751 2518
1750 2518
1749 2519
1748 2519
1747 2520
1746 2520
1745 2521
1746 2521
1747 2521
1748 2522
1749 2522
1750 2522
1751 2521
1752 2521
1753 2520
1754 2520
1755 2519
1756 2519
1757 2519
1758 2518
1759 2518
1760 2517
1761 2516
1762 2516
1763 2515
1764 2514
1765 2513
1766 2513
1767 2512
1768 2511
1769 2511
1770 2510
1771 2510
1772 2509
1773 2509
1774 2509
1775 2509
1776 2508
1777 2507
1778 2506
1779 2505
1780 2504
1781 2504
1782 2503
1783 2503
1784 2502
1785 2502
1786 2502
1787 2501
1788 2501
1789 2501
1790 2501
1791 2501
1792 2501
1793 2501
1794 2501
1795 2501
1796 2501
1797 2501
1798 2501
1799 2501
1800 2501
1801 2500
1802 2500
1803 2500
1804 2500
1805 2500
1806 2500
1807 2501
1808 2501
1809 2501
1810 2501
1811 2501
1812 2501
1813 2501
1814 2501
1815 2501
1816 2501
1817 2501
1818 2501
1819 2501
1820 2501
1821 2501
1822 2501
1823 2501
1824 2501
1825 2501
1826 2501
1827 2501
1828 2501
1829 2501
1830 2501
1831 2501
1832 2501
1833 2501
1834 2501
1835 2501
1836 2501
1837 2501
1838 2502
1839 2502
1840 2502
1841 2502
1842 2502
1843 2502
1844 2502
1845 2502
1846 2502
1847 2502
1848 2502
1849 2502
1850 2502
1851 2502
1852 2502
1853 2502
1854 2502
1855 2502
1856 2502
1857 2502
1858 2502
1859 2502
1860 2502
1861 2503
1862 2503
1863 2503
1864 2503
1865 2503
1866 2503
1867 2503
1868 2503
1869 2503
1870 2503
1871 2503
1872 2503
1873 2503
1874 2503
1875 2503
1876 2503
1877 2503
1878 2503
1879 2503
1880 2503
1881 2503
1882 2503
1883 2503
1884 2503
1885 2504
1886 2504
1887 2504
1888 2504
1889 2504
1890 2504
1891 2504
1892 2504
1893 2504
1894 2504
1895 2504
1896 2504
1897 2504
1898 2504
1899 2504
1900 2504
1901 2504
1902 2504
1903 2504
1904 2504
1905 2504
1906 2504
1907 2504
1908 2504
1909 2505
1910 2505
1911 2505
1912 2504
1913 2504
1914 2503
1915 2502
1916 2502
1917 2501
1918 2501
1919 2501
1920 2500
1921 2500
1922 2499
1923 2499
1924 2499
1925 2499
1926 2499
1927 2498
1928 2498
1929 2498
1930 2498
1931 2498
1932 2498
1933 2498
1934 2498
1935 2498
1936 2498
1937 2498
1938 2498
1939 2498
1940 2498
1941 2498
1942 2498
1943 2498
1944 2498
1945 2498
1946 2498
1947 2498
1948 2498
1949 2498
1950 2498
1951 2498
1952 2498
1953 2498
1954 2498
1955 2498
1956 2498
1957 2498
1958 2497
1959 2497
1960 2496
1961 2496
1962 2495
1963 2495
1964 2494
1965 2494
1966 2494
1967 2494
1968 2494
1969 2493
1970 2493
1971 2493
1972 2493
1973 2493
1974 2493
1975 2493
1976 2492
1977 2492
1978 2492
1979 2492
1980 2492
1981 2492
1982 2492
1983 2492
1984 2492
1985 2492
1986 2492
1987 2492
1988 2492
1989 2492
1990 2492
1991 2492
1992 2492
1993 2492
1994 2491
1995 2491
1996 2490
1997 2489
1998 2489
1999 2488
2000 2488
2001 2488
2002 2487
2003 2487
2004 2487
2005 2487
2006 2486
2007 2486
2008 2486
2009 2486
2010 2486
2011 2486
2012 2486
2013 2485
2014 2485
2015 2485
2015 2484
2015 2483
2015 2482
2016 2481
2017 2481
2018 2480
2019 2480
2020 2479
2021 2479
2022 2479
2023 2479
2024 2478
2025 2478
2026 2477
2027 2476
2028 2475
2029 2474
2030 2473
2031 2472
2032 2472
2033 2472
2034 2472
2035 2471
2036 2471
2037 2471
2038 2471
2039 2471
2040 2471
2041 2470
2042 2469
2043 2469
2044 2468
2045 2467
2046 2467
2047 2467
2048 2466
2049 2466
2050 2465
2051 2465
2052 2465
2053 2465
2054 2464
2055 2464
2056 2464
2057 2464
2058 2464
2059 2463
2060 2462
2061 2462
2062 2461
2063 2461
2064 2460
2065 2460
2066 2459
2067 2459
2068 2458
2069 2458
2070 2458
2071 2458
2072 2457
2073 2456
2074 2456
2074 2455
2075 2454
2076 2453
2077 2452
2078 2452
2079 2451
2080 2451
2081 2451
2082 2450
2083 2450
2084 2450
2085 2449
2086 2449
2087 2449
2088 2449
2089 2448
2090 2448
2091 2448
2092 2448
2093 2448
2094 2448
2095 2448
2096 2448
2097 2448
2098 2448
2099 2449
2100 2449
2101 2449
2102 2449
2103 2449
2104 2449
2105 2449
2106 2449
2107 2449
2108 2449
2109 2450
2110 2450
2111 2451
2112 2451
2113 2452
2114 2452
2115 2453
2116 2453
2117 2453
2118 2454
2119 2454
2120 2454
2121 2454
2122 2455
2123 2455
2124 2455
2125 2455
2126 2456
2127 2456
2128 2456
2129 2456
2130 2456
2131 2457
2132 2457
2133 2457
2134 2457
2135 2457
2136 2457
2137 2457
2138 2457
2139 2458
2140 2458
2141 2458
2142 2458
2143 2458
2144 2458
2145 2458
2146 2459
2147 2460
2148 2461
2149 2462
2150 2463
2151 2464
2152 2464
2153 2464
2154 2465
2155 2466
2156 2467
2157 2468
2157 2469
2158 2470
2158 2471
2159 2472
2159 2473
2160 2474
2160 2475
2159 2476
2158 2477
2158 2478
2157 2479
2157 2480
2156 2481
2156 2482
2155 2483
2154 2484
2153 2484
2152 2485
2151 2486
2150 2486
2149 2487
2148 2488
2147 2489
2146 2490
2145 2490
2144 2491
2143 2492
2142 2493
2141 2494
2140 2494
2139 2495
2138 2495
2137 2496
2136 2496
2135 2497
2134 2498
2133 2499
2132 2500
2131 2500
2130 2501
2129 2501
2128 2502
2127 2502
2126 2502
2125 2503
2124 2503
2123 2504
2122 2504
2121 2505
2120 2505
2119 2506
2118 2507
2117 2508
2116 2508
2115 2509
2114 2509
2113 2509
2112 2510
2111 2510
2110 2510
2109 2511
2108 2511
2107 2511
2106 2512
2105 2512
2104 2513
2103 2513
2102 2514
2101 2515
2100 2516
2099 2516
2098 2517
2097 2517
2096 2518
2095 2519
2094 2519
2093 2520
2092 2520
2091 2521
2090 2522
2089 2522
2088 2523
2087 2523
2086 2524
2085 2524
2084 2524
2083 2525
2082 2525
2081 2526
2080 2526
2079 2527
2078 2527
2077 2528
2076 2529
2075 2530
2074 2531
2073 2532
2072 2533
2073 2534
2074 2534
2075 2534
2076 2534
2077 2534
2078 2534
2079 2535
2080 2535
2081 2535
2082 2535
2083 2535
2084 2535
2085 2535
2086 2535
2087 2535
2088 2535
2089 2536
2090 2535
2091 2535
2092 2535
2093 2535
2094 2534
2095 2534
2096 2534
2097 2534
2098 2533
2099 2533
2100 2533
2101 2532
2102 2532
2103 2532
2104 2532
2105 2532
2106 2532
2107 2531
2108 2531
2109 2531
2110 2531
2111 2531
2112 2531
2113 2530
2114 2530
2115 2529
2116 2529
2117 2528
2118 2527
2119 2527
2120 2526
2121 2525
2122 2525
2123 2524
2124 2524
2125 2524
2126 2523
2127 2523
2128 2523
2129 2523
2130 2523
2131 2523
2132 2523
2133 2523
2134 2523
2135 2523
2136 2523
2137 2523
2138 2523
2139 2522
2140 2522
2141 2522
2142 2522
2143 2522
2144 2522
2145 2522
2146 2523
2147 2523
2148 2522
2149 2522
2150 2523
2151 2523
2152 2523
2153 2523
2154 2523
2155 2523
2156 2523
2157 2523
2158 2523
2159 2523
2160 2523
2161 2523
2162 2523
2163 2523
2164 2523
2165 2523
2166 2523
2167 2523
2168 2523
2169 2523
2170 2523
2171 2523
2172 2523
2173 2523
2174 2523
2175 2523
2176 2524
2177 2524
2178 2524
2179 2524
2180 2524
2181 2524
2182 2524
2183 2524
2184 2524
2185 2524
2186 2524
2187 2524
2188 2524
2189 2524
2190 2524
2191 2524
2192 2524
2193 2524
2194 2524
2195 2524
2196 2524
2197 2524
2198 2524
2199 2524
2200 2524
2201 2525
2202 2525
2203 2525
2204 2525
2205 2525
2206 2525
2207 2525
2208 2525
2209 2525
2210 2525
2211 2525
2212 2525
2213 2525
2214 2525
2215 2525
2216 2525
2217 2525
2218 2525
2219 2525
2220 2525
2221 2525
2222 2525
2223 2525
2224 2525
2225 2525
2226 2526
2227 2526
2228 2526
2229 2526
2230 2526
2231 2526
2232 2526
2233 2526
2234 2526
2235 2526
2236 2526
2237 2526
2238 2526
2239 2526
2240 2526
2241 2526
2242 2526
2243 2526
2244 2526
2245 2526
2246 2526
2247 2526
2248 2526
2249 2527
2250 2527
2251 2527
2252 2527
2253 2527
2254 2527
2255 2527
2256 2527
2257 2527
2258 2527
2259 2527
2260 2527
2261 2527
2262 2527
2263 2527
2264 2527
2265 2527
2266 2527
2267 2527
2268 2527
2269 2527
2270 2527
2271 2527
2272 2527
2273 2527
2274 2528
2275 2528
2276 2529
2277 2529
2278 2530
2279 2531
2280 2531
2281 2532
2282 2532
2283 2533
2284 2533
2285 2533
2286 2534
2287 2534
2288 2534
2289 2534
2290 2535
2291 2535
2292 2535
2293 2535
2294 2535
2295 2535
2296 2536
2297 2536
2298 2536
2299 2536
2300 2536
2301 2536
2302 2537
2303 2537
2304 2538
2305 2538
2306 2539
2307 2539
2308 2540
2309 2540
2310 2541
2311 2542
2312 2542
2313 2543
2314 2543
2315 2544
2316 2544
2317 2545
2318 2545
2319 2545
2320 2545
2321 2546
2322 2547
2323 2547
2324 2548
2325 2549
2326 2549
2327 2550
2328 2550
2329 2551
2330 2551
2331 2551
2332 2552
2333 2552
2334 2552
2335 2552
2336 2552
2337 2553
2338 2553
2339 2553
2340 2553
2341 2553
2342 2553
2343 2554
2344 2555
2345 2556
2346 2557
2347 2558
2348 2559
2349 2559
2350 2560
2351 2560
2352 2561
2353 2561
2354 2561
2355 2561
2356 2562
2357 2562
2358 2563
2359 2563
2360 2564
2361 2564
2362 2565
2363 2566
2364 2566
2365 2567
2366 2567
2367 2568
2368 2568
2369 2568
2370 2569
2371 2569
2372 2569
2373 2570
2374 2570
2375 2570
2376 2570
2377 2571
2378 2571
2379 2571
2380 2571
2381 2571
2382 2571
2383 2571
2384 2571
2385 2571
2386 2572
2387 2572
2388 2572
2389 2572
2390 2572
2391 2572
2392 2572
2393 2573
2394 2573
2395 2574
2396 2574
2397 2575
2398 2576
2399 2576
2400 2577
2401 2577
2402 2577
2403 2578
2404 2578
2405 2578
2406 2579
2407 2579
2408 2579
2409 2579
2410 2579
2411 2580
2412 2580
2413 2580
2414 2580
2415 2580
2416 2580
2417 2580
2418 2581
2419 2581
2420 2581
2421 2581
2422 2581
2423 2581
2424 2581
2425 2582
2426 2582
2427 2582
2428 2583
2429 2584
2430 2585
2431 2585
2432 2586
2433 2586
2434 2587
2435 2587
2436 2587
2437 2587
2438 2588
2439 2588
2440 2588
2441 2589
2442 2590
2443 2591
2444 2592
2445 2592
2446 2593
2447 2593
2448 2594
2449 2594
2450 2595
2451 2595
2452 2596
2453 2597
2454 2597
2455 2598
2456 2599
2457 2599
2458 2600
2459 2601
2460 2602
2461 2603
2462 2603
2463 2604
2464 2604
2465 2605
2466 2605
2467 2605
2468 2606
2469 2606
2470 2606
2471 2606
2472 2606
2473 2607
2474 2608
2475 2608
2476 2609
2476 2610
2477 2611
2478 2611
2479 2612
2480 2612
2481 2612
2482 2613
2483 2613
2484 2613
2485 2614
2486 2614
2487 2614
2488 2614
2489 2615
2490 2615
2491 2615
2492 2615
2493 2616
2494 2616
2495 2616
2496 2616
2497 2616
2498 2616
2499 2616
2500 2616
2501 2617
2502 2617
2503 2617
2504 2617
2505 2617
2506 2617
2507 2617
2508 2617
2509 2617
2510 2618
2511 2619
2512 2620
2513 2621
2514 2621
2515 2622
2516 2622
2517 2623
2518 2624
2519 2625
2520 2625
2521 2626
2522 2627
2523 2628
2524 2629
2525 2630
2526 2630
2527 2631
2528 2631
2529 2631
2530 2632
2531 2632
2532 2632
2533 2632
2534 2633
2535 2633
2536 2634
2537 2635
2538 2636
2539 2637
2540 2637
2541 2638
2542 2639
2543 2639
2544 2639
2545 2639
2546 2640
2547 2640
2548 2640
2549 2641
2550 2641
2551 2641
2552 2641
2553 2641
2554 2641
2555 2642
2556 2642
2557 2642
2558 2642
2559 2642
2560 2642
2561 2642
2562 2642
2563 2643
2564 2643
2565 2643
2566 2643
2567 2643
2568 2643
2569 2643
2570 2644
2571 2644
2572 2645
2573 2645
2574 2646
2575 2646
2576 2647
2577 2648
2578 2648
2579 2649
2580 2649
2581 2650
2582 2650
2583 2650
2584 2650
2585 2651
2586 2651
2587 2651
2588 2651
2589 2652
2590 2652
2591 2652
2592 2652
2593 2652
2594 2653
2595 2653
2596 2654
2597 2654
2598 2655
2599 2655
2600 2656
2601 2656
2602 2657
2603 2657
2604 2658
2605 2658
2606 2658
2607 2659
2608 2659
2609 2659
2610 2660
2611 2660
2612 2661
2613 2661
2614 2662
2615 2663
2616 2664
2617 2665
2618 2666
2619 2666
2620 2667
2621 2668
2622 2669
2623 2670
2624 2671
2625 2671
2626 2672
2627 2673
2628 2673
2629 2674
2630 2674
2631 2675
2632 2675
2633 2675
2634 2676
2635 2676
2636 2677
2637 2677
2638 2678
2639 2678
2640 2679
2641 2679
2642 2680
2643 2681
2644 2681
2645 2682
2646 2682
2647 2683
2648 2683
2649 2684
2650 2684
2651 2685
2652 2685
2653 2685
2654 2685
2655 2685
2656 2686
2657 2686
2658 2686
2659 2686
2660 2687
2661 2687
2662 2687
2663 2687
2664 2687
2665 2687
2666 2688
2667 2688
2668 2688
2669 2689
2670 2689
2671 2690
2672 2690
2673 2691
2674 2691
2675 2692
2676 2692
2677 2692
2678 2693
2679 2693
2680 2694
2681 2694
2682 2694
2683 2694
2684 2695
2685 2695
2686 2695
2687 2695
2688 2696
2689 2696
2690 2696
2691 2696
2692 2696
2693 2696
2694 2696
2695 2696
2696 2696
2697 2696
2698 2697
2699 2697
2700 2697
2701 2697
2702 2697
2703 2697
2704 2697
2705 2698
2706 2698
2707 2699
2708 2699
2709 2700
2710 2700
2711 2701
2712 2702
2713 2702
2714 2703
2715 2703
2716 2704
2717 2705
2718 2705
2719 2706
2719 2707
2719 2708
2719 2709
2719 2710
2719 2711
2719 2712
2719 2713
2719 2714
2719 2715
2719 2716
2719 2717
2719 2718
2719 2719
2719 2720
2719 2721
2719 2722
2719 2723
2719 2724
2719 2725
2719 2726
2719 2727
2719 2728
2719 2729
2718 2730
2718 2731
2718 2732
2718 2733
2718 2734
2718 2735
2718 2736
2718 2737
2718 2738
2718 2739
2718 2740
2718 2741
2718 2742
2718 2743
2718 2744
2719 2744
2720 2744
2721 2745
2722 2745
2723 2744
2724 2743
2725 2743
2726 2742
2727 2741
2728 2740
2729 2739
2730 2738
2731 2738
2732 2737
2733 2736
2734 2736
2735 2735
2736 2735
2737 2734
2738 2733
2739 2732
2739 2731
2740 2730
2740 2729
2741 2728
2742 2727
2743 2727
2744 2726
2745 2726
2746 2725
2747 2724
2747 2723
2747 2722
2748 2721
2748 2720
2749 2719
2750 2718
2751 2717
2752 2717
2753 2717
2754 2717
2755 2717
2756 2717
2757 2717
2758 2717
2759 2717
2760 2717
2761 2717
2762 2717
2763 2717
2764 2717
2765 2717
2766 2717
2767 2717
2768 2717
2769 2717
2770 2717
2771 2717
2772 2718
2773 2718
2774 2719
2775 2719
2776 2720
2777 2720
2778 2721
2779 2721
2780 2722
2781 2723
2782 2723
2783 2724
2784 2725
2785 2726
2786 2727
2787 2727
2788 2728
2789 2728
2790 2728
2791 2729
2792 2729
2793 2729
2794 2730
2795 2730
2796 2730
2797 2731
2798 2731
2799 2731
2800 2731
2801 2731
2802 2732
2803 2732
2804 2733
2805 2734
2806 2735
2807 2735
2808 2736
2809 2737
2810 2737
2811 2738
2812 2739
2813 2740
2814 2741
2815 2742
2816 2743
2817 2744
2817 2745
2818 2746
2819 2747
2820 2748
2821 2749
2822 2749
2823 2750
2824 2751
2825 2752
2826 2753
2827 2753
2828 2754
2829 2754
2830 2755
2831 2756
2832 2756
2833 2757
2834 2758
2835 2759
2836 2760
2837 2760
2838 2761
2839 2762
2840 2763
2841 2764
2842 2765
2843 2766
2844 2767
2845 2768
2846 2769
2847 2770
2848 2771
2849 2771
2850 2772
2851 2772
2852 2773
2853 2774
2854 2774
2855 2775
2856 2776
2857 2776
2858 2777
2859 2778
2860 2778
2861 2779
2862 2780
2863 2781
2864 2781
2865 2782
2866 2783
2867 2784
2868 2785
2869 2786
2870 2787
2871 2788
2872 2789
2873 2790
2874 2791
2875 2792
2876 2793
2877 2794
2878 2794
2879 2795
2880 2795
2881 2796
2882 2796
2883 2796
2884 2797
2885 2797
2886 2797
2887 2798
2888 2798
2889 2799
2890 2799
2891 2800
2892 2801
2893 2802
2894 2802
2895 2803
2896 2803
2897 2804
2898 2804
2899 2805
2900 2806
2901 2806
2902 2807
2903 2807
2904 2807
2905 2808
2906 2809
2907 2809
2908 2810
2909 2811
2909 2812
2910 2812
2911 2813
2912 2814
2913 2814
2914 2814
2915 2815
2916 2815
2917 2816
2918 2817
2918 2818
2919 2819
2920 2820
2921 2820
2922 2821
2923 2821
2924 2822
2925 2822
2926 2823
2927 2823
2928 2824
2929 2824
2930 2824
2931 2825
2932 2826
2933 2827
2934 2828
2935 2829
2936 2829
2937 2830
2938 2830
2939 2831
2940 2831
2941 2832
2942 2832
2943 2832
2944 2833
2945 2833
2946 2834
2947 2834
2948 2835
2948 2836
2949 2837
2950 2838
2951 2839
2951 2840
2952 2841
2953 2842
2953 2843
2954 2843
2955 2843
2956 2843
2957 2843
2958 2844
2959 2844
2960 2844
2961 2845
2962 2845
2963 2845
2964 2846
2965 2846
2966 2847
2967 2847
2968 2848
2969 2848
2970 2849
2971 2850
2972 2850
2973 2851
2974 2852
2975 2853
2976 2854
2977 2854
2978 2855
2979 2856
2980 2856
2981 2857
2982 2857
2983 2858
2984 2858
2985 2858
2986 2859
2987 2859
2988 2859
2989 2859
2990 2860
2991 2860
2992 2860
2993 2860
2994 2860
2995 2860
2996 2861
2997 2862
2998 2862
2999 2863
3000 2864
3001 2865
3002 2865
3003 2866
3004 2866
3005 2867
3006 2867
3007 2868
3008 2868
3009 2869
3010 2870
3011 2871
3012 2872
3013 2872
3014 2873
3015 2873
3016 2874
3017 2874
3018 2874
3019 2875
3020 2875
3021 2875
3022 2876
3023 2876
3024 2876
3025 2877
3026 2877
3027 2877
3028 2877
3029 2877
3030 2877
3031 2878
3032 2878
3033 2879
3034 2880
3035 2881
3036 2881
3037 2882
3038 2883
3039 2884
3040 2885
3040 2886
3041 2887
3042 2888
3043 2888
3044 2889
3045 2889
3046 2890
3047 2890
3048 2891
3049 2891
3050 2891
3051 2892
3052 2892
3053 2893
3054 2894
3055 2894
3056 2895
3057 2896
3058 2896
3059 2897
3060 2898
3061 2898
3062 2899
3063 2899
3064 2900
3065 2900
3066 2901
3067 2901
3068 2901
3069 2902
3070 2902
3071 2902
3072 2902
3073 2903
3074 2903
3075 2903
3076 2903
3077 2903
3078 2903
3079 2903
3080 2904
3081 2904
3082 2904
3083 2904
3084 2904
3085 2905
3086 2906
3087 2906
3088 2907
3089 2907
3090 2908
3091 2908
3092 2909
3093 2909
3094 2910
3095 2910
3096 2910
3097 2911
3098 2911
3099 2911
3100 2911
3101 2912
3102 2912
3103 2912
3104 2912
3105 2912
3106 2913
3107 2913
3108 2913
3109 2914
3110 2914
3111 2914
3112 2915
3113 2915
3114 2916
3115 2917
3116 2917
3117 2918
3118 2918
3119 2919
3120 2919
3121 2920
3122 2921
3123 2922
3124 2922
3125 2923
3126 2924
3127 2925
3128 2925
3129 2926
3130 2926
3131 2927
3132 2927
3133 2928
3134 2928
3135 2928
3136 2928
3137 2929
3138 2929
3139 2929
3140 2929
3141 2929
3142 2930
3143 2930
3144 2930
3145 2930
3146 2930
3147 2930
3148 2930
3149 2931
3150 2931
3151 2931
3152 2931
3153 2931
3154 2931
3155 2932
3156 2932
3157 2932
3158 2933
3159 2933
3160 2934
3161 2934
3162 2935
3163 2935
3164 2936
3165 2936
3166 2936
3167 2937
3168 2937
3169 2937
3170 2937
3171 2938
3172 2938
3173 2938
3174 2938
3175 2938
3176 2938
3177 2939
3178 2939
3179 2939
3180 2939
3181 2939
3182 2939
3183 2939
3184 2940
3185 2940
3186 2940
3187 2941
3188 2941
3189 2942
3190 2942
3191 2942
3192 2943
3193 2943
3194 2944
3195 2944
3196 2945
3197 2945
3198 2946
3199 2946
3200 2946
3201 2947
3202 2947
3203 2947
3204 2947
3205 2948
3206 2948
3207 2948
3208 2948
3209 2948
3210 2948
3211 2949
3212 2949
3213 2949
3214 2949
3215 2949
3216 2949
3217 2949
3218 2950
3219 2950
3220 2950
3221 2950
3222 2950
3223 2950
3224 2950
3225 2950
3226 2951
3227 2951
3228 2951
3229 2952
3230 2952
3231 2953
3232 2953
3233 2954
3234 2954
3235 2955
3236 2955
3237 2956
3238 2956
3239 2956
3240 2957
3241 2957
3242 2957
3243 2957
3244 2958
3245 2958
3246 2958
3247 2959
3248 2960
3249 2960
3250 2961
3251 2962
3252 2962
3253 2963
3254 2964
3255 2964
3256 2965
3257 2965
3258 2966
3259 2966
3260 2966
3261 2966
3262 2967
3263 2967
3264 2967
3265 2967
3266 2967
3267 2968
3268 2968
3269 2968
3270 2968
3271 2968
3272 2968
3273 2969
3274 2969
3275 2969
3276 2970
3277 2970
3278 2970
3279 2971
3280 2971
3281 2972
3282 2972
3283 2973
3284 2973
3285 2974
3286 2974
3287 2974
3288 2975
3289 2975
3290 2975
3291 2975
3292 2976
3293 2976
3294 2976
3295 2976
3296 2976
3297 2976
3298 2977
3299 2977
3300 2977
3301 2977
3302 2977
3303 2977
3304 2977
3305 2977
3306 2977
3307 2977
3308 2978
3309 2978
3310 2978
3311 2978
3312 2978
3313 2978
3314 2978
3315 2978
3316 2978
3317 2978
3318 2978
3319 2978
3320 2978
3321 2978
3322 2978
3323 2979
3324 2979
3325 2979
3326 2979
3327 2979
3328 2979
3329 2979
3330 2979
3331 2979
3332 2979
3333 2979
3334 2979
3335 2979
3336 2979
3337 2979
3338 2979
3339 2979
3340 2979
3341 2980
3342 2980
3343 2980
3344 2980
3345 2980
3346 2980
3347 2980
3348 2980
3349 2980
3350 2980
3351 2980
3352 2980
3353 2980
3354 2980
3355 2980
3356 2980
3357 2980
3358 2980
3359 2980
3360 2980
3361 2980
3362 2980
3363 2980
3364 2981
3365 2981
3366 2981
3367 2981
3368 2981
3369 2981
3370 2981
3371 2981
3372 2981
3373 2981
3374 2981
3375 2981
3376 2981
3377 2981
3378 2981
3379 2981
3380 2981
3381 2981
3382 2981
3383 2981
3384 2981
3385 2981
3386 2981
3387 2981
3388 2982
3389 2982
3390 2982
3391 2982
3392 2982
3393 2982
3394 2982
3395 2982
3396 2982
3397 2982
3398 2982
3399 2982
3400 2982
3401 2982
3402 2982
3403 2982
3404 2982
3405 2982
3406 2982
3407 2982
3408 2982
3409 2982
3410 2982
3411 2982
3412 2982
3413 2982
3414 2982
3415 2981
3416 2981
3417 2980
3418 2980
3419 2980
3420 2979
3421 2979
3422 2978
3423 2978
3424 2977
3425 2977
3426 2976
3427 2976
3428 2975
3429 2974
3430 2973
3431 2972
3432 2972
3433 2971
3434 2971
3435 2970
3436 2970
3437 2970
3438 2970
3439 2970
3440 2969
3441 2969
3442 2969
3443 2968
3444 2968
3445 2968
3446 2967
3447 2967
3448 2966
3449 2966
3450 2965
3451 2965
3452 2965
3453 2965
3454 2964
3455 2964
3456 2964
3457 2964
3458 2964
3459 2963
3460 2962
3461 2961
3462 2960
3463 2960
3464 2959
3465 2958
3466 2958
3467 2957
3468 2957
3469 2957
3470 2956
3471 2956
3472 2955
3473 2954
3474 2953
3475 2952
3476 2951
3477 2950
3478 2950
3479 2949
3480 2948
3481 2947
3482 2946
3483 2945
3484 2944
3485 2944
3486 2943
3487 2942
3488 2942
3489 2941
3490 2941
3491 2940
3492 2940
3493 2939
3494 2939
3495 2938
3496 2937
3497 2936
3498 2936
3499 2935
3500 2934
3501 2934
3502 2934
3503 2933
3504 2933
3505 2932
3506 2931
3507 2930
3508 2929
3509 2928
3510 2928
3511 2927
3512 2927
3513 2926
3514 2925
3515 2924
3516 2924
3517 2923
3518 2922
3519 2921
3520 2921
3521 2920
3522 2919
3523 2918
3523 2917
3524 2916
3524 2915
3525 2914
3526 2913
3527 2912
3528 2911
3529 2911
3530 2910
3531 2910
3532 2909
3533 2908
3534 2908
3535 2907
3536 2906
3537 2905
3538 2904
3538 2903
3539 2902
3540 2901
3541 2900
3542 2899
3543 2898
3544 2898
3545 2897
3546 2896
3547 2896
3547 2895
3548 2894
3549 2893
3550 2892
3551 2891
3552 2890
3553 2890
3553 2889
3554 2888
3555 2887
3555 2886
3556 2885
3556 2884
3557 2883
3557 2882
3558 2881
3558 2880
3559 2879
3560 2878
3561 2877
3562 2876
3562 2875
3563 2874
3564 2873
3565 2872
3565 2871
3566 2870
3567 2869
3568 2868
3569 2867
3570 2866
3570 2865
3571 2864
3572 2863
3572 2862
3573 2861
3573 2860
3573 2859
3574 2858
3574 2857
3574 2856
3575 2855
3575 2854
3576 2853
3577 2852
3578 2851
3579 2850
3579 2849
3580 2848
3581 2847
3581 2846
3582 2845
3583 2844
3583 2843
3583 2842
3584 2841
3584 2840
3584 2839
3585 2838
3586 2837
3586 2836
3587 2835
3588 2834
3588 2833
3589 2832
3589 2831
3590 2830
3591 2829
3591 2828
3591 2827
3592 2826
3592 2825
3592 2824
3593 2823
3593 2822
3593 2821
3594 2820
3595 2819
3596 2818
3597 2817
3598 2816
3598 2815
3599 2814
3600 2813
3600 2812
3600 2811
3601 2810
3601 2809
3602 2808
3603 2807
3603 2806
3604 2805
3605 2804
3605 2803
3606 2802
3607 2801
3607 2800
3608 2799
3608 2798
3609 2797
3609 2796
3609 2795
3610 2794
3610 2793
3610 2792
3610 2791
3610 2790
3611 2789
3611 2788
3611 2787
3611 2786
3611 2785
3611 2784
3611 2783
3612 2782
3612 2781
3612 2780
3612 2779
3612 2778
3613 2777
3613 2776
3614 2775
3615 2774
3616 2773
3616 2772
3617 2771
3617 2770
3617 2769
3618 2768
3618 2767
3618 2766
3619 2765
3619 2764
3619 2763
3619 2762
3619 2761
3619 2760
3620 2759
3620 2758
3621 2757
3621 2756
3622 2755
3622 2754
3623 2753
3623 2752
3624 2751
3624 2750
3625 2749
3625 2748
3625 2747
3626 2746
3626 2745
3626 2744
3627 2743
3627 2742
3627 2741
3627 2740
3628 2739
3628 2738
3628 2737
3628 2736
3628 2735
3628 2734
3629 2733
3629 2732
3629 2731
3629 2730
3629 2729
3629 2728
3629 2727
3630 2726
3630 2725
3630 2724
3630 2723
3630 2722
3630 2721
3630 2720
3630 2719
3630 2718
3630 2717
3630 2716
3630 2715
3631 2714
3631 2713
3631 2712
3631 2711
3631 2710
3631 2709
3631 2708
3632 2707
3632 2706
3632 2705
3632 2704
3633 2703
3633 2702
3633 2701
3633 2700
3634 2699
3634 2698
3635 2697
3635 2696
3635 2695
3636 2694
3636 2693
3636 2692
3637 2691
3637 2690
3637 2689
3638 2688
3638 2687
3638 2686
3638 2685
3639 2684
3639 2683
3639 2682
3639 2681
3639 2680
3640 2679
3640 2678
3640 2677
3640 2676
3640 2675
3640 2674
3640 2673
3640 2672
3640 2671
3641 2670
3641 2669
3641 2668
3641 2667
3642 2666
3642 2665
3643 2664
3643 2663
3644 2662
3644 2661
3645 2660
3645 2659
3646 2658
3646 2657
3646 2656
3647 2655
3647 2654
3647 2653
3648 2652
3648 2651
3648 2650
3648 2649
3648 2648
3649 2647
3649 2646
3649 2645
3649 2644
3649 2643
3649 2642
3649 2641
3650 2640
3650 2639
3650 2638
3650 2637
3650 2636
3650 2635
3650 2634
3650 2633
3650 2632
3650 2631
3650 2630
3651 2629
3651 2628
3651 2627
3651 2626
3651 2625
3651 2624
3651 2623
3651 2622
3651 2621
3651 2620
3651 2619
3652 2618
3652 2617
3653 2616
3653 2615
3654 2614
3654 2613
3655 2612
3655 2611
3656 2610
3656 2609
3656 2608
3657 2607
3657 2606
3657 2605
3657 2604
3658 2603
3658 2602
3658 2601
3658 2600
3658 2599
3658 2598
3659 2597
3659 2596
3659 2595
3659 2594
3659 2593
3659 2592
3659 2591
3660 2590
3660 2589
3660 2588
3660 2587
3660 2586
3660 2585
3660 2584
3660 2583
3660 2582
3661 2581
3661 2580
3661 2579
3661 2578
3661 2577
3661 2576
3661 2575
3661 2574
3661 2573
3661 2572
3661 2571
3661 2570
3661 2569
3661 2568
3661 2567
3661 2566
3661 2565
3661 2564
3661 2563
3661 2562
3662 2561
3662 2560
3662 2559
3662 2558
3662 2557
3662 2556
3662 2555
3662 2554
3662 2553
3662 2552
3662 2551
3662 2550
3662 2549
3662 2548
3662 2547
3662 2546
3662 2545
3662 2544
3662 2543
3662 2542
3662 2541
3662 2540
3662 2539
3662 2538
3663 2537
3663 2536
3663 2535
3663 2534
3663 2533
3663 2532
3663 2531
3663 2530
3663 2529
3663 2528
3663 2527
3663 2526
3663 2525
3663 2524
3663 2523
3663 2522
3663 2521
3663 2520
3663 2519
3663 2518
3663 2517
3663 2516
3663 2515
3663 2514
3664 2513
3664 2512
3664 2511
3664 2510
3664 2509
3664 2508
3664 2507
3664 2506
3664 2505
3664 2504
3664 2503
3664 2502
3664 2501
3664 2500
3664 2499
3664 2498
3664 2497
3664 2496
3664 2495
3664 2494
3664 2493
3664 2492
3664 2491
3664 2490
3665 2489
3665 2488
3665 2487
3665 2486
3665 2485
3665 2484
3665 2483
3665 2482
3665 2481
3665 2480
3665 2479
3665 2478
3665 2477
3665 2476
3665 2475
3665 2474
3665 2473
3665 2472
3665 2471
3665 2470
3665 2469
3665 2468
3665 2467
3665 2466
3666 2465
3666 2464
3666 2463
3666 2462
3666 2461
3666 2460
3666 2459
3666 2458
3666 2457
3666 2456
3666 2455
3666 2454
3666 2453
3666 2452
3666 2451
3666 2450
3666 2449
3666 2448
3666 2447
3666 2446
3666 2445
3666 2444
3666 2443
3666 2442
3666 2441
3667 2440
3667 2439
3667 2438
3667 2437
3667 2436
3667 2435
3667 2434
3667 2433
3667 2432
3667 2431
3667 2430
3667 2429
3667 2428
3667 2427
3667 2426
3667 2425
3667 2424
3667 2423
3667 2422
3667 2421
3667 2420
3667 2419
3667 2418
3667 2417
3668 2416
3668 2415
3668 2414
3668 2413
3668 2412
3668 2411
3668 2410
3668 2409
3667 2408
3667 2407
3666 2406
3666 2405
3666 2404
3665 2403
3665 2402
3664 2401
3664 2400
3664 2399
3663 2398
3663 2397
3663 2396
3663 2395
3663 2394
3663 2393
3662 2392
3662 2391
3662 2390
3662 2389
3662 2388
3662 2387
3662 2386
3662 2385
3662 2384
3662 2383
3662 2382
3662 2381
3662 2380
3661 2379
3661 2378
3660 2377
3660 2376
3659 2375
3659 2374
3658 2373
3658 2372
3658 2371
3657 2370
3657 2369
3657 2368
3657 2367
3656 2366
3656 2365
3656 2364
3656 2363
3656 2362
3656 2361
3656 2360
3655 2359
3655 2358
3655 2357
3655 2356
3655 2355
3655 2354
3655 2353
3655 2352
3655 2351
3655 2350
3655 2349
3655 2348
3655 2347
3655 2346
3655 2345
3655 2344
3654 2343
3654 2342
3654 2341
3654 2340
3653 2339
3653 2338
3653 2337
3652 2336
3652 2335
3652 2334
3651 2333
3651 2332
3651 2331
3651 2330
3651 2329
3650 2328
3650 2327
3650 2326
3650 2325
3650 2324
3650 2323
3650 2322
3649 2321
3649 2320
3649 2319
3649 2318
3649 2317
3649 2316
3649 2315
3649 2314
3649 2313
3649 2312
3649 2311
3649 2310
3649 2309
3649 2308
3649 2307
3649 2306
3649 2305
3648 2304
3648 2303
3648 2302
3647 2301
3647 2300
3647 2299
3646 2298
3646 2297
3645 2296
3645 2295
3645 2294
3645 2293
3644 2292
3644 2291
3644 2290
3644 2289
3643 2288
3643 2287
3643 2286
3643 2285
3643 2284
3643 2283
3642 2282
3642 2281
3642 2280
3642 2279
3642 2278
3642 2277
3642 2276
3641 2275
3641 2274
3641 2273
3640 2272
3640 2271
3640 2270
3639 2269
3639 2268
3639 2267
3638 2266
3638 2265
3638 2264
3637 2263
3637 2262
3637 2261
3637 2260
3636 2259
3636 2258
3636 2257
3636 2256
3636 2255
3636 2254
3636 2253
3635 2252
3635 2251
3635 2250
3635 2249
3635 2248
3635 2247
3635 2246
3635 2245
3635 2244
3635 2243
3635 2242
3635 2241
3635 2240
3635 2239
3635 2238
3635 2237
3635 2236
3635 2235
3635 2234
3635 2233
3635 2232
3635 2231
3635 2230
3635 2229
3635 2228
3635 2227
3634 2226
3634 2225
3633 2224
3633 2223
3632 2222
3631 2221
3631 2220
3631 2219
3631 2218
3630 2217
3630 2216
3630 2215
3630 2214
3630 2213
3630 2212
3630 2211
3630 2210
3629 2209
3629 2208
3629 2207
3629 2206
3629 2205
3629 2204
3629 2203
3628 2202
3627 2201
3627 2200
3626 2199
3626 2198
3625 2197
3625 2196
3625 2195
3624 2194
3624 2193
3624 2192
3623 2191
3623 2190
3622 2189
3622 2188
3621 2187
3620 2186
3620 2185
3619 2184
3619 2183
3618 2182
3618 2181
3617 2180
3617 2179
3617 2178
3616 2177
3616 2176
3616 2175
3616 2174
3616 2173
3616 2172
3616 2171
3616 2170
3615 2169
3615 2168
3615 2167
3615 2166
3615 2165
3615 2164
3615 2163
3615 2162
3615 2161
3615 2160
3615 2159
3615 2158
3615 2157
3615 2156
3615 2155
3614 2154
3614 2153
3613 2152
3612 2151
3612 2150
3612 2149
3611 2148
3611 2147
3611 2146
3610 2145
3610 2144
3610 2143
3610 2142
3610 2141
3610 2140
3609 2139
3609 2138
3609 2137
3609 2136
3609 2135
3609 2134
3609 2133
3609 2132
3608 2131
3608 2130
3608 2129
3607 2128
3607 2127
3607 2126
3606 2125
3606 2124
3606 2123
3605 2122
3605 2121
3604 2120
3604 2119
3604 2118
3603 2117
3603 2116
3603 2115
3603 2114
3602 2113
3602 2112
3602 2111
3602 2110
3602 2109
3602 2108
3602 2107
3602 2106
3602 2105
3601 2104
3601 2103
3601 2102
3601 2101
3601 2100
3601 2099
3601 2098
3601 2097
3601 2096
3601 2095
3601 2094
3601 2093
3601 2092
3600 2091
3600 2090
3599 2089
3599 2088
3598 2087
3598 2086
3597 2085
3596 2084
3596 2083
3595 2082
3594 2081
3593 2080
3593 2079
3592 2078
3591 2077
3591 2076
3590 2075
3590 2074
3590 2073
3589 2072
3589 2071
3589 2070
3588 2069
3588 2068
3587 2067
3586 2066
3586 2065
3585 2064
3584 2063
3584 2062
3583 2061
3583 2060
3583 2059
3582 2058
3582 2057
3582 2056
3581 2055
3580 2054
3580 2053
3579 2052
3578 2051
3578 2050
3577 2049
3576 2048
3576 2047
3575 2046
3575 2045
3574 2044
3574 2043
3573 2042
3572 2041
3572 2040
3571 2039
3571 2038
3570 2037
3570 2036
3569 2035
3568 2034
3568 2033
3567 2032
3566 2031
3566 2030
3565 2029
3564 2028
3563 2027
3563 2026
3562 2025
3562 2024
3561 2023
3561 2022
3560 2021
3560 2020
3560 2019
3559 2018
3559 2017
3558 2016
3557 2015
3557 2014
3556 2013
3555 2012
3554 2011
3553 2010
3553 2009
3552 2008
3551 2007
3551 2006
3550 2005
3549 2004
3549 2003
3548 2002
3547 2001
3547 2000
3546 1999
3546 1998
3546 1997
3545 1996
3545 1995
3545 1994
3544 1993
3544 1992
3543 1991
3543 1990
3542 1989
3541 1988
3540 1987
3539 1986
3538 1985
3537 1984
3536 1983
3535 1982
3535 1981
3534 1980
3533 1979
3532 1978
3531 1977
3531 1976
3530 1975
3530 1974
3529 1973
3529 1972
3529 1971
3529 1970
3528 1969
3528 1968
3528 1967
3528 1966
3527 1965
3527 1964
3526 1963
3525 1962
3525 1961
3524 1960
3524 1959
3523 1958
3523 1957
3522 1956
3522 1955
3522 1954
3521 1953
3520 1952
3520 1951
3519 1950
3518 1949
3518 1948
3517 1947
3516 1946
3516 1945
3515 1944
3515 1943
3514 1942
3514 1941
3513 1940
3512 1939
3511 1938
3510 1937
3509 1936
3508 1935
3507 1934
3506 1933
3505 1932
3504 1931
3503 1930
3502 1929
3501 1928
3500 1927
3500 1926
3499 1925
3499 1924
3499 1923
3498 1922
3497 1921
3496 1920
3495 1919
3494 1918
3493 1917
3493 1916
3492 1915
3492 1914
3492 1913
3491 1912
3490 1911
3490 1910
3489 1909
3488 1908
3487 1907
3487 1906
3486 1905
3485 1904
3484 1903
3483 1902
3482 1901
3481 1900
3480 1899
3479 1899
3478 1898
3477 1897
3477 1896
3476 1895
3475 1894
3474 1893
3474 1892
3473 1891
3472 1890
3471 1889
3470 1888
3469 1888
3468 1887
3467 1887
3466 1886
3465 1885
3464 1885
3463 1885
3462 1884
3461 1884
3460 1883
3459 1882
3458 1882
3457 1881
3456 1880
3455 1879
3454 1878
3453 1878
3452 1877
3451 1877
3450 1876
3449 1876
3448 1876
3447 1875
3446 1875
3445 1875
3444 1875
3443 1875
3442 1875
3441 1874
3440 1874
3439 1874
3438 1874
3437 1874
3436 1874
3435 1874
3434 1873
3433 1873
3432 1873
3431 1873
3430 1873
3429 1873
3428 1873
3427 1873
3426 1872
3425 1872
3424 1872
3423 1872
3422 1872
3421 1872
3420 1872
3419 1872
3418 1871
3417 1871
3416 1870
3415 1870
3414 1869
3413 1869
3412 1869
3411 1868
3410 1868
3409 1867
3408 1867
3407 1867
3406 1866
3405 1866
3404 1866
3403 1866
3402 1865
3401 1865
3400 1865
3399 1865
3398 1865
3397 1865
3396 1864
3395 1864
3394 1864
3393 1864
3392 1864
3391 1864
3390 1864
3389 1863
3388 1863
3387 1863
3386 1863
3385 1863
3384 1863
3383 1863
3382 1862
3381 1862
3380 1862
3379 1862
3378 1862
3377 1862
3376 1862
3375 1862
3374 1862
3373 1862
3372 1862
3371 1862
3372 1863
3373 1864
3374 1865
3375 1866
3375 1867
3374 1868
3373 1868
3372 1867
3371 1866
3370 1865
3369 1865
3368 1864
3367 1863
3366 1862
3365 1862
3364 1861
3363 1860
3362 1859
3361 1858
3360 1857
3359 1857
3358 1856
3357 1855
3356 1854
3355 1853
3354 1853
3353 1853
3352 1853
3351 1853
3350 1853
3349 1853
3348 1853
3347 1853
3346 1853
3345 1853
3344 1853
3343 1852
3342 1852
3341 1852
3340 1852
3339 1852
3338 1852
3337 1852
3336 1852
3335 1852
3334 1852
3333 1852
3332 1852
3331 1852
3330 1852
3329 1852
3328 1852
3327 1852
3326 1852
3325 1852
3324 1852
3323 1852
3322 1852
3321 1852
3320 1851
3319 1851
3318 1851
3317 1851
3316 1851
3315 1851
3314 1851
3313 1851
3312 1851
3311 1851
3310 1851
3309 1851
3308 1851
3307 1851
3306 1851
3305 1851
3304 1851
3303 1851
3302 1851
3301 1851
3300 1851
3299 1851
3298 1851
3297 1851
3296 1850
3295 1850
3294 1850
3293 1850
3292 1850
3291 1850
3290 1850
3289 1850
3288 1850
3287 1850
3286 1850
3285 1850
3284 1850
3283 1850
3282 1850
3281 1850
3280 1850
3279 1850
3278 1850
3277 1850
3276 1850
3275 1850
3274 1850
3273 1850
3272 1850
3271 1849
3270 1849
3269 1849
3268 1849
3267 1849
3266 1849
3265 1849
3264 1849
3263 1849
3262 1849
3261 1849
3260 1849
3259 1849
3258 1849
3257 1849
3256 1849
3255 1849
3254 1849
3253 1849
