3757 1843
3756 1844
3755 1844
3754 1844
3753 1844
3752 1845
3751 1845
3750 1845
3749 1846
3748 1846
3747 1846
3746 1846
3745 1847
3744 1847
3743 1847
3742 1847
3741 1847
3740 1847
3739 1847
3738 1847
3737 1848
3736 1848
3735 1848
3734 1848
3733 1848
3732 1848
3731 1848
3730 1848
3729 1848
3728 1848
3727 1848
3726 1848
3725 1848
3724 1849
3723 1849
3722 1849
3721 1849
3720 1849
3719 1849
3718 1849
3717 1849
3716 1849
3715 1849
3714 1849
3713 1849
3712 1849
3711 1849
3710 1849
3709 1849
3708 1849
3707 1849
3706 1849
3705 1849
3704 1849
3703 1850
3702 1850
3701 1850
3700 1851
3699 1851
3698 1851
3697 1852
3696 1852
3695 1853
3694 1853
3693 1853
3692 1854
3691 1854
3690 1854
3689 1854
3688 1854
3687 1855
3686 1855
3685 1855
3684 1855
3683 1855
3682 1855
3681 1855
3680 1855
3679 1855
3678 1855
3677 1855
3676 1855
3675 1855
3674 1855
3673 1855
3672 1855
3671 1856
3670 1856
3669 1856
3668 1856
3667 1856
3666 1856
3665 1856
3664 1856
3663 1856
3662 1856
3661 1856
3660 1856
3659 1856
3658 1856
3657 1856
3656 1856
3655 1856
3654 1856
3653 1856
3652 1856
3651 1856
3650 1856
3649 1856
3648 1855
3647 1855
3646 1855
3645 1856
3644 1855
3643 1855
3642 1855
3641 1855
3640 1855
3639 1855
3638 1855
3637 1855
3636 1855
3635 1855
3634 1855
3633 1855
3632 1855
3631 1855
3630 1855
3629 1855
3628 1855
3627 1855
3626 1855
3625 1855
3624 1855
3623 1855
3622 1855
3621 1855
3620 1855
3619 1855
3618 1855
3617 1855
3616 1855
3615 1855
3614 1855
3613 1855
3612 1855
3611 1855
3610 1855
3609 1855
3608 1855
3607 1855
3606 1855
3605 1856
3604 1856
3603 1856
3602 1857
3601 1857
3600 1857
3599 1858
3598 1858
3597 1858
3596 1859
3595 1859
3594 1859
3593 1859
3592 1860
3591 1860
3590 1860
3589 1860
3588 1860
3587 1860
3586 1860
3585 1860
3584 1860
3583 1860
3582 1860
3581 1860
3580 1861
3579 1861
3578 1861
3577 1861
3576 1861
3575 1861
3574 1861
3573 1861
3572 1861
3571 1861
3570 1861
3569 1861
3568 1861
3567 1861
3566 1861
3565 1861
3564 1861
3563 1861
3562 1861
3561 1861
3560 1861
3559 1861
3558 1861
3557 1861
3556 1861
3555 1861
3554 1861
3553 1861
3552 1861
3551 1861
3550 1861
3549 1861
3548 1861
3547 1861
3546 1861
3545 1861
3544 1861
3543 1861
3542 1861
3541 1861
3540 1861
3539 1862
3538 1862
3537 1862
3536 1863
3535 1863
3534 1863
3533 1864
3532 1864
3531 1864
3530 1865
3529 1865
3528 1865
3527 1866
3526 1866
3525 1866
3524 1866
3523 1866
3522 1866
3521 1866
3520 1867
3519 1867
3518 1867
3517 1867
3516 1867
3515 1867
3514 1867
3513 1867
3512 1867
3511 1867
3510 1867
3509 1867
3508 1867
3507 1867
3506 1867
3505 1867
3504 1867
3503 1867
3502 1867
3501 1868
3500 1868
3499 1868
3498 1868
3497 1868
3496 1869
3495 1869
3494 1870
3493 1871
3492 1871
3491 1871
3490 1872
3489 1872
3488 1872
3487 1873
3486 1873
3485 1873
3484 1873
3483 1873
3482 1873
3481 1874
3480 1874
3479 1874
3478 1874
3477 1874
3476 1874
3475 1874
3474 1874
3473 1874
3472 1874
3471 1874
3470 1874
3469 1875
3468 1875
3467 1875
3466 1874
3465 1874
3464 1874
3463 1874
3462 1874
3461 1874
3460 1874
3459 1874
3458 1874
3457 1874
3456 1874
3455 1874
3454 1874
3453 1874
3452 1874
3451 1874
3450 1874
3449 1874
3448 1874
3447 1874
3446 1874
3445 1874
3444 1874
3443 1874
3442 1874
3441 1874
3440 1874
3439 1874
3438 1874
3437 1874
3436 1874
3435 1874
3434 1874
3433 1874
3432 1874
3431 1874
3430 1874
3429 1874
3428 1874
3427 1874
3426 1874
3425 1874
3424 1874
3423 1874
3422 1874
3421 1874
3420 1874
3419 1874
3418 1874
3417 1874
3416 1874
3415 1874
3414 1874
3413 1874
3412 1874
3411 1874
3410 1874
3409 1874
3408 1874
3407 1874
3406 1874
3405 1874
3404 1874
3403 1874
3402 1873
3401 1873
3400 1873
3399 1873
3398 1873
3397 1873
3396 1873
3395 1873
3394 1873
3393 1873
3392 1873
3391 1873
3390 1873
3389 1873
3388 1873
3387 1873
3386 1873
3385 1873
3384 1873
3383 1873
3382 1873
3381 1873
3380 1873
3379 1873
3378 1873
3377 1873
3376 1873
3375 1873
3374 1873
3373 1873
3372 1873
3371 1873
3370 1873
3369 1873
3368 1873
3367 1873
3366 1873
3365 1873
3364 1873
3363 1873
3362 1873
3361 1873
3360 1873
3359 1872
3358 1872
3357 1872
3356 1872
3355 1872
3354 1872
3353 1872
3352 1872
3351 1872
3350 1872
3349 1872
3348 1872
3347 1872
3346 1872
3345 1872
3344 1872
3343 1872
3342 1872
3341 1872
3340 1872
3339 1872
3338 1871
3337 1871
3336 1871
3335 1871
3334 1871
3333 1870
3332 1870
3331 1870
3330 1870
3329 1869
3328 1869
3327 1869
3326 1869
3325 1868
3324 1868
3323 1868
3322 1867
3321 1867
3320 1866
3319 1866
3318 1865
3317 1865
3316 1864
3315 1864
3314 1863
3313 1863
3312 1862
3311 1862
3310 1861
3309 1861
3308 1860
3307 1860
3306 1859
3305 1859
3304 1859
3303 1858
3302 1858
3301 1858
3300 1858
3299 1858
3298 1857
3297 1857
3296 1857
3295 1857
3294 1857
3293 1857
3292 1856
3291 1856
3290 1856
3289 1856
3288 1856
3287 1856
3286 1856
3285 1856
3284 1856
3283 1856
3282 1856
3281 1855
3280 1855
3279 1855
3278 1855
3277 1855
3276 1855
3275 1855
3274 1855
3273 1855
3272 1855
3271 1855
3270 1855
3269 1855
3268 1854
3267 1854
3266 1854
3265 1854
3264 1854
3263 1854
3262 1854
3261 1854
3260 1854
3259 1854
3258 1854
3257 1854
3256 1854
3255 1854
3254 1854
3253 1854
3252 1854
3251 1854
3250 1854
3249 1854
3248 1854
3247 1854
3246 1854
3245 1854
3244 1854
3243 1854
3242 1854
3241 1854
3240 1853
3239 1853
3238 1853
3237 1853
3236 1853
3235 1853
3234 1853
3233 1853
3232 1853
3231 1853
3230 1853
3229 1853
3228 1853
3227 1853
3226 1853
3225 1853
3224 1853
3223 1853
3222 1853
3221 1853
3220 1853
3219 1853
3218 1853
3217 1853
3216 1853
3215 1853
3214 1853
3213 1853
3212 1853
3211 1853
3210 1853
3209 1853
3208 1853
3207 1853
3206 1853
3205 1853
3204 1853
3203 1853
3202 1853
3201 1852
3200 1852
3199 1852
3198 1852
3197 1852
3196 1852
3195 1852
3194 1852
3193 1852
3192 1852
3191 1852
3190 1852
3189 1852
3188 1852
3187 1852
3186 1852
3185 1852
3184 1852
3183 1852
3182 1852
3181 1852
3180 1852
3179 1852
3178 1852
3177 1852
3176 1852
3175 1852
3174 1852
3173 1852
3172 1852
3171 1852
3170 1852
3169 1852
3168 1852
3167 1852
3166 1852
3165 1852
3164 1852
3163 1852
3162 1851
3161 1851
3160 1851
3159 1851
3158 1851
3157 1851
3156 1851
3155 1851
3154 1851
3153 1851
3152 1851
3151 1851
3150 1851
3149 1851
3148 1851
3147 1851
3146 1851
3145 1851
3144 1851
3143 1851
3142 1851
3141 1851
3140 1851
3139 1851
3138 1851
3137 1851
3136 1851
3135 1851
3134 1851
3133 1851
3132 1851
3131 1851
3130 1851
3129 1851
3128 1851
3127 1851
3126 1851
3125 1851
3124 1851
3123 1851
3122 1850
3121 1850
3120 1850
3119 1850
3118 1850
3117 1850
3116 1850
3115 1851
3114 1851
3113 1851
3112 1851
3111 1852
3110 1852
3109 1853
3108 1853
3107 1854
3106 1854
3105 1854
3104 1855
3103 1855
3102 1855
3101 1855
3100 1855
3099 1856
3098 1856
3097 1856
3096 1856
3095 1856
3094 1856
3093 1857
3092 1857
3091 1858
3090 1858
3089 1859
3088 1859
3087 1860
3086 1861
3085 1861
3084 1861
3083 1861
3082 1862
3081 1862
3080 1862
3079 1863
3078 1863
3077 1863
3076 1863
3075 1863
3074 1863
3073 1864
3072 1864
3071 1864
3070 1864
3069 1864
3068 1864
3067 1864
3066 1864
3065 1864
3064 1864
3063 1864
3062 1864
3061 1864
3060 1864
3059 1865
3058 1865
3057 1865
3056 1865
3055 1866
3054 1867
3053 1867
3052 1868
3051 1868
3050 1869
3049 1869
3048 1870
3047 1870
3046 1870
3045 1870
3044 1870
3043 1871
3042 1871
3041 1871
3040 1871
3039 1871
3038 1871
3037 1871
3036 1871
3035 1871
3034 1871
3033 1871
3032 1871
3031 1871
3030 1871
3029 1871
3028 1871
3027 1871
3026 1871
3025 1871
3024 1872
3023 1872
3022 1873
3021 1874
3020 1874
3019 1875
3018 1875
3017 1876
3016 1876
3015 1876
3014 1876
3013 1877
3012 1877
3011 1877
3010 1877
3009 1878
3008 1878
3007 1878
3006 1878
3005 1878
3004 1878
3003 1878
3002 1878
3001 1878
3000 1879
2999 1879
2998 1879
2997 1879
2996 1880
2995 1880
2994 1881
2993 1881
2992 1881
2991 1882
2990 1882
2989 1883
2988 1883
2987 1883
2986 1883
2985 1884
2984 1884
2983 1884
2982 1884
2981 1885
2980 1885
2979 1885
2978 1885
2977 1885
2976 1885
2975 1886
2974 1886
2973 1887
2972 1888
2971 1889
2970 1889
2969 1890
2968 1890
2967 1891
2966 1891
2965 1891
2964 1891
2963 1892
2962 1892
2961 1892
2960 1892
2959 1892
2958 1892
2957 1892
2956 1893
2955 1893
2954 1893
2953 1893
2952 1893
2951 1893
2950 1893
2949 1893
2948 1893
2947 1893
2946 1893
2945 1893
2944 1893
2943 1893
2942 1893
2941 1893
2940 1893
2939 1893
2938 1893
2937 1893
2936 1893
2935 1893
2934 1893
2933 1893
2932 1893
2931 1893
2930 1893
2929 1893
2928 1893
2927 1893
2926 1893
2925 1893
2924 1893
2923 1893
2922 1893
2921 1893
2920 1893
2919 1893
2918 1893
2917 1893
2916 1893
2915 1893
2914 1893
2913 1893
2912 1893
2911 1893
2910 1893
2909 1893
2908 1893
2907 1893
2906 1893
2905 1893
2904 1893
2903 1893
2902 1893
2901 1893
2900 1893
2899 1893
2898 1893
2897 1893
2896 1893
2895 1893
2894 1893
2893 1893
2892 1893
2891 1893
2890 1893
2889 1893
2888 1893
2887 1893
2886 1892
2885 1892
2884 1892
2883 1892
2882 1892
2881 1892
2880 1892
2879 1892
2878 1892
2877 1892
2876 1892
2875 1892
2874 1892
2873 1892
2872 1892
2871 1892
2870 1892
2869 1892
2868 1892
2867 1892
2866 1892
2865 1892
2864 1892
2863 1892
2862 1892
2861 1892
2860 1892
2859 1892
2858 1892
2857 1892
2856 1892
2855 1892
2854 1892
2853 1892
2852 1892
2851 1892
2850 1892
2849 1892
2848 1892
2847 1892
2846 1892
2845 1893
2844 1893
2843 1894
2842 1894
2841 1894
2840 1895
2839 1895
2838 1895
2837 1896
2836 1896
2835 1896
2834 1896
2833 1897
2832 1897
2831 1897
2830 1897
2829 1897
2828 1897
2827 1897
2826 1897
2825 1897
2824 1897
2823 1898
2822 1898
2821 1898
2820 1898
2819 1898
2818 1898
2817 1898
2816 1898
2815 1898
2814 1898
2813 1898
2812 1898
2811 1898
2810 1898
2809 1898
2808 1898
2807 1898
2806 1898
2805 1898
2804 1898
2803 1898
2802 1898
2801 1898
2800 1898
2799 1898
2798 1898
2797 1898
2796 1898
2795 1898
2794 1898
2793 1898
2792 1898
2791 1898
2790 1898
2789 1898
2788 1898
2787 1898
2786 1899
2785 1899
2784 1899
2783 1900
2782 1900
2781 1900
2780 1901
2779 1901
2778 1901
2777 1902
2776 1902
2775 1902
2774 1902
2773 1902
2772 1903
2771 1903
2770 1903
2769 1903
2768 1903
2767 1903
2766 1904
2765 1904
2764 1904
2763 1904
2762 1904
2761 1904
2760 1904
2759 1904
2758 1904
2757 1904
2756 1904
2755 1904
2754 1904
2753 1904
2752 1904
2751 1904
2750 1904
2749 1904
2748 1904
2747 1904
2746 1904
2745 1904
2744 1904
2743 1904
2742 1904
2741 1904
2740 1904
2739 1904
2738 1904
2737 1904
2736 1904
2735 1904
2734 1904
2733 1904
2732 1904
2731 1904
2730 1904
2729 1904
2728 1904
2727 1904
2726 1904
2725 1904
2724 1904
2723 1904
2722 1904
2721 1904
2720 1904
2719 1904
2718 1904
2717 1904
2716 1904
2715 1904
2714 1904
2713 1904
2712 1904
2711 1904
2710 1904
2709 1904
2708 1904
2707 1904
2706 1904
2705 1904
2704 1904
2703 1904
2702 1904
2701 1904
2700 1904
2699 1904
2698 1904
2697 1904
2696 1904
2695 1904
2694 1904
2693 1904
2692 1904
2691 1904
2690 1904
2689 1903
2688 1903
2687 1903
2686 1903
2685 1903
2684 1903
2683 1903
2682 1903
2681 1903
2680 1903
2679 1903
2678 1903
2677 1903
2676 1902
2675 1902
2674 1901
2673 1900
2672 1900
2671 1899
2670 1899
2669 1898
2668 1898
2667 1898
2666 1897
2665 1897
2664 1897
2663 1897
2662 1896
2661 1896
2660 1896
2659 1896
2658 1896
2657 1896
2656 1896
2655 1896
2654 1896
2653 1895
2652 1895
2651 1895
2650 1895
2649 1895
2648 1894
2647 1894
2646 1894
2645 1893
2644 1892
2643 1892
2642 1891
2641 1891
2640 1890
2639 1890
2638 1889
2637 1889
2636 1889
2635 1888
2634 1888
2633 1888
2632 1888
2631 1888
2630 1887
2629 1887
2628 1887
2627 1887
2626 1887
2625 1887
2624 1887
2623 1887
2622 1886
2621 1886
2620 1886
2619 1886
2618 1886
2617 1886
2616 1886
2615 1886
2614 1886
2613 1886
2612 1886
2611 1886
2610 1886
2609 1886
2608 1886
2607 1887
2607 1888
2607 1889
2607 1890
2606 1891
2606 1892
2606 1893
2606 1894
2606 1895
2605 1896
2605 1897
2605 1898
2605 1899
2605 1900
2605 1901
2605 1902
2605 1903
2604 1904
2604 1905
2604 1906
2603 1907
2603 1908
2602 1909
2601 1910
2600 1911
2599 1912
2598 1913
2597 1913
2596 1913
2595 1914
2594 1914
2593 1914
2592 1914
2591 1914
2590 1915
2589 1915
2588 1915
2587 1915
2586 1915
2585 1915
2584 1915
2583 1915
2582 1915
2581 1916
2580 1916
2579 1916
2578 1916
2577 1916
2576 1917
2575 1917
2574 1918
2573 1918
2572 1919
2571 1919
2570 1919
2569 1919
2568 1920
2567 1920
2566 1920
2565 1920
2564 1921
2563 1921
2562 1921
2561 1921
2560 1921
2559 1922
2558 1922
2557 1922
2556 1922
2555 1922
2554 1922
2553 1922
2552 1922
2551 1922
2550 1923
2549 1923
2548 1923
2547 1923
2546 1923
2545 1923
2544 1923
2543 1923
2542 1923
2541 1923
2540 1923
2539 1923
2538 1923
2537 1923
2536 1923
2535 1923
2534 1923
2533 1923
2532 1923
2531 1923
2530 1923
2529 1923
2528 1923
2527 1923
2526 1923
2525 1923
2524 1923
2523 1923
2522 1923
2521 1923
2520 1923
2519 1923
2518 1923
2517 1923
2516 1923
2515 1923
2514 1923
2513 1923
2512 1923
2511 1923
2510 1923
2509 1923
2508 1923
2507 1923
2506 1923
2505 1923
2504 1923
2503 1923
2502 1923
2501 1923
2500 1923
2499 1923
2498 1923
2497 1923
2496 1923
2495 1923
2494 1923
2493 1922
2492 1922
2491 1922
2490 1922
2489 1922
2488 1922
2487 1922
2486 1922
2485 1922
2484 1922
2483 1922
2482 1922
2481 1922
2480 1922
2479 1922
2478 1922
2477 1922
2476 1922
2475 1922
2474 1922
2473 1922
2472 1922
2471 1922
2470 1922
2469 1922
2468 1922
2467 1922
2466 1922
2465 1922
2464 1922
2463 1922
2462 1922
2461 1922
2460 1922
2459 1922
2458 1922
2457 1922
2456 1922
2455 1922
2454 1922
2453 1921
2452 1921
2451 1921
2450 1921
2449 1921
2448 1921
2447 1921
2446 1921
2445 1921
2444 1921
2443 1921
2442 1921
2441 1921
2440 1921
2439 1921
2438 1921
2437 1921
2436 1921
2435 1921
2434 1921
2433 1921
2432 1921
2431 1921
2430 1921
2429 1921
2428 1921
2427 1921
2426 1921
2425 1921
2424 1921
2423 1921
2422 1921
2421 1921
2420 1921
2419 1921
2418 1921
2417 1921
2416 1922
2416 1923
2415 1924
2415 1925
2415 1926
2414 1927
2414 1928
2414 1929
2414 1930
2414 1931
2413 1932
2413 1933
2413 1934
2413 1935
2413 1936
2412 1937
2412 1938
2412 1939
2412 1940
2411 1941
2410 1941
2409 1942
2408 1943
2407 1944
2406 1945
2405 1946
2404 1947
2403 1947
2402 1948
2401 1948
2400 1948
2399 1949
2398 1949
2397 1949
2396 1949
2395 1949
2394 1950
2393 1950
2392 1950
2391 1950
2390 1950
2389 1950
2388 1950
2387 1950
2386 1950
2385 1951
2384 1951
2383 1951
2382 1952
2381 1952
2380 1952
2379 1953
2378 1953
2377 1954
2376 1954
2375 1955
2374 1955
2373 1955
2372 1956
2371 1956
2370 1956
2369 1957
2368 1957
2367 1957
2366 1957
2365 1957
2364 1957
2363 1957
2362 1957
2361 1958
2360 1958
2359 1958
2358 1958
2357 1958
2356 1958
2355 1958
2354 1958
2353 1958
2352 1958
2351 1958
2350 1958
2349 1958
2348 1958
2347 1958
2346 1958
2345 1958
2344 1958
2343 1958
2342 1958
2341 1958
2340 1958
2339 1958
2338 1958
2337 1958
2336 1958
2335 1958
2334 1958
2333 1958
2332 1958
2331 1958
2330 1958
2329 1958
2328 1958
2327 1958
2326 1958
2325 1958
2324 1958
2323 1958
2322 1958
2321 1958
2320 1958
2319 1958
2318 1958
2317 1958
2316 1958
2315 1958
2314 1958
2313 1958
2312 1958
2311 1958
2310 1958
2309 1958
2308 1958
2307 1958
2306 1958
2305 1958
2304 1958
2303 1958
2302 1958
2301 1958
2300 1958
2299 1958
2298 1958
2297 1957
2296 1957
2295 1957
2294 1957
2293 1957
2292 1957
2291 1957
2290 1957
2289 1957
2288 1957
2287 1957
2286 1957
2285 1957
2284 1957
2283 1957
2282 1957
2281 1957
2280 1958
2279 1958
2278 1958
2277 1958
2276 1959
2275 1959
2274 1960
2273 1960
2272 1961
2271 1961
2270 1961
2269 1962
2268 1962
2267 1962
2266 1962
2265 1962
2264 1963
2263 1963
2262 1964
2261 1964
2260 1965
2259 1966
2258 1967
2257 1967
2256 1968
2255 1968
2254 1968
2253 1969
2252 1969
2251 1969
2250 1970
2249 1970
2248 1970
2247 1970
2246 1970
2245 1970
2244 1971
2243 1971
2242 1972
2241 1972
2240 1973
2239 1974
2238 1974
2237 1975
2236 1975
2235 1976
2234 1976
2233 1977
2232 1977
2231 1978
2230 1978
2229 1979
2228 1980
2227 1981
2226 1981
2225 1982
2224 1982
2223 1983
2222 1983
2221 1983
2220 1984
2219 1984
2218 1985
2217 1985
2216 1986
2215 1987
2214 1987
2213 1988
2212 1988
2211 1989
2210 1990
2209 1990
2208 1990
2207 1991
2206 1991
2205 1992
2204 1993
2203 1993
2202 1994
2201 1995
2200 1996
2199 1996
2198 1997
2197 1997
2196 1997
2195 1998
2194 1998
2193 1998
2192 1999
2191 1999
2190 1999
2189 1999
2188 2000
2187 2000
2186 2000
2185 2000
2184 2000
2183 2001
2182 2001
2181 2001
2180 2001
2179 2001
2178 2001
2177 2001
2176 2001
2175 2001
2174 2001
2173 2001
2172 2001
2171 2002
2170 2002
2169 2002
2168 2002
2167 2002
2166 2002
2165 2002
2164 2003
2163 2003
2162 2003
2161 2003
2160 2004
2159 2004
2158 2004
2157 2005
2156 2005
2155 2006
2154 2006
2153 2006
2152 2007
2151 2007
2150 2007
2149 2007
2148 2007
2147 2008
2146 2008
2145 2008
2144 2008
2143 2008
2142 2008
2141 2008
2140 2008
2139 2008
2138 2008
2137 2008
2136 2009
2135 2009
2134 2009
2133 2009
2132 2009
2131 2009
2130 2009
2129 2009
2128 2009
2127 2009
2126 2009
2125 2009
2124 2009
2123 2009
2122 2009
2121 2009
2120 2009
2119 2009
2118 2009
2117 2009
2116 2009
2115 2009
2114 2009
2113 2009
2112 2009
2111 2009
2110 2009
2109 2008
2108 2008
2107 2008
2106 2008
2105 2008
2104 2008
2103 2008
2102 2008
2101 2008
2100 2009
2099 2010
2098 2010
2097 2011
2096 2011
2095 2011
2094 2012
2093 2012
2092 2012
2091 2013
2090 2013
2089 2014
2088 2015
2087 2016
2087 2017
2086 2018
2085 2019
2084 2020
2083 2021
2082 2022
2082 2023
2081 2024
2080 2025
2080 2026
2079 2027
2079 2028
2078 2029
2078 2030
2077 2031
2076 2032
2076 2033
2075 2034
2074 2035
2073 2036
2073 2037
2072 2038
2071 2039
2070 2040
2069 2041
2068 2042
2068 2043
2067 2044
2066 2045
2065 2045
2064 2046
2063 2047
2062 2048
2061 2049
2060 2049
2059 2050
2058 2050
2057 2051
2056 2051
2055 2051
2054 2052
2053 2052
2052 2053
2051 2053
2050 2054
2049 2055
2048 2055
2047 2056
2046 2057
2045 2058
2044 2059
2043 2060
2042 2061
2041 2062
2040 2063
2039 2064
2038 2064
2037 2065
2036 2065
2035 2065
2034 2066
2033 2066
2032 2066
2031 2066
2030 2066
2029 2067
2028 2067
2027 2067
2026 2067
2025 2067
2024 2068
2023 2068
2022 2068
2021 2068
2020 2068
2019 2069
2018 2069
2017 2070
2016 2070
2015 2071
2014 2072
2013 2073
2012 2073
2011 2074
2010 2074
2009 2074
2008 2075
2007 2075
2006 2075
2005 2076
2004 2076
2003 2076
2002 2076
2001 2076
2000 2076
1999 2076
1998 2076
1997 2076
1996 2076
1995 2076
1994 2076
1993 2076
1992 2077
1991 2077
1990 2077
1989 2078
1988 2078
1987 2078
1986 2079
1985 2079
1984 2080
1983 2080
1982 2080
1981 2081
1980 2081
1979 2081
1978 2081
1977 2082
1976 2082
1975 2082
1974 2082
1973 2082
1972 2083
1971 2083
1970 2083
1969 2083
1968 2083
1967 2083
1966 2083
1965 2083
1964 2084
1963 2084
1962 2084
1961 2084
1960 2084
1959 2084
1958 2084
1957 2084
1956 2085
1955 2085
1954 2085
1953 2085
1952 2086
1951 2086
1950 2086
1949 2087
1948 2087
1947 2087
1946 2088
1945 2088
1944 2088
1943 2089
1942 2089
1941 2089
1940 2089
1939 2090
1938 2090
1937 2090
1936 2091
1935 2091
1934 2092
1933 2092
1932 2093
1931 2093
1930 2094
1929 2094
1928 2095
1927 2095
1926 2095
1925 2096
1924 2096
1923 2097
1922 2097
1921 2097
1920 2097
1919 2097
1918 2098
1917 2098
1916 2098
1915 2098
1914 2098
1913 2098
1912 2098
1911 2098
1910 2098
1909 2098
1908 2098
1907 2098
1906 2098
1905 2098
1904 2098
1903 2098
1902 2098
1901 2099
1900 2099
1899 2099
1898 2100
1897 2100
1896 2100
1895 2100
1894 2101
1893 2101
1892 2101
1891 2102
1890 2102
1889 2102
1888 2103
1887 2103
1886 2103
1885 2103
1884 2104
1883 2104
1882 2104
1881 2104
1880 2104
1879 2105
1878 2105
1877 2105
1876 2105
1875 2105
1874 2106
1873 2106
1872 2106
1871 2106
1870 2106
1869 2107
1868 2107
1867 2107
1866 2107
1865 2108
1864 2108
1863 2108
1862 2109
1861 2109
1860 2109
1859 2110
1858 2110
1857 2110
1856 2111
1855 2111
1854 2111
1853 2111
1852 2112
1851 2112
1850 2112
1849 2113
1848 2113
1847 2113
1846 2114
1845 2114
1844 2115
1843 2115
1842 2116
1841 2117
1840 2117
1839 2118
1838 2118
1837 2119
1836 2120
1835 2120
1834 2121
1833 2121
1832 2122
1831 2122
1830 2123
1829 2123
1828 2124
1827 2124
1826 2124
1825 2125
1824 2125
1823 2125
1822 2126
1821 2126
1820 2126
1819 2126
1818 2127
1817 2127
1816 2127
1815 2127
1814 2127
1813 2127
1812 2127
1811 2127
1810 2127
1809 2128
1808 2128
1807 2128
1806 2128
1805 2128
1804 2129
1803 2129
1802 2129
1801 2129
1800 2130
1799 2130
1798 2130
1797 2131
1796 2131
1795 2131
1794 2132
1793 2132
1792 2132
1791 2133
1790 2133
1789 2133
1788 2133
1787 2133
1786 2134
1785 2134
1784 2134
1783 2134
1782 2134
1781 2134
1780 2134
1779 2134
1778 2135
1777 2135
1776 2135
1775 2135
1774 2135
1773 2135
1772 2135
1771 2135
1770 2135
1769 2135
1768 2135
1767 2135
1766 2135
1765 2135
1764 2135
1763 2135
1762 2135
1761 2135
1760 2136
1759 2136
1758 2136
1757 2137
1756 2137
1755 2138
1754 2139
1753 2139
1752 2139
1751 2140
1750 2140
1749 2140
1748 2141
1747 2141
1746 2141
1745 2141
1744 2141
1743 2141
1742 2142
1741 2142
1740 2142
1739 2142
1738 2142
1737 2142
1736 2142
1735 2142
1734 2142
1733 2142
1732 2142
1731 2142
1730 2142
1729 2142
1728 2142
1727 2142
1726 2142
1725 2142
1724 2142
1723 2142
1722 2142
1721 2142
1720 2142
1719 2142
1718 2142
1717 2142
1716 2142
1715 2142
1714 2142
1713 2142
1712 2142
1711 2142
1710 2142
1709 2142
1708 2142
1707 2142
1706 2142
1705 2142
1704 2142
1703 2142
1702 2142
1701 2142
1700 2142
1699 2142
1698 2142
1697 2142
1696 2142
1695 2142
1694 2142
1693 2142
1692 2142
1691 2142
1690 2142
1689 2143
1688 2143
1687 2143
1686 2144
1685 2144
1684 2145
1683 2145
1682 2146
1681 2146
1680 2146
1679 2146
1678 2146
1677 2147
1676 2147
1675 2147
1674 2148
1673 2148
1672 2148
1671 2149
1670 2150
1669 2151
1668 2151
1667 2152
1666 2152
1665 2153
1664 2153
1663 2153
1662 2153
1661 2154
1660 2154
1659 2154
1658 2154
1657 2155
1656 2155
1655 2155
1654 2155
1653 2155
1652 2155
1651 2155
1650 2156
1649 2156
1648 2156
1647 2156
1646 2156
1645 2156
1644 2156
1643 2156
1642 2156
1641 2156
1640 2156
1639 2156
1638 2156
1637 2156
1636 2156
1635 2156
1634 2156
1633 2156
1632 2156
1631 2156
1630 2156
1629 2156
1628 2156
1627 2156
1626 2156
1625 2156
1624 2156
1623 2156
1622 2156
1621 2156
1620 2156
1619 2156
1618 2156
1617 2156
1616 2156
1615 2156
1614 2156
1613 2156
1612 2156
1611 2156
1610 2156
1609 2156
1608 2156
1607 2156
1606 2156
1605 2156
1604 2156
1603 2156
1602 2156
1601 2156
1600 2156
1599 2156
1598 2155
1597 2155
1596 2155
1595 2155
1594 2155
1593 2155
1592 2155
1591 2155
1590 2155
1589 2155
1588 2155
1587 2155
1586 2155
1585 2155
1584 2155
1583 2155
1582 2155
1581 2155
1580 2155
1579 2155
1578 2155
1577 2155
1576 2155
1575 2155
1574 2155
1573 2155
1572 2155
1571 2155
1570 2155
1569 2155
1568 2155
1567 2155
1566 2155
1565 2155
1564 2155
1563 2155
1562 2155
1561 2155
1560 2155
1559 2155
1558 2155
1557 2155
1556 2155
1555 2156
1554 2156
1553 2156
1552 2156
1551 2156
1550 2157
1549 2157
1548 2157
1547 2157
1546 2158
1545 2158
1544 2158
1543 2158
1542 2159
1541 2159
1540 2159
1539 2159
1538 2159
1537 2160
1536 2160
1535 2160
1534 2160
1533 2160
1532 2160
1531 2160
1530 2160
1529 2160
1528 2160
1527 2160
1526 2160
1525 2161
1524 2161
1523 2161
1522 2161
1521 2161
1520 2161
1519 2161
1518 2161
1517 2162
1516 2162
1515 2162
1514 2162
1513 2162
1512 2163
1511 2163
1510 2164
1509 2164
1508 2164
1507 2165
1506 2165
1505 2165
1504 2165
1503 2166
1502 2166
1501 2166
1500 2166
1499 2166
1498 2166
1497 2166
1496 2167
1495 2167
1494 2167
1493 2167
1492 2167
1491 2167
1490 2167
1489 2168
1488 2168
1487 2169
1486 2169
1485 2169
1484 2170
1483 2170
1482 2171
1481 2171
1480 2171
1479 2172
1478 2172
1477 2172
1476 2173
1475 2173
1474 2174
1473 2174
1472 2175
1471 2175
1470 2176
1469 2176
1468 2177
1467 2177
1466 2178
1465 2178
1464 2178
1463 2179
1462 2179
1461 2180
1460 2180
1459 2180
1458 2181
1457 2181
1456 2181
1455 2181
1454 2181
1453 2181
1452 2182
1451 2182
1450 2183
1449 2183
1448 2183
1447 2184
1446 2184
1445 2185
1444 2185
1443 2186
1442 2186
1441 2187
1440 2187
1439 2187
1438 2188
1437 2188
1436 2188
1435 2188
1434 2188
1433 2189
1432 2189
1431 2189
1430 2189
1429 2189
1428 2189
1427 2189
1426 2189
1425 2190
1424 2190
1423 2190
1422 2190
1421 2191
1420 2191
1419 2191
1418 2192
1417 2192
1416 2192
1415 2193
1414 2193
1413 2194
1412 2194
1411 2194
1410 2195
1409 2195
1408 2195
1407 2196
1406 2196
1405 2196
1404 2197
1403 2197
1402 2197
1401 2198
1400 2198
1399 2199
1398 2199
1397 2199
1396 2200
1395 2200
1394 2201
1393 2201
1392 2202
1391 2202
1390 2203
1389 2203
1388 2204
1387 2205
1386 2205
1385 2206
1384 2206
1383 2207
1382 2207
1381 2208
1380 2208
1379 2208
1378 2209
1377 2209
1376 2210
1375 2210
1374 2211
1373 2211
1372 2212
1371 2212
1370 2213
1369 2213
1368 2213
1367 2214
1366 2214
1365 2214
1364 2215
1363 2215
1362 2215
1361 2216
1360 2216
1359 2216
1358 2216
1357 2217
1356 2217
1355 2217
1354 2217
1353 2217
1352 2217
1351 2217
1350 2218
1349 2218
1348 2218
1347 2218
1346 2218
1345 2218
1344 2219
1343 2219
1342 2219
1341 2219
1340 2220
1339 2220
1338 2220
1337 2221
1336 2221
1335 2221
1334 2221
1333 2222
1332 2222
1331 2222
1330 2222
1329 2223
1328 2223
1327 2223
1326 2223
1325 2224
1324 2224
1323 2224
1322 2224
1321 2225
1320 2225
1319 2225
1318 2225
1317 2225
1316 2225
1315 2225
1314 2225
1313 2226
1312 2226
1311 2226
1310 2226
1309 2226
1308 2226
1307 2226
1306 2226
1305 2226
1304 2226
1303 2227
1302 2227
1301 2227
1300 2228
1299 2228
1298 2228
1297 2229
1296 2229
1295 2229
1294 2230
1293 2230
1292 2230
1291 2230
1290 2231
1289 2231
1288 2231
1287 2231
1286 2232
1285 2232
1284 2232
1283 2232
1282 2233
1281 2233
1280 2233
1279 2234
1278 2234
1277 2234
1276 2234
1275 2235
1274 2235
1273 2235
1272 2236
1271 2236
1270 2236
1269 2237
1268 2237
1267 2237
1266 2238
1265 2238
1264 2238
1263 2238
1262 2239
1261 2239
1260 2239
1259 2239
1258 2240
1257 2240
1256 2240
1255 2240
1254 2240
1253 2240
1252 2240
1251 2241
1250 2241
1249 2241
1248 2241
1247 2241
1246 2241
1245 2241
1244 2241
1243 2241
1242 2241
1241 2242
1240 2242
1239 2242
1238 2242
1237 2243
1236 2243
1235 2243
1234 2244
1233 2244
1232 2244
1231 2245
1230 2245
1229 2245
1228 2246
1227 2246
1226 2246
1225 2246
1224 2246
1223 2247
1222 2247
1221 2247
1220 2247
1219 2247
1218 2247
1217 2247
1216 2247
1215 2248
1214 2248
1213 2248
1212 2248
1211 2248
1210 2248
1209 2248
1208 2248
1207 2248
1206 2248
1205 2249
1204 2249
1203 2249
1202 2249
1201 2250
1200 2250
1199 2250
1198 2251
1197 2251
1196 2251
1195 2252
1194 2252
1193 2252
1192 2252
1191 2253
1190 2253
1189 2253
1188 2253
1187 2254
1186 2254
1185 2254
1184 2254
1183 2254
1182 2254
1181 2255
1180 2255
1179 2255
1178 2255
1177 2255
1176 2256
1175 2256
1174 2256
1173 2256
1172 2257
1171 2257
1170 2257
1169 2257
1168 2257
1167 2258
1166 2258
1165 2258
1164 2258
1163 2259
1162 2259
1161 2259
1160 2259
1159 2260
1158 2260
1157 2260
1156 2260
1155 2261
1154 2261
1153 2261
1152 2262
1151 2262
1150 2263
1149 2263
1148 2263
1147 2264
1146 2264
1145 2265
1144 2265
1143 2265
1142 2266
1141 2266
1140 2266
1139 2267
1138 2267
1137 2267
1136 2267
1135 2268
1134 2268
1133 2268
1132 2268
1131 2268
1130 2269
1129 2269
1128 2269
1127 2270
1126 2270
1125 2270
1124 2271
1123 2271
1122 2271
1121 2272
1120 2272
1119 2272
1118 2273
1117 2273
1116 2273
1115 2274
1114 2274
1113 2274
1112 2274
1111 2275
1110 2275
1109 2275
1108 2275
1107 2275
1106 2276
1105 2276
1104 2276
1103 2276
1102 2276
1101 2276
1100 2277
1099 2277
1098 2278
1097 2278
1096 2279
1095 2279
1094 2280
1093 2280
1092 2281
1091 2281
1090 2281
1089 2281
1088 2282
1087 2282
1086 2282
1085 2282
1084 2282
1083 2283
1082 2283
1081 2283
1080 2283
1079 2283
1078 2283
1077 2283
1076 2283
1075 2284
1074 2284
1073 2284
1072 2285
1071 2286
1070 2286
1069 2287
1068 2287
1067 2288
1066 2289
1065 2289
1064 2290
1063 2290
1062 2291
1061 2291
1060 2292
1059 2292
1058 2292
1057 2293
1056 2293
1055 2293
1054 2294
1053 2294
1052 2295
1051 2295
1050 2296
1049 2296
1048 2297
1047 2297
1046 2297
1045 2298
1044 2298
1043 2299
1042 2299
1041 2300
1040 2300
1039 2301
1038 2301
1037 2302
1036 2302
1035 2303
1034 2303
1033 2303
1032 2304
1031 2304
1030 2305
1029 2305
1028 2306
1027 2306
1026 2306
1025 2307
1024 2307
1023 2308
1022 2308
1021 2309
1020 2309
1019 2310
1018 2310
1017 2311
1016 2311
1015 2312
1014 2312
1013 2313
1012 2313
1011 2314
1010 2314
1009 2315
1008 2316
1007 2316
1006 2317
1005 2318
1004 2319
1003 2320
1002 2320
1001 2321
1000 2322
999 2322
998 2323
997 2323
996 2324
995 2325
994 2325
993 2326
992 2326
991 2327
990 2327
989 2328
988 2328
987 2329
986 2329
985 2330
984 2330
983 2331
982 2331
981 2332
980 2332
979 2333
978 2333
977 2334
976 2334
975 2335
974 2335
973 2336
972 2337
971 2337
970 2338
969 2339
968 2339
967 2340
966 2340
965 2340
964 2341
963 2341
962 2341
961 2342
960 2342
959 2342
958 2343
957 2343
956 2343
955 2343
954 2343
953 2344
952 2344
951 2344
950 2344
949 2344
948 2344
947 2345
946 2345
945 2345
944 2346
943 2346
942 2346
941 2347
940 2347
939 2348
938 2348
937 2349
936 2349
935 2349
934 2349
933 2349
932 2350
931 2350
930 2350
929 2350
928 2350
927 2351
926 2351
925 2351
924 2351
923 2351
922 2351
921 2351
920 2351
919 2352
918 2352
917 2352
916 2352
915 2352
914 2352
913 2352
912 2352
911 2352
910 2352
909 2353
908 2353
907 2353
906 2353
905 2353
904 2353
903 2354
902 2354
901 2354
900 2355
899 2355
898 2355
897 2356
896 2356
895 2356
894 2357
893 2357
892 2357
891 2358
890 2358
889 2359
888 2359
887 2359
886 2360
885 2360
884 2361
883 2361
882 2362
881 2362
880 2363
879 2363
878 2364
877 2364
876 2364
875 2365
874 2365
873 2365
872 2365
871 2366
870 2366
869 2366
868 2366
867 2366
866 2366
865 2367
864 2367
863 2367
862 2367
861 2367
860 2367
859 2367
858 2367
857 2367
856 2367
855 2368
854 2368
853 2368
852 2369
851 2369
850 2370
849 2370
848 2370
847 2371
846 2371
845 2371
844 2371
843 2371
842 2372
841 2372
840 2372
839 2372
838 2372
837 2372
836 2373
835 2373
834 2373
833 2373
832 2373
831 2373
830 2373
829 2373
828 2374
827 2374
826 2374
825 2374
824 2374
823 2374
822 2374
821 2374
820 2374
819 2374
818 2375
817 2375
816 2375
815 2376
814 2376
813 2376
812 2377
811 2377
810 2378
809 2378
808 2378
807 2378
806 2378
805 2379
804 2379
803 2379
802 2379
801 2379
800 2380
799 2380
798 2380
797 2380
796 2380
795 2380
794 2380
793 2380
792 2380
791 2381
790 2381
789 2381
788 2381
787 2381
786 2381
785 2381
784 2382
783 2382
782 2383
781 2383
780 2383
779 2384
778 2384
777 2384
776 2385
775 2385
774 2385
773 2385
772 2385
771 2386
770 2386
769 2386
768 2386
767 2386
766 2387
765 2387
764 2387
763 2387
762 2387
761 2388
760 2388
759 2388
758 2388
757 2389
756 2389
755 2389
754 2389
753 2390
752 2390
751 2390
750 2390
749 2391
748 2391
747 2391
746 2391
745 2392
744 2392
743 2392
742 2392
741 2393
740 2393
739 2393
738 2394
737 2394
736 2394
735 2394
734 2395
733 2395
732 2395
731 2395
730 2396
729 2396
728 2396
727 2396
726 2397
725 2397
724 2397
723 2397
722 2398
721 2398
720 2398
719 2398
718 2399
717 2399
716 2399
715 2400
714 2400
713 2400
712 2401
711 2401
710 2401
709 2401
708 2402
707 2402
706 2402
705 2402
704 2402
703 2402
702 2403
701 2403
700 2403
699 2403
698 2403
697 2403
696 2403
695 2403
694 2404
693 2404
692 2404
691 2404
690 2405
689 2405
688 2405
687 2405
686 2405
685 2405
684 2406
683 2406
682 2406
681 2406
680 2407
679 2407
678 2407
677 2407
676 2407
675 2408
674 2408
673 2408
672 2409
671 2409
670 2409
669 2410
668 2410
667 2411
666 2411
665 2411
664 2412
663 2412
662 2413
661 2413
660 2413
659 2414
658 2414
657 2414
656 2414
655 2414
654 2415
653 2415
652 2415
651 2415
650 2416
649 2416
648 2416
647 2416
646 2416
645 2417
644 2417
643 2417
642 2417
641 2418
640 2418
639 2418
638 2418
637 2419
636 2419
635 2419
634 2419
633 2420
632 2420
631 2420
630 2420
629 2420
628 2421
627 2421
626 2421
625 2421
624 2422
623 2422
622 2422
621 2422
620 2422
619 2423
618 2423
617 2423
616 2423
615 2423
614 2423
613 2423
612 2423
611 2423
610 2424
609 2424
608 2424
607 2424
606 2424
605 2424
604 2424
603 2424
602 2424
601 2425
600 2425
599 2425
598 2425
597 2426
596 2426
595 2426
594 2426
593 2427
592 2427
591 2427
590 2427
589 2428
588 2428
587 2428
586 2429
585 2429
584 2429
583 2429
582 2429
581 2430
580 2430
579 2430
578 2430
577 2430
576 2431
575 2431
574 2431
573 2431
572 2431
571 2431
570 2431
569 2431
568 2431
567 2432
566 2432
565 2432
564 2432
563 2432
562 2432
561 2432
560 2432
559 2432
558 2432
557 2432
556 2432
555 2432
554 2432
553 2432
552 2433
551 2433
550 2433
549 2434
548 2434
547 2434
546 2434
545 2435
544 2435
543 2435
542 2436
541 2436
540 2436
539 2436
538 2436
537 2437
536 2437
535 2437
534 2437
533 2438
532 2438
531 2438
530 2438
529 2438
528 2438
527 2438
526 2438
525 2438
524 2438
523 2438
522 2438
521 2439
520 2439
519 2439
518 2439
517 2439
516 2439
515 2440
514 2440
513 2441
512 2441
511 2441
510 2442
509 2442
508 2442
507 2443
506 2443
505 2443
504 2443
503 2444
502 2444
501 2444
500 2445
499 2445
498 2445
497 2446
496 2446
495 2446
494 2447
493 2447
492 2447
491 2447
490 2448
489 2448
488 2448
487 2448
486 2449
485 2449
484 2449
483 2449
482 2450
481 2450
480 2450
479 2451
478 2451
477 2452
476 2452
475 2453
474 2454
473 2454
472 2455
471 2455
470 2456
469 2456
468 2456
467 2456
466 2457
465 2457
464 2457
463 2458
462 2458
461 2458
460 2458
459 2459
458 2459
457 2459
456 2460
455 2460
454 2460
453 2461
452 2461
451 2461
450 2461
449 2462
448 2462
447 2462
446 2463
445 2463
444 2463
443 2463
442 2464
441 2464
440 2464
439 2465
438 2465
437 2465
436 2466
435 2466
434 2467
433 2467
432 2467
431 2468
430 2468
429 2468
428 2469
427 2469
426 2469
425 2470
424 2470
423 2471
422 2471
421 2472
420 2472
419 2473
418 2473
417 2473
416 2473
415 2474
414 2474
413 2474
412 2474
411 2475
410 2475
409 2475
408 2475
407 2475
406 2475
405 2475
404 2475
403 2475
402 2475
401 2475
400 2476
399 2476
398 2476
397 2476
396 2476
395 2476
394 2477
393 2477
392 2477
391 2478
390 2478
389 2479
388 2480
387 2480
386 2481
385 2482
384 2482
383 2483
384 2483
385 2483
386 2484
387 2484
388 2484
389 2484
390 2484
391 2484
392 2484
393 2484
394 2484
395 2484
396 2484
397 2484
398 2484
399 2485
400 2485
401 2485
402 2485
403 2485
404 2485
405 2485
406 2485
407 2485
408 2485
409 2485
410 2485
411 2485
412 2485
413 2485
414 2485
415 2485
416 2485
417 2485
418 2485
419 2485
420 2485
421 2485
422 2485
423 2485
424 2485
425 2485
426 2485
427 2485
428 2485
429 2485
430 2485
431 2485
432 2485
433 2485
434 2486
435 2486
436 2486
437 2486
438 2486
439 2486
440 2486
441 2486
442 2486
443 2486
444 2486
445 2486
446 2486
447 2486
448 2486
449 2486
450 2486
451 2486
452 2486
453 2486
454 2486
455 2486
456 2486
457 2486
458 2486
459 2486
460 2486
461 2486
462 2486
463 2486
464 2486
465 2486
466 2486
467 2486
468 2486
469 2486
470 2486
471 2486
472 2486
473 2487
474 2487
475 2487
476 2487
477 2487
478 2487
479 2487
480 2487
481 2487
482 2487
483 2487
484 2487
485 2487
486 2487
487 2486
488 2486
489 2486
490 2486
491 2485
492 2485
493 2485
494 2485
495 2484
496 2484
497 2484
498 2484
499 2483
500 2483
501 2483
502 2482
503 2482
504 2481
505 2481
506 2480
507 2480
508 2479
509 2479
510 2478
511 2478
512 2477
513 2477
514 2476
515 2476
516 2476
517 2476
518 2475
519 2475
520 2475
521 2475
522 2474
523 2474
524 2474
525 2474
526 2474
527 2474
528 2474
529 2473
530 2473
531 2473
532 2473
533 2473
534 2473
535 2473
536 2473
537 2473
538 2473
539 2472
540 2472
541 2472
542 2471
543 2471
544 2471
545 2470
546 2470
547 2470
548 2469
549 2469
550 2469
551 2469
552 2468
553 2468
554 2468
555 2468
556 2468
557 2468
558 2468
559 2467
560 2467
561 2467
562 2467
563 2467
564 2467
565 2467
566 2467
567 2467
568 2467
569 2467
570 2467
571 2466
572 2466
573 2466
574 2466
575 2466
576 2466
577 2466
578 2466
579 2466
580 2466
581 2466
582 2466
583 2466
584 2466
585 2466
586 2466
587 2466
588 2466
589 2466
590 2466
591 2466
592 2466
593 2466
594 2466
595 2466
596 2466
597 2466
598 2466
599 2466
600 2466
601 2466
602 2466
603 2466
604 2466
605 2466
606 2466
607 2466
608 2466
609 2466
610 2466
611 2466
612 2466
613 2466
614 2466
615 2466
616 2466
617 2466
618 2466
619 2466
620 2466
621 2466
622 2466
623 2466
624 2466
625 2466
626 2466
627 2466
628 2466
629 2466
630 2466
631 2467
632 2467
633 2467
634 2467
635 2467
636 2467
637 2467
638 2467
639 2467
640 2467
641 2467
642 2467
643 2467
644 2467
645 2467
646 2467
647 2467
648 2467
649 2467
650 2467
651 2467
652 2467
653 2467
654 2467
655 2467
656 2467
657 2467
658 2467
659 2467
660 2467
661 2467
662 2467
663 2467
664 2467
665 2467
666 2467
667 2467
668 2467
669 2467
670 2467
671 2466
672 2466
673 2465
674 2465
675 2465
676 2464
677 2464
678 2464
679 2464
680 2463
681 2463
682 2463
683 2463
684 2463
685 2462
686 2462
687 2462
688 2462
689 2462
690 2462
691 2462
692 2461
693 2461
694 2461
695 2460
696 2460
697 2460
698 2459
699 2459
700 2458
701 2458
702 2457
703 2456
704 2455
705 2455
706 2454
707 2453
708 2452
709 2452
710 2451
711 2450
712 2449
713 2449
714 2448
715 2448
716 2447
717 2447
718 2447
719 2447
720 2447
721 2447
722 2447
723 2447
724 2446
725 2446
726 2446
727 2446
728 2446
729 2446
730 2446
731 2445
732 2445
733 2445
734 2444
735 2444
736 2444
737 2443
738 2443
739 2442
740 2442
741 2442
742 2441
743 2441
744 2441
745 2440
746 2440
747 2440
748 2440
749 2440
750 2440
751 2440
752 2440
753 2439
754 2439
755 2439
756 2439
757 2439
758 2439
759 2439
760 2439
761 2439
762 2439
763 2439
764 2439
765 2439
766 2439
767 2439
768 2439
769 2439
770 2439
771 2439
772 2439
773 2439
774 2439
775 2439
776 2439
777 2439
778 2439
779 2439
780 2439
781 2439
782 2439
783 2439
784 2439
785 2439
786 2439
787 2439
788 2439
789 2439
790 2439
791 2439
792 2439
793 2439
794 2439
795 2439
796 2439
797 2439
798 2439
799 2439
800 2439
801 2439
802 2439
803 2439
804 2439
805 2439
806 2439
807 2439
808 2439
809 2439
810 2439
811 2439
812 2439
813 2439
814 2439
815 2439
816 2439
817 2439
818 2439
819 2439
820 2439
821 2439
822 2439
823 2439
824 2439
825 2439
826 2439
827 2439
828 2439
829 2439
830 2439
831 2440
832 2440
833 2440
834 2440
835 2440
836 2440
837 2440
838 2440
839 2440
840 2440
841 2440
842 2440
843 2440
844 2440
845 2440
846 2440
847 2440
848 2440
849 2440
850 2440
851 2440
852 2440
853 2440
854 2440
855 2440
856 2440
857 2440
858 2440
859 2440
860 2440
861 2440
862 2440
863 2440
864 2440
865 2440
866 2440
867 2440
868 2440
869 2440
870 2440
871 2441
872 2441
873 2441
874 2441
875 2441
876 2441
877 2441
878 2441
879 2441
880 2441
881 2441
882 2441
883 2441
884 2441
885 2441
886 2441
887 2441
888 2441
889 2441
890 2441
891 2441
892 2441
893 2441
894 2441
895 2441
896 2441
897 2441
898 2441
899 2441
900 2441
901 2441
902 2441
903 2441
904 2441
905 2441
906 2441
907 2441
908 2441
909 2441
910 2442
911 2442
912 2442
913 2442
914 2442
915 2442
916 2442
917 2442
918 2442
919 2442
920 2442
921 2442
922 2442
923 2442
924 2442
925 2442
926 2442
927 2442
928 2442
929 2442
930 2442
931 2442
932 2442
933 2442
934 2442
935 2442
936 2442
937 2442
938 2442
939 2442
940 2442
941 2442
942 2442
943 2442
944 2442
945 2442
946 2442
947 2442
948 2442
949 2442
950 2443
951 2443
952 2443
953 2443
954 2443
955 2443
956 2443
957 2443
958 2443
959 2443
960 2443
961 2443
962 2443
963 2443
964 2443
965 2443
966 2443
967 2443
968 2443
969 2443
970 2443
971 2443
972 2443
973 2443
974 2443
975 2443
976 2443
977 2443
978 2443
979 2443
980 2443
981 2443
982 2443
983 2443
984 2444
985 2444
986 2444
987 2444
988 2445
989 2445
990 2445
991 2446
992 2446
993 2447
994 2447
995 2448
996 2448
997 2449
998 2449
999 2450
1000 2451
1001 2451
1002 2452
1003 2452
1004 2453
1005 2453
1006 2454
1007 2455
1008 2455
1009 2455
1010 2456
1011 2456
1012 2456
1013 2456
1014 2457
1015 2457
1016 2457
1017 2457
1018 2457
1019 2458
1020 2458
1021 2458
1022 2458
1023 2458
1024 2458
1025 2459
1026 2459
1027 2459
1028 2459
1029 2459
1030 2460
1031 2460
1032 2460
1033 2461
1034 2461
1035 2461
1036 2462
1037 2462
1038 2462
1039 2463
1040 2463
1041 2464
1042 2464
1043 2465
1044 2465
1045 2465
1046 2465
1047 2466
1048 2466
1049 2466
1050 2466
1051 2467
1052 2467
1053 2467
1054 2467
1055 2467
1056 2468
1057 2468
1058 2468
1059 2468
1060 2468
1061 2468
1062 2468
1063 2468
1064 2469
1065 2469
1066 2469
1067 2469
1068 2469
1069 2469
1070 2469
1071 2470
1072 2470
1073 2471
1074 2472
1075 2472
1076 2473
1077 2473
1078 2474
1079 2474
1080 2475
1081 2475
1082 2475
1083 2475
1084 2476
1085 2476
1086 2476
1087 2476
1088 2476
1089 2476
1090 2477
1091 2477
1092 2477
1093 2477
1094 2477
1095 2477
1096 2477
1097 2477
1098 2477
1099 2477
1100 2477
1101 2477
1102 2477
1103 2477
1104 2478
1105 2478
1106 2478
1107 2478
1108 2478
1109 2478
1110 2478
1111 2478
1112 2478
1113 2478
1114 2478
1115 2478
1116 2478
1117 2478
1118 2478
1119 2479
1120 2479
1121 2479
1122 2479
1123 2479
1124 2479
1125 2479
1126 2479
1127 2479
1128 2479
1129 2479
1130 2479
1131 2479
1132 2479
1133 2479
1134 2479
1135 2479
1136 2479
1137 2479
1138 2479
1139 2479
1140 2479
1141 2479
1142 2479
1143 2479
1144 2479
1145 2479
1146 2479
1147 2479
1148 2479
1149 2479
1150 2480
1151 2480
1152 2480
1153 2480
1154 2480
1155 2480
1156 2480
1157 2480
1158 2480
1159 2480
1160 2480
1161 2480
1162 2480
1163 2480
1164 2480
1165 2480
1166 2480
1167 2480
1168 2480
1169 2480
1170 2480
1171 2480
1172 2480
1173 2480
1174 2480
1175 2480
1176 2480
1177 2480
1178 2480
1179 2480
1180 2480
1181 2480
1182 2480
1183 2480
1184 2480
1185 2480
1186 2480
1187 2480
1188 2480
1189 2481
1190 2481
1191 2481
1192 2481
1193 2481
1194 2481
1195 2481
1196 2481
1197 2481
1198 2481
1199 2481
1200 2481
1201 2481
1202 2481
1203 2481
1204 2481
1205 2481
1206 2481
1207 2481
1208 2481
1209 2481
1210 2481
1211 2481
1212 2481
1213 2481
1214 2481
1215 2481
1216 2481
1217 2481
1218 2481
1219 2481
1220 2481
1221 2481
1222 2481
1223 2481
1224 2481
1225 2481
1226 2481
1227 2481
1228 2481
1229 2482
1230 2482
1231 2482
1232 2482
1233 2482
1234 2482
1235 2482
1236 2482
1237 2482
1238 2482
1239 2482
1240 2482
1241 2482
1242 2482
1243 2482
1244 2482
1245 2482
1246 2482
1247 2482
1248 2482
1249 2482
1250 2482
1251 2482
1252 2482
1253 2482
1254 2482
1255 2482
1256 2482
1257 2482
1258 2482
1259 2482
1260 2482
1261 2482
1262 2482
1263 2482
1264 2482
1265 2482
1266 2482
1267 2482
1268 2483
1269 2483
1270 2483
1271 2483
1272 2483
1273 2483
1274 2483
1275 2483
1276 2483
1277 2483
1278 2483
1279 2483
1280 2483
1281 2483
1282 2483
1283 2483
1284 2483
1285 2483
1286 2483
1287 2483
1288 2483
1289 2483
1290 2483
1291 2483
1292 2483
1293 2483
1294 2483
1295 2483
1296 2483
1297 2483
1298 2483
1299 2483
1300 2483
1301 2483
1302 2483
1303 2484
1304 2484
1305 2484
1306 2485
1307 2485
1308 2485
1309 2486
1310 2486
1311 2486
1312 2487
1313 2487
1314 2487
1315 2488
1316 2488
1317 2488
1318 2488
1319 2489
1320 2489
1321 2489
1322 2489
1323 2489
1324 2490
1325 2490
1326 2490
1327 2490
1328 2490
1329 2490
1330 2490
1331 2491
1332 2491
1333 2491
1334 2491
1335 2491
1336 2491
1337 2491
1338 2491
1339 2491
1340 2491
1341 2491
1342 2492
1343 2492
1344 2492
1345 2492
1346 2492
1347 2492
1348 2492
1349 2492
1350 2492
1351 2492
1352 2492
1353 2492
1354 2492
1355 2492
1356 2492
1357 2493
1358 2493
1359 2493
1360 2493
1361 2493
1362 2493
1363 2493
1364 2493
1365 2493
1366 2493
1367 2493
1368 2493
1369 2494
1370 2494
1371 2495
1372 2496
1373 2496
1374 2497
1375 2497
1376 2498
1377 2498
1378 2498
1379 2498
1380 2499
1381 2499
1382 2499
1383 2499
1384 2500
1385 2500
1386 2500
1387 2500
1388 2500
1389 2500
1390 2500
1391 2501
1392 2501
1393 2501
1394 2501
1395 2501
1396 2501
1397 2501
1398 2501
1399 2501
1400 2501
1401 2501
1402 2501
1403 2501
1404 2501
1405 2502
1406 2502
1407 2502
1408 2502
1409 2502
1410 2502
1411 2503
1412 2503
1413 2503
1414 2503
1415 2504
1416 2504
1417 2504
1418 2504
1419 2505
1420 2505
1421 2505
1422 2506
1423 2506
1424 2506
1425 2507
1426 2507
1427 2507
1428 2507
1429 2508
1430 2508
1431 2508
1432 2508
1433 2509
1434 2509
1435 2509
1436 2509
1437 2509
1438 2509
1439 2509
1440 2510
1441 2510
1442 2510
1443 2510
1444 2510
1445 2510
1446 2510
1447 2510
1448 2510
1449 2510
1450 2510
1451 2510
1452 2510
1453 2511
1454 2511
1455 2511
1456 2511
1457 2511
1458 2511
1459 2511
1460 2511
1461 2511
1462 2511
1463 2511
1464 2511
1465 2511
1466 2511
1467 2511
1468 2511
1469 2511
1470 2511
1471 2512
1472 2512
1473 2512
1474 2512
1475 2512
1476 2512
1477 2512
1478 2512
1479 2512
1480 2512
1481 2512
1482 2512
1483 2512
1484 2512
1485 2512
1486 2512
1487 2512
1488 2512
1489 2512
1490 2512
1491 2512
1492 2512
1493 2512
1494 2512
1495 2512
1496 2512
1497 2512
1498 2512
1499 2512
1500 2512
1501 2512
1502 2512
1503 2512
1504 2512
1505 2512
1506 2513
1507 2513
1508 2513
1509 2513
1510 2513
1511 2513
1512 2513
1513 2513
1514 2513
1515 2513
1516 2513
1517 2513
1518 2513
1519 2513
1520 2513
1521 2513
1522 2513
1523 2513
1524 2513
1525 2513
1526 2513
1527 2513
1528 2513
1529 2514
1530 2514
1531 2515
1532 2515
1533 2515
1534 2516
1535 2516
1536 2517
1537 2517
1538 2517
1539 2518
1540 2518
1541 2518
1542 2519
1543 2519
1544 2519
1545 2520
1546 2520
1547 2520
1548 2520
1549 2520
1550 2521
1551 2521
1552 2521
1553 2521
1554 2521
1555 2521
1556 2521
1557 2522
1558 2522
1559 2522
1560 2523
1561 2523
1562 2524
1563 2524
1564 2524
1565 2525
1566 2525
1567 2526
1568 2526
1569 2526
1570 2527
1571 2527
1572 2527
1573 2527
1574 2528
1575 2528
1576 2528
1577 2528
1578 2528
1579 2528
1580 2529
1581 2529
1582 2529
1583 2529
1584 2529
1585 2529
1586 2529
1587 2530
1588 2530
1589 2530
1590 2530
1591 2530
1592 2530
1593 2530
1594 2530
1595 2530
1596 2530
1597 2530
1598 2530
1599 2530
1600 2530
1601 2531
1602 2531
1603 2531
1604 2531
1605 2531
1606 2531
1607 2531
1608 2531
1609 2531
1610 2531
1611 2531
1612 2531
1613 2531
1614 2531
1615 2531
1616 2531
1617 2531
1618 2531
1619 2531
1620 2531
1621 2531
1622 2532
1623 2532
1624 2533
1625 2533
1626 2533
1627 2534
1628 2534
1629 2535
1630 2535
1631 2535
1632 2536
1633 2536
1634 2536
1635 2537
1636 2537
1637 2537
1638 2537
1639 2537
1640 2538
1641 2538
1642 2538
1643 2538
1644 2538
1645 2538
1646 2539
1647 2539
1648 2539
1649 2539
1650 2539
1651 2539
1652 2539
1653 2539
1654 2539
1655 2539
1656 2539
1657 2539
1658 2540
1659 2540
1660 2540
1661 2540
1662 2540
1663 2540
1664 2540
1665 2540
1666 2540
1667 2540
1668 2540
1669 2540
1670 2540
1671 2540
1672 2540
1673 2541
1674 2541
1675 2541
1676 2541
1677 2541
1678 2541
1679 2541
1680 2541
1681 2541
1682 2541
1683 2541
1684 2541
1685 2541
1686 2541
1687 2541
1688 2541
1689 2541
1690 2541
1691 2541
1692 2541
1693 2541
1694 2541
1695 2541
1696 2541
1697 2541
1698 2541
1699 2541
1700 2541
1701 2541
1702 2541
1703 2541
1704 2542
1705 2542
1706 2542
1707 2542
1708 2542
1709 2542
1710 2542
1711 2542
1712 2542
1713 2542
1714 2542
1715 2542
1716 2542
1717 2542
1718 2542
1719 2542
1720 2542
1721 2542
1722 2542
1723 2542
1724 2542
1725 2542
1726 2542
1727 2542
1728 2542
1729 2542
1730 2542
1731 2542
1732 2542
1733 2542
1734 2542
1735 2542
1736 2542
1737 2542
1738 2542
1739 2542
1740 2542
1741 2542
1742 2542
1743 2542
1744 2543
1745 2543
1746 2543
1747 2543
1748 2543
1749 2543
1750 2543
1751 2543
1752 2543
1753 2543
1754 2543
1755 2543
1756 2543
1757 2543
1758 2543
1759 2543
1760 2543
1761 2543
1762 2543
1763 2543
1764 2543
1765 2543
1766 2543
1767 2543
1768 2543
1769 2543
1770 2543
1771 2543
1772 2543
1773 2543
1774 2543
1775 2543
1776 2543
1777 2543
1778 2543
1779 2543
1780 2543
1781 2543
1782 2543
1783 2544
1784 2544
1785 2544
1786 2544
1787 2544
1788 2544
1789 2544
1790 2544
1791 2544
1792 2544
1793 2544
1794 2544
1795 2544
1796 2544
1797 2544
1798 2544
1799 2544
1800 2544
1801 2544
1802 2544
1803 2544
1804 2545
1805 2545
1806 2545
1807 2546
1808 2546
1809 2547
1810 2547
1811 2547
1812 2548
1813 2548
1814 2549
1815 2549
1816 2549
1817 2549
1818 2550
1819 2550
1820 2550
1821 2550
1822 2551
1823 2551
1824 2551
1825 2551
1826 2551
1827 2551
1828 2551
1829 2552
1830 2552
1831 2552
1832 2552
1833 2552
1834 2552
1835 2552
1836 2552
1837 2552
1838 2552
1839 2552
1840 2552
1841 2552
1842 2552
1843 2553
1844 2553
1845 2553
1846 2553
1847 2553
1848 2553
1849 2553
1850 2553
1851 2553
1852 2553
1853 2553
1854 2553
1855 2553
1856 2553
1857 2553
1858 2553
1859 2553
1860 2553
1861 2553
1862 2553
1863 2553
1864 2553
1865 2553
1866 2554
1867 2554
1868 2554
1869 2554
1870 2554
1871 2554
1872 2554
1873 2554
1874 2554
1875 2554
1876 2554
1877 2554
1878 2554
1879 2554
1880 2554
1881 2554
1882 2555
1883 2555
1884 2555
1885 2555
1886 2556
1887 2556
1888 2556
1889 2557
1890 2557
1891 2557
1892 2558
1893 2558
1894 2558
1895 2559
1896 2559
1897 2559
1898 2559
1899 2559
1900 2560
1901 2560
1902 2560
1903 2560
1904 2560
1905 2561
1906 2561
1907 2561
1908 2561
1909 2561
1910 2561
1911 2561
1912 2561
1913 2562
1914 2562
1915 2562
1916 2562
1917 2562
1918 2562
1919 2562
1920 2562
1921 2562
1922 2562
1923 2562
1924 2562
1925 2562
1926 2562
1927 2562
1928 2563
1929 2563
1930 2563
1931 2563
1932 2563
1933 2563
1934 2563
1935 2563
1936 2563
1937 2563
1938 2563
1939 2563
1940 2563
1941 2563
1942 2563
1943 2563
1944 2563
1945 2563
1946 2563
1947 2563
1948 2564
1949 2564
1950 2564
1951 2564
1952 2564
1953 2564
1954 2564
1955 2564
1956 2564
1957 2564
1958 2564
1959 2564
1960 2564
1961 2564
1962 2564
1963 2564
1964 2564
1965 2564
1966 2564
1967 2564
1968 2564
1969 2564
1970 2564
1971 2564
1972 2564
1973 2564
1974 2564
1975 2564
1976 2564
1977 2564
1978 2564
1979 2564
1980 2564
1981 2564
1982 2565
1983 2565
1984 2565
1985 2565
1986 2565
1987 2565
1988 2565
1989 2565
1990 2565
1991 2565
1992 2565
1993 2565
1994 2565
1995 2565
1996 2565
1997 2565
1998 2565
1999 2565
2000 2565
2001 2565
2002 2565
2003 2565
2004 2565
2005 2565
2006 2565
2007 2565
2008 2565
2009 2565
2010 2565
2011 2565
2012 2565
2013 2565
2014 2565
2015 2565
2016 2565
2017 2565
2018 2565
2019 2565
2020 2565
2021 2565
2022 2566
2023 2566
2024 2566
2025 2566
2026 2566
2027 2566
2028 2566
2029 2566
2030 2566
2031 2566
2032 2566
2033 2566
2034 2566
2035 2566
2036 2566
2037 2566
2038 2566
2039 2566
2040 2566
2041 2566
2042 2566
2043 2566
2044 2566
2045 2566
2046 2567
2047 2567
2048 2568
2049 2569
2050 2570
2051 2571
2052 2572
2053 2573
2054 2574
2055 2575
2056 2576
2057 2576
2058 2577
2059 2577
2060 2578
2061 2578
2062 2578
2063 2579
2064 2579
2065 2579
2066 2579
2067 2580
2068 2580
2069 2580
2070 2580
2071 2580
2072 2581
2073 2581
2074 2581
2075 2581
2076 2581
2077 2581
2078 2581
2079 2582
2080 2582
2081 2583
2082 2583
2083 2583
2084 2584
2085 2584
2086 2585
2087 2585
2088 2586
2089 2586
2090 2586
2091 2587
2092 2587
2093 2587
2094 2587
2095 2588
2096 2588
2097 2588
2098 2588
2099 2588
2100 2589
2101 2589
2102 2589
2103 2589
2104 2589
2105 2589
2106 2590
2107 2590
2108 2590
2109 2590
2110 2590
2111 2590
2112 2590
2113 2590
2114 2591
2115 2591
2116 2591
2117 2591
2118 2591
2119 2591
2120 2591
2121 2591
2122 2591
2123 2591
2124 2591
2125 2591
2126 2592
2127 2592
2128 2592
2129 2592
2130 2592
2131 2592
2132 2592
2133 2592
2134 2592
2135 2592
2136 2592
2137 2592
2138 2592
2139 2592
2140 2592
2141 2592
2142 2592
2143 2592
2144 2593
2145 2593
2146 2593
2147 2593
2148 2593
2149 2593
2150 2593
2151 2593
2152 2593
2153 2593
2154 2593
2155 2593
2156 2593
2157 2593
2158 2593
2159 2593
2160 2593
2161 2593
2162 2593
2163 2593
2164 2593
2165 2593
2166 2593
2167 2593
2168 2593
2169 2593
2170 2593
2171 2593
2172 2593
2173 2593
2174 2593
2175 2593
2176 2593
2177 2593
2178 2593
2179 2593
2180 2594
2181 2594
2182 2594
2183 2594
2184 2594
2185 2594
2186 2594
2187 2594
2188 2594
2189 2594
2190 2594
2191 2594
2192 2594
2193 2594
2194 2594
2195 2594
2196 2594
2197 2595
2198 2595
2199 2595
2200 2595
2201 2596
2202 2596
2203 2596
2204 2597
2205 2597
2206 2597
2207 2598
2208 2598
2209 2598
2210 2599
2211 2599
2212 2599
2213 2599
2214 2599
2215 2600
2216 2600
2217 2600
2218 2600
2219 2600
2220 2601
2221 2601
2222 2601
2223 2601
2224 2601
2225 2601
2226 2601
2227 2602
2228 2602
2229 2602
2230 2602
2231 2602
2232 2602
2233 2602
2234 2602
2235 2603
2236 2603
2237 2603
2238 2604
2239 2604
2240 2605
2241 2605
2242 2606
2243 2606
2244 2607
2245 2607
2246 2607
2247 2608
2248 2608
2249 2609
2250 2609
2251 2610
2252 2610
2253 2611
2254 2611
2255 2612
2256 2613
2257 2613
2258 2614
2259 2614
2260 2615
2261 2615
2262 2615
2263 2616
2264 2616
2265 2617
2266 2617
2267 2617
2268 2618
2269 2618
2270 2618
2271 2618
2272 2618
2273 2618
2274 2619
2275 2619
2276 2619
2277 2619
2278 2619
2279 2619
2280 2619
2281 2619
2282 2619
2283 2619
2284 2619
2285 2619
2286 2620
2287 2620
2288 2620
2289 2620
2290 2620
2291 2620
2292 2620
2293 2620
2294 2620
2295 2620
2296 2620
2297 2620
2298 2620
2299 2620
2300 2620
2301 2620
2302 2620
2303 2620
2304 2620
2305 2621
2306 2621
2307 2621
2308 2621
2309 2621
2310 2621
2311 2621
2312 2621
2313 2621
2314 2621
2315 2621
2316 2621
2317 2621
2318 2621
2319 2621
2320 2621
2321 2621
2322 2621
2323 2621
2324 2621
2325 2621
2326 2621
2327 2621
2328 2621
2329 2621
2330 2621
2331 2621
2332 2621
2333 2621
2334 2621
2335 2621
2336 2621
2337 2621
2338 2621
2339 2621
2340 2622
2341 2622
2342 2622
2343 2622
2344 2623
2345 2623
2346 2624
2347 2624
2348 2624
2349 2625
2350 2625
2351 2626
2352 2626
2353 2626
2354 2627
2355 2627
2356 2627
2357 2627
2358 2627
2359 2628
2360 2628
2361 2628
2362 2628
2363 2628
2364 2628
2365 2629
2366 2629
2367 2629
2368 2630
2369 2630
2370 2630
2371 2631
2372 2631
2373 2632
2374 2632
2375 2633
2376 2634
2377 2634
2378 2635
2379 2635
2380 2636
2381 2636
2382 2637
2383 2637
2384 2638
2385 2638
2386 2638
2387 2638
2388 2638
2389 2638
2390 2638
2391 2638
2392 2638
2393 2638
2394 2638
2395 2639
2396 2639
2397 2639
2398 2639
2399 2639
2400 2639
2401 2639
2402 2639
2403 2639
2404 2639
2405 2639
2406 2639
2407 2639
2408 2639
2409 2639
2410 2639
2411 2639
2412 2639
2413 2639
2414 2639
2415 2639
2416 2639
2417 2639
2418 2640
2419 2640
2420 2640
2421 2640
2422 2640
2423 2640
2424 2640
2425 2641
2426 2641
2427 2642
2428 2642
2429 2642
2430 2643
2431 2643
2432 2643
2433 2644
2434 2644
2435 2644
2436 2645
2437 2645
2438 2645
2439 2646
2440 2646
2441 2647
2442 2647
2443 2648
2444 2648
2445 2649
2446 2649
2447 2650
2448 2650
2449 2651
2450 2651
2451 2651
2452 2651
2453 2652
2454 2652
2455 2652
2456 2653
2457 2653
2458 2653
2459 2653
2460 2653
2461 2654
2462 2654
2463 2654
2464 2654
2465 2654
2466 2654
2467 2655
2468 2655
2469 2655
2470 2655
2471 2655
2472 2655
2473 2655
2474 2656
2475 2656
2476 2657
2477 2657
2478 2658
2479 2658
2480 2659
2481 2659
2482 2659
2483 2660
2484 2660
2485 2661
2486 2661
2487 2661
2488 2662
2489 2662
2490 2662
2491 2662
2492 2663
2493 2663
2494 2663
2495 2663
2496 2663
2497 2664
2498 2664
2499 2664
2500 2664
2501 2664
2502 2664
2503 2664
2504 2665
2505 2665
2506 2665
2507 2665
2508 2666
2509 2666
2510 2667
2511 2667
2512 2668
2513 2668
2514 2669
2515 2669
2516 2670
2517 2670
2518 2670
2519 2670
2520 2671
2521 2671
2522 2671
2523 2671
2524 2672
2525 2672
2526 2672
2527 2672
2528 2672
2529 2673
2530 2673
2531 2673
2532 2673
2533 2673
2534 2673
2535 2673
2536 2674
2537 2674
2538 2674
2539 2674
2540 2674
2541 2674
2542 2675
2543 2675
2544 2675
2545 2676
2546 2676
2547 2676
2548 2677
2549 2677
2550 2678
2551 2678
2552 2678
2553 2678
2554 2679
2555 2679
2556 2679
2557 2680
2558 2680
2559 2680
2560 2680
2561 2680
2562 2681
2563 2681
2564 2681
2565 2681
2566 2681
2567 2681
2568 2681
2569 2682
2570 2682
2571 2682
2572 2682
2573 2683
2574 2683
2575 2683
2576 2684
2577 2684
2578 2685
2579 2685
2580 2686
2581 2686
2582 2687
2583 2687
2584 2687
2585 2688
2586 2688
2587 2688
2588 2689
2589 2689
2590 2690
2591 2690
2592 2690
2593 2691
2594 2691
2595 2692
2596 2692
2597 2693
2598 2693
2599 2694
2600 2694
2601 2695
2602 2695
2603 2696
2604 2696
2605 2696
2606 2697
2607 2697
2608 2697
2609 2697
2610 2698
2611 2698
2612 2698
2613 2698
2614 2698
2615 2699
2616 2699
2617 2699
2618 2699
2619 2699
2620 2699
2621 2699
2622 2700
2623 2700
2624 2700
2625 2700
2626 2700
2627 2700
2628 2701
2629 2701
2630 2701
2631 2702
2632 2702
2633 2702
2634 2703
2635 2703
2636 2704
2637 2704
2638 2705
2639 2705
2640 2705
2641 2706
2642 2706
2643 2706
2644 2706
2645 2706
2646 2707
2647 2707
2648 2707
2649 2707
2650 2707
2651 2708
2652 2708
2653 2708
2654 2708
2655 2708
2656 2708
2657 2709
2658 2709
2659 2709
2660 2710
2661 2710
2662 2710
2663 2710
2664 2711
2665 2711
2666 2712
2667 2712
2668 2713
2669 2713
2670 2713
2671 2714
2672 2714
2673 2714
2674 2715
2675 2715
2676 2715
2677 2715
2678 2716
2679 2716
2680 2716
2681 2716
2682 2716
2683 2716
2684 2716
2685 2717
2686 2717
2687 2717
2688 2717
2689 2717
2690 2717
2691 2717
2692 2718
2693 2718
2694 2719
2695 2719
2696 2719
2697 2720
2698 2720
2699 2721
2700 2721
2701 2721
2702 2722
2703 2722
2704 2722
2705 2723
2706 2723
2707 2723
2708 2724
2709 2724
2710 2724
2711 2725
2712 2725
2713 2725
2714 2726
2715 2726
2716 2727
2717 2727
2718 2728
2719 2728
2720 2728
2721 2729
2722 2729
2723 2730
2724 2730
2725 2731
2726 2731
2727 2731
2728 2732
2729 2732
2730 2732
2731 2732
2732 2733
2733 2733
2734 2733
2735 2733
2736 2733
2737 2734
2738 2734
2739 2734
2740 2734
2741 2735
2742 2735
2743 2735
2744 2736
2745 2736
2746 2737
2747 2737
2748 2738
2749 2738
2750 2739
2751 2739
2752 2740
2753 2740
2754 2740
2755 2741
2756 2741
2757 2741
2758 2742
2759 2742
2760 2742
2761 2742
2762 2742
2763 2742
2764 2743
2765 2743
2766 2743
2767 2743
2768 2743
2769 2743
2770 2743
2771 2744
2772 2744
2773 2744
2774 2744
2775 2744
2776 2744
2777 2744
2778 2744
2779 2744
2780 2744
2781 2744
2782 2744
2783 2744
2784 2744
2785 2744
2786 2744
2787 2744
2788 2744
2789 2745
2790 2745
2791 2745
2792 2745
2793 2745
2794 2745
2795 2745
2796 2745
2797 2745
2798 2745
2799 2745
2800 2745
2801 2745
2802 2745
2803 2745
2804 2745
2805 2745
2806 2745
2807 2745
2808 2745
2809 2745
2810 2745
2811 2745
2812 2745
2813 2745
2814 2745
2815 2745
2816 2746
2817 2746
2818 2746
2819 2746
2820 2746
2821 2746
2822 2746
2823 2746
2824 2746
2825 2746
2826 2746
2827 2746
2828 2746
2829 2746
2830 2746
2831 2746
2832 2746
2833 2746
2834 2746
2835 2746
2836 2746
2837 2746
2838 2746
2839 2746
2840 2746
2841 2746
2842 2746
2843 2746
2844 2746
2845 2746
2846 2746
2847 2747
2848 2747
2849 2747
2850 2747
2851 2748
2852 2748
2853 2748
2854 2749
2855 2749
2856 2750
2857 2750
2858 2751
2859 2751
2860 2752
2861 2752
2862 2753
2863 2753
2864 2754
2865 2754
2866 2754
2867 2755
2868 2755
2869 2756
2870 2756
2871 2757
2872 2757
2873 2757
2874 2758
2875 2758
2876 2758
2877 2759
2878 2759
2879 2759
2880 2760
2881 2760
2882 2760
2883 2760
2884 2761
2885 2761
2886 2761
2887 2761
2888 2762
2889 2762
2890 2762
2891 2762
2892 2762
2893 2762
2894 2763
2895 2763
2896 2763
2897 2763
2898 2764
2899 2764
2900 2765
2901 2765
2902 2766
2903 2766
2904 2766
2905 2767
2906 2767
2907 2767
2908 2768
2909 2768
2910 2768
2911 2768
2912 2769
2913 2769
2914 2769
2915 2769
2916 2769
2917 2769
2918 2770
2919 2770
2920 2770
2921 2770
2922 2771
2923 2771
2924 2771
2925 2772
2926 2772
2927 2772
2928 2773
2929 2773
2930 2773
2931 2774
2932 2774
2933 2774
2934 2775
2935 2775
2936 2775
2937 2776
2938 2776
2939 2776
2940 2776
2941 2777
2942 2777
2943 2777
2944 2777
2945 2777
2946 2778
2947 2778
2948 2778
2949 2778
2950 2778
2951 2778
2952 2779
2953 2779
2954 2779
2955 2779
2956 2779
2957 2779
2958 2779
2959 2780
2960 2780
2961 2780
2962 2780
2963 2780
2964 2780
2965 2780
2966 2780
2967 2780
2968 2780
2969 2780
2970 2781
2971 2781
2972 2781
2973 2781
2974 2781
2975 2781
2976 2781
2977 2781
2978 2782
2979 2782
2980 2782
2981 2783
2982 2783
2983 2783
2984 2784
2985 2784
2986 2785
2987 2785
2988 2785
2989 2786
2990 2787
2991 2787
2992 2788
2993 2789
2994 2789
2995 2790
2996 2790
2997 2791
2998 2791
2999 2792
3000 2792
3001 2793
3002 2793
3003 2793
3004 2794
3005 2794
3006 2794
3007 2794
3008 2795
3009 2795
3010 2795
3011 2795
3012 2796
3013 2796
3014 2796
3015 2796
3016 2796
3017 2796
3018 2797
3019 2797
3020 2797
3021 2797
3022 2797
3023 2797
3024 2797
3025 2797
3026 2797
3027 2798
3028 2798
3029 2798
3030 2798
3031 2798
3032 2798
3033 2798
3034 2798
3035 2798
3036 2798
3037 2798
3038 2798
3039 2798
3040 2798
3041 2798
3042 2798
3043 2798
3044 2799
3045 2799
3046 2799
3047 2799
3048 2799
3049 2799
3050 2799
3051 2799
3052 2799
3053 2799
3054 2799
3055 2799
3056 2799
3057 2799
3058 2799
3059 2799
3060 2799
3061 2799
3062 2799
3063 2800
3064 2800
3065 2800
3066 2800
3067 2800
3068 2800
3069 2800
3070 2800
3071 2800
3072 2800
3073 2800
3074 2800
3075 2800
3076 2800
3077 2800
3078 2800
3079 2800
3080 2800
3081 2800
3082 2800
3083 2800
3084 2800
3085 2800
3086 2800
3087 2800
3088 2800
3089 2800
3090 2800
3091 2800
3092 2800
3093 2800
3094 2800
3095 2800
3096 2801
3097 2801
3098 2801
3099 2801
3100 2801
3101 2801
3102 2801
3103 2801
3104 2801
3105 2801
3106 2801
3107 2801
3108 2801
3109 2801
3110 2801
3111 2801
3112 2801
3113 2801
3114 2801
3115 2801
3116 2801
3117 2801
3118 2801
3119 2801
3120 2801
3121 2801
3122 2801
3123 2801
3124 2801
3125 2801
3126 2801
3127 2801
3128 2801
3129 2801
3130 2801
3131 2801
3132 2801
3133 2801
3134 2801
3135 2801
3136 2802
3137 2802
3138 2802
3139 2802
3140 2802
3141 2802
3142 2802
3143 2802
3144 2802
3145 2802
3146 2802
3147 2802
3148 2802
3149 2802
3150 2802
3151 2802
3152 2802
3153 2802
3154 2803
3155 2803
3156 2803
3157 2804
3158 2804
3159 2804
3160 2805
3161 2805
3162 2805
3163 2806
3164 2806
3165 2806
3166 2807
3167 2807
3168 2807
3169 2807
3170 2807
3171 2808
3172 2808
3173 2808
3174 2808
3175 2808
3176 2808
3177 2809
3178 2809
3179 2809
3180 2809
3181 2809
3182 2809
3183 2809
3184 2809
3185 2809
3186 2810
3187 2810
3188 2810
3189 2810
3190 2810
3191 2811
3192 2811
3193 2811
3194 2811
3195 2812
3196 2812
3197 2812
3198 2813
3199 2813
3200 2814
3201 2814
3202 2814
3203 2815
3204 2815
3205 2815
3206 2815
3207 2815
3208 2816
3209 2816
3210 2816
3211 2816
3212 2817
3213 2817
3214 2817
3215 2818
3216 2819
3217 2819
3218 2820
3219 2820
3220 2821
3221 2821
3222 2821
3223 2822
3224 2822
3225 2822
3226 2823
3227 2823
3228 2823
3229 2824
3230 2824
3231 2824
3232 2824
3233 2824
3234 2825
3235 2825
3236 2825
3237 2825
3238 2825
3239 2826
3240 2826
3241 2826
3242 2826
3243 2826
3244 2826
3245 2827
3246 2827
3247 2827
3248 2828
3249 2828
3250 2829
3251 2829
3252 2830
3253 2830
3254 2831
3255 2831
3256 2832
3257 2832
3258 2833
3259 2833
3260 2833
3261 2833
3262 2833
3263 2834
3264 2834
3265 2834
3266 2834
3267 2834
3268 2835
3269 2835
3270 2835
3271 2835
3272 2835
3273 2835
3274 2835
3275 2836
3276 2836
3277 2836
3278 2836
3279 2837
3280 2837
3281 2837
3282 2838
3283 2838
3284 2838
3285 2839
3286 2839
3287 2840
3288 2840
3289 2840
3290 2841
3291 2841
3292 2841
3293 2842
3294 2842
3295 2842
3296 2842
3297 2842
3298 2842
3299 2843
3300 2843
3301 2843
3302 2843
3303 2843
3304 2843
3305 2843
3306 2844
3307 2844
3308 2844
3309 2844
3310 2844
3311 2844
3312 2844
3313 2845
3314 2845
3315 2845
3316 2846
3317 2846
3318 2846
3319 2847
3320 2847
3321 2847
3322 2848
3323 2848
3324 2849
3325 2849
3326 2849
3327 2850
3328 2850
3329 2850
3330 2851
3331 2851
3332 2851
3333 2851
3334 2851
3335 2852
3336 2852
3337 2852
3338 2852
3339 2852
3340 2852
3341 2853
3342 2853
3343 2853
3344 2853
3345 2853
3346 2853
3347 2854
3348 2854
3349 2854
3350 2854
3351 2855
3352 2855
3353 2855
3354 2856
3355 2856
3356 2856
3357 2857
3358 2857
3359 2857
3360 2858
3361 2858
3362 2858
3363 2859
3364 2859
3365 2860
3366 2860
3367 2861
3368 2861
3369 2862
3370 2862
3371 2863
3372 2863
3373 2864
3374 2864
3375 2865
3376 2865
3377 2866
3378 2866
3379 2867
3380 2867
3381 2867
3382 2868
3383 2868
3384 2868
3385 2869
3386 2869
3387 2869
3388 2869
3389 2870
3390 2870
3391 2870
3392 2870
3393 2870
3394 2870
3395 2870
3396 2871
3397 2871
3398 2871
3399 2872
3400 2872
3401 2873
3402 2873
3403 2874
3404 2874
3405 2875
3406 2875
3407 2876
3408 2876
3409 2876
3410 2877
3411 2877
3412 2878
3413 2878
3414 2878
3415 2878
3416 2879
3417 2879
3418 2879
3419 2880
3420 2880
3421 2881
3422 2881
3423 2882
3424 2883
3425 2883
3426 2884
3427 2884
3428 2885
3429 2885
3430 2885
3431 2885
3432 2886
3433 2886
3434 2886
3435 2886
3436 2886
3437 2887
3438 2887
3439 2887
3440 2887
3441 2887
3442 2887
3443 2888
3444 2888
3445 2888
3446 2888
3447 2888
3448 2888
3449 2889
3450 2889
3451 2889
3452 2890
3453 2890
3454 2890
3455 2890
3456 2891
3457 2891
3458 2891
3459 2891
3460 2892
3461 2892
3462 2892
3463 2893
3464 2893
3465 2893
3466 2894
3467 2894
3468 2894
3469 2895
3470 2895
3471 2895
3472 2895
3473 2895
3474 2896
3475 2896
3476 2896
3477 2896
3478 2897
3479 2897
3480 2897
3481 2898
3482 2898
3483 2899
3484 2899
3485 2899
3486 2900
3487 2900
3488 2901
3489 2901
3490 2902
3491 2902
3492 2902
3493 2903
3494 2903
3495 2903
3496 2903
3497 2904
3498 2904
3499 2904
3500 2904
3501 2904
3502 2905
3503 2905
3504 2905
3505 2905
3506 2905
3507 2905
3508 2905
3509 2905
3510 2906
3511 2906
3512 2906
3513 2906
3514 2906
3515 2906
3516 2906
3517 2906
3518 2906
3519 2906
3520 2907
3521 2907
3522 2907
3523 2907
3524 2907
3525 2907
3526 2907
3527 2907
3528 2907
3529 2907
3530 2907
3531 2908
3532 2908
3533 2908
3534 2909
3535 2909
3536 2909
3537 2909
3538 2910
3539 2910
3540 2910
3541 2910
3542 2911
3543 2911
3544 2911
3545 2911
3546 2912
3547 2912
3548 2912
3549 2912
3550 2913
3551 2913
3552 2913
3553 2913
3554 2913
3555 2913
3556 2914
3557 2914
3558 2914
3559 2914
3560 2914
3561 2914
3562 2915
3563 2915
3564 2915
3565 2916
3566 2916
3567 2916
3568 2917
3569 2917
3570 2917
3571 2918
3572 2918
3573 2919
3574 2919
3575 2919
3576 2920
3577 2921
3578 2921
3579 2922
3580 2923
3581 2923
3582 2924
3583 2924
3584 2925
3585 2925
3586 2926
3587 2926
3588 2927
3589 2927
3590 2927
3591 2928
3592 2928
3593 2928
3594 2929
3595 2929
3596 2929
3597 2929
3598 2930
3599 2930
3600 2930
3601 2930
3602 2931
3603 2931
3604 2931
3605 2931
3606 2931
3607 2931
3608 2932
3609 2932
3610 2932
3611 2932
3612 2932
3613 2932
3614 2932
3615 2932
3616 2932
3617 2932
3618 2932
3619 2933
3620 2933
3621 2933
3622 2933
3623 2933
3624 2933
3625 2933
3626 2933
3627 2933
3628 2933
3629 2933
3630 2933
3631 2933
3632 2933
3633 2933
3634 2933
3635 2933
3636 2934
3637 2934
3638 2934
3639 2934
3640 2934
3641 2934
3642 2934
3643 2934
3644 2934
3645 2934
3646 2934
3647 2934
3648 2934
3649 2934
3650 2934
3651 2934
3652 2934
3653 2934
3654 2934
3655 2934
3656 2934
3657 2934
3658 2934
3659 2934
3660 2934
3661 2935
3662 2935
3663 2935
3664 2935
3665 2935
3666 2935
3667 2935
3668 2935
3669 2935
3670 2935
3671 2935
3672 2935
3673 2935
3674 2935
3675 2935
3676 2935
3677 2935
3678 2935
3679 2935
3680 2935
3681 2935
3682 2935
3683 2935
3684 2935
3685 2935
3686 2935
3687 2935
3688 2935
3689 2935
3690 2935
3691 2935
3692 2935
3693 2935
3694 2935
3695 2935
3696 2936
3697 2936
3698 2936
3699 2936
3700 2936
3701 2936
3702 2936
3703 2936
3704 2936
3705 2936
3706 2936
3707 2936
3708 2936
3709 2936
3710 2936
3711 2936
3712 2936
3713 2936
3714 2936
3715 2936
3716 2936
3717 2936
3718 2936
3719 2936
3720 2936
3721 2936
3722 2936
3723 2936
3724 2936
3725 2936
3726 2936
3727 2936
3728 2936
3729 2936
3730 2936
3731 2936
3732 2936
3733 2936
3734 2936
3735 2937
3736 2937
3737 2937
3738 2937
3739 2937
3740 2937
3741 2937
3742 2937
3743 2937
3744 2937
3745 2937
3746 2937
3747 2937
3748 2937
3749 2937
3750 2937
3751 2937
3752 2937
3753 2937
3754 2937
3755 2937
3756 2937
3757 2937
3758 2937
3759 2937
3760 2937
3761 2937
3762 2937
3763 2937
3764 2937
3765 2937
3766 2937
3767 2937
3768 2937
3769 2937
3770 2937
3771 2937
3772 2937
3773 2937
3774 2938
3775 2938
3776 2938
3777 2938
3778 2938
3779 2938
3780 2938
3781 2938
3782 2938
3783 2938
3784 2938
3785 2938
3786 2938
3787 2938
3788 2938
3789 2938
3790 2938
3791 2938
3792 2938
3793 2938
3794 2938
3795 2938
3796 2938
3797 2938
3798 2938
3799 2938
3800 2938
3801 2938
3802 2938
3803 2938
3804 2938
3805 2938
3806 2938
3807 2938
3808 2938
3809 2938
3810 2938
3811 2938
3812 2938
3813 2938
3814 2938
3815 2938
3816 2938
3817 2937
3818 2937
3819 2937
3820 2936
3821 2936
3822 2936
3823 2935
3824 2935
3825 2935
3826 2935
3827 2935
3828 2934
3829 2934
3830 2934
3831 2934
3832 2934
3833 2934
3834 2933
3835 2933
3836 2933
3837 2933
3838 2933
3839 2933
3840 2933
3841 2933
3842 2933
3843 2933
3844 2933
3845 2933
3846 2933
3847 2933
3848 2933
3849 2932
3850 2932
3851 2932
3852 2932
3853 2932
3854 2932
3855 2932
3856 2932
3857 2932
3858 2932
3859 2932
3860 2932
3861 2932
3862 2932
3863 2932
3864 2932
3865 2932
3866 2932
3867 2932
3868 2932
3869 2932
3870 2932
3871 2932
3872 2932
3873 2932
3874 2932
3875 2932
3876 2932
3877 2932
3878 2932
3879 2932
3880 2932
3881 2932
3882 2932
3883 2932
3884 2933
3885 2933
3886 2933
3887 2933
3888 2932
3889 2932
3890 2932
3891 2932
3892 2932
3893 2932
3894 2931
3895 2931
3896 2931
3897 2931
3898 2931
3899 2930
3900 2930
3901 2930
3902 2929
3903 2929
3904 2929
3905 2928
3906 2928
3907 2928
3908 2928
3909 2927
3910 2927
3911 2927
3912 2927
3913 2927
3914 2927
3915 2927
3916 2927
3917 2926
3918 2926
3919 2926
3920 2926
3921 2926
3922 2925
3923 2925
3924 2925
3925 2924
3926 2924
3927 2924
3928 2923
3929 2923
3930 2923
3931 2922
3932 2922
3933 2922
3934 2921
3935 2921
3936 2921
3937 2921
3938 2921
3939 2920
3940 2920
3941 2920
3942 2919
3943 2919
3944 2918
3945 2917
3946 2917
3947 2916
3948 2915
3949 2914
3950 2913
3951 2913
3952 2912
3953 2911
3954 2910
3955 2909
3956 2908
3957 2907
3958 2907
3959 2906
3960 2905
3961 2904
3962 2904
3963 2903
3964 2902
3965 2902
3966 2901
3967 2901
3968 2901
3969 2900
3970 2900
3971 2899
3972 2899
3973 2899
3974 2898
3975 2898
3976 2897
3977 2897
3978 2896
3979 2896
3980 2895
3981 2895
3982 2894
3983 2893
3984 2893
3985 2892
3986 2892
3987 2891
3988 2890
3989 2890
3990 2889
3991 2889
3992 2888
3993 2887
3994 2887
3995 2886
3996 2886
3997 2885
3998 2884
3999 2884
4000 2883
4001 2883
4002 2882
4003 2881
4004 2881
4005 2880
4006 2879
4007 2879
4008 2878
4009 2877
4010 2877
4011 2876
4012 2875
4013 2875
4014 2874
4015 2873
4016 2873
4017 2872
4018 2871
4019 2871
4020 2870
4021 2869
4022 2868
4023 2867
4024 2867
4025 2866
4025 2865
4026 2864
4027 2863
4028 2862
4029 2861
4029 2860
4030 2859
4030 2858
4031 2857
4032 2856
4033 2856
4034 2855
4035 2854
4036 2853
4037 2852
4038 2852
4038 2851
4039 2850
4040 2849
4041 2848
4042 2847
4043 2846
4044 2845
4045 2844
4046 2843
4047 2842
4048 2841
4048 2840
4049 2839
4049 2838
4050 2837
4050 2836
4051 2835
4051 2834
4052 2833
4052 2832
4053 2831
4053 2830
4054 2829
4055 2828
4056 2827
4056 2826
4057 2825
4058 2824
4059 2823
4059 2822
4060 2821
4061 2820
4062 2819
4062 2818
4063 2817
4064 2816
4064 2815
4065 2814
4066 2813
4067 2812
4067 2811
4068 2810
4069 2809
4070 2808
4070 2807
4071 2806
4072 2805
4073 2804
4074 2803
4075 2802
4076 2801
4077 2800
4078 2799
4079 2798
4079 2797
4080 2796
4081 2795
4081 2794
4082 2793
4083 2792
4083 2791
4084 2790
4085 2789
4086 2788
4087 2787
4087 2786
4088 2785
4089 2784
4089 2783
4090 2782
4091 2781
4091 2780
4092 2779
4093 2778
4094 2777
4094 2776
4095 2775
4096 2774
4096 2773
4096 2772
4097 2771
4097 2770
4098 2769
4098 2768
4098 2767
4098 2766
4098 2765
4099 2764
4099 2763
4099 2762
4099 2761
4099 2760
4100 2759
4100 2758
4100 2757
4101 2756
4101 2755
4102 2754
4102 2753
4103 2752
4103 2751
4104 2750
4104 2749
4105 2748
4105 2747
4106 2746
4107 2745
4108 2744
4109 2743
4110 2742
4111 2741
4111 2740
4112 2739
4113 2738
4113 2737
4114 2736
4115 2735
4116 2734
4117 2733
4118 2732
4119 2731
4119 2730
4120 2729
4121 2728
4122 2727
4122 2726
4123 2725
4124 2724
4124 2723
4125 2722
4126 2721
4127 2720
4127 2719
4128 2718
4129 2717
4130 2716
4131 2715
4131 2714
4132 2713
4133 2712
4134 2711
4135 2710
4136 2709
4137 2708
4138 2707
4138 2706
4139 2705
4140 2704
4141 2703
4142 2702
4143 2701
4144 2700
4145 2699
4145 2698
4146 2697
4146 2696
4147 2695
4147 2694
4147 2693
4148 2692
4149 2691
4149 2690
4150 2689
4150 2688
4151 2687
4152 2686
4152 2685
4153 2684
4153 2683
4154 2682
4155 2681
4155 2680
4156 2679
4157 2678
4157 2677
4158 2676
4159 2675
4159 2674
4160 2673
4161 2672
4161 2671
4162 2670
4163 2669
4163 2668
4164 2667
4164 2666
4164 2665
4165 2664
4165 2663
4166 2662
4167 2661
4168 2660
4169 2659
4170 2658
4170 2657
4171 2656
4171 2655
4172 2654
4173 2653
4174 2652
4175 2651
4176 2650
4177 2649
4177 2648
4178 2647
4178 2646
4179 2645
4180 2644
4180 2643
4181 2642
4181 2641
4182 2640
4183 2639
4183 2638
4184 2637
4184 2636
4185 2635
4186 2634
4186 2633
4187 2632
4188 2631
4188 2630
4189 2629
4189 2628
4190 2627
4191 2626
4191 2625
4192 2624
4192 2623
4193 2622
4193 2621
4194 2620
4194 2619
4195 2618
4195 2617
4196 2616
4196 2615
4197 2614
4198 2613
4198 2612
4199 2611
4200 2610
4201 2609
4202 2608
4202 2607
4203 2606
4204 2605
4205 2604
4205 2603
4206 2602
4207 2601
4207 2600
4208 2599
4209 2598
4209 2597
4210 2596
4210 2595
4211 2594
4211 2593
4212 2592
4213 2591
4213 2590
4214 2589
4214 2588
4215 2587
4215 2586
4216 2585
4216 2584
4217 2583
4217 2582
4218 2581
4219 2580
4220 2579
4220 2578
4221 2577
4222 2576
4222 2575
4223 2574
4224 2573
4224 2572
4225 2571
4225 2570
4226 2569
4226 2568
4227 2567
4228 2566
4228 2565
4229 2564
4230 2563
4230 2562
4231 2561
4232 2560
4232 2559
4233 2558
4234 2557
4235 2556
4235 2555
4236 2554
4236 2553
4237 2552
4237 2551
4238 2550
4238 2549
4239 2548
4239 2547
4240 2546
4241 2545
4241 2544
4242 2543
4242 2542
4243 2541
4243 2540
4244 2539
4245 2538
4245 2537
4246 2536
4246 2535
4247 2534
4247 2533
4248 2532
4248 2531
4249 2530
4249 2529
4250 2528
4251 2527
4251 2526
4252 2525
4252 2524
4253 2523
4253 2522
4254 2521
4254 2520
4255 2519
4255 2518
4255 2517
4256 2516
4256 2515
4256 2514
4256 2513
4257 2512
4257 2511
4257 2510
4257 2509
4258 2508
4258 2507
4258 2506
4258 2505
4258 2504
4259 2503
4259 2502
4259 2501
4259 2500
4259 2499
4259 2498
4260 2497
4260 2496
4260 2495
4260 2494
4260 2493
4260 2492
4260 2491
4260 2490
4260 2489
4261 2488
4261 2487
4261 2486
4261 2485
4261 2484
4261 2483
4261 2482
4261 2481
4261 2480
4261 2479
4261 2478
4261 2477
4261 2476
4262 2475
4262 2474
4262 2473
4262 2472
4262 2471
4262 2470
4262 2469
4262 2468
4262 2467
4262 2466
4262 2465
4262 2464
4262 2463
4262 2462
4262 2461
4262 2460
4262 2459
4262 2458
4262 2457
4262 2456
4262 2455
4262 2454
4262 2453
4262 2452
4262 2451
4262 2450
4262 2449
4262 2448
4262 2447
4262 2446
4262 2445
4262 2444
4263 2443
4263 2442
4263 2441
4263 2440
4263 2439
4263 2438
4263 2437
4263 2436
4263 2435
4263 2434
4263 2433
4263 2432
4263 2431
4263 2430
4263 2429
4263 2428
4263 2427
4263 2426
4263 2425
4263 2424
4263 2423
4263 2422
4263 2421
4263 2420
4263 2419
4263 2418
4263 2417
4263 2416
4263 2415
4263 2414
4263 2413
4263 2412
4263 2411
4263 2410
4263 2409
4263 2408
4263 2407
4263 2406
4264 2405
4264 2404
4264 2403
4264 2402
4264 2401
4264 2400
4264 2399
4264 2398
4264 2397
4264 2396
4264 2395
4264 2394
4264 2393
4264 2392
4264 2391
4264 2390
4264 2389
4264 2388
4264 2387
4264 2386
4264 2385
4264 2384
4264 2383
4264 2382
4264 2381
4264 2380
4264 2379
4264 2378
4264 2377
4264 2376
4264 2375
4264 2374
4264 2373
4264 2372
4264 2371
4264 2370
4264 2369
4264 2368
4264 2367
4264 2366
4265 2365
4265 2364
4265 2363
4265 2362
4265 2361
4265 2360
4265 2359
4265 2358
4265 2357
4265 2356
4265 2355
4265 2354
4265 2353
4265 2352
4265 2351
4265 2350
4265 2349
4265 2348
4265 2347
4265 2346
4265 2345
4265 2344
4265 2343
4265 2342
4265 2341
4265 2340
4265 2339
4265 2338
4265 2337
4265 2336
4265 2335
4265 2334
4265 2333
4265 2332
4265 2331
4265 2330
4265 2329
4265 2328
4265 2327
4265 2326
4265 2325
4265 2324
4265 2323
4265 2322
4265 2321
4265 2320
4264 2319
4264 2318
4264 2317
4264 2316
4263 2315
4263 2314
4263 2313
4262 2312
4262 2311
4262 2310
4262 2309
4261 2308
4261 2307
4261 2306
4261 2305
4261 2304
4261 2303
4260 2302
4260 2301
4260 2300
4260 2299
4260 2298
4260 2297
4260 2296
4260 2295
4260 2294
4260 2293
4260 2292
4260 2291
4259 2290
4259 2289
4259 2288
4259 2287
4259 2286
4259 2285
4259 2284
4258 2283
4258 2282
4258 2281
4257 2280
4257 2279
4256 2278
4256 2277
4255 2276
4255 2275
4255 2274
4254 2273
4254 2272
4253 2271
4253 2270
4252 2269
4252 2268
4251 2267
4251 2266
4251 2265
4250 2264
4250 2263
4250 2262
4249 2261
4249 2260
4249 2259
4248 2258
4248 2257
4247 2256
4247 2255
4246 2254
4246 2253
4245 2252
4245 2251
4244 2250
4244 2249
4243 2248
4243 2247
4243 2246
4242 2245
4242 2244
4241 2243
4241 2242
4241 2241
4240 2240
4240 2239
4239 2238
4239 2237
4238 2236
4238 2235
4237 2234
4237 2233
4236 2232
4236 2231
4235 2230
4235 2229
4234 2228
4234 2227
4234 2226
4233 2225
4233 2224
4233 2223
4232 2222
4232 2221
4232 2220
4231 2219
4231 2218
4230 2217
4230 2216
4229 2215
4229 2214
4229 2213
4228 2212
4228 2211
4227 2210
4227 2209
4227 2208
4226 2207
4226 2206
4225 2205
4225 2204
4225 2203
4224 2202
4224 2201
4223 2200
4223 2199
4222 2198
4222 2197
4221 2196
4221 2195
4220 2194
4220 2193
4219 2192
4218 2191
4218 2190
4217 2189
4216 2188
4215 2187
4215 2186
4214 2185
4213 2184
4213 2183
4212 2182
4211 2181
4211 2180
4210 2179
4209 2178
4209 2177
4208 2176
4208 2175
4207 2174
4206 2173
4206 2172
4205 2171
4205 2170
4204 2169
4204 2168
4203 2167
4203 2166
4202 2165
4202 2164
4202 2163
4201 2162
4201 2161
4200 2160
4200 2159
4199 2158
4199 2157
4199 2156
4198 2155
4198 2154
4197 2153
4197 2152
4196 2151
4196 2150
4196 2149
4195 2148
4195 2147
4195 2146
4195 2145
4194 2144
4194 2143
4194 2142
4193 2141
4193 2140
4192 2139
4192 2138
4191 2137
4191 2136
4190 2135
4190 2134
4189 2133
4189 2132
4188 2131
4188 2130
4188 2129
4187 2128
4187 2127
4186 2126
4185 2125
4185 2124
4184 2123
4184 2122
4183 2121
4182 2120
4182 2119
4182 2118
4181 2117
4181 2116
4181 2115
4180 2114
4180 2113
4179 2112
4179 2111
4178 2110
4178 2109
4177 2108
4177 2107
4176 2106
4176 2105
4175 2104
4175 2103
4174 2102
4174 2101
4173 2100
4172 2099
4172 2098
4171 2097
4171 2096
4170 2095
4169 2094
4169 2093
4168 2092
4168 2091
4167 2090
4167 2089
4166 2088
4166 2087
4165 2086
4164 2085
4164 2084
4163 2083
4163 2082
4162 2081
4162 2080
4161 2079
4160 2078
4160 2077
4159 2076
4158 2075
4157 2074
4157 2073
4156 2072
4155 2071
4155 2070
4154 2069
4153 2068
4153 2067
4152 2066
4151 2065
4151 2064
4150 2063
4150 2062
4149 2061
4149 2060
4148 2059
4148 2058
4147 2057
4147 2056
4146 2055
4146 2054
4145 2053
4145 2052
4144 2051
4143 2050
4143 2049
4142 2048
4142 2047
4141 2046
4141 2045
4140 2044
4139 2043
4138 2042
4137 2041
4136 2040
4135 2039
4134 2038
4133 2037
4133 2036
4132 2035
4131 2034
4131 2033
4130 2032
4129 2031
4129 2030
4128 2029
4127 2028
4127 2027
4126 2026
4125 2025
4125 2024
4124 2023
4123 2022
4123 2021
4122 2020
4121 2019
4121 2018
4120 2017
4120 2016
4119 2015
4119 2014
4118 2013
4118 2012
4117 2011
4117 2010
4116 2009
4116 2008
4115 2007
4115 2006
4114 2005
4114 2004
4113 2003
4113 2002
4112 2001
4111 2000
4110 1999
4110 1998
4109 1997
4108 1996
4107 1995
4106 1994
4105 1993
4105 1992
4104 1991
4103 1990
4102 1989
4101 1988
4101 1987
4100 1986
4099 1985
4098 1984
4098 1983
4097 1982
4097 1981
4096 1980
4095 1979
4095 1978
4094 1977
4093 1976
4092 1975
4092 1974
4091 1973
4090 1972
4089 1971
4089 1970
4088 1969
4088 1968
4087 1967
4087 1966
4086 1965
4086 1964
4085 1963
4085 1962
4084 1961
4083 1960
4083 1959
4082 1958
4081 1957
4080 1956
4079 1955
4078 1954
4077 1953
4076 1952
4075 1951
4074 1951
4073 1950
4072 1949
4071 1948
4070 1947
4069 1946
4068 1946
4067 1945
4066 1944
4065 1943
4064 1942
4063 1941
4062 1940
4061 1939
4060 1938
4059 1937
4058 1936
4057 1935
4056 1934
4055 1933
4054 1932
4053 1931
4052 1930
4052 1929
4051 1928
4050 1927
4050 1926
4049 1926
4048 1925
4047 1924
4046 1924
4045 1923
4044 1922
4043 1921
4042 1921
4041 1920
4040 1920
4039 1919
4038 1919
4037 1918
4036 1917
4035 1916
4034 1915
4033 1915
4032 1914
4031 1913
4030 1912
4029 1912
4028 1911
4027 1910
4026 1909
4025 1909
4024 1908
4023 1907
4022 1906
4021 1906
4020 1905
4019 1904
4018 1904
4017 1903
4016 1903
4015 1902
4014 1902
4013 1901
4012 1901
4011 1900
4010 1900
4009 1899
4008 1899
4007 1898
4006 1897
4005 1897
4004 1896
4003 1896
4002 1895
4001 1895
4000 1894
3999 1894
3998 1893
3997 1893
3996 1892
3995 1892
3994 1891
3993 1891
3992 1890
3991 1890
3990 1889
3989 1889
3988 1888
3987 1888
3986 1888
3985 1887
3984 1887
3983 1886
3982 1885
3981 1884
3981 1883
3980 1882
3979 1881
3979 1880
3978 1880
3977 1879
3976 1878
3975 1877
3974 1877
3973 1876
3972 1876
3971 1875
3970 1875
3969 1875
3968 1874
3967 1874
3966 1874
3965 1874
3964 1874
3963 1874
3962 1873
3961 1873
3960 1873
3959 1873
3958 1873
3957 1873
3956 1873
3955 1873
3954 1872
3953 1872
3952 1872
3951 1872
3950 1872
3949 1872
3948 1872
3947 1872
3946 1872
3945 1872
3944 1872
3943 1872
3942 1871
3941 1871
3940 1871
3939 1871
3938 1871
3937 1871
3936 1871
3935 1871
3934 1871
3933 1871
3932 1871
3931 1871
3930 1871
3929 1871
3928 1871
3927 1871
3926 1871
3925 1871
3924 1871
3923 1871
3922 1871
3921 1871
3920 1871
3919 1871
3918 1871
3917 1871
3916 1871
3915 1871
3914 1870
3913 1870
3912 1870
3911 1870
3910 1870
3909 1870
3908 1870
3907 1870
3906 1870
3905 1870
3904 1870
3903 1870
3902 1870
3901 1870
3900 1870
3899 1870
3898 1870
3897 1870
3896 1870
3895 1870
3894 1870
3893 1870
3892 1870
3891 1870
3890 1870
3889 1870
3888 1870
3887 1870
3886 1870
3885 1870
3884 1870
3883 1870
3882 1870
3881 1870
3880 1870
3879 1870
3878 1870
3877 1870
3876 1870
3875 1869
3874 1869
3873 1869
3872 1869
3871 1869
3870 1869
3869 1869
3868 1869
3867 1869
3866 1869
3865 1869
3864 1869
3863 1869
3862 1869
3861 1869
3860 1869
3859 1869
3858 1869
3857 1869
3856 1869
3855 1869
3854 1869
3853 1869
3852 1869
3851 1869
3850 1869
3849 1869
3848 1869
3847 1869
3846 1869
3845 1868
3844 1868
3843 1868
3842 1868
3841 1867
3840 1867
3839 1867
3838 1867
3837 1866
3836 1866
3835 1865
3834 1865
3833 1865
3832 1864
3831 1864
3830 1863
3829 1863
3828 1863
3827 1863
3826 1862
3825 1862
3824 1861
3823 1861
3822 1860
3821 1860
3820 1859
3819 1859
3818 1859
3817 1858
3816 1858
3815 1857
3814 1857
3813 1856
3812 1856
3811 1855
3810 1855
3809 1855
3808 1854
3807 1854
3806 1853
3805 1853
3804 1853
3803 1852
3802 1852
3801 1851
3800 1851
3799 1850
3798 1850
3797 1849
3796 1849
3795 1848
3794 1848
3793 1847
3792 1847
3791 1847
3790 1846
3789 1846
3788 1846
3787 1846
3786 1845
3785 1845
3784 1845
3783 1845
3782 1845
3781 1844
3780 1844
3779 1844
3778 1844
3777 1844
3776 1844
3775 1844
3774 1844
3773 1844
3772 1844
3771 1843
3770 1843
3769 1843
3768 1843
3767 1843
3766 1843
3765 1843
3764 1843
3763 1843
3762 1843
3761 1843
3760 1843
3759 1843
3758 1843
3757 1843
