3356 1953
3355 1954
3354 1955
3353 1955
3352 1955
3351 1955
3350 1955
3349 1955
3348 1955
3347 1955
3346 1955
3345 1955
3344 1956
3343 1956
3342 1956
3342 1957
3341 1958
3340 1958
3339 1958
3338 1957
3337 1958
3336 1958
3335 1958
3334 1957
3334 1956
3333 1956
3332 1956
3332 1957
3332 1958
3332 1959
3331 1960
3331 1961
3330 1962
3329 1962
3328 1962
3327 1961
3326 1960
3326 1959
3326 1958
3326 1957
3327 1956
3327 1955
3327 1956
3326 1957
3325 1958
3324 1958
3323 1958
3322 1958
3322 1959
3322 1960
3321 1961
3321 1962
3321 1963
3320 1964
3319 1964
3318 1964
3317 1964
3317 1965
3317 1966
3317 1967
3317 1968
3316 1969
3315 1969
3314 1969
3313 1968
3312 1967
3312 1966
3312 1965
3311 1965
3310 1965
3310 1966
3309 1967
3308 1967
3307 1967
3306 1967
3305 1966
3305 1965
3305 1964
3305 1963
3305 1962
3304 1961
3303 1960
3303 1959
3302 1958
3302 1959
3302 1960
3302 1961
3302 1962
3302 1963
3303 1964
3303 1965
3303 1966
3303 1967
3302 1968
3302 1969
3302 1970
3301 1971
3300 1971
3299 1971
3298 1971
3297 1971
3296 1971
3295 1971
3294 1970
3294 1969
3294 1968
3294 1967
3294 1966
3293 1966
3292 1966
3291 1966
3290 1967
3290 1968
3290 1969
3289 1970
3288 1971
3287 1972
3286 1972
3285 1972
3284 1971
3283 1972
3282 1972
3281 1972
3280 1971
3279 1971
3278 1972
3277 1972
3276 1972
3275 1972
3274 1971
3274 1970
3274 1969
3274 1968
3273 1968
3272 1969
3271 1969
3270 1969
3269 1970
3269 1971
3269 1972
3268 1973
3267 1973
3266 1973
3265 1972
3264 1972
3263 1971
3262 1971
3261 1971
3261 1972
3260 1973
3259 1973
3259 1974
3258 1975
3258 1976
3257 1977
3256 1977
3255 1977
3254 1977
3253 1976
3253 1975
3253 1974
3253 1973
3253 1972
3254 1971
3255 1971
3254 1971
3253 1971
3252 1971
3251 1971
3251 1972
3250 1973
3249 1974
3248 1974
3247 1974
3246 1974
3245 1973
3245 1972
3245 1973
3244 1974
3243 1975
3242 1976
3241 1976
3240 1976
3239 1975
3238 1974
3237 1975
3236 1975
3235 1975
3234 1974
3233 1975
3232 1975
3231 1975
3231 1976
3230 1977
3229 1977
3228 1977
3227 1977
3226 1977
3225 1977
3224 1976
3224 1975
3224 1974
3225 1973
3226 1973
3226 1972
3225 1972
3224 1972
3223 1972
3222 1972
3221 1973
3221 1974
3221 1975
3220 1976
3220 1977
3220 1978
3220 1979
3219 1980
3218 1980
3217 1980
3216 1979
3216 1978
3216 1977
3216 1976
3215 1976
3214 1976
3213 1977
3212 1977
3211 1977
3210 1976
3209 1976
3208 1976
3207 1975
3206 1975
3206 1976
3206 1977
3205 1978
3204 1978
3203 1978
3202 1978
3201 1977
3200 1977
3199 1977
3198 1977
3197 1976
3196 1976
3195 1976
3195 1977
3194 1978
3193 1979
3192 1979
3191 1979
3190 1978
3190 1977
3189 1977
3189 1978
3188 1979
3187 1979
3186 1979
3185 1979
3184 1978
3183 1978
3182 1978
3181 1978
3180 1977
3180 1978
3179 1979
3178 1980
3177 1980
3176 1980
3175 1980
3174 1979
3173 1978
3172 1977
3171 1977
3170 1977
3169 1978
3168 1978
3167 1978
3167 1979
3166 1980
3165 1980
3164 1980
3164 1981
3164 1982
3163 1983
3162 1983
3162 1984
3162 1985
3161 1986
3160 1986
3159 1986
3158 1985
3158 1984
3158 1983
3158 1982
3158 1981
3158 1980
3157 1980
3156 1979
3156 1978
3155 1977
3155 1976
3156 1975
3155 1975
3154 1976
3153 1976
3153 1977
3154 1977
3155 1977
3156 1978
3156 1979
3156 1980
3156 1981
3155 1982
3154 1983
3153 1983
3152 1983
3151 1983
3150 1983
3149 1983
3148 1982
3148 1981
3148 1980
3148 1979
3148 1978
3147 1977
3146 1978
3145 1978
3145 1979
3144 1980
3143 1980
3142 1980
3141 1979
3141 1978
3140 1978
3139 1978
3139 1979
3139 1980
3139 1981
3138 1982
3137 1982
3137 1983
3137 1984
3137 1985
3136 1986
3136 1987
3135 1988
3134 1988
3133 1988
3132 1987
3132 1986
3132 1985
3132 1984
3132 1983
3132 1982
3131 1982
3131 1983
3131 1984
3130 1985
3130 1986
3130 1987
3129 1988
3128 1988
3127 1988
3126 1988
3126 1989
3126 1990
3126 1991
3127 1992
3127 1993
3127 1994
3127 1995
3126 1996
3125 1996
3124 1996
3123 1995
3123 1994
3122 1993
3121 1992
3121 1991
3121 1990
3120 1991
3119 1991
3118 1991
3118 1992
3118 1993
3117 1994
3117 1995
3116 1996
3116 1997
3115 1998
3115 1999
3115 2000
3114 2001
3113 2001
3112 2001
3111 2000
3111 1999
3111 1998
3111 1997
3112 1996
3111 1996
3110 1997
3109 1997
3108 1997
3107 1996
3107 1997
3106 1998
3106 1999
3106 2000
3105 2001
3104 2001
3103 2001
3102 2001
3102 2002
3102 2003
3102 2004
3102 2005
3101 2006
3100 2006
3099 2006
3098 2005
3098 2004
3098 2003
3097 2003
3097 2004
3097 2005
3096 2006
3095 2006
3094 2006
3093 2007
3092 2007
3091 2007
3090 2008
3089 2008
3088 2008
3087 2008
3086 2008
3085 2009
3084 2009
3083 2009
3082 2009
3081 2009
3081 2010
3081 2011
3080 2012
3079 2012
3078 2012
3077 2013
3076 2013
3075 2014
3075 2015
3075 2016
3075 2017
3074 2018
3073 2018
3072 2018
3071 2017
3070 2016
3070 2015
3069 2015
3068 2015
3069 2015
3070 2016
3070 2017
3070 2018
3071 2018
3072 2019
3072 2020
3072 2021
3071 2022
3070 2022
3069 2023
3068 2023
3067 2023
3066 2022
3066 2021
3065 2021
3064 2021
3064 2022
3063 2023
3062 2023
3061 2023
3060 2022
3060 2021
3060 2020
3060 2021
3060 2022
3060 2023
3059 2024
3058 2024
3057 2024
3056 2024
3056 2025
3055 2026
3054 2026
3054 2027
3054 2028
3054 2029
3053 2030
3052 2030
3051 2030
3050 2031
3049 2031
3048 2031
3048 2032
3048 2033
3047 2034
3046 2034
3045 2034
3045 2035
3044 2036
3043 2037
3042 2037
3041 2037
3040 2038
3039 2038
3038 2038
3038 2039
3038 2040
3037 2041
3036 2041
3035 2041
3034 2041
3033 2041
3032 2041
3031 2041
3030 2041
3030 2042
3030 2043
3029 2044
3028 2045
3027 2045
3026 2045
3025 2044
3025 2045
3024 2046
3023 2047
3023 2048
3023 2049
3023 2050
3022 2051
3021 2051
3020 2051
3019 2051
3018 2052
3017 2052
3017 2053
3016 2054
3015 2055
3014 2055
3013 2055
3012 2055
3012 2056
3011 2057
3010 2058
3009 2058
3008 2057
3007 2057
3006 2056
3006 2055
3006 2054
3006 2055
3006 2056
3006 2057
3006 2058
3005 2059
3004 2059
3003 2059
3002 2059
3001 2058
3000 2058
2999 2058
2998 2058
2997 2057
2996 2058
2996 2059
2995 2060
2994 2061
2994 2062
2993 2063
2992 2064
2991 2064
2990 2064
2989 2065
2988 2065
2987 2065
2986 2065
2986 2066
2985 2067
2985 2068
2984 2069
2984 2070
2983 2071
2982 2072
2981 2072
2980 2072
2979 2072
2978 2072
2977 2073
2976 2074
2976 2075
2975 2076
2974 2077
2973 2077
2972 2078
2971 2078
2970 2078
2970 2079
2970 2080
2970 2081
2970 2082
2970 2083
2969 2084
2968 2084
2967 2084
2966 2083
2966 2082
2965 2081
2965 2080
2965 2079
2964 2080
2963 2081
2962 2081
2961 2081
2960 2081
2959 2081
2959 2082
2959 2083
2958 2084
2958 2085
2958 2086
2957 2087
2957 2088
2956 2089
2955 2089
2954 2089
2953 2089
2952 2088
2951 2089
2950 2089
2949 2089
2948 2089
2948 2090
2948 2091
2947 2092
2947 2093
2947 2094
2946 2095
2945 2095
2944 2095
2943 2094
2943 2093
2943 2092
2943 2091
2943 2090
2942 2090
2941 2090
2941 2091
2941 2092
2940 2093
2939 2093
2938 2093
2937 2092
2936 2092
2935 2093
2934 2094
2933 2094
2932 2094
2931 2093
2930 2093
2929 2092
2929 2091
2928 2091
2928 2092
2929 2093
2929 2094
2929 2095
2929 2096
2929 2097
2929 2098
2929 2099
2928 2100
2927 2100
2926 2101
2925 2101
2924 2101
2923 2101
2922 2101
2921 2100
2920 2100
2919 2099
2919 2098
2918 2098
2918 2099
2918 2100
2917 2101
2917 2102
2916 2103
2916 2104
2915 2105
2914 2105
2913 2105
2913 2106
2912 2107
2911 2107
2910 2107
2909 2106
2909 2105
2909 2104
2908 2104
2907 2103
2906 2103
2905 2103
2904 2103
2903 2104
2902 2104
2901 2104
2900 2104
2900 2105
2899 2106
2898 2107
2898 2108
2898 2109
2898 2110
2898 2111
2897 2112
2896 2113
2895 2113
2894 2113
2893 2112
2893 2113
2892 2114
2891 2115
2890 2115
2889 2115
2888 2114
2888 2113
2887 2114
2888 2115
2888 2116
2888 2117
2888 2118
2888 2119
2887 2120
2886 2120
2885 2120
2884 2120
2883 2120
2882 2120
2881 2119
2880 2118
2880 2117
2879 2117
2878 2117
2877 2117
2876 2117
2876 2118
2876 2119
2875 2120
2874 2121
2874 2122
2874 2123
2874 2124
2873 2125
2872 2125
2871 2125
2870 2125
2869 2124
2868 2125
2868 2126
2867 2127
2866 2128
2865 2128
2864 2128
2863 2128
2862 2127
2862 2126
2861 2126
2860 2126
2859 2126
2858 2126
2857 2126
2857 2127
2857 2128
2857 2129
2856 2130
2855 2130
2854 2130
2853 2131
2852 2131
2851 2131
2850 2130
2850 2129
2850 2128
2850 2127
2850 2126
2849 2125
2849 2124
2849 2125
2848 2126
2847 2127
2846 2127
2845 2127
2844 2126
2844 2125
2844 2124
2843 2123
2842 2124
2842 2125
2841 2126
2840 2126
2840 2127
2840 2128
2840 2129
2839 2130
2838 2131
2837 2131
2836 2132
2835 2132
2834 2131
2833 2130
2833 2129
2833 2128
2833 2127
2833 2128
2832 2129
2831 2129
2830 2129
2829 2129
2829 2130
2829 2131
2829 2132
2829 2133
2828 2134
2827 2134
2826 2134
2825 2134
2824 2133
2824 2132
2824 2131
2823 2132
2822 2132
2821 2131
2820 2130
2820 2129
2820 2128
2820 2127
2819 2127
2818 2127
2817 2126
2816 2126
2815 2126
2814 2126
2813 2125
2812 2124
2812 2123
2812 2124
2812 2125
2812 2126
2811 2127
2810 2127
2809 2128
2808 2128
2807 2128
2806 2127
2806 2126
2805 2125
2805 2124
2805 2123
2806 2122
2807 2122
2807 2121
2807 2120
2807 2119
2807 2118
2807 2117
2807 2116
2807 2115
2807 2114
2807 2113
2807 2112
2807 2111
2807 2110
2808 2109
2807 2108
2806 2108
2805 2107
2804 2107
2803 2106
2802 2106
2801 2106
2800 2106
2799 2106
2798 2106
2797 2105
2796 2104
2796 2103
2796 2104
2796 2105
2795 2106
2794 2106
2793 2106
2792 2105
2792 2104
2792 2105
2791 2106
2790 2106
2789 2106
2788 2106
2787 2106
2786 2106
2785 2106
2784 2106
2783 2106
2782 2107
2781 2107
2780 2107
2779 2107
2778 2108
2777 2107
2777 2108
2776 2109
2775 2109
2774 2110
2773 2110
2772 2110
2771 2111
2770 2111
2769 2110
2768 2111
2767 2111
2766 2111
2765 2111
2764 2111
2763 2112
2762 2113
2761 2113
2760 2114
2759 2115
2758 2115
2757 2116
2756 2116
2755 2116
2754 2117
2753 2118
2752 2119
2751 2120
2750 2121
2749 2122
2748 2123
2747 2124
2746 2125
2745 2126
2744 2126
2743 2127
2742 2128
2741 2129
2740 2129
2739 2130
2738 2130
2737 2131
2736 2131
2735 2132
2734 2132
2733 2133
2732 2134
2731 2134
2730 2135
2729 2135
2728 2136
2727 2136
2726 2136
2725 2137
2724 2137
2723 2137
2722 2137
2721 2138
2720 2138
2719 2138
2718 2139
2717 2140
2716 2141
2715 2141
2714 2142
2713 2142
2712 2143
2711 2143
2710 2143
2709 2143
2708 2143
2707 2144
2706 2144
2705 2144
2704 2144
2703 2144
2702 2144
2701 2145
2700 2145
2699 2145
2698 2146
2697 2146
2696 2147
2695 2147
2694 2147
2693 2148
2692 2148
2691 2149
2690 2150
2689 2151
2688 2151
2687 2152
2686 2152
2685 2153
2684 2153
2683 2153
2682 2154
2681 2155
2680 2155
2679 2156
2678 2157
2677 2157
2676 2158
2675 2158
2674 2158
2673 2159
2672 2159
2671 2159
2670 2160
2669 2160
2668 2160
2667 2160
2666 2160
2665 2160
2664 2160
2663 2161
2662 2162
2661 2162
2660 2163
2659 2163
2658 2164
2657 2164
2656 2164
2655 2164
2654 2165
2653 2165
2652 2165
2651 2166
2650 2166
2649 2166
2648 2167
2647 2168
2646 2168
2645 2169
2644 2169
2643 2169
2642 2170
2641 2170
2640 2170
2639 2170
2638 2171
2637 2171
2636 2171
2635 2172
2634 2173
2633 2174
2632 2175
2631 2175
2630 2176
2629 2176
2628 2176
2627 2176
2626 2176
2625 2176
2624 2177
2623 2177
2622 2177
2621 2178
2620 2178
2619 2179
2618 2179
2617 2180
2616 2180
2615 2181
2614 2181
2613 2181
2612 2181
2611 2182
2610 2182
2609 2182
2608 2182
2607 2182
2606 2183
2605 2183
2604 2184
2603 2185
2602 2185
2601 2186
2600 2186
2599 2187
2598 2187
2597 2188
2596 2188
2595 2189
2594 2189
2593 2190
2592 2190
2591 2191
2590 2191
2589 2191
2588 2192
2587 2192
2586 2192
2585 2193
2584 2193
2583 2193
2582 2193
2581 2193
2580 2193
2579 2193
2578 2193
2577 2194
2576 2194
2575 2195
2574 2196
2573 2197
2572 2198
2571 2199
2570 2199
2569 2199
2568 2199
2567 2199
2566 2199
2565 2199
2564 2199
2563 2199
2562 2199
2561 2199
2560 2199
2559 2199
2558 2199
2557 2199
2556 2199
2555 2199
2554 2199
2553 2199
2552 2199
2551 2199
2550 2199
2549 2199
2548 2199
2547 2199
2546 2200
2546 2201
2546 2202
2545 2203
2545 2204
2545 2205
2545 2206
2545 2207
2545 2208
2545 2209
2545 2210
2544 2211
2544 2212
2544 2213
2544 2214
2544 2215
2544 2216
2543 2217
2542 2217
2541 2218
2541 2219
2540 2220
2540 2221
2540 2222
2539 2223
2538 2224
2537 2225
2536 2226
2536 2227
2535 2228
2535 2229
2534 2230
2534 2231
2533 2232
2532 2233
2531 2234
2530 2235
2529 2236
2528 2237
2527 2238
2526 2238
2525 2239
2524 2240
2523 2240
2522 2241
2521 2242
2520 2243
2519 2243
2518 2244
2517 2245
2516 2245
2515 2246
2514 2247
2513 2248
2512 2249
2511 2249
2510 2250
2509 2251
2508 2252
2507 2253
2506 2254
2505 2255
2504 2256
2503 2256
2502 2257
2501 2258
2500 2258
2499 2259
2499 2260
2498 2261
2497 2262
2496 2263
2495 2264
2494 2264
2493 2264
2492 2264
2491 2264
2490 2264
2489 2264
2488 2264
2487 2264
2486 2264
2485 2264
2484 2264
2483 2263
2482 2263
2481 2262
2480 2262
2479 2261
2478 2260
2477 2259
2476 2258
2476 2257
2475 2257
2474 2256
2473 2256
2472 2255
2471 2255
2470 2255
2469 2254
2468 2253
2467 2252
2466 2252
2465 2251
2464 2250
2463 2249
2462 2248
2461 2247
2460 2246
2459 2246
2458 2245
2457 2244
2456 2243
2455 2242
2454 2241
2453 2240
2452 2240
2451 2239
2450 2239
2449 2238
2448 2237
2448 2236
2447 2235
2447 2234
2446 2233
2445 2234
2444 2235
2444 2236
2443 2237
2442 2238
2442 2239
2442 2240
2442 2241
2441 2242
2441 2243
2441 2244
2441 2245
2441 2246
2441 2247
2440 2248
2440 2249
2439 2250
2439 2251
2438 2252
2438 2253
2437 2254
2437 2255
2437 2256
2437 2257
2436 2258
2435 2259
2434 2260
2433 2261
2433 2262
2432 2263
2432 2264
2431 2265
2431 2266
2431 2267
2430 2268
2429 2268
2428 2269
2428 2270
2427 2271
2426 2271
2425 2272
2424 2272
2423 2273
2422 2273
2421 2274
2420 2275
2419 2276
2418 2276
2417 2277
2416 2278
2415 2279
2414 2280
2413 2281
2412 2281
2411 2282
2410 2283
2409 2283
2408 2284
2407 2284
2406 2285
2405 2285
2404 2285
2403 2285
2402 2286
2401 2287
2400 2288
2399 2288
2398 2289
2397 2289
2396 2289
2395 2290
2394 2290
2393 2290
2392 2290
2391 2290
2390 2291
2389 2291
2388 2292
2387 2292
2386 2293
2385 2293
2384 2294
2383 2294
2382 2295
2381 2295
2380 2295
2379 2295
2378 2296
2377 2296
2376 2296
2375 2296
2374 2296
2373 2296
2372 2297
2371 2297
2370 2297
2369 2297
2368 2297
2367 2297
2366 2297
2365 2297
2364 2297
2363 2297
2362 2297
2361 2297
2360 2297
2359 2297
2358 2297
2357 2297
2356 2297
2355 2297
2354 2297
2353 2297
2352 2297
2351 2297
2350 2297
2349 2297
2348 2297
2347 2297
2346 2297
2345 2297
2344 2297
2343 2297
2342 2297
2341 2297
2340 2297
2339 2297
2338 2297
2337 2297
2336 2297
2335 2297
2334 2297
2333 2297
2332 2297
2331 2297
2330 2297
2329 2297
2328 2297
2327 2297
2326 2297
2325 2297
2324 2297
2323 2297
2322 2297
2321 2297
2320 2297
2319 2297
2318 2297
2317 2297
2316 2297
2315 2297
2314 2297
2313 2297
2312 2297
2311 2297
2310 2297
2309 2297
2308 2297
2307 2297
2306 2297
2305 2297
2304 2297
2303 2297
2302 2297
2301 2297
2300 2297
2299 2297
2298 2297
2297 2297
2296 2297
2295 2297
2294 2297
2293 2297
2292 2297
2291 2297
2290 2297
2289 2297
2288 2297
2287 2297
2286 2297
2285 2297
2284 2297
2283 2297
2282 2297
2281 2297
2280 2297
2279 2297
2278 2297
2277 2297
2276 2297
2275 2297
2274 2297
2273 2297
2272 2298
2271 2298
2270 2299
2269 2300
2268 2300
2267 2301
2266 2301
2265 2301
2264 2301
2263 2302
2262 2302
2261 2302
2260 2302
2259 2302
2258 2302
2257 2302
2256 2302
2255 2302
2254 2303
2253 2303
2252 2303
2251 2304
2250 2304
2249 2304
2248 2305
2247 2305
2246 2305
2245 2306
2244 2306
2243 2306
2242 2306
2241 2306
2240 2307
2239 2307
2238 2307
2237 2307
2236 2307
2235 2307
2234 2307
2233 2308
2232 2308
2231 2308
2230 2308
2229 2308
2228 2308
2227 2309
2226 2309
2225 2309
2224 2310
2223 2310
2222 2310
2221 2311
2220 2311
2219 2311
2218 2312
2217 2312
2216 2313
2215 2313
2214 2314
2213 2314
2212 2315
2211 2316
2210 2316
2209 2316
2208 2317
2207 2317
2206 2317
2205 2317
2204 2318
2203 2318
2202 2318
2201 2318
2200 2318
2199 2318
2198 2318
2197 2318
2196 2318
2195 2318
2194 2319
2193 2319
2192 2319
2191 2319
2190 2319
2189 2319
2188 2319
2187 2319
2186 2319
2185 2320
2184 2321
2183 2321
2182 2322
2181 2323
2180 2323
2179 2323
2178 2323
2177 2324
2176 2324
2175 2324
2174 2324
2173 2324
2172 2324
2171 2324
2170 2324
2169 2325
2168 2325
2167 2325
2166 2325
2165 2326
2164 2327
2164 2328
2163 2329
2162 2329
2161 2330
2160 2330
2159 2330
2158 2330
2157 2330
2156 2330
2155 2330
2154 2330
2153 2330
2152 2330
2151 2330
2150 2330
2149 2330
2148 2330
2147 2330
2146 2330
2145 2330
2144 2330
2143 2330
2142 2330
2141 2330
2140 2330
2139 2330
2138 2330
2137 2330
2136 2330
2135 2330
2134 2330
2133 2330
2132 2330
2131 2330
2130 2330
2129 2330
2128 2330
2127 2330
2126 2330
2125 2330
2124 2330
2123 2330
2122 2330
2121 2330
2120 2330
2119 2330
2118 2330
2117 2330
2116 2330
2115 2330
2114 2330
2113 2330
2112 2330
2111 2330
2110 2330
2109 2330
2108 2330
2107 2331
2106 2331
2105 2331
2104 2331
2103 2332
2102 2332
2101 2332
2100 2333
2099 2333
2098 2333
2097 2334
2096 2334
2095 2334
2094 2334
2093 2334
2092 2335
2091 2335
2090 2335
2089 2335
2088 2335
2087 2335
2086 2335
2085 2335
2084 2335
2083 2335
2082 2335
2081 2335
2080 2335
2079 2335
2078 2335
2077 2335
2076 2335
2075 2335
2074 2335
2073 2336
2072 2336
2071 2336
2070 2336
2069 2337
2068 2337
2067 2338
2066 2338
2065 2338
2064 2339
2063 2339
2062 2339
2061 2339
2060 2340
2059 2340
2058 2340
2057 2340
2056 2341
2055 2341
2054 2341
2053 2342
2052 2342
2051 2342
2050 2343
2049 2343
2048 2344
2047 2344
2046 2344
2045 2345
2044 2345
2043 2345
2042 2345
2041 2345
2040 2345
2039 2345
2038 2346
2037 2346
2036 2346
2035 2346
2034 2346
2033 2346
2032 2346
2031 2346
2030 2346
2029 2346
2028 2346
2027 2346
2026 2346
2025 2346
2024 2346
2023 2346
2022 2346
2021 2346
2020 2346
2019 2346
2018 2346
2017 2346
2016 2346
2015 2346
2014 2346
2013 2346
2012 2346
2011 2346
2010 2346
2009 2346
2008 2346
2007 2346
2006 2346
2005 2346
2004 2346
2003 2346
2002 2347
2001 2347
2000 2347
1999 2347
1998 2347
1997 2347
1996 2347
1995 2347
1994 2347
1993 2347
1992 2347
1991 2347
1990 2347
1989 2347
1988 2347
1987 2347
1986 2347
1985 2347
1984 2347
1983 2347
1982 2347
1981 2347
1980 2347
1979 2347
1978 2347
1977 2347
1976 2347
1975 2347
1974 2347
1973 2347
1972 2347
1971 2347
1970 2347
1969 2347
1968 2347
1967 2347
1966 2346
1965 2346
1964 2346
1963 2346
1962 2345
1961 2345
1960 2345
1959 2344
1958 2344
1957 2344
1956 2344
1955 2344
1954 2343
1953 2343
1952 2343
1951 2343
1950 2343
1949 2343
1948 2343
1947 2342
1946 2342
1945 2342
1944 2342
1943 2342
1942 2342
1941 2341
1940 2341
1939 2341
1938 2341
1937 2340
1936 2340
1935 2340
1934 2340
1933 2339
1932 2339
1931 2339
1930 2338
1929 2338
1928 2338
1927 2337
1926 2337
1925 2337
1924 2337
1923 2337
1922 2336
1921 2336
1920 2336
1919 2336
1918 2336
1917 2336
1916 2336
1915 2336
1914 2336
1913 2336
1912 2336
1911 2336
1910 2336
1909 2336
1908 2336
1907 2336
1906 2336
1905 2336
1904 2336
1903 2336
1902 2336
1901 2336
1900 2336
1899 2336
1898 2336
1897 2336
1896 2336
1895 2336
1894 2336
1893 2336
1892 2336
1891 2336
1890 2336
1889 2336
1888 2336
1887 2336
1886 2336
1885 2336
1884 2336
1883 2336
1882 2336
1881 2336
1880 2336
1879 2336
1878 2336
1877 2336
1876 2336
1875 2336
1874 2336
1873 2336
1872 2336
1871 2336
1870 2336
1869 2337
1868 2337
1867 2337
1866 2337
1865 2337
1864 2337
1863 2338
1862 2338
1861 2338
1860 2338
1859 2338
1858 2338
1857 2339
1856 2339
1855 2339
1854 2339
1853 2339
1852 2339
1851 2339
1850 2339
1849 2340
1848 2340
1847 2340
1846 2340
1845 2340
1844 2340
1843 2340
1842 2340
1841 2340
1840 2340
1839 2340
1838 2340
1837 2340
1836 2341
1835 2341
1834 2341
1833 2342
1832 2342
1831 2343
1830 2343
1829 2344
1828 2344
1827 2345
1826 2345
1825 2346
1824 2346
1823 2346
1822 2346
1821 2346
1820 2346
1819 2346
1818 2346
1817 2346
1816 2346
1815 2346
1814 2346
1813 2345
1812 2344
1811 2344
1810 2343
1809 2343
1808 2343
1807 2342
1806 2342
1805 2342
1804 2342
1803 2342
1802 2342
1801 2342
1800 2341
1799 2341
1798 2341
1797 2341
1796 2341
1795 2341
1794 2341
1793 2341
1792 2341
1791 2341
1790 2341
1789 2341
1788 2341
1787 2341
1786 2341
1785 2341
1784 2341
1783 2341
1782 2341
1781 2341
1780 2341
1779 2341
1778 2341
1777 2341
1776 2341
1775 2341
1774 2341
1773 2341
1772 2341
1771 2341
1770 2341
1769 2341
1768 2341
1767 2341
1766 2341
1765 2341
1764 2341
1763 2341
1762 2341
1761 2341
1760 2341
1759 2341
1758 2341
1757 2341
1756 2340
1755 2339
1754 2338
1753 2338
1752 2337
1751 2337
1750 2337
1749 2336
1748 2336
1747 2336
1746 2336
1745 2336
1744 2336
1743 2336
1742 2336
1741 2336
1740 2336
1739 2336
1738 2336
1737 2336
1736 2336
1735 2336
1734 2336
1733 2336
1732 2336
1731 2336
1730 2336
1729 2336
1728 2336
1727 2336
1726 2336
1725 2336
1724 2336
1723 2336
1722 2336
1721 2336
1720 2336
1719 2336
1718 2336
1717 2336
1716 2336
1715 2336
1714 2336
1713 2336
1712 2336
1711 2336
1710 2336
1709 2336
1708 2336
1707 2336
1706 2336
1705 2336
1704 2336
1703 2336
1702 2336
1701 2336
1700 2336
1699 2336
1698 2337
1697 2338
1696 2338
1695 2339
1694 2339
1693 2340
1692 2340
1691 2340
1690 2340
1689 2340
1688 2340
1687 2340
1686 2340
1685 2341
1684 2341
1683 2341
1682 2341
1681 2341
1680 2341
1679 2341
1678 2341
1677 2341
1676 2341
1675 2341
1674 2341
1673 2341
1672 2341
1671 2341
1670 2341
1669 2341
1668 2341
1667 2341
1666 2341
1665 2341
1664 2341
1663 2341
1662 2341
1661 2341
1660 2341
1659 2341
1658 2341
1657 2341
1656 2341
1655 2341
1654 2341
1653 2341
1652 2341
1651 2341
1650 2341
1649 2341
1648 2341
1647 2341
1646 2341
1645 2341
1644 2341
1643 2341
1642 2341
1641 2341
1640 2341
1639 2341
1638 2341
1637 2341
1636 2341
1635 2341
1634 2341
1633 2341
1632 2341
1631 2341
1630 2341
1629 2341
1628 2341
1627 2341
1626 2341
1625 2341
1624 2341
1623 2341
1622 2341
1621 2341
1620 2341
1619 2341
1618 2341
1617 2341
1616 2341
1615 2341
1614 2341
1613 2341
1612 2341
1611 2341
1610 2341
1609 2341
1608 2341
1607 2341
1606 2341
1605 2341
1604 2341
1603 2341
1602 2341
1601 2341
1600 2341
1599 2341
1598 2341
1597 2341
1596 2341
1595 2341
1594 2341
1593 2341
1592 2341
1591 2341
1590 2341
1589 2341
1588 2341
1587 2340
1586 2340
1585 2340
1584 2339
1583 2339
1582 2338
1581 2338
1580 2338
1579 2337
1578 2337
1577 2337
1576 2337
1575 2336
1574 2336
1573 2336
1572 2335
1571 2335
1570 2334
1569 2334
1568 2334
1567 2333
1566 2333
1565 2332
1564 2332
1563 2331
1562 2331
1561 2330
1560 2329
1559 2328
1558 2328
1557 2327
1556 2327
1555 2327
1554 2326
1553 2326
1552 2326
1551 2326
1550 2325
1549 2325
1548 2325
1547 2325
1546 2325
1545 2325
1544 2325
1543 2325
1542 2325
1541 2325
1540 2326
1539 2327
1538 2327
1537 2328
1536 2328
1535 2328
1534 2328
1533 2329
1532 2329
1531 2329
1530 2329
1529 2329
1528 2330
1527 2330
1526 2331
1525 2332
1524 2333
1523 2333
1522 2334
1521 2334
1520 2334
1519 2334
1518 2334
1517 2335
1516 2335
1515 2335
1514 2335
1513 2336
1512 2336
1511 2337
1510 2337
1509 2338
1508 2338
1507 2339
1506 2339
1505 2339
1504 2340
1503 2340
1502 2340
1501 2340
1500 2340
1499 2340
1498 2340
1497 2340
1496 2341
1495 2341
1494 2341
1493 2341
1492 2341
1491 2341
1490 2341
1489 2341
1488 2341
1487 2341
1486 2341
1485 2341
1484 2341
1483 2341
1482 2341
1481 2341
1480 2341
1479 2341
1478 2341
1477 2341
1476 2341
1475 2341
1474 2341
1473 2341
1472 2341
1471 2341
1470 2341
1469 2341
1468 2341
1467 2341
1466 2341
1465 2341
1464 2341
1463 2341
1462 2341
1461 2341
1460 2341
1459 2341
1458 2341
1457 2341
1456 2341
1455 2341
1454 2341
1453 2341
1452 2341
1451 2341
1450 2341
1449 2341
1448 2341
1447 2341
1446 2341
1445 2341
1444 2341
1443 2341
1442 2341
1441 2341
1440 2341
1439 2341
1438 2341
1437 2341
1436 2341
1435 2341
1434 2341
1433 2341
1432 2341
1431 2341
1430 2341
1429 2341
1428 2341
1427 2341
1426 2341
1425 2341
1424 2341
1423 2341
1422 2341
1421 2341
1420 2341
1419 2341
1418 2341
1417 2341
1416 2340
1415 2340
1414 2340
1413 2339
1412 2339
1411 2339
1410 2338
1409 2338
1408 2338
1407 2337
1406 2337
1405 2337
1404 2337
1403 2337
1402 2337
1401 2337
1400 2337
1399 2336
1398 2336
1397 2336
1396 2336
1395 2336
1394 2336
1393 2336
1392 2335
1391 2335
1390 2334
1389 2333
1388 2333
1387 2332
1386 2332
1385 2332
1384 2331
1383 2331
1382 2331
1381 2331
1380 2331
1379 2331
1378 2331
1377 2331
1376 2331
1375 2331
1374 2330
1373 2330
1372 2330
1371 2330
1370 2330
1369 2330
1368 2330
1367 2330
1366 2330
1365 2330
1364 2330
1363 2330
1362 2330
1361 2330
1360 2330
1359 2330
1358 2330
1357 2330
1356 2330
1355 2330
1354 2330
1353 2330
1352 2330
1351 2330
1350 2330
1349 2330
1348 2330
1347 2330
1346 2330
1345 2330
1344 2330
1343 2330
1342 2330
1341 2330
1340 2330
1339 2330
1338 2330
1337 2330
1336 2330
1335 2330
1334 2330
1333 2330
1332 2330
1331 2330
1330 2330
1329 2330
1328 2330
1327 2330
1326 2330
1325 2330
1324 2330
1323 2330
1322 2330
1321 2330
1320 2330
1319 2330
1318 2330
1317 2330
1316 2330
1315 2330
1314 2330
1313 2330
1312 2330
1311 2330
1310 2330
1309 2330
1308 2330
1307 2330
1306 2330
1305 2330
1304 2330
1303 2330
1302 2330
1301 2330
1300 2330
1299 2330
1298 2330
1297 2330
1296 2330
1295 2330
1294 2330
1293 2330
1292 2330
1291 2330
1290 2330
1289 2330
1288 2330
1287 2330
1286 2330
1285 2330
1284 2330
1283 2330
1282 2330
1281 2330
1280 2329
1279 2329
1278 2329
1277 2329
1276 2328
1275 2328
1274 2328
1273 2327
1272 2327
1271 2326
1270 2326
1269 2326
1268 2326
1267 2326
1266 2326
1265 2325
1264 2325
1263 2325
1262 2325
1261 2325
1260 2325
1259 2324
1258 2324
1257 2323
1256 2323
1255 2322
1254 2322
1253 2321
1252 2321
1251 2321
1250 2320
1249 2320
1248 2320
1247 2320
1246 2320
1245 2320
1244 2320
1243 2320
1242 2320
1241 2320
1240 2320
1239 2320
1238 2320
1237 2320
1236 2320
1235 2319
1234 2319
1233 2319
1232 2319
1231 2319
1230 2319
1229 2319
1228 2319
1227 2319
1226 2319
1225 2319
1224 2319
1223 2319
1222 2319
1221 2319
1220 2318
1219 2318
1218 2318
1217 2317
1216 2317
1215 2317
1214 2316
1213 2316
1212 2316
1211 2316
1210 2315
1209 2315
1208 2315
1207 2315
1206 2315
1205 2315
1204 2315
1203 2315
1202 2314
1201 2314
1200 2314
1199 2314
1198 2314
1197 2314
1196 2314
1195 2314
1194 2314
1193 2314
1192 2314
1191 2314
1190 2314
1189 2314
1188 2314
1187 2314
1186 2313
1185 2313
1184 2313
1183 2312
1182 2312
1181 2312
1180 2311
1179 2311
1178 2311
1177 2311
1176 2310
1175 2310
1174 2310
1173 2310
1172 2310
1171 2310
1170 2309
1169 2309
1168 2309
1167 2309
1166 2309
1165 2309
1164 2308
1163 2308
1162 2307
1161 2307
1160 2306
1159 2306
1158 2305
1157 2305
1156 2305
1155 2304
1154 2304
1153 2304
1152 2304
1151 2304
1150 2304
1149 2304
1148 2303
1147 2303
1146 2303
1145 2303
1144 2303
1143 2303
1142 2303
1141 2303
1140 2303
1139 2303
1138 2303
1137 2303
1136 2303
1135 2303
1134 2303
1133 2303
1132 2303
1131 2303
1130 2303
1129 2303
1128 2303
1127 2303
1126 2303
1125 2303
1124 2303
1123 2303
1122 2303
1121 2303
1120 2303
1119 2303
1118 2303
1117 2303
1116 2303
1115 2303
1114 2303
1113 2303
1112 2303
1111 2303
1110 2303
1109 2303
1108 2303
1107 2303
1106 2303
1105 2303
1104 2303
1103 2303
1102 2303
1101 2303
1100 2303
1099 2303
1098 2303
1097 2303
1096 2303
1095 2303
1094 2303
1093 2303
1092 2303
1091 2303
1090 2303
1089 2303
1088 2303
1087 2303
1086 2303
1085 2303
1084 2303
1083 2303
1082 2303
1081 2303
1080 2303
1079 2303
1078 2303
1077 2303
1076 2303
1075 2303
1074 2303
1073 2303
1072 2303
1071 2303
1070 2303
1069 2303
1068 2303
1067 2303
1066 2303
1065 2303
1064 2303
1063 2303
1062 2303
1061 2303
1060 2303
1059 2303
1058 2303
1057 2303
1056 2303
1055 2303
1054 2303
1053 2303
1052 2303
1051 2303
1050 2303
1049 2303
1048 2303
1047 2303
1046 2303
1045 2303
1044 2303
1043 2303
1042 2303
1041 2303
1040 2303
1039 2303
1038 2303
1037 2303
1036 2303
1035 2303
1034 2303
1033 2303
1032 2303
1031 2303
1030 2303
1029 2303
1028 2303
1027 2303
1026 2303
1025 2303
1024 2303
1023 2304
1022 2304
1021 2305
1020 2305
1019 2305
1018 2306
1017 2306
1016 2306
1015 2307
1014 2307
1013 2307
1012 2307
1011 2307
1010 2307
1009 2308
1008 2308
1007 2308
1006 2308
1005 2308
1004 2308
1003 2308
1002 2308
1001 2309
1000 2310
999 2310
998 2311
997 2311
996 2311
995 2312
994 2312
993 2312
992 2312
991 2312
990 2313
989 2313
988 2314
987 2315
986 2315
985 2316
984 2316
983 2317
982 2317
981 2317
980 2317
979 2318
978 2318
977 2318
976 2318
975 2318
974 2318
973 2318
972 2318
971 2319
970 2319
969 2319
968 2319
967 2319
966 2320
965 2320
964 2320
963 2321
962 2321
961 2322
960 2322
959 2322
958 2323
957 2323
956 2323
955 2323
954 2323
953 2323
952 2324
951 2324
950 2324
949 2324
948 2324
947 2324
946 2324
945 2324
944 2324
943 2324
942 2324
941 2325
940 2325
939 2326
938 2326
937 2327
936 2327
935 2327
934 2327
933 2328
932 2328
931 2328
930 2328
929 2329
928 2329
927 2329
926 2329
925 2329
924 2329
923 2329
922 2329
921 2330
920 2330
919 2330
918 2330
917 2330
916 2330
915 2330
914 2330
913 2330
912 2330
911 2330
910 2331
909 2331
908 2332
907 2332
906 2333
905 2333
904 2334
903 2334
902 2334
901 2334
900 2335
899 2335
898 2335
897 2335
896 2335
895 2335
894 2335
893 2335
892 2335
891 2335
890 2335
889 2335
888 2335
887 2335
886 2335
885 2335
884 2335
883 2335
882 2336
881 2336
880 2336
879 2336
878 2336
877 2337
876 2338
875 2339
874 2340
873 2340
872 2340
871 2341
871 2342
870 2343
869 2343
868 2344
867 2344
866 2345
865 2345
864 2346
863 2346
863 2347
864 2348
865 2349
866 2350
867 2350
868 2350
869 2350
870 2350
871 2351
872 2351
873 2351
874 2351
875 2351
876 2351
877 2352
878 2353
879 2353
880 2354
881 2355
882 2355
883 2355
884 2355
885 2356
886 2356
887 2356
888 2356
889 2356
890 2356
891 2356
892 2357
893 2357
894 2357
895 2357
896 2357
897 2357
898 2357
899 2357
900 2357
901 2357
902 2357
903 2357
904 2357
905 2357
906 2357
907 2357
908 2357
909 2357
910 2357
911 2357
912 2357
913 2357
914 2357
915 2357
916 2357
917 2357
918 2357
919 2357
920 2357
921 2357
922 2357
923 2357
924 2357
925 2357
926 2357
927 2357
928 2357
929 2357
930 2357
931 2357
932 2357
933 2357
934 2357
935 2357
936 2357
937 2357
938 2357
939 2357
940 2357
941 2357
942 2357
943 2357
944 2357
945 2357
946 2357
947 2357
948 2357
949 2357
950 2357
951 2357
952 2357
953 2356
954 2356
955 2355
956 2355
957 2355
958 2354
959 2354
960 2354
961 2354
962 2354
963 2353
964 2353
965 2353
966 2353
967 2353
968 2353
969 2353
970 2352
971 2352
972 2352
973 2352
974 2352
975 2352
976 2352
977 2352
978 2352
979 2352
980 2352
981 2352
982 2352
983 2352
984 2352
985 2352
986 2351
987 2351
988 2351
989 2350
990 2350
991 2349
992 2349
993 2348
994 2348
995 2347
996 2346
997 2346
998 2345
999 2345
1000 2344
1001 2344
1002 2344
1003 2343
1004 2343
1005 2343
1006 2343
1007 2343
1008 2342
1009 2342
1010 2342
1011 2342
1012 2341
1013 2341
1014 2341
1015 2341
1016 2341
1017 2341
1018 2341
1019 2341
1020 2341
1021 2342
1022 2342
1023 2343
1024 2343
1025 2344
1026 2344
1027 2344
1028 2344
1029 2344
1030 2345
1031 2345
1032 2345
1033 2345
1034 2345
1035 2345
1036 2345
1037 2345
1038 2346
1039 2346
1040 2346
1041 2346
1042 2346
1043 2346
1044 2346
1045 2347
1046 2347
1047 2348
1048 2349
1049 2349
1050 2350
1051 2350
1052 2351
1053 2352
1054 2353
1055 2354
1056 2354
1057 2354
1058 2355
1059 2355
1060 2355
1061 2356
1062 2356
1063 2357
1064 2357
1065 2358
1066 2359
1067 2359
1068 2360
1069 2360
1070 2361
1071 2362
1072 2362
1073 2363
1074 2363
1075 2364
1076 2364
1077 2365
1078 2365
1079 2365
1080 2365
1081 2366
1082 2366
1083 2366
1084 2366
1085 2366
1086 2367
1087 2367
1088 2367
1089 2368
1090 2368
1091 2369
1092 2370
1093 2371
1094 2371
1095 2371
1096 2372
1097 2372
1098 2372
1099 2372
1100 2372
1101 2372
1102 2373
1103 2373
1104 2373
1105 2373
1106 2373
1107 2373
1108 2373
1109 2373
1110 2373
1111 2373
1112 2373
1113 2373
1114 2374
1115 2374
1116 2375
1117 2375
1118 2376
1119 2376
1120 2376
1121 2376
1122 2377
1123 2377
1124 2377
1125 2377
1126 2377
1127 2378
1128 2378
1129 2378
1130 2378
1131 2378
1132 2378
1133 2378
1134 2378
1135 2378
1136 2379
1137 2379
1138 2379
1139 2380
1140 2380
1141 2380
1142 2381
1143 2381
1144 2381
1145 2382
1146 2382
1147 2382
1148 2383
1149 2384
1150 2384
1151 2384
1152 2385
1153 2385
1154 2386
1155 2386
1156 2386
1157 2387
1158 2387
1159 2387
1160 2387
1161 2388
1162 2388
1163 2388
1164 2388
1165 2388
1166 2389
1167 2389
1168 2389
1169 2389
1170 2389
1171 2390
1172 2390
1173 2390
1174 2390
1175 2391
1176 2391
1177 2392
1178 2392
1179 2392
1180 2393
1181 2393
1182 2393
1183 2393
1184 2393
1185 2394
1186 2394
1187 2394
1188 2394
1189 2394
1190 2394
1191 2394
1192 2395
1193 2395
1194 2395
1195 2395
1196 2395
1197 2395
1198 2395
1199 2395
1200 2395
1201 2395
1202 2395
1203 2396
1204 2396
1205 2397
1206 2397
1207 2398
1208 2398
1209 2398
1210 2399
1211 2399
1212 2399
1213 2399
1214 2399
1215 2400
1216 2400
1217 2400
1218 2400
1219 2400
1220 2400
1221 2400
1222 2400
1223 2400
1224 2400
1225 2400
1226 2400
1227 2401
1228 2401
1229 2401
1230 2402
1231 2402
1232 2402
1233 2403
1234 2403
1235 2403
1236 2404
1237 2404
1238 2404
1239 2405
1240 2405
1241 2406
1242 2406
1243 2407
1244 2408
1245 2408
1246 2409
1247 2410
1248 2410
1249 2410
1250 2410
1251 2410
1252 2411
1253 2411
1254 2411
1255 2411
1256 2411
1257 2411
1258 2411
1259 2411
1260 2411
1261 2411
1262 2411
1263 2411
1264 2411
1265 2411
1266 2411
1267 2412
1268 2412
1269 2412
1270 2412
1271 2412
1272 2412
1273 2412
1274 2412
1275 2412
1276 2412
1277 2412
1278 2412
1279 2412
1280 2412
1281 2412
1282 2412
1283 2412
1284 2412
1285 2412
1286 2412
1287 2412
1288 2412
1289 2412
1290 2412
1291 2412
1292 2412
1293 2412
1294 2412
1295 2412
1296 2412
1297 2412
1298 2412
1299 2412
1300 2412
1301 2413
1302 2413
1303 2414
1304 2414
1305 2414
1306 2415
1307 2415
1308 2415
1309 2415
1310 2416
1311 2416
1312 2416
1313 2416
1314 2416
1315 2416
1316 2416
1317 2416
1318 2416
1319 2417
1320 2417
1321 2417
1322 2417
1323 2417
1324 2417
1325 2417
1326 2417
1327 2417
1328 2417
1329 2417
1330 2418
1331 2418
1332 2419
1333 2420
1334 2420
1335 2421
1336 2421
1337 2421
1338 2421
1339 2422
1340 2422
1341 2422
1342 2422
1343 2423
1344 2424
1345 2424
1346 2425
1347 2426
1348 2427
1349 2428
1350 2429
1351 2429
1352 2430
1353 2431
1354 2431
1355 2432
1356 2432
1357 2433
1358 2434
1359 2435
1360 2435
1361 2436
1362 2437
1363 2438
1364 2439
1365 2440
1366 2440
1367 2441
1368 2441
1369 2442
1370 2442
1371 2443
1372 2443
1373 2444
1374 2444
1375 2445
1376 2446
1377 2447
1378 2448
1378 2449
1379 2450
1379 2451
1380 2452
1380 2453
1381 2453
1382 2454
1383 2454
1384 2454
1385 2453
1386 2453
1387 2452
1388 2452
1389 2452
1390 2452
1391 2451
1392 2451
1393 2451
1394 2450
1395 2450
1396 2449
1397 2448
1398 2448
1399 2447
1400 2446
1401 2446
1402 2445
1403 2445
1404 2445
1405 2445
1406 2445
1407 2445
1408 2445
1409 2445
1410 2445
1411 2445
1412 2445
1413 2445
1414 2445
1415 2445
1416 2445
1417 2445
1418 2445
1419 2445
1420 2445
1421 2444
1422 2445
1423 2445
1424 2445
1425 2445
1426 2446
1427 2446
1428 2446
1429 2447
1430 2447
1431 2447
1432 2447
1433 2448
1434 2448
1435 2448
1436 2448
1437 2448
1438 2449
1439 2449
1440 2450
1441 2450
1442 2451
1443 2452
1444 2452
1445 2453
1446 2453
1447 2454
1448 2454
1449 2454
1450 2454
1451 2455
1452 2455
1453 2455
1454 2455
1455 2455
1456 2455
1457 2455
1458 2455
1459 2455
1460 2455
1461 2455
1462 2455
1463 2455
1464 2455
1465 2456
1466 2457
1467 2458
1468 2458
1469 2458
1470 2459
1471 2459
1472 2459
1473 2459
1474 2460
1475 2460
1476 2460
1477 2460
1478 2460
1479 2460
1480 2460
1481 2460
1482 2460
1483 2460
1484 2460
1485 2460
1486 2461
1487 2461
1488 2461
1489 2461
1490 2461
1491 2461
1492 2461
1493 2461
1494 2461
1495 2461
1496 2461
1497 2462
1498 2462
1499 2462
1500 2462
1501 2463
1502 2463
1503 2463
1504 2464
1505 2464
1506 2464
1507 2464
1508 2465
1509 2465
1510 2465
1511 2465
1512 2465
1513 2465
1514 2465
1515 2466
1516 2466
1517 2466
1518 2466
1519 2466
1520 2466
1521 2466
1522 2466
1523 2466
1524 2466
1525 2466
1526 2466
1527 2466
1528 2466
1529 2466
1530 2466
1531 2466
1532 2466
1533 2466
1534 2466
1535 2466
1536 2466
1537 2466
1538 2466
1539 2466
1540 2466
1541 2466
1542 2466
1543 2466
1544 2467
1545 2467
1546 2468
1547 2468
1548 2468
1549 2469
1550 2470
1551 2470
1552 2471
1553 2472
1554 2472
1555 2473
1556 2473
1557 2474
1558 2474
1559 2475
1560 2475
1561 2475
1562 2475
1563 2476
1564 2476
1565 2476
1566 2476
1567 2476
1568 2476
1569 2476
1570 2476
1571 2476
1572 2477
1573 2477
1574 2477
1575 2477
1576 2477
1577 2477
1578 2477
1579 2477
1580 2478
1581 2478
1582 2478
1583 2479
1584 2479
1585 2479
1586 2479
1587 2480
1588 2480
1589 2480
1590 2480
1591 2480
1592 2481
1593 2481
1594 2481
1595 2481
1596 2481
1597 2481
1598 2481
1599 2482
1600 2482
1601 2482
1602 2482
1603 2482
1604 2482
1605 2482
1606 2482
1607 2482
1608 2482
1609 2482
1610 2482
1611 2482
1612 2482
1613 2482
1614 2482
1615 2482
1616 2482
1617 2482
1618 2483
1619 2483
1620 2483
1621 2483
1622 2483
1623 2483
1624 2483
1625 2483
1626 2483
1627 2483
1628 2483
1629 2483
1630 2483
1631 2483
1632 2483
1633 2483
1634 2483
1635 2483
1636 2483
1637 2483
1638 2483
1639 2483
1640 2483
1641 2483
1642 2483
1643 2483
1644 2483
1645 2483
1646 2483
1647 2483
1648 2483
1649 2483
1650 2483
1651 2483
1652 2483
1653 2483
1654 2483
1655 2483
1656 2483
1657 2483
1658 2483
1659 2483
1660 2483
1661 2483
1662 2483
1663 2483
1664 2483
1665 2483
1666 2483
1667 2483
1668 2483
1669 2483
1670 2483
1671 2483
1672 2483
1673 2483
1674 2483
1675 2483
1676 2483
1677 2483
1678 2483
1679 2483
1680 2483
1681 2483
1682 2483
1683 2483
1684 2483
1685 2483
1686 2483
1687 2483
1688 2483
1689 2483
1690 2483
1691 2483
1692 2483
1693 2483
1694 2483
1695 2483
1696 2483
1697 2483
1698 2483
1699 2483
1700 2483
1701 2483
1702 2483
1703 2483
1704 2483
1705 2483
1706 2483
1707 2483
1708 2483
1709 2483
1710 2483
1711 2483
1712 2483
1713 2483
1714 2483
1715 2483
1716 2483
1717 2483
1718 2483
1719 2483
1720 2483
1721 2483
1722 2483
1723 2483
1724 2483
1725 2483
1726 2483
1727 2483
1728 2483
1729 2483
1730 2483
1731 2483
1732 2483
1733 2483
1734 2483
1735 2483
1736 2483
1737 2483
1738 2483
1739 2483
1740 2483
1741 2483
1742 2483
1743 2483
1744 2483
1745 2483
1746 2483
1747 2483
1748 2483
1749 2483
1750 2483
1751 2483
1752 2483
1753 2483
1754 2483
1755 2483
1756 2483
1757 2483
1758 2483
1759 2483
1760 2483
1761 2483
1762 2483
1763 2483
1764 2483
1765 2483
1766 2483
1767 2483
1768 2483
1769 2483
1770 2483
1771 2483
1772 2483
1773 2483
1774 2483
1775 2483
1776 2483
1777 2483
1778 2483
1779 2483
1780 2483
1781 2483
1782 2483
1783 2483
1784 2483
1785 2483
1786 2483
1787 2483
1788 2483
1789 2483
1790 2483
1791 2483
1792 2483
1793 2483
1794 2483
1795 2483
1796 2483
1797 2483
1798 2483
1799 2483
1800 2483
1801 2483
1802 2483
1803 2483
1804 2483
1805 2483
1806 2483
1807 2483
1808 2483
1809 2483
1810 2483
1811 2483
1812 2483
1813 2483
1814 2483
1815 2483
1816 2483
1817 2483
1818 2483
1819 2483
1820 2483
1821 2483
1822 2483
1823 2483
1824 2483
1825 2483
1826 2483
1827 2483
1828 2483
1829 2483
1830 2483
1831 2483
1832 2483
1833 2483
1834 2483
1835 2483
1836 2483
1837 2483
1838 2483
1839 2483
1840 2483
1841 2483
1842 2483
1843 2483
1844 2483
1845 2483
1846 2483
1847 2483
1848 2483
1849 2483
1850 2483
1851 2483
1852 2483
1853 2483
1854 2483
1855 2483
1856 2483
1857 2483
1858 2483
1859 2483
1860 2483
1861 2483
1862 2483
1863 2483
1864 2483
1865 2483
1866 2483
1867 2483
1868 2483
1869 2483
1870 2483
1871 2483
1872 2483
1873 2483
1874 2483
1875 2483
1876 2483
1877 2483
1878 2483
1879 2483
1880 2483
1881 2483
1882 2483
1883 2483
1884 2483
1885 2483
1886 2483
1887 2483
1888 2483
1889 2483
1890 2483
1891 2483
1892 2483
1893 2483
1894 2483
1895 2483
1896 2483
1897 2483
1898 2483
1899 2483
1900 2483
1901 2483
1902 2483
1903 2483
1904 2483
1905 2483
1906 2483
1907 2483
1908 2483
1909 2483
1910 2483
1911 2483
1912 2483
1913 2483
1914 2483
1915 2483
1916 2483
1917 2483
1918 2483
1919 2483
1920 2483
1921 2483
1922 2483
1923 2483
1924 2483
1925 2483
1926 2483
1927 2483
1928 2483
1929 2483
1930 2483
1931 2483
1932 2483
1933 2483
1934 2483
1935 2483
1936 2483
1937 2483
1938 2483
1939 2483
1940 2483
1941 2483
1942 2483
1943 2483
1944 2483
1945 2483
1946 2483
1947 2483
1948 2483
1949 2483
1950 2483
1951 2483
1952 2483
1953 2483
1954 2483
1955 2483
1956 2483
1957 2483
1958 2483
1959 2483
1960 2483
1961 2483
1962 2483
1963 2483
1964 2483
1965 2483
1966 2483
1967 2483
1968 2483
1969 2483
1970 2483
1971 2483
1972 2483
1973 2483
1974 2483
1975 2483
1976 2483
1977 2483
1978 2483
1979 2483
1980 2483
1981 2483
1982 2483
1983 2483
1984 2483
1985 2483
1986 2483
1987 2483
1988 2483
1989 2483
1990 2483
1991 2483
1992 2483
1993 2483
1994 2483
1995 2483
1996 2483
1997 2483
1998 2483
1999 2483
2000 2483
2001 2483
2002 2483
2003 2483
2004 2483
2005 2483
2006 2483
2007 2483
2008 2483
2009 2483
2010 2483
2011 2483
2012 2483
2013 2483
2014 2483
2015 2483
2016 2483
2017 2483
2018 2483
2019 2483
2020 2483
2021 2483
2022 2483
2023 2483
2024 2483
2025 2483
2026 2483
2027 2483
2028 2483
2029 2483
2030 2483
2031 2483
2032 2483
2033 2483
2034 2483
2035 2483
2036 2483
2037 2483
2038 2483
2039 2483
2040 2483
2041 2483
2042 2483
2043 2483
2044 2483
2045 2483
2046 2483
2047 2483
2048 2483
2049 2483
2050 2483
2051 2483
2052 2483
2053 2483
2054 2483
2055 2483
2056 2483
2057 2483
2058 2483
2059 2483
2060 2483
2061 2483
2062 2483
2063 2483
2064 2483
2065 2483
2066 2483
2067 2483
2068 2484
2069 2485
2070 2485
2071 2486
2072 2486
2073 2486
2074 2486
2075 2487
2076 2487
2077 2487
2078 2487
2079 2487
2080 2487
2081 2487
2082 2488
2083 2488
2084 2488
2085 2488
2086 2488
2087 2488
2088 2488
2089 2488
2090 2488
2091 2488
2092 2488
2093 2488
2094 2488
2095 2488
2096 2488
2097 2488
2098 2488
2099 2488
2100 2488
2101 2488
2102 2488
2103 2488
2104 2488
2105 2488
2106 2488
2107 2488
2108 2488
2109 2488
2110 2488
2111 2488
2112 2488
2113 2488
2114 2488
2115 2488
2116 2488
2117 2488
2118 2488
2119 2488
2120 2488
2121 2488
2122 2488
2123 2488
2124 2488
2125 2488
2126 2488
2127 2488
2128 2488
2129 2488
2130 2488
2131 2488
2132 2488
2133 2488
2134 2488
2135 2488
2136 2488
2137 2488
2138 2488
2139 2489
2140 2489
2141 2490
2142 2490
2143 2490
2144 2491
2145 2491
2146 2491
2147 2492
2148 2492
2149 2492
2150 2492
2151 2492
2152 2492
2153 2492
2154 2493
2155 2493
2156 2493
2157 2493
2158 2493
2159 2493
2160 2493
2161 2493
2162 2493
2163 2493
2164 2494
2165 2494
2166 2494
2167 2495
2168 2495
2169 2496
2170 2496
2171 2496
2172 2497
2173 2497
2174 2497
2175 2497
2176 2498
2177 2498
2178 2499
2179 2499
2180 2500
2181 2500
2182 2501
2183 2501
2184 2502
2185 2502
2186 2503
2187 2503
2188 2503
2189 2503
2190 2503
2191 2503
2192 2503
2193 2504
2194 2504
2195 2504
2196 2504
2197 2504
2198 2505
2199 2505
2200 2506
2201 2506
2202 2507
2203 2507
2204 2508
2205 2508
2206 2508
2207 2508
2208 2508
2209 2509
2210 2509
2211 2509
2212 2509
2213 2509
2214 2509
2215 2509
2216 2509
2217 2509
2218 2510
2219 2510
2220 2510
2221 2510
2222 2510
2223 2510
2224 2510
2225 2510
2226 2510
2227 2510
2228 2510
2229 2510
2230 2510
2231 2510
2232 2510
2233 2510
2234 2510
2235 2510
2236 2510
2237 2510
2238 2510
2239 2510
2240 2510
2241 2510
2242 2510
2243 2510
2244 2511
2245 2511
2246 2511
2247 2512
2248 2512
2249 2513
2250 2513
2251 2514
2252 2514
2253 2514
2254 2514
2255 2514
2256 2514
2257 2515
2258 2515
2259 2515
2260 2515
2261 2515
2262 2515
2263 2515
2264 2515
2265 2515
2266 2515
2267 2515
2268 2515
2269 2515
2270 2515
2271 2515
2272 2515
2273 2515
2274 2515
2275 2515
2276 2515
2277 2515
2278 2515
2279 2515
2280 2515
2281 2515
2282 2515
2283 2515
2284 2515
2285 2515
2286 2515
2287 2515
2288 2515
2289 2515
2290 2515
2291 2515
2292 2515
2293 2515
2294 2515
2295 2515
2296 2515
2297 2515
2298 2515
2299 2515
2300 2515
2301 2515
2302 2515
2303 2515
2304 2515
2305 2515
2306 2515
2307 2515
2308 2516
2309 2516
2310 2516
2311 2516
2312 2517
2313 2517
2314 2518
2315 2518
2316 2518
2317 2519
2318 2519
2319 2519
2320 2519
2321 2520
2322 2521
2323 2522
2324 2522
2325 2523
2326 2523
2327 2524
2328 2524
2329 2524
2330 2524
2331 2525
2332 2525
2333 2525
2334 2525
2335 2525
2336 2525
2337 2526
2338 2526
2339 2526
2340 2526
2341 2526
2342 2526
2343 2526
2344 2527
2345 2527
2346 2528
2347 2529
2348 2529
2349 2529
2350 2530
2351 2530
2352 2530
2353 2530
2354 2531
2355 2531
2356 2531
2357 2531
2358 2531
2359 2531
2360 2531
2361 2531
2362 2531
2363 2531
2364 2531
2365 2531
2366 2532
2367 2532
2368 2532
2369 2532
2370 2532
2371 2532
2372 2532
2373 2532
2374 2532
2375 2532
2376 2532
2377 2532
2378 2532
2379 2532
2380 2532
2381 2532
2382 2532
2383 2532
2384 2532
2385 2532
2386 2532
2387 2532
2388 2532
2389 2532
2390 2532
2391 2532
2392 2532
2393 2532
2394 2532
2395 2532
2396 2532
2397 2532
2398 2532
2399 2532
2400 2532
2401 2532
2402 2532
2403 2532
2404 2532
2405 2532
2406 2532
2407 2532
2408 2532
2409 2532
2410 2532
2411 2532
2412 2532
2413 2532
2414 2532
2415 2532
2416 2532
2417 2532
2418 2532
2419 2532
2420 2532
2421 2532
2422 2532
2423 2532
2424 2532
2425 2532
2426 2532
2427 2532
2428 2532
2429 2532
2430 2532
2431 2532
2432 2532
2433 2532
2434 2532
2435 2532
2436 2532
2437 2532
2438 2532
2439 2532
2440 2532
2441 2532
2442 2532
2443 2532
2444 2532
2445 2532
2446 2532
2447 2532
2448 2532
2449 2532
2450 2532
2451 2532
2452 2532
2453 2532
2454 2532
2455 2532
2456 2532
2457 2532
2458 2532
2459 2532
2460 2532
2461 2532
2462 2532
2463 2532
2464 2532
2465 2532
2466 2532
2467 2532
2468 2532
2469 2532
2470 2532
2471 2532
2472 2532
2473 2532
2474 2532
2475 2532
2476 2532
2477 2532
2478 2532
2479 2532
2480 2532
2481 2532
2482 2532
2483 2532
2484 2532
2485 2532
2486 2532
2487 2532
2488 2532
2489 2532
2490 2532
2491 2532
2492 2532
2493 2532
2494 2532
2495 2532
2496 2532
2497 2532
2498 2532
2499 2532
2500 2532
2501 2532
2502 2532
2503 2532
2504 2532
2505 2532
2506 2532
2507 2532
2508 2533
2509 2533
2510 2533
2511 2534
2512 2534
2513 2535
2514 2535
2515 2535
2516 2535
2517 2536
2518 2536
2519 2536
2520 2536
2521 2536
2522 2536
2523 2536
2524 2536
2525 2537
2526 2537
2527 2537
2528 2537
2529 2537
2530 2537
2531 2537
2532 2537
2533 2537
2534 2537
2535 2537
2536 2537
2537 2537
2538 2537
2539 2537
2540 2537
2541 2537
2542 2537
2543 2537
2544 2537
2545 2537
2546 2537
2547 2537
2548 2536
2549 2536
2550 2536
2551 2536
2552 2536
2553 2536
2554 2536
2555 2535
2556 2535
2557 2535
2558 2534
2559 2534
2560 2534
2561 2534
2562 2534
2563 2534
2564 2533
2565 2533
2566 2533
2567 2533
2568 2533
2569 2532
2570 2532
2571 2532
2572 2531
2573 2531
2574 2530
2575 2530
2576 2529
2577 2529
2578 2528
2579 2528
2580 2527
2581 2527
2582 2527
2583 2527
2584 2527
2585 2528
2586 2528
2587 2528
2588 2529
2589 2529
2590 2529
2591 2530
2592 2530
2593 2530
2594 2530
2595 2530
2596 2531
2597 2531
2598 2532
2599 2532
2600 2533
2601 2533
2602 2534
2603 2534
2604 2534
2605 2535
2606 2535
2607 2535
2608 2535
2609 2536
2610 2537
2611 2538
2612 2538
2613 2538
2614 2539
2615 2539
2616 2540
2617 2540
2618 2540
2619 2541
2620 2541
2621 2542
2622 2542
2623 2543
2624 2544
2625 2544
2626 2545
2627 2546
2628 2546
2629 2547
2630 2548
2631 2549
2632 2550
2633 2550
2634 2551
2635 2552
2636 2552
2637 2553
2638 2554
2639 2554
2640 2555
2641 2555
2642 2556
2643 2556
2644 2556
2645 2557
2646 2557
2647 2557
2648 2557
2649 2558
2650 2558
2651 2559
2652 2559
2653 2560
2654 2561
2655 2561
2656 2562
2657 2562
2658 2563
2659 2563
2660 2563
2661 2564
2662 2564
2663 2565
2664 2566
2665 2566
2666 2567
2667 2567
2668 2567
2669 2568
2670 2568
2671 2569
2672 2570
2673 2570
2674 2571
2675 2572
2676 2572
2677 2573
2678 2573
2679 2573
2680 2573
2681 2574
2682 2574
2683 2574
2684 2575
2685 2575
2686 2576
2687 2576
2688 2577
2689 2577
2690 2578
2691 2578
2692 2578
2693 2579
2694 2579
2695 2579
2696 2579
2697 2579
2698 2580
2699 2580
2700 2580
2701 2580
2702 2580
2703 2580
2704 2580
2705 2580
2706 2580
2707 2580
2708 2581
2709 2581
2710 2581
2711 2581
2712 2582
2713 2582
2714 2583
2715 2583
2716 2584
2717 2584
2718 2584
2719 2585
2720 2585
2721 2585
2722 2585
2723 2585
2724 2586
2725 2586
2726 2586
2727 2586
2728 2586
2729 2586
2730 2587
2731 2587
2732 2588
2733 2588
2734 2589
2735 2589
2736 2590
2737 2591
2738 2591
2739 2592
2740 2593
2741 2594
2742 2595
2743 2595
2744 2596
2745 2597
2746 2598
2747 2598
2748 2599
2749 2599
2750 2600
2751 2600
2752 2601
2753 2601
2754 2602
2755 2602
2756 2603
2757 2604
2758 2604
2759 2605
2760 2605
2761 2605
2762 2606
2763 2606
2764 2606
2765 2607
2766 2607
2767 2608
2768 2608
2769 2609
2770 2610
2771 2610
2772 2611
2773 2611
2774 2612
2775 2613
2776 2614
2777 2614
2778 2615
2779 2615
2780 2616
2781 2616
2782 2617
2783 2617
2784 2617
2785 2617
2786 2618
2787 2618
2788 2618
2789 2619
2790 2620
2791 2620
2792 2621
2793 2621
2794 2622
2795 2622
2796 2623
2797 2623
2798 2624
2799 2624
2800 2625
2801 2626
2802 2627
2803 2627
2804 2628
2805 2629
2806 2629
2807 2630
2808 2631
2809 2632
2810 2632
2811 2633
2812 2634
2813 2635
2814 2636
2815 2637
2816 2637
2817 2638
2818 2639
2819 2639
2820 2640
2821 2640
2822 2641
2823 2642
2824 2643
2825 2644
2826 2645
2826 2646
2827 2647
2828 2648
2829 2649
2830 2650
2831 2651
2831 2652
2832 2653
2832 2654
2832 2655
2832 2656
2833 2657
2833 2658
2833 2659
2833 2660
2833 2661
2833 2662
2833 2663
2833 2664
2833 2665
2833 2666
2833 2667
2833 2668
2833 2669
2833 2670
2833 2671
2833 2672
2833 2673
2833 2674
2833 2675
2833 2676
2833 2677
2833 2678
2833 2679
2833 2680
2833 2681
2833 2682
2833 2683
2833 2684
2833 2685
2833 2686
2833 2687
2833 2688
2834 2689
2835 2689
2836 2689
2837 2689
2838 2689
2839 2689
2840 2690
2841 2690
2842 2690
2843 2690
2844 2690
2845 2690
2846 2690
2847 2690
2848 2690
2849 2690
2850 2690
2851 2690
2852 2690
2853 2690
2854 2690
2855 2690
2856 2690
2857 2690
2858 2690
2859 2689
2860 2689
2861 2688
2862 2688
2863 2688
2864 2687
2865 2687
2866 2687
2867 2686
2868 2686
2869 2686
2870 2686
2871 2686
2872 2685
2873 2685
2874 2685
2875 2685
2876 2685
2877 2685
2878 2685
2879 2685
2880 2685
2881 2685
2882 2685
2883 2685
2884 2685
2885 2685
2886 2685
2887 2685
2888 2685
2889 2685
2890 2685
2891 2685
2892 2685
2893 2685
2894 2685
2895 2685
2896 2685
2897 2685
2898 2685
2899 2685
2900 2685
2901 2685
2902 2685
2903 2685
2904 2685
2905 2685
2906 2685
2907 2685
2908 2685
2909 2685
2910 2685
2911 2685
2912 2685
2913 2685
2914 2685
2915 2685
2916 2685
2917 2685
2918 2685
2919 2685
2920 2685
2921 2686
2922 2686
2923 2686
2924 2687
2925 2687
2926 2687
2927 2687
2928 2688
2929 2688
2930 2688
2931 2689
2932 2689
2933 2689
2934 2689
2935 2690
2936 2691
2937 2691
2938 2692
2939 2693
2940 2693
2941 2694
2942 2694
2943 2694
2944 2695
2945 2695
2946 2695
2947 2695
2948 2696
2949 2696
2950 2696
2951 2697
2952 2697
2953 2698
2954 2698
2955 2699
2956 2699
2957 2700
2958 2700
2959 2701
2960 2702
2961 2703
2962 2703
2963 2704
2964 2704
2965 2705
2966 2705
2967 2706
2968 2706
2969 2707
2970 2708
2971 2708
2972 2709
2973 2709
2974 2710
2975 2710
2976 2711
2977 2712
2978 2712
2979 2713
2980 2714
2981 2714
2982 2715
2983 2716
2984 2717
2985 2717
2986 2718
2987 2718
2988 2719
2989 2719
2990 2720
2991 2720
2992 2721
2993 2722
2994 2722
2995 2723
2996 2724
2997 2725
2998 2726
2999 2727
3000 2728
3001 2728
3002 2729
3003 2730
3004 2730
3005 2731
3006 2731
3007 2732
3008 2732
3009 2733
3010 2733
3011 2734
3012 2735
3013 2735
3014 2736
3015 2737
3016 2737
3017 2737
3018 2738
3019 2738
3020 2739
3021 2739
3022 2740
3023 2741
3024 2741
3025 2742
3026 2742
3027 2743
3028 2743
3029 2743
3030 2743
3031 2744
3032 2744
3033 2745
3034 2745
3035 2745
3036 2746
3037 2746
3038 2747
3039 2747
3040 2748
3041 2749
3042 2750
3043 2751
3044 2751
3045 2752
3046 2753
3047 2753
3048 2753
3049 2754
3050 2754
3051 2755
3052 2756
3053 2757
3054 2757
3055 2758
3056 2759
3057 2760
3058 2761
3059 2761
3060 2762
3061 2763
3062 2763
3063 2764
3064 2764
3065 2765
3066 2765
3067 2766
3068 2767
3069 2768
3070 2769
3071 2770
3072 2771
3073 2772
3074 2773
3075 2773
3076 2774
3077 2775
3078 2775
3079 2776
3080 2777
3081 2778
3082 2779
3083 2779
3084 2780
3085 2780
3086 2781
3087 2781
3088 2781
3089 2782
3090 2782
3091 2783
3092 2783
3093 2784
3094 2784
3095 2785
3096 2785
3097 2786
3098 2786
3099 2786
3100 2786
3101 2787
3102 2787
3103 2787
3104 2788
3105 2788
3106 2789
3107 2790
3108 2790
3109 2791
3110 2792
3111 2792
3112 2793
3113 2794
3114 2795
3115 2796
3116 2796
3117 2797
3118 2798
3119 2799
3120 2800
3121 2801
3122 2801
3123 2802
3124 2802
3125 2802
3126 2803
3127 2803
3128 2803
3129 2803
3130 2803
3131 2804
3132 2804
3133 2805
3134 2805
3135 2806
3136 2807
3137 2807
3138 2807
3139 2808
3140 2808
3141 2808
3142 2808
3143 2808
3144 2809
3145 2809
3146 2809
3147 2809
3148 2810
3149 2810
3150 2811
3151 2811
3152 2812
3153 2812
3154 2812
3155 2813
3156 2813
3157 2813
3158 2814
3159 2814
3160 2814
3161 2815
3162 2815
3163 2816
3164 2816
3165 2817
3166 2817
3167 2818
3168 2818
3169 2818
3170 2819
3171 2819
3172 2819
3173 2820
3174 2820
3175 2820
3176 2820
3177 2820
3178 2820
3179 2820
3180 2820
3181 2821
3182 2821
3183 2821
3184 2821
3185 2822
3186 2822
3187 2822
3188 2823
3189 2823
3190 2823
3191 2824
3192 2824
3193 2824
3194 2824
3195 2824
3196 2825
3197 2825
3198 2825
3199 2825
3200 2825
3201 2825
3202 2825
3203 2826
3204 2826
3205 2826
3206 2826
3207 2826
3208 2826
3209 2826
3210 2826
3211 2827
3212 2828
3213 2828
3214 2829
3215 2829
3216 2830
3217 2830
3218 2830
3219 2830
3220 2831
3221 2831
3222 2831
3223 2831
3224 2831
3225 2831
3226 2831
3227 2831
3228 2831
3229 2831
3230 2832
3231 2832
3232 2832
3233 2832
3234 2832
3235 2833
3236 2833
3237 2833
3238 2834
3239 2834
3240 2835
3241 2835
3242 2835
3243 2836
3244 2836
3245 2836
3246 2836
3247 2836
3248 2837
3249 2837
3250 2837
3251 2837
3252 2837
3253 2837
3254 2837
3255 2837
3256 2837
3257 2837
3258 2837
3259 2837
3260 2838
3261 2838
3262 2838
3263 2839
3264 2839
3265 2839
3266 2840
3267 2840
3268 2840
3269 2841
3270 2841
3271 2841
3272 2841
3273 2841
3274 2842
3275 2842
3276 2842
3277 2842
3278 2842
3279 2842
3280 2842
3281 2842
3282 2842
3283 2842
3284 2842
3285 2843
3286 2843
3287 2843
3288 2843
3289 2843
3290 2843
3291 2843
3292 2843
3293 2843
3294 2843
3295 2843
3296 2843
3297 2843
3298 2843
3299 2843
3300 2844
3301 2844
3302 2844
3303 2844
3304 2845
3305 2845
3306 2846
3307 2846
3308 2846
3309 2847
3310 2847
3311 2847
3312 2847
3313 2847
3314 2847
3315 2848
3316 2848
3317 2848
3318 2848
3319 2848
3320 2848
3321 2848
3322 2848
3323 2848
3324 2848
3325 2848
3326 2848
3327 2848
3328 2848
3329 2848
3330 2848
3331 2849
3332 2849
3333 2849
3334 2850
3335 2850
3336 2850
3337 2850
3338 2850
3339 2851
3340 2851
3341 2851
3342 2851
3343 2851
3344 2852
3345 2852
3346 2852
3347 2852
3348 2852
3349 2852
3350 2852
3351 2852
3352 2852
3353 2852
3354 2852
3355 2852
3356 2852
3357 2852
3358 2852
3359 2853
3360 2853
3361 2853
3362 2852
3363 2852
3364 2852
3364 2851
3365 2850
3366 2850
3367 2850
3368 2850
3369 2851
3369 2852
3369 2853
3370 2853
3371 2853
3372 2853
3373 2853
3374 2853
3375 2852
3376 2851
3377 2851
3378 2851
3379 2852
3379 2853
3380 2853
3381 2853
3382 2852
3383 2852
3384 2852
3385 2852
3386 2852
3387 2852
3388 2852
3388 2851
3388 2850
3389 2849
3390 2849
3391 2849
3391 2848
3391 2847
3392 2846
3393 2846
3394 2846
3395 2846
3396 2847
3395 2848
3395 2849
3396 2848
3397 2848
3398 2847
3399 2847
3400 2847
3401 2847
3401 2846
3401 2845
3402 2844
3403 2843
3404 2843
3405 2843
3406 2843
3406 2842
3407 2841
3408 2841
3409 2841
3410 2841
3410 2840
3411 2839
3412 2838
3413 2837
3414 2837
3415 2836
3416 2836
3417 2835
3418 2834
3419 2833
3420 2832
3421 2832
3422 2831
3423 2830
3424 2830
3425 2829
3426 2829
3427 2828
3428 2827
3429 2827
3430 2826
3431 2825
3432 2824
3433 2824
3434 2823
3435 2822
3436 2821
3437 2820
3438 2819
3439 2818
3440 2818
3441 2817
3442 2816
3443 2815
3444 2815
3445 2814
3446 2813
3447 2813
3448 2812
3449 2812
3450 2811
3451 2810
3452 2809
3453 2809
3454 2808
3455 2808
3456 2807
3457 2807
3458 2806
3459 2805
3460 2804
3461 2804
3462 2803
3463 2803
3464 2802
3465 2801
3466 2801
3467 2800
3468 2799
3469 2798
3470 2797
3471 2797
3472 2797
3473 2796
3474 2795
3475 2795
3476 2794
3477 2793
3478 2792
3479 2791
3480 2790
3481 2789
3482 2788
3483 2787
3484 2786
3485 2786
3486 2785
3487 2784
3488 2783
3489 2782
3489 2781
3490 2780
3491 2779
3492 2778
3493 2777
3494 2776
3495 2775
3496 2774
3497 2773
3498 2772
3498 2771
3499 2770
3500 2769
3500 2768
3501 2767
3502 2766
3503 2765
3503 2764
3504 2763
3505 2762
3506 2761
3506 2760
3507 2759
3508 2758
3509 2757
3510 2756
3510 2755
3511 2754
3512 2753
3512 2752
3513 2751
3514 2750
3515 2749
3515 2748
3516 2747
3517 2746
3518 2745
3518 2744
3518 2743
3519 2742
3519 2741
3520 2740
3521 2739
3521 2738
3522 2737
3522 2736
3523 2735
3524 2734
3524 2733
3525 2732
3526 2731
3527 2730
3528 2729
3529 2728
3530 2728
3531 2727
3532 2726
3533 2725
3533 2724
3534 2723
3535 2722
3536 2721
3537 2720
3537 2719
3538 2718
3539 2717
3539 2716
3540 2715
3540 2714
3540 2713
3541 2712
3541 2711
3542 2710
3542 2709
3543 2708
3544 2707
3545 2706
3545 2705
3546 2704
3547 2703
3548 2702
3549 2702
3550 2701
3551 2700
3552 2699
3553 2698
3554 2697
3554 2696
3554 2695
3555 2694
3555 2693
3556 2692
3556 2691
3557 2690
3558 2689
3559 2688
3559 2687
3560 2686
3561 2685
3561 2684
3562 2683
3562 2682
3563 2681
3563 2680
3564 2679
3565 2678
3566 2677
3566 2676
3567 2675
3567 2674
3567 2673
3568 2672
3568 2671
3568 2670
3569 2669
3570 2668
3570 2667
3571 2666
3572 2665
3572 2664
3573 2663
3573 2662
3573 2661
3574 2660
3574 2659
3575 2658
3575 2657
3576 2656
3577 2655
3577 2654
3578 2653
3578 2652
3579 2651
3580 2650
3580 2649
3581 2648
3582 2647
3582 2646
3583 2645
3583 2644
3584 2643
3584 2642
3584 2641
3585 2640
3586 2639
3586 2638
3587 2637
3588 2636
3588 2635
3589 2634
3589 2633
3590 2632
3590 2631
3591 2630
3591 2629
3592 2628
3592 2627
3593 2626
3594 2625
3594 2624
3595 2623
3596 2622
3597 2621
3597 2620
3598 2619
3598 2618
3599 2617
3599 2616
3600 2615
3601 2614
3602 2613
3603 2612
3603 2611
3604 2610
3604 2609
3605 2608
3605 2607
3606 2606
3606 2605
3606 2604
3607 2603
3607 2602
3608 2601
3608 2600
3609 2599
3610 2598
3610 2597
3611 2596
3611 2595
3612 2594
3612 2593
3612 2592
3612 2591
3612 2590
3613 2589
3613 2588
3614 2587
3614 2586
3615 2585
3615 2584
3616 2583
3617 2582
3617 2581
3618 2580
3618 2579
3618 2578
3619 2577
3619 2576
3620 2575
3620 2574
3621 2573
3621 2572
3621 2571
3621 2570
3622 2569
3622 2568
3622 2567
3622 2566
3623 2565
3623 2564
3623 2563
3624 2562
3624 2561
3624 2560
3625 2559
3625 2558
3625 2557
3626 2556
3626 2555
3626 2554
3627 2553
3627 2552
3627 2551
3627 2550
3628 2549
3628 2548
3628 2547
3628 2546
3628 2545
3628 2544
3629 2543
3629 2542
3629 2541
3629 2540
3629 2539
3629 2538
3629 2537
3630 2536
3630 2535
3630 2534
3630 2533
3631 2532
3631 2531
3632 2530
3632 2529
3632 2528
3633 2527
3633 2526
3633 2525
3634 2524
3634 2523
3634 2522
3634 2521
3634 2520
3634 2519
3634 2518
3634 2517
3635 2516
3635 2515
3635 2514
3635 2513
3635 2512
3635 2511
3635 2510
3635 2509
3635 2508
3635 2507
3635 2506
3635 2505
3635 2504
3635 2503
3635 2502
3635 2501
3636 2500
3636 2499
3636 2498
3636 2497
3637 2496
3637 2495
3637 2494
3638 2493
3638 2492
3638 2491
3638 2490
3638 2489
3639 2488
3639 2487
3639 2486
3639 2485
3639 2484
3639 2483
3640 2482
3640 2481
3640 2480
3640 2479
3640 2478
3640 2477
3641 2476
3641 2475
3641 2474
3642 2473
3642 2472
3643 2471
3643 2470
3643 2469
3644 2468
3644 2467
3644 2466
3644 2465
3645 2464
3645 2463
3645 2462
3645 2461
3645 2460
3645 2459
3645 2458
3645 2457
3645 2456
3645 2455
3646 2454
3646 2453
3646 2452
3646 2451
3646 2450
3646 2449
3646 2448
3646 2447
3646 2446
3646 2445
3646 2444
3646 2443
3646 2442
3646 2441
3646 2440
3646 2439
3646 2438
3646 2437
3646 2436
3646 2435
3646 2434
3646 2433
3646 2432
3646 2431
3646 2430
3646 2429
3646 2428
3646 2427
3647 2426
3647 2425
3647 2424
3648 2423
3649 2422
3649 2421
3649 2420
3650 2419
3650 2418
3650 2417
3650 2416
3650 2415
3650 2414
3651 2413
3651 2412
3651 2411
3651 2410
3651 2409
3651 2408
3651 2407
3651 2406
3651 2405
3651 2404
3652 2403
3652 2402
3652 2401
3653 2400
3653 2399
3653 2398
3654 2397
3654 2396
3654 2395
3654 2394
3655 2393
3655 2392
3655 2391
3655 2390
3656 2389
3656 2388
3656 2387
3656 2386
3656 2385
3656 2384
3656 2383
3656 2382
3657 2381
3657 2380
3657 2379
3657 2378
3657 2377
3658 2376
3658 2375
3659 2374
3659 2373
3659 2372
3660 2371
3660 2370
3660 2369
3660 2368
3661 2367
3661 2366
3661 2365
3661 2364
3661 2363
3661 2362
3661 2361
3662 2360
3662 2359
3662 2358
3662 2357
3662 2356
3662 2355
3662 2354
3662 2353
3662 2352
3662 2351
3662 2350
3662 2349
3662 2348
3662 2347
3662 2346
3662 2345
3662 2344
3662 2343
3663 2342
3663 2341
3663 2340
3663 2339
3663 2338
3664 2337
3664 2336
3665 2335
3665 2334
3665 2333
3666 2332
3666 2331
3666 2330
3666 2329
3666 2328
3667 2327
3667 2326
3667 2325
3667 2324
3667 2323
3667 2322
3667 2321
3667 2320
3667 2319
3667 2318
3667 2317
3667 2316
3667 2315
3668 2314
3668 2313
3668 2312
3668 2311
3668 2310
3668 2309
3668 2308
3668 2307
3668 2306
3668 2305
3668 2304
3668 2303
3668 2302
3668 2301
3668 2300
3668 2299
3668 2298
3668 2297
3668 2296
3668 2295
3668 2294
3668 2293
3668 2292
3668 2291
3668 2290
3668 2289
3668 2288
3668 2287
3668 2286
3668 2285
3668 2284
3668 2283
3668 2282
3668 2281
3668 2280
3668 2279
3668 2278
3668 2277
3668 2276
3668 2275
3668 2274
3668 2273
3668 2272
3668 2271
3668 2270
3668 2269
3668 2268
3668 2267
3668 2266
3668 2265
3668 2264
3668 2263
3668 2262
3668 2261
3668 2260
3668 2259
3668 2258
3668 2257
3668 2256
3668 2255
3668 2254
3668 2253
3668 2252
3668 2251
3668 2250
3668 2249
3668 2248
3668 2247
3668 2246
3668 2245
3668 2244
3668 2243
3668 2242
3668 2241
3668 2240
3668 2239
3668 2238
3668 2237
3668 2236
3668 2235
3668 2234
3668 2233
3668 2232
3668 2231
3668 2230
3668 2229
3668 2228
3668 2227
3668 2226
3668 2225
3668 2224
3668 2223
3668 2222
3668 2221
3668 2220
3668 2219
3668 2218
3668 2217
3668 2216
3668 2215
3668 2214
3668 2213
3668 2212
3668 2211
3668 2210
3668 2209
3668 2208
3668 2207
3668 2206
3668 2205
3668 2204
3668 2203
3668 2202
3668 2201
3668 2200
3668 2199
3668 2198
3668 2197
3668 2196
3668 2195
3668 2194
3668 2193
3668 2192
3668 2191
3668 2190
3668 2189
3668 2188
3668 2187
3668 2186
3668 2185
3668 2184
3668 2183
3668 2182
3668 2181
3668 2180
3668 2179
3668 2178
3668 2177
3668 2176
3668 2175
3668 2174
3668 2173
3668 2172
3668 2171
3668 2170
3668 2169
3667 2168
3667 2167
3668 2166
3668 2165
3668 2164
3668 2163
3668 2162
3668 2161
3668 2160
3667 2159
3667 2158
3668 2157
3668 2156
3668 2155
3668 2154
3668 2153
3668 2152
3668 2151
3668 2150
3667 2149
3667 2148
3668 2147
3668 2146
3668 2145
3667 2144
3667 2143
3667 2142
3667 2141
3667 2140
3667 2139
3667 2138
3667 2137
3667 2136
3667 2135
3667 2134
3667 2133
3667 2132
3667 2131
3667 2130
3667 2129
3667 2128
3667 2127
3666 2126
3666 2125
3666 2124
3665 2123
3665 2122
3665 2121
3665 2120
3666 2119
3667 2119
3667 2118
3667 2117
3667 2116
3666 2115
3665 2115
3664 2114
3664 2113
3664 2112
3664 2111
3663 2110
3663 2109
3663 2108
3664 2107
3664 2106
3664 2105
3663 2104
3663 2103
3662 2103
3661 2103
3660 2102
3659 2101
3659 2100
3659 2099
3659 2098
3659 2097
3659 2096
3659 2095
3658 2095
3657 2095
3656 2094
3656 2093
3656 2092
3655 2091
3655 2090
3655 2089
3655 2088
3654 2087
3654 2086
3654 2085
3654 2084
3654 2083
3653 2082
3652 2082
3651 2082
3650 2081
3649 2080
3648 2080
3647 2079
3647 2078
3647 2077
3647 2076
3646 2076
3645 2076
3644 2076
3643 2075
3643 2074
3643 2073
3643 2072
3642 2072
3641 2071
3641 2070
3641 2069
3641 2068
3641 2067
3641 2068
3641 2069
3640 2070
3640 2071
3639 2072
3638 2072
3637 2072
3636 2071
3636 2070
3637 2069
3636 2068
3637 2067
3637 2066
3637 2065
3636 2065
3635 2065
3634 2064
3633 2063
3633 2062
3633 2061
3632 2061
3631 2060
3631 2059
3631 2058
3630 2057
3630 2056
3630 2055
3630 2056
3630 2057
3629 2058
3628 2058
3627 2058
3626 2057
3626 2056
3625 2055
3625 2054
3625 2053
3624 2053
3623 2053
3622 2052
3622 2051
3622 2050
3622 2049
3621 2050
3620 2050
3619 2050
3618 2049
3618 2048
3617 2048
3616 2048
3615 2048
3614 2047
3614 2046
3613 2046
3612 2045
3611 2044
3611 2043
3610 2043
3609 2042
3608 2041
3607 2042
3606 2042
3605 2041
3604 2040
3604 2039
3604 2038
3604 2037
3603 2038
3602 2039
3601 2039
3600 2038
3600 2037
3599 2036
3599 2035
3599 2034
3598 2034
3597 2033
3596 2033
3595 2033
3594 2032
3594 2031
3594 2030
3593 2030
3592 2029
3591 2028
3590 2029
3589 2029
3588 2029
3587 2028
3587 2027
3586 2026
3586 2025
3586 2024
3587 2023
3586 2023
3585 2023
3584 2023
3583 2022
3582 2021
3582 2020
3582 2019
3583 2018
3582 2017
3581 2016
3580 2016
3580 2017
3579 2018
3578 2019
3577 2019
3576 2019
3575 2018
3575 2017
3575 2016
3574 2017
3573 2017
3572 2017
3571 2016
3571 2015
3571 2014
3570 2014
3569 2014
3568 2015
3567 2015
3566 2015
3565 2014
3565 2013
3564 2013
3563 2013
3562 2012
3562 2011
3562 2010
3562 2009
3562 2008
3562 2007
3562 2006
3561 2007
3560 2007
3559 2007
3558 2008
3557 2008
3556 2008
3555 2008
3554 2008
3553 2008
3552 2008
3551 2008
3550 2007
3550 2006
3549 2005
3549 2004
3549 2003
3550 2002
3550 2001
3550 2000
3550 2001
3549 2002
3548 2002
3547 2002
3546 2001
3546 2000
3545 2000
3544 1999
3544 1998
3543 1999
3542 1999
3541 1999
3540 1998
3539 1997
3539 1996
3539 1997
3538 1998
3537 1998
3536 1998
3535 1998
3534 1997
3534 1996
3533 1996
3532 1996
3531 1996
3530 1996
3529 1996
3528 1995
3528 1994
3528 1995
3527 1996
3526 1996
3525 1996
3524 1996
3523 1996
3522 1995
3522 1994
3522 1993
3522 1992
3523 1991
3523 1990
3523 1989
3522 1989
3521 1989
3520 1990
3519 1990
3518 1990
3517 1991
3516 1991
3515 1991
3514 1990
3514 1989
3514 1988
3513 1989
3512 1989
3511 1989
3510 1988
3510 1987
3509 1986
3509 1985
3508 1984
3508 1983
3507 1983
3507 1984
3506 1985
3506 1986
3506 1987
3505 1988
3505 1989
3504 1990
3503 1991
3502 1991
3501 1991
3500 1990
3500 1989
3500 1988
3500 1987
3500 1986
3500 1985
3500 1986
3500 1987
3499 1988
3498 1988
3497 1988
3496 1988
3495 1988
3494 1987
3494 1986
3493 1986
3492 1986
3491 1986
3490 1985
3489 1984
3489 1983
3489 1982
3489 1981
3488 1981
3487 1981
3486 1980
3485 1979
3485 1978
3484 1978
3484 1979
3483 1980
3482 1980
3481 1980
3480 1980
3479 1979
3478 1980
3477 1980
3476 1980
3476 1981
3475 1982
3474 1982
3473 1982
3472 1981
3472 1980
3471 1980
3470 1980
3469 1980
3468 1979
3468 1978
3468 1977
3468 1976
3468 1977
3467 1978
3466 1978
3465 1978
3464 1977
3464 1976
3463 1975
3462 1975
3461 1976
3460 1976
3459 1975
3458 1975
3457 1975
3456 1975
3455 1974
3454 1973
3453 1972
3453 1971
3452 1971
3451 1972
3450 1972
3449 1973
3448 1974
3447 1974
3446 1974
3445 1973
3445 1972
3445 1971
3444 1971
3443 1971
3442 1970
3442 1969
3441 1968
3441 1967
3441 1966
3441 1965
3441 1964
3440 1964
3439 1964
3438 1964
3437 1963
3436 1963
3435 1964
3434 1964
3434 1965
3433 1966
3432 1966
3431 1966
3430 1966
3429 1966
3429 1967
3428 1968
3427 1969
3426 1969
3425 1968
3424 1967
3424 1966
3424 1965
3424 1966
3423 1967
3422 1967
3421 1967
3420 1966
3420 1965
3420 1964
3420 1963
3419 1963
3419 1964
3419 1965
3419 1966
3418 1967
3417 1967
3416 1967
3415 1966
3415 1965
3414 1964
3414 1963
3414 1964
3413 1965
3412 1966
3411 1966
3410 1966
3409 1965
3409 1964
3409 1963
3409 1962
3410 1961
3410 1960
3409 1960
3408 1959
3407 1959
3406 1959
3405 1958
3404 1958
3403 1957
3402 1957
3402 1958
3402 1959
3401 1960
3400 1960
3399 1959
3398 1960
3397 1959
3397 1958
3397 1957
3397 1956
3397 1957
3397 1958
3396 1959
3395 1959
3394 1959
3394 1960
3394 1961
3393 1962
3392 1963
3391 1963
3390 1963
3389 1963
3388 1962
3388 1961
3388 1960
3389 1959
3390 1959
3390 1958
3390 1957
3389 1956
3388 1955
3388 1954
3387 1954
3386 1955
3385 1955
3384 1955
3383 1955
3382 1955
3381 1955
3380 1955
3379 1955
3378 1955
3377 1955
3376 1955
3375 1954
3374 1954
3373 1955
3372 1955
3371 1955
3370 1955
3369 1955
3368 1955
3367 1955
3366 1955
3365 1955
3364 1955
3363 1955
3362 1955
3361 1954
3361 1955
3361 1956
3361 1957
3360 1958
3359 1958
3358 1958
3357 1957
3357 1956
3357 1955
3357 1954
3357 1953
3356 1953
