3123 1809
3122 1810
3121 1810
3120 1811
3119 1811
3118 1811
3117 1812
3116 1813
3115 1814
3114 1815
3113 1816
3113 1817
3112 1818
3111 1819
3110 1820
3109 1821
3108 1822
3108 1823
3108 1824
3107 1825
3106 1826
3105 1827
3104 1827
3103 1827
3102 1827
3101 1828
3100 1829
3099 1829
3098 1830
3097 1831
3096 1831
3095 1831
3094 1832
3093 1832
3092 1832
3091 1832
3090 1832
3089 1833
3088 1833
3087 1833
3086 1833
3085 1833
3084 1833
3083 1833
3082 1833
3081 1833
3080 1833
3079 1833
3078 1833
3077 1833
3076 1834
3075 1834
3074 1835
3073 1835
3072 1835
3071 1836
3070 1836
3069 1836
3068 1836
3067 1836
3066 1836
3065 1837
3064 1837
3063 1837
3062 1837
3061 1837
3060 1837
3059 1836
3058 1836
3057 1837
3056 1837
3055 1837
3054 1838
3053 1838
3052 1838
3051 1839
3050 1839
3049 1839
3048 1840
3047 1840
3046 1840
3045 1840
3044 1840
3043 1840
3042 1840
3041 1840
3040 1840
3039 1840
3038 1840
3037 1840
3036 1841
3035 1841
3034 1841
3033 1841
3032 1842
3031 1842
3030 1842
3029 1843
3028 1843
3027 1843
3026 1843
3025 1844
3024 1844
3023 1844
3022 1844
3021 1844
3020 1844
3019 1844
3018 1844
3017 1844
3016 1844
3015 1844
3014 1844
3013 1844
3012 1844
3011 1844
3010 1844
3009 1844
3008 1844
3007 1844
3006 1844
3005 1844
3004 1844
3003 1844
3002 1844
3001 1844
3000 1844
2999 1843
2998 1843
2997 1843
2996 1843
2995 1843
2994 1843
2993 1843
2992 1843
2991 1843
2990 1843
2989 1843
2988 1843
2987 1843
2986 1843
2985 1843
2984 1843
2983 1842
2982 1842
2981 1842
2980 1842
2979 1842
2978 1842
2977 1842
2976 1843
2975 1843
2974 1843
2973 1844
2972 1845
2971 1845
2970 1845
2969 1846
2968 1846
2967 1846
2966 1846
2965 1846
2964 1846
2963 1846
2962 1846
2961 1846
2960 1846
2959 1846
2958 1846
2957 1846
2956 1846
2955 1846
2954 1846
2953 1846
2952 1846
2951 1846
2950 1845
2949 1845
2948 1845
2947 1845
2946 1846
2945 1846
2944 1846
2943 1846
2942 1847
2941 1847
2940 1848
2939 1848
2938 1848
2937 1848
2936 1848
2935 1849
2934 1849
2933 1849
2932 1849
2931 1849
2930 1849
2929 1849
2928 1849
2927 1849
2926 1849
2925 1849
2924 1849
2923 1849
2922 1849
2921 1849
2920 1849
2919 1849
2918 1850
2917 1850
2916 1851
2915 1851
2914 1851
2913 1852
2912 1852
2911 1852
2910 1852
2909 1852
2908 1852
2907 1852
2906 1852
2905 1853
2904 1853
2903 1853
2902 1853
2901 1853
2900 1853
2899 1853
2898 1853
2897 1853
2896 1853
2895 1853
2894 1852
2893 1852
2892 1852
2891 1852
2890 1852
2889 1852
2888 1852
2887 1852
2886 1852
2885 1852
2884 1852
2883 1852
2882 1853
2881 1853
2880 1853
2879 1854
2878 1854
2877 1854
2876 1854
2875 1855
2874 1855
2873 1855
2872 1855
2871 1855
2870 1855
2869 1855
2868 1856
2867 1856
2866 1855
2865 1855
2864 1855
2863 1856
2862 1856
2861 1857
2860 1857
2859 1858
2858 1858
2857 1858
2856 1859
2855 1859
2854 1860
2853 1860
2852 1860
2851 1860
2850 1860
2849 1860
2848 1860
2847 1860
2846 1860
2845 1860
2844 1860
2843 1860
2842 1860
2841 1860
2840 1860
2839 1859
2838 1859
2837 1859
2836 1859
2835 1859
2834 1859
2833 1859
2832 1859
2831 1859
2830 1859
2829 1859
2828 1859
2827 1859
2826 1859
2825 1859
2824 1859
2823 1858
2822 1858
2821 1858
2820 1858
2819 1858
2818 1858
2817 1858
2816 1858
2815 1858
2814 1858
2813 1858
2812 1858
2811 1858
2810 1858
2809 1857
2808 1857
2807 1857
2806 1857
2805 1857
2804 1857
2803 1857
2802 1857
2801 1857
2800 1857
2799 1857
2798 1857
2797 1857
2796 1857
2795 1857
2794 1857
2793 1857
2792 1857
2791 1858
2790 1859
2789 1859
2789 1860
2788 1861
2788 1862
2787 1863
2787 1864
2786 1865
2785 1866
2784 1867
2783 1868
2782 1868
2781 1869
2780 1869
2779 1870
2778 1870
2777 1870
2776 1870
2775 1871
2774 1871
2773 1872
2772 1873
2771 1874
2770 1874
2769 1875
2768 1875
2767 1875
2766 1876
2765 1876
2764 1877
2763 1877
2762 1877
2761 1878
2760 1878
2759 1879
2758 1879
2757 1879
2756 1879
2755 1879
2754 1880
2753 1880
2752 1880
2751 1880
2750 1880
2749 1880
2748 1880
2747 1880
2746 1880
2745 1880
2744 1880
2743 1880
2742 1880
2741 1880
2740 1880
2739 1880
2738 1880
2737 1879
2736 1879
2735 1879
2734 1879
2733 1879
2732 1879
2731 1879
2730 1879
2729 1879
2728 1879
2727 1879
2726 1879
2725 1879
2724 1879
2723 1879
2722 1878
2721 1878
2720 1878
2719 1878
2718 1878
2717 1878
2716 1878
2715 1878
2714 1878
2713 1878
2712 1878
2711 1878
2710 1878
2709 1878
2708 1879
2707 1879
2706 1880
2705 1880
2704 1880
2703 1881
2702 1881
2701 1881
2700 1882
2699 1882
2698 1883
2697 1884
2696 1884
2695 1885
2694 1885
2693 1886
2692 1886
2691 1886
2690 1886
2689 1886
2688 1886
2687 1886
2686 1886
2685 1886
2684 1886
2683 1886
2682 1886
2681 1886
2680 1886
2679 1886
2678 1886
2677 1886
2676 1886
2675 1886
2674 1886
2673 1886
2672 1886
2671 1886
2670 1886
2669 1886
2668 1886
2667 1886
2666 1886
2665 1886
2664 1885
2663 1885
2662 1885
2661 1885
2660 1885
2659 1885
2658 1885
2657 1885
2656 1885
2655 1885
2654 1885
2653 1885
2652 1885
2651 1885
2650 1885
2649 1884
2648 1884
2647 1884
2646 1884
2645 1884
2644 1884
2643 1884
2642 1884
2641 1884
2640 1884
2639 1884
2638 1883
2637 1883
2636 1883
2635 1883
2634 1883
2633 1883
2632 1883
2631 1882
2630 1882
2629 1882
2628 1881
2627 1881
2626 1880
2625 1880
2624 1880
2623 1879
2622 1879
2621 1879
2620 1878
2619 1878
2618 1878
2617 1878
2616 1877
2615 1877
2614 1877
2613 1877
2612 1877
2611 1877
2610 1877
2609 1877
2608 1876
2607 1876
2606 1876
2605 1876
2604 1876
2603 1876
2602 1876
2601 1876
2600 1876
2599 1875
2598 1875
2597 1875
2596 1875
2595 1875
2594 1875
2593 1875
2592 1875
2591 1875
2590 1875
2589 1875
2588 1875
2587 1875
2586 1875
2585 1874
2584 1874
2583 1874
2582 1874
2581 1874
2580 1874
2579 1874
2578 1874
2577 1874
2576 1874
2575 1874
2574 1874
2573 1874
2572 1874
2571 1873
2570 1873
2569 1873
2568 1873
2567 1873
2566 1873
2565 1873
2564 1873
2563 1873
2562 1873
2561 1873
2560 1873
2559 1873
2558 1872
2557 1872
2556 1872
2555 1872
2554 1872
2553 1872
2552 1872
2551 1872
2550 1872
2549 1872
2548 1872
2547 1872
2546 1873
2545 1873
2544 1874
2543 1874
2542 1875
2541 1876
2540 1877
2539 1878
2538 1878
2537 1879
2536 1880
2535 1881
2534 1882
2533 1883
2532 1883
2531 1884
2531 1885
2530 1886
2529 1887
2529 1888
2529 1889
2528 1890
2528 1891
2528 1892
2527 1893
2526 1894
2525 1895
2524 1895
2524 1896
2523 1897
2522 1898
2521 1899
2520 1899
2519 1900
2518 1900
2517 1900
2516 1900
2515 1901
2514 1901
2513 1902
2512 1903
2511 1903
2510 1904
2509 1904
2508 1904
2507 1905
2506 1905
2505 1905
2504 1905
2503 1905
2502 1906
2501 1906
2500 1906
2499 1906
2498 1906
2497 1906
2496 1906
2495 1906
2494 1906
2493 1906
2492 1906
2491 1906
2490 1906
2489 1906
2488 1906
2487 1906
2486 1906
2485 1906
2484 1905
2483 1905
2482 1905
2481 1905
2480 1905
2479 1905
2478 1905
2477 1905
2476 1905
2475 1905
2474 1905
2473 1905
2472 1905
2471 1904
2470 1904
2469 1903
2468 1902
2468 1901
2467 1900
2466 1899
2465 1898
2464 1897
2463 1896
2462 1895
2462 1894
2461 1894
2460 1895
2459 1895
2459 1896
2458 1897
2457 1898
2457 1899
2457 1900
2456 1901
2456 1902
2456 1903
2456 1904
2455 1905
2455 1906
2455 1907
2455 1908
2454 1909
2453 1910
2452 1911
2452 1912
2451 1913
2451 1914
2450 1915
2450 1916
2449 1917
2449 1918
2448 1919
2447 1920
2446 1921
2445 1922
2445 1923
2444 1924
2444 1925
2444 1926
2443 1927
2443 1928
2442 1929
2442 1930
2441 1931
2440 1931
2439 1932
2438 1933
2437 1934
2436 1935
2435 1935
2434 1936
2433 1937
2432 1937
2431 1938
2430 1938
2429 1939
2428 1940
2427 1940
2426 1941
2425 1941
2424 1942
2423 1942
2422 1942
2421 1943
2420 1943
2419 1943
2418 1943
2417 1943
2416 1943
2415 1944
2414 1944
2413 1944
2412 1945
2411 1945
2410 1946
2409 1946
2408 1947
2407 1947
2406 1947
2405 1947
2404 1947
2403 1948
2402 1948
2401 1949
2400 1949
2399 1949
2398 1950
2397 1950
2396 1950
2395 1951
2394 1951
2393 1951
2392 1951
2391 1952
2390 1952
2389 1952
2388 1952
2387 1952
2386 1952
2385 1952
2384 1952
2383 1952
2382 1952
2381 1952
2380 1952
2379 1952
2378 1952
2377 1952
2376 1952
2375 1953
2374 1953
2373 1953
2372 1954
2371 1954
2370 1954
2369 1955
2368 1955
2367 1955
2366 1955
2365 1956
2364 1956
2363 1956
2362 1956
2361 1956
2360 1956
2359 1956
2358 1956
2357 1956
2356 1957
2355 1957
2354 1957
2353 1958
2352 1958
2351 1958
2350 1959
2349 1959
2348 1959
2347 1959
2346 1960
2345 1960
2344 1961
2343 1961
2342 1962
2341 1962
2340 1963
2339 1964
2338 1965
2337 1966
2336 1966
2335 1967
2334 1967
2333 1968
2332 1968
2331 1968
2330 1969
2329 1969
2328 1970
2327 1970
2326 1971
2325 1971
2324 1971
2323 1972
2322 1972
2321 1973
2320 1973
2319 1973
2318 1973
2317 1974
2316 1974
2315 1975
2314 1975
2313 1976
2312 1976
2311 1977
2310 1977
2309 1978
2308 1978
2307 1978
2306 1978
2305 1978
2304 1979
2303 1979
2302 1979
2301 1979
2300 1980
2299 1980
2298 1980
2297 1981
2296 1982
2295 1982
2294 1983
2293 1984
2292 1984
2291 1985
2290 1986
2289 1986
2288 1987
2287 1987
2286 1987
2285 1988
2284 1988
2283 1988
2282 1988
2281 1988
2280 1988
2279 1988
2278 1988
2277 1989
2276 1989
2275 1989
2274 1989
2273 1989
2272 1989
2271 1989
2270 1989
2269 1989
2268 1989
2267 1990
2266 1990
2265 1990
2264 1991
2263 1991
2262 1991
2261 1991
2260 1992
2259 1992
2258 1992
2257 1992
2256 1992
2255 1992
2254 1992
2253 1993
2252 1993
2251 1994
2250 1994
2249 1994
2248 1995
2247 1995
2246 1995
2245 1996
2244 1996
2243 1996
2242 1997
2241 1997
2240 1997
2239 1997
2238 1998
2237 1999
2236 2000
2235 2001
2234 2002
2233 2003
2232 2004
2231 2004
2230 2005
2229 2005
2228 2006
2227 2007
2226 2008
2225 2009
2224 2009
2223 2010
2222 2010
2221 2011
2220 2011
2219 2011
2218 2012
2217 2012
2216 2013
2215 2014
2214 2014
2213 2015
2212 2015
2211 2016
2210 2017
2210 2018
2209 2019
2208 2020
2207 2021
2206 2022
2205 2023
2204 2024
2203 2025
2202 2025
2201 2026
2200 2027
2199 2028
2198 2029
2197 2029
2196 2030
2195 2030
2194 2030
2193 2030
2192 2031
2191 2031
2190 2031
2189 2032
2188 2032
2187 2033
2186 2033
2185 2034
2184 2034
2183 2035
2182 2035
2181 2036
2180 2036
2179 2037
2178 2037
2177 2038
2176 2039
2175 2039
2174 2039
2173 2040
2172 2040
2171 2041
2170 2041
2169 2041
2168 2042
2167 2042
2166 2043
2165 2043
2164 2044
2163 2045
2162 2045
2161 2045
2160 2045
2159 2045
2158 2045
2157 2046
2156 2046
2155 2046
2154 2045
2153 2045
2152 2045
2151 2045
2150 2046
2149 2046
2148 2046
2147 2047
2146 2047
2145 2048
2144 2048
2143 2048
2142 2048
2141 2048
2140 2049
2139 2049
2138 2049
2137 2049
2136 2049
2135 2049
2134 2049
2133 2049
2132 2049
2131 2049
2130 2049
2129 2050
2128 2050
2127 2050
2126 2051
2125 2051
2124 2052
2123 2053
2122 2054
2121 2054
2120 2055
2119 2055
2118 2056
2117 2057
2116 2058
2115 2059
2114 2060
2113 2061
2112 2061
2111 2062
2110 2062
2109 2063
2108 2064
2107 2065
2107 2066
2106 2067
2105 2068
2105 2069
2104 2070
2103 2071
2102 2072
2101 2073
2101 2074
2100 2075
2100 2076
2100 2077
2099 2078
2099 2079
2098 2080
2097 2081
2096 2082
2095 2083
2095 2084
2094 2085
2093 2086
2093 2087
2092 2088
2091 2089
2090 2090
2089 2091
2088 2092
2088 2093
2087 2094
2087 2095
2086 2096
2086 2097
2085 2098
2085 2099
2084 2100
2083 2101
2082 2102
2082 2103
2081 2104
2080 2105
2079 2105
2078 2106
2077 2107
2076 2108
2075 2109
2074 2109
2073 2109
2072 2109
2071 2110
2070 2110
2069 2110
2068 2111
2067 2111
2066 2112
2065 2113
2064 2113
2063 2113
2062 2114
2061 2114
2060 2114
2059 2115
2058 2115
2057 2115
2056 2115
2055 2115
2054 2115
2053 2116
2052 2117
2051 2117
2050 2118
2049 2119
2048 2119
2047 2120
2046 2121
2045 2121
2044 2122
2043 2123
2042 2123
2041 2123
2040 2124
2039 2124
2038 2125
2037 2126
2036 2127
2035 2128
2034 2129
2033 2130
2032 2131
2031 2132
2030 2133
2030 2134
2030 2135
2029 2136
2029 2137
2029 2138
2028 2139
2028 2140
2027 2141
2026 2142
2025 2143
2024 2144
2023 2145
2022 2146
2021 2147
2020 2148
2019 2149
2018 2150
2018 2151
2017 2152
2016 2153
2015 2154
2014 2155
2013 2156
2013 2157
2012 2158
2012 2159
2011 2160
2010 2161
2009 2162
2008 2163
2007 2164
2006 2165
2006 2166
2005 2167
2005 2168
2004 2169
2003 2170
2003 2171
2002 2172
2001 2173
2000 2174
1999 2174
1998 2175
1997 2175
1996 2176
1995 2177
1994 2178
1993 2179
1992 2179
1991 2179
1990 2180
1989 2180
1988 2181
1987 2181
1986 2181
1985 2182
1984 2183
1983 2184
1982 2185
1981 2186
1980 2187
1979 2188
1978 2188
1977 2189
1976 2189
1975 2189
1974 2190
1973 2190
1972 2190
1971 2190
1970 2191
1969 2191
1968 2192
1967 2192
1966 2193
1965 2193
1964 2194
1963 2194
1962 2194
1961 2195
1960 2195
1959 2195
1958 2196
1957 2196
1956 2197
1955 2197
1954 2198
1953 2198
1952 2199
1951 2199
1950 2200
1949 2200
1948 2201
1947 2202
1946 2202
1945 2203
1944 2204
1943 2205
1942 2206
1941 2207
1940 2207
1939 2208
1938 2209
1937 2209
1936 2209
1935 2210
1934 2210
1933 2210
1932 2210
1931 2210
1930 2210
1929 2210
1928 2210
1927 2210
1926 2210
1925 2210
1924 2210
1923 2210
1922 2210
1921 2210
1920 2210
1919 2210
1918 2210
1917 2210
1916 2210
1915 2210
1914 2210
1913 2210
1912 2210
1911 2210
1910 2210
1909 2210
1908 2209
1907 2209
1906 2209
1905 2209
1904 2209
1903 2209
1902 2209
1901 2209
1900 2209
1899 2210
1898 2210
1897 2211
1896 2211
1895 2211
1894 2211
1893 2211
1892 2212
1891 2212
1890 2213
1889 2214
1888 2214
1887 2215
1886 2215
1885 2216
1884 2216
1883 2216
1882 2217
1881 2217
1880 2218
1879 2219
1878 2220
1877 2221
1876 2222
1875 2223
1874 2224
1873 2225
1872 2225
1871 2226
1870 2226
1869 2227
1868 2228
1867 2228
1866 2229
1865 2229
1864 2230
1863 2230
1862 2230
1861 2231
1860 2231
1859 2231
1858 2231
1857 2231
1856 2232
1855 2232
1854 2232
1853 2232
1852 2233
1851 2233
1850 2234
1849 2234
1848 2235
1847 2235
1846 2236
1845 2236
1844 2236
1843 2236
1842 2237
1841 2237
1840 2237
1839 2237
1838 2237
1837 2237
1836 2237
1835 2237
1834 2237
1833 2237
1832 2237
1831 2237
1830 2238
1829 2238
1828 2238
1827 2239
1826 2239
1825 2240
1824 2240
1823 2241
1822 2241
1821 2241
1820 2242
1819 2242
1818 2243
1817 2243
1816 2244
1815 2244
1814 2244
1813 2245
1812 2245
1811 2245
1810 2246
1809 2246
1808 2247
1807 2247
1806 2248
1805 2248
1804 2249
1803 2249
1802 2250
1801 2250
1800 2251
1799 2251
1798 2252
1797 2252
1796 2253
1795 2253
1794 2253
1793 2253
1792 2254
1791 2254
1790 2254
1789 2255
1788 2255
1787 2255
1786 2256
1785 2257
1784 2257
1783 2257
1782 2258
1781 2258
1780 2259
1779 2259
1778 2260
1777 2261
1776 2262
1775 2263
1774 2263
1773 2264
1772 2264
1771 2264
1770 2265
1769 2265
1768 2265
1767 2265
1766 2265
1765 2265
1764 2265
1763 2265
1762 2264
1761 2264
1760 2264
1759 2264
1758 2264
1757 2264
1756 2264
1755 2264
1754 2264
1753 2264
1752 2264
1751 2264
1750 2265
1749 2265
1748 2266
1747 2266
1746 2266
1745 2266
1744 2267
1743 2267
1742 2267
1741 2267
1740 2268
1739 2268
1738 2269
1737 2269
1736 2270
1735 2270
1734 2271
1733 2271
1732 2271
1731 2272
1730 2272
1729 2273
1728 2273
1727 2274
1726 2275
1725 2275
1724 2276
1723 2276
1722 2277
1721 2278
1720 2278
1719 2279
1718 2279
1717 2280
1716 2280
1715 2281
1714 2281
1713 2282
1712 2282
1711 2282
1710 2282
1709 2282
1708 2282
1707 2282
1706 2282
1705 2282
1704 2282
1703 2282
1702 2282
1701 2282
1700 2282
1699 2282
1698 2282
1697 2282
1696 2282
1695 2282
1694 2282
1693 2282
1692 2281
1691 2281
1690 2281
1689 2281
1688 2281
1687 2281
1686 2281
1685 2281
1684 2281
1683 2281
1682 2281
1681 2281
1680 2281
1679 2281
1678 2280
1677 2280
1676 2280
1675 2280
1674 2280
1673 2280
1672 2281
1671 2281
1670 2281
1669 2282
1668 2282
1667 2282
1666 2283
1665 2283
1664 2283
1663 2284
1662 2284
1661 2284
1660 2284
1659 2284
1658 2284
1657 2284
1656 2285
1655 2285
1654 2286
1653 2286
1652 2287
1651 2287
1650 2287
1649 2288
1648 2288
1647 2288
1646 2288
1645 2288
1644 2288
1643 2288
1642 2288
1641 2289
1640 2289
1639 2289
1638 2289
1637 2288
1636 2288
1635 2288
1634 2288
1633 2288
1632 2288
1631 2288
1630 2288
1629 2288
1628 2288
1627 2288
1626 2288
1625 2288
1624 2288
1623 2288
1622 2287
1621 2287
1620 2287
1619 2287
1618 2287
1617 2287
1616 2287
1615 2287
1614 2287
1613 2287
1612 2287
1611 2287
1610 2287
1609 2287
1608 2287
1607 2286
1606 2286
1605 2286
1604 2286
1603 2287
1602 2287
1601 2288
1600 2288
1599 2289
1598 2290
1597 2291
1596 2292
1595 2293
1594 2293
1593 2294
1592 2294
1591 2295
1590 2295
1589 2296
1588 2297
1587 2297
1586 2298
1585 2298
1584 2299
1583 2300
1582 2300
1581 2301
1580 2301
1579 2302
1578 2302
1577 2302
1576 2303
1575 2303
1574 2303
1573 2304
1572 2304
1571 2305
1570 2305
1569 2306
1568 2307
1567 2307
1566 2308
1565 2308
1564 2309
1563 2309
1562 2309
1561 2309
1560 2309
1559 2309
1558 2309
1557 2310
1556 2310
1555 2310
1554 2310
1553 2310
1552 2310
1551 2309
1550 2309
1549 2309
1548 2309
1547 2309
1546 2309
1545 2309
1544 2309
1543 2309
1542 2310
1541 2310
1540 2310
1539 2311
1538 2311
1537 2311
1536 2311
1535 2312
1534 2312
1533 2312
1532 2312
1531 2313
1530 2313
1529 2313
1528 2313
1527 2314
1526 2315
1525 2315
1524 2316
1523 2317
1522 2317
1521 2318
1520 2319
1519 2320
1518 2320
1517 2321
1516 2321
1515 2322
1514 2322
1513 2322
1512 2322
1511 2322
1510 2323
1509 2323
1508 2323
1507 2323
1506 2323
1505 2323
1504 2323
1503 2323
1502 2323
1501 2323
1500 2323
1499 2323
1498 2323
1497 2322
1496 2322
1495 2322
1494 2322
1493 2322
1492 2322
1491 2322
1490 2322
1489 2322
1488 2322
1487 2322
1486 2322
1485 2322
1484 2322
1483 2321
1482 2321
1481 2321
1480 2322
1479 2322
1478 2323
1477 2323
1476 2324
1475 2324
1474 2324
1473 2325
1472 2325
1471 2325
1470 2326
1469 2326
1468 2327
1467 2327
1466 2328
1465 2329
1464 2330
1463 2331
1462 2332
1461 2332
1460 2333
1459 2334
1458 2334
1457 2335
1456 2335
1455 2335
1454 2335
1453 2335
1452 2335
1451 2335
1450 2334
1449 2334
1448 2334
1447 2333
1446 2333
1445 2332
1444 2332
1443 2331
1442 2331
1441 2331
1440 2330
1439 2330
1438 2330
1437 2330
1436 2330
1435 2329
1434 2329
1433 2329
1432 2329
1431 2329
1430 2329
1429 2329
1428 2329
1427 2329
1426 2329
1425 2328
1424 2328
1423 2328
1422 2328
1421 2328
1420 2328
1419 2328
1418 2328
1417 2328
1416 2328
1415 2328
1414 2328
1413 2328
1412 2328
1411 2328
1410 2327
1409 2327
1408 2327
1407 2327
1406 2327
1405 2327
1404 2327
1403 2327
1402 2327
1401 2327
1400 2327
1399 2326
1398 2326
1397 2326
1396 2326
1395 2326
1394 2326
1393 2326
1392 2326
1391 2326
1390 2326
1389 2326
1388 2326
1387 2326
1386 2326
1385 2325
1384 2325
1383 2325
1382 2325
1381 2325
1380 2325
1379 2325
1378 2325
1377 2325
1376 2325
1375 2325
1374 2324
1373 2324
1372 2324
1371 2323
1370 2322
1369 2322
1368 2321
1367 2321
1366 2321
1365 2320
1364 2320
1363 2320
1362 2320
1361 2321
1360 2321
1359 2322
1358 2322
1357 2322
1356 2322
1355 2322
1354 2322
1353 2322
1352 2322
1351 2322
1350 2322
1349 2322
1348 2322
1347 2322
1346 2322
1345 2322
1344 2322
1343 2322
1342 2322
1341 2322
1340 2322
1339 2322
1338 2322
1337 2322
1336 2322
1335 2322
1334 2322
1333 2322
1332 2322
1331 2322
1330 2322
1329 2322
1328 2322
1327 2321
1326 2321
1325 2321
1324 2321
1323 2321
1322 2321
1321 2321
1320 2321
1319 2321
1318 2321
1317 2321
1316 2321
1315 2321
1314 2320
1313 2320
1312 2320
1311 2320
1310 2320
1309 2320
1308 2320
1307 2320
1306 2320
1305 2320
1304 2320
1303 2320
1302 2320
1301 2319
1300 2319
1299 2319
1298 2319
1297 2319
1296 2319
1295 2319
1294 2319
1293 2319
1292 2319
1291 2320
1290 2320
1289 2320
1288 2321
1287 2321
1286 2322
1285 2322
1284 2322
1283 2323
1282 2322
1281 2322
1280 2321
1279 2320
1278 2320
1277 2319
1276 2319
1275 2318
1274 2317
1273 2316
1272 2315
1271 2315
1270 2314
1269 2313
1268 2312
1267 2312
1266 2311
1265 2310
1264 2309
1263 2308
1262 2308
1261 2308
1260 2307
1259 2307
1258 2306
1257 2306
1256 2306
1255 2306
1254 2306
1253 2305
1252 2305
1251 2305
1250 2305
1249 2306
1248 2306
1247 2306
1246 2307
1245 2307
1244 2308
1243 2308
1242 2309
1241 2309
1240 2310
1239 2310
1238 2311
1237 2312
1236 2313
1235 2314
1234 2315
1233 2315
1232 2316
1231 2317
1230 2317
1229 2318
1228 2318
1227 2319
1226 2320
1225 2321
1224 2321
1223 2322
1222 2322
1221 2322
1220 2323
1219 2323
1218 2324
1217 2324
1216 2325
1215 2325
1214 2326
1213 2326
1212 2326
1211 2326
1210 2327
1209 2327
1208 2327
1207 2328
1206 2328
1205 2329
1204 2329
1203 2330
1202 2331
1201 2332
1200 2332
1199 2333
1198 2334
1197 2335
1196 2336
1195 2336
1194 2337
1193 2337
1192 2337
1191 2337
1190 2338
1189 2338
1188 2338
1187 2338
1186 2338
1185 2338
1184 2338
1183 2338
1182 2338
1181 2338
1180 2338
1179 2338
1178 2338
1177 2338
1176 2338
1175 2338
1174 2337
1173 2337
1172 2338
1171 2338
1170 2338
1169 2338
1168 2338
1167 2339
1166 2339
1165 2339
1164 2340
1163 2340
1162 2340
1161 2340
1160 2341
1159 2341
1158 2342
1157 2343
1156 2343
1155 2344
1154 2344
1153 2344
1152 2345
1151 2345
1150 2345
1149 2345
1148 2346
1147 2346
1146 2347
1145 2347
1144 2348
1143 2348
1142 2349
1141 2349
1140 2349
1139 2350
1138 2351
1137 2351
1136 2352
1135 2353
1134 2354
1133 2354
1132 2355
1131 2355
1130 2355
1129 2355
1128 2355
1127 2355
1126 2355
1125 2355
1124 2355
1123 2355
1122 2355
1121 2355
1120 2355
1119 2355
1118 2355
1117 2355
1116 2355
1115 2355
1114 2355
1113 2355
1112 2355
1111 2355
1110 2355
1109 2355
1108 2355
1107 2356
1106 2356
1105 2356
1104 2356
1103 2357
1102 2357
1101 2357
1100 2357
1099 2358
1098 2358
1097 2358
1096 2358
1095 2358
1094 2358
1093 2358
1092 2358
1091 2358
1090 2359
1089 2359
1088 2359
1087 2360
1086 2360
1085 2361
1084 2361
1083 2361
1082 2361
1081 2362
1080 2362
1079 2362
1078 2362
1077 2362
1076 2362
1075 2362
1074 2362
1073 2362
1072 2362
1071 2362
1070 2363
1069 2363
1068 2363
1067 2364
1066 2364
1065 2365
1064 2365
1063 2365
1062 2366
1061 2366
1060 2366
1059 2366
1058 2366
1057 2366
1056 2366
1055 2367
1054 2367
1053 2367
1052 2368
1051 2368
1050 2369
1049 2369
1048 2370
1047 2370
1046 2370
1045 2371
1044 2371
1043 2371
1042 2371
1041 2371
1040 2371
1039 2371
1038 2371
1037 2371
1036 2371
1035 2371
1034 2371
1033 2371
1032 2371
1031 2371
1030 2371
1029 2372
1028 2372
1027 2372
1026 2372
1025 2373
1024 2373
1023 2373
1022 2374
1021 2374
1020 2374
1019 2374
1018 2374
1017 2374
1016 2374
1015 2374
1014 2374
1013 2374
1012 2374
1011 2374
1010 2375
1009 2375
1008 2375
1007 2375
1006 2375
1005 2375
1004 2375
1003 2375
1002 2376
1001 2376
1000 2376
999 2377
998 2377
997 2377
996 2378
995 2378
994 2378
993 2378
992 2378
991 2378
990 2378
989 2378
988 2378
987 2378
986 2378
985 2378
984 2378
983 2378
982 2378
981 2378
980 2378
979 2378
978 2378
977 2378
976 2378
975 2378
974 2378
973 2378
972 2378
971 2378
970 2378
969 2378
968 2378
967 2378
966 2378
965 2378
964 2379
963 2379
962 2379
961 2380
960 2380
959 2380
958 2380
957 2381
956 2381
955 2381
954 2381
953 2382
952 2382
951 2383
950 2383
949 2383
948 2384
947 2384
946 2384
945 2385
944 2385
943 2385
942 2386
941 2387
940 2388
939 2389
938 2390
938 2391
938 2392
939 2393
940 2393
941 2394
942 2395
943 2395
944 2396
945 2396
946 2396
947 2397
948 2397
949 2397
950 2397
951 2397
952 2398
953 2398
954 2398
955 2398
956 2398
957 2398
958 2398
959 2399
960 2399
961 2399
962 2400
963 2400
964 2401
965 2402
966 2402
967 2403
968 2403
969 2403
970 2404
971 2404
972 2405
973 2405
974 2406
975 2407
976 2407
977 2408
978 2408
979 2409
980 2409
981 2409
982 2410
983 2410
984 2410
985 2411
986 2411
987 2411
988 2411
989 2411
990 2411
991 2412
992 2412
993 2412
994 2412
995 2412
996 2412
997 2412
998 2412
999 2412
1000 2412
1001 2413
1002 2413
1003 2413
1004 2413
1005 2413
1006 2413
1007 2413
1008 2413
1009 2413
1010 2413
1011 2413
1012 2414
1013 2414
1014 2414
1015 2414
1016 2414
1017 2414
1018 2414
1019 2415
1020 2415
1021 2416
1022 2416
1023 2417
1024 2417
1025 2418
1026 2418
1027 2418
1028 2419
1029 2419
1030 2419
1031 2419
1032 2419
1033 2420
1034 2420
1035 2420
1036 2420
1037 2420
1038 2420
1039 2421
1040 2421
1041 2421
1042 2421
1043 2421
1044 2421
1045 2421
1046 2421
1047 2421
1048 2421
1049 2422
1050 2422
1051 2422
1052 2422
1053 2421
1054 2421
1055 2420
1056 2419
1057 2419
1058 2418
1059 2417
1060 2416
1061 2416
1062 2416
1063 2415
1064 2415
1065 2415
1066 2414
1067 2414
1068 2414
1069 2414
1070 2414
1071 2414
1072 2413
1073 2413
1074 2413
1075 2413
1076 2413
1077 2413
1078 2413
1079 2413
1080 2413
1081 2413
1082 2413
1083 2413
1084 2413
1085 2414
1086 2414
1087 2414
1088 2414
1089 2414
1090 2414
1091 2414
1092 2414
1093 2414
1094 2414
1095 2414
1096 2414
1097 2414
1098 2414
1099 2414
1100 2414
1101 2414
1102 2414
1103 2414
1104 2415
1105 2415
1106 2415
1107 2415
1108 2415
1109 2415
1110 2415
1111 2415
1112 2415
1113 2415
1114 2415
1115 2415
1116 2415
1117 2415
1118 2415
1119 2416
1120 2416
1121 2416
1122 2416
1123 2416
1124 2416
1125 2416
1126 2416
1127 2416
1128 2416
1129 2416
1130 2416
1131 2417
1132 2417
1133 2417
1134 2417
1135 2417
1136 2417
1137 2417
1138 2417
1139 2417
1140 2417
1141 2417
1142 2417
1143 2417
1144 2417
1145 2417
1146 2417
1147 2418
1148 2418
1149 2418
1150 2418
1151 2418
1152 2418
1153 2418
1154 2418
1155 2418
1156 2418
1157 2418
1158 2418
1159 2418
1160 2418
1161 2419
1162 2419
1163 2419
1164 2419
1165 2419
1166 2419
1167 2419
1168 2419
1169 2419
1170 2419
1171 2419
1172 2419
1173 2420
1174 2420
1175 2420
1176 2420
1177 2420
1178 2420
1179 2420
1180 2420
1181 2420
1182 2420
1183 2420
1184 2420
1185 2420
1186 2420
1187 2420
1188 2421
1189 2421
1190 2421
1191 2421
1192 2421
1193 2421
1194 2421
1195 2421
1196 2421
1197 2421
1198 2421
1199 2421
1200 2421
1201 2421
1202 2421
1203 2422
1204 2422
1205 2422
1206 2422
1207 2422
1208 2422
1209 2422
1210 2422
1211 2422
1212 2422
1213 2422
1214 2422
1215 2423
1216 2423
1217 2423
1218 2423
1219 2423
1220 2423
1221 2423
1222 2423
1223 2423
1224 2423
1225 2423
1226 2423
1227 2423
1228 2423
1229 2423
1230 2424
1231 2424
1232 2424
1233 2424
1234 2424
1235 2424
1236 2424
1237 2424
1238 2424
1239 2424
1240 2424
1241 2425
1242 2425
1243 2425
1244 2425
1245 2426
1246 2427
1247 2427
1248 2428
1249 2428
1250 2429
1251 2429
1252 2429
1253 2429
1254 2430
1255 2430
1256 2430
1257 2430
1258 2430
1259 2431
1260 2431
1261 2431
1262 2431
1263 2431
1264 2431
1265 2431
1266 2431
1267 2431
1268 2432
1269 2432
1270 2432
1271 2432
1272 2432
1273 2432
1274 2432
1275 2433
1276 2433
1277 2434
1278 2434
1279 2435
1280 2436
1281 2436
1282 2437
1283 2438
1284 2438
1285 2439
1286 2439
1287 2440
1288 2441
1289 2441
1290 2442
1291 2442
1292 2443
1293 2443
1294 2444
1295 2445
1296 2445
1297 2446
1298 2447
1299 2447
1300 2448
1301 2448
1302 2449
1303 2449
1304 2449
1305 2449
1306 2450
1307 2450
1308 2450
1309 2450
1310 2451
1311 2451
1312 2452
1313 2452
1314 2453
1315 2454
1316 2455
1317 2455
1318 2456
1319 2456
1320 2456
1321 2456
1322 2457
1323 2457
1324 2457
1325 2457
1326 2457
1327 2457
1328 2457
1329 2458
1330 2458
1331 2459
1332 2459
1333 2460
1334 2460
1335 2461
1336 2461
1337 2462
1338 2462
1339 2462
1340 2463
1341 2463
1342 2463
1343 2463
1344 2464
1345 2464
1346 2464
1347 2464
1348 2464
1349 2464
1350 2465
1351 2465
1352 2465
1353 2465
1354 2465
1355 2466
1356 2466
1357 2467
1358 2467
1359 2468
1360 2468
1361 2469
1362 2469
1363 2470
1364 2470
1365 2470
1366 2470
1367 2471
1368 2471
1369 2472
1370 2472
1371 2473
1372 2474
1373 2474
1374 2475
1375 2475
1376 2476
1377 2476
1378 2476
1379 2477
1380 2477
1381 2477
1382 2477
1383 2477
1384 2478
1385 2478
1386 2478
1387 2478
1388 2478
1389 2478
1390 2479
1391 2479
1392 2479
1393 2479
1394 2479
1395 2479
1396 2479
1397 2479
1398 2479
1399 2479
1400 2480
1401 2480
1402 2480
1403 2480
1404 2480
1405 2480
1406 2480
1407 2480
1408 2480
1409 2480
1410 2480
1411 2480
1412 2480
1413 2480
1414 2481
1415 2481
1416 2481
1417 2481
1418 2481
1419 2481
1420 2481
1421 2481
1422 2481
1423 2481
1424 2481
1425 2481
1426 2481
1427 2481
1428 2482
1429 2482
1430 2482
1431 2482
1432 2482
1433 2482
1434 2482
1435 2482
1436 2482
1437 2482
1438 2482
1439 2482
1440 2483
1441 2483
1442 2483
1443 2483
1444 2483
1445 2483
1446 2483
1447 2483
1448 2483
1449 2483
1450 2483
1451 2483
1452 2483
1453 2483
1454 2483
1455 2483
1456 2484
1457 2484
1458 2484
1459 2484
1460 2484
1461 2484
1462 2484
1463 2484
1464 2484
1465 2484
1466 2484
1467 2484
1468 2484
1469 2484
1470 2484
1471 2485
1472 2485
1473 2485
1474 2485
1475 2485
1476 2485
1477 2485
1478 2485
1479 2485
1480 2485
1481 2485
1482 2486
1483 2486
1484 2486
1485 2486
1486 2486
1487 2486
1488 2486
1489 2486
1490 2486
1491 2486
1492 2487
1493 2487
1494 2488
1495 2489
1496 2489
1497 2490
1498 2490
1499 2490
1500 2491
1501 2491
1502 2491
1503 2491
1504 2492
1505 2492
1506 2492
1507 2492
1508 2492
1509 2492
1510 2492
1511 2492
1512 2493
1513 2493
1514 2493
1515 2494
1516 2494
1517 2495
1518 2495
1519 2496
1520 2496
1521 2497
1522 2498
1523 2499
1524 2499
1525 2500
1526 2501
1527 2501
1528 2502
1529 2503
1530 2504
1531 2504
1532 2505
1533 2506
1534 2506
1535 2507
1536 2507
1537 2508
1538 2509
1539 2509
1540 2509
1541 2510
1542 2510
1543 2510
1544 2510
1545 2511
1546 2511
1547 2511
1548 2511
1549 2511
1550 2512
1551 2512
1552 2513
1553 2513
1554 2514
1555 2514
1556 2515
1557 2515
1558 2516
1559 2516
1560 2516
1561 2517
1562 2517
1563 2517
1564 2517
1565 2518
1566 2518
1567 2518
1568 2518
1569 2518
1570 2518
1571 2519
1572 2519
1573 2519
1574 2519
1575 2519
1576 2519
1577 2519
1578 2520
1579 2520
1580 2520
1581 2520
1582 2520
1583 2520
1584 2520
1585 2520
1586 2520
1587 2520
1588 2520
1589 2520
1590 2520
1591 2520
1592 2520
1593 2521
1594 2521
1595 2521
1596 2521
1597 2521
1598 2521
1599 2521
1600 2521
1601 2521
1602 2521
1603 2521
1604 2521
1605 2521
1606 2521
1607 2522
1608 2522
1609 2522
1610 2522
1611 2522
1612 2522
1613 2522
1614 2522
1615 2522
1616 2522
1617 2522
1618 2522
1619 2523
1620 2523
1621 2523
1622 2523
1623 2523
1624 2523
1625 2523
1626 2523
1627 2523
1628 2523
1629 2523
1630 2523
1631 2523
1632 2523
1633 2523
1634 2523
1635 2524
1636 2524
1637 2524
1638 2524
1639 2524
1640 2524
1641 2524
1642 2524
1643 2524
1644 2524
1645 2524
1646 2524
1647 2524
1648 2524
1649 2525
1650 2525
1651 2525
1652 2525
1653 2525
1654 2525
1655 2525
1656 2525
1657 2525
1658 2525
1659 2525
1660 2525
1661 2525
1662 2526
1663 2526
1664 2526
1665 2526
1666 2526
1667 2526
1668 2526
1669 2526
1670 2526
1671 2526
1672 2526
1673 2526
1674 2526
1675 2526
1676 2526
1677 2527
1678 2527
1679 2527
1680 2527
1681 2527
1682 2527
1683 2527
1684 2527
1685 2527
1686 2527
1687 2527
1688 2527
1689 2527
1690 2527
1691 2527
1692 2527
1693 2526
1694 2526
1695 2526
1696 2525
1697 2525
1698 2525
1699 2525
1700 2524
1701 2524
1702 2524
1703 2524
1704 2524
1705 2524
1706 2524
1707 2524
1708 2524
1709 2524
1710 2524
1711 2524
1712 2524
1713 2524
1714 2524
1715 2524
1716 2524
1717 2524
1718 2524
1719 2524
1720 2524
1721 2524
1722 2524
1723 2525
1724 2525
1725 2525
1726 2525
1727 2525
1728 2525
1729 2525
1730 2525
1731 2525
1732 2525
1733 2525
1734 2525
1735 2525
1736 2525
1737 2526
1738 2526
1739 2526
1740 2526
1741 2526
1742 2526
1743 2526
1744 2526
1745 2526
1746 2526
1747 2526
1748 2526
1749 2526
1750 2526
1751 2527
1752 2527
1753 2527
1754 2527
1755 2527
1756 2527
1757 2528
1758 2528
1759 2529
1760 2529
1761 2530
1762 2530
1763 2531
1764 2531
1765 2531
1766 2532
1767 2532
1768 2532
1769 2532
1770 2532
1771 2533
1772 2533
1773 2533
1774 2534
1775 2534
1776 2535
1777 2535
1778 2536
1779 2536
1780 2537
1781 2537
1782 2537
1783 2538
1784 2538
1785 2538
1786 2539
1787 2539
1788 2540
1789 2541
1790 2542
1791 2542
1792 2543
1793 2544
1794 2544
1795 2544
1796 2545
1797 2545
1798 2545
1799 2545
1800 2546
1801 2546
1802 2546
1803 2546
1804 2546
1805 2546
1806 2546
1807 2547
1808 2547
1809 2547
1810 2547
1811 2547
1812 2547
1813 2547
1814 2547
1815 2547
1816 2547
1817 2547
1818 2547
1819 2547
1820 2548
1821 2548
1822 2548
1823 2548
1824 2548
1825 2548
1826 2548
1827 2548
1828 2548
1829 2548
1830 2548
1831 2549
1832 2549
1833 2549
1834 2549
1835 2549
1836 2549
1837 2549
1838 2549
1839 2549
1840 2549
1841 2549
1842 2549
1843 2549
1844 2549
1845 2550
1846 2550
1847 2550
1848 2550
1849 2550
1850 2550
1851 2550
1852 2550
1853 2550
1854 2550
1855 2550
1856 2550
1857 2550
1858 2550
1859 2550
1860 2550
1861 2551
1862 2551
1863 2551
1864 2551
1865 2551
1866 2551
1867 2551
1868 2551
1869 2551
1870 2551
1871 2551
1872 2551
1873 2552
1874 2552
1875 2552
1876 2552
1877 2552
1878 2552
1879 2552
1880 2552
1881 2552
1882 2552
1883 2552
1884 2552
1885 2552
1886 2552
1887 2553
1888 2553
1889 2553
1890 2553
1891 2553
1892 2553
1893 2553
1894 2553
1895 2554
1896 2555
1896 2556
1897 2557
1897 2558
1897 2559
1898 2560
1899 2561
1900 2562
1900 2563
1901 2564
1901 2565
1902 2566
1902 2567
1902 2568
1903 2569
1904 2570
1905 2570
1906 2570
1907 2570
1908 2569
1909 2569
1910 2568
1911 2568
1912 2567
1913 2567
1914 2567
1915 2566
1916 2565
1917 2564
1918 2563
1919 2563
1920 2562
1921 2562
1922 2562
1923 2562
1924 2562
1925 2562
1926 2562
1927 2562
1928 2562
1929 2562
1930 2562
1931 2562
1932 2562
1933 2562
1934 2562
1935 2562
1936 2562
1937 2562
1938 2562
1939 2562
1940 2562
1941 2562
1942 2562
1943 2562
1944 2562
1945 2562
1946 2562
1947 2562
1948 2563
1949 2563
1950 2563
1951 2563
1952 2563
1953 2563
1954 2563
1955 2563
1956 2563
1957 2564
1958 2564
1959 2564
1960 2565
1961 2565
1962 2566
1963 2566
1964 2566
1965 2567
1966 2567
1967 2567
1968 2568
1969 2568
1970 2568
1971 2569
1972 2569
1973 2569
1974 2569
1975 2569
1976 2570
1977 2570
1978 2571
1979 2572
1980 2572
1981 2573
1982 2574
1983 2574
1984 2574
1985 2574
1986 2575
1987 2575
1988 2575
1989 2575
1990 2575
1991 2576
1992 2576
1993 2576
1994 2576
1995 2576
1996 2576
1997 2576
1998 2576
1999 2576
2000 2577
2001 2577
2002 2577
2003 2577
2004 2577
2005 2577
2006 2577
2007 2577
2008 2578
2009 2578
2010 2578
2011 2578
2012 2578
2013 2578
2014 2578
2015 2578
2016 2578
2017 2578
2018 2578
2019 2578
2020 2578
2021 2578
2022 2579
2023 2579
2024 2580
2025 2581
2026 2582
2027 2582
2028 2583
2029 2583
2030 2584
2031 2584
2032 2584
2033 2584
2034 2584
2035 2585
2036 2585
2037 2585
2038 2585
2039 2585
2040 2585
2041 2585
2042 2585
2043 2585
2044 2586
2045 2586
2046 2586
2047 2586
2048 2586
2049 2586
2050 2586
2051 2586
2052 2586
2053 2586
2054 2586
2055 2586
2056 2587
2057 2587
2058 2587
2059 2587
2060 2587
2061 2587
2062 2587
2063 2587
2064 2587
2065 2586
2066 2586
2067 2585
2068 2585
2069 2584
2070 2584
2071 2584
2072 2583
2073 2583
2074 2583
2075 2583
2076 2583
2077 2583
2078 2583
2079 2583
2080 2583
2081 2583
2082 2583
2083 2583
2084 2583
2085 2583
2086 2584
2087 2584
2088 2584
2089 2585
2090 2585
2091 2586
2092 2586
2093 2586
2094 2587
2095 2587
2096 2587
2097 2588
2098 2588
2099 2588
2100 2589
2101 2589
2102 2589
2103 2590
2104 2590
2105 2591
2106 2592
2107 2592
2108 2593
2109 2593
2110 2594
2111 2594
2112 2595
2113 2596
2114 2596
2115 2597
2116 2597
2117 2598
2118 2598
2119 2599
2120 2599
2121 2600
2122 2600
2123 2601
2124 2602
2125 2603
2126 2604
2127 2605
2128 2606
2129 2607
2130 2608
2131 2609
2132 2610
2133 2610
2134 2611
2135 2611
2136 2612
2137 2612
2138 2612
2139 2613
2140 2613
2141 2613
2142 2613
2143 2614
2144 2614
2145 2614
2146 2614
2147 2614
2148 2614
2149 2614
2150 2615
2151 2615
2152 2615
2153 2615
2154 2615
2155 2615
2156 2615
2157 2615
2158 2616
2159 2616
2160 2616
2161 2616
2162 2616
2163 2616
2164 2616
2165 2616
2166 2616
2167 2616
2168 2616
2169 2616
2170 2617
2171 2617
2172 2617
2173 2617
2174 2617
2175 2618
2176 2618
2177 2619
2178 2620
2179 2620
2180 2620
2181 2621
2182 2621
2183 2621
2184 2622
2185 2622
2186 2622
2187 2623
2188 2623
2189 2623
2190 2624
2191 2624
2192 2625
2193 2626
2194 2626
2195 2627
2196 2627
2197 2627
2198 2628
2199 2628
2200 2628
2201 2628
2202 2628
2203 2629
2204 2629
2205 2629
2206 2629
2207 2629
2208 2629
2209 2629
2210 2630
2211 2630
2212 2630
2213 2630
2214 2630
2215 2630
2216 2630
2217 2631
2218 2631
2219 2631
2220 2631
2221 2631
2222 2632
2223 2633
2224 2634
2225 2635
2226 2636
2227 2636
2228 2637
2229 2638
2230 2639
2231 2639
2232 2640
2233 2640
2234 2641
2235 2641
2236 2642
2237 2643
2238 2644
2239 2645
2240 2646
2241 2647
2242 2648
2243 2649
2244 2649
2245 2650
2246 2651
2247 2651
2248 2652
2249 2652
2250 2652
2251 2653
2252 2653
2253 2653
2254 2654
2255 2654
2256 2654
2257 2655
2258 2655
2259 2656
2260 2657
2261 2658
2262 2659
2262 2660
2263 2661
2264 2662
2265 2663
2266 2664
2267 2664
2268 2665
2269 2665
2270 2666
2271 2666
2272 2666
2273 2667
2274 2667
2275 2668
2276 2669
2277 2669
2278 2670
2279 2671
2280 2671
2281 2672
2282 2672
2283 2673
2284 2673
2285 2673
2286 2674
2287 2674
2288 2674
2289 2674
2290 2675
2290 2676
2290 2677
2291 2678
2292 2679
2293 2680
2294 2681
2295 2682
2296 2683
2297 2684
2297 2685
2298 2686
2298 2687
2299 2688
2300 2689
2301 2689
2302 2690
2303 2690
2304 2690
2305 2691
2306 2691
2307 2691
2308 2691
2309 2692
2310 2692
2311 2692
2312 2693
2313 2693
2314 2694
2315 2694
2316 2695
2317 2695
2318 2696
2319 2696
2320 2696
2321 2697
2322 2697
2323 2697
2324 2697
2325 2698
2326 2698
2327 2698
2328 2698
2329 2698
2330 2698
2331 2698
2332 2699
2333 2699
2334 2699
2335 2699
2336 2699
2337 2699
2338 2699
2339 2699
2340 2699
2341 2700
2342 2700
2343 2701
2344 2701
2345 2702
2346 2702
2347 2703
2348 2703
2349 2704
2350 2704
2351 2705
2352 2706
2353 2707
2354 2708
2355 2709
2356 2710
2357 2711
2358 2712
2359 2713
2360 2714
2361 2715
2362 2715
2363 2716
2364 2716
2365 2717
2366 2717
2367 2718
2368 2719
2369 2720
2370 2721
2371 2721
2372 2722
2373 2722
2374 2723
2375 2723
2376 2723
2377 2723
2378 2724
2379 2724
2380 2725
2381 2726
2382 2727
2383 2727
2384 2728
2385 2728
2386 2729
2387 2729
2388 2729
2389 2729
2390 2730
2391 2730
2392 2730
2393 2730
2394 2730
2395 2731
2396 2731
2397 2732
2398 2732
2399 2733
2400 2733
2401 2734
2402 2734
2403 2735
2404 2735
2405 2735
2406 2736
2407 2736
2408 2736
2409 2736
2410 2736
2411 2737
2412 2737
2413 2737
2414 2737
2415 2738
2416 2738
2417 2739
2418 2739
2419 2739
2420 2740
2421 2740
2422 2741
2423 2741
2424 2741
2425 2742
2426 2742
2427 2742
2428 2742
2429 2743
2430 2743
2431 2743
2432 2744
2433 2744
2434 2744
2435 2744
2436 2744
2437 2744
2438 2744
2439 2745
2440 2745
2441 2745
2442 2745
2443 2745
2444 2745
2445 2745
2446 2745
2447 2745
2448 2746
2449 2746
2450 2746
2451 2746
2452 2746
2453 2746
2454 2746
2455 2746
2456 2746
2457 2746
2458 2747
2459 2747
2460 2747
2461 2747
2462 2747
2463 2747
2464 2747
2465 2747
2466 2747
2467 2747
2468 2747
2469 2747
2470 2747
2471 2747
2472 2747
2473 2748
2474 2748
2475 2749
2476 2749
2477 2750
2478 2750
2479 2751
2480 2751
2481 2751
2482 2751
2483 2752
2484 2752
2485 2752
2486 2752
2487 2752
2488 2753
2489 2753
2490 2753
2491 2753
2492 2754
2493 2754
2494 2754
2495 2754
2496 2754
2497 2754
2498 2754
2499 2755
2500 2755
2501 2755
2502 2755
2503 2756
2504 2756
2505 2757
2506 2757
2507 2757
2508 2758
2509 2758
2510 2759
2511 2759
2512 2760
2513 2760
2514 2761
2515 2762
2516 2762
2517 2763
2518 2763
2519 2764
2520 2764
2521 2765
2522 2766
2523 2767
2524 2768
2525 2769
2526 2769
2527 2770
2528 2771
2529 2771
2530 2772
2531 2773
2532 2774
2533 2775
2534 2775
2535 2776
2536 2777
2537 2777
2538 2778
2539 2778
2540 2778
2541 2779
2542 2779
2543 2779
2544 2779
2545 2779
2546 2779
2547 2780
2548 2780
2549 2781
2550 2781
2551 2781
2552 2782
2553 2782
2554 2783
2555 2783
2556 2784
2557 2784
2558 2784
2559 2785
2560 2785
2561 2785
2562 2785
2563 2786
2564 2786
2565 2786
2566 2786
2567 2786
2568 2786
2569 2786
2570 2787
2571 2787
2572 2787
2573 2788
2574 2788
2575 2788
2576 2789
2577 2789
2578 2789
2579 2790
2580 2790
2581 2790
2582 2791
2583 2791
2584 2791
2585 2792
2586 2792
2587 2792
2588 2792
2589 2793
2590 2793
2591 2793
2592 2793
2593 2793
2594 2794
2595 2794
2596 2794
2597 2794
2598 2794
2599 2794
2600 2795
2601 2795
2602 2795
2603 2795
2604 2795
2605 2795
2606 2795
2607 2795
2608 2795
2609 2795
2610 2795
2611 2795
2612 2796
2613 2796
2614 2796
2615 2796
2616 2796
2617 2796
2618 2796
2619 2796
2620 2796
2621 2796
2622 2796
2623 2797
2624 2797
2625 2797
2626 2797
2627 2797
2628 2797
2629 2798
2630 2798
2631 2798
2632 2799
2633 2799
2634 2800
2635 2800
2636 2801
2637 2802
2638 2802
2639 2803
2640 2804
2641 2805
2642 2805
2643 2806
2644 2806
2645 2807
2646 2807
2647 2807
2648 2808
2649 2808
2650 2809
2651 2809
2652 2809
2653 2809
2654 2809
2655 2810
2656 2810
2657 2810
2658 2810
2659 2809
2660 2809
2661 2809
2662 2809
2663 2809
2664 2808
2665 2808
2666 2808
2667 2808
2668 2808
2669 2807
2670 2807
2671 2807
2672 2806
2673 2806
2674 2806
2675 2805
2676 2805
2677 2804
2678 2804
2679 2804
2680 2803
2681 2803
2682 2803
2683 2803
2684 2803
2685 2803
2686 2802
2687 2802
2688 2802
2689 2802
2690 2802
2691 2801
2692 2800
2693 2800
2694 2799
2695 2799
2696 2798
2697 2798
2698 2798
2699 2798
2700 2798
2701 2798
2702 2798
2703 2798
2704 2798
2705 2798
2706 2798
2707 2798
2708 2798
2709 2798
2710 2798
2711 2798
2712 2798
2713 2798
2714 2798
2715 2798
2716 2798
2717 2798
2718 2798
2719 2798
2720 2798
2721 2798
2722 2798
2723 2798
2724 2799
2725 2799
2726 2799
2727 2799
2728 2800
2729 2800
2730 2800
2731 2801
2732 2801
2733 2801
2734 2802
2735 2802
2736 2802
2737 2803
2738 2803
2739 2803
2740 2804
2741 2804
2742 2804
2743 2804
2744 2804
2745 2805
2746 2805
2747 2805
2748 2805
2749 2805
2750 2805
2751 2805
2752 2805
2753 2805
2754 2806
2755 2806
2756 2806
2757 2806
2758 2806
2759 2806
2760 2806
2761 2806
2762 2806
2763 2806
2764 2807
2765 2807
2766 2807
2767 2807
2768 2807
2769 2807
2770 2807
2771 2807
2772 2807
2773 2807
2774 2807
2775 2807
2776 2807
2777 2807
2778 2808
2779 2808
2780 2808
2781 2808
2782 2808
2783 2808
2784 2808
2785 2809
2786 2809
2787 2809
2788 2810
2789 2810
2790 2811
2791 2811
2792 2811
2793 2812
2794 2812
2795 2812
2796 2813
2797 2813
2798 2813
2799 2814
2800 2814
2801 2814
2802 2814
2803 2814
2804 2814
2805 2814
2806 2815
2807 2815
2808 2815
2809 2815
2810 2815
2811 2815
2812 2815
2813 2815
2814 2815
2815 2816
2816 2816
2817 2816
2818 2816
2819 2816
2820 2816
2821 2816
2822 2816
2823 2816
2824 2816
2825 2816
2826 2817
2827 2817
2828 2817
2829 2817
2830 2817
2831 2817
2832 2817
2833 2817
2834 2817
2835 2817
2836 2818
2837 2818
2838 2819
2839 2819
2840 2820
2841 2820
2842 2820
2843 2821
2844 2822
2845 2822
2846 2823
2847 2824
2848 2825
2849 2826
2850 2827
2851 2827
2852 2828
2853 2828
2854 2828
2855 2828
2856 2829
2857 2829
2858 2829
2859 2829
2860 2829
2861 2829
2862 2829
2863 2830
2864 2830
2865 2830
2866 2830
2867 2830
2868 2830
2869 2830
2870 2830
2871 2830
2872 2831
2873 2831
2874 2831
2875 2831
2876 2831
2877 2831
2878 2831
2879 2831
2880 2831
2881 2832
2882 2832
2883 2832
2884 2832
2885 2832
2886 2832
2887 2832
2888 2832
2889 2832
2890 2832
2891 2832
2892 2832
2893 2832
2894 2832
2895 2832
2896 2833
2897 2833
2898 2833
2899 2833
2900 2833
2901 2833
2902 2833
2903 2833
2904 2833
2905 2833
2906 2833
2907 2833
2908 2833
2909 2833
2910 2834
2911 2834
2912 2834
2913 2834
2914 2834
2915 2834
2916 2834
2917 2834
2918 2834
2919 2834
2920 2834
2921 2834
2922 2834
2923 2835
2924 2835
2925 2835
2926 2835
2927 2835
2928 2835
2929 2834
2930 2834
2931 2834
2932 2833
2933 2833
2934 2833
2935 2832
2936 2832
2937 2832
2938 2832
2939 2832
2940 2832
2941 2832
2942 2831
2943 2831
2944 2831
2945 2831
2946 2831
2947 2831
2948 2831
2949 2831
2950 2831
2951 2831
2952 2831
2953 2831
2954 2831
2955 2832
2956 2832
2957 2832
2958 2832
2959 2832
2960 2832
2961 2832
2962 2832
2963 2832
2964 2832
2965 2832
2966 2832
2967 2832
2968 2832
2969 2832
2970 2832
2971 2832
2972 2832
2973 2832
2974 2833
2975 2833
2976 2833
2977 2833
2978 2833
2979 2833
2980 2833
2981 2833
2982 2833
2983 2833
2984 2833
2985 2833
2986 2834
2987 2834
2988 2834
2989 2835
2990 2835
2991 2836
2992 2836
2993 2836
2994 2837
2995 2837
2996 2837
2997 2838
2998 2838
2999 2838
3000 2839
3001 2839
3002 2839
3003 2839
3004 2839
3005 2840
3006 2840
3007 2840
3008 2840
3009 2840
3010 2840
3011 2840
3012 2840
3013 2841
3014 2841
3015 2841
3016 2841
3017 2841
3018 2841
3019 2841
3020 2841
3021 2841
3022 2841
3023 2842
3024 2842
3025 2842
3026 2842
3027 2842
3028 2842
3029 2842
3030 2842
3031 2842
3032 2842
3033 2842
3034 2842
3035 2842
3036 2843
3037 2843
3038 2843
3039 2843
3040 2843
3041 2843
3042 2843
3043 2843
3044 2843
3045 2843
3046 2843
3047 2843
3048 2843
3049 2843
3050 2844
3051 2844
3052 2844
3053 2844
3054 2844
3055 2844
3056 2844
3057 2844
3058 2844
3059 2844
3060 2844
3061 2844
3062 2844
3063 2844
3064 2845
3065 2845
3066 2845
3067 2844
3068 2844
3069 2844
3070 2843
3071 2843
3072 2842
3073 2842
3074 2842
3075 2841
3076 2841
3077 2841
3078 2841
3079 2841
3080 2841
3081 2841
3082 2841
3083 2841
3084 2841
3085 2841
3086 2841
3087 2841
3088 2841
3089 2841
3090 2841
3091 2841
3092 2841
3093 2841
3094 2841
3095 2841
3096 2841
3097 2841
3098 2841
3099 2841
3100 2842
3101 2842
3102 2842
3103 2842
3104 2842
3105 2842
3106 2842
3107 2842
3108 2842
3109 2842
3110 2842
3111 2842
3112 2842
3113 2843
3114 2843
3115 2843
3116 2843
3117 2843
3118 2843
3119 2843
3120 2843
3121 2843
3122 2843
3123 2843
3124 2843
3125 2843
3126 2843
3127 2843
3128 2843
3129 2844
3130 2844
3131 2844
3132 2844
3133 2844
3134 2844
3135 2844
3136 2844
3137 2844
3138 2844
3139 2844
3140 2844
3141 2844
3142 2843
3143 2843
3144 2843
3145 2842
3146 2842
3147 2842
3148 2842
3149 2841
3150 2840
3151 2840
3152 2839
3153 2839
3154 2838
3155 2838
3156 2837
3157 2837
3158 2837
3159 2836
3160 2836
3161 2835
3162 2835
3163 2834
3164 2833
3165 2833
3166 2832
3167 2832
3168 2831
3169 2830
3170 2829
3171 2828
3172 2828
3173 2827
3174 2826
3175 2826
3176 2825
3177 2824
3178 2823
3179 2823
3180 2822
3181 2822
3182 2821
3183 2820
3184 2819
3185 2818
3186 2818
3187 2817
3188 2817
3189 2817
3190 2816
3191 2815
3192 2814
3193 2813
3194 2812
3195 2812
3196 2811
3197 2810
3198 2810
3199 2809
3200 2809
3201 2808
3202 2808
3203 2808
3204 2808
3205 2807
3206 2806
3207 2805
3208 2805
3209 2804
3210 2804
3211 2803
3212 2803
3213 2803
3214 2802
3215 2802
3216 2801
3217 2801
3218 2800
3219 2800
3220 2799
3221 2799
3222 2798
3223 2798
3224 2798
3225 2797
3226 2797
3227 2797
3228 2797
3229 2797
3230 2797
3231 2797
3232 2797
3233 2797
3234 2797
3235 2797
3236 2797
3237 2797
3238 2797
3239 2797
3240 2797
3241 2797
3242 2797
3243 2797
3244 2797
3245 2797
3246 2797
3247 2797
3248 2798
3249 2798
3250 2798
3251 2798
3252 2798
3253 2798
3254 2798
3255 2798
3256 2798
3257 2798
3258 2798
3259 2798
3260 2798
3261 2798
3262 2798
3263 2798
3264 2799
3265 2799
3266 2798
3267 2798
3268 2797
3269 2797
3270 2797
3271 2796
3272 2796
3273 2795
3274 2795
3275 2794
3276 2794
3277 2793
3278 2792
3279 2791
3280 2790
3281 2789
3282 2788
3283 2787
3284 2786
3285 2786
3286 2785
3287 2784
3288 2784
3289 2783
3290 2782
3291 2781
3292 2781
3293 2780
3294 2779
3295 2778
3296 2778
3297 2777
3298 2776
3299 2775
3300 2774
3301 2773
3302 2773
3302 2772
3303 2771
3303 2770
3304 2769
3304 2768
3305 2767
3306 2766
3307 2765
3308 2764
3309 2763
3310 2762
3311 2761
3312 2761
3313 2760
3314 2759
3315 2758
3315 2757
3316 2756
3316 2755
3317 2754
3318 2753
3319 2752
3320 2751
3320 2750
3321 2749
3322 2748
3323 2747
3324 2746
3325 2746
3326 2745
3327 2745
3328 2744
3329 2743
3330 2742
3331 2742
3332 2741
3333 2741
3334 2741
3335 2740
3336 2740
3337 2739
3338 2739
3339 2738
3340 2738
3341 2737
3342 2737
3343 2736
3344 2736
3345 2736
3346 2735
3347 2735
3348 2734
3349 2733
3350 2733
3351 2732
3352 2732
3353 2731
3354 2730
3355 2729
3356 2729
3357 2728
3358 2728
3359 2727
3360 2727
3361 2727
3362 2726
3363 2726
3364 2726
3365 2725
3366 2725
3367 2724
3368 2724
3369 2723
3370 2722
3371 2722
3372 2721
3373 2721
3374 2721
3375 2721
3376 2720
3377 2720
3378 2720
3379 2720
3380 2720
3381 2720
3382 2720
3383 2720
3384 2720
3385 2720
3386 2720
3387 2719
3388 2718
3389 2718
3390 2717
3391 2717
3392 2717
3393 2716
3394 2716
3395 2716
3396 2716
3397 2715
3398 2715
3399 2714
3399 2713
3400 2712
3401 2711
3401 2710
3402 2709
3402 2708
3402 2707
3403 2706
3403 2705
3404 2704
3404 2703
3405 2702
3406 2701
3406 2700
3407 2699
3408 2698
3408 2697
3408 2696
3409 2695
3409 2694
3409 2693
3409 2692
3410 2691
3410 2690
3410 2689
3410 2688
3410 2687
3410 2686
3410 2685
3411 2684
3411 2683
3412 2682
3412 2681
3413 2680
3414 2679
3414 2678
3414 2677
3415 2676
3415 2675
3415 2674
3416 2673
3416 2672
3416 2671
3416 2670
3417 2669
3417 2668
3417 2667
3417 2666
3418 2665
3418 2664
3418 2663
3418 2662
3419 2661
3420 2660
3421 2659
3421 2658
3422 2657
3422 2656
3423 2655
3423 2654
3423 2653
3423 2652
3424 2651
3424 2650
3424 2649
3424 2648
3424 2647
3424 2646
3424 2645
3425 2644
3425 2643
3426 2642
3426 2641
3427 2640
3427 2639
3428 2638
3428 2637
3429 2636
3429 2635
3429 2634
3430 2633
3430 2632
3431 2631
3432 2630
3433 2629
3434 2629
3435 2628
3436 2627
3437 2626
3437 2625
3438 2624
3439 2623
3440 2622
3441 2621
3442 2620
3443 2619
3444 2619
3445 2618
3446 2617
3447 2617
3448 2616
3449 2615
3450 2614
3451 2614
3452 2613
3453 2613
3454 2612
3455 2612
3456 2611
3457 2611
3458 2610
3459 2610
3460 2609
3461 2608
3462 2608
3463 2607
3464 2607
3465 2606
3466 2605
3467 2604
3468 2603
3468 2602
3469 2601
3470 2600
3471 2599
3472 2599
3473 2598
3473 2597
3474 2596
3475 2595
3475 2594
3476 2593
3476 2592
3476 2591
3477 2590
3477 2589
3477 2588
3477 2587
3478 2586
3478 2585
3478 2584
3478 2583
3478 2582
3478 2581
3478 2580
3479 2579
3479 2578
3479 2577
3479 2576
3479 2575
3479 2574
3479 2573
3479 2572
3479 2571
3479 2570
3480 2569
3480 2568
3480 2567
3480 2566
3481 2565
3481 2564
3481 2563
3482 2562
3482 2561
3483 2560
3483 2559
3483 2558
3484 2557
3484 2556
3484 2555
3484 2554
3485 2553
3485 2552
3485 2551
3485 2550
3485 2549
3486 2548
3486 2547
3486 2546
3486 2545
3486 2544
3486 2543
3487 2542
3487 2541
3487 2540
3487 2539
3487 2538
3487 2537
3488 2536
3488 2535
3489 2534
3490 2533
3490 2532
3491 2531
3491 2530
3491 2529
3492 2528
3493 2527
3493 2526
3494 2525
3495 2524
3496 2523
3497 2522
3498 2521
3498 2520
3499 2519
3500 2518
3501 2517
3502 2516
3502 2515
3503 2514
3503 2513
3504 2512
3504 2511
3505 2510
3506 2509
3507 2508
3508 2507
3509 2506
3510 2505
3511 2505
3512 2504
3513 2503
3514 2502
3514 2501
3515 2500
3516 2499
3516 2498
3517 2497
3518 2496
3518 2495
3519 2494
3520 2493
3520 2492
3521 2491
3521 2490
3522 2489
3522 2488
3522 2487
3523 2486
3523 2485
3523 2484
3523 2483
3523 2482
3524 2481
3524 2480
3524 2479
3525 2478
3525 2477
3526 2476
3527 2475
3527 2474
3528 2473
3528 2472
3528 2471
3528 2470
3529 2469
3529 2468
3529 2467
3529 2466
3530 2465
3530 2464
3530 2463
3530 2462
3530 2461
3531 2460
3531 2459
3531 2458
3531 2457
3532 2456
3532 2455
3533 2454
3533 2453
3534 2452
3534 2451
3534 2450
3535 2449
3535 2448
3536 2447
3536 2446
3536 2445
3536 2444
3537 2443
3537 2442
3538 2441
3538 2440
3539 2439
3540 2438
3540 2437
3541 2436
3542 2435
3542 2434
3542 2433
3543 2432
3543 2431
3543 2430
3543 2429
3543 2428
3544 2427
3544 2426
3544 2425
3544 2424
3544 2423
3544 2422
3544 2421
3545 2420
3545 2419
3545 2418
3545 2417
3545 2416
3545 2415
3545 2414
3545 2413
3545 2412
3545 2411
3545 2410
3545 2409
3545 2408
3546 2407
3546 2406
3546 2405
3546 2404
3546 2403
3546 2402
3546 2401
3546 2400
3546 2399
3546 2398
3546 2397
3547 2396
3547 2395
3547 2394
3547 2393
3547 2392
3547 2391
3547 2390
3547 2389
3547 2388
3547 2387
3547 2386
3547 2385
3547 2384
3547 2383
3548 2382
3548 2381
3548 2380
3548 2379
3548 2378
3548 2377
3548 2376
3548 2375
3548 2374
3548 2373
3548 2372
3548 2371
3548 2370
3548 2369
3548 2368
3548 2367
3549 2366
3549 2365
3549 2364
3549 2363
3549 2362
3549 2361
3549 2360
3549 2359
3549 2358
3549 2357
3549 2356
3549 2355
3549 2354
3550 2353
3550 2352
3550 2351
3550 2350
3550 2349
3550 2348
3550 2347
3550 2346
3550 2345
3550 2344
3550 2343
3550 2342
3550 2341
3551 2340
3551 2339
3551 2338
3551 2337
3551 2336
3551 2335
3551 2334
3551 2333
3551 2332
3551 2331
3551 2330
3551 2329
3551 2328
3551 2327
3551 2326
3551 2325
3552 2324
3552 2323
3552 2322
3552 2321
3552 2320
3552 2319
3552 2318
3552 2317
3552 2316
3552 2315
3552 2314
3552 2313
3552 2312
3553 2311
3553 2310
3553 2309
3553 2308
3553 2307
3553 2306
3553 2305
3553 2304
3553 2303
3553 2302
3553 2301
3553 2300
3553 2299
3554 2298
3554 2297
3554 2296
3554 2295
3554 2294
3554 2293
3554 2292
3554 2291
3554 2290
3554 2289
3554 2288
3554 2287
3554 2286
3555 2285
3555 2284
3555 2283
3556 2282
3556 2281
3556 2280
3557 2279
3557 2278
3558 2277
3558 2276
3558 2275
3558 2274
3559 2273
3559 2272
3559 2271
3559 2270
3559 2269
3560 2268
3560 2267
3561 2266
3561 2265
3562 2264
3562 2263
3563 2262
3563 2261
3564 2260
3564 2259
3564 2258
3565 2257
3565 2256
3565 2255
3566 2254
3566 2253
3566 2252
3566 2251
3567 2250
3567 2249
3567 2248
3567 2247
3567 2246
3567 2245
3568 2244
3568 2243
3568 2242
3569 2241
3569 2240
3569 2239
3570 2238
3570 2237
3571 2236
3571 2235
3571 2234
3572 2233
3572 2232
3573 2231
3574 2230
3574 2229
3575 2228
3576 2227
3577 2226
3577 2225
3578 2224
3578 2223
3579 2222
3579 2221
3579 2220
3579 2219
3580 2218
3580 2217
3580 2216
3580 2215
3580 2214
3581 2213
3581 2212
3581 2211
3581 2210
3581 2209
3581 2208
3581 2207
3582 2206
3582 2205
3582 2204
3582 2203
3582 2202
3582 2201
3582 2200
3582 2199
3582 2198
3582 2197
3583 2196
3583 2195
3583 2194
3583 2193
3583 2192
3583 2191
3583 2190
3583 2189
3583 2188
3583 2187
3583 2186
3583 2185
3583 2184
3583 2183
3584 2182
3584 2181
3584 2180
3584 2179
3584 2178
3584 2177
3584 2176
3584 2175
3584 2174
3584 2173
3584 2172
3584 2171
3583 2170
3583 2169
3583 2168
3583 2167
3582 2166
3582 2165
3581 2164
3581 2163
3580 2162
3579 2161
3579 2160
3578 2159
3578 2158
3578 2157
3577 2156
3577 2155
3577 2154
3577 2153
3577 2152
3577 2151
3577 2150
3577 2149
3576 2148
3576 2147
3576 2146
3576 2145
3576 2144
3576 2143
3576 2142
3576 2141
3576 2140
3576 2139
3575 2138
3575 2137
3574 2136
3574 2135
3574 2134
3573 2133
3573 2132
3573 2131
3572 2130
3572 2129
3571 2128
3571 2127
3571 2126
3570 2125
3570 2124
3569 2123
3569 2122
3568 2121
3568 2120
3567 2119
3566 2118
3565 2117
3564 2116
3564 2115
3564 2114
3563 2113
3563 2112
3562 2111
3561 2110
3560 2109
3560 2108
3559 2107
3558 2106
3558 2105
3557 2104
3557 2103
3556 2102
3556 2101
3555 2100
3555 2099
3554 2098
3554 2097
3554 2096
3554 2095
3554 2094
3554 2093
3553 2092
3553 2091
3552 2090
3552 2089
3551 2088
3550 2087
3550 2086
3549 2085
3548 2084
3548 2083
3547 2082
3546 2081
3546 2080
3545 2079
3545 2078
3545 2077
3544 2076
3544 2075
3544 2074
3544 2073
3543 2072
3543 2071
3544 2070
3545 2070
3546 2071
3547 2071
3548 2071
3549 2072
3550 2072
3551 2072
3552 2073
3553 2073
3554 2073
3555 2074
3556 2074
3557 2074
3558 2075
3558 2074
3557 2073
3556 2072
3555 2071
3554 2070
3553 2069
3552 2068
3552 2067
3551 2066
3550 2065
3549 2064
3548 2063
3547 2062
3546 2061
3545 2060
3544 2059
3544 2058
3543 2057
3542 2056
3541 2055
3540 2054
3539 2053
3538 2052
3537 2052
3536 2051
3535 2050
3535 2049
3534 2048
3534 2047
3534 2046
3534 2045
3533 2044
3532 2043
3532 2042
3531 2041
3531 2040
3530 2039
3530 2038
3530 2037
3529 2036
3529 2035
3529 2034
3529 2033
3529 2032
3529 2031
3529 2030
3528 2029
3528 2028
3527 2027
3527 2026
3527 2025
3526 2024
3525 2023
3525 2022
3524 2022
3523 2021
3522 2020
3522 2019
3521 2018
3521 2017
3521 2016
3520 2015
3520 2014
3520 2013
3520 2012
3519 2011
3518 2010
3518 2009
3517 2008
3517 2007
3516 2006
3516 2005
3516 2004
3516 2003
3516 2002
3515 2001
3515 2000
3514 1999
3513 1998
3513 1997
3512 1996
3512 1995
3512 1994
3511 1993
3511 1992
3511 1991
3511 1990
3511 1989
3511 1988
3511 1987
3510 1986
3509 1986
3508 1985
3507 1985
3506 1985
3505 1984
3504 1984
3503 1984
3502 1983
3501 1982
3501 1981
3500 1980
3499 1979
3498 1978
3498 1977
3497 1976
3496 1975
3496 1974
3495 1973
3494 1973
3493 1974
3492 1975
3491 1976
3490 1977
3489 1978
3488 1979
3487 1980
3486 1980
3485 1981
3484 1982
3483 1983
3482 1984
3481 1984
3480 1985
3479 1986
3478 1987
3477 1988
3476 1989
3475 1990
3475 1991
3474 1992
3474 1993
3473 1994
3472 1994
3471 1995
3470 1995
3469 1996
3468 1996
3467 1996
3466 1996
3465 1997
3464 1997
3463 1997
3462 1997
3461 1997
3460 1997
3459 1997
3458 1997
3457 1997
3456 1996
3455 1996
3454 1996
3453 1996
3452 1996
3451 1996
3450 1996
3449 1996
3448 1996
3447 1995
3446 1995
3445 1995
3444 1994
3443 1994
3442 1994
3441 1993
3440 1993
3439 1992
3438 1992
3437 1991
3436 1991
3435 1991
3434 1991
3433 1991
3432 1990
3431 1990
3430 1990
3429 1990
3428 1990
3427 1990
3426 1990
3425 1990
3424 1989
3423 1989
3422 1989
3421 1989
3420 1989
3419 1988
3418 1988
3417 1987
3416 1987
3415 1986
3414 1986
3413 1985
3412 1985
3411 1984
3410 1983
3409 1982
3408 1981
3407 1980
3406 1980
3405 1979
3404 1978
3403 1977
3402 1976
3401 1975
3400 1975
3399 1974
3398 1974
3397 1973
3396 1973
3395 1972
3394 1972
3393 1972
3392 1971
3391 1971
3390 1971
3389 1971
3388 1971
3387 1970
3386 1970
3385 1969
3384 1969
3383 1968
3382 1968
3381 1967
3380 1966
3379 1966
3378 1966
3377 1965
3376 1965
3375 1965
3374 1964
3373 1963
3372 1963
3371 1962
3370 1961
3369 1961
3368 1960
3367 1960
3366 1960
3365 1959
3364 1959
3363 1959
3362 1958
3361 1958
3360 1958
3359 1957
3358 1956
3357 1956
3356 1955
3355 1954
3354 1954
3353 1953
3352 1953
3351 1953
3350 1952
3349 1952
3348 1952
3347 1952
3346 1951
3345 1951
3344 1951
3343 1951
3342 1951
3341 1951
3340 1950
3339 1950
3338 1950
3337 1950
3336 1949
3335 1948
3334 1947
3333 1947
3332 1946
3331 1945
3331 1944
3330 1943
3329 1942
3328 1942
3327 1941
3326 1940
3325 1939
3324 1938
3323 1937
3322 1936
3321 1935
3320 1934
3319 1934
3318 1933
3317 1932
3316 1931
3315 1930
3314 1929
3313 1929
3312 1928
3311 1928
3310 1927
3310 1926
3309 1925
3309 1924
3308 1923
3307 1923
3306 1922
3305 1922
3304 1921
3303 1920
3302 1919
3301 1918
3300 1917
3299 1916
3298 1915
3297 1914
3296 1913
3295 1912
3294 1912
3293 1911
3292 1911
3291 1910
3290 1909
3289 1909
3288 1908
3287 1907
3286 1906
3285 1905
3285 1904
3284 1903
3284 1902
3283 1901
3283 1900
3283 1899
3283 1898
3282 1897
3281 1896
3280 1895
3279 1894
3278 1893
3277 1893
3276 1892
3275 1891
3275 1890
3274 1889
3274 1888
3273 1887
3273 1886
3273 1885
3272 1884
3271 1883
3270 1882
3269 1881
3269 1880
3268 1879
3268 1878
3267 1878
3266 1877
3266 1876
3265 1875
3265 1874
3264 1873
3264 1872
3263 1871
3262 1870
3261 1869
3260 1868
3259 1867
3258 1866
3257 1865
3256 1865
3255 1864
3254 1864
3253 1863
3252 1863
3251 1862
3250 1861
3249 1860
3248 1859
3248 1858
3247 1857
3246 1856
3245 1855
3244 1854
3243 1853
3242 1853
3241 1852
3240 1851
3239 1851
3238 1850
3237 1849
3236 1848
3235 1847
3234 1847
3233 1846
3232 1846
3231 1845
3230 1844
3229 1843
3228 1842
3227 1841
3226 1841
3225 1840
3224 1840
3223 1839
3222 1839
3221 1838
3220 1837
3219 1836
3218 1835
3217 1835
3216 1834
3215 1834
3214 1833
3213 1833
3212 1833
3211 1833
3210 1832
3209 1832
3208 1832
3207 1832
3206 1832
3205 1831
3204 1831
3203 1831
3202 1831
3201 1831
3200 1831
3199 1831
3198 1831
3197 1831
3196 1830
3195 1830
3194 1830
3193 1830
3192 1830
3191 1830
3190 1830
3189 1830
3188 1830
3187 1830
3186 1830
3185 1829
3184 1829
3183 1829
3182 1829
3181 1829
3180 1829
3179 1829
3178 1829
3177 1829
3176 1829
3175 1829
3174 1829
3173 1830
3172 1830
3171 1830
3170 1831
3169 1831
3168 1831
3167 1831
3166 1832
3165 1832
3164 1832
3163 1832
3162 1832
3161 1832
3160 1832
3159 1832
3158 1832
3157 1832
3156 1832
3155 1832
3154 1832
3153 1832
3152 1832
3151 1832
3150 1833
3149 1833
3148 1833
3147 1834
3146 1834
3145 1834
3144 1835
3143 1835
3142 1835
3141 1835
3140 1836
3139 1836
3138 1836
3137 1836
3136 1836
3135 1836
3134 1836
3133 1836
3132 1836
3131 1836
3130 1836
3129 1836
3128 1835
3128 1834
3128 1833
3128 1832
3128 1831
3128 1830
3128 1829
3128 1828
3128 1827
3128 1826
3128 1825
3128 1824
3128 1823
3128 1822
3128 1821
3128 1820
3128 1819
3128 1818
3128 1817
3128 1816
3128 1815
3128 1814
3129 1813
3129 1812
3128 1811
3128 1810
3127 1810
3126 1810
3125 1810
3124 1809
3123 1809
