2786 1905
2785 1906
2785 1907
2784 1908
2783 1908
2782 1908
2781 1908
2780 1909
2779 1909
2778 1909
2777 1910
2776 1911
2775 1911
2774 1912
2773 1913
2772 1914
2771 1915
2770 1915
2769 1916
2768 1916
2767 1916
2766 1917
2765 1918
2764 1919
2763 1919
2762 1919
2761 1919
2760 1920
2759 1921
2758 1922
2757 1922
2756 1923
2755 1924
2754 1925
2753 1926
2752 1927
2752 1928
2751 1929
2750 1929
2749 1930
2748 1931
2747 1931
2746 1932
2745 1932
2744 1932
2743 1933
2742 1934
2741 1935
2740 1935
2739 1936
2738 1936
2737 1937
2736 1938
2735 1938
2734 1939
2733 1939
2732 1940
2731 1940
2730 1941
2729 1942
2728 1943
2727 1943
2726 1944
2725 1944
2724 1944
2723 1945
2722 1946
2721 1946
2720 1947
2719 1947
2718 1948
2717 1948
2716 1949
2715 1950
2714 1951
2713 1952
2712 1953
2711 1954
2710 1955
2709 1956
2708 1957
2707 1957
2706 1957
2705 1957
2704 1957
2703 1958
2702 1958
2701 1958
2700 1958
2699 1958
2698 1958
2697 1958
2696 1958
2695 1958
2694 1958
2693 1958
2692 1958
2691 1958
2690 1958
2689 1958
2688 1958
2687 1958
2686 1958
2685 1958
2684 1958
2683 1958
2682 1958
2681 1958
2680 1958
2679 1958
2678 1958
2677 1958
2676 1958
2675 1958
2674 1958
2673 1958
2672 1958
2671 1958
2670 1958
2669 1958
2668 1958
2667 1958
2666 1958
2665 1958
2664 1958
2663 1958
2662 1958
2661 1957
2660 1956
2659 1955
2658 1954
2657 1953
2656 1952
2655 1951
2655 1950
2654 1949
2653 1948
2652 1947
2651 1946
2651 1945
2651 1944
2651 1945
2650 1946
2650 1947
2650 1948
2650 1949
2650 1950
2650 1951
2650 1952
2650 1953
2650 1954
2650 1955
2650 1956
2650 1957
2650 1958
2650 1959
2650 1960
2650 1961
2650 1962
2650 1963
2650 1964
2650 1965
2650 1966
2650 1967
2650 1968
2651 1969
2652 1970
2652 1971
2652 1972
2653 1973
2653 1974
2653 1975
2654 1976
2654 1977
2653 1978
2652 1978
2651 1979
2650 1980
2649 1980
2648 1981
2647 1981
2646 1982
2645 1983
2644 1983
2643 1984
2642 1984
2641 1985
2640 1985
2639 1986
2638 1986
2637 1987
2636 1987
2635 1988
2634 1988
2633 1989
2632 1989
2631 1989
2630 1990
2629 1990
2628 1991
2627 1991
2626 1992
2625 1993
2624 1993
2623 1993
2622 1994
2621 1994
2620 1994
2619 1995
2618 1995
2617 1996
2616 1997
2615 1998
2614 1999
2613 1999
2612 2000
2611 2000
2610 2001
2609 2001
2608 2002
2607 2003
2606 2004
2605 2004
2604 2005
2603 2006
2602 2007
2601 2008
2600 2008
2599 2009
2598 2009
2597 2009
2596 2010
2595 2010
2594 2010
2593 2011
2592 2012
2591 2013
2590 2013
2589 2014
2588 2015
2587 2016
2586 2016
2585 2016
2584 2017
2583 2018
2582 2018
2581 2019
2580 2019
2579 2020
2578 2021
2577 2021
2576 2021
2575 2021
2574 2022
2573 2022
2572 2022
2571 2022
2570 2023
2569 2023
2568 2023
2567 2023
2566 2023
2565 2024
2564 2024
2563 2024
2562 2025
2561 2025
2560 2025
2559 2026
2558 2026
2557 2026
2556 2026
2555 2026
2554 2026
2553 2027
2552 2027
2551 2027
2550 2027
2549 2027
2548 2027
2547 2028
2546 2028
2545 2028
2544 2029
2543 2029
2542 2029
2541 2030
2540 2030
2539 2030
2538 2030
2537 2030
2536 2031
2535 2031
2534 2031
2533 2032
2532 2032
2531 2032
2530 2033
2529 2033
2528 2033
2527 2034
2526 2034
2525 2034
2524 2034
2523 2035
2522 2035
2521 2035
2520 2035
2519 2035
2518 2035
2517 2035
2516 2035
2515 2035
2514 2035
2513 2036
2512 2036
2511 2036
2510 2036
2509 2036
2508 2037
2507 2037
2506 2037
2505 2038
2504 2038
2503 2038
2502 2038
2501 2039
2500 2039
2499 2039
2498 2039
2497 2039
2496 2039
2495 2039
2494 2039
2493 2040
2492 2040
2491 2040
2490 2040
2489 2040
2488 2040
2487 2040
2486 2041
2485 2041
2484 2041
2483 2042
2482 2042
2481 2042
2480 2042
2479 2042
2478 2043
2477 2043
2476 2043
2475 2043
2474 2043
2473 2043
2472 2043
2471 2043
2470 2044
2469 2044
2468 2044
2467 2044
2466 2045
2465 2045
2464 2045
2463 2046
2462 2046
2461 2046
2460 2047
2459 2047
2458 2047
2457 2047
2456 2047
2455 2047
2454 2048
2453 2048
2452 2048
2451 2048
2450 2048
2449 2049
2448 2050
2448 2051
2447 2052
2446 2053
2445 2054
2444 2054
2443 2054
2442 2055
2441 2055
2440 2055
2439 2055
2438 2055
2437 2055
2436 2056
2435 2056
2434 2056
2433 2056
2432 2056
2431 2056
2430 2056
2429 2056
2428 2056
2427 2057
2426 2057
2425 2057
2424 2058
2423 2058
2422 2058
2421 2058
2420 2059
2419 2059
2418 2059
2417 2059
2416 2059
2415 2059
2414 2059
2413 2060
2412 2060
2411 2060
2410 2060
2409 2060
2408 2060
2407 2060
2406 2060
2405 2060
2404 2060
2403 2060
2402 2060
2401 2060
2400 2060
2399 2060
2398 2060
2397 2060
2396 2060
2395 2060
2394 2060
2393 2061
2392 2061
2391 2061
2390 2061
2389 2061
2388 2061
2387 2061
2386 2061
2385 2061
2384 2061
2383 2061
2382 2061
2381 2061
2380 2061
2379 2061
2378 2061
2377 2061
2376 2061
2375 2061
2374 2061
2373 2061
2372 2061
2371 2061
2370 2061
2369 2061
2368 2061
2367 2061
2366 2061
2365 2061
2364 2061
2363 2061
2362 2061
2361 2061
2360 2061
2359 2061
2358 2061
2357 2061
2356 2061
2355 2061
2354 2061
2353 2061
2352 2062
2351 2062
2350 2062
2349 2062
2348 2063
2347 2063
2346 2063
2345 2063
2344 2063
2343 2064
2342 2064
2341 2064
2340 2064
2339 2064
2338 2064
2337 2064
2336 2064
2335 2064
2334 2064
2333 2064
2332 2064
2331 2064
2330 2064
2329 2064
2328 2064
2327 2064
2326 2065
2325 2065
2324 2065
2323 2065
2322 2065
2321 2065
2320 2066
2319 2066
2318 2066
2317 2066
2316 2067
2315 2067
2314 2067
2313 2068
2312 2068
2311 2069
2310 2069
2309 2070
2308 2070
2307 2070
2306 2071
2305 2071
2304 2071
2303 2071
2302 2071
2301 2072
2300 2072
2299 2072
2298 2072
2297 2072
2296 2072
2295 2073
2294 2073
2293 2073
2292 2074
2291 2074
2290 2074
2289 2075
2288 2075
2287 2075
2286 2075
2285 2075
2284 2076
2283 2076
2282 2076
2281 2076
2280 2076
2279 2076
2278 2076
2277 2076
2276 2076
2275 2077
2274 2077
2273 2077
2272 2077
2271 2078
2270 2078
2269 2078
2268 2079
2267 2079
2266 2079
2265 2079
2264 2080
2263 2080
2262 2080
2261 2080
2260 2080
2259 2080
2258 2080
2257 2081
2256 2081
2255 2081
2254 2082
2253 2082
2252 2082
2251 2083
2250 2083
2249 2084
2248 2084
2247 2085
2246 2085
2245 2085
2244 2086
2243 2086
2242 2086
2241 2087
2240 2087
2239 2087
2238 2088
2237 2088
2236 2088
2235 2088
2234 2088
2233 2088
2232 2089
2231 2089
2230 2089
2229 2089
2228 2089
2227 2089
2226 2089
2225 2089
2224 2089
2223 2089
2222 2090
2221 2090
2220 2090
2219 2090
2218 2091
2217 2091
2216 2091
2215 2091
2214 2092
2213 2092
2212 2092
2211 2092
2210 2092
2209 2092
2208 2093
2207 2093
2206 2093
2205 2093
2204 2093
2203 2093
2202 2093
2201 2093
2200 2093
2199 2093
2198 2093
2197 2093
2196 2093
2195 2093
2194 2093
2193 2094
2192 2094
2191 2094
2190 2094
2189 2094
2188 2095
2187 2095
2186 2095
2185 2096
2184 2096
2183 2096
2182 2096
2181 2096
2180 2096
2179 2097
2178 2097
2177 2097
2176 2097
2175 2097
2174 2097
2173 2097
2172 2097
2171 2097
2170 2097
2169 2097
2168 2097
2167 2097
2166 2097
2165 2097
2164 2097
2163 2097
2162 2097
2161 2098
2160 2098
2159 2098
2158 2099
2157 2099
2156 2099
2155 2100
2154 2100
2153 2100
2152 2100
2151 2100
2150 2100
2149 2101
2148 2101
2147 2101
2146 2101
2145 2101
2144 2101
2143 2101
2142 2101
2141 2101
2140 2101
2139 2101
2138 2101
2137 2101
2136 2101
2135 2101
2134 2101
2133 2101
2132 2101
2131 2101
2130 2101
2129 2101
2128 2101
2127 2101
2126 2101
2125 2101
2124 2101
2123 2101
2122 2101
2121 2101
2120 2101
2119 2101
2118 2102
2117 2102
2116 2102
2115 2102
2114 2102
2113 2102
2112 2102
2111 2102
2110 2102
2109 2102
2108 2102
2107 2102
2106 2102
2105 2102
2104 2103
2103 2103
2102 2103
2101 2103
2100 2104
2099 2104
2098 2104
2097 2104
2096 2104
2095 2104
2094 2105
2093 2105
2092 2105
2091 2105
2090 2106
2089 2106
2088 2106
2087 2107
2086 2107
2085 2107
2084 2107
2083 2108
2082 2108
2081 2108
2080 2108
2079 2109
2078 2109
2077 2109
2076 2109
2075 2109
2074 2109
2073 2109
2072 2109
2071 2110
2070 2110
2069 2111
2068 2111
2067 2112
2066 2112
2065 2112
2064 2112
2063 2113
2062 2113
2061 2113
2060 2113
2059 2113
2058 2113
2057 2113
2056 2113
2055 2113
2054 2113
2053 2114
2052 2114
2051 2114
2050 2114
2049 2114
2048 2114
2047 2114
2046 2114
2045 2114
2044 2114
2043 2114
2042 2114
2041 2114
2040 2114
2039 2114
2038 2114
2037 2114
2036 2114
2035 2114
2034 2114
2033 2114
2032 2114
2031 2114
2030 2114
2029 2114
2028 2114
2027 2114
2026 2114
2025 2114
2024 2114
2023 2114
2022 2114
2021 2115
2020 2115
2019 2115
2018 2116
2017 2116
2016 2116
2015 2116
2014 2116
2013 2117
2012 2117
2011 2117
2010 2117
2009 2117
2008 2117
2007 2117
2006 2118
2005 2118
2004 2119
2003 2119
2002 2119
2001 2120
2000 2120
1999 2120
1998 2120
1997 2120
1996 2120
1995 2121
1994 2121
1993 2121
1992 2121
1991 2121
1990 2121
1989 2121
1988 2121
1987 2121
1986 2121
1985 2121
1984 2122
1983 2122
1982 2122
1981 2122
1980 2122
1979 2122
1978 2122
1977 2122
1976 2122
1975 2122
1974 2122
1973 2122
1972 2122
1971 2122
1970 2122
1969 2122
1968 2122
1967 2122
1966 2122
1965 2122
1964 2122
1963 2122
1962 2122
1961 2122
1960 2123
1959 2123
1958 2124
1957 2124
1956 2124
1955 2124
1954 2125
1953 2125
1952 2125
1951 2125
1950 2125
1949 2125
1948 2125
1947 2126
1946 2126
1945 2126
1944 2126
1943 2126
1942 2127
1941 2127
1940 2128
1939 2128
1938 2128
1937 2129
1936 2129
1935 2129
1934 2129
1933 2129
1932 2129
1931 2129
1930 2130
1929 2130
1928 2130
1927 2130
1926 2130
1925 2130
1924 2130
1923 2131
1922 2131
1921 2132
1920 2132
1919 2133
1918 2133
1917 2133
1916 2134
1915 2134
1914 2135
1913 2135
1912 2136
1911 2136
1910 2136
1909 2136
1908 2137
1907 2137
1906 2137
1905 2137
1904 2137
1903 2137
1902 2137
1901 2138
1900 2138
1899 2138
1898 2138
1897 2138
1896 2138
1895 2138
1894 2138
1893 2138
1892 2138
1891 2138
1890 2138
1889 2138
1888 2138
1887 2138
1886 2138
1885 2138
1884 2138
1883 2138
1882 2138
1881 2138
1880 2138
1879 2138
1878 2138
1877 2138
1876 2138
1875 2138
1874 2138
1873 2138
1872 2138
1871 2139
1870 2139
1869 2139
1868 2139
1867 2139
1866 2139
1865 2139
1864 2138
1863 2138
1862 2139
1861 2139
1860 2139
1859 2139
1858 2139
1857 2138
1856 2138
1855 2138
1854 2138
1853 2138
1852 2138
1851 2138
1850 2138
1849 2138
1848 2139
1847 2139
1846 2138
1845 2138
1844 2138
1843 2138
1842 2138
1841 2138
1840 2138
1839 2138
1838 2138
1837 2138
1836 2138
1835 2138
1834 2138
1833 2138
1832 2138
1831 2138
1830 2138
1829 2138
1828 2138
1827 2138
1826 2138
1825 2138
1824 2138
1823 2138
1822 2138
1821 2138
1820 2138
1819 2138
1818 2138
1817 2139
1816 2139
1815 2139
1814 2139
1813 2139
1812 2139
1811 2138
1810 2138
1809 2138
1808 2138
1807 2138
1806 2138
1805 2138
1804 2139
1803 2139
1802 2139
1801 2139
1800 2139
1799 2139
1798 2139
1797 2139
1796 2139
1795 2139
1794 2139
1793 2139
1792 2139
1791 2139
1790 2139
1789 2138
1788 2138
1787 2138
1786 2138
1785 2138
1784 2138
1783 2138
1782 2138
1781 2138
1780 2138
1779 2138
1778 2138
1777 2138
1776 2138
1775 2138
1774 2138
1773 2138
1772 2138
1771 2138
1770 2138
1769 2138
1768 2138
1767 2138
1766 2138
1765 2138
1764 2138
1763 2138
1762 2138
1761 2138
1760 2138
1759 2138
1758 2138
1757 2138
1756 2138
1755 2138
1754 2138
1753 2138
1752 2138
1751 2138
1750 2138
1749 2138
1748 2138
1747 2138
1746 2138
1745 2138
1744 2138
1743 2138
1742 2138
1741 2138
1740 2138
1739 2138
1738 2138
1737 2138
1736 2138
1735 2138
1734 2138
1733 2138
1732 2138
1731 2138
1730 2138
1729 2138
1728 2138
1727 2138
1726 2138
1725 2138
1724 2138
1723 2138
1722 2138
1721 2138
1720 2138
1719 2138
1718 2138
1717 2138
1716 2138
1715 2138
1714 2138
1713 2138
1712 2138
1711 2138
1710 2138
1709 2138
1708 2138
1707 2138
1706 2138
1705 2138
1704 2138
1703 2138
1702 2138
1701 2138
1700 2138
1699 2138
1698 2138
1697 2138
1696 2138
1695 2138
1694 2138
1693 2138
1692 2138
1691 2138
1690 2138
1689 2138
1688 2138
1687 2138
1686 2138
1685 2138
1684 2138
1683 2138
1682 2138
1681 2138
1680 2138
1679 2138
1678 2138
1677 2138
1676 2138
1675 2138
1674 2138
1673 2138
1672 2138
1671 2138
1670 2138
1669 2138
1668 2138
1667 2138
1666 2138
1665 2138
1664 2138
1663 2138
1662 2138
1661 2138
1660 2138
1659 2138
1658 2138
1657 2138
1656 2138
1655 2138
1654 2138
1653 2138
1652 2139
1651 2139
1650 2139
1649 2139
1648 2139
1647 2139
1646 2140
1645 2140
1644 2140
1643 2140
1642 2141
1641 2141
1640 2141
1639 2141
1638 2141
1637 2141
1636 2141
1635 2142
1634 2142
1633 2142
1632 2142
1631 2142
1630 2142
1629 2142
1628 2143
1627 2143
1626 2143
1625 2143
1624 2144
1623 2144
1622 2144
1621 2145
1620 2145
1619 2145
1618 2145
1617 2145
1616 2145
1615 2146
1614 2146
1613 2146
1612 2147
1611 2147
1610 2148
1609 2149
1608 2150
1607 2151
1606 2151
1605 2152
1604 2152
1603 2152
1602 2153
1601 2153
1600 2153
1599 2154
1598 2154
1597 2154
1596 2154
1595 2154
1594 2154
1593 2154
1592 2154
1591 2154
1590 2154
1589 2154
1588 2155
1587 2155
1586 2155
1585 2156
1584 2156
1583 2157
1582 2157
1581 2158
1580 2158
1579 2158
1578 2158
1577 2158
1576 2158
1575 2158
1574 2158
1573 2159
1572 2159
1571 2159
1570 2159
1569 2159
1568 2160
1567 2160
1566 2160
1565 2161
1564 2161
1563 2161
1562 2161
1561 2161
1560 2162
1559 2162
1558 2162
1557 2162
1556 2162
1555 2162
1554 2162
1553 2162
1552 2163
1551 2163
1550 2163
1549 2164
1548 2164
1547 2164
1546 2165
1545 2165
1544 2165
1543 2166
1542 2166
1541 2166
1540 2167
1539 2167
1538 2168
1537 2168
1536 2169
1535 2169
1534 2169
1533 2170
1532 2170
1531 2170
1530 2170
1529 2170
1528 2170
1527 2170
1526 2171
1525 2171
1524 2171
1523 2171
1522 2171
1521 2171
1520 2171
1519 2171
1518 2171
1517 2171
1516 2171
1515 2171
1514 2171
1513 2172
1512 2172
1511 2172
1510 2172
1509 2173
1508 2173
1507 2173
1506 2173
1505 2174
1504 2174
1503 2174
1502 2174
1501 2174
1500 2174
1499 2174
1498 2175
1497 2175
1496 2175
1495 2175
1494 2176
1493 2176
1492 2176
1491 2176
1490 2177
1489 2177
1488 2177
1487 2177
1486 2178
1485 2178
1484 2178
1483 2178
1482 2178
1481 2178
1480 2178
1479 2179
1478 2179
1477 2179
1476 2179
1475 2179
1474 2179
1473 2179
1472 2179
1471 2179
1470 2179
1469 2179
1468 2179
1467 2179
1466 2179
1465 2179
1464 2179
1463 2179
1462 2179
1461 2179
1460 2179
1459 2179
1458 2179
1457 2179
1456 2179
1455 2179
1454 2180
1453 2180
1452 2180
1451 2180
1450 2181
1449 2181
1448 2181
1447 2182
1446 2182
1445 2182
1444 2182
1443 2183
1442 2184
1441 2184
1440 2185
1439 2185
1438 2186
1439 2186
1440 2186
1441 2187
1442 2187
1443 2187
1444 2187
1445 2188
1446 2188
1447 2188
1448 2188
1449 2189
1450 2189
1451 2189
1452 2189
1453 2189
1454 2189
1455 2190
1456 2190
1457 2190
1458 2190
1459 2190
1460 2190
1461 2190
1462 2190
1463 2190
1464 2190
1465 2190
1466 2190
1467 2190
1468 2190
1469 2191
1470 2191
1471 2191
1472 2191
1473 2191
1474 2191
1475 2191
1476 2191
1477 2191
1478 2191
1479 2191
1480 2191
1481 2191
1482 2191
1483 2191
1484 2191
1485 2191
1486 2191
1487 2191
1488 2191
1489 2191
1490 2191
1491 2191
1492 2191
1493 2191
1494 2191
1495 2191
1496 2191
1497 2191
1498 2191
1499 2191
1500 2191
1501 2191
1502 2191
1503 2191
1504 2191
1505 2191
1506 2191
1507 2191
1508 2191
1509 2191
1510 2191
1511 2191
1512 2191
1513 2191
1514 2191
1515 2191
1516 2191
1517 2191
1518 2191
1519 2191
1520 2191
1521 2191
1522 2191
1523 2191
1524 2191
1525 2191
1526 2191
1527 2191
1528 2191
1529 2191
1530 2191
1531 2191
1532 2191
1533 2191
1534 2191
1535 2191
1536 2191
1537 2191
1538 2191
1539 2191
1540 2191
1541 2191
1542 2191
1543 2191
1544 2191
1545 2191
1546 2191
1547 2191
1548 2191
1549 2191
1550 2191
1551 2191
1552 2191
1553 2191
1554 2191
1555 2191
1556 2191
1557 2191
1558 2191
1559 2191
1560 2191
1561 2191
1562 2191
1563 2191
1564 2191
1565 2191
1566 2191
1567 2191
1568 2191
1569 2191
1570 2191
1571 2191
1572 2191
1573 2191
1574 2191
1575 2191
1576 2191
1577 2191
1578 2191
1579 2191
1580 2191
1581 2191
1582 2191
1583 2191
1584 2191
1585 2191
1586 2191
1587 2191
1588 2191
1589 2191
1590 2191
1591 2191
1592 2191
1593 2191
1594 2191
1595 2191
1596 2191
1597 2191
1598 2191
1599 2191
1600 2191
1601 2191
1602 2191
1603 2191
1604 2191
1605 2191
1606 2191
1607 2191
1608 2191
1609 2191
1610 2191
1611 2191
1612 2191
1613 2191
1614 2191
1615 2191
1616 2191
1617 2191
1618 2191
1619 2191
1620 2191
1621 2191
1622 2191
1623 2191
1624 2191
1625 2191
1626 2191
1627 2191
1628 2191
1629 2191
1630 2191
1631 2191
1632 2191
1633 2191
1634 2191
1635 2191
1636 2191
1637 2191
1638 2191
1639 2191
1640 2191
1641 2191
1642 2192
1643 2192
1644 2192
1645 2192
1646 2193
1647 2193
1648 2193
1649 2193
1650 2193
1651 2194
1652 2194
1653 2194
1654 2195
1655 2195
1656 2196
1657 2196
1658 2196
1659 2197
1660 2197
1661 2197
1662 2197
1663 2198
1664 2198
1665 2198
1666 2198
1667 2199
1668 2199
1669 2199
1670 2200
1671 2200
1672 2201
1673 2201
1674 2201
1675 2201
1676 2202
1677 2202
1678 2202
1679 2202
1680 2202
1681 2202
1682 2203
1683 2203
1684 2203
1685 2204
1686 2204
1687 2204
1688 2205
1689 2205
1690 2205
1691 2206
1692 2206
1693 2206
1694 2206
1695 2206
1696 2206
1697 2207
1698 2207
1699 2207
1700 2207
1701 2207
1702 2207
1703 2207
1704 2208
1705 2208
1706 2208
1707 2209
1708 2209
1709 2210
1710 2210
1711 2210
1712 2210
1713 2210
1714 2210
1715 2211
1716 2211
1717 2211
1718 2212
1719 2212
1720 2212
1721 2213
1722 2213
1723 2213
1724 2214
1725 2214
1726 2214
1727 2214
1728 2215
1729 2215
1730 2215
1731 2216
1732 2216
1733 2216
1734 2217
1735 2217
1736 2217
1737 2218
1738 2218
1739 2218
1740 2218
1741 2219
1742 2219
1743 2219
1744 2219
1745 2219
1746 2219
1747 2219
1748 2219
1749 2219
1750 2220
1751 2220
1752 2220
1753 2221
1754 2221
1755 2221
1756 2222
1757 2222
1758 2222
1759 2222
1760 2222
1761 2223
1762 2223
1763 2223
1764 2224
1765 2224
1766 2224
1767 2225
1768 2225
1769 2225
1770 2226
1771 2226
1772 2226
1773 2226
1774 2227
1775 2227
1776 2227
1777 2227
1778 2227
1779 2227
1780 2227
1781 2228
1782 2228
1783 2228
1784 2229
1785 2229
1786 2229
1787 2229
1788 2230
1789 2230
1790 2230
1791 2230
1792 2231
1793 2231
1794 2231
1795 2231
1796 2231
1797 2231
1798 2231
1799 2231
1800 2231
1801 2232
1802 2232
1803 2232
1804 2232
1805 2233
1806 2233
1807 2233
1808 2234
1809 2234
1810 2234
1811 2234
1812 2235
1813 2235
1814 2235
1815 2235
1816 2235
1817 2235
1818 2235
1819 2235
1820 2235
1821 2235
1822 2236
1823 2236
1824 2236
1825 2236
1826 2236
1827 2236
1828 2236
1829 2236
1830 2237
1831 2237
1832 2237
1833 2238
1834 2238
1835 2238
1836 2238
1837 2239
1838 2239
1839 2239
1840 2239
1841 2239
1842 2239
1843 2239
1844 2239
1845 2239
1846 2240
1847 2240
1848 2240
1849 2240
1850 2240
1851 2240
1852 2240
1853 2240
1854 2241
1855 2241
1856 2241
1857 2242
1858 2242
1859 2242
1860 2242
1861 2243
1862 2243
1863 2243
1864 2244
1865 2244
1866 2245
1867 2245
1868 2246
1869 2246
1870 2246
1871 2247
1872 2247
1873 2247
1874 2247
1875 2247
1876 2247
1877 2248
1878 2248
1879 2248
1880 2248
1881 2248
1882 2248
1883 2248
1884 2248
1885 2249
1886 2249
1887 2249
1888 2250
1889 2250
1890 2250
1891 2251
1892 2251
1893 2251
1894 2251
1895 2252
1896 2252
1897 2252
1898 2253
1899 2253
1900 2253
1901 2254
1902 2254
1903 2254
1904 2255
1905 2255
1906 2255
1907 2255
1908 2255
1909 2255
1910 2255
1911 2256
1912 2256
1913 2256
1914 2257
1915 2257
1916 2257
1917 2258
1918 2258
1919 2258
1920 2259
1921 2259
1922 2259
1923 2259
1924 2260
1925 2260
1926 2260
1927 2260
1928 2260
1929 2260
1930 2260
1931 2261
1932 2261
1933 2261
1934 2262
1935 2262
1936 2263
1937 2263
1938 2263
1939 2263
1940 2263
1941 2264
1942 2264
1943 2264
1944 2264
1945 2264
1946 2264
1947 2264
1948 2264
1949 2264
1950 2264
1951 2264
1952 2264
1953 2264
1954 2264
1955 2265
1956 2265
1957 2265
1958 2265
1959 2266
1960 2266
1961 2266
1962 2267
1963 2267
1964 2267
1965 2268
1966 2268
1967 2268
1968 2269
1969 2269
1970 2269
1971 2270
1972 2270
1973 2270
1974 2270
1975 2271
1976 2271
1977 2271
1978 2271
1979 2271
1980 2271
1981 2272
1982 2272
1983 2272
1984 2272
1985 2272
1986 2272
1987 2272
1988 2272
1989 2272
1990 2273
1991 2273
1992 2273
1993 2274
1994 2274
1995 2274
1996 2275
1997 2275
1998 2275
1999 2275
2000 2276
2001 2276
2002 2276
2003 2276
2004 2276
2005 2277
2006 2277
2007 2277
2008 2278
2009 2278
2010 2279
2011 2279
2012 2279
2013 2279
2014 2280
2015 2280
2016 2280
2017 2280
2018 2280
2019 2280
2020 2280
2021 2280
2022 2281
2023 2281
2024 2281
2025 2282
2026 2282
2027 2282
2028 2282
2029 2283
2030 2283
2031 2283
2032 2283
2033 2284
2034 2284
2035 2284
2036 2284
2037 2284
2038 2284
2039 2284
2040 2284
2041 2285
2042 2285
2043 2285
2044 2285
2045 2285
2046 2285
2047 2285
2048 2285
2049 2285
2050 2285
2051 2285
2052 2285
2053 2285
2054 2286
2055 2286
2056 2287
2057 2287
2058 2287
2059 2288
2060 2288
2061 2288
2062 2288
2063 2288
2064 2288
2065 2289
2066 2289
2067 2289
2068 2289
2069 2289
2070 2289
2071 2289
2072 2289
2073 2290
2074 2290
2075 2290
2076 2291
2077 2291
2078 2291
2079 2291
2080 2292
2081 2292
2082 2292
2083 2292
2084 2292
2085 2292
2086 2292
2087 2292
2088 2293
2089 2293
2090 2293
2091 2293
2092 2293
2093 2293
2094 2293
2095 2293
2096 2293
2097 2294
2098 2294
2099 2294
2100 2295
2101 2295
2102 2295
2103 2296
2104 2296
2105 2296
2106 2296
2107 2296
2108 2296
2109 2297
2110 2297
2111 2297
2112 2297
2113 2297
2114 2298
2115 2298
2116 2298
2117 2299
2118 2299
2119 2299
2120 2299
2121 2300
2122 2300
2123 2300
2124 2300
2125 2300
2126 2300
2127 2301
2128 2301
2129 2301
2130 2301
2131 2301
2132 2302
2133 2302
2134 2302
2135 2303
2136 2303
2137 2303
2138 2304
2139 2304
2140 2305
2141 2305
2142 2306
2143 2306
2144 2307
2145 2307
2146 2307
2147 2308
2148 2308
2149 2308
2150 2308
2151 2308
2152 2309
2153 2309
2154 2309
2155 2309
2156 2309
2157 2309
2158 2309
2159 2309
2160 2309
2161 2310
2162 2310
2163 2310
2164 2311
2165 2311
2166 2311
2167 2312
2168 2312
2169 2312
2170 2312
2171 2313
2172 2313
2173 2313
2174 2313
2175 2313
2176 2313
2177 2313
2178 2314
2179 2314
2180 2315
2181 2315
2182 2315
2183 2315
2184 2316
2185 2316
2186 2316
2187 2316
2188 2317
2189 2317
2190 2317
2191 2317
2192 2317
2193 2317
2194 2317
2195 2318
2196 2318
2197 2318
2198 2319
2199 2319
2200 2320
2201 2320
2202 2320
2203 2320
2204 2321
2205 2321
2206 2321
2207 2321
2208 2322
2209 2322
2210 2322
2211 2323
2212 2323
2213 2323
2214 2324
2215 2324
2216 2324
2217 2325
2218 2325
2219 2325
2220 2325
2221 2325
2222 2325
2223 2325
2224 2325
2225 2326
2226 2326
2227 2326
2228 2326
2229 2326
2230 2326
2231 2326
2232 2326
2233 2326
2234 2326
2235 2326
2236 2326
2237 2326
2238 2326
2239 2326
2240 2326
2241 2326
2242 2326
2243 2326
2244 2326
2245 2326
2246 2326
2247 2326
2248 2326
2249 2326
2250 2326
2251 2326
2252 2326
2253 2326
2254 2326
2255 2326
2256 2326
2257 2326
2258 2326
2259 2326
2260 2326
2261 2326
2262 2326
2263 2326
2264 2326
2265 2326
2266 2326
2267 2326
2268 2326
2269 2326
2270 2326
2271 2326
2272 2326
2273 2326
2274 2326
2275 2326
2276 2326
2277 2326
2278 2326
2279 2326
2280 2326
2281 2326
2282 2326
2283 2326
2284 2326
2285 2326
2286 2326
2287 2326
2288 2326
2289 2326
2290 2326
2291 2326
2292 2326
2293 2326
2294 2326
2295 2326
2296 2326
2297 2326
2298 2326
2299 2326
2300 2326
2301 2326
2302 2326
2303 2326
2304 2326
2305 2326
2306 2326
2307 2326
2308 2326
2309 2326
2310 2326
2311 2326
2312 2326
2313 2326
2314 2326
2315 2326
2316 2326
2317 2326
2318 2326
2319 2326
2320 2326
2321 2326
2322 2326
2323 2326
2324 2326
2325 2326
2326 2326
2327 2326
2328 2326
2329 2326
2330 2326
2331 2326
2332 2326
2333 2326
2334 2326
2335 2326
2336 2326
2337 2326
2338 2326
2339 2326
2340 2326
2341 2326
2342 2326
2343 2326
2344 2326
2345 2326
2346 2326
2347 2326
2348 2326
2349 2326
2350 2326
2351 2326
2352 2326
2353 2326
2354 2326
2355 2326
2356 2326
2357 2326
2358 2326
2359 2326
2360 2326
2361 2326
2362 2326
2363 2326
2364 2326
2365 2326
2366 2326
2367 2326
2368 2326
2369 2326
2370 2326
2371 2326
2372 2326
2373 2326
2374 2326
2375 2326
2376 2326
2377 2326
2378 2326
2379 2326
2380 2326
2381 2326
2382 2326
2383 2326
2384 2326
2385 2326
2386 2326
2387 2326
2388 2326
2389 2326
2390 2326
2391 2326
2392 2326
2393 2326
2394 2326
2395 2326
2396 2326
2397 2326
2398 2326
2399 2326
2400 2326
2401 2326
2402 2326
2403 2326
2404 2326
2405 2326
2406 2326
2407 2326
2408 2326
2409 2326
2410 2326
2411 2326
2412 2326
2413 2326
2414 2326
2415 2326
2416 2326
2417 2326
2418 2326
2419 2326
2420 2326
2421 2326
2422 2327
2423 2327
2424 2327
2425 2328
2426 2328
2427 2328
2428 2328
2429 2329
2430 2329
2431 2329
2432 2329
2433 2329
2434 2330
2435 2330
2436 2331
2437 2331
2438 2332
2439 2332
2440 2332
2441 2333
2442 2333
2443 2333
2444 2333
2445 2333
2446 2333
2447 2334
2448 2334
2449 2334
2450 2334
2451 2334
2452 2334
2453 2334
2454 2334
2455 2334
2456 2334
2457 2334
2458 2334
2459 2334
2460 2334
2461 2334
2462 2334
2463 2334
2464 2334
2465 2334
2466 2334
2467 2334
2468 2334
2469 2334
2470 2334
2471 2334
2472 2334
2473 2334
2474 2334
2475 2334
2476 2334
2477 2334
2478 2334
2479 2334
2480 2334
2481 2334
2482 2334
2483 2334
2484 2334
2485 2334
2486 2334
2487 2334
2488 2334
2489 2334
2490 2334
2491 2334
2492 2334
2493 2334
2494 2334
2495 2334
2496 2334
2497 2334
2498 2334
2499 2334
2500 2334
2501 2334
2502 2334
2503 2334
2504 2334
2505 2334
2506 2334
2507 2334
2508 2334
2509 2334
2510 2334
2511 2334
2512 2334
2513 2334
2514 2334
2515 2334
2516 2334
2517 2334
2518 2334
2519 2334
2520 2334
2521 2334
2522 2334
2523 2334
2524 2334
2525 2334
2526 2334
2527 2334
2528 2334
2529 2334
2530 2334
2531 2334
2532 2334
2533 2335
2534 2335
2535 2335
2536 2335
2537 2335
2538 2336
2539 2336
2540 2336
2541 2336
2542 2337
2543 2337
2544 2337
2545 2337
2546 2337
2547 2337
2548 2337
2549 2338
2550 2338
2551 2338
2552 2339
2553 2339
2554 2339
2555 2340
2556 2340
2557 2340
2558 2341
2559 2341
2560 2341
2561 2341
2562 2341
2563 2341
2564 2342
2565 2342
2566 2342
2567 2342
2568 2342
2569 2343
2570 2343
2571 2344
2572 2344
2573 2345
2574 2345
2575 2345
2576 2345
2577 2346
2578 2346
2579 2346
2580 2346
2581 2346
2582 2346
2583 2346
2584 2346
2585 2346
2586 2346
2587 2346
2588 2346
2589 2347
2590 2347
2591 2347
2592 2347
2593 2347
2594 2348
2595 2348
2596 2348
2597 2348
2598 2348
2599 2349
2600 2349
2601 2349
2602 2349
2603 2349
2604 2350
2605 2350
2606 2350
2607 2350
2608 2350
2609 2350
2610 2350
2611 2350
2612 2351
2613 2351
2614 2351
2615 2351
2616 2352
2617 2352
2618 2352
2619 2353
2620 2353
2621 2353
2622 2353
2623 2353
2624 2353
2625 2354
2626 2354
2627 2354
2628 2354
2629 2354
2630 2354
2631 2354
2632 2354
2633 2354
2634 2354
2635 2354
2636 2354
2637 2355
2638 2355
2639 2355
2640 2355
2641 2355
2642 2355
2643 2355
2644 2355
2645 2355
2646 2355
2647 2355
2648 2355
2649 2355
2650 2355
2651 2355
2652 2355
2653 2355
2654 2355
2655 2355
2656 2355
2657 2355
2658 2355
2659 2355
2660 2355
2661 2355
2662 2355
2663 2355
2664 2355
2665 2355
2666 2355
2667 2355
2668 2355
2669 2355
2670 2355
2671 2355
2672 2355
2673 2355
2674 2355
2675 2355
2676 2355
2677 2355
2678 2355
2679 2355
2680 2355
2681 2355
2682 2355
2683 2355
2684 2355
2685 2355
2686 2355
2687 2355
2688 2355
2689 2355
2690 2355
2691 2354
2692 2354
2693 2353
2694 2353
2695 2353
2696 2352
2697 2352
2698 2352
2699 2352
2700 2352
2701 2352
2702 2352
2703 2351
2704 2351
2705 2351
2706 2350
2707 2349
2708 2349
2709 2349
2710 2349
2711 2348
2712 2348
2713 2348
2714 2348
2715 2348
2716 2347
2717 2347
2718 2347
2719 2346
2720 2346
2721 2345
2722 2345
2723 2345
2724 2344
2725 2344
2726 2344
2727 2344
2728 2343
2729 2343
2730 2343
2731 2343
2732 2343
2733 2343
2734 2343
2735 2343
2736 2343
2737 2342
2738 2342
2739 2342
2740 2341
2741 2341
2742 2341
2743 2340
2744 2340
2745 2340
2746 2339
2747 2339
2748 2338
2749 2338
2750 2337
2751 2337
2752 2337
2753 2336
2754 2336
2755 2336
2756 2336
2757 2336
2758 2336
2759 2335
2760 2335
2761 2335
2762 2335
2763 2335
2764 2334
2765 2334
2766 2334
2767 2333
2768 2333
2769 2333
2770 2332
2771 2332
2772 2332
2773 2331
2774 2331
2775 2331
2776 2331
2777 2331
2778 2331
2779 2330
2780 2330
2781 2329
2782 2329
2783 2329
2784 2328
2785 2328
2786 2328
2787 2328
2788 2328
2789 2327
2790 2327
2791 2327
2792 2327
2793 2327
2794 2327
2795 2326
2796 2326
2797 2325
2798 2324
2799 2323
2800 2322
2801 2321
2802 2320
2803 2320
2804 2320
2805 2320
2806 2319
2807 2319
2808 2318
2809 2318
2810 2317
2811 2317
2812 2317
2813 2316
2814 2315
2815 2314
2816 2314
2817 2313
2818 2312
2819 2312
2820 2311
2821 2311
2822 2310
2823 2309
2824 2309
2825 2309
2826 2308
2827 2308
2828 2308
2829 2307
2830 2307
2831 2306
2832 2305
2833 2305
2834 2304
2835 2303
2836 2302
2837 2301
2838 2300
2839 2300
2840 2299
2841 2299
2842 2298
2843 2297
2844 2296
2845 2296
2846 2295
2847 2295
2848 2294
2849 2293
2850 2292
2851 2291
2852 2291
2853 2290
2854 2289
2855 2288
2856 2288
2857 2287
2858 2286
2859 2285
2860 2284
2861 2283
2862 2283
2863 2282
2864 2281
2865 2280
2866 2280
2867 2279
2868 2279
2869 2278
2870 2278
2871 2277
2872 2276
2873 2275
2874 2275
2875 2274
2876 2273
2877 2272
2877 2271
2878 2270
2879 2269
2879 2268
2880 2267
2880 2266
2881 2265
2882 2264
2882 2263
2883 2262
2884 2261
2885 2260
2885 2259
2886 2258
2886 2257
2887 2256
2887 2255
2888 2254
2889 2253
2890 2252
2891 2251
2891 2250
2892 2249
2893 2248
2893 2247
2894 2246
2895 2245
2896 2244
2897 2243
2897 2242
2898 2241
2899 2240
2900 2239
2901 2238
2901 2237
2902 2236
2902 2235
2903 2234
2903 2233
2903 2232
2904 2231
2905 2230
2906 2229
2907 2228
2908 2227
2909 2226
2909 2225
2910 2224
2911 2223
2911 2222
2912 2221
2913 2220
2913 2219
2914 2218
2914 2217
2914 2216
2915 2215
2915 2214
2916 2213
2916 2212
2916 2211
2917 2210
2917 2209
2917 2208
2918 2207
2918 2206
2918 2205
2919 2204
2919 2203
2919 2202
2920 2201
2921 2200
2921 2199
2921 2198
2922 2197
2922 2196
2922 2195
2923 2194
2923 2193
2923 2192
2923 2191
2923 2190
2923 2189
2923 2188
2923 2187
2924 2186
2924 2185
2924 2184
2924 2183
2924 2182
2925 2181
2925 2180
2925 2179
2926 2178
2926 2177
2927 2176
2927 2175
2927 2174
2927 2173
2928 2172
2928 2171
2929 2170
2929 2169
2930 2168
2930 2167
2930 2166
2931 2165
2931 2164
2931 2163
2931 2162
2931 2161
2932 2160
2932 2159
2932 2158
2932 2157
2932 2156
2932 2155
2932 2154
2933 2153
2933 2152
2933 2151
2933 2150
2934 2149
2934 2148
2934 2147
2934 2146
2935 2145
2935 2144
2935 2143
2935 2142
2935 2141
2935 2140
2936 2139
2936 2138
2936 2137
2936 2136
2936 2135
2936 2134
2936 2133
2936 2132
2936 2131
2936 2130
2936 2129
2936 2128
2936 2127
2936 2126
2936 2125
2936 2124
2936 2123
2936 2122
2936 2121
2936 2120
2936 2119
2936 2118
2936 2117
2936 2116
2936 2115
2936 2114
2936 2113
2936 2112
2936 2111
2936 2110
2936 2109
2936 2108
2936 2107
2936 2106
2936 2105
2936 2104
2936 2103
2936 2102
2937 2101
2937 2100
2937 2099
2937 2098
2937 2097
2937 2096
2937 2095
2937 2094
2937 2093
2937 2092
2937 2091
2937 2090
2937 2089
2937 2088
2937 2087
2937 2086
2937 2085
2937 2084
2937 2083
2937 2082
2937 2081
2937 2080
2937 2079
2937 2078
2937 2077
2937 2076
2937 2075
2937 2074
2937 2073
2937 2072
2937 2071
2937 2070
2937 2069
2937 2068
2937 2067
2937 2066
2937 2065
2937 2064
2937 2063
2937 2062
2937 2061
2937 2060
2936 2059
2936 2058
2936 2057
2936 2056
2936 2055
2936 2054
2936 2053
2936 2052
2936 2051
2935 2050
2935 2049
2934 2048
2934 2047
2934 2046
2934 2045
2934 2044
2933 2043
2933 2042
2933 2041
2932 2040
2932 2039
2931 2038
2931 2037
2930 2036
2930 2035
2930 2034
2929 2033
2929 2032
2928 2031
2928 2030
2927 2029
2927 2028
2926 2027
2926 2026
2925 2025
2925 2024
2924 2023
2923 2022
2923 2021
2923 2020
2922 2019
2921 2018
2921 2017
2920 2016
2920 2015
2919 2014
2919 2013
2918 2012
2917 2011
2917 2010
2916 2009
2915 2008
2915 2007
2914 2006
2914 2005
2913 2004
2912 2003
2912 2002
2911 2001
2910 2000
2909 1999
2909 1998
2908 1997
2907 1996
2906 1995
2906 1994
2905 1993
2905 1992
2904 1991
2904 1990
2903 1989
2903 1988
2902 1987
2901 1986
2901 1985
2900 1984
2900 1983
2899 1982
2898 1981
2898 1980
2897 1979
2896 1978
2896 1977
2895 1976
2894 1975
2894 1974
2893 1973
2892 1972
2892 1971
2891 1970
2890 1969
2890 1968
2889 1967
2888 1966
2888 1965
2887 1964
2886 1963
2885 1962
2885 1961
2884 1960
2883 1959
2882 1958
2881 1957
2880 1956
2879 1955
2878 1954
2877 1953
2876 1952
2875 1951
2874 1950
2873 1949
2872 1948
2872 1947
2871 1946
2870 1945
2869 1944
2869 1943
2868 1942
2867 1941
2866 1940
2865 1939
2864 1938
2863 1937
2862 1936
2861 1935
2860 1934
2859 1933
2858 1932
2857 1931
2857 1930
2856 1930
2855 1929
2854 1929
2853 1928
2852 1928
2851 1927
2850 1926
2849 1926
2848 1925
2847 1925
2846 1924
2845 1924
2844 1923
2843 1922
2842 1921
2841 1921
2840 1920
2839 1920
2838 1920
2837 1919
2836 1919
2835 1919
2834 1919
2833 1918
2832 1918
2831 1917
2830 1918
2829 1918
2828 1918
2827 1917
2827 1916
2826 1916
2825 1916
2824 1916
2823 1916
2822 1916
2821 1916
2820 1916
2819 1916
2818 1917
2817 1917
2816 1917
2815 1916
2814 1915
2813 1914
2812 1914
2811 1914
2810 1914
2809 1913
2809 1912
2808 1912
2807 1912
2806 1913
2805 1913
2804 1914
2804 1915
2803 1916
2802 1916
2801 1916
2800 1915
2800 1914
2800 1913
2800 1912
2800 1911
2799 1910
2799 1909
2799 1908
2799 1907
2798 1907
2797 1907
2796 1907
2795 1906
2794 1906
2793 1906
2792 1906
2791 1905
2790 1905
2789 1905
2788 1905
2787 1905
2786 1905
