3502 2107
3502 2108
3501 2109
3500 2110
3499 2111
3498 2112
3497 2112
3496 2113
3495 2113
3494 2113
3493 2113
3492 2113
3491 2113
3490 2114
3489 2114
3488 2114
3487 2114
3486 2114
3485 2114
3484 2114
3483 2114
3482 2114
3481 2114
3480 2114
3479 2114
3478 2114
3477 2114
3476 2114
3475 2115
3474 2115
3473 2115
3472 2115
3471 2115
3470 2116
3469 2116
3468 2117
3467 2118
3466 2118
3465 2119
3464 2119
3463 2120
3462 2120
3461 2121
3460 2121
3459 2121
3458 2121
3457 2122
3456 2122
3455 2122
3454 2122
3453 2122
3452 2122
3451 2122
3450 2122
3449 2122
3448 2122
3447 2122
3446 2122
3445 2122
3444 2123
3443 2123
3442 2123
3441 2123
3440 2123
3439 2123
3438 2123
3437 2123
3436 2123
3435 2123
3434 2123
3433 2123
3432 2123
3431 2123
3430 2123
3429 2123
3428 2123
3427 2123
3426 2123
3425 2123
3424 2123
3423 2124
3422 2124
3421 2125
3420 2125
3419 2126
3418 2126
3417 2127
3416 2127
3415 2128
3414 2128
3413 2128
3412 2129
3411 2129
3410 2129
3409 2129
3408 2129
3407 2130
3406 2130
3405 2130
3404 2130
3403 2130
3402 2130
3401 2130
3400 2130
3399 2130
3398 2130
3397 2130
3396 2131
3395 2131
3394 2131
3393 2131
3392 2131
3391 2131
3390 2131
3389 2131
3388 2131
3387 2131
3386 2131
3385 2131
3384 2131
3383 2131
3382 2131
3381 2132
3380 2132
3379 2133
3378 2134
3377 2134
3376 2135
3375 2135
3374 2135
3373 2136
3372 2136
3371 2136
3370 2136
3369 2137
3368 2137
3367 2137
3366 2137
3365 2137
3364 2137
3363 2137
3362 2138
3361 2138
3360 2138
3359 2138
3358 2138
3357 2138
3356 2138
3355 2138
3354 2138
3353 2138
3352 2138
3351 2138
3350 2139
3349 2139
3348 2139
3347 2139
3346 2139
3345 2139
3344 2139
3343 2139
3342 2139
3341 2139
3340 2139
3339 2139
3338 2139
3337 2139
3336 2139
3335 2139
3334 2139
3333 2139
3332 2139
3331 2139
3330 2139
3329 2139
3328 2139
3327 2139
3326 2139
3325 2139
3324 2139
3323 2139
3322 2139
3321 2139
3320 2139
3319 2139
3318 2139
3317 2139
3316 2139
3315 2139
3314 2139
3313 2139
3312 2139
3311 2139
3310 2139
3309 2139
3308 2139
3307 2139
3306 2139
3305 2139
3304 2139
3303 2139
3302 2139
3301 2139
3300 2139
3299 2139
3298 2139
3297 2139
3296 2139
3295 2139
3294 2139
3293 2139
3292 2139
3291 2139
3290 2139
3289 2139
3288 2139
3287 2139
3286 2139
3285 2139
3284 2139
3283 2139
3282 2140
3281 2140
3280 2140
3279 2141
3278 2141
3277 2142
3276 2142
3275 2142
3274 2143
3273 2143
3272 2143
3271 2144
3270 2144
3269 2144
3268 2144
3267 2145
3266 2145
3265 2145
3264 2145
3263 2146
3262 2146
3261 2146
3260 2146
3259 2147
3258 2147
3257 2148
3256 2149
3255 2149
3254 2150
3253 2151
3252 2152
3251 2153
3250 2153
3249 2153
3248 2154
3247 2155
3246 2156
3245 2157
3244 2158
3243 2159
3242 2159
3241 2159
3240 2160
3239 2160
3238 2161
3237 2161
3236 2161
3235 2161
3234 2162
3233 2162
3232 2162
3231 2162
3230 2162
3229 2162
3228 2162
3227 2162
3226 2162
3225 2162
3224 2162
3223 2162
3222 2162
3221 2162
3220 2162
3219 2163
3218 2163
3217 2163
3216 2163
3215 2164
3214 2164
3213 2165
3212 2166
3211 2166
3210 2167
3209 2167
3208 2168
3207 2168
3206 2168
3205 2168
3204 2169
3203 2169
3202 2169
3201 2169
3200 2169
3199 2169
3198 2169
3197 2170
3196 2170
3195 2171
3194 2171
3193 2172
3192 2173
3191 2173
3190 2174
3189 2174
3188 2175
3187 2175
3186 2176
3185 2176
3184 2176
3183 2176
3182 2177
3181 2177
3180 2177
3179 2177
3178 2177
3177 2178
3176 2178
3175 2178
3174 2179
3173 2179
3172 2179
3171 2180
3170 2180
3169 2181
3168 2181
3167 2182
3166 2182
3165 2182
3164 2183
3163 2183
3162 2183
3161 2183
3160 2184
3159 2184
3158 2184
3157 2184
3156 2184
3155 2185
3154 2185
3153 2185
3152 2185
3151 2185
3150 2185
3149 2186
3148 2186
3147 2186
3146 2186
3145 2186
3144 2186
3143 2186
3142 2186
3141 2186
3140 2186
3139 2186
3138 2187
3137 2187
3136 2187
3135 2187
3134 2187
3133 2187
3132 2187
3131 2187
3130 2187
3129 2187
3128 2187
3127 2187
3126 2187
3125 2187
3124 2187
3123 2187
3122 2187
3121 2187
3120 2187
3119 2187
3118 2187
3117 2187
3116 2187
3115 2187
3114 2187
3113 2187
3112 2187
3111 2187
3110 2187
3109 2187
3108 2187
3107 2187
3106 2187
3105 2187
3104 2187
3103 2187
3102 2187
3101 2187
3100 2187
3099 2187
3098 2187
3097 2187
3096 2187
3095 2187
3094 2187
3093 2187
3092 2187
3091 2187
3090 2187
3089 2187
3088 2188
3087 2188
3086 2188
3085 2189
3084 2189
3083 2190
3082 2190
3081 2191
3080 2191
3079 2191
3078 2192
3077 2192
3076 2192
3075 2192
3074 2192
3073 2193
3072 2193
3071 2193
3070 2193
3069 2193
3068 2193
3067 2193
3066 2194
3065 2194
3064 2194
3063 2194
3062 2194
3061 2194
3060 2194
3059 2194
3058 2194
3057 2194
3056 2194
3055 2194
3054 2195
3053 2195
3052 2195
3051 2195
3050 2195
3049 2195
3048 2195
3047 2195
3046 2195
3045 2195
3044 2195
3043 2195
3042 2195
3041 2195
3040 2195
3039 2195
3038 2195
3037 2195
3036 2195
3035 2195
3034 2195
3033 2195
3032 2195
3031 2195
3030 2195
3029 2195
3028 2195
3027 2195
3026 2195
3025 2194
3024 2194
3023 2193
3022 2193
3021 2193
3020 2192
3019 2192
3018 2191
3017 2190
3016 2190
3015 2189
3014 2188
3013 2188
3012 2187
3011 2186
3010 2186
3009 2185
3008 2184
3007 2184
3006 2183
3005 2182
3004 2182
3003 2181
3002 2181
3001 2181
3000 2181
2999 2180
2998 2180
2997 2180
2996 2180
2995 2180
2994 2180
2993 2180
2992 2179
2991 2179
2990 2179
2989 2180
2988 2180
2987 2181
2986 2181
2985 2182
2984 2182
2983 2183
2982 2183
2981 2183
2980 2184
2979 2184
2978 2184
2977 2185
2976 2186
2975 2187
2974 2188
2974 2189
2973 2190
2972 2191
2972 2192
2971 2193
2970 2194
2969 2195
2968 2196
2967 2197
2966 2198
2966 2199
2965 2200
2965 2201
2964 2202
2964 2203
2963 2204
2962 2205
2962 2206
2961 2207
2960 2208
2960 2209
2959 2210
2958 2211
2957 2212
2956 2213
2955 2213
2954 2214
2953 2214
2952 2215
2951 2215
2950 2216
2949 2217
2948 2217
2947 2218
2946 2218
2946 2219
2945 2220
2945 2221
2945 2222
2945 2223
2945 2224
2944 2225
2943 2226
2942 2226
2941 2226
2940 2226
2939 2226
2938 2226
2937 2226
2936 2226
2935 2226
2934 2226
2933 2226
2932 2226
2931 2226
2930 2226
2929 2227
2928 2227
2927 2227
2926 2227
2925 2227
2924 2227
2923 2227
2922 2227
2921 2227
2920 2228
2919 2229
2918 2230
2917 2230
2916 2230
2915 2231
2914 2231
2913 2232
2912 2232
2911 2232
2910 2233
2909 2233
2908 2233
2907 2233
2906 2233
2905 2234
2904 2234
2903 2234
2902 2234
2901 2234
2900 2235
2899 2235
2898 2236
2897 2237
2896 2237
2896 2238
2895 2239
2894 2240
2894 2241
2893 2242
2893 2243
2892 2244
2892 2245
2891 2246
2890 2247
2889 2248
2888 2248
2887 2248
2886 2248
2885 2249
2884 2249
2883 2249
2882 2249
2881 2249
2880 2250
2879 2250
2878 2251
2877 2251
2876 2252
2875 2252
2874 2253
2873 2253
2872 2254
2871 2254
2870 2254
2869 2254
2868 2255
2867 2255
2866 2255
2865 2255
2864 2256
2863 2256
2862 2256
2861 2256
2860 2256
2859 2256
2858 2257
2857 2257
2856 2257
2855 2257
2854 2257
2853 2257
2852 2257
2851 2258
2850 2258
2849 2258
2848 2258
2847 2258
2846 2258
2845 2258
2844 2259
2843 2259
2842 2260
2841 2260
2840 2261
2839 2261
2838 2262
2837 2262
2836 2262
2835 2263
2834 2263
2833 2263
2832 2263
2831 2264
2830 2264
2829 2264
2828 2264
2827 2264
2826 2264
2825 2265
2824 2265
2823 2265
2822 2265
2821 2265
2820 2265
2819 2265
2818 2265
2817 2265
2816 2265
2815 2266
2814 2266
2813 2266
2812 2266
2811 2266
2810 2266
2809 2266
2808 2266
2807 2266
2806 2266
2805 2266
2804 2266
2803 2266
2802 2266
2801 2266
2800 2266
2799 2266
2798 2266
2797 2267
2796 2267
2795 2267
2794 2267
2793 2267
2792 2267
2791 2267
2790 2267
2789 2267
2788 2267
2787 2267
2786 2267
2785 2267
2784 2268
2783 2268
2782 2268
2781 2269
2780 2269
2779 2270
2778 2270
2777 2271
2776 2271
2775 2271
2774 2272
2773 2272
2772 2272
2771 2272
2770 2273
2769 2273
2768 2273
2767 2273
2766 2273
2765 2273
2764 2273
2763 2274
2762 2274
2761 2274
2760 2274
2759 2274
2758 2274
2757 2274
2756 2274
2755 2274
2754 2274
2753 2274
2752 2274
2751 2274
2750 2274
2749 2274
2748 2274
2747 2274
2746 2274
2745 2274
2744 2274
2743 2274
2742 2274
2741 2274
2740 2275
2739 2275
2738 2275
2737 2275
2736 2275
2735 2275
2734 2275
2733 2275
2732 2275
2731 2275
2730 2275
2729 2275
2728 2275
2727 2275
2726 2275
2725 2275
2724 2275
2723 2275
2722 2275
2721 2275
2720 2275
2719 2275
2718 2275
2717 2275
2716 2275
2715 2275
2714 2275
2713 2275
2712 2275
2711 2275
2710 2275
2709 2275
2708 2275
2707 2275
2706 2275
2705 2275
2704 2275
2703 2275
2702 2275
2701 2275
2700 2275
2699 2275
2698 2275
2697 2275
2696 2275
2695 2275
2694 2275
2693 2275
2692 2275
2691 2275
2690 2275
2689 2275
2688 2275
2687 2275
2686 2275
2685 2275
2684 2275
2683 2275
2682 2275
2681 2275
2680 2275
2679 2275
2678 2275
2677 2275
2676 2275
2675 2275
2674 2275
2673 2275
2672 2275
2671 2275
2670 2275
2669 2275
2668 2275
2667 2276
2666 2276
2665 2276
2664 2276
2663 2276
2662 2277
2661 2277
2660 2277
2659 2277
2658 2277
2657 2278
2656 2278
2655 2278
2654 2278
2653 2279
2652 2279
2651 2279
2650 2280
2649 2280
2648 2280
2647 2281
2646 2281
2645 2281
2644 2282
2643 2282
2642 2283
2641 2283
2640 2283
2639 2284
2638 2284
2637 2284
2636 2285
2635 2285
2634 2286
2633 2286
2632 2286
2631 2287
2630 2287
2629 2287
2628 2287
2627 2288
2626 2288
2625 2288
2624 2288
2623 2288
2622 2289
2621 2289
2620 2289
2619 2289
2618 2289
2617 2289
2616 2290
2615 2290
2614 2290
2613 2290
2612 2290
2611 2290
2610 2290
2609 2290
2608 2290
2607 2290
2606 2290
2605 2290
2604 2290
2603 2290
2602 2291
2601 2291
2600 2291
2599 2291
2598 2291
2597 2291
2596 2291
2595 2291
2594 2291
2593 2291
2592 2291
2591 2291
2590 2291
2589 2291
2588 2291
2587 2291
2586 2291
2585 2291
2584 2291
2583 2291
2582 2291
2581 2291
2580 2291
2579 2291
2578 2291
2577 2291
2576 2291
2575 2291
2574 2291
2573 2291
2572 2291
2571 2291
2570 2291
2569 2291
2568 2291
2567 2291
2566 2291
2565 2291
2564 2291
2563 2291
2562 2291
2561 2291
2560 2291
2559 2291
2558 2291
2557 2291
2556 2291
2555 2291
2554 2291
2553 2291
2552 2291
2551 2291
2550 2291
2549 2291
2548 2291
2547 2291
2546 2291
2545 2291
2544 2291
2543 2291
2542 2291
2541 2291
2540 2291
2539 2291
2538 2291
2537 2291
2536 2291
2535 2291
2534 2291
2533 2291
2532 2291
2531 2291
2530 2291
2529 2291
2528 2291
2527 2291
2526 2291
2525 2291
2524 2291
2523 2291
2522 2291
2521 2291
2520 2291
2519 2291
2518 2291
2517 2291
2516 2291
2515 2291
2514 2291
2513 2291
2512 2291
2511 2291
2510 2291
2509 2291
2508 2291
2507 2291
2506 2291
2505 2291
2504 2291
2503 2291
2502 2291
2501 2291
2500 2291
2499 2291
2498 2291
2497 2291
2496 2291
2495 2291
2494 2291
2493 2291
2492 2291
2491 2291
2490 2291
2489 2291
2488 2291
2487 2291
2486 2291
2485 2291
2484 2291
2483 2291
2482 2291
2481 2291
2480 2291
2479 2291
2478 2291
2477 2291
2476 2291
2475 2291
2474 2290
2473 2290
2472 2290
2471 2289
2470 2289
2469 2288
2468 2288
2467 2288
2466 2287
2465 2287
2464 2287
2463 2286
2462 2286
2461 2286
2460 2286
2459 2285
2458 2285
2457 2285
2456 2284
2455 2284
2454 2283
2453 2283
2452 2282
2451 2281
2450 2281
2449 2280
2448 2279
2447 2279
2446 2278
2445 2278
2444 2277
2443 2277
2442 2276
2441 2276
2440 2276
2439 2276
2438 2276
2437 2276
2436 2276
2435 2276
2434 2276
2433 2276
2432 2275
2431 2275
2430 2275
2429 2275
2428 2275
2427 2275
2426 2275
2425 2275
2424 2275
2423 2275
2422 2275
2421 2275
2420 2275
2419 2275
2418 2275
2417 2275
2416 2275
2415 2275
2414 2275
2413 2275
2412 2275
2411 2275
2410 2275
2409 2275
2408 2275
2407 2275
2406 2275
2405 2275
2404 2275
2403 2275
2402 2275
2401 2275
2400 2275
2399 2275
2398 2275
2397 2275
2396 2275
2395 2275
2394 2275
2393 2275
2392 2275
2391 2275
2390 2275
2389 2275
2388 2275
2387 2275
2386 2275
2385 2275
2384 2275
2383 2275
2382 2275
2381 2275
2380 2275
2379 2275
2378 2275
2377 2275
2376 2275
2375 2275
2374 2275
2373 2275
2372 2275
2371 2275
2370 2275
2369 2275
2368 2275
2367 2275
2366 2275
2365 2275
2364 2275
2363 2275
2362 2275
2361 2275
2360 2275
2359 2275
2358 2275
2357 2275
2356 2275
2355 2275
2354 2275
2353 2275
2352 2275
2351 2275
2350 2275
2349 2275
2348 2275
2347 2275
2346 2275
2345 2275
2344 2275
2343 2275
2342 2275
2341 2275
2340 2275
2339 2275
2338 2275
2337 2275
2336 2275
2335 2275
2334 2275
2333 2275
2332 2275
2331 2275
2330 2275
2329 2275
2328 2275
2327 2275
2326 2275
2325 2275
2324 2275
2323 2275
2322 2275
2321 2275
2320 2275
2319 2275
2318 2275
2317 2275
2316 2275
2315 2275
2314 2276
2313 2276
2312 2276
2311 2277
2310 2277
2309 2278
2308 2278
2307 2278
2306 2279
2305 2279
2304 2280
2303 2280
2302 2280
2301 2280
2300 2281
2299 2281
2298 2281
2297 2281
2296 2281
2295 2282
2294 2282
2293 2282
2292 2282
2291 2282
2290 2283
2289 2283
2288 2283
2287 2283
2286 2283
2285 2283
2284 2283
2283 2284
2282 2284
2281 2284
2280 2285
2279 2285
2278 2285
2277 2285
2276 2286
2275 2286
2274 2286
2273 2287
2272 2287
2271 2287
2270 2287
2269 2288
2268 2288
2267 2288
2266 2288
2265 2288
2264 2289
2263 2289
2262 2289
2261 2289
2260 2289
2259 2289
2258 2290
2257 2290
2256 2290
2255 2290
2254 2290
2253 2290
2252 2290
2251 2290
2250 2290
2249 2290
2248 2290
2247 2290
2246 2290
2245 2291
2244 2291
2243 2291
2242 2291
2241 2291
2240 2291
2239 2291
2238 2291
2237 2291
2236 2291
2235 2291
2234 2291
2233 2291
2232 2291
2231 2291
2230 2291
2229 2291
2228 2291
2227 2291
2226 2291
2225 2291
2224 2291
2223 2291
2222 2291
2221 2291
2220 2291
2219 2291
2218 2291
2217 2291
2216 2291
2215 2291
2214 2291
2213 2291
2212 2291
2211 2291
2210 2291
2209 2291
2208 2291
2207 2291
2206 2291
2205 2291
2204 2291
2203 2291
2202 2291
2201 2291
2200 2291
2199 2291
2198 2291
2197 2291
2196 2291
2195 2291
2194 2291
2193 2291
2192 2291
2191 2291
2190 2291
2189 2291
2188 2291
2187 2291
2186 2291
2185 2291
2184 2291
2183 2291
2182 2291
2181 2291
2180 2291
2179 2291
2178 2291
2177 2291
2176 2291
2175 2291
2174 2291
2173 2291
2172 2291
2171 2291
2170 2291
2169 2291
2168 2291
2167 2291
2166 2291
2165 2291
2164 2291
2163 2291
2162 2291
2161 2291
2160 2291
2159 2291
2158 2291
2157 2291
2156 2291
2155 2291
2154 2291
2153 2291
2152 2291
2151 2291
2150 2291
2149 2291
2148 2291
2147 2291
2146 2291
2145 2291
2144 2291
2143 2291
2142 2291
2141 2291
2140 2291
2139 2291
2138 2291
2137 2291
2136 2291
2135 2291
2134 2291
2133 2291
2132 2291
2131 2291
2130 2291
2129 2291
2128 2291
2127 2291
2126 2291
2125 2291
2124 2291
2123 2291
2122 2291
2121 2291
2120 2291
2119 2291
2118 2291
2117 2291
2116 2291
2115 2291
2114 2291
2113 2291
2112 2291
2111 2291
2110 2291
2109 2291
2108 2291
2107 2291
2106 2291
2105 2291
2104 2291
2103 2291
2102 2291
2101 2291
2100 2291
2099 2291
2098 2291
2097 2291
2096 2291
2095 2291
2094 2291
2093 2291
2092 2291
2091 2291
2090 2291
2089 2291
2088 2291
2087 2291
2086 2291
2085 2291
2084 2291
2083 2291
2082 2291
2081 2291
2080 2291
2079 2291
2078 2291
2077 2291
2076 2291
2075 2291
2074 2291
2073 2291
2072 2291
2071 2291
2070 2291
2069 2291
2068 2291
2067 2291
2066 2291
2065 2291
2064 2291
2063 2291
2062 2291
2061 2291
2060 2291
2059 2291
2058 2291
2057 2291
2056 2291
2055 2291
2054 2291
2053 2291
2052 2291
2051 2291
2050 2291
2049 2291
2048 2291
2047 2291
2046 2291
2045 2291
2044 2291
2043 2291
2042 2291
2041 2291
2040 2291
2039 2291
2038 2291
2037 2291
2036 2291
2035 2291
2034 2291
2033 2291
2032 2291
2031 2291
2030 2291
2029 2291
2028 2291
2027 2291
2026 2291
2025 2291
2024 2291
2023 2291
2022 2291
2021 2291
2020 2291
2019 2291
2018 2291
2017 2291
2016 2291
2015 2291
2014 2291
2013 2291
2012 2291
2011 2291
2010 2291
2009 2291
2008 2291
2007 2291
2006 2291
2005 2291
2004 2291
2003 2291
2002 2291
2001 2291
2000 2291
1999 2291
1998 2291
1997 2291
1996 2291
1995 2291
1994 2291
1993 2291
1992 2291
1991 2291
1990 2291
1989 2291
1988 2291
1987 2291
1986 2291
1985 2291
1984 2291
1983 2291
1982 2291
1981 2291
1980 2291
1979 2291
1978 2291
1977 2291
1976 2291
1975 2291
1974 2290
1973 2289
1972 2289
1971 2288
1970 2288
1969 2287
1968 2287
1967 2286
1966 2286
1965 2285
1964 2285
1963 2284
1963 2283
1962 2282
1962 2281
1961 2280
1960 2279
1959 2279
1958 2278
1957 2277
1956 2276
1955 2275
1955 2274
1955 2273
1954 2273
1953 2272
1952 2271
1951 2271
1950 2270
1949 2269
1948 2268
1947 2268
1946 2267
1945 2266
1944 2265
1943 2264
1942 2263
1941 2263
1940 2262
1939 2261
1938 2260
1937 2260
1936 2260
1935 2260
1934 2260
1933 2260
1933 2261
1932 2262
1931 2263
1930 2263
1929 2264
1928 2264
1927 2264
1926 2265
1925 2265
1924 2265
1923 2265
1922 2266
1921 2266
1920 2266
1919 2266
1918 2266
1917 2266
1916 2266
1915 2266
1914 2267
1913 2267
1912 2267
1911 2267
1910 2267
1909 2267
1908 2267
1907 2267
1906 2267
1905 2267
1904 2267
1903 2266
1902 2266
1901 2266
1900 2265
1899 2264
1898 2264
1897 2263
1896 2263
1895 2262
1894 2262
1893 2261
1892 2261
1891 2260
1890 2260
1889 2260
1888 2260
1887 2260
1886 2259
1885 2259
1884 2259
1883 2258
1882 2258
1881 2258
1880 2257
1879 2257
1878 2256
1877 2256
1876 2255
1875 2255
1874 2254
1873 2253
1872 2253
1871 2252
1870 2252
1869 2251
1868 2250
1867 2250
1866 2249
1865 2248
1864 2248
1863 2247
1862 2246
1861 2246
1860 2245
1859 2244
1858 2244
1857 2243
1856 2242
1855 2242
1854 2241
1853 2240
1852 2240
1851 2239
1850 2239
1849 2238
1848 2238
1847 2237
1846 2236
1845 2236
1844 2235
1843 2235
1842 2234
1841 2234
1840 2233
1839 2232
1838 2232
1837 2231
1836 2230
1835 2230
1834 2229
1833 2228
1832 2227
1831 2227
1830 2226
1829 2226
1828 2225
1827 2224
1826 2224
1825 2223
1824 2223
1823 2222
1822 2222
1821 2221
1820 2221
1819 2221
1818 2220
1817 2220
1816 2220
1815 2220
1814 2220
1813 2220
1812 2219
1811 2219
1810 2219
1809 2218
1808 2217
1807 2217
1806 2216
1805 2215
1804 2214
1803 2213
1802 2212
1801 2211
1800 2211
1799 2210
1798 2210
1797 2209
1796 2209
1795 2208
1794 2207
1793 2207
1792 2206
1791 2205
1790 2205
1789 2204
1788 2204
1787 2203
1786 2203
1785 2202
1784 2202
1783 2201
1782 2200
1781 2200
1780 2199
1779 2199
1778 2198
1777 2198
1776 2197
1775 2196
1774 2196
1773 2195
1772 2194
1771 2194
1770 2193
1769 2192
1768 2192
1767 2192
1766 2191
1765 2191
1764 2190
1763 2190
1762 2190
1761 2190
1760 2189
1759 2189
1758 2188
1757 2188
1756 2187
1755 2186
1754 2186
1753 2185
1752 2184
1751 2184
1750 2183
1749 2183
1748 2182
1747 2182
1746 2182
1745 2181
1744 2181
1743 2181
1742 2181
1741 2181
1740 2181
1739 2181
1738 2181
1737 2180
1736 2180
1735 2180
1734 2180
1733 2180
1732 2180
1731 2180
1730 2180
1729 2180
1728 2180
1727 2180
1726 2179
1725 2179
1724 2179
1723 2179
1722 2179
1721 2179
1720 2179
1719 2179
1718 2179
1717 2179
1716 2179
1715 2179
1714 2179
1713 2179
1712 2179
1711 2179
1710 2179
1709 2179
1708 2179
1707 2179
1706 2179
1705 2179
1704 2179
1703 2179
1702 2179
1701 2179
1700 2179
1699 2179
1698 2179
1697 2179
1696 2179
1695 2179
1694 2180
1693 2180
1692 2180
1691 2181
1690 2182
1689 2182
1688 2183
1687 2183
1686 2184
1685 2184
1684 2184
1683 2185
1682 2185
1681 2185
1680 2185
1679 2185
1678 2186
1677 2186
1676 2186
1675 2186
1674 2186
1673 2186
1672 2186
1671 2186
1670 2186
1669 2187
1668 2186
1667 2185
1667 2184
1666 2183
1666 2182
1666 2181
1666 2180
1666 2179
1665 2178
1665 2177
1665 2176
1665 2175
1665 2174
1665 2173
1665 2172
1665 2171
1665 2170
1665 2169
1665 2168
1665 2167
1665 2166
1665 2165
1664 2164
1664 2163
1664 2162
1663 2161
1662 2160
1661 2159
1660 2158
1660 2157
1659 2156
1659 2155
1659 2154
1658 2153
1658 2152
1658 2151
1657 2150
1657 2151
1657 2152
1657 2153
1657 2154
1657 2155
1657 2156
1657 2157
1657 2158
1657 2159
1657 2160
1657 2161
1657 2162
1657 2163
1657 2164
1657 2165
1657 2166
1657 2167
1656 2168
1656 2169
1655 2170
1655 2171
1654 2172
1654 2173
1654 2174
1653 2175
1653 2176
1652 2177
1652 2178
1652 2179
1651 2180
1651 2181
1651 2182
1650 2183
1650 2184
1650 2185
1650 2186
1650 2187
1650 2188
1649 2189
1648 2190
1647 2191
1646 2191
1646 2192
1645 2193
1645 2194
1644 2195
1643 2196
1642 2197
1641 2198
1640 2198
1639 2199
1638 2199
1637 2200
1636 2201
1635 2201
1634 2201
1633 2201
1632 2202
1631 2202
1630 2202
1629 2202
1628 2202
1627 2202
1626 2201
1625 2201
1624 2200
1623 2200
1622 2199
1621 2199
1620 2198
1619 2198
1618 2198
1617 2198
1616 2197
1615 2196
1614 2196
1613 2195
1612 2195
1611 2194
1610 2193
1609 2193
1608 2192
1607 2191
1606 2191
1605 2190
1604 2189
1603 2188
1602 2187
1601 2187
1600 2186
1599 2185
1598 2184
1597 2183
1596 2182
1595 2181
1594 2181
1593 2181
1592 2181
1591 2180
1590 2180
1589 2180
1588 2180
1587 2179
1586 2179
1585 2179
1584 2179
1583 2179
1582 2179
1581 2179
1580 2179
1579 2179
1578 2179
1577 2179
1576 2179
1575 2179
1574 2179
1573 2179
1572 2179
1571 2179
1570 2179
1569 2179
1568 2179
1567 2179
1566 2179
1565 2179
1564 2179
1563 2179
1562 2179
1561 2179
1560 2179
1559 2179
1558 2179
1557 2179
1556 2179
1555 2179
1554 2179
1553 2179
1552 2179
1551 2179
1550 2179
1549 2178
1548 2178
1547 2177
1546 2177
1545 2177
1544 2176
1543 2176
1542 2176
1541 2175
1540 2175
1539 2174
1538 2174
1537 2173
1536 2173
1535 2172
1534 2172
1533 2171
1532 2170
1531 2170
1530 2169
1529 2169
1528 2168
1527 2168
1526 2167
1525 2167
1524 2167
1523 2166
1522 2166
1521 2166
1520 2166
1519 2166
1518 2165
1517 2165
1516 2165
1515 2165
1514 2165
1513 2165
1512 2165
1511 2164
1510 2164
1509 2163
1508 2163
1507 2162
1506 2162
1505 2161
1504 2160
1503 2160
1502 2159
1501 2158
1500 2158
1499 2158
1498 2157
1497 2157
1496 2157
1495 2157
1494 2157
1493 2156
1492 2156
1491 2156
1490 2156
1489 2156
1488 2156
1487 2156
1486 2156
1485 2156
1484 2156
1483 2156
1482 2156
1481 2156
1480 2156
1479 2156
1478 2155
1477 2155
1476 2155
1475 2155
1474 2155
1473 2155
1472 2155
1471 2155
1470 2155
1469 2155
1468 2155
1467 2155
1466 2155
1465 2155
1464 2155
1463 2155
1462 2155
1461 2155
1460 2155
1459 2155
1458 2155
1457 2155
1456 2155
1455 2155
1454 2155
1453 2155
1452 2155
1451 2155
1450 2155
1449 2155
1448 2155
1447 2155
1446 2155
1445 2155
1444 2155
1443 2155
1442 2156
1441 2156
1440 2157
1439 2158
1438 2159
1437 2159
1436 2160
1435 2160
1434 2161
1433 2162
1432 2163
1431 2164
1430 2165
1429 2166
1428 2166
1427 2167
1426 2167
1425 2167
1424 2167
1423 2168
1422 2168
1421 2168
1420 2168
1419 2168
1418 2169
1417 2169
1416 2169
1415 2169
1414 2169
1413 2169
1412 2169
1411 2170
1410 2170
1409 2170
1408 2170
1407 2170
1406 2170
1405 2170
1404 2170
1403 2170
1402 2170
1401 2170
1400 2170
1399 2170
1398 2170
1397 2171
1396 2171
1395 2171
1394 2171
1393 2171
1392 2171
1391 2171
1390 2171
1389 2171
1388 2171
1387 2171
1386 2171
1385 2171
1384 2171
1383 2171
1382 2171
1381 2171
1380 2171
1379 2171
1378 2171
1377 2171
1376 2171
1375 2171
1374 2171
1373 2171
1372 2171
1371 2171
1370 2171
1369 2171
1368 2171
1367 2171
1366 2171
1365 2171
1364 2171
1363 2171
1362 2171
1361 2171
1360 2171
1359 2171
1358 2171
1357 2171
1356 2171
1355 2171
1354 2171
1353 2171
1352 2171
1351 2171
1350 2171
1349 2171
1348 2171
1347 2171
1346 2171
1345 2171
1344 2171
1343 2171
1342 2171
1341 2171
1340 2171
1339 2171
1338 2171
1337 2171
1336 2171
1335 2171
1334 2171
1333 2171
1332 2171
1331 2171
1330 2171
1329 2171
1328 2171
1327 2171
1326 2171
1325 2171
1324 2171
1323 2171
1322 2171
1321 2171
1320 2171
1319 2171
1318 2171
1317 2171
1316 2171
1315 2171
1314 2171
1313 2171
1312 2171
1311 2171
1310 2171
1309 2171
1308 2171
1307 2171
1306 2171
1305 2171
1304 2171
1303 2171
1302 2171
1301 2171
1300 2171
1299 2171
1298 2171
1297 2171
1296 2171
1295 2171
1294 2171
1293 2171
1292 2171
1291 2171
1290 2171
1289 2171
1288 2171
1287 2171
1286 2171
1285 2171
1284 2171
1283 2171
1282 2171
1281 2171
1280 2171
1279 2171
1278 2171
1277 2171
1276 2171
1275 2171
1274 2171
1273 2171
1272 2171
1271 2171
1270 2171
1269 2171
1268 2171
1267 2171
1266 2171
1265 2171
1264 2171
1263 2171
1262 2171
1261 2171
1260 2171
1259 2171
1258 2171
1257 2171
1256 2171
1255 2171
1254 2171
1253 2171
1252 2171
1251 2171
1250 2171
1249 2171
1248 2171
1247 2171
1246 2171
1245 2171
1244 2171
1243 2171
1242 2171
1241 2171
1240 2171
1239 2171
1238 2171
1237 2171
1236 2171
1235 2171
1234 2171
1233 2171
1232 2171
1231 2171
1230 2171
1229 2171
1228 2171
1227 2171
1226 2171
1225 2171
1224 2171
1223 2171
1222 2171
1221 2171
1220 2171
1219 2171
1218 2171
1217 2171
1216 2171
1215 2171
1214 2171
1213 2171
1212 2171
1211 2171
1210 2172
1209 2172
1208 2172
1207 2172
1206 2173
1205 2173
1204 2173
1203 2174
1202 2174
1201 2174
1200 2175
1199 2175
1198 2175
1197 2175
1196 2176
1195 2176
1194 2176
1193 2176
1192 2176
1191 2176
1190 2177
1189 2177
1188 2177
1187 2177
1186 2177
1185 2177
1184 2177
1183 2178
1182 2178
1181 2178
1180 2178
1179 2178
1178 2178
1177 2178
1176 2178
1175 2178
1174 2178
1173 2178
1172 2178
1171 2178
1170 2178
1169 2178
1168 2178
1167 2178
1166 2178
1165 2178
1164 2179
1163 2179
1162 2179
1161 2179
1160 2179
1159 2179
1158 2179
1157 2179
1156 2179
1155 2179
1154 2179
1153 2179
1152 2179
1151 2179
1150 2179
1149 2179
1148 2179
1147 2179
1146 2179
1145 2179
1144 2179
1143 2179
1142 2179
1141 2179
1140 2179
1139 2179
1138 2179
1137 2179
1136 2179
1135 2179
1134 2179
1133 2179
1132 2179
1131 2179
1130 2179
1129 2179
1128 2179
1127 2179
1126 2180
1125 2180
1124 2181
1123 2181
1122 2182
1121 2182
1120 2182
1119 2183
1118 2183
1117 2183
1116 2184
1115 2184
1114 2184
1113 2184
1112 2185
1111 2185
1110 2185
1109 2185
1108 2185
1107 2185
1106 2185
1105 2186
1104 2186
1103 2186
1102 2186
1101 2187
1100 2187
1099 2187
1098 2188
1097 2188
1096 2188
1095 2189
1094 2189
1093 2189
1092 2190
1091 2190
1090 2190
1089 2191
1088 2191
1087 2191
1086 2191
1085 2191
1084 2192
1083 2192
1082 2192
1081 2192
1080 2192
1079 2192
1078 2193
1077 2193
1076 2193
1075 2193
1074 2193
1073 2193
1072 2193
1071 2193
1070 2194
1069 2194
1068 2194
1067 2194
1066 2194
1065 2194
1064 2195
1063 2195
1062 2195
1061 2196
1060 2196
1059 2197
1058 2197
1057 2198
1056 2198
1055 2198
1054 2199
1053 2199
1052 2199
1051 2200
1050 2200
1049 2201
1048 2201
1047 2202
1046 2203
1045 2204
1044 2204
1043 2205
1042 2205
1041 2206
1040 2206
1039 2207
1038 2207
1037 2207
1036 2207
1035 2208
1034 2208
1033 2208
1032 2208
1031 2208
1030 2209
1029 2209
1028 2209
1027 2209
1026 2209
1025 2209
1024 2210
1023 2210
1022 2210
1021 2211
1021 2212
1020 2213
1019 2214
1018 2214
1017 2215
1016 2215
1015 2216
1014 2216
1013 2217
1012 2217
1012 2218
1011 2219
1011 2220
1011 2221
1010 2222
1011 2222
1012 2223
1013 2223
1014 2224
1015 2225
1016 2225
1017 2226
1018 2227
1019 2228
1020 2229
1021 2229
1022 2229
1023 2230
1024 2230
1025 2231
1026 2231
1027 2231
1028 2231
1029 2232
1030 2232
1031 2232
1032 2232
1033 2232
1034 2232
1035 2233
1036 2233
1037 2233
1038 2233
1039 2233
1040 2233
1041 2233
1042 2233
1043 2233
1044 2233
1045 2233
1046 2233
1047 2233
1048 2233
1049 2233
1050 2234
1051 2234
1052 2234
1053 2234
1054 2234
1055 2234
1056 2234
1057 2234
1058 2234
1059 2234
1060 2234
1061 2234
1062 2234
1063 2234
1064 2234
1065 2234
1066 2234
1067 2234
1068 2234
1069 2234
1070 2234
1071 2234
1072 2234
1073 2234
1074 2234
1075 2234
1076 2234
1077 2234
1078 2234
1079 2234
1080 2234
1081 2234
1082 2234
1083 2234
1084 2234
1085 2234
1086 2234
1087 2234
1088 2234
1089 2234
1090 2234
1091 2234
1092 2234
1093 2234
1094 2234
1095 2234
1096 2234
1097 2234
1098 2234
1099 2234
1100 2234
1101 2234
1102 2234
1103 2234
1104 2234
1105 2234
1106 2234
1107 2234
1108 2234
1109 2234
1110 2234
1111 2234
1112 2234
1113 2234
1114 2234
1115 2234
1116 2234
1117 2234
1118 2234
1119 2234
1120 2234
1121 2234
1122 2234
1123 2234
1124 2234
1125 2234
1126 2234
1127 2234
1128 2234
1129 2234
1130 2234
1131 2234
1132 2234
1133 2234
1134 2234
1135 2234
1136 2234
1137 2234
1138 2234
1139 2234
1140 2234
1141 2234
1142 2234
1143 2234
1144 2234
1145 2234
1146 2234
1147 2234
1148 2234
1149 2234
1150 2234
1151 2234
1152 2233
1153 2233
1154 2233
1155 2233
1156 2233
1157 2232
1158 2232
1159 2232
1160 2231
1161 2231
1162 2231
1163 2231
1164 2230
1165 2230
1166 2230
1167 2229
1168 2229
1169 2229
1170 2229
1171 2228
1172 2228
1173 2228
1174 2228
1175 2228
1176 2228
1177 2228
1178 2228
1179 2227
1180 2227
1181 2227
1182 2227
1183 2227
1184 2227
1185 2227
1186 2227
1187 2227
1188 2227
1189 2227
1190 2227
1191 2227
1192 2227
1193 2227
1194 2227
1195 2227
1196 2227
1197 2227
1198 2227
1199 2227
1200 2227
1201 2227
1202 2227
1203 2226
1204 2226
1205 2226
1206 2226
1207 2226
1208 2226
1209 2226
1210 2226
1211 2226
1212 2226
1213 2226
1214 2226
1215 2226
1216 2226
1217 2226
1218 2226
1219 2226
1220 2226
1221 2226
1222 2226
1223 2226
1224 2226
1225 2226
1226 2226
1227 2226
1228 2226
1229 2226
1230 2226
1231 2226
1232 2226
1233 2226
1234 2226
1235 2226
1236 2226
1237 2226
1238 2226
1239 2226
1240 2226
1241 2226
1242 2226
1243 2226
1244 2226
1245 2226
1246 2226
1247 2226
1248 2226
1249 2226
1250 2226
1251 2226
1252 2226
1253 2226
1254 2226
1255 2226
1256 2226
1257 2226
1258 2226
1259 2226
1260 2226
1261 2226
1262 2226
1263 2226
1264 2226
1265 2226
1266 2226
1267 2226
1268 2226
1269 2226
1270 2226
1271 2226
1272 2226
1273 2226
1274 2226
1275 2226
1276 2226
1277 2226
1278 2226
1279 2226
1280 2226
1281 2226
1282 2226
1283 2226
1284 2226
1285 2226
1286 2226
1287 2226
1288 2226
1289 2226
1290 2226
1291 2226
1292 2226
1293 2226
1294 2226
1295 2226
1296 2226
1297 2226
1298 2226
1299 2226
1300 2226
1301 2226
1302 2226
1303 2226
1304 2226
1305 2226
1306 2226
1307 2226
1308 2226
1309 2226
1310 2226
1311 2226
1312 2226
1313 2226
1314 2226
1315 2226
1316 2226
1317 2226
1318 2226
1319 2226
1320 2226
1321 2226
1322 2226
1323 2226
1324 2226
1325 2226
1326 2226
1327 2226
1328 2226
1329 2226
1330 2226
1331 2226
1332 2226
1333 2226
1334 2226
1335 2226
1336 2227
1337 2227
1338 2227
1339 2227
1340 2228
1341 2228
1342 2228
1343 2229
1344 2229
1345 2230
1346 2230
1347 2230
1348 2231
1349 2231
1350 2232
1351 2232
1352 2233
1353 2233
1354 2234
1355 2234
1356 2235
1357 2236
1358 2236
1359 2236
1360 2237
1361 2237
1362 2238
1363 2238
1364 2238
1365 2239
1366 2239
1367 2239
1368 2239
1369 2239
1370 2240
1371 2240
1372 2240
1373 2240
1374 2240
1375 2241
1376 2241
1377 2241
1378 2241
1379 2241
1380 2241
1381 2241
1382 2241
1383 2241
1384 2241
1385 2242
1386 2242
1387 2242
1388 2242
1389 2242
1390 2242
1391 2242
1392 2243
1393 2243
1394 2243
1395 2244
1396 2244
1397 2244
1398 2245
1399 2245
1400 2245
1401 2246
1402 2246
1403 2246
1404 2247
1405 2247
1406 2247
1407 2247
1408 2247
1409 2248
1410 2248
1411 2248
1412 2248
1413 2248
1414 2249
1415 2249
1416 2250
1417 2250
1418 2250
1419 2251
1420 2251
1421 2251
1422 2252
1423 2252
1424 2252
1425 2253
1426 2253
1427 2253
1428 2254
1429 2254
1430 2254
1431 2254
1432 2255
1433 2255
1434 2255
1435 2255
1436 2256
1437 2256
1438 2256
1439 2256
1440 2256
1441 2256
1442 2256
1443 2257
1444 2257
1445 2257
1446 2257
1447 2257
1448 2257
1449 2257
1450 2257
1451 2257
1452 2257
1453 2257
1454 2258
1455 2258
1456 2258
1457 2258
1458 2258
1459 2259
1460 2259
1461 2259
1462 2260
1463 2260
1464 2260
1465 2261
1466 2261
1467 2261
1468 2262
1469 2262
1470 2263
1471 2263
1472 2264
1473 2264
1474 2265
1475 2265
1476 2266
1477 2267
1478 2267
1479 2268
1480 2268
1481 2269
1482 2269
1483 2270
1484 2270
1485 2270
1486 2271
1487 2271
1488 2271
1489 2272
1490 2272
1491 2272
1492 2272
1493 2272
1494 2273
1495 2273
1496 2273
1497 2273
1498 2273
1499 2273
1500 2273
1501 2274
1502 2274
1503 2274
1504 2275
1505 2275
1506 2275
1507 2276
1508 2276
1509 2276
1510 2277
1511 2277
1512 2277
1513 2278
1514 2278
1515 2278
1516 2279
1517 2279
1518 2279
1519 2279
1520 2280
1521 2280
1522 2280
1523 2280
1524 2280
1525 2280
1526 2281
1527 2281
1528 2281
1529 2281
1530 2281
1531 2281
1532 2281
1533 2281
1534 2281
1535 2281
1536 2281
1537 2282
1538 2282
1539 2282
1540 2282
1541 2283
1542 2283
1543 2283
1544 2284
1545 2284
1546 2284
1547 2285
1548 2285
1549 2286
1550 2286
1551 2286
1552 2287
1553 2287
1554 2287
1555 2288
1556 2288
1557 2289
1558 2289
1559 2290
1560 2291
1561 2292
1562 2292
1563 2293
1564 2294
1565 2294
1566 2295
1567 2295
1568 2295
1569 2295
1570 2295
1571 2296
1572 2296
1573 2296
1574 2296
1575 2296
1576 2296
1577 2297
1578 2297
1579 2297
1580 2298
1581 2298
1582 2298
1583 2299
1584 2299
1585 2299
1586 2300
1587 2300
1588 2301
1589 2301
1590 2301
1591 2302
1592 2302
1593 2302
1594 2303
1595 2303
1596 2303
1597 2303
1598 2303
1599 2304
1600 2304
1601 2304
1602 2304
1603 2304
1604 2304
1605 2305
1606 2305
1607 2305
1608 2305
1609 2305
1610 2305
1611 2305
1612 2305
1613 2305
1614 2305
1615 2305
1616 2306
1617 2306
1618 2307
1619 2307
1620 2307
1621 2308
1622 2309
1623 2309
1624 2310
1625 2310
1626 2310
1627 2311
1628 2311
1629 2311
1630 2311
1631 2312
1632 2312
1633 2312
1634 2312
1635 2312
1636 2313
1637 2313
1638 2313
1639 2313
1640 2313
1641 2313
1642 2313
1643 2313
1644 2313
1645 2314
1646 2314
1647 2314
1648 2315
1649 2315
1650 2315
1651 2316
1652 2316
1653 2317
1654 2317
1655 2318
1656 2318
1657 2318
1658 2319
1659 2319
1660 2319
1661 2319
1662 2320
1663 2320
1664 2320
1665 2321
1666 2321
1667 2322
1668 2322
1669 2323
1670 2324
1671 2324
1672 2325
1673 2325
1674 2326
1675 2326
1676 2326
1677 2327
1678 2327
1679 2327
1680 2327
1681 2328
1682 2328
1683 2328
1684 2328
1685 2328
1686 2328
1687 2329
1688 2329
1689 2329
1690 2329
1691 2329
1692 2329
1693 2329
1694 2329
1695 2329
1696 2329
1697 2330
1698 2331
1699 2331
1700 2332
1701 2333
1702 2333
1703 2333
1704 2334
1705 2334
1706 2335
1707 2335
1708 2335
1709 2335
1710 2336
1711 2336
1712 2336
1713 2336
1714 2336
1715 2336
1716 2337
1717 2337
1718 2338
1719 2338
1720 2339
1721 2339
1722 2340
1723 2340
1724 2341
1725 2341
1726 2342
1727 2342
1728 2342
1729 2342
1730 2342
1731 2343
1732 2343
1733 2343
1734 2343
1735 2343
1736 2344
1737 2344
1738 2344
1739 2345
1740 2345
1741 2345
1742 2346
1743 2346
1744 2346
1745 2347
1746 2347
1747 2348
1748 2348
1749 2349
1750 2349
1751 2349
1752 2350
1753 2350
1754 2350
1755 2351
1756 2351
1757 2351
1758 2352
1759 2352
1760 2353
1761 2354
1762 2355
1763 2356
1764 2357
1765 2358
1766 2359
1767 2360
1768 2361
1769 2362
1770 2363
1771 2364
1772 2365
1773 2366
1774 2367
1775 2368
1776 2368
1777 2369
1778 2370
1779 2370
1780 2371
1781 2371
1782 2372
1783 2372
1784 2373
1785 2374
1786 2374
1787 2375
1788 2376
1789 2377
1790 2377
1791 2378
1792 2379
1793 2380
1794 2381
1795 2381
1796 2381
1797 2382
1798 2382
1799 2383
1800 2383
1801 2383
1802 2383
1803 2383
1804 2384
1805 2384
1806 2384
1807 2384
1808 2384
1809 2384
1810 2385
1811 2385
1812 2385
1813 2385
1814 2386
1815 2386
1816 2387
1817 2388
1818 2389
1819 2390
1820 2390
1821 2391
1822 2392
1823 2393
1824 2394
1825 2395
1826 2396
1827 2397
1828 2398
1829 2398
1830 2399
1831 2399
1832 2399
1833 2400
1834 2400
1835 2400
1836 2400
1837 2400
1838 2400
1839 2400
1840 2400
1841 2400
1842 2401
1843 2401
1844 2401
1845 2401
1846 2402
1847 2402
1848 2402
1849 2403
1850 2403
1851 2404
1852 2404
1853 2405
1854 2405
1855 2405
1856 2406
1857 2406
1858 2406
1859 2407
1860 2407
1861 2407
1862 2407
1863 2408
1864 2408
1865 2408
1866 2409
1867 2409
1868 2410
1869 2411
1870 2411
1871 2412
1872 2412
1873 2413
1874 2413
1875 2414
1876 2414
1877 2414
1878 2415
1879 2415
1880 2415
1881 2415
1882 2415
1883 2416
1884 2416
1885 2417
1886 2417
1887 2417
1888 2418
1889 2418
1890 2419
1891 2419
1892 2420
1893 2420
1894 2421
1895 2421
1896 2422
1897 2422
1898 2422
1899 2422
1900 2423
1901 2423
1902 2424
1903 2424
1904 2425
1905 2426
1906 2426
1907 2427
1908 2427
1909 2428
1910 2428
1911 2428
1912 2429
1913 2429
1914 2429
1915 2430
1916 2430
1917 2430
1918 2430
1919 2431
1920 2431
1921 2431
1922 2431
1923 2431
1924 2431
1925 2432
1926 2432
1927 2432
1928 2432
1929 2432
1930 2432
1931 2432
1932 2432
1933 2433
1934 2433
1935 2433
1936 2433
1937 2433
1938 2433
1939 2433
1940 2433
1941 2433
1942 2434
1943 2434
1944 2434
1945 2435
1946 2435
1947 2436
1948 2436
1949 2436
1950 2437
1951 2437
1952 2437
1953 2438
1954 2438
1955 2438
1956 2438
1957 2439
1958 2439
1959 2439
1960 2439
1961 2439
1962 2440
1963 2440
1964 2440
1965 2440
1966 2440
1967 2440
1968 2440
1969 2440
1970 2440
1971 2440
1972 2441
1973 2441
1974 2441
1975 2441
1976 2441
1977 2441
1978 2441
1979 2441
1980 2441
1981 2441
1982 2441
1983 2441
1984 2441
1985 2442
1986 2442
1987 2442
1988 2443
1989 2443
1990 2443
1991 2443
1992 2444
1993 2444
1994 2444
1995 2445
1996 2445
1997 2445
1998 2446
1999 2446
2000 2446
2001 2446
2002 2446
2003 2447
2004 2447
2005 2447
2006 2447
2007 2447
2008 2447
2009 2448
2010 2448
2011 2448
2012 2448
2013 2449
2014 2449
2015 2450
2016 2450
2017 2450
2018 2451
2019 2451
2020 2452
2021 2452
2022 2453
2023 2453
2024 2454
2025 2454
2026 2454
2027 2455
2028 2455
2029 2455
2030 2455
2031 2456
2032 2456
2033 2456
2034 2456
2035 2456
2036 2457
2037 2457
2038 2457
2039 2457
2040 2457
2041 2457
2042 2457
2043 2457
2044 2457
2045 2457
2046 2457
2047 2457
2048 2457
2049 2457
2050 2457
2051 2457
2052 2457
2053 2457
2054 2458
2055 2458
2056 2458
2057 2458
2058 2458
2059 2458
2060 2458
2061 2459
2062 2459
2063 2459
2064 2460
2065 2460
2066 2461
2067 2461
2068 2461
2069 2462
2070 2462
2071 2462
2072 2462
2073 2463
2074 2463
2075 2463
2076 2463
2077 2463
2078 2464
2079 2464
2080 2464
2081 2464
2082 2464
2083 2464
2084 2464
2085 2464
2086 2465
2087 2465
2088 2465
2089 2465
2090 2465
2091 2465
2092 2465
2093 2465
2094 2465
2095 2465
2096 2465
2097 2465
2098 2465
2099 2465
2100 2465
2101 2465
2102 2465
2103 2466
2104 2466
2105 2466
2106 2467
2107 2467
2108 2467
2109 2468
2110 2468
2111 2468
2112 2469
2113 2469
2114 2469
2115 2470
2116 2470
2117 2470
2118 2471
2119 2471
2120 2471
2121 2471
2122 2471
2123 2471
2124 2472
2125 2472
2126 2473
2127 2473
2128 2474
2129 2474
2130 2474
2131 2475
2132 2475
2133 2476
2134 2476
2135 2476
2136 2477
2137 2477
2138 2477
2139 2478
2140 2478
2141 2478
2142 2479
2143 2479
2144 2479
2145 2479
2146 2479
2147 2480
2148 2480
2149 2480
2150 2480
2151 2480
2152 2480
2153 2481
2154 2481
2155 2481
2156 2481
2157 2481
2158 2481
2159 2481
2160 2481
2161 2481
2162 2481
2163 2481
2164 2481
2165 2481
2166 2481
2167 2481
2168 2481
2169 2481
2170 2481
2171 2482
2172 2482
2173 2482
2174 2482
2175 2482
2176 2482
2177 2482
2178 2482
2179 2482
2180 2482
2181 2482
2182 2482
2183 2482
2184 2483
2185 2483
2186 2483
2187 2484
2188 2484
2189 2484
2190 2485
2191 2485
2192 2485
2193 2486
2194 2486
2195 2486
2196 2486
2197 2487
2198 2487
2199 2487
2200 2487
2201 2488
2202 2488
2203 2488
2204 2488
2205 2488
2206 2488
2207 2488
2208 2489
2209 2489
2210 2490
2211 2490
2212 2491
2213 2491
2214 2492
2215 2492
2216 2493
2217 2494
2218 2494
2219 2494
2220 2495
2221 2495
2222 2495
2223 2495
2224 2496
2225 2496
2226 2496
2227 2496
2228 2496
2229 2496
2230 2497
2231 2497
2232 2497
2233 2498
2234 2498
2235 2499
2236 2499
2237 2500
2238 2500
2239 2501
2240 2501
2241 2501
2242 2502
2243 2502
2244 2502
2245 2503
2246 2503
2247 2503
2248 2503
2249 2503
2250 2504
2251 2504
2252 2504
2253 2504
2254 2504
2255 2504
2256 2504
2257 2504
2258 2505
2259 2505
2260 2505
2261 2505
2262 2505
2263 2505
2264 2505
2265 2505
2266 2505
2267 2505
2268 2505
2269 2505
2270 2505
2271 2505
2272 2505
2273 2505
2274 2505
2275 2505
2276 2505
2277 2505
2278 2505
2279 2505
2280 2506
2281 2506
2282 2506
2283 2506
2284 2506
2285 2507
2286 2507
2287 2507
2288 2507
2289 2508
2290 2508
2291 2508
2292 2508
2293 2509
2294 2509
2295 2509
2296 2509
2297 2510
2298 2510
2299 2510
2300 2510
2301 2511
2302 2511
2303 2511
2304 2511
2305 2511
2306 2511
2307 2512
2308 2512
2309 2512
2310 2512
2311 2512
2312 2512
2313 2512
2314 2513
2315 2513
2316 2513
2317 2513
2318 2513
2319 2514
2320 2515
2321 2516
2322 2517
2323 2517
2324 2518
2325 2519
2326 2519
2327 2520
2328 2521
2329 2521
2330 2522
2331 2523
2332 2523
2333 2524
2334 2524
2335 2525
2336 2525
2337 2526
2338 2526
2339 2526
2340 2526
2341 2527
2342 2527
2343 2527
2344 2528
2345 2528
2346 2528
2347 2529
2348 2529
2349 2530
2350 2530
2351 2530
2352 2531
2353 2531
2354 2532
2355 2532
2356 2532
2357 2533
2358 2533
2359 2533
2360 2533
2361 2534
2362 2534
2363 2534
2364 2534
2365 2535
2366 2535
2367 2535
2368 2535
2369 2535
2370 2535
2371 2536
2372 2536
2373 2536
2374 2536
2375 2536
2376 2536
2377 2536
2378 2536
2379 2536
2380 2537
2381 2537
2382 2537
2383 2537
2384 2537
2385 2537
2386 2537
2387 2537
2388 2537
2389 2537
2390 2537
2391 2537
2392 2537
2393 2537
2394 2537
2395 2537
2396 2537
2397 2537
2398 2537
2399 2537
2400 2537
2401 2537
2402 2537
2403 2537
2404 2537
2405 2537
2406 2538
2407 2538
2408 2538
2409 2539
2410 2539
2411 2539
2412 2540
2413 2540
2414 2541
2415 2541
2416 2541
2417 2542
2418 2542
2419 2542
2420 2542
2421 2543
2422 2543
2423 2543
2424 2543
2425 2543
2426 2544
2427 2544
2428 2544
2429 2544
2430 2545
2431 2545
2432 2546
2433 2547
2434 2548
2435 2548
2436 2549
2437 2549
2438 2550
2439 2550
2440 2550
2441 2551
2442 2551
2443 2551
2444 2552
2445 2552
2446 2552
2447 2552
2448 2552
2449 2552
2450 2552
2451 2552
2452 2552
2453 2553
2454 2553
2455 2553
2456 2553
2457 2553
2458 2553
2459 2553
2460 2553
2461 2553
2462 2554
2463 2554
2464 2554
2465 2554
2466 2555
2467 2555
2468 2555
2469 2555
2470 2556
2471 2556
2472 2556
2473 2557
2474 2557
2475 2557
2476 2557
2477 2558
2478 2558
2479 2558
2480 2558
2481 2559
2482 2559
2483 2559
2484 2559
2485 2559
2486 2559
2487 2560
2488 2560
2489 2560
2490 2560
2491 2560
2492 2560
2493 2560
2494 2560
2495 2561
2496 2561
2497 2561
2498 2561
2499 2561
2500 2562
2501 2562
2502 2563
2503 2563
2504 2564
2505 2564
2506 2565
2507 2565
2508 2566
2509 2566
2510 2566
2511 2567
2512 2567
2513 2567
2514 2567
2515 2567
2516 2568
2517 2568
2518 2568
2519 2568
2520 2568
2521 2568
2522 2568
2523 2568
2524 2568
2525 2568
2526 2568
2527 2569
2528 2569
2529 2569
2530 2569
2531 2569
2532 2569
2533 2569
2534 2569
2535 2569
2536 2569
2537 2569
2538 2569
2539 2569
2540 2569
2541 2569
2542 2569
2543 2569
2544 2569
2545 2569
2546 2569
2547 2569
2548 2569
2549 2569
2550 2569
2551 2569
2552 2569
2553 2569
2554 2569
2555 2570
2556 2570
2557 2570
2558 2570
2559 2570
2560 2570
2561 2570
2562 2570
2563 2570
2564 2570
2565 2570
2566 2570
2567 2570
2568 2570
2569 2570
2570 2570
2571 2570
2572 2570
2573 2570
2574 2570
2575 2570
2576 2570
2577 2570
2578 2570
2579 2570
2580 2570
2581 2570
2582 2570
2583 2570
2584 2570
2585 2570
2586 2570
2587 2570
2588 2570
2589 2570
2590 2570
2591 2570
2592 2570
2593 2570
2594 2570
2595 2570
2596 2570
2597 2570
2598 2570
2599 2570
2600 2570
2601 2570
2602 2570
2603 2570
2604 2570
2605 2570
2606 2570
2607 2570
2608 2570
2609 2570
2610 2570
2611 2570
2612 2570
2613 2571
2614 2571
2615 2571
2616 2571
2617 2572
2618 2572
2619 2572
2620 2572
2621 2573
2622 2573
2623 2573
2624 2574
2625 2574
2626 2574
2627 2574
2628 2574
2629 2574
2630 2575
2631 2575
2632 2575
2633 2575
2634 2575
2635 2576
2636 2576
2637 2577
2638 2577
2639 2577
2640 2578
2641 2578
2642 2578
2643 2579
2644 2579
2645 2580
2646 2580
2647 2580
2648 2580
2649 2581
2650 2581
2651 2581
2652 2581
2653 2582
2654 2582
2655 2582
2656 2582
2657 2583
2658 2583
2659 2583
2660 2583
2661 2583
2662 2583
2663 2584
2664 2584
2665 2584
2666 2584
2667 2584
2668 2584
2669 2584
2670 2584
2671 2585
2672 2585
2673 2585
2674 2585
2675 2585
2676 2585
2677 2585
2678 2585
2679 2585
2680 2585
2681 2585
2682 2585
2683 2585
2684 2585
2685 2585
2686 2585
2687 2585
2688 2585
2689 2585
2690 2585
2691 2585
2692 2585
2693 2585
2694 2585
2695 2585
2696 2586
2697 2586
2698 2586
2699 2586
2700 2586
2701 2586
2702 2586
2703 2586
2704 2586
2705 2586
2706 2586
2707 2586
2708 2586
2709 2586
2710 2586
2711 2586
2712 2586
2713 2586
2714 2586
2715 2586
2716 2586
2717 2586
2718 2586
2719 2586
2720 2586
2721 2586
2722 2586
2723 2586
2724 2586
2725 2586
2726 2586
2727 2586
2728 2586
2729 2586
2730 2586
2731 2586
2732 2586
2733 2586
2734 2586
2735 2586
2736 2586
2737 2586
2738 2586
2739 2586
2740 2586
2741 2586
2742 2586
2743 2586
2744 2586
2745 2586
2746 2586
2747 2586
2748 2586
2749 2586
2750 2586
2751 2586
2752 2586
2753 2586
2754 2586
2755 2586
2756 2586
2757 2586
2758 2586
2759 2586
2760 2586
2761 2586
2762 2586
2763 2586
2764 2586
2765 2586
2766 2586
2767 2586
2768 2586
2769 2586
2770 2586
2771 2586
2772 2586
2773 2586
2774 2586
2775 2586
2776 2586
2777 2586
2778 2586
2779 2586
2780 2586
2781 2586
2782 2586
2783 2586
2784 2586
2785 2586
2786 2586
2787 2586
2788 2586
2789 2586
2790 2586
2791 2586
2792 2586
2793 2586
2794 2586
2795 2586
2796 2586
2797 2586
2798 2586
2799 2586
2800 2586
2801 2586
2802 2586
2803 2586
2804 2586
2805 2586
2806 2586
2807 2586
2808 2586
2809 2586
2810 2587
2811 2587
2812 2587
2813 2588
2814 2588
2815 2588
2816 2589
2817 2589
2818 2589
2819 2589
2820 2590
2821 2590
2822 2590
2823 2590
2824 2591
2825 2591
2826 2591
2827 2591
2828 2591
2829 2591
2830 2591
2831 2592
2832 2592
2833 2592
2834 2592
2835 2592
2836 2592
2837 2592
2838 2592
2839 2592
2840 2593
2841 2593
2842 2593
2843 2593
2844 2593
2845 2593
2846 2593
2847 2593
2848 2593
2849 2593
2850 2593
2851 2593
2852 2593
2853 2593
2854 2593
2855 2593
2856 2593
2857 2593
2858 2593
2859 2593
2860 2593
2861 2593
2862 2593
2863 2593
2864 2593
2865 2593
2866 2593
2867 2593
2868 2593
2869 2594
2870 2594
2871 2594
2872 2594
2873 2594
2874 2594
2875 2594
2876 2594
2877 2594
2878 2594
2879 2594
2880 2594
2881 2594
2882 2594
2883 2594
2884 2594
2885 2594
2886 2594
2887 2594
2888 2594
2889 2594
2890 2594
2891 2594
2892 2594
2893 2594
2894 2594
2895 2594
2896 2594
2897 2594
2898 2594
2899 2594
2900 2594
2901 2594
2902 2594
2903 2594
2904 2594
2905 2594
2906 2594
2907 2594
2908 2594
2909 2594
2910 2594
2911 2594
2912 2594
2913 2594
2914 2594
2915 2594
2916 2594
2917 2594
2918 2594
2919 2594
2920 2594
2921 2594
2922 2594
2923 2594
2924 2594
2925 2594
2926 2594
2927 2594
2928 2594
2929 2594
2930 2594
2931 2594
2932 2594
2933 2594
2934 2594
2935 2594
2936 2594
2937 2594
2938 2594
2939 2594
2940 2594
2941 2594
2942 2594
2943 2594
2944 2594
2945 2594
2946 2594
2947 2594
2948 2594
2949 2594
2950 2594
2951 2594
2952 2594
2953 2594
2954 2594
2955 2594
2956 2594
2957 2594
2958 2594
2959 2594
2960 2594
2961 2594
2962 2594
2963 2594
2964 2594
2965 2594
2966 2594
2967 2594
2968 2594
2969 2594
2970 2594
2971 2594
2972 2594
2973 2594
2974 2594
2975 2594
2976 2594
2977 2594
2978 2594
2979 2594
2980 2594
2981 2594
2982 2594
2983 2594
2984 2594
2985 2594
2986 2594
2987 2594
2988 2594
2989 2594
2990 2594
2991 2594
2992 2594
2993 2594
2994 2594
2995 2594
2996 2594
2997 2594
2998 2594
2999 2594
3000 2594
3001 2594
3002 2594
3003 2594
3004 2594
3005 2594
3006 2594
3007 2594
3008 2594
3009 2594
3010 2594
3011 2594
3012 2594
3013 2594
3014 2594
3015 2594
3016 2594
3017 2594
3018 2594
3019 2594
3020 2594
3021 2594
3022 2594
3023 2594
3024 2594
3025 2594
3026 2594
3027 2594
3028 2594
3029 2594
3030 2594
3031 2594
3032 2594
3033 2594
3034 2594
3035 2594
3036 2594
3037 2594
3038 2594
3039 2594
3040 2594
3041 2594
3042 2594
3043 2594
3044 2594
3045 2594
3046 2594
3047 2594
3048 2594
3049 2594
3050 2594
3051 2594
3052 2594
3053 2594
3054 2594
3055 2594
3056 2594
3057 2594
3058 2594
3059 2594
3060 2594
3061 2594
3062 2594
3063 2594
3064 2594
3065 2594
3066 2594
3067 2594
3068 2594
3069 2594
3070 2594
3071 2594
3072 2594
3073 2594
3074 2594
3075 2594
3076 2594
3077 2594
3078 2594
3079 2594
3080 2594
3081 2594
3082 2594
3083 2594
3084 2594
3085 2594
3086 2594
3087 2594
3088 2594
3089 2594
3090 2594
3091 2594
3092 2594
3093 2594
3094 2594
3095 2594
3096 2594
3097 2594
3098 2594
3099 2594
3100 2594
3101 2594
3102 2594
3103 2594
3104 2594
3105 2594
3106 2594
3107 2594
3108 2594
3109 2594
3110 2594
3111 2594
3112 2594
3113 2594
3114 2594
3115 2594
3116 2594
3117 2594
3118 2594
3119 2594
3120 2594
3121 2594
3122 2594
3123 2594
3124 2594
3125 2594
3126 2594
3127 2594
3128 2594
3129 2594
3130 2594
3131 2594
3132 2594
3133 2594
3134 2594
3135 2594
3136 2594
3137 2594
3138 2594
3139 2594
3140 2594
3141 2594
3142 2594
3143 2594
3144 2594
3145 2594
3146 2594
3147 2594
3148 2594
3149 2594
3150 2594
3151 2594
3152 2594
3153 2594
3154 2594
3155 2594
3156 2594
3157 2594
3158 2594
3159 2594
3160 2594
3161 2594
3162 2594
3163 2594
3164 2594
3165 2594
3166 2594
3167 2594
3168 2594
3169 2594
3170 2594
3171 2594
3172 2594
3173 2594
3174 2594
3175 2594
3176 2594
3177 2594
3178 2594
3179 2594
3180 2594
3181 2594
3182 2594
3183 2594
3184 2594
3185 2594
3186 2594
3187 2594
3188 2594
3189 2594
3190 2594
3191 2594
3192 2594
3193 2594
3194 2594
3195 2594
3196 2594
3197 2594
3198 2594
3199 2594
3200 2594
3201 2594
3202 2594
3203 2594
3204 2594
3205 2594
3206 2594
3207 2594
3208 2594
3209 2594
3210 2594
3211 2594
3212 2594
3213 2594
3214 2594
3215 2594
3216 2594
3217 2594
3218 2594
3219 2594
3220 2594
3221 2594
3222 2594
3223 2594
3224 2594
3225 2594
3226 2594
3227 2594
3228 2594
3229 2594
3230 2594
3231 2594
3232 2594
3233 2594
3234 2594
3235 2594
3236 2594
3237 2594
3238 2594
3239 2594
3240 2594
3241 2594
3242 2593
3243 2593
3244 2592
3245 2592
3246 2592
3247 2591
3248 2591
3249 2591
3250 2590
3251 2590
3252 2590
3253 2590
3254 2589
3255 2589
3256 2589
3257 2589
3258 2589
3259 2588
3260 2588
3261 2588
3262 2588
3263 2588
3264 2588
3265 2587
3266 2587
3267 2587
3268 2587
3269 2587
3270 2587
3271 2587
3272 2587
3273 2586
3274 2586
3275 2586
3276 2585
3277 2585
3278 2584
3279 2583
3280 2583
3281 2583
3282 2582
3283 2582
3284 2581
3285 2580
3286 2580
3287 2579
3288 2578
3289 2577
3290 2577
3291 2576
3292 2576
3293 2575
3294 2575
3295 2575
3296 2574
3297 2574
3298 2574
3299 2574
3300 2574
3301 2573
3302 2573
3303 2573
3304 2572
3305 2572
3306 2571
3307 2571
3308 2571
3309 2570
3310 2570
3311 2569
3312 2569
3313 2568
3314 2568
3315 2567
3316 2567
3317 2566
3318 2566
3319 2565
3320 2564
3321 2564
3322 2563
3323 2562
3324 2561
3325 2561
3326 2560
3327 2559
3328 2559
3329 2558
3330 2558
3331 2558
3332 2557
3333 2557
3334 2557
3335 2556
3336 2556
3337 2556
3338 2556
3339 2556
3340 2556
3341 2555
3342 2555
3343 2555
3344 2554
3345 2554
3346 2553
3347 2553
3348 2552
3349 2552
3350 2551
3351 2550
3352 2549
3353 2548
3354 2548
3355 2547
3356 2546
3357 2545
3358 2545
3359 2544
3360 2544
3361 2543
3362 2543
3363 2542
3364 2542
3365 2542
3366 2541
3367 2541
3368 2541
3369 2541
3370 2541
3371 2540
3372 2540
3373 2540
3374 2540
3375 2540
3376 2539
3377 2539
3378 2539
3379 2539
3380 2539
3381 2538
3382 2538
3383 2537
3384 2536
3385 2536
3386 2535
3387 2534
3388 2534
3389 2533
3390 2533
3391 2532
3392 2531
3393 2531
3394 2530
3395 2530
3396 2529
3397 2528
3398 2528
3399 2527
3400 2527
3401 2526
3402 2526
3403 2526
3404 2525
3405 2524
3406 2524
3407 2523
3408 2522
3409 2521
3410 2520
3411 2519
3412 2518
3413 2517
3414 2516
3415 2515
3416 2514
3417 2513
3418 2512
3419 2511
3420 2510
3421 2509
3422 2509
3423 2508
3424 2507
3425 2506
3426 2506
3427 2505
3428 2504
3429 2504
3430 2503
3431 2502
3432 2502
3433 2501
3434 2500
3435 2500
3436 2499
3437 2499
3438 2498
3439 2498
3440 2497
3441 2497
3442 2496
3443 2496
3444 2495
3445 2495
3446 2494
3447 2494
3448 2493
3449 2493
3450 2492
3451 2492
3452 2492
3453 2491
3454 2491
3455 2490
3456 2489
3457 2489
3458 2488
3459 2487
3460 2486
3461 2486
3462 2485
3463 2484
3464 2483
3465 2482
3466 2481
3467 2480
3468 2480
3469 2479
3470 2478
3471 2477
3472 2476
3473 2475
3474 2474
3475 2473
3476 2472
3477 2472
3478 2471
3479 2471
3480 2470
3481 2469
3482 2469
3483 2468
3484 2467
3485 2467
3486 2466
3487 2466
3488 2465
3489 2465
3490 2464
3491 2464
3492 2463
3493 2463
3494 2462
3495 2462
3496 2461
3497 2461
3498 2460
3499 2459
3499 2458
3500 2457
3501 2457
3502 2456
3503 2455
3504 2454
3505 2453
3505 2452
3506 2451
3507 2450
3508 2449
3509 2448
3510 2448
3511 2447
3512 2447
3513 2446
3514 2445
3515 2444
3516 2444
3517 2443
3518 2442
3519 2441
3520 2441
3521 2440
3522 2439
3522 2438
3523 2437
3523 2436
3524 2435
3525 2434
3526 2433
3527 2432
3528 2431
3529 2430
3530 2429
3531 2428
3532 2427
3533 2426
3534 2425
3535 2424
3536 2423
3536 2422
3537 2421
3538 2420
3538 2419
3539 2418
3540 2417
3541 2416
3542 2415
3543 2415
3544 2414
3545 2413
3546 2412
3547 2411
3547 2410
3548 2409
3549 2408
3549 2407
3550 2406
3550 2405
3551 2404
3552 2403
3553 2402
3554 2401
3555 2400
3555 2399
3556 2398
3556 2397
3557 2396
3558 2395
3559 2394
3560 2393
3561 2392
3562 2392
3562 2391
3563 2390
3563 2389
3564 2388
3564 2387
3564 2386
3565 2385
3565 2384
3565 2383
3565 2382
3566 2381
3566 2380
3567 2379
3568 2378
3569 2377
3570 2376
3571 2375
3571 2374
3572 2373
3572 2372
3573 2371
3573 2370
3574 2369
3574 2368
3574 2367
3574 2366
3575 2365
3575 2364
3575 2363
3576 2362
3577 2361
3578 2360
3579 2359
3579 2358
3579 2357
3580 2356
3580 2355
3580 2354
3581 2353
3581 2352
3581 2351
3581 2350
3582 2349
3582 2348
3582 2347
3582 2346
3582 2345
3582 2344
3582 2343
3583 2342
3583 2341
3583 2340
3583 2339
3583 2338
3583 2337
3583 2336
3583 2335
3583 2334
3584 2333
3584 2332
3584 2331
3584 2330
3584 2329
3584 2328
3584 2327
3584 2326
3584 2325
3584 2324
3584 2323
3584 2322
3584 2321
3584 2320
3584 2319
3584 2318
3584 2317
3584 2316
3584 2315
3584 2314
3584 2313
3584 2312
3584 2311
3584 2310
3584 2309
3584 2308
3584 2307
3584 2306
3584 2305
3584 2304
3584 2303
3584 2302
3584 2301
3584 2300
3584 2299
3584 2298
3584 2297
3584 2296
3584 2295
3584 2294
3584 2293
3584 2292
3584 2291
3584 2290
3584 2289
3584 2288
3584 2287
3584 2286
3584 2285
3584 2284
3584 2283
3584 2282
3584 2281
3584 2280
3584 2279
3584 2278
3584 2277
3584 2276
3584 2275
3584 2274
3584 2273
3584 2272
3584 2271
3584 2270
3584 2269
3584 2268
3584 2267
3584 2266
3584 2265
3584 2264
3584 2263
3584 2262
3584 2261
3584 2260
3584 2259
3584 2258
3584 2257
3584 2256
3584 2255
3584 2254
3584 2253
3584 2252
3584 2251
3584 2250
3584 2249
3584 2248
3584 2247
3584 2246
3584 2245
3584 2244
3583 2243
3583 2242
3582 2241
3581 2240
3581 2239
3581 2238
3580 2237
3580 2236
3579 2235
3579 2234
3578 2233
3577 2232
3577 2231
3576 2230
3576 2229
3575 2228
3574 2227
3574 2226
3573 2225
3572 2224
3572 2223
3571 2222
3570 2221
3569 2220
3568 2219
3567 2218
3566 2217
3566 2216
3565 2215
3564 2214
3563 2213
3562 2212
3561 2211
3560 2210
3559 2209
3558 2209
3557 2208
3556 2207
3555 2207
3554 2206
3553 2205
3552 2204
3551 2203
3550 2202
3549 2201
3548 2201
3547 2200
3546 2200
3545 2199
3544 2199
3543 2198
3542 2198
3541 2197
3541 2196
3540 2195
3539 2194
3539 2193
3538 2192
3537 2191
3536 2190
3535 2189
3534 2188
3533 2187
3532 2187
3531 2186
3530 2185
3529 2185
3528 2184
3527 2183
3526 2182
3525 2181
3524 2180
3523 2180
3522 2179
3521 2178
3520 2177
3519 2176
3518 2175
3517 2174
3516 2173
3515 2172
3514 2171
3513 2170
3512 2169
3511 2168
3510 2168
3509 2167
3508 2166
3507 2165
3506 2165
3505 2164
3504 2164
3503 2163
3502 2162
3501 2162
3500 2161
3499 2161
3498 2160
3497 2159
3496 2159
3495 2158
3494 2157
3493 2156
3492 2156
3491 2155
3490 2154
3489 2153
3488 2153
3487 2152
3486 2151
3485 2150
3484 2150
3483 2149
3482 2148
3481 2147
3481 2146
3482 2145
3483 2144
3484 2144
3485 2143
3486 2142
3487 2142
3488 2141
3489 2140
3490 2139
3491 2139
3492 2138
3493 2137
3494 2137
3495 2136
3496 2135
3497 2134
3498 2134
3499 2133
3500 2132
3501 2132
3502 2131
3503 2130
3504 2129
3505 2129
3506 2128
3507 2127
3508 2127
3509 2126
3510 2125
3511 2124
3512 2124
3513 2123
3514 2122
3515 2122
3516 2121
3517 2120
3518 2119
3519 2119
3520 2118
3521 2117
3522 2117
3523 2116
3524 2115
3525 2114
3526 2114
3527 2113
3528 2112
3529 2112
3530 2111
3531 2110
3532 2110
3533 2109
3534 2108
3535 2107
3536 2107
3535 2107
3534 2107
3533 2107
3532 2107
3531 2107
3530 2107
3529 2107
3528 2107
3527 2107
3526 2107
3525 2107
3524 2107
3523 2107
3522 2107
3521 2107
3520 2107
3519 2107
3518 2107
3517 2107
3516 2107
3515 2107
3514 2107
3513 2107
3512 2107
3511 2107
3510 2107
3509 2107
3508 2107
3507 2107
3506 2107
3505 2107
3504 2107
3503 2107
3502 2107
