3142 1936
3141 1937
3140 1937
3139 1937
3138 1937
3137 1937
3136 1937
3135 1937
3134 1937
3133 1937
3132 1937
3131 1937
3130 1937
3129 1937
3128 1937
3127 1937
3126 1937
3125 1937
3124 1938
3123 1938
3122 1938
3121 1938
3120 1938
3119 1938
3118 1938
3117 1938
3116 1939
3115 1939
3114 1940
3113 1940
3112 1941
3111 1941
3110 1942
3109 1942
3108 1942
3107 1942
3106 1943
3105 1943
3104 1943
3103 1943
3102 1944
3101 1945
3100 1946
3099 1946
3098 1947
3097 1947
3096 1948
3095 1948
3094 1949
3093 1949
3092 1949
3091 1950
3090 1950
3089 1950
3088 1950
3087 1950
3086 1950
3085 1950
3084 1951
3083 1951
3082 1951
3081 1951
3080 1952
3079 1952
3078 1953
3077 1954
3076 1954
3075 1955
3074 1955
3073 1955
3072 1956
3071 1956
3070 1957
3069 1957
3068 1958
3067 1959
3066 1960
3065 1960
3064 1961
3063 1961
3062 1961
3061 1962
3060 1962
3059 1962
3058 1963
3057 1963
3056 1964
3055 1965
3054 1966
3053 1966
3052 1967
3051 1968
3050 1968
3049 1969
3048 1970
3047 1971
3046 1972
3045 1973
3044 1973
3043 1974
3042 1975
3041 1976
3040 1976
3039 1977
3038 1978
3037 1979
3036 1979
3035 1980
3034 1980
3033 1981
3032 1981
3031 1981
3030 1982
3029 1983
3028 1984
3027 1984
3026 1985
3025 1986
3024 1986
3023 1986
3022 1987
3021 1988
3020 1988
3019 1989
3018 1990
3017 1990
3016 1991
3015 1992
3014 1992
3013 1993
3012 1993
3011 1994
3010 1995
3009 1996
3008 1997
3007 1997
3006 1998
3005 1998
3004 1999
3003 2000
3002 2000
3001 2001
3000 2002
2999 2002
2998 2003
2997 2003
2996 2004
2995 2004
2994 2005
2993 2006
2992 2007
2991 2007
2990 2008
2989 2009
2988 2009
2987 2010
2986 2010
2985 2011
2984 2011
2983 2011
2982 2011
2981 2011
2980 2012
2979 2012
2978 2012
2977 2012
2976 2012
2975 2012
2974 2013
2973 2013
2972 2013
2971 2013
2970 2014
2969 2014
2968 2015
2967 2016
2966 2016
2965 2017
2964 2017
2963 2018
2962 2018
2961 2018
2960 2019
2959 2020
2958 2020
2957 2021
2956 2022
2955 2022
2954 2023
2953 2023
2952 2024
2951 2024
2950 2024
2950 2025
2949 2026
2948 2027
2947 2027
2946 2028
2945 2029
2944 2029
2943 2030
2942 2030
2941 2031
2940 2031
2940 2032
2939 2033
2938 2034
2937 2035
2936 2036
2935 2036
2934 2036
2933 2037
2932 2038
2931 2039
2930 2040
2929 2040
2928 2041
2927 2042
2926 2042
2925 2043
2924 2044
2923 2045
2922 2046
2921 2047
2920 2048
2919 2048
2918 2048
2917 2049
2917 2050
2917 2051
2916 2052
2915 2053
2914 2053
2913 2054
2912 2054
2911 2055
2910 2055
2909 2056
2908 2057
2907 2058
2906 2059
2905 2059
2904 2060
2903 2060
2902 2060
2901 2061
2900 2061
2899 2061
2898 2061
2897 2062
2896 2062
2895 2062
2894 2062
2893 2062
2892 2062
2891 2063
2890 2063
2889 2063
2888 2063
2887 2063
2886 2063
2885 2063
2884 2063
2883 2063
2882 2063
2881 2063
2880 2063
2879 2063
2878 2063
2877 2064
2876 2064
2875 2064
2874 2065
2873 2066
2872 2067
2871 2068
2870 2069
2870 2070
2869 2071
2869 2072
2869 2073
2869 2074
2868 2075
2868 2076
2868 2077
2867 2078
2867 2079
2866 2080
2866 2081
2865 2082
2865 2083
2864 2084
2864 2085
2864 2086
2863 2087
2862 2088
2861 2088
2861 2089
2860 2090
2859 2091
2859 2092
2859 2093
2858 2094
2858 2095
2857 2096
2856 2097
2856 2098
2855 2099
2854 2100
2854 2101
2853 2102
2853 2103
2852 2104
2851 2105
2850 2106
2850 2107
2849 2108
2849 2109
2849 2110
2848 2111
2848 2112
2848 2113
2847 2114
2846 2115
2846 2116
2845 2117
2845 2118
2844 2119
2843 2120
2842 2121
2842 2122
2841 2123
2840 2124
2840 2125
2840 2126
2839 2127
2839 2128
2839 2129
2838 2130
2838 2131
2837 2132
2836 2133
2836 2134
2835 2135
2834 2136
2834 2137
2833 2138
2832 2139
2832 2140
2831 2141
2830 2142
2830 2143
2829 2144
2829 2145
2828 2146
2827 2147
2826 2148
2825 2149
2824 2150
2823 2151
2822 2151
2821 2152
2820 2153
2819 2153
2818 2154
2817 2154
2816 2155
2815 2155
2814 2156
2813 2157
2812 2158
2811 2159
2810 2159
2809 2159
2808 2160
2807 2161
2806 2161
2805 2162
2804 2163
2803 2164
2802 2165
2801 2166
2800 2167
2799 2168
2798 2169
2797 2170
2796 2170
2795 2171
2794 2171
2793 2172
2792 2172
2791 2173
2790 2173
2789 2173
2788 2173
2787 2173
2786 2174
2785 2174
2784 2174
2783 2174
2782 2174
2781 2174
2780 2174
2779 2174
2778 2174
2777 2174
2776 2175
2775 2175
2774 2175
2773 2175
2772 2175
2771 2175
2770 2175
2769 2175
2768 2175
2767 2175
2766 2175
2765 2175
2764 2175
2763 2176
2762 2176
2761 2176
2760 2176
2759 2176
2758 2176
2757 2176
2756 2176
2755 2176
2754 2176
2753 2176
2752 2176
2751 2176
2750 2176
2749 2177
2748 2177
2747 2177
2746 2177
2745 2177
2744 2177
2743 2177
2742 2177
2741 2177
2740 2177
2739 2177
2738 2177
2737 2177
2736 2177
2735 2177
2734 2177
2733 2178
2732 2178
2731 2178
2730 2178
2729 2178
2728 2178
2727 2178
2726 2178
2725 2178
2724 2178
2723 2178
2722 2178
2721 2178
2720 2178
2719 2178
2718 2178
2717 2179
2716 2179
2715 2179
2714 2179
2713 2179
2712 2179
2711 2179
2710 2179
2709 2179
2708 2179
2707 2179
2706 2179
2705 2179
2704 2179
2703 2179
2702 2180
2701 2180
2700 2180
2699 2180
2698 2180
2697 2180
2696 2180
2695 2180
2694 2180
2693 2180
2692 2180
2691 2180
2690 2181
2689 2181
2688 2182
2687 2182
2686 2183
2685 2183
2684 2184
2683 2184
2682 2184
2681 2185
2680 2185
2679 2185
2678 2185
2677 2186
2676 2186
2675 2186
2674 2186
2673 2186
2672 2186
2671 2187
2670 2187
2669 2187
2668 2187
2667 2187
2666 2187
2665 2187
2664 2187
2663 2187
2662 2187
2661 2188
2660 2188
2659 2188
2658 2189
2657 2190
2656 2191
2655 2191
2654 2192
2653 2192
2652 2192
2651 2192
2650 2193
2649 2193
2648 2193
2647 2193
2646 2193
2645 2194
2644 2194
2643 2194
2642 2194
2641 2194
2640 2194
2639 2194
2638 2194
2637 2194
2636 2194
2635 2195
2634 2195
2633 2195
2632 2196
2631 2197
2630 2197
2629 2198
2628 2198
2627 2199
2626 2199
2625 2199
2624 2200
2623 2200
2622 2200
2621 2200
2620 2200
2619 2201
2618 2201
2617 2201
2616 2201
2615 2201
2614 2201
2613 2201
2612 2202
2611 2202
2610 2202
2609 2202
2608 2202
2607 2202
2606 2202
2605 2202
2604 2202
2603 2202
2602 2202
2601 2202
2600 2203
2599 2203
2598 2203
2597 2203
2596 2203
2595 2203
2594 2203
2593 2203
2592 2203
2591 2203
2590 2203
2589 2203
2588 2203
2587 2203
2586 2203
2585 2204
2584 2204
2583 2204
2582 2204
2581 2204
2580 2204
2579 2204
2578 2204
2577 2204
2576 2204
2575 2204
2574 2204
2573 2204
2572 2204
2571 2204
2570 2204
2569 2205
2568 2205
2567 2205
2566 2205
2565 2205
2564 2205
2563 2205
2562 2205
2561 2205
2560 2205
2559 2205
2558 2205
2557 2205
2556 2205
2555 2205
2554 2205
2553 2206
2552 2206
2551 2206
2550 2206
2549 2206
2548 2206
2547 2206
2546 2206
2545 2206
2544 2206
2543 2206
2542 2206
2541 2206
2540 2206
2539 2206
2538 2207
2537 2207
2536 2207
2535 2207
2534 2207
2533 2207
2532 2207
2531 2207
2530 2207
2529 2207
2528 2207
2527 2207
2526 2207
2525 2207
2524 2207
2523 2207
2522 2208
2521 2208
2520 2208
2519 2208
2518 2208
2517 2208
2516 2208
2515 2208
2514 2208
2513 2208
2512 2208
2511 2208
2510 2208
2509 2208
2508 2208
2507 2209
2506 2209
2505 2209
2504 2209
2503 2209
2502 2209
2501 2209
2500 2209
2499 2209
2498 2209
2497 2209
2496 2209
2495 2209
2494 2209
2493 2209
2492 2209
2491 2210
2490 2210
2489 2210
2488 2210
2487 2210
2486 2210
2485 2210
2484 2210
2483 2210
2482 2210
2481 2210
2480 2210
2479 2210
2478 2210
2477 2210
2476 2210
2475 2211
2474 2211
2473 2211
2472 2211
2471 2211
2470 2211
2469 2211
2468 2211
2467 2211
2466 2211
2465 2211
2464 2211
2463 2211
2462 2211
2461 2211
2460 2212
2459 2212
2458 2212
2457 2212
2456 2212
2455 2212
2454 2212
2453 2212
2452 2212
2451 2212
2450 2212
2449 2212
2448 2212
2447 2212
2446 2212
2445 2212
2444 2213
2443 2213
2442 2213
2441 2213
2440 2213
2439 2213
2438 2213
2437 2213
2436 2213
2435 2213
2434 2213
2433 2213
2432 2213
2431 2213
2430 2213
2429 2213
2428 2214
2427 2214
2426 2214
2425 2214
2424 2214
2423 2214
2422 2214
2421 2214
2420 2214
2419 2214
2418 2214
2417 2214
2416 2214
2415 2214
2414 2214
2413 2215
2412 2215
2411 2215
2410 2215
2409 2215
2408 2215
2407 2215
2406 2215
2405 2215
2404 2215
2403 2215
2402 2215
2401 2215
2400 2215
2399 2215
2398 2215
2397 2216
2396 2216
2395 2216
2394 2216
2393 2216
2392 2216
2391 2216
2390 2216
2389 2216
2388 2216
2387 2216
2386 2216
2385 2216
2384 2216
2383 2216
2382 2216
2381 2217
2380 2217
2379 2217
2378 2217
2377 2217
2376 2217
2375 2217
2374 2217
2373 2217
2372 2217
2371 2217
2370 2217
2369 2216
2368 2216
2367 2215
2366 2215
2365 2215
2364 2214
2363 2214
2362 2214
2361 2214
2360 2213
2359 2213
2358 2213
2357 2213
2356 2213
2355 2213
2354 2213
2353 2213
2352 2213
2351 2213
2350 2213
2349 2213
2348 2213
2347 2213
2346 2213
2345 2213
2344 2213
2343 2214
2342 2214
2341 2214
2340 2214
2339 2214
2338 2214
2337 2214
2336 2214
2335 2214
2334 2214
2333 2214
2332 2214
2331 2214
2330 2214
2329 2214
2328 2215
2327 2215
2326 2215
2325 2215
2324 2215
2323 2215
2322 2215
2321 2215
2320 2215
2319 2215
2318 2215
2317 2215
2316 2215
2315 2215
2314 2215
2313 2215
2312 2216
2311 2216
2310 2216
2309 2216
2308 2216
2307 2216
2306 2216
2305 2216
2304 2216
2303 2216
2302 2216
2301 2216
2300 2216
2299 2216
2298 2216
2297 2216
2296 2217
2295 2217
2294 2217
2293 2217
2292 2217
2291 2217
2290 2217
2289 2217
2288 2217
2287 2217
2286 2217
2285 2217
2284 2217
2283 2217
2282 2217
2281 2218
2280 2218
2279 2218
2278 2218
2277 2218
2276 2218
2275 2218
2274 2218
2273 2218
2272 2218
2271 2218
2270 2218
2269 2218
2268 2218
2267 2218
2266 2218
2265 2219
2264 2219
2263 2219
2262 2219
2261 2219
2260 2219
2259 2219
2258 2219
2257 2219
2256 2219
2255 2219
2254 2219
2253 2219
2252 2219
2251 2219
2250 2220
2249 2220
2248 2220
2247 2220
2246 2220
2245 2220
2244 2220
2243 2220
2242 2220
2241 2220
2240 2220
2239 2220
2238 2220
2237 2220
2236 2220
2235 2220
2234 2221
2233 2221
2232 2221
2231 2221
2230 2221
2229 2221
2228 2221
2227 2221
2226 2221
2225 2222
2224 2223
2223 2224
2222 2224
2221 2224
2220 2225
2219 2225
2218 2225
2217 2226
2216 2226
2215 2227
2214 2228
2213 2229
2212 2229
2211 2230
2210 2230
2209 2231
2208 2231
2207 2232
2206 2232
2205 2232
2204 2232
2203 2232
2202 2232
2201 2233
2200 2233
2199 2233
2198 2233
2197 2233
2196 2233
2195 2233
2194 2233
2193 2234
2192 2234
2191 2234
2190 2234
2189 2234
2188 2234
2187 2234
2186 2234
2185 2234
2184 2234
2183 2234
2182 2234
2181 2234
2180 2235
2179 2235
2178 2235
2177 2235
2176 2235
2175 2235
2174 2235
2173 2235
2172 2235
2171 2235
2170 2235
2169 2235
2168 2236
2167 2236
2166 2236
2165 2236
2164 2236
2163 2236
2162 2236
2161 2236
2160 2236
2159 2236
2158 2236
2157 2236
2156 2236
2155 2236
2154 2237
2153 2237
2152 2237
2151 2237
2150 2237
2149 2237
2148 2237
2147 2237
2146 2237
2145 2237
2144 2237
2143 2237
2142 2237
2141 2237
2140 2237
2139 2237
2138 2237
2137 2238
2136 2238
2135 2238
2134 2238
2133 2238
2132 2238
2131 2238
2130 2238
2129 2238
2128 2238
2127 2238
2126 2238
2125 2238
2124 2239
2123 2239
2122 2239
2121 2239
2120 2239
2119 2239
2118 2239
2117 2239
2116 2239
2115 2239
2114 2239
2113 2239
2112 2240
2111 2240
2110 2241
2109 2242
2108 2242
2107 2243
2106 2243
2105 2243
2104 2244
2103 2244
2102 2244
2101 2244
2100 2244
2099 2245
2098 2245
2097 2245
2096 2245
2095 2245
2094 2245
2093 2245
2092 2245
2091 2246
2090 2246
2089 2246
2088 2246
2087 2246
2086 2246
2085 2246
2084 2246
2083 2246
2082 2247
2081 2247
2080 2247
2079 2247
2078 2248
2077 2248
2076 2248
2075 2248
2074 2249
2073 2249
2072 2250
2071 2250
2070 2250
2069 2251
2068 2251
2067 2251
2066 2252
2065 2252
2064 2252
2063 2252
2062 2252
2061 2253
2060 2253
2059 2253
2058 2253
2057 2253
2056 2253
2055 2253
2054 2253
2053 2254
2052 2254
2051 2254
2050 2254
2049 2254
2048 2255
2047 2255
2046 2256
2045 2256
2044 2257
2043 2257
2042 2258
2041 2258
2040 2258
2039 2259
2038 2259
2037 2259
2036 2260
2035 2260
2034 2260
2033 2260
2032 2260
2031 2260
2030 2260
2029 2261
2028 2261
2027 2261
2026 2261
2025 2261
2024 2261
2023 2261
2022 2261
2021 2262
2020 2262
2019 2262
2018 2262
2017 2262
2016 2262
2015 2262
2014 2262
2013 2262
2012 2262
2011 2262
2010 2262
2009 2262
2008 2262
2007 2262
2006 2263
2005 2263
2004 2263
2003 2263
2002 2263
2001 2263
2000 2263
1999 2263
1998 2263
1997 2263
1996 2263
1995 2263
1994 2263
1993 2263
1992 2263
1991 2263
1990 2263
1989 2262
1988 2262
1987 2261
1986 2261
1985 2261
1984 2260
1983 2260
1982 2260
1981 2260
1980 2260
1979 2260
1978 2260
1977 2259
1976 2259
1975 2260
1974 2260
1973 2260
1972 2259
1971 2259
1970 2258
1969 2258
1968 2257
1967 2257
1966 2256
1965 2256
1964 2256
1963 2256
1962 2256
1961 2256
1960 2256
1959 2256
1958 2256
1957 2256
1956 2256
1955 2256
1954 2256
1953 2256
1952 2256
1951 2255
1950 2255
1949 2255
1948 2255
1947 2255
1946 2255
1945 2255
1944 2254
1943 2254
1942 2254
1941 2254
1940 2254
1939 2254
1938 2253
1937 2253
1936 2253
1935 2253
1934 2253
1933 2253
1932 2252
1931 2252
1930 2252
1929 2252
1928 2252
1927 2252
1926 2252
1925 2251
1924 2251
1923 2251
1922 2250
1921 2250
1920 2249
1919 2249
1918 2249
1917 2248
1916 2248
1915 2248
1914 2247
1913 2247
1912 2247
1911 2247
1910 2247
1909 2247
1908 2247
1907 2247
1906 2247
1905 2247
1904 2247
1903 2247
1902 2247
1901 2247
1900 2247
1899 2247
1898 2247
1897 2247
1896 2248
1895 2248
1894 2248
1893 2248
1892 2248
1891 2247
1890 2247
1889 2246
1888 2246
1887 2246
1886 2245
1885 2245
1884 2245
1883 2244
1882 2244
1881 2244
1880 2244
1879 2244
1878 2244
1877 2244
1876 2244
1875 2244
1874 2244
1873 2244
1872 2244
1871 2244
1870 2244
1869 2244
1868 2244
1867 2244
1866 2243
1865 2243
1864 2242
1863 2242
1862 2242
1861 2241
1860 2241
1859 2241
1858 2241
1857 2240
1856 2240
1855 2240
1854 2240
1853 2240
1852 2240
1851 2240
1850 2240
1849 2240
1848 2239
1847 2239
1846 2239
1845 2238
1844 2237
1843 2236
1842 2236
1841 2235
1840 2234
1839 2234
1838 2233
1837 2233
1836 2232
1835 2232
1834 2232
1833 2231
1832 2231
1831 2230
1830 2230
1829 2229
1828 2229
1827 2228
1826 2228
1825 2228
1824 2227
1823 2227
1822 2227
1821 2227
1820 2227
1819 2227
1818 2226
1817 2226
1816 2226
1815 2226
1814 2226
1813 2226
1812 2226
1811 2225
1810 2224
1809 2224
1808 2224
1807 2223
1806 2223
1805 2223
1804 2222
1803 2222
1802 2222
1801 2222
1800 2222
1799 2222
1798 2222
1797 2221
1796 2221
1795 2221
1794 2220
1793 2220
1792 2219
1791 2219
1790 2219
1789 2218
1788 2218
1787 2217
1786 2217
1785 2216
1784 2216
1783 2215
1782 2215
1781 2215
1780 2214
1779 2214
1778 2214
1777 2213
1776 2213
1775 2213
1774 2212
1773 2212
1772 2211
1771 2211
1770 2210
1769 2210
1768 2209
1767 2209
1766 2208
1765 2208
1764 2207
1763 2207
1762 2206
1761 2205
1760 2205
1759 2205
1758 2204
1757 2204
1756 2204
1755 2204
1754 2203
1753 2203
1752 2203
1751 2202
1750 2202
1749 2202
1748 2201
1747 2201
1746 2200
1745 2200
1744 2199
1743 2198
1742 2198
1741 2198
1740 2197
1739 2197
1738 2196
1737 2196
1736 2196
1735 2195
1734 2195
1733 2195
1732 2194
1731 2194
1730 2194
1729 2193
1728 2193
1727 2192
1726 2192
1725 2192
1724 2191
1723 2191
1722 2191
1721 2190
1720 2190
1719 2190
1718 2190
1717 2190
1716 2189
1715 2189
1714 2189
1713 2189
1712 2188
1711 2188
1710 2188
1709 2187
1708 2186
1707 2186
1706 2186
1705 2185
1704 2185
1703 2185
1702 2185
1701 2185
1700 2184
1699 2184
1698 2184
1697 2184
1696 2184
1695 2184
1694 2184
1693 2184
1692 2184
1691 2184
1690 2184
1689 2184
1688 2184
1687 2183
1686 2183
1685 2183
1684 2182
1683 2182
1682 2181
1681 2181
1680 2181
1679 2181
1678 2180
1677 2180
1676 2180
1675 2180
1674 2180
1673 2179
1672 2179
1671 2179
1670 2179
1669 2178
1668 2178
1667 2177
1666 2177
1665 2177
1664 2176
1663 2176
1662 2176
1661 2176
1660 2176
1659 2176
1658 2176
1657 2176
1656 2175
1655 2175
1654 2175
1653 2175
1652 2175
1651 2174
1650 2174
1649 2174
1648 2173
1647 2173
1646 2173
1645 2172
1644 2172
1643 2172
1642 2171
1641 2171
1640 2170
1639 2170
1638 2169
1637 2169
1636 2168
1635 2168
1634 2167
1633 2167
1632 2166
1631 2166
1630 2165
1629 2165
1628 2164
1627 2163
1626 2163
1625 2162
1624 2161
1623 2160
1622 2160
1621 2159
1620 2159
1619 2158
1618 2158
1617 2158
1616 2158
1615 2157
1614 2157
1613 2156
1612 2156
1611 2155
1610 2155
1609 2154
1608 2154
1607 2153
1606 2153
1605 2152
1604 2152
1603 2152
1602 2151
1601 2151
1600 2151
1599 2151
1598 2151
1597 2151
1596 2151
1595 2151
1594 2151
1593 2151
1592 2151
1591 2151
1590 2151
1589 2150
1588 2150
1587 2149
1586 2149
1585 2149
1584 2148
1583 2148
1582 2148
1581 2148
1580 2148
1579 2148
1578 2148
1577 2148
1576 2148
1575 2147
1574 2147
1573 2147
1572 2147
1571 2147
1570 2147
1569 2147
1568 2146
1567 2145
1566 2144
1565 2144
1564 2143
1563 2143
1562 2143
1561 2143
1560 2142
1560 2141
1559 2140
1559 2139
1558 2138
1558 2137
1557 2136
1556 2135
1555 2134
1554 2133
1554 2132
1553 2131
1552 2130
1551 2130
1550 2129
1549 2128
1548 2128
1547 2127
1546 2126
1545 2125
1544 2124
1543 2124
1542 2123
1541 2122
1540 2122
1539 2122
1538 2122
1537 2123
1536 2123
1535 2124
1534 2125
1533 2125
1532 2126
1531 2126
1530 2127
1529 2127
1528 2127
1527 2127
1526 2128
1525 2128
1524 2128
1523 2127
1522 2127
1521 2126
1520 2125
1519 2125
1518 2124
1517 2123
1516 2122
1515 2121
1514 2120
1513 2119
1512 2118
1511 2117
1510 2116
1509 2116
1508 2115
1507 2115
1506 2115
1505 2114
1504 2113
1503 2113
1502 2112
1501 2112
1500 2111
1499 2110
1498 2110
1497 2109
1496 2109
1495 2109
1494 2109
1493 2108
1492 2107
1491 2106
1490 2105
1489 2105
1488 2104
1487 2103
1486 2102
1485 2101
1485 2100
1484 2100
1483 2099
1482 2098
1481 2097
1480 2097
1479 2096
1478 2096
1477 2095
1476 2095
1475 2094
1474 2093
1473 2092
1472 2092
1471 2091
1470 2091
1469 2090
1468 2090
1467 2090
1466 2090
1465 2090
1464 2089
1463 2089
1462 2089
1461 2089
1460 2089
1459 2089
1458 2088
1457 2088
1456 2087
1456 2086
1455 2085
1454 2085
1453 2084
1452 2084
1451 2083
1450 2083
1449 2082
1448 2081
1447 2080
1447 2079
1446 2078
1445 2077
1445 2076
1444 2075
1443 2075
1442 2074
1441 2074
1440 2074
1439 2073
1438 2073
1437 2073
1436 2073
1435 2073
1434 2073
1433 2073
1432 2073
1431 2073
1430 2073
1429 2073
1428 2074
1427 2074
1426 2074
1425 2074
1424 2074
1423 2074
1422 2074
1421 2074
1420 2074
1419 2074
1418 2074
1417 2074
1416 2074
1415 2074
1414 2074
1413 2074
1412 2074
1411 2074
1410 2074
1409 2074
1408 2075
1407 2075
1406 2075
1405 2075
1404 2075
1403 2075
1402 2075
1401 2075
1400 2075
1399 2075
1398 2075
1397 2075
1396 2075
1395 2075
1394 2075
1393 2075
1392 2075
1391 2075
1390 2075
1389 2075
1388 2074
1387 2074
1386 2074
1385 2074
1384 2073
1383 2073
1382 2073
1381 2072
1380 2072
1379 2072
1378 2072
1377 2072
1376 2072
1375 2072
1374 2072
1373 2072
1372 2072
1371 2071
1370 2071
1369 2070
1368 2070
1367 2069
1366 2069
1365 2069
1364 2068
1363 2068
1362 2068
1361 2068
1360 2068
1359 2068
1358 2068
1357 2068
1356 2068
1355 2068
1354 2068
1353 2068
1352 2068
1351 2068
1350 2068
1349 2068
1348 2068
1347 2068
1346 2067
1345 2067
1344 2067
1343 2067
1342 2066
1341 2066
1340 2066
1339 2065
1338 2065
1337 2065
1336 2065
1335 2064
1334 2064
1333 2064
1332 2064
1331 2064
1330 2064
1329 2064
1328 2064
1327 2064
1326 2064
1325 2064
1324 2064
1323 2064
1322 2064
1321 2064
1320 2064
1319 2064
1318 2064
1317 2064
1316 2064
1315 2064
1314 2064
1313 2064
1312 2064
1311 2064
1310 2064
1309 2064
1308 2064
1307 2063
1306 2063
1305 2062
1304 2062
1303 2061
1302 2060
1301 2060
1300 2059
1299 2059
1298 2058
1297 2058
1296 2057
1295 2057
1294 2057
1293 2057
1292 2056
1291 2056
1290 2056
1289 2056
1288 2056
1287 2056
1286 2056
1285 2056
1284 2056
1283 2055
1282 2055
1281 2055
1280 2055
1279 2054
1278 2054
1277 2053
1276 2053
1275 2053
1274 2052
1273 2052
1272 2052
1271 2052
1270 2052
1269 2051
1268 2051
1267 2051
1266 2051
1265 2051
1264 2051
1263 2051
1262 2051
1261 2051
1260 2051
1259 2051
1258 2051
1257 2051
1256 2051
1255 2051
1254 2051
1253 2052
1252 2052
1251 2052
1250 2052
1249 2052
1248 2052
1247 2052
1246 2052
1245 2052
1244 2052
1243 2052
1242 2052
1241 2052
1240 2052
1239 2052
1238 2052
1237 2052
1236 2052
1235 2052
1234 2053
1233 2053
1232 2053
1231 2053
1230 2053
1229 2053
1228 2053
1227 2053
1226 2053
1225 2053
1224 2053
1223 2053
1222 2053
1221 2053
1220 2053
1219 2053
1218 2053
1217 2054
1216 2054
1215 2054
1214 2054
1213 2054
1212 2054
1211 2054
1210 2054
1209 2054
1208 2054
1207 2054
1206 2054
1205 2054
1204 2054
1203 2054
1202 2054
1201 2054
1200 2054
1199 2053
1198 2053
1197 2052
1196 2052
1195 2052
1194 2052
1193 2051
1192 2050
1191 2050
1190 2049
1189 2048
1188 2047
1187 2046
1186 2045
1185 2044
1184 2044
1183 2043
1182 2043
1181 2042
1180 2042
1179 2042
1178 2041
1177 2041
1176 2040
1175 2040
1174 2040
1173 2039
1172 2039
1171 2038
1170 2038
1169 2038
1168 2037
1167 2037
1166 2036
1165 2035
1164 2034
1163 2034
1162 2033
1161 2033
1160 2032
1159 2032
1158 2032
1157 2031
1156 2031
1155 2031
1154 2031
1153 2031
1152 2031
1151 2031
1150 2031
1149 2031
1148 2031
1147 2031
1146 2031
1145 2031
1144 2031
1143 2031
1142 2031
1141 2031
1140 2031
1139 2031
1138 2031
1137 2031
1136 2031
1135 2031
1134 2032
1133 2032
1132 2031
1131 2031
1130 2031
1129 2031
1128 2030
1127 2030
1126 2030
1125 2029
1124 2029
1123 2029
1122 2029
1121 2029
1120 2029
1119 2029
1118 2028
1117 2028
1116 2027
1115 2027
1114 2027
1113 2026
1112 2026
1111 2025
1110 2025
1109 2025
1108 2025
1107 2024
1106 2024
1105 2024
1104 2024
1103 2024
1102 2024
1101 2024
1100 2024
1099 2023
1098 2023
1097 2023
1096 2022
1095 2022
1094 2021
1093 2021
1092 2021
1091 2021
1090 2020
1089 2020
1088 2020
1087 2020
1086 2020
1085 2020
1084 2020
1083 2020
1082 2020
1081 2020
1080 2019
1079 2019
1078 2019
1077 2019
1076 2019
1075 2019
1074 2019
1073 2019
1072 2018
1071 2018
1070 2017
1069 2017
1068 2017
1067 2017
1066 2016
1065 2016
1064 2016
1063 2016
1062 2016
1061 2016
1060 2016
1059 2016
1058 2016
1057 2016
1056 2016
1055 2016
1054 2016
1053 2015
1052 2015
1051 2015
1050 2015
1049 2015
1048 2015
1047 2014
1046 2014
1045 2013
1044 2013
1043 2013
1042 2012
1041 2012
1040 2012
1039 2012
1038 2011
1037 2011
1036 2011
1035 2011
1036 2011
1037 2012
1038 2012
1039 2012
1040 2013
1041 2013
1042 2014
1043 2015
1044 2015
1045 2016
1046 2016
1047 2016
1048 2017
1049 2017
1050 2017
1051 2018
1052 2018
1053 2019
1054 2019
1055 2020
1056 2020
1057 2021
1058 2021
1059 2022
1060 2022
1061 2023
1062 2023
1063 2024
1064 2024
1065 2025
1066 2026
1067 2026
1068 2026
1069 2027
1070 2027
1071 2027
1072 2028
1073 2028
1074 2028
1075 2028
1076 2028
1077 2029
1078 2029
1079 2030
1080 2030
1081 2031
1082 2031
1083 2032
1084 2032
1085 2033
1086 2034
1087 2034
1088 2035
1089 2036
1090 2036
1091 2036
1092 2037
1093 2037
1094 2037
1095 2037
1096 2037
1097 2037
1098 2038
1099 2038
1100 2039
1101 2039
1102 2040
1103 2040
1104 2041
1105 2041
1106 2041
1107 2042
1108 2042
1109 2043
1110 2043
1111 2044
1112 2045
1113 2045
1114 2046
1115 2046
1116 2046
1117 2047
1118 2048
1119 2048
1120 2049
1121 2049
1122 2050
1123 2051
1124 2051
1125 2051
1126 2051
1127 2052
1128 2053
1129 2053
1130 2054
1131 2054
1132 2055
1133 2055
1134 2056
1135 2056
1136 2056
1137 2056
1138 2057
1139 2057
1140 2057
1141 2057
1142 2057
1143 2057
1144 2058
1145 2058
1146 2059
1147 2059
1148 2060
1149 2061
1150 2061
1151 2062
1152 2063
1153 2064
1154 2064
1155 2065
1156 2065
1157 2066
1158 2066
1159 2067
1160 2067
1161 2068
1162 2068
1163 2069
1164 2069
1165 2070
1166 2070
1167 2070
1168 2071
1169 2071
1170 2071
1171 2071
1172 2071
1173 2072
1174 2072
1175 2073
1176 2073
1177 2074
1178 2074
1179 2074
1180 2075
1181 2075
1182 2075
1183 2075
1184 2075
1185 2076
1186 2076
1187 2076
1188 2076
1189 2076
1190 2076
1191 2076
1192 2076
1193 2077
1194 2077
1195 2077
1196 2078
1197 2078
1198 2079
1199 2079
1200 2080
1201 2080
1202 2080
1203 2081
1204 2081
1205 2081
1206 2082
1207 2082
1208 2082
1209 2083
1210 2083
1211 2084
1212 2084
1213 2084
1214 2084
1215 2085
1216 2085
1217 2085
1218 2085
1219 2085
1220 2085
1221 2086
1222 2086
1223 2087
1224 2087
1225 2087
1226 2088
1227 2088
1228 2088
1229 2089
1230 2089
1231 2089
1232 2090
1233 2090
1234 2090
1235 2090
1236 2090
1237 2090
1238 2090
1239 2090
1240 2090
1241 2090
1242 2090
1243 2091
1244 2091
1245 2092
1246 2092
1247 2092
1248 2093
1249 2093
1250 2093
1251 2093
1252 2093
1253 2094
1254 2094
1255 2094
1256 2094
1257 2094
1258 2094
1259 2094
1260 2094
1261 2094
1262 2094
1263 2094
1264 2094
1265 2094
1266 2094
1267 2094
1268 2094
1269 2095
1270 2095
1271 2095
1272 2096
1273 2096
1274 2097
1275 2097
1276 2098
1277 2099
1278 2100
1279 2100
1280 2101
1281 2101
1282 2102
1283 2102
1284 2102
1285 2102
1286 2102
1287 2102
1288 2103
1289 2103
1290 2103
1291 2104
1292 2104
1293 2105
1294 2105
1295 2106
1296 2106
1297 2106
1298 2107
1299 2107
1300 2107
1301 2107
1302 2107
1303 2107
1304 2107
1305 2108
1306 2108
1307 2109
1308 2109
1309 2110
1310 2110
1311 2111
1312 2111
1313 2112
1314 2112
1315 2113
1316 2113
1317 2114
1318 2114
1319 2115
1320 2116
1321 2116
1322 2117
1323 2118
1324 2118
1325 2119
1326 2120
1327 2120
1328 2121
1329 2121
1330 2121
1331 2121
1332 2121
1333 2121
1334 2121
1335 2121
1336 2122
1337 2122
1338 2122
1339 2122
1340 2123
1341 2123
1342 2124
1343 2124
1344 2125
1345 2125
1346 2125
1347 2125
1348 2125
1349 2125
1350 2125
1351 2126
1352 2126
1353 2127
1354 2127
1355 2128
1356 2128
1357 2129
1358 2129
1359 2129
1360 2130
1361 2130
1362 2130
1363 2130
1364 2130
1365 2130
1366 2131
1367 2131
1368 2131
1369 2132
1370 2132
1371 2133
1372 2134
1373 2134
1374 2134
1375 2135
1376 2135
1377 2135
1378 2135
1379 2135
1380 2135
1381 2135
1382 2135
1383 2136
1384 2136
1385 2136
1386 2136
1387 2136
1388 2136
1389 2136
1390 2136
1391 2137
1392 2137
1393 2138
1394 2138
1395 2138
1396 2139
1397 2139
1398 2139
1399 2140
1400 2141
1401 2142
1402 2142
1403 2143
1404 2143
1405 2143
1406 2144
1407 2144
1408 2145
1409 2146
1410 2147
1411 2147
1412 2148
1413 2148
1414 2149
1415 2149
1416 2150
1417 2151
1418 2152
1419 2152
1420 2153
1421 2153
1422 2154
1423 2154
1424 2154
1425 2154
1426 2154
1427 2155
1428 2155
1429 2156
1430 2156
1431 2157
1432 2157
1433 2157
1434 2158
1435 2158
1436 2158
1437 2158
1438 2159
1439 2159
1440 2159
1441 2159
1442 2160
1443 2161
1444 2161
1445 2162
1446 2162
1447 2163
1448 2163
1449 2163
1450 2164
1451 2164
1452 2165
1453 2165
1454 2166
1455 2166
1456 2167
1457 2167
1458 2167
1459 2168
1460 2168
1461 2169
1462 2170
1463 2171
1464 2171
1465 2172
1466 2172
1467 2173
1468 2173
1469 2173
1470 2173
1471 2174
1472 2174
1473 2174
1474 2175
1475 2175
1476 2175
1477 2176
1478 2176
1479 2177
1480 2177
1481 2177
1482 2177
1483 2178
1484 2178
1485 2179
1486 2179
1487 2180
1488 2181
1489 2181
1490 2182
1491 2182
1492 2182
1493 2183
1494 2183
1495 2183
1496 2184
1497 2184
1498 2185
1499 2186
1500 2186
1501 2186
1502 2187
1503 2187
1504 2187
1505 2188
1506 2189
1507 2190
1508 2190
1509 2191
1510 2191
1511 2192
1512 2192
1513 2193
1514 2193
1515 2194
1516 2195
1517 2195
1518 2196
1519 2197
1520 2197
1521 2197
1522 2198
1523 2198
1524 2199
1525 2199
1526 2200
1527 2201
1528 2201
1529 2202
1530 2202
1531 2203
1532 2203
1533 2204
1534 2205
1535 2205
1536 2206
1537 2206
1538 2207
1539 2207
1540 2208
1541 2209
1542 2210
1543 2210
1544 2211
1545 2211
1546 2212
1547 2212
1548 2213
1549 2214
1550 2214
1551 2215
1552 2216
1553 2216
1554 2217
1555 2218
1556 2218
1557 2219
1558 2219
1559 2220
1560 2220
1561 2221
1562 2221
1563 2221
1564 2222
1565 2222
1566 2223
1567 2223
1568 2224
1569 2224
1570 2225
1571 2225
1572 2225
1573 2226
1574 2226
1575 2227
1576 2228
1577 2229
1578 2230
1579 2230
1580 2230
1581 2231
1582 2231
1583 2232
1584 2232
1585 2232
1586 2233
1587 2233
1588 2233
1589 2234
1590 2235
1591 2235
1592 2236
1593 2237
1594 2238
1595 2239
1596 2239
1597 2240
1598 2240
1599 2241
1600 2241
1601 2241
1602 2242
1603 2242
1604 2243
1605 2243
1606 2244
1607 2244
1608 2245
1609 2246
1610 2246
1611 2247
1612 2247
1613 2247
1614 2247
1615 2248
1616 2248
1617 2249
1618 2249
1619 2250
1620 2250
1621 2251
1622 2251
1623 2251
1624 2251
1625 2252
1626 2252
1627 2252
1628 2252
1629 2253
1630 2253
1631 2254
1632 2255
1633 2255
1634 2256
1635 2256
1636 2257
1637 2257
1638 2258
1639 2259
1640 2259
1641 2259
1642 2260
1643 2260
1644 2260
1645 2261
1646 2261
1647 2261
1648 2262
1649 2263
1650 2263
1651 2264
1652 2264
1653 2264
1654 2265
1655 2265
1656 2265
1657 2265
1658 2266
1659 2266
1660 2266
1661 2266
1662 2266
1663 2267
1664 2268
1665 2268
1666 2268
1667 2269
1668 2269
1669 2270
1670 2270
1671 2270
1672 2271
1673 2271
1674 2271
1675 2271
1676 2272
1677 2272
1678 2273
1679 2273
1680 2273
1681 2274
1682 2274
1683 2275
1684 2276
1685 2276
1686 2277
1687 2277
1688 2278
1689 2278
1690 2279
1691 2279
1692 2280
1693 2280
1694 2280
1695 2280
1696 2280
1697 2280
1698 2281
1699 2281
1700 2281
1701 2282
1702 2282
1703 2283
1704 2283
1705 2284
1706 2284
1707 2285
1708 2285
1709 2285
1710 2285
1711 2285
1712 2285
1713 2285
1714 2285
1715 2285
1716 2285
1717 2285
1718 2285
1719 2285
1720 2286
1721 2286
1722 2286
1723 2287
1724 2287
1725 2287
1726 2288
1727 2288
1728 2288
1729 2288
1730 2288
1731 2289
1732 2289
1733 2290
1734 2290
1735 2291
1736 2291
1737 2291
1738 2292
1739 2292
1740 2292
1741 2293
1742 2293
1743 2293
1744 2293
1745 2293
1746 2293
1747 2294
1748 2294
1749 2294
1750 2295
1751 2295
1752 2295
1753 2296
1754 2296
1755 2297
1756 2297
1757 2298
1758 2298
1759 2298
1760 2298
1761 2299
1762 2299
1763 2299
1764 2299
1765 2299
1766 2300
1767 2300
1768 2301
1769 2301
1770 2301
1771 2302
1772 2302
1773 2302
1774 2303
1775 2303
1776 2303
1777 2304
1778 2304
1779 2305
1780 2306
1781 2307
1782 2307
1783 2307
1784 2308
1785 2308
1786 2308
1787 2309
1788 2310
1788 2311
1788 2312
1789 2313
1790 2314
1791 2314
1792 2315
1793 2315
1794 2316
1795 2316
1796 2316
1797 2317
1798 2317
1799 2317
1800 2317
1801 2317
1802 2317
1803 2318
1804 2318
1805 2318
1806 2318
1807 2318
1808 2318
1809 2318
1810 2318
1811 2318
1812 2319
1813 2319
1814 2319
1815 2319
1816 2319
1817 2320
1818 2320
1819 2320
1820 2321
1821 2321
1822 2321
1823 2321
1824 2321
1825 2321
1826 2322
1827 2322
1828 2322
1829 2322
1830 2322
1831 2322
1832 2322
1833 2322
1834 2322
1835 2323
1836 2323
1837 2324
1838 2325
1839 2325
1840 2326
1841 2326
1842 2327
1843 2328
1844 2329
1845 2329
1846 2330
1847 2330
1848 2331
1849 2332
1850 2333
1851 2334
1852 2335
1853 2336
1854 2337
1855 2338
1856 2339
1857 2339
1858 2339
1859 2340
1860 2340
1861 2340
1862 2340
1863 2341
1864 2341
1865 2341
1866 2342
1867 2342
1868 2343
1869 2343
1870 2344
1871 2344
1872 2345
1873 2345
1874 2345
1875 2346
1876 2347
1877 2348
1878 2349
1879 2350
1880 2351
1881 2352
1882 2352
1883 2353
1884 2354
1885 2354
1886 2355
1887 2355
1888 2355
1889 2355
1890 2356
1891 2356
1892 2357
1893 2358
1894 2359
1895 2360
1896 2360
1897 2360
1898 2361
1899 2361
1900 2361
1901 2361
1902 2361
1903 2361
1904 2361
1905 2361
1906 2361
1907 2362
1908 2362
1909 2363
1910 2364
1911 2364
1912 2364
1913 2365
1914 2365
1915 2365
1916 2366
1917 2366
1918 2366
1919 2367
1920 2368
1921 2368
1922 2369
1923 2369
1924 2370
1925 2371
1926 2371
1927 2372
1928 2372
1929 2373
1930 2373
1931 2374
1932 2374
1933 2375
1934 2375
1935 2375
1936 2375
1937 2376
1938 2377
1939 2378
1940 2378
1941 2379
1942 2379
1943 2380
1944 2381
1945 2381
1946 2382
1947 2383
1948 2383
1949 2384
1950 2385
1951 2386
1952 2386
1953 2387
1954 2388
1955 2388
1956 2389
1957 2389
1958 2390
1959 2390
1960 2391
1961 2392
1962 2392
1963 2393
1964 2394
1965 2395
1966 2396
1967 2397
1968 2397
1969 2398
1970 2398
1971 2399
1972 2399
1973 2400
1974 2400
1975 2400
1976 2400
1977 2401
1978 2401
1979 2402
1980 2402
1981 2403
1982 2403
1983 2404
1984 2404
1985 2405
1986 2405
1987 2406
1988 2407
1989 2408
1990 2408
1991 2409
1992 2410
1993 2410
1994 2410
1995 2410
1996 2411
1997 2411
1998 2412
1999 2413
2000 2414
2001 2414
2002 2415
2003 2415
2004 2415
2005 2415
2006 2416
2007 2416
2008 2416
2009 2416
2010 2416
2011 2416
2012 2416
2013 2416
2014 2416
2015 2416
2016 2416
2017 2416
2018 2415
2019 2415
2020 2415
2021 2415
2022 2415
2023 2415
2024 2415
2025 2415
2026 2415
2027 2415
2028 2415
2029 2415
2030 2415
2031 2415
2032 2415
2033 2415
2034 2415
2035 2415
2036 2414
2037 2414
2038 2414
2039 2414
2040 2414
2041 2414
2042 2414
2043 2415
2044 2415
2045 2416
2046 2416
2047 2416
2048 2417
2049 2417
2050 2417
2051 2417
2052 2417
2053 2418
2054 2418
2055 2418
2056 2418
2057 2418
2058 2418
2059 2419
2060 2419
2061 2420
2062 2421
2063 2421
2064 2421
2065 2422
2066 2422
2067 2422
2068 2422
2069 2422
2070 2422
2071 2422
2072 2422
2073 2422
2074 2422
2075 2422
2076 2423
2077 2423
2078 2424
2079 2424
2080 2424
2081 2425
2082 2425
2083 2425
2084 2426
2085 2426
2086 2426
2087 2426
2088 2426
2089 2427
2090 2427
2091 2427
2092 2427
2093 2427
2094 2427
2095 2427
2096 2427
2097 2427
2098 2428
2099 2428
2100 2429
2101 2429
2102 2430
2103 2430
2104 2430
2105 2430
2106 2430
2107 2430
2108 2431
2109 2431
2110 2431
2111 2431
2112 2431
2113 2431
2114 2431
2115 2431
2116 2431
2117 2431
2118 2431
2119 2431
2120 2431
2121 2432
2122 2433
2123 2433
2124 2433
2125 2433
2126 2434
2127 2434
2128 2434
2129 2434
2130 2434
2131 2434
2132 2435
2133 2435
2134 2436
2135 2437
2136 2437
2137 2438
2138 2438
2139 2438
2140 2439
2141 2439
2142 2439
2143 2439
2144 2439
2145 2439
2146 2439
2147 2440
2148 2440
2149 2440
2150 2440
2151 2440
2152 2440
2153 2440
2154 2440
2155 2440
2156 2441
2157 2441
2158 2442
2159 2442
2160 2442
2161 2443
2162 2443
2163 2443
2164 2443
2165 2443
2166 2443
2167 2444
2168 2444
2169 2444
2170 2444
2171 2444
2172 2444
2173 2444
2174 2444
2175 2444
2176 2444
2177 2445
2178 2445
2179 2446
2180 2446
2181 2446
2182 2446
2183 2447
2184 2447
2185 2447
2186 2447
2187 2447
2188 2447
2189 2447
2190 2447
2191 2447
2192 2447
2193 2448
2194 2448
2195 2448
2196 2448
2197 2448
2198 2448
2199 2448
2200 2448
2201 2449
2202 2449
2203 2449
2204 2450
2205 2450
2206 2451
2207 2451
2208 2452
2209 2452
2210 2453
2211 2454
2212 2454
2213 2455
2214 2455
2215 2455
2216 2456
2217 2456
2218 2456
2219 2456
2220 2457
2221 2457
2222 2457
2223 2458
2224 2458
2225 2458
2226 2459
2227 2459
2228 2459
2229 2459
2230 2460
2231 2460
2232 2460
2233 2461
2234 2461
2235 2461
2236 2461
2237 2461
2238 2461
2239 2461
2240 2461
2241 2461
2242 2462
2243 2462
2244 2462
2245 2462
2246 2463
2247 2463
2248 2463
2249 2463
2250 2464
2251 2464
2252 2464
2253 2464
2254 2465
2255 2465
2256 2465
2257 2465
2258 2465
2259 2465
2260 2465
2261 2465
2262 2466
2263 2466
2264 2466
2265 2467
2266 2467
2267 2467
2268 2468
2269 2468
2270 2468
2271 2468
2272 2469
2273 2469
2274 2469
2275 2469
2276 2469
2277 2470
2278 2470
2279 2470
2280 2470
2281 2470
2282 2471
2283 2471
2284 2472
2285 2472
2286 2473
2287 2473
2288 2473
2289 2473
2290 2473
2291 2474
2292 2474
2293 2474
2294 2474
2295 2474
2296 2474
2297 2474
2298 2474
2299 2474
2300 2474
2301 2475
2302 2475
2303 2476
2304 2476
2305 2477
2306 2477
2307 2477
2308 2478
2309 2478
2310 2478
2311 2478
2312 2478
2313 2478
2314 2478
2315 2479
2316 2478
2317 2479
2318 2479
2319 2479
2320 2479
2321 2479
2322 2479
2323 2479
2324 2479
2325 2479
2326 2479
2327 2479
2328 2479
2329 2478
2330 2478
2331 2478
2332 2478
2333 2478
2334 2478
2335 2478
2336 2478
2337 2478
2338 2478
2339 2478
2340 2478
2341 2478
2342 2478
2343 2478
2344 2478
2345 2478
2346 2478
2347 2477
2348 2477
2349 2477
2350 2477
2351 2477
2352 2477
2353 2477
2354 2477
2355 2477
2356 2477
2357 2477
2358 2477
2359 2477
2360 2477
2361 2477
2362 2476
2363 2476
2364 2476
2365 2476
2366 2476
2367 2476
2368 2476
2369 2476
2370 2476
2371 2476
2372 2476
2373 2476
2374 2476
2375 2476
2376 2476
2377 2476
2378 2477
2379 2477
2380 2477
2381 2477
2382 2478
2383 2478
2384 2478
2385 2478
2386 2478
2387 2479
2388 2479
2389 2479
2390 2479
2391 2479
2392 2479
2393 2479
2394 2479
2395 2479
2396 2479
2397 2479
2398 2479
2399 2480
2400 2480
2401 2480
2402 2481
2403 2481
2404 2482
2405 2482
2406 2482
2407 2483
2408 2483
2409 2483
2410 2483
2411 2483
2412 2483
2413 2483
2414 2483
2415 2483
2416 2483
2417 2483
2418 2484
2419 2484
2420 2484
2421 2485
2422 2485
2423 2486
2424 2486
2425 2486
2426 2487
2427 2487
2428 2487
2429 2487
2430 2487
2431 2487
2432 2487
2433 2487
2434 2488
2435 2488
2436 2488
2437 2488
2438 2488
2439 2488
2440 2488
2441 2488
2442 2487
2443 2487
2444 2487
2445 2487
2446 2487
2447 2487
2448 2487
2449 2487
2450 2487
2451 2487
2452 2487
2453 2487
2454 2487
2455 2487
2456 2487
2457 2487
2458 2487
2459 2487
2460 2487
2461 2487
2462 2487
2463 2486
2464 2486
2465 2486
2466 2486
2467 2487
2468 2487
2469 2487
2470 2488
2471 2488
2472 2488
2473 2488
2474 2488
2475 2489
2476 2489
2477 2489
2478 2489
2479 2490
2480 2490
2481 2490
2482 2490
2483 2490
2484 2491
2485 2491
2486 2491
2487 2491
2488 2491
2489 2492
2490 2492
2491 2492
2492 2492
2493 2493
2494 2493
2495 2493
2496 2493
2497 2493
2498 2493
2499 2493
2500 2494
2501 2494
2502 2494
2503 2495
2504 2495
2505 2495
2506 2495
2507 2496
2508 2496
2509 2496
2510 2497
2511 2497
2512 2497
2513 2498
2514 2498
2515 2498
2516 2498
2517 2498
2518 2498
2519 2499
2520 2499
2521 2499
2522 2499
2523 2499
2524 2499
2525 2500
2526 2500
2527 2500
2528 2501
2529 2501
2530 2502
2531 2502
2532 2502
2533 2502
2534 2503
2535 2503
2536 2503
2537 2503
2538 2503
2539 2503
2540 2503
2541 2503
2542 2503
2543 2503
2544 2503
2545 2503
2546 2503
2547 2503
2548 2503
2549 2504
2550 2504
2551 2504
2552 2505
2553 2505
2554 2506
2555 2506
2556 2507
2557 2507
2558 2508
2559 2508
2560 2509
2561 2509
2562 2510
2563 2510
2564 2511
2565 2512
2566 2512
2567 2513
2568 2514
2569 2514
2570 2515
2571 2515
2572 2516
2573 2516
2574 2516
2575 2516
2576 2517
2577 2517
2578 2517
2579 2517
2580 2517
2581 2517
2582 2517
2583 2517
2584 2517
2585 2518
2586 2518
2587 2518
2588 2519
2589 2519
2590 2519
2591 2520
2592 2520
2593 2520
2594 2521
2595 2521
2596 2521
2597 2521
2598 2521
2599 2521
2600 2521
2601 2521
2602 2521
2603 2521
2604 2521
2605 2521
2606 2522
2607 2522
2608 2522
2609 2523
2610 2523
2611 2523
2612 2524
2613 2524
2614 2524
2615 2524
2616 2524
2617 2524
2618 2525
2619 2525
2620 2525
2621 2525
2622 2526
2623 2527
2624 2527
2625 2528
2626 2528
2627 2528
2628 2529
2629 2529
2630 2529
2631 2529
2632 2529
2633 2529
2634 2529
2635 2529
2636 2530
2637 2530
2638 2530
2639 2530
2640 2530
2641 2530
2642 2530
2643 2530
2644 2530
2645 2530
2646 2531
2647 2531
2648 2531
2649 2532
2650 2532
2651 2532
2652 2533
2653 2533
2654 2533
2655 2533
2656 2533
2657 2533
2658 2534
2659 2534
2660 2534
2661 2534
2662 2534
2663 2534
2664 2534
2665 2535
2666 2535
2667 2535
2668 2536
2669 2536
2670 2537
2671 2537
2672 2537
2673 2537
2674 2538
2675 2538
2676 2538
2677 2538
2678 2538
2679 2538
2680 2539
2681 2539
2682 2539
2683 2540
2684 2540
2685 2541
2686 2541
2687 2541
2688 2542
2689 2542
2690 2542
2691 2542
2692 2543
2693 2544
2694 2544
2695 2545
2696 2545
2697 2545
2698 2546
2699 2546
2700 2546
2701 2546
2702 2547
2703 2547
2704 2547
2705 2547
2706 2548
2707 2548
2708 2548
2709 2549
2710 2549
2711 2550
2712 2550
2713 2550
2714 2551
2715 2551
2716 2552
2717 2552
2718 2553
2719 2554
2720 2554
2721 2555
2722 2555
2723 2556
2724 2556
2725 2556
2726 2556
2727 2556
2728 2556
2729 2556
2730 2557
2731 2557
2732 2557
2733 2558
2734 2558
2735 2559
2736 2559
2737 2560
2738 2561
2739 2562
2740 2563
2741 2564
2742 2564
2743 2564
2744 2565
2745 2565
2746 2566
2747 2566
2748 2566
2749 2567
2750 2567
2751 2567
2752 2568
2753 2568
2754 2569
2755 2569
2756 2569
2757 2570
2758 2570
2759 2570
2760 2570
2761 2570
2762 2571
2763 2571
2764 2572
2765 2573
2766 2573
2767 2574
2768 2574
2769 2574
2770 2575
2771 2575
2772 2575
2773 2575
2774 2576
2775 2576
2776 2576
2777 2577
2778 2577
2779 2578
2780 2578
2781 2579
2782 2579
2783 2580
2784 2581
2785 2582
2786 2582
2787 2583
2788 2583
2789 2584
2790 2584
2791 2584
2792 2585
2793 2585
2794 2585
2795 2586
2796 2586
2797 2587
2798 2587
2799 2588
2800 2588
2801 2589
2802 2589
2803 2589
2804 2589
2805 2590
2806 2590
2807 2590
2808 2590
2809 2591
2810 2591
2811 2592
2812 2592
2813 2593
2814 2593
2815 2593
2816 2594
2817 2594
2818 2594
2819 2594
2820 2595
2821 2595
2822 2595
2823 2595
2824 2596
2825 2596
2826 2597
2827 2597
2828 2598
2829 2599
2830 2600
2831 2601
2832 2601
2833 2602
2834 2603
2835 2603
2836 2604
2837 2605
2838 2606
2839 2607
2840 2607
2841 2608
2842 2608
2843 2608
2844 2609
2845 2609
2846 2609
2847 2610
2848 2611
2849 2611
2850 2612
2851 2612
2852 2613
2853 2613
2854 2614
2855 2614
2856 2615
2857 2616
2858 2616
2859 2617
2860 2617
2861 2618
2862 2618
2863 2618
2864 2619
2865 2619
2866 2619
2867 2619
2868 2619
2869 2619
2870 2619
2871 2620
2872 2620
2873 2620
2874 2621
2875 2622
2876 2623
2877 2623
2878 2623
2879 2624
2880 2624
2881 2624
2882 2624
2883 2624
2884 2624
2885 2625
2886 2625
2887 2625
2888 2626
2889 2626
2890 2626
2891 2627
2892 2627
2893 2627
2894 2628
2895 2628
2896 2628
2897 2628
2898 2628
2899 2628
2900 2628
2901 2628
2902 2628
2903 2628
2904 2628
2905 2628
2906 2628
2907 2628
2908 2628
2909 2628
2910 2628
2911 2628
2912 2628
2913 2628
2914 2629
2915 2629
2916 2629
2917 2630
2918 2630
2919 2631
2920 2631
2921 2631
2922 2631
2923 2632
2924 2632
2925 2632
2926 2632
2927 2632
2928 2632
2929 2632
2930 2632
2931 2632
2932 2632
2933 2632
2934 2632
2935 2632
2936 2632
2937 2632
2938 2632
2939 2632
2940 2633
2941 2633
2942 2633
2943 2634
2944 2634
2945 2635
2946 2635
2947 2635
2948 2635
2949 2635
2950 2636
2951 2636
2952 2636
2953 2636
2954 2636
2955 2636
2956 2636
2957 2636
2958 2636
2959 2636
2960 2636
2961 2636
2962 2636
2963 2636
2964 2636
2965 2636
2966 2636
2967 2636
2968 2636
2969 2636
2970 2636
2971 2636
2972 2636
2973 2637
2974 2637
2975 2637
2976 2637
2977 2638
2978 2638
2979 2638
2980 2638
2981 2638
2982 2639
2983 2639
2984 2639
2985 2640
2986 2640
2987 2640
2988 2641
2989 2642
2990 2642
2991 2642
2992 2643
2993 2643
2994 2643
2995 2644
2996 2644
2997 2644
2998 2644
2999 2644
3000 2644
3001 2644
3002 2644
3003 2644
3004 2644
3005 2644
3006 2644
3007 2644
3008 2644
3009 2644
3010 2644
3011 2644
3012 2644
3013 2644
3014 2644
3015 2644
3016 2644
3017 2644
3018 2644
3019 2644
3020 2644
3021 2644
3022 2644
3023 2644
3024 2644
3025 2644
3026 2644
3027 2643
3028 2643
3029 2643
3030 2643
3031 2643
3032 2643
3033 2643
3034 2643
3035 2643
3036 2643
3037 2643
3038 2643
3039 2643
3040 2643
3041 2643
3042 2643
3043 2642
3044 2642
3045 2642
3046 2642
3047 2642
3048 2642
3049 2642
3050 2642
3051 2642
3052 2642
3053 2642
3054 2642
3055 2642
3056 2642
3057 2642
3058 2642
3059 2641
3060 2641
3061 2641
3062 2641
3063 2641
3064 2641
3065 2641
3066 2641
3067 2641
3068 2641
3069 2641
3070 2641
3071 2641
3072 2641
3073 2641
3074 2641
3075 2640
3076 2640
3077 2640
3078 2640
3079 2640
3080 2640
3081 2640
3082 2640
3083 2640
3084 2640
3085 2640
3086 2640
3087 2640
3088 2640
3089 2640
3090 2640
3091 2639
3092 2639
3093 2639
3094 2639
3095 2639
3096 2639
3097 2639
3098 2639
3099 2639
3100 2639
3101 2639
3102 2639
3103 2639
3104 2639
3105 2639
3106 2638
3107 2638
3108 2638
3109 2638
3110 2638
3111 2637
3112 2637
3113 2637
3114 2636
3115 2636
3116 2636
3117 2635
3118 2635
3119 2635
3120 2634
3121 2634
3122 2634
3123 2633
3124 2633
3125 2633
3126 2633
3127 2633
3128 2633
3129 2632
3130 2632
3131 2632
3132 2632
3133 2631
3134 2631
3135 2630
3136 2630
3137 2629
3138 2629
3139 2628
3140 2628
3141 2628
3142 2627
3143 2627
3144 2627
3145 2627
3146 2627
3147 2626
3148 2626
3149 2626
3150 2626
3151 2625
3152 2625
3153 2624
3154 2624
3155 2623
3156 2623
3157 2622
3158 2622
3159 2621
3160 2621
3161 2621
3162 2621
3163 2620
3164 2620
3165 2620
3166 2620
3167 2620
3168 2619
3169 2619
3170 2619
3171 2619
3172 2619
3173 2619
3174 2618
3175 2618
3176 2618
3177 2617
3178 2617
3179 2617
3180 2617
3181 2616
3182 2616
3183 2615
3184 2615
3185 2615
3186 2614
3187 2614
3188 2614
3189 2613
3190 2613
3191 2613
3192 2612
3193 2612
3194 2611
3195 2610
3196 2610
3197 2609
3198 2608
3199 2608
3200 2607
3201 2607
3202 2607
3203 2607
3204 2606
3205 2606
3206 2606
3207 2606
3208 2606
3209 2605
3210 2605
3211 2605
3212 2605
3213 2604
3214 2604
3215 2603
3216 2602
3217 2601
3218 2601
3219 2600
3220 2600
3221 2600
3222 2599
3223 2599
3224 2599
3225 2599
3226 2599
3227 2598
3228 2598
3229 2598
3230 2598
3231 2598
3232 2597
3233 2597
3234 2597
3235 2596
3236 2596
3237 2595
3238 2595
3239 2594
3240 2594
3241 2594
3242 2593
3243 2593
3244 2592
3245 2592
3246 2592
3247 2592
3248 2592
3249 2591
3250 2591
3251 2591
3252 2591
3253 2591
3254 2591
3255 2591
3256 2591
3257 2591
3258 2590
3259 2590
3260 2589
3261 2589
3262 2588
3263 2587
3264 2587
3265 2586
3266 2586
3267 2586
3268 2586
3269 2586
3270 2585
3271 2585
3272 2585
3273 2585
3274 2585
3275 2584
3276 2584
3277 2584
3278 2584
3279 2583
3280 2583
3281 2583
3282 2582
3283 2581
3284 2581
3285 2581
3286 2580
3287 2580
3288 2580
3289 2579
3290 2579
3291 2579
3292 2579
3293 2578
3294 2578
3295 2577
3296 2576
3297 2575
3298 2575
3299 2574
3300 2574
3301 2573
3302 2573
3303 2573
3304 2572
3305 2571
3306 2570
3307 2569
3308 2569
3309 2568
3310 2568
3311 2567
3312 2567
3313 2567
3314 2566
3315 2566
3316 2565
3317 2564
3318 2563
3319 2562
3320 2562
3321 2561
3322 2561
3323 2560
3324 2559
3325 2558
3326 2557
3327 2557
3328 2556
3328 2555
3329 2554
3330 2553
3331 2552
3332 2551
3333 2550
3334 2550
3335 2549
3336 2549
3337 2549
3338 2548
3339 2548
3340 2547
3341 2547
3342 2546
3343 2545
3344 2544
3345 2544
3346 2543
3347 2543
3348 2542
3349 2542
3350 2541
3351 2540
3352 2539
3353 2538
3354 2538
3355 2537
3356 2537
3357 2536
3358 2536
3359 2535
3360 2535
3361 2534
3362 2533
3363 2532
3364 2531
3365 2530
3366 2529
3367 2528
3368 2527
3369 2526
3370 2526
3371 2525
3372 2525
3373 2524
3374 2524
3375 2524
3376 2523
3377 2522
3378 2521
3379 2520
3380 2520
3381 2519
3382 2519
3383 2519
3384 2518
3385 2518
3386 2518
3387 2518
3388 2517
3389 2517
3390 2517
3391 2517
3392 2517
3393 2516
3394 2516
3395 2515
3396 2514
3397 2514
3398 2513
3399 2513
3400 2512
3401 2512
3402 2511
3403 2511
3404 2510
3405 2510
3406 2509
3407 2508
3407 2507
3408 2506
3409 2505
3410 2504
3411 2503
3412 2502
3413 2501
3414 2501
3415 2500
3416 2500
3417 2499
3418 2499
3419 2499
3420 2498
3421 2498
3422 2498
3423 2498
3424 2498
3425 2497
3426 2497
3427 2496
3428 2495
3429 2494
3430 2494
3431 2493
3432 2493
3433 2492
3434 2492
3435 2491
3436 2490
3436 2489
3437 2488
3437 2487
3438 2486
3439 2485
3439 2484
3440 2483
3440 2482
3441 2481
3441 2480
3441 2479
3442 2478
3442 2477
3443 2476
3444 2475
3444 2474
3445 2473
3446 2472
3447 2471
3448 2471
3449 2470
3450 2469
3450 2468
3451 2467
3452 2466
3453 2466
3454 2465
3455 2464
3456 2463
3457 2462
3458 2461
3459 2460
3460 2459
3461 2458
3461 2457
3462 2456
3463 2455
3464 2454
3465 2453
3466 2452
3467 2451
3468 2450
3469 2449
3470 2448
3471 2448
3472 2447
3473 2447
3474 2446
3475 2445
3476 2444
3476 2443
3477 2442
3478 2441
3479 2440
3480 2439
3480 2438
3481 2437
3481 2436
3482 2435
3482 2434
3482 2433
3483 2432
3483 2431
3483 2430
3484 2429
3485 2428
3486 2427
3487 2426
3488 2425
3489 2424
3490 2423
3490 2422
3491 2421
3492 2420
3492 2419
3493 2418
3493 2417
3493 2416
3493 2415
3493 2414
3493 2413
3493 2412
3493 2411
3494 2410
3494 2409
3494 2408
3494 2407
3494 2406
3494 2405
3494 2404
3494 2403
3495 2402
3495 2401
3496 2400
3496 2399
3497 2398
3497 2397
3497 2396
3497 2395
3497 2394
3498 2393
3498 2392
3499 2391
3500 2390
3501 2389
3501 2388
3501 2387
3502 2386
3502 2385
3502 2384
3503 2383
3504 2382
3504 2381
3505 2380
3505 2379
3506 2378
3507 2377
3508 2376
3509 2375
3509 2374
3510 2373
3511 2372
3511 2371
3512 2370
3513 2369
3514 2369
3515 2368
3515 2367
3516 2366
3516 2365
3516 2364
3516 2363
3517 2362
3517 2361
3517 2360
3517 2359
3517 2358
3517 2357
3518 2356
3518 2355
3519 2354
3519 2353
3520 2352
3520 2351
3520 2350
3521 2349
3521 2348
3521 2347
3522 2346
3522 2345
3522 2344
3522 2343
3522 2342
3522 2341
3522 2340
3522 2339
3522 2338
3522 2337
3522 2336
3522 2335
3522 2334
3522 2333
3522 2332
3522 2331
3523 2330
3524 2329
3524 2328
3524 2327
3525 2326
3525 2325
3525 2324
3526 2323
3527 2322
3528 2321
3529 2321
3530 2320
3531 2320
3532 2320
3533 2320
3534 2319
3535 2319
3536 2319
3537 2319
3538 2318
3539 2317
3539 2316
3540 2315
3540 2314
3541 2313
3541 2312
3541 2311
3542 2310
3542 2309
3543 2308
3544 2307
3544 2306
3545 2305
3546 2304
3547 2303
3547 2302
3547 2301
3547 2300
3547 2299
3546 2298
3545 2297
3545 2296
3544 2295
3544 2294
3543 2293
3542 2292
3541 2291
3540 2290
3539 2289
3538 2289
3537 2289
3536 2288
3535 2288
3534 2288
3533 2287
3532 2287
3531 2286
3530 2285
3529 2285
3528 2284
3527 2283
3527 2282
3526 2281
3526 2280
3525 2279
3524 2278
3524 2277
3523 2276
3522 2275
3522 2274
3521 2273
3521 2272
3520 2271
3520 2270
3520 2269
3519 2268
3519 2267
3519 2266
3519 2265
3519 2264
3518 2263
3518 2262
3518 2261
3518 2260
3518 2259
3518 2258
3518 2257
3518 2256
3518 2255
3517 2254
3517 2253
3517 2252
3517 2251
3517 2250
3517 2249
3517 2248
3517 2247
3517 2246
3517 2245
3517 2244
3517 2243
3517 2242
3516 2241
3516 2240
3516 2239
3516 2238
3516 2237
3516 2236
3516 2235
3516 2234
3516 2233
3516 2232
3516 2231
3516 2230
3516 2229
3516 2228
3516 2227
3516 2226
3515 2225
3515 2224
3515 2223
3515 2222
3515 2221
3515 2220
3515 2219
3515 2218
3515 2217
3515 2216
3515 2215
3515 2214
3515 2213
3515 2212
3515 2211
3514 2210
3514 2209
3514 2208
3514 2207
3514 2206
3513 2205
3512 2204
3512 2203
3511 2202
3510 2201
3510 2200
3509 2199
3509 2198
3509 2197
3509 2196
3509 2195
3508 2194
3508 2193
3508 2192
3508 2191
3508 2190
3507 2189
3506 2188
3506 2187
3505 2186
3505 2185
3504 2184
3503 2183
3503 2182
3502 2181
3501 2180
3500 2179
3500 2178
3499 2177
3499 2176
3498 2175
3498 2174
3498 2173
3497 2172
3497 2171
3497 2170
3497 2169
3496 2168
3496 2167
3496 2166
3496 2165
3496 2164
3495 2163
3495 2162
3495 2161
3495 2160
3495 2159
3494 2158
3494 2157
3493 2156
3493 2155
3492 2154
3492 2153
3491 2152
3491 2151
3490 2150
3490 2149
3490 2148
3490 2147
3489 2146
3489 2145
3488 2144
3488 2143
3487 2142
3487 2141
3486 2140
3486 2139
3485 2138
3485 2137
3484 2136
3484 2135
3484 2134
3483 2133
3483 2132
3482 2131
3481 2130
3480 2129
3479 2128
3479 2127
3478 2126
3477 2125
3477 2124
3476 2123
3475 2122
3475 2121
3474 2120
3473 2120
3472 2119
3471 2118
3470 2117
3469 2116
3468 2115
3467 2114
3467 2113
3466 2112
3465 2111
3464 2110
3463 2109
3462 2108
3461 2107
3460 2106
3460 2105
3459 2104
3458 2103
3457 2102
3457 2101
3456 2100
3455 2099
3454 2098
3454 2097
3453 2096
3452 2095
3451 2094
3450 2093
3450 2092
3449 2091
3448 2090
3447 2089
3446 2088
3445 2087
3444 2087
3443 2086
3442 2086
3441 2085
3440 2085
3439 2084
3439 2083
3438 2082
3437 2081
3436 2080
3436 2079
3435 2078
3434 2078
3433 2077
3432 2076
3431 2075
3430 2074
3429 2073
3428 2073
3427 2072
3426 2071
3425 2070
3424 2069
3423 2068
3422 2067
3421 2066
3420 2065
3419 2065
3418 2064
3417 2064
3416 2064
3415 2063
3414 2062
3413 2061
3413 2060
3412 2059
3413 2058
3414 2057
3414 2056
3415 2055
3416 2054
3417 2053
3418 2053
3419 2052
3420 2051
3421 2050
3422 2049
3423 2048
3424 2047
3425 2047
3426 2047
3427 2046
3428 2045
3429 2044
3429 2043
3430 2042
3431 2041
3432 2041
3433 2040
3433 2039
3434 2038
3435 2037
3436 2036
3437 2036
3438 2035
3439 2035
3440 2034
3440 2033
3440 2032
3441 2031
3441 2030
3441 2029
3440 2029
3439 2029
3438 2029
3437 2029
3436 2029
3435 2029
3434 2028
3433 2028
3432 2028
3431 2028
3430 2029
3429 2029
3428 2029
3427 2029
3426 2029
3425 2029
3424 2029
3423 2029
3422 2029
3421 2029
3420 2029
3419 2029
3418 2029
3417 2029
3416 2029
3415 2029
3414 2029
3413 2029
3412 2029
3411 2029
3410 2030
3409 2030
3408 2030
3407 2029
3406 2028
3405 2027
3404 2026
3403 2025
3402 2024
3402 2023
3401 2022
3401 2021
3400 2020
3400 2019
3399 2018
3398 2017
3397 2016
3396 2015
3395 2014
3394 2014
3393 2013
3392 2012
3391 2012
3390 2011
3389 2010
3389 2009
3388 2008
3387 2007
3386 2006
3386 2005
3385 2004
3384 2003
3383 2002
3382 2001
3381 2001
3380 2000
3379 1999
3378 1998
3377 1998
3376 1998
3375 1997
3374 1997
3373 1996
3372 1996
3371 1995
3370 1994
3369 1993
3368 1993
3367 1992
3366 1992
3365 1991
3364 1991
3363 1991
3362 1990
3361 1990
3360 1989
3359 1988
3358 1988
3357 1987
3357 1986
3356 1985
3355 1984
3354 1983
3354 1982
3353 1981
3352 1981
3351 1980
3350 1980
3349 1980
3348 1979
3347 1979
3347 1980
3346 1981
3345 1981
3344 1980
3343 1980
3342 1979
3341 1978
3340 1978
3339 1977
3338 1976
3337 1976
3336 1975
3335 1974
3334 1974
3333 1974
3332 1974
3331 1974
3330 1974
3329 1974
3328 1974
3327 1973
3326 1972
3325 1972
3324 1971
3323 1971
3322 1971
3321 1970
3320 1970
3319 1970
3318 1970
3317 1970
3316 1970
3315 1970
3314 1970
3313 1970
3312 1970
3311 1970
3310 1970
3309 1970
3308 1970
3307 1970
3306 1970
3305 1970
3304 1969
3303 1968
3302 1968
3301 1967
3300 1967
3299 1967
3298 1966
3297 1966
3296 1966
3295 1966
3294 1966
3293 1966
3292 1966
3291 1966
3290 1966
3289 1966
3288 1966
3287 1966
3286 1966
3285 1966
3284 1966
3283 1966
3282 1966
3281 1966
3280 1966
3279 1966
3278 1966
3277 1966
3276 1966
3275 1966
3274 1966
3273 1967
3272 1967
3271 1967
3270 1967
3269 1967
3268 1967
3267 1967
3266 1967
3265 1967
3264 1967
3263 1967
3262 1967
3261 1967
3260 1967
3259 1967
3258 1967
3257 1968
3256 1968
3255 1968
3254 1968
3253 1968
3252 1968
3251 1968
3250 1968
3249 1968
3248 1968
3247 1968
3246 1968
3245 1968
3244 1968
3243 1968
3242 1968
3241 1968
3240 1969
3239 1969
3238 1969
3237 1969
3236 1969
3235 1969
3234 1969
3233 1969
3232 1969
3231 1969
3230 1969
3229 1969
3228 1969
3227 1969
3226 1969
3225 1969
3224 1970
3223 1970
3222 1970
3221 1970
3220 1970
3219 1970
3218 1970
3217 1970
3216 1970
3215 1970
3214 1970
3213 1970
3212 1970
3211 1969
3210 1969
3209 1968
3208 1968
3207 1968
3206 1967
3205 1967
3204 1967
3203 1967
3202 1966
3201 1966
3200 1966
3199 1965
3198 1965
3197 1964
3196 1964
3195 1963
3194 1963
3193 1962
3192 1962
3191 1961
3190 1960
3189 1960
3188 1959
3187 1958
3186 1957
3185 1957
3184 1957
3183 1957
3182 1956
3181 1955
3181 1954
3180 1953
3179 1953
3178 1953
3177 1952
3176 1951
3175 1951
3174 1950
3173 1950
3172 1949
3171 1948
3170 1947
3169 1946
3168 1945
3167 1944
3166 1944
3165 1943
3164 1942
3163 1941
3163 1940
3162 1939
3161 1939
3160 1938
3159 1938
3158 1937
3157 1937
3156 1937
3155 1936
3154 1936
3153 1936
3152 1936
3151 1936
3150 1936
3149 1936
3148 1936
3147 1936
3146 1936
3145 1936
3144 1936
3143 1936
3142 1936
