3033 1776
3032 1777
3031 1777
3030 1777
3029 1778
3028 1778
3027 1778
3026 1778
3025 1779
3024 1779
3023 1779
3022 1779
3021 1779
3020 1779
3019 1779
3018 1779
3017 1779
3016 1779
3015 1779
3014 1779
3013 1779
3012 1779
3011 1779
3010 1779
3009 1779
3008 1779
3007 1779
3006 1779
3005 1779
3004 1779
3003 1779
3002 1779
3001 1779
3000 1779
2999 1779
2998 1779
2997 1779
2996 1779
2995 1779
2994 1779
2993 1779
2992 1779
2991 1779
2990 1779
2989 1780
2988 1780
2987 1781
2986 1782
2985 1782
2984 1783
2983 1784
2982 1785
2981 1785
2980 1786
2979 1786
2978 1786
2977 1786
2976 1787
2975 1787
2974 1787
2973 1787
2972 1787
2971 1787
2970 1787
2969 1787
2968 1788
2967 1788
2966 1788
2965 1788
2964 1788
2963 1788
2962 1789
2961 1789
2960 1789
2959 1789
2958 1790
2957 1790
2956 1790
2955 1790
2954 1791
2953 1791
2952 1791
2951 1791
2950 1791
2949 1792
2948 1792
2947 1792
2946 1792
2945 1792
2944 1792
2943 1792
2942 1792
2941 1792
2940 1792
2939 1792
2938 1792
2937 1792
2936 1792
2935 1792
2934 1792
2933 1792
2932 1792
2931 1792
2930 1792
2929 1792
2928 1792
2927 1792
2926 1792
2925 1792
2924 1792
2923 1792
2922 1792
2921 1792
2920 1792
2919 1792
2918 1792
2917 1792
2916 1792
2915 1792
2914 1792
2913 1792
2912 1792
2911 1791
2910 1791
2909 1791
2908 1791
2907 1791
2906 1791
2905 1791
2904 1791
2903 1791
2902 1791
2901 1791
2900 1791
2899 1791
2898 1791
2897 1791
2896 1791
2895 1791
2894 1791
2893 1791
2892 1791
2891 1791
2890 1791
2889 1791
2888 1791
2887 1791
2886 1791
2885 1791
2884 1791
2883 1791
2882 1791
2881 1791
2880 1791
2879 1791
2878 1791
2877 1791
2876 1790
2875 1790
2874 1790
2873 1790
2872 1790
2871 1790
2870 1790
2869 1790
2868 1790
2867 1790
2866 1790
2865 1790
2864 1790
2863 1790
2862 1790
2861 1790
2860 1790
2859 1790
2858 1790
2857 1790
2856 1790
2855 1791
2854 1791
2853 1791
2852 1792
2851 1792
2850 1792
2849 1792
2848 1793
2847 1793
2846 1793
2845 1793
2844 1794
2843 1794
2842 1794
2841 1795
2840 1795
2839 1795
2838 1796
2837 1796
2836 1796
2835 1797
2834 1797
2833 1797
2832 1797
2831 1798
2830 1798
2829 1799
2828 1800
2827 1800
2826 1801
2825 1801
2824 1801
2823 1802
2822 1802
2821 1802
2820 1802
2819 1802
2818 1802
2817 1803
2816 1803
2815 1803
2814 1803
2813 1803
2812 1803
2811 1804
2810 1804
2809 1805
2808 1805
2807 1806
2806 1806
2805 1806
2804 1806
2803 1806
2802 1807
2801 1807
2800 1807
2799 1807
2798 1807
2797 1807
2796 1807
2795 1807
2794 1807
2793 1807
2792 1807
2791 1807
2790 1807
2789 1807
2788 1807
2787 1807
2786 1807
2785 1807
2784 1807
2783 1807
2782 1807
2781 1807
2780 1807
2779 1807
2778 1807
2777 1807
2776 1807
2775 1807
2774 1807
2773 1807
2772 1807
2771 1807
2770 1807
2769 1807
2768 1807
2767 1807
2766 1807
2765 1807
2764 1807
2763 1807
2762 1807
2761 1807
2760 1808
2759 1808
2758 1809
2757 1809
2756 1810
2755 1810
2754 1811
2753 1812
2752 1812
2751 1813
2750 1814
2749 1815
2748 1816
2747 1816
2746 1817
2745 1818
2744 1818
2743 1819
2742 1819
2741 1820
2740 1821
2739 1822
2738 1822
2737 1823
2736 1823
2735 1824
2734 1824
2733 1824
2732 1824
2731 1824
2730 1825
2729 1825
2728 1825
2727 1826
2726 1827
2725 1827
2724 1828
2723 1828
2722 1829
2721 1830
2720 1831
2719 1832
2718 1833
2717 1834
2716 1835
2715 1836
2714 1836
2713 1836
2712 1837
2711 1838
2710 1838
2709 1839
2708 1840
2707 1840
2706 1841
2705 1841
2704 1842
2703 1842
2702 1842
2701 1843
2700 1843
2699 1843
2698 1844
2697 1844
2696 1845
2695 1845
2694 1846
2693 1846
2692 1847
2691 1847
2690 1847
2689 1848
2688 1848
2687 1849
2686 1850
2685 1850
2684 1851
2683 1852
2682 1853
2681 1853
2680 1854
2679 1855
2678 1855
2677 1855
2676 1856
2675 1856
2674 1857
2673 1858
2672 1859
2671 1860
2670 1861
2669 1861
2668 1862
2667 1862
2666 1862
2665 1862
2664 1863
2663 1864
2662 1865
2661 1865
2660 1865
2659 1866
2658 1866
2657 1866
2656 1867
2655 1868
2654 1868
2653 1869
2652 1870
2651 1870
2650 1871
2649 1872
2648 1873
2647 1874
2646 1874
2645 1875
2644 1875
2643 1876
2642 1876
2641 1877
2640 1878
2639 1879
2638 1879
2637 1880
2636 1880
2635 1881
2634 1882
2633 1882
2632 1883
2631 1883
2630 1884
2629 1884
2628 1885
2627 1886
2626 1886
2625 1887
2624 1888
2623 1888
2622 1889
2621 1890
2620 1891
2619 1892
2618 1893
2617 1893
2616 1894
2615 1894
2614 1894
2613 1895
2612 1895
2611 1896
2610 1897
2609 1897
2608 1898
2607 1898
2606 1899
2605 1899
2604 1900
2603 1901
2602 1901
2601 1902
2600 1903
2599 1903
2598 1903
2597 1904
2596 1905
2595 1905
2594 1906
2593 1907
2592 1907
2591 1908
2590 1908
2589 1909
2588 1910
2587 1910
2586 1911
2585 1912
2584 1913
2583 1914
2582 1915
2581 1916
2580 1916
2579 1917
2578 1917
2577 1918
2576 1919
2575 1920
2574 1921
2573 1921
2572 1922
2571 1923
2570 1923
2569 1923
2568 1923
2567 1924
2566 1924
2565 1924
2564 1924
2563 1924
2562 1924
2561 1924
2560 1924
2559 1924
2558 1924
2557 1924
2556 1923
2555 1922
2554 1921
2554 1920
2554 1919
2554 1918
2553 1917
2553 1916
2553 1915
2553 1914
2553 1913
2553 1912
2553 1911
2553 1910
2553 1909
2553 1908
2553 1907
2553 1906
2553 1905
2553 1904
2553 1903
2553 1902
2553 1901
2553 1900
2553 1899
2553 1898
2553 1897
2553 1896
2553 1895
2553 1894
2553 1893
2553 1892
2553 1891
2552 1892
2552 1893
2551 1894
2551 1895
2550 1896
2550 1897
2550 1898
2550 1899
2549 1900
2548 1901
2548 1902
2547 1903
2546 1904
2545 1905
2544 1906
2543 1907
2543 1908
2542 1909
2542 1910
2541 1911
2541 1912
2540 1913
2540 1914
2539 1915
2538 1916
2537 1917
2537 1918
2536 1919
2535 1919
2534 1920
2533 1921
2532 1921
2531 1922
2530 1923
2529 1923
2528 1924
2527 1925
2526 1925
2525 1926
2524 1927
2523 1928
2522 1929
2522 1930
2521 1931
2520 1932
2519 1933
2518 1934
2517 1935
2517 1936
2516 1937
2515 1938
2515 1939
2514 1940
2513 1941
2512 1942
2511 1943
2510 1944
2509 1944
2508 1945
2507 1945
2506 1946
2506 1947
2505 1948
2504 1949
2503 1950
2502 1950
2501 1951
2500 1952
2499 1952
2498 1953
2497 1954
2496 1954
2495 1955
2494 1955
2493 1956
2492 1957
2491 1958
2490 1958
2489 1959
2488 1959
2487 1960
2486 1961
2485 1962
2484 1963
2484 1964
2483 1965
2482 1965
2481 1965
2480 1966
2479 1966
2478 1966
2477 1966
2476 1966
2475 1966
2474 1966
2473 1967
2472 1966
2471 1966
2470 1965
2469 1964
2469 1963
2469 1962
2468 1961
2468 1960
2468 1959
2468 1958
2468 1957
2468 1956
2467 1955
2467 1954
2467 1953
2467 1952
2467 1951
2467 1950
2467 1949
2467 1948
2466 1948
2465 1948
2464 1949
2463 1949
2462 1950
2461 1951
2460 1952
2459 1953
2458 1954
2457 1955
2456 1955
2455 1956
2454 1957
2454 1958
2453 1959
2452 1960
2451 1961
2450 1962
2449 1963
2448 1964
2447 1965
2446 1966
2445 1967
2445 1968
2444 1969
2444 1970
2444 1971
2443 1972
2442 1973
2441 1973
2440 1974
2439 1974
2438 1975
2437 1976
2436 1977
2435 1978
2434 1978
2433 1979
2432 1979
2431 1979
2430 1979
2429 1979
2428 1980
2427 1980
2426 1980
2425 1980
2424 1980
2423 1980
2422 1980
2421 1980
2420 1980
2419 1980
2418 1980
2417 1980
2416 1980
2415 1980
2414 1980
2413 1980
2412 1980
2411 1980
2410 1980
2409 1980
2408 1980
2407 1980
2406 1980
2405 1980
2404 1980
2403 1979
2402 1978
2402 1977
2402 1976
2402 1975
2402 1974
2402 1973
2402 1972
2402 1971
2402 1970
2401 1970
2400 1971
2399 1972
2398 1972
2397 1973
2396 1974
2395 1975
2394 1975
2393 1976
2392 1976
2391 1977
2390 1978
2389 1979
2388 1980
2387 1981
2386 1981
2385 1982
2384 1982
2383 1982
2382 1982
2381 1982
2380 1983
2379 1983
2378 1983
2377 1983
2376 1983
2375 1983
2374 1983
2373 1984
2372 1984
2371 1985
2370 1985
2369 1985
2368 1986
2367 1986
2366 1986
2365 1986
2364 1986
2363 1987
2362 1987
2361 1987
2360 1987
2359 1987
2358 1987
2357 1987
2356 1987
2355 1987
2354 1987
2353 1987
2352 1988
2351 1988
2350 1989
2349 1989
2348 1990
2347 1990
2346 1990
2345 1991
2344 1991
2343 1991
2342 1991
2341 1991
2340 1991
2339 1991
2338 1992
2337 1992
2336 1992
2335 1992
2334 1992
2333 1992
2332 1992
2331 1992
2330 1992
2329 1992
2328 1992
2327 1992
2326 1992
2325 1992
2324 1993
2323 1993
2322 1993
2321 1994
2320 1994
2319 1994
2318 1994
2317 1995
2316 1995
2315 1995
2314 1995
2313 1995
2312 1996
2311 1996
2310 1996
2309 1996
2308 1996
2307 1996
2306 1996
2305 1996
2304 1996
2303 1996
2302 1996
2301 1996
2300 1996
2299 1996
2298 1997
2297 1997
2296 1998
2295 1998
2294 1998
2293 1998
2292 1999
2291 1999
2290 1999
2289 1999
2288 1999
2287 1999
2286 2000
2285 2000
2284 2000
2283 2000
2282 2000
2281 2000
2280 2000
2279 2000
2278 2000
2277 2000
2276 2000
2275 2000
2274 2000
2273 2000
2272 2000
2271 2001
2270 2001
2269 2002
2268 2002
2267 2003
2266 2003
2265 2003
2264 2003
2263 2003
2262 2004
2261 2004
2260 2004
2259 2004
2258 2004
2257 2004
2256 2004
2255 2004
2254 2004
2253 2004
2252 2004
2251 2004
2250 2004
2249 2004
2248 2004
2247 2004
2246 2004
2245 2004
2244 2004
2243 2004
2242 2004
2241 2004
2240 2004
2239 2004
2238 2004
2237 2004
2236 2004
2235 2004
2234 2004
2233 2004
2232 2004
2231 2004
2230 2004
2229 2004
2228 2004
2227 2004
2226 2004
2225 2004
2224 2004
2223 2004
2222 2004
2221 2004
2220 2004
2219 2003
2218 2003
2217 2003
2216 2002
2215 2002
2214 2001
2213 2001
2212 2001
2211 2001
2210 2000
2209 2000
2208 2000
2207 2000
2206 1999
2205 1999
2204 1999
2203 1999
2202 1999
2201 1999
2200 1999
2199 1998
2198 1998
2197 1998
2196 1998
2195 1998
2194 1998
2193 1998
2192 1997
2191 1996
2190 1995
2189 1995
2188 1995
2187 1994
2186 1994
2185 1994
2184 1994
2183 1994
2182 1994
2181 1994
2180 1993
2179 1993
2178 1993
2177 1992
2176 1991
2175 1991
2174 1990
2173 1990
2172 1989
2171 1989
2170 1988
2169 1987
2168 1986
2168 1985
2168 1984
2168 1983
2168 1982
2168 1981
2168 1980
2168 1979
2168 1978
2168 1977
2168 1976
2168 1975
2168 1974
2168 1973
2168 1972
2168 1971
2168 1970
2168 1969
2168 1968
2168 1967
2168 1966
2168 1965
2169 1964
2169 1963
2169 1962
2169 1961
2169 1960
2169 1959
2169 1958
2168 1957
2167 1956
2166 1955
2166 1954
2166 1953
2165 1952
2165 1951
2165 1950
2165 1949
2165 1948
2164 1947
2164 1946
2164 1945
2164 1944
2164 1943
2164 1942
2164 1941
2164 1940
2164 1939
2164 1938
2164 1937
2164 1936
2164 1935
2164 1934
2165 1933
2165 1932
2165 1931
2165 1930
2166 1929
2166 1928
2167 1927
2167 1926
2167 1925
2168 1924
2168 1923
2169 1922
2170 1921
2171 1920
2172 1919
2173 1918
2174 1917
2175 1916
2175 1915
2176 1914
2177 1913
2177 1912
2177 1911
2178 1910
2179 1909
2179 1908
2180 1907
2180 1906
2181 1905
2182 1904
2182 1903
2183 1902
2183 1901
2183 1900
2184 1899
2184 1898
2185 1897
2186 1896
2187 1896
2188 1895
2189 1894
2188 1894
2187 1894
2186 1894
2185 1894
2184 1894
2183 1894
2182 1894
2181 1894
2180 1894
2179 1894
2178 1894
2177 1894
2176 1893
2175 1893
2174 1893
2173 1893
2172 1893
2171 1893
2170 1893
2169 1893
2168 1893
2167 1893
2166 1893
2165 1893
2164 1893
2163 1893
2162 1893
2161 1893
2160 1893
2159 1893
2158 1894
2158 1895
2158 1896
2157 1897
2157 1898
2157 1899
2157 1900
2157 1901
2156 1902
2156 1903
2156 1904
2156 1905
2156 1906
2156 1907
2156 1908
2156 1909
2156 1910
2156 1911
2156 1912
2156 1913
2156 1914
2155 1915
2155 1916
2154 1917
2154 1918
2153 1919
2153 1920
2153 1921
2152 1922
2151 1923
2150 1924
2149 1925
2148 1926
2148 1927
2147 1928
2147 1929
2146 1930
2146 1931
2146 1932
2146 1933
2146 1934
2145 1935
2144 1936
2144 1937
2143 1938
2143 1939
2143 1940
2142 1941
2142 1942
2141 1943
2141 1944
2140 1945
2139 1946
2139 1947
2138 1948
2138 1949
2137 1950
2137 1951
2137 1952
2137 1953
2136 1954
2136 1955
2136 1956
2136 1957
2135 1958
2135 1959
2135 1960
2135 1961
2135 1962
2135 1963
2135 1964
2134 1965
2134 1966
2134 1967
2134 1968
2134 1969
2134 1970
2134 1971
2134 1972
2133 1973
2133 1974
2132 1975
2132 1976
2131 1977
2130 1978
2130 1979
2129 1980
2128 1980
2127 1980
2126 1980
2125 1980
2124 1979
2123 1978
2122 1977
2121 1977
2120 1976
2119 1975
2118 1974
2117 1973
2116 1972
2115 1972
2114 1971
2113 1970
2112 1970
2111 1969
2110 1968
2109 1967
2108 1966
2107 1965
2106 1964
2105 1963
2104 1962
2104 1961
2103 1960
2102 1959
2102 1958
2101 1957
2100 1956
2099 1955
2098 1954
2097 1953
2097 1952
2096 1951
2096 1950
2096 1949
2096 1948
2095 1947
2095 1946
2095 1945
2094 1944
2093 1943
2092 1943
2091 1943
2090 1942
2089 1941
2089 1940
2088 1939
2087 1938
2087 1937
2086 1937
2086 1938
2086 1939
2086 1940
2086 1941
2085 1942
2085 1943
2085 1944
2085 1945
2085 1946
2085 1947
2085 1948
2085 1949
2085 1950
2085 1951
2085 1952
2085 1953
2085 1954
2085 1955
2085 1956
2085 1957
2085 1958
2085 1959
2085 1960
2085 1961
2085 1962
2085 1963
2085 1964
2084 1965
2084 1966
2084 1967
2084 1968
2084 1969
2084 1970
2084 1971
2083 1972
2083 1973
2082 1974
2082 1975
2082 1976
2081 1977
2081 1978
2081 1979
2081 1980
2081 1981
2080 1982
2080 1983
2080 1984
2080 1985
2080 1986
2079 1987
2079 1988
2079 1989
2078 1990
2078 1991
2077 1992
2077 1993
2076 1994
2076 1995
2076 1996
2075 1997
2075 1998
2075 1999
2075 2000
2075 2001
2074 2002
2074 2003
2074 2004
2074 2005
2074 2006
2074 2007
2074 2008
2074 2009
2074 2010
2074 2011
2074 2012
2073 2013
2073 2014
2073 2015
2073 2016
2073 2017
2073 2018
2073 2019
2073 2020
2072 2021
2072 2022
2072 2023
2071 2024
2071 2025
2070 2026
2070 2027
2069 2028
2069 2029
2068 2030
2067 2031
2067 2032
2066 2033
2065 2034
2064 2035
2063 2036
2063 2037
2062 2038
2061 2039
2061 2040
2060 2041
2060 2042
2059 2043
2058 2044
2058 2045
2057 2046
2056 2047
2055 2048
2055 2049
2054 2050
2053 2051
2052 2052
2051 2053
2050 2054
2049 2055
2048 2056
2047 2056
2046 2057
2045 2057
2044 2057
2043 2057
2042 2057
2041 2057
2040 2057
2039 2058
2038 2058
2037 2058
2036 2059
2035 2059
2034 2059
2033 2060
2032 2060
2031 2060
2030 2060
2029 2060
2028 2061
2027 2061
2026 2061
2025 2061
2024 2061
2023 2061
2022 2061
2021 2061
2020 2061
2019 2062
2018 2062
2017 2062
2016 2063
2015 2063
2014 2063
2013 2064
2012 2064
2011 2064
2010 2064
2009 2065
2008 2065
2007 2065
2006 2065
2005 2065
2004 2065
2003 2066
2002 2067
2001 2067
2000 2068
1999 2068
1998 2069
1997 2069
1996 2069
1995 2070
1994 2070
1993 2070
1992 2070
1991 2070
1990 2070
1989 2070
1988 2070
1987 2071
1986 2071
1985 2071
1984 2072
1983 2072
1982 2072
1981 2073
1980 2073
1979 2073
1978 2073
1977 2074
1976 2074
1975 2074
1974 2074
1973 2074
1972 2074
1971 2074
1970 2074
1969 2074
1968 2074
1967 2074
1966 2075
1965 2075
1964 2075
1963 2075
1962 2076
1961 2076
1960 2076
1959 2077
1958 2077
1957 2078
1956 2078
1955 2078
1954 2078
1953 2078
1952 2079
1951 2079
1950 2079
1949 2079
1948 2079
1947 2079
1946 2079
1945 2079
1944 2079
1943 2079
1942 2079
1941 2079
1940 2079
1939 2079
1938 2079
1937 2079
1936 2079
1935 2079
1934 2080
1933 2080
1932 2081
1931 2081
1930 2082
1929 2082
1928 2083
1927 2083
1926 2084
1925 2084
1924 2085
1923 2085
1922 2086
1921 2086
1920 2087
1919 2088
1918 2088
1917 2089
1916 2090
1915 2091
1914 2091
1913 2091
1912 2092
1911 2092
1910 2093
1909 2093
1908 2094
1907 2094
1906 2095
1905 2095
1904 2095
1903 2095
1902 2096
1901 2096
1900 2096
1899 2096
1898 2097
1897 2098
1896 2099
1895 2099
1894 2100
1893 2101
1892 2101
1891 2102
1890 2103
1889 2103
1888 2104
1887 2104
1886 2104
1885 2105
1884 2105
1883 2106
1882 2106
1881 2107
1880 2107
1879 2108
1878 2108
1877 2109
1876 2109
1875 2110
1874 2110
1873 2111
1872 2111
1871 2112
1870 2112
1869 2113
1868 2113
1867 2114
1866 2114
1865 2115
1864 2115
1863 2115
1862 2115
1861 2116
1860 2116
1859 2116
1858 2117
1857 2117
1856 2118
1855 2118
1854 2119
1853 2119
1852 2120
1851 2120
1850 2121
1849 2121
1848 2122
1847 2122
1846 2123
1845 2124
1844 2125
1843 2125
1842 2126
1841 2127
1840 2127
1839 2128
1838 2128
1837 2128
1836 2128
1835 2129
1834 2129
1833 2129
1832 2129
1831 2129
1830 2129
1829 2130
1828 2130
1827 2130
1826 2131
1825 2131
1824 2132
1823 2132
1822 2133
1821 2133
1820 2134
1819 2134
1818 2134
1817 2134
1816 2135
1815 2135
1814 2136
1813 2136
1812 2137
1811 2137
1810 2138
1809 2138
1808 2139
1807 2140
1806 2140
1805 2141
1804 2141
1803 2142
1802 2143
1801 2143
1800 2144
1799 2144
1798 2145
1797 2145
1796 2146
1795 2146
1794 2146
1793 2147
1792 2147
1791 2148
1790 2149
1789 2149
1788 2150
1787 2151
1786 2151
1785 2151
1784 2152
1783 2152
1782 2152
1781 2152
1780 2152
1779 2153
1778 2153
1777 2154
1776 2154
1775 2155
1774 2156
1773 2157
1772 2157
1771 2157
1770 2158
1769 2159
1768 2159
1767 2160
1766 2160
1765 2160
1764 2161
1763 2161
1762 2161
1761 2162
1760 2162
1759 2162
1758 2162
1757 2163
1756 2163
1755 2163
1754 2164
1753 2164
1752 2165
1751 2165
1750 2165
1749 2166
1748 2166
1747 2166
1746 2166
1745 2167
1744 2167
1743 2167
1742 2167
1741 2167
1740 2167
1739 2167
1738 2167
1737 2167
1736 2167
1735 2167
1734 2168
1733 2168
1732 2168
1731 2169
1730 2170
1729 2170
1728 2170
1727 2171
1726 2171
1725 2172
1724 2172
1723 2173
1722 2173
1721 2174
1720 2174
1719 2175
1718 2175
1717 2176
1716 2176
1715 2177
1714 2177
1713 2178
1712 2178
1711 2179
1710 2179
1709 2180
1708 2181
1707 2181
1706 2182
1705 2182
1704 2183
1703 2183
1702 2183
1701 2184
1700 2184
1699 2184
1698 2184
1697 2185
1696 2185
1695 2185
1694 2185
1693 2186
1692 2187
1691 2187
1690 2188
1689 2188
1688 2189
1687 2189
1686 2190
1685 2190
1684 2190
1683 2190
1682 2190
1681 2190
1680 2190
1679 2190
1678 2190
1677 2190
1676 2190
1675 2190
1674 2190
1673 2190
1672 2190
1671 2190
1670 2190
1669 2190
1668 2190
1667 2190
1666 2190
1665 2190
1664 2190
1663 2190
1662 2190
1661 2190
1660 2190
1659 2190
1658 2190
1657 2190
1656 2190
1655 2190
1654 2190
1653 2190
1652 2190
1651 2190
1650 2190
1649 2190
1648 2190
1647 2190
1646 2190
1645 2190
1644 2190
1643 2191
1642 2191
1641 2191
1640 2191
1639 2192
1638 2192
1637 2192
1636 2192
1635 2192
1634 2192
1633 2193
1632 2193
1631 2193
1630 2193
1629 2194
1628 2194
1627 2194
1626 2195
1625 2195
1624 2195
1623 2196
1622 2196
1621 2196
1620 2196
1619 2197
1618 2197
1617 2197
1616 2197
1615 2197
1614 2197
1613 2197
1612 2197
1611 2197
1610 2198
1609 2198
1608 2198
1607 2199
1606 2199
1605 2199
1604 2200
1603 2200
1602 2200
1601 2201
1600 2201
1599 2201
1598 2201
1597 2201
1596 2201
1595 2202
1594 2202
1593 2202
1592 2202
1591 2203
1590 2203
1589 2203
1588 2204
1587 2204
1586 2204
1585 2205
1584 2205
1583 2205
1582 2205
1581 2205
1580 2205
1579 2206
1578 2206
1577 2206
1576 2206
1575 2206
1574 2206
1573 2206
1572 2207
1571 2207
1570 2208
1569 2208
1568 2208
1567 2209
1566 2209
1565 2209
1564 2209
1563 2210
1562 2210
1561 2210
1560 2211
1559 2211
1558 2211
1557 2212
1556 2212
1555 2213
1554 2213
1553 2214
1552 2214
1551 2215
1550 2216
1549 2216
1548 2217
1547 2218
1546 2218
1545 2218
1544 2219
1543 2219
1542 2219
1541 2220
1540 2220
1539 2221
1538 2221
1537 2222
1536 2222
1535 2223
1534 2223
1533 2224
1532 2224
1531 2225
1530 2226
1529 2227
1528 2227
1527 2228
1526 2228
1525 2228
1524 2229
1523 2229
1522 2230
1521 2230
1520 2231
1519 2231
1518 2232
1517 2232
1516 2232
1515 2233
1514 2234
1513 2234
1512 2235
1511 2236
1510 2237
1509 2238
1508 2239
1507 2240
1506 2240
1505 2241
1504 2241
1503 2242
1502 2242
1501 2243
1500 2243
1499 2244
1498 2244
1497 2245
1496 2245
1495 2246
1494 2247
1493 2247
1492 2248
1491 2249
1490 2250
1489 2251
1488 2251
1487 2252
1486 2253
1485 2253
1484 2253
1483 2254
1482 2254
1481 2255
1480 2255
1479 2256
1478 2256
1477 2257
1476 2258
1475 2259
1474 2259
1473 2260
1472 2261
1471 2262
1470 2262
1469 2263
1468 2263
1467 2264
1466 2265
1465 2265
1464 2266
1463 2267
1462 2267
1461 2268
1460 2268
1459 2269
1458 2270
1457 2270
1456 2271
1455 2271
1454 2272
1453 2273
1452 2274
1451 2274
1450 2275
1449 2276
1448 2276
1447 2277
1446 2277
1445 2278
1444 2278
1443 2279
1442 2279
1441 2280
1440 2280
1439 2281
1438 2281
1437 2282
1436 2282
1435 2283
1434 2283
1433 2284
1432 2284
1431 2285
1430 2285
1429 2286
1428 2286
1427 2287
1426 2287
1425 2288
1424 2288
1423 2289
1422 2289
1421 2290
1420 2290
1419 2290
1418 2291
1417 2291
1416 2292
1415 2292
1414 2293
1413 2293
1412 2294
1411 2294
1410 2295
1409 2296
1408 2296
1407 2297
1406 2297
1405 2298
1404 2298
1403 2298
1402 2299
1401 2299
1400 2299
1399 2300
1398 2300
1397 2300
1396 2301
1395 2301
1394 2301
1393 2302
1392 2302
1391 2302
1390 2303
1389 2303
1388 2304
1387 2304
1386 2304
1385 2305
1384 2305
1383 2305
1382 2306
1381 2306
1380 2307
1379 2307
1378 2308
1377 2308
1376 2309
1375 2309
1374 2310
1373 2310
1372 2311
1371 2311
1370 2312
1369 2312
1368 2312
1367 2313
1366 2313
1365 2314
1364 2314
1363 2315
1362 2315
1361 2315
1360 2316
1359 2316
1358 2316
1357 2317
1356 2317
1355 2317
1354 2318
1353 2318
1352 2318
1351 2318
1350 2318
1349 2318
1348 2318
1347 2318
1346 2318
1345 2319
1344 2319
1343 2319
1342 2319
1341 2320
1340 2320
1339 2321
1338 2321
1337 2321
1336 2321
1335 2322
1334 2322
1333 2322
1332 2322
1331 2322
1330 2322
1329 2322
1328 2323
1327 2323
1326 2323
1325 2323
1324 2323
1323 2323
1322 2323
1321 2324
1320 2324
1319 2324
1318 2325
1317 2325
1316 2326
1315 2326
1314 2327
1313 2327
1312 2327
1311 2328
1310 2328
1309 2328
1308 2329
1307 2329
1306 2329
1305 2330
1304 2330
1303 2330
1302 2330
1301 2330
1300 2331
1299 2331
1298 2331
1297 2331
1296 2331
1295 2331
1294 2332
1293 2332
1292 2332
1291 2332
1290 2332
1289 2333
1288 2333
1287 2333
1286 2333
1285 2333
1284 2334
1283 2334
1282 2334
1281 2334
1280 2335
1279 2335
1278 2335
1277 2335
1276 2335
1275 2335
1274 2335
1273 2336
1272 2336
1271 2336
1270 2336
1269 2337
1268 2337
1267 2337
1266 2337
1265 2338
1264 2338
1263 2338
1262 2338
1261 2339
1260 2339
1259 2339
1258 2339
1257 2339
1256 2339
1255 2340
1254 2340
1253 2340
1252 2340
1251 2340
1250 2340
1249 2340
1248 2340
1247 2340
1246 2340
1245 2341
1244 2341
1243 2342
1242 2342
1241 2342
1240 2343
1239 2343
1238 2343
1237 2343
1236 2343
1235 2344
1234 2344
1233 2344
1232 2345
1231 2345
1230 2345
1229 2346
1228 2346
1227 2346
1226 2347
1225 2347
1224 2347
1223 2348
1222 2348
1221 2348
1220 2348
1219 2348
1218 2348
1217 2349
1216 2349
1215 2349
1214 2349
1213 2349
1212 2349
1211 2350
1210 2350
1209 2350
1208 2351
1207 2351
1206 2351
1205 2352
1204 2352
1203 2352
1202 2352
1201 2353
1200 2353
1199 2353
1198 2353
1197 2353
1196 2354
1195 2354
1194 2354
1193 2354
1192 2355
1191 2355
1190 2355
1189 2355
1188 2356
1187 2356
1186 2356
1185 2356
1184 2356
1183 2357
1182 2357
1181 2357
1180 2357
1179 2357
1178 2357
1177 2358
1176 2358
1175 2358
1174 2358
1173 2358
1172 2358
1171 2358
1170 2358
1169 2358
1168 2358
1167 2358
1166 2358
1165 2358
1164 2358
1163 2358
1162 2359
1161 2359
1160 2359
1159 2359
1158 2360
1157 2360
1156 2360
1155 2360
1154 2360
1153 2361
1152 2361
1151 2361
1150 2361
1149 2361
1148 2362
1147 2362
1146 2363
1145 2363
1144 2363
1143 2364
1142 2364
1141 2365
1140 2365
1139 2365
1138 2365
1137 2365
1136 2366
1135 2366
1134 2366
1133 2366
1132 2367
1131 2367
1130 2367
1129 2368
1128 2368
1127 2368
1126 2369
1125 2369
1124 2369
1123 2369
1122 2369
1121 2370
1120 2370
1119 2370
1118 2370
1117 2370
1116 2370
1115 2370
1114 2370
1113 2371
1112 2371
1111 2371
1110 2371
1109 2371
1108 2371
1107 2371
1106 2372
1105 2372
1104 2372
1103 2373
1102 2373
1101 2373
1100 2373
1099 2374
1098 2374
1097 2374
1096 2374
1095 2374
1094 2374
1093 2374
1092 2375
1091 2375
1090 2375
1089 2375
1088 2375
1087 2376
1086 2376
1085 2376
1084 2376
1083 2377
1082 2377
1081 2377
1080 2378
1079 2378
1078 2378
1077 2379
1076 2379
1075 2379
1074 2380
1073 2380
1072 2381
1071 2381
1070 2381
1069 2382
1068 2382
1067 2382
1066 2382
1065 2383
1064 2383
1063 2383
1062 2383
1061 2383
1060 2383
1059 2384
1058 2384
1057 2384
1056 2384
1055 2384
1054 2385
1053 2385
1052 2385
1051 2385
1050 2386
1049 2386
1048 2386
1047 2386
1046 2387
1045 2387
1044 2387
1043 2387
1042 2387
1041 2387
1040 2388
1039 2388
1038 2388
1037 2388
1036 2388
1035 2388
1034 2388
1033 2388
1032 2388
1031 2388
1030 2388
1029 2389
1028 2389
1027 2389
1026 2389
1025 2389
1024 2390
1023 2390
1022 2390
1021 2391
1020 2391
1019 2391
1018 2391
1017 2392
1016 2392
1015 2392
1014 2392
1013 2392
1012 2392
1011 2392
1010 2392
1009 2392
1008 2393
1007 2393
1006 2393
1005 2393
1004 2393
1003 2393
1002 2393
1001 2393
1000 2393
999 2393
998 2393
999 2393
1000 2393
1001 2393
1002 2393
1003 2393
1004 2393
1005 2393
1006 2393
1007 2393
1008 2393
1009 2393
1010 2393
1011 2393
1012 2393
1013 2393
1014 2393
1015 2393
1016 2393
1017 2393
1018 2393
1019 2393
1020 2393
1021 2393
1022 2394
1023 2394
1024 2394
1025 2394
1026 2394
1027 2394
1028 2394
1029 2394
1030 2394
1031 2394
1032 2394
1033 2394
1034 2394
1035 2394
1036 2394
1037 2394
1038 2394
1039 2394
1040 2394
1041 2394
1042 2394
1043 2393
1044 2393
1045 2393
1046 2393
1047 2392
1048 2392
1049 2392
1050 2392
1051 2391
1052 2391
1053 2391
1054 2391
1055 2391
1056 2391
1057 2391
1058 2390
1059 2390
1060 2390
1061 2390
1062 2389
1063 2389
1064 2388
1065 2388
1066 2388
1067 2387
1068 2387
1069 2387
1070 2387
1071 2387
1072 2386
1073 2386
1074 2386
1075 2386
1076 2385
1077 2385
1078 2384
1079 2383
1080 2383
1081 2382
1082 2382
1083 2382
1084 2382
1085 2382
1086 2382
1087 2382
1088 2382
1089 2381
1090 2381
1091 2382
1092 2382
1093 2382
1094 2382
1095 2383
1096 2383
1097 2383
1098 2384
1099 2384
1100 2384
1101 2384
1102 2384
1103 2384
1104 2385
1105 2385
1106 2385
1107 2385
1108 2385
1109 2385
1110 2385
1111 2386
1112 2386
1113 2386
1114 2386
1115 2386
1116 2386
1117 2386
1118 2386
1119 2387
1120 2387
1121 2387
1122 2388
1123 2388
1124 2388
1125 2389
1126 2389
1127 2389
1128 2389
1129 2390
1130 2390
1131 2390
1132 2390
1133 2391
1134 2391
1135 2391
1136 2391
1137 2391
1138 2391
1139 2391
1140 2391
1141 2391
1142 2392
1143 2392
1144 2393
1145 2393
1146 2394
1147 2394
1148 2395
1149 2395
1150 2396
1151 2397
1152 2397
1153 2398
1154 2399
1155 2399
1156 2400
1157 2400
1158 2400
1159 2401
1160 2401
1161 2401
1162 2401
1163 2401
1164 2402
1165 2402
1166 2402
1167 2402
1168 2402
1169 2402
1170 2402
1171 2402
1172 2402
1173 2402
1174 2403
1175 2403
1176 2403
1177 2403
1178 2403
1179 2403
1180 2403
1181 2403
1182 2404
1183 2404
1184 2405
1185 2405
1186 2406
1187 2406
1188 2406
1189 2407
1190 2407
1191 2407
1192 2407
1193 2407
1194 2408
1195 2408
1196 2408
1197 2408
1198 2408
1199 2408
1200 2408
1201 2408
1202 2408
1203 2408
1204 2408
1205 2409
1206 2409
1207 2409
1208 2409
1209 2409
1210 2409
1211 2409
1212 2409
1213 2409
1214 2409
1215 2409
1216 2409
1217 2409
1218 2409
1219 2410
1220 2410
1221 2410
1222 2411
1223 2411
1224 2411
1225 2412
1226 2412
1227 2412
1228 2413
1229 2413
1230 2413
1231 2413
1232 2413
1233 2414
1234 2414
1235 2414
1236 2415
1237 2415
1238 2415
1239 2416
1240 2416
1241 2417
1242 2417
1243 2418
1244 2419
1245 2419
1246 2420
1247 2420
1248 2421
1249 2422
1250 2422
1251 2422
1252 2423
1253 2423
1254 2423
1255 2423
1256 2424
1257 2424
1258 2424
1259 2424
1260 2424
1261 2424
1262 2425
1263 2425
1264 2425
1265 2425
1266 2425
1267 2425
1268 2425
1269 2425
1270 2425
1271 2425
1272 2426
1273 2426
1274 2426
1275 2426
1276 2427
1277 2427
1278 2428
1279 2428
1280 2428
1281 2429
1282 2429
1283 2429
1284 2430
1285 2430
1286 2430
1287 2430
1288 2430
1289 2430
1290 2431
1291 2431
1292 2431
1293 2431
1294 2431
1295 2431
1296 2431
1297 2431
1298 2431
1299 2431
1300 2432
1301 2432
1302 2432
1303 2433
1304 2433
1305 2434
1306 2434
1307 2434
1308 2435
1309 2435
1310 2435
1311 2435
1312 2436
1313 2436
1314 2436
1315 2436
1316 2437
1317 2437
1318 2437
1319 2438
1320 2438
1321 2438
1322 2439
1323 2439
1324 2439
1325 2440
1326 2440
1327 2440
1328 2440
1329 2441
1330 2441
1331 2441
1332 2441
1333 2441
1334 2441
1335 2442
1336 2442
1337 2442
1338 2442
1339 2442
1340 2442
1341 2443
1342 2443
1343 2443
1344 2444
1345 2444
1346 2444
1347 2445
1348 2445
1349 2446
1350 2446
1351 2447
1352 2447
1353 2447
1354 2448
1355 2448
1356 2449
1357 2449
1358 2450
1359 2450
1360 2450
1361 2451
1362 2451
1363 2451
1364 2452
1365 2452
1366 2452
1367 2452
1368 2452
1369 2452
1370 2453
1371 2453
1372 2453
1373 2453
1374 2453
1375 2454
1376 2454
1377 2455
1378 2455
1379 2456
1380 2456
1381 2456
1382 2457
1383 2457
1384 2457
1385 2457
1386 2458
1387 2458
1388 2458
1389 2458
1390 2458
1391 2458
1392 2458
1393 2459
1394 2459
1395 2459
1396 2459
1397 2459
1398 2459
1399 2459
1400 2459
1401 2459
1402 2459
1403 2459
1404 2460
1405 2460
1406 2460
1407 2461
1408 2461
1409 2461
1410 2462
1411 2462
1412 2462
1413 2463
1414 2463
1415 2463
1416 2463
1417 2463
1418 2464
1419 2464
1420 2464
1421 2464
1422 2464
1423 2464
1424 2464
1425 2464
1426 2465
1427 2465
1428 2465
1429 2465
1430 2465
1431 2465
1432 2466
1433 2466
1434 2466
1435 2467
1436 2467
1437 2468
1438 2468
1439 2468
1440 2469
1441 2469
1442 2470
1443 2470
1444 2471
1445 2471
1446 2472
1447 2472
1448 2473
1449 2473
1450 2473
1451 2474
1452 2474
1453 2474
1454 2474
1455 2474
1456 2475
1457 2475
1458 2475
1459 2476
1460 2476
1461 2476
1462 2477
1463 2477
1464 2477
1465 2478
1466 2478
1467 2478
1468 2479
1469 2479
1470 2479
1471 2479
1472 2480
1473 2480
1474 2480
1475 2480
1476 2481
1477 2481
1478 2481
1479 2481
1480 2481
1481 2481
1482 2481
1483 2481
1484 2482
1485 2482
1486 2482
1487 2483
1488 2483
1489 2484
1490 2484
1491 2484
1492 2485
1493 2485
1494 2485
1495 2485
1496 2486
1497 2486
1498 2486
1499 2486
1500 2486
1501 2486
1502 2487
1503 2487
1504 2488
1505 2488
1506 2488
1507 2489
1508 2489
1509 2490
1510 2490
1511 2491
1512 2492
1513 2492
1514 2493
1515 2493
1516 2494
1517 2494
1518 2495
1519 2495
1520 2495
1521 2496
1522 2496
1523 2496
1524 2496
1525 2496
1526 2497
1527 2497
1528 2497
1529 2497
1530 2497
1531 2497
1532 2497
1533 2498
1534 2498
1535 2498
1536 2499
1537 2499
1538 2500
1539 2500
1540 2500
1541 2501
1542 2501
1543 2501
1544 2502
1545 2502
1546 2502
1547 2503
1548 2503
1549 2503
1550 2503
1551 2503
1552 2503
1553 2504
1554 2504
1555 2505
1556 2505
1557 2506
1558 2506
1559 2506
1560 2507
1561 2507
1562 2508
1563 2508
1564 2509
1565 2509
1566 2510
1566 2511
1567 2512
1568 2513
1569 2514
1570 2515
1571 2515
1572 2516
1573 2517
1574 2517
1575 2518
1575 2519
1576 2520
1577 2521
1578 2522
1579 2522
1580 2522
1581 2523
1582 2523
1583 2523
1584 2524
1585 2525
1586 2526
1587 2527
1588 2527
1589 2528
1590 2528
1591 2528
1592 2529
1593 2529
1594 2529
1595 2530
1596 2530
1597 2531
1598 2532
1599 2533
1600 2533
1601 2534
1602 2535
1603 2535
1604 2536
1605 2537
1606 2538
1607 2539
1608 2540
1609 2540
1610 2541
1611 2542
1612 2542
1613 2543
1614 2544
1615 2545
1616 2545
1617 2546
1618 2547
1619 2548
1620 2548
1621 2548
1622 2549
1623 2549
1624 2550
1625 2551
1626 2551
1627 2552
1628 2552
1629 2553
1630 2554
1631 2555
1632 2556
1633 2556
1634 2557
1635 2558
1636 2558
1637 2559
1638 2560
1639 2561
1640 2562
1641 2562
1642 2563
1643 2563
1644 2564
1645 2565
1646 2566
1647 2566
1648 2567
1649 2568
1650 2568
1651 2568
1652 2569
1653 2569
1654 2569
1655 2570
1656 2570
1657 2570
1658 2570
1659 2571
1660 2571
1661 2571
1662 2572
1663 2572
1664 2573
1665 2573
1666 2574
1667 2575
1668 2575
1669 2576
1670 2577
1671 2577
1672 2578
1673 2579
1674 2579
1675 2579
1676 2580
1677 2580
1678 2580
1679 2581
1680 2581
1681 2581
1682 2581
1683 2581
1684 2582
1685 2582
1686 2582
1687 2583
1688 2583
1689 2584
1690 2584
1691 2585
1692 2585
1693 2585
1694 2586
1695 2586
1696 2586
1697 2586
1698 2586
1699 2587
1700 2587
1701 2587
1702 2587
1703 2587
1704 2587
1705 2587
1706 2587
1707 2588
1708 2588
1709 2588
1710 2588
1711 2589
1712 2589
1713 2590
1714 2590
1715 2591
1716 2591
1717 2591
1718 2592
1719 2592
1720 2592
1721 2592
1722 2592
1723 2593
1724 2593
1725 2593
1726 2593
1727 2594
1728 2594
1729 2595
1730 2595
1731 2596
1732 2596
1733 2597
1734 2597
1735 2597
1736 2597
1737 2598
1738 2598
1739 2598
1740 2599
1741 2599
1742 2600
1743 2600
1744 2601
1745 2601
1746 2601
1747 2602
1748 2602
1749 2602
1750 2602
1751 2603
1752 2603
1753 2603
1754 2603
1755 2603
1756 2603
1757 2604
1758 2604
1759 2604
1760 2605
1761 2605
1762 2606
1763 2606
1764 2607
1765 2607
1766 2607
1767 2608
1768 2608
1769 2608
1770 2608
1771 2609
1772 2609
1773 2609
1774 2609
1775 2609
1776 2609
1777 2609
1778 2610
1779 2610
1780 2611
1781 2611
1782 2611
1783 2612
1784 2612
1785 2612
1786 2613
1787 2613
1788 2613
1789 2613
1790 2614
1791 2614
1792 2614
1793 2614
1794 2614
1795 2615
1796 2615
1797 2615
1798 2615
1799 2615
1800 2615
1801 2616
1802 2616
1803 2616
1804 2617
1805 2617
1806 2617
1807 2618
1808 2618
1809 2618
1810 2619
1811 2619
1812 2620
1813 2620
1814 2621
1815 2622
1816 2623
1817 2624
1818 2624
1819 2625
1820 2626
1821 2627
1822 2628
1823 2628
1824 2629
1825 2629
1826 2630
1827 2631
1828 2632
1829 2632
1830 2633
1831 2634
1832 2634
1833 2635
1834 2636
1835 2636
1836 2637
1837 2638
1838 2639
1839 2639
1840 2640
1841 2640
1842 2641
1843 2641
1844 2642
1845 2642
1846 2643
1847 2643
1848 2644
1849 2644
1850 2645
1851 2646
1852 2646
1853 2647
1854 2648
1855 2649
1856 2649
1857 2650
1858 2651
1859 2651
1860 2652
1860 2653
1861 2653
1862 2654
1863 2655
1864 2655
1865 2656
1866 2657
1867 2657
1868 2658
1869 2659
1870 2659
1871 2660
1872 2660
1873 2661
1874 2661
1875 2661
1876 2661
1877 2662
1878 2662
1879 2662
1880 2662
1881 2662
1882 2663
1883 2664
1884 2665
1885 2666
1886 2667
1887 2668
1888 2669
1889 2670
1890 2670
1891 2671
1892 2672
1892 2673
1893 2674
1894 2675
1895 2675
1896 2676
1897 2676
1898 2677
1899 2678
1900 2679
1901 2679
1902 2680
1903 2680
1904 2681
1905 2682
1906 2683
1907 2684
1908 2685
1909 2686
1910 2687
1911 2688
1912 2689
1913 2690
1914 2690
1915 2691
1916 2691
1917 2692
1918 2692
1919 2693
1920 2693
1921 2694
1922 2695
1923 2695
1924 2696
1925 2696
1926 2697
1927 2697
1928 2698
1929 2698
1930 2699
1931 2699
1932 2700
1933 2700
1934 2701
1935 2702
1936 2703
1937 2704
1938 2705
1939 2706
1940 2707
1941 2707
1942 2708
1942 2709
1943 2710
1944 2711
1945 2711
1946 2712
1947 2712
1948 2713
1949 2714
1950 2715
1951 2716
1952 2716
1953 2717
1954 2718
1955 2719
1956 2720
1957 2721
1958 2722
1959 2723
1960 2724
1961 2725
1962 2726
1963 2727
1964 2728
1965 2729
1966 2730
1967 2731
1968 2732
1969 2733
1970 2734
1970 2735
1970 2736
1970 2737
1971 2738
1971 2739
1971 2740
1971 2741
1971 2742
1972 2743
1973 2743
1974 2744
1975 2743
1975 2742
1975 2741
1976 2740
1977 2739
1978 2738
1978 2737
1979 2736
1980 2735
1981 2734
1981 2733
1982 2732
1983 2731
1983 2730
1984 2729
1984 2728
1985 2727
1986 2726
1987 2725
1988 2724
1988 2723
1989 2722
1989 2721
1990 2720
1990 2719
1991 2718
1992 2717
1993 2717
1994 2717
1995 2717
1996 2717
1997 2717
1998 2717
1999 2717
2000 2717
2001 2717
2002 2717
2003 2717
2004 2717
2005 2717
2006 2717
2007 2717
2008 2717
2009 2717
2010 2717
2011 2718
2012 2718
2013 2719
2014 2719
2015 2720
2016 2721
2017 2721
2018 2722
2019 2722
2020 2723
2021 2724
2022 2725
2023 2725
2024 2726
2025 2727
2026 2727
2027 2728
2028 2729
2029 2729
2030 2730
2031 2731
2032 2731
2033 2732
2034 2732
2035 2733
2036 2733
2037 2734
2038 2735
2039 2735
2040 2736
2041 2737
2042 2738
2043 2738
2044 2739
2045 2740
2046 2741
2047 2742
2048 2743
2049 2743
2050 2744
2051 2745
2052 2745
2053 2746
2054 2746
2055 2746
2056 2746
2057 2746
2058 2747
2059 2747
2060 2748
2061 2749
2062 2749
2063 2750
2064 2750
2065 2751
2066 2751
2067 2751
2068 2752
2069 2752
2070 2752
2071 2752
2072 2752
2073 2752
2074 2753
2075 2753
2076 2753
2077 2753
2078 2753
2079 2754
2080 2754
2081 2755
2082 2755
2083 2756
2084 2756
2085 2757
2086 2757
2087 2757
2088 2757
2089 2758
2090 2758
2091 2758
2092 2758
2093 2758
2094 2758
2095 2758
2096 2758
2097 2759
2098 2759
2099 2760
2100 2760
2101 2760
2102 2761
2103 2761
2104 2762
2105 2762
2106 2762
2107 2763
2108 2763
2109 2763
2110 2763
2111 2764
2112 2764
2113 2765
2114 2765
2115 2766
2116 2767
2117 2767
2118 2768
2119 2768
2120 2768
2121 2768
2122 2769
2123 2769
2124 2769
2125 2769
2126 2770
2127 2770
2128 2771
2129 2771
2130 2772
2131 2772
2132 2773
2133 2773
2134 2773
2135 2773
2136 2774
2137 2774
2138 2774
2139 2774
2140 2774
2141 2774
2142 2774
2143 2775
2144 2775
2145 2775
2146 2775
2147 2775
2148 2775
2149 2776
2150 2776
2151 2777
2152 2777
2153 2778
2154 2778
2155 2779
2156 2779
2157 2779
2158 2779
2159 2780
2160 2780
2161 2780
2162 2780
2163 2780
2164 2780
2165 2780
2166 2780
2167 2781
2168 2781
2169 2781
2170 2781
2171 2781
2172 2781
2173 2781
2174 2781
2175 2781
2176 2781
2177 2781
2178 2781
2179 2781
2180 2781
2181 2781
2182 2781
2183 2781
2184 2781
2185 2781
2186 2782
2187 2783
2188 2784
2189 2785
2189 2786
2190 2787
2191 2788
2191 2789
2192 2790
2193 2791
2194 2792
2195 2793
2195 2794
2196 2795
2196 2796
2197 2797
2198 2798
2199 2799
2200 2800
2201 2801
2202 2802
2203 2803
2204 2804
2205 2805
2205 2806
2205 2807
2206 2808
2206 2809
2207 2810
2208 2811
2209 2811
2210 2810
2211 2810
2212 2809
2213 2809
2213 2808
2214 2807
2215 2806
2216 2806
2217 2805
2218 2805
2219 2805
2220 2805
2221 2804
2222 2804
2223 2804
2224 2804
2225 2804
2226 2803
2227 2803
2228 2802
2229 2801
2230 2801
2231 2800
2232 2800
2233 2800
2234 2799
2235 2799
2236 2799
2237 2799
2238 2799
2239 2799
2240 2799
2241 2799
2242 2799
2243 2799
2244 2799
2245 2799
2246 2799
2247 2799
2248 2798
2249 2799
2250 2799
2251 2799
2252 2799
2253 2799
2254 2799
2255 2799
2256 2799
2257 2799
2258 2799
2259 2799
2260 2799
2261 2799
2262 2799
2263 2799
2264 2799
2265 2800
2266 2800
2267 2801
2268 2801
2269 2802
2270 2802
2271 2802
2272 2802
2273 2803
2274 2803
2275 2803
2276 2803
2277 2803
2278 2803
2279 2803
2280 2804
2281 2804
2282 2804
2283 2804
2284 2804
2285 2804
2286 2804
2287 2804
2288 2804
2289 2804
2290 2804
2291 2804
2292 2804
2293 2805
2294 2805
2295 2805
2296 2805
2297 2805
2298 2805
2299 2805
2300 2805
2301 2805
2302 2805
2303 2805
2304 2805
2305 2805
2306 2805
2307 2805
2308 2805
2309 2805
2310 2805
2311 2805
2312 2805
2313 2805
2314 2805
2315 2805
2316 2805
2317 2805
2318 2805
2319 2805
2320 2805
2321 2806
2322 2806
2323 2806
2324 2806
2325 2806
2326 2806
2327 2806
2328 2806
2329 2806
2330 2806
2331 2806
2332 2806
2333 2806
2334 2806
2335 2806
2336 2806
2337 2806
2338 2806
2339 2806
2340 2806
2341 2806
2342 2806
2343 2806
2344 2806
2345 2806
2346 2806
2347 2806
2348 2806
2349 2806
2350 2806
2351 2806
2352 2806
2353 2806
2354 2807
2355 2807
2356 2807
2357 2807
2358 2807
2359 2807
2360 2807
2361 2807
2362 2807
2363 2807
2364 2807
2365 2807
2366 2807
2367 2808
2368 2808
2369 2809
2370 2809
2371 2809
2372 2810
2373 2810
2374 2810
2375 2811
2376 2811
2377 2812
2378 2813
2379 2814
2380 2814
2381 2815
2382 2815
2383 2815
2384 2816
2385 2816
2386 2816
2387 2816
2388 2816
2389 2817
2390 2817
2391 2817
2392 2817
2393 2817
2394 2817
2395 2817
2396 2817
2397 2817
2398 2817
2399 2817
2400 2817
2401 2817
2402 2817
2403 2818
2404 2818
2405 2818
2406 2818
2407 2818
2408 2818
2409 2818
2410 2818
2411 2818
2412 2818
2413 2818
2414 2818
2415 2818
2416 2818
2417 2818
2418 2818
2419 2818
2420 2818
2421 2818
2422 2818
2423 2819
2424 2819
2425 2819
2426 2819
2427 2819
2428 2819
2429 2819
2430 2819
2431 2819
2432 2819
2433 2819
2434 2819
2435 2819
2436 2819
2437 2819
2438 2819
2439 2819
2440 2819
2441 2819
2442 2819
2443 2819
2444 2819
2445 2819
2446 2819
2447 2819
2448 2819
2449 2819
2450 2819
2451 2819
2452 2819
2453 2819
2454 2820
2455 2820
2456 2820
2457 2820
2458 2820
2459 2820
2460 2820
2461 2820
2462 2820
2463 2820
2464 2820
2465 2820
2466 2820
2467 2820
2468 2820
2469 2821
2470 2821
2471 2821
2472 2822
2473 2822
2474 2822
2475 2823
2476 2823
2477 2823
2478 2823
2479 2823
2480 2824
2481 2824
2482 2824
2483 2824
2484 2824
2485 2825
2486 2825
2487 2825
2488 2826
2489 2826
2490 2827
2491 2827
2492 2828
2493 2828
2494 2828
2495 2828
2496 2829
2497 2829
2498 2829
2499 2829
2500 2829
2501 2829
2502 2830
2503 2830
2504 2830
2505 2830
2506 2830
2507 2830
2508 2830
2509 2830
2510 2831
2511 2831
2512 2831
2513 2831
2514 2831
2515 2831
2516 2831
2517 2831
2518 2831
2519 2831
2520 2831
2521 2831
2522 2831
2523 2831
2524 2831
2525 2832
2526 2832
2527 2832
2528 2832
2529 2832
2530 2832
2531 2832
2532 2832
2533 2832
2534 2832
2535 2832
2536 2832
2537 2832
2538 2832
2539 2832
2540 2832
2541 2832
2542 2832
2543 2832
2544 2832
2545 2832
2546 2832
2547 2832
2548 2832
2549 2832
2550 2832
2551 2833
2552 2833
2553 2833
2554 2833
2555 2834
2556 2834
2557 2834
2558 2835
2559 2835
2560 2835
2561 2836
2562 2836
2563 2836
2564 2837
2565 2837
2566 2838
2567 2838
2568 2839
2569 2839
2570 2840
2571 2840
2572 2840
2573 2841
2574 2841
2575 2841
2576 2841
2577 2841
2578 2842
2579 2842
2580 2842
2581 2842
2582 2843
2583 2843
2584 2844
2585 2844
2586 2844
2587 2845
2588 2845
2589 2846
2590 2846
2591 2846
2592 2846
2593 2846
2594 2847
2595 2847
2596 2847
2597 2847
2598 2847
2599 2847
2600 2848
2601 2848
2602 2849
2603 2849
2604 2849
2605 2850
2606 2850
2607 2850
2608 2851
2609 2851
2610 2852
2611 2852
2612 2852
2613 2852
2614 2853
2615 2853
2616 2853
2617 2853
2618 2854
2619 2854
2620 2855
2621 2856
2622 2856
2623 2857
2624 2858
2625 2858
2626 2859
2627 2860
2628 2861
2629 2861
2630 2862
2631 2862
2632 2862
2633 2863
2634 2863
2635 2863
2636 2863
2637 2863
2638 2864
2639 2864
2640 2864
2641 2864
2642 2864
2643 2864
2644 2865
2645 2865
2646 2865
2647 2865
2648 2865
2649 2865
2650 2865
2651 2865
2652 2865
2653 2865
2654 2865
2655 2865
2656 2865
2657 2865
2658 2865
2659 2865
2660 2865
2661 2865
2662 2865
2663 2865
2664 2866
2665 2866
2666 2866
2667 2866
2668 2866
2669 2866
2670 2866
2671 2866
2672 2866
2673 2866
2674 2866
2675 2866
2676 2866
2677 2866
2678 2866
2679 2866
2680 2866
2681 2866
2682 2866
2683 2866
2684 2866
2685 2866
2686 2866
2687 2866
2688 2866
2689 2866
2690 2866
2691 2866
2692 2866
2693 2866
2694 2866
2695 2866
2696 2867
2697 2867
2698 2867
2699 2867
2700 2867
2701 2867
2702 2867
2703 2867
2704 2867
2705 2867
2706 2867
2707 2868
2708 2868
2709 2869
2710 2869
2711 2869
2712 2870
2713 2870
2714 2870
2715 2871
2716 2871
2717 2871
2718 2871
2719 2871
2720 2871
2721 2871
2722 2871
2723 2872
2724 2872
2725 2872
2726 2872
2727 2872
2728 2872
2729 2872
2730 2872
2731 2872
2732 2872
2733 2872
2734 2872
2735 2872
2736 2872
2737 2872
2738 2873
2739 2873
2740 2873
2741 2873
2742 2873
2743 2873
2744 2873
2745 2873
2746 2873
2747 2873
2748 2873
2749 2873
2750 2873
2751 2873
2752 2873
2753 2873
2754 2873
2755 2873
2756 2873
2757 2873
2758 2873
2759 2873
2760 2873
2761 2873
2762 2874
2763 2874
2764 2874
2765 2874
2766 2874
2767 2874
2768 2874
2769 2874
2770 2874
2771 2874
2772 2874
2773 2874
2774 2874
2775 2874
2776 2874
2777 2874
2778 2874
2779 2874
2780 2874
2781 2874
2782 2874
2783 2874
2784 2874
2785 2874
2786 2874
2787 2874
2788 2874
2789 2874
2790 2874
2791 2874
2792 2874
2793 2874
2794 2875
2795 2875
2796 2875
2797 2875
2798 2875
2799 2875
2800 2875
2801 2875
2802 2875
2803 2875
2804 2875
2805 2875
2806 2875
2807 2875
2808 2875
2809 2875
2810 2875
2811 2875
2812 2875
2813 2875
2814 2875
2815 2875
2816 2875
2817 2875
2818 2875
2819 2875
2820 2875
2821 2875
2822 2875
2823 2875
2824 2875
2825 2875
2826 2876
2827 2876
2828 2875
2829 2875
2830 2875
2831 2874
2832 2874
2833 2874
2834 2874
2835 2873
2836 2873
2837 2873
2838 2873
2839 2873
2840 2872
2841 2872
2842 2871
2843 2871
2844 2870
2845 2870
2846 2870
2847 2869
2848 2869
2849 2869
2850 2868
2851 2868
2852 2868
2853 2868
2854 2868
2855 2868
2856 2868
2857 2867
2858 2867
2859 2867
2860 2867
2861 2867
2862 2867
2863 2867
2864 2867
2865 2867
2866 2867
2867 2867
2868 2867
2869 2867
2870 2867
2870 2866
2870 2865
2871 2864
2872 2864
2873 2864
2874 2863
2875 2863
2876 2863
2877 2863
2878 2863
2879 2863
2880 2863
2881 2863
2882 2863
2883 2863
2884 2862
2885 2862
2886 2861
2887 2861
2888 2860
2889 2860
2890 2859
2891 2859
2892 2859
2893 2859
2894 2859
2895 2858
2896 2858
2897 2858
2898 2858
2899 2858
2900 2858
2901 2858
2902 2858
2903 2858
2904 2858
2905 2857
2906 2857
2907 2857
2908 2856
2909 2856
2910 2856
2911 2856
2912 2855
2913 2855
2914 2855
2915 2855
2916 2855
2917 2854
2918 2854
2919 2854
2920 2854
2921 2853
2922 2853
2923 2852
2924 2852
2925 2852
2926 2851
2927 2851
2928 2851
2929 2851
2930 2851
2931 2851
2932 2851
2933 2850
2934 2850
2935 2850
2936 2850
2937 2850
2938 2850
2939 2850
2940 2850
2941 2850
2942 2850
2943 2850
2944 2850
2945 2850
2946 2850
2947 2850
2948 2850
2949 2850
2950 2850
2951 2850
2952 2850
2953 2850
2954 2850
2955 2850
2956 2850
2957 2850
2958 2850
2959 2850
2960 2850
2961 2850
2962 2850
2963 2850
2964 2850
2965 2850
2966 2850
2967 2850
2968 2850
2969 2850
2970 2850
2971 2850
2972 2850
2973 2850
2974 2850
2975 2850
2976 2850
2977 2850
2978 2851
2979 2851
2980 2851
2981 2851
2982 2851
2983 2851
2984 2851
2985 2851
2986 2851
2987 2851
2988 2851
2989 2851
2990 2851
2991 2851
2992 2851
2993 2851
2994 2851
2995 2851
2996 2851
2997 2851
2998 2851
2999 2851
3000 2851
3001 2851
3002 2851
3003 2851
3004 2851
3005 2851
3006 2851
3007 2851
3008 2851
3009 2851
3010 2852
3011 2852
3012 2852
3013 2852
3014 2852
3015 2852
3016 2852
3017 2852
3018 2852
3019 2852
3020 2852
3021 2852
3022 2852
3023 2852
3024 2852
3025 2852
3026 2852
3027 2852
3028 2852
3029 2852
3030 2852
3031 2852
3032 2852
3033 2851
3034 2851
3035 2850
3036 2850
3037 2850
3038 2850
3039 2849
3040 2849
3041 2849
3042 2849
3043 2849
3044 2849
3045 2849
3046 2848
3047 2848
3048 2848
3049 2848
3050 2848
3051 2848
3052 2848
3053 2848
3054 2847
3055 2847
3056 2847
3057 2846
3058 2846
3059 2846
3060 2845
3061 2845
3062 2845
3063 2845
3064 2845
3065 2845
3066 2844
3067 2844
3068 2844
3069 2844
3070 2844
3071 2844
3072 2844
3073 2844
3074 2844
3075 2844
3076 2844
3077 2844
3078 2844
3079 2843
3080 2843
3081 2842
3082 2842
3083 2841
3084 2841
3085 2840
3086 2839
3087 2839
3088 2838
3089 2838
3090 2838
3091 2837
3092 2837
3093 2837
3094 2837
3095 2836
3096 2836
3097 2836
3098 2836
3099 2836
3100 2836
3101 2836
3102 2836
3103 2836
3104 2835
3105 2835
3106 2835
3107 2835
3108 2835
3109 2835
3110 2835
3111 2835
3112 2835
3113 2835
3114 2835
3115 2835
3116 2835
3117 2835
3118 2835
3119 2835
3120 2835
3121 2835
3122 2835
3123 2835
3124 2835
3125 2835
3126 2835
3127 2835
3128 2835
3129 2835
3130 2835
3131 2835
3132 2835
3133 2835
3134 2835
3135 2835
3136 2836
3137 2836
3138 2836
3139 2836
3140 2836
3141 2836
3142 2836
3143 2836
3144 2836
3145 2836
3146 2836
3147 2836
3148 2836
3149 2836
3150 2836
3151 2836
3152 2836
3153 2836
3154 2836
3155 2836
3156 2836
3157 2836
3158 2836
3159 2836
3160 2836
3161 2836
3162 2836
3163 2836
3164 2836
3165 2836
3166 2836
3167 2836
3168 2836
3169 2836
3170 2836
3171 2837
3172 2837
3173 2837
3174 2837
3175 2837
3176 2837
3177 2837
3178 2837
3179 2837
3180 2837
3181 2837
3182 2837
3183 2837
3184 2837
3185 2837
3186 2837
3187 2837
3188 2837
3189 2837
3190 2837
3191 2837
3192 2837
3193 2837
3194 2837
3195 2837
3196 2837
3197 2837
3198 2837
3199 2837
3200 2837
3201 2837
3202 2837
3203 2837
3204 2838
3205 2838
3206 2838
3207 2838
3208 2838
3209 2838
3210 2838
3211 2838
3212 2838
3213 2838
3214 2838
3215 2838
3216 2838
3217 2838
3218 2838
3219 2838
3220 2838
3221 2838
3222 2838
3223 2838
3224 2838
3225 2838
3226 2838
3227 2838
3228 2838
3229 2838
3230 2838
3231 2838
3232 2838
3233 2838
3234 2838
3235 2838
3236 2838
3237 2839
3238 2839
3239 2839
3240 2839
3241 2839
3242 2839
3243 2839
3244 2839
3245 2839
3246 2839
3247 2839
3248 2839
3249 2839
3250 2839
3251 2839
3252 2839
3253 2839
3254 2839
3255 2839
3256 2839
3257 2839
3258 2839
3259 2839
3260 2839
3261 2839
3262 2839
3263 2839
3264 2839
3265 2839
3266 2839
3267 2839
3268 2839
3269 2840
3270 2840
3271 2840
3272 2840
3273 2840
3274 2840
3275 2840
3276 2840
3277 2840
3278 2840
3279 2840
3280 2840
3281 2840
3282 2840
3283 2840
3284 2840
3285 2840
3286 2840
3287 2840
3288 2840
3289 2840
3290 2840
3291 2840
3292 2840
3293 2840
3294 2840
3295 2840
3296 2840
3297 2840
3298 2840
3299 2840
3300 2840
3301 2840
3302 2841
3303 2841
3304 2841
3305 2841
3306 2841
3307 2841
3308 2841
3309 2841
3310 2841
3311 2841
3312 2841
3313 2841
3314 2841
3315 2841
3316 2841
3317 2841
3318 2841
3319 2841
3320 2841
3321 2841
3322 2841
3323 2841
3324 2840
3325 2840
3326 2840
3327 2840
3328 2840
3329 2839
3330 2839
3331 2839
3332 2839
3333 2838
3334 2838
3335 2838
3336 2838
3337 2838
3338 2838
3339 2838
3340 2838
3341 2838
3342 2838
3343 2838
3344 2838
3345 2838
3346 2837
3347 2837
3348 2837
3349 2837
3350 2837
3351 2837
3352 2837
3353 2837
3354 2837
3355 2837
3356 2837
3357 2837
3358 2837
3359 2837
3360 2837
3361 2837
3362 2838
3363 2838
3364 2838
3365 2838
3366 2838
3367 2838
3368 2838
3369 2838
3370 2838
3371 2837
3372 2837
3373 2837
3374 2837
3375 2837
3376 2837
3377 2836
3378 2836
3379 2836
3380 2836
3381 2836
3382 2835
3383 2835
3384 2835
3385 2835
3386 2835
3387 2835
3388 2835
3389 2834
3390 2834
3391 2834
3392 2834
3393 2834
3394 2834
3395 2834
3396 2834
3397 2834
3398 2834
3399 2834
3400 2834
3401 2834
3402 2834
3403 2834
3404 2834
3405 2833
3406 2833
3407 2833
3408 2832
3409 2832
3410 2832
3411 2831
3412 2831
3413 2831
3414 2831
3415 2831
3416 2831
3417 2830
3418 2830
3419 2830
3420 2830
3421 2830
3422 2830
3423 2830
3424 2830
3425 2830
3426 2830
3427 2830
3428 2830
3429 2830
3430 2830
3431 2829
3432 2829
3433 2829
3434 2828
3435 2828
3436 2828
3437 2827
3438 2827
3439 2827
3440 2827
3441 2827
3442 2827
3443 2826
3444 2826
3445 2826
3446 2826
3447 2825
3448 2825
3449 2825
3450 2824
3451 2824
3452 2823
3453 2823
3454 2823
3455 2823
3456 2822
3457 2822
3458 2822
3459 2822
3460 2822
3461 2822
3462 2822
3463 2822
3464 2822
3465 2822
3466 2822
3467 2822
3468 2822
3469 2821
3470 2821
3471 2821
3472 2821
3473 2821
3474 2821
3475 2821
3476 2821
3477 2821
3478 2821
3479 2821
3480 2821
3481 2821
3482 2821
3483 2820
3484 2820
3485 2820
3486 2819
3487 2819
3488 2819
3489 2819
3490 2818
3491 2818
3492 2818
3493 2818
3494 2818
3495 2818
3496 2818
3497 2818
3498 2818
3499 2818
3500 2818
3501 2818
3502 2818
3503 2818
3504 2818
3505 2817
3506 2817
3507 2817
3508 2817
3509 2816
3510 2816
3511 2816
3512 2816
3513 2815
3514 2815
3515 2814
3516 2813
3517 2813
3518 2812
3519 2811
3520 2811
3521 2810
3522 2809
3523 2808
3524 2808
3525 2807
3526 2807
3527 2806
3528 2806
3529 2805
3530 2805
3531 2805
3532 2805
3533 2805
3534 2804
3535 2804
3536 2803
3537 2803
3538 2803
3539 2802
3540 2802
3541 2801
3542 2801
3543 2801
3544 2801
3545 2800
3546 2800
3547 2799
3548 2799
3549 2798
3550 2798
3551 2798
3552 2797
3553 2797
3554 2797
3555 2797
3556 2796
3557 2796
3558 2796
3559 2796
3560 2796
3561 2796
3562 2795
3563 2795
3564 2795
3565 2795
3566 2794
3567 2794
3568 2794
3569 2793
3570 2792
3571 2792
3572 2792
3573 2791
3574 2791
3575 2791
3576 2791
3577 2791
3578 2790
3579 2790
3580 2790
3581 2790
3582 2790
3583 2790
3584 2790
3585 2790
3586 2790
3587 2790
3588 2790
3589 2790
3590 2790
3591 2789
3592 2789
3593 2788
3594 2788
3595 2788
3596 2787
3597 2787
3598 2787
3599 2787
3600 2787
3601 2787
3602 2786
3603 2786
3604 2786
3605 2786
3606 2785
3607 2784
3608 2783
3609 2782
3610 2781
3610 2780
3611 2779
3612 2778
3613 2777
3614 2776
3613 2776
3612 2777
3611 2777
3610 2777
3609 2777
3608 2777
3607 2778
3606 2778
3605 2778
3604 2778
3603 2778
3602 2778
3601 2779
3600 2779
3599 2779
3598 2779
3597 2779
3596 2779
3595 2779
3594 2780
3593 2780
3592 2779
3592 2778
3593 2777
3594 2776
3595 2775
3596 2774
3597 2773
3598 2772
3599 2771
3600 2770
3601 2769
3602 2768
3603 2767
3604 2766
3605 2765
3606 2764
3607 2763
3608 2762
3609 2761
3610 2760
3610 2759
3610 2758
3611 2757
3611 2756
3612 2755
3612 2754
3613 2753
3613 2752
3614 2751
3614 2750
3615 2749
3616 2748
3617 2747
3618 2746
3619 2745
3620 2744
3621 2743
3621 2742
3622 2741
3622 2740
3623 2739
3624 2738
3625 2737
3625 2736
3626 2735
3627 2734
3627 2733
3628 2732
3629 2731
3630 2730
3630 2729
3631 2728
3632 2727
3632 2726
3633 2725
3634 2724
3635 2723
3636 2722
3637 2721
3638 2720
3638 2719
3639 2718
3640 2717
3641 2716
3641 2715
3642 2714
3643 2713
3643 2712
3644 2711
3644 2710
3645 2709
3646 2708
3647 2707
3648 2706
3649 2705
3649 2704
3650 2703
3651 2702
3651 2701
3652 2700
3653 2699
3654 2698
3654 2697
3655 2696
3656 2695
3657 2694
3658 2693
3659 2692
3660 2691
3661 2690
3661 2689
3662 2688
3663 2687
3663 2686
3664 2685
3664 2684
3664 2683
3665 2682
3666 2681
3666 2680
3667 2679
3667 2678
3668 2677
3669 2676
3669 2675
3670 2674
3671 2673
3671 2672
3672 2671
3673 2670
3674 2669
3674 2668
3675 2667
3675 2666
3676 2665
3676 2664
3677 2663
3678 2662
3678 2661
3679 2660
3680 2659
3681 2658
3682 2657
3682 2656
3683 2655
3684 2654
3685 2653
3686 2652
3686 2651
3687 2650
3688 2649
3688 2648
3689 2647
3690 2646
3690 2645
3690 2644
3691 2643
3691 2642
3692 2641
3693 2640
3693 2639
3694 2638
3695 2637
3695 2636
3696 2635
3696 2634
3696 2633
3696 2632
3697 2631
3697 2630
3697 2629
3698 2628
3698 2627
3699 2626
3699 2625
3700 2624
3700 2623
3701 2622
3701 2621
3701 2620
3701 2619
3702 2618
3702 2617
3703 2616
3703 2615
3704 2614
3705 2613
3705 2612
3706 2611
3706 2610
3707 2609
3707 2608
3707 2607
3707 2606
3708 2605
3708 2604
3708 2603
3708 2602
3708 2601
3708 2600
3709 2599
3709 2598
3709 2597
3709 2596
3710 2595
3710 2594
3710 2593
3711 2592
3711 2591
3711 2590
3712 2589
3712 2588
3712 2587
3712 2586
3713 2585
3713 2584
3713 2583
3713 2582
3713 2581
3714 2580
3714 2579
3714 2578
3714 2577
3714 2576
3715 2575
3715 2574
3715 2573
3715 2572
3716 2571
3716 2570
3716 2569
3717 2568
3717 2567
3717 2566
3717 2565
3718 2564
3718 2563
3718 2562
3718 2561
3718 2560
3719 2559
3719 2558
3719 2557
3719 2556
3719 2555
3719 2554
3720 2553
3720 2552
3720 2551
3720 2550
3720 2549
3720 2548
3720 2547
3720 2546
3720 2545
3721 2544
3721 2543
3721 2542
3722 2541
3722 2540
3723 2539
3723 2538
3723 2537
3724 2536
3724 2535
3724 2534
3724 2533
3724 2532
3724 2531
3725 2530
3725 2529
3725 2528
3725 2527
3725 2526
3725 2525
3726 2524
3726 2523
3727 2522
3727 2521
3727 2520
3728 2519
3728 2518
3729 2517
3729 2516
3729 2515
3729 2514
3730 2513
3730 2512
3730 2511
3730 2510
3731 2509
3731 2508
3731 2507
3732 2506
3732 2505
3732 2504
3733 2503
3733 2502
3733 2501
3733 2500
3734 2499
3734 2498
3734 2497
3735 2496
3735 2495
3736 2494
3736 2493
3737 2492
3737 2491
3738 2490
3738 2489
3739 2488
3739 2487
3739 2486
3740 2485
3740 2484
3741 2483
3741 2482
3742 2481
3742 2480
3743 2479
3743 2478
3744 2477
3744 2476
3745 2475
3745 2474
3745 2473
3746 2472
3746 2471
3746 2470
3746 2469
3747 2468
3747 2467
3747 2466
3747 2465
3747 2464
3747 2463
3747 2462
3747 2461
3748 2460
3748 2459
3748 2458
3748 2457
3749 2456
3749 2455
3749 2454
3749 2453
3750 2452
3750 2451
3750 2450
3751 2449
3751 2448
3751 2447
3752 2446
3752 2445
3752 2444
3752 2443
3752 2442
3753 2441
3753 2440
3753 2439
3753 2438
3753 2437
3753 2436
3753 2435
3753 2434
3754 2433
3754 2432
3754 2431
3754 2430
3754 2429
3754 2428
3754 2427
3754 2426
3754 2425
3754 2424
3754 2423
3754 2422
3754 2421
3754 2420
3754 2419
3754 2418
3754 2417
3754 2416
3755 2415
3755 2414
3755 2413
3755 2412
3755 2411
3755 2410
3755 2409
3755 2408
3755 2407
3755 2406
3755 2405
3755 2404
3755 2403
3755 2402
3755 2401
3755 2400
3755 2399
3755 2398
3755 2397
3755 2396
3755 2395
3755 2394
3755 2393
3755 2392
3755 2391
3755 2390
3755 2389
3755 2388
3755 2387
3755 2386
3756 2385
3756 2384
3756 2383
3756 2382
3756 2381
3756 2380
3756 2379
3756 2378
3756 2377
3756 2376
3756 2375
3756 2374
3756 2373
3756 2372
3756 2371
3756 2370
3756 2369
3756 2368
3756 2367
3756 2366
3756 2365
3756 2364
3756 2363
3756 2362
3756 2361
3756 2360
3756 2359
3756 2358
3756 2357
3756 2356
3756 2355
3756 2354
3757 2353
3757 2352
3757 2351
3757 2350
3757 2349
3757 2348
3757 2347
3757 2346
3757 2345
3757 2344
3757 2343
3757 2342
3757 2341
3757 2340
3757 2339
3757 2338
3757 2337
3757 2336
3757 2335
3757 2334
3757 2333
3757 2332
3757 2331
3757 2330
3757 2329
3757 2328
3757 2327
3757 2326
3757 2325
3757 2324
3757 2323
3757 2322
3757 2321
3758 2320
3758 2319
3758 2318
3758 2317
3758 2316
3758 2315
3758 2314
3758 2313
3758 2312
3758 2311
3758 2310
3758 2309
3758 2308
3758 2307
3758 2306
3758 2305
3758 2304
3758 2303
3758 2302
3758 2301
3758 2300
3758 2299
3758 2298
3758 2297
3758 2296
3758 2295
3758 2294
3758 2293
3758 2292
3758 2291
3758 2290
3758 2289
3758 2288
3759 2287
3759 2286
3759 2285
3759 2284
3759 2283
3759 2282
3759 2281
3759 2280
3759 2279
3759 2278
3759 2277
3759 2276
3759 2275
3759 2274
3759 2273
3759 2272
3759 2271
3759 2270
3759 2269
3759 2268
3759 2267
3759 2266
3759 2265
3759 2264
3759 2263
3759 2262
3759 2261
3759 2260
3759 2259
3759 2258
3759 2257
3759 2256
3760 2255
3760 2254
3760 2253
3760 2252
3760 2251
3760 2250
3760 2249
3760 2248
3760 2247
3760 2246
3760 2245
3760 2244
3760 2243
3760 2242
3760 2241
3760 2240
3760 2239
3760 2238
3760 2237
3760 2236
3760 2235
3760 2234
3760 2233
3760 2232
3760 2231
3760 2230
3760 2229
3760 2228
3760 2227
3760 2226
3760 2225
3760 2224
3760 2223
3761 2222
3761 2221
3761 2220
3761 2219
3761 2218
3761 2217
3761 2216
3761 2215
3761 2214
3761 2213
3761 2212
3761 2211
3761 2210
3761 2209
3761 2208
3761 2207
3761 2206
3761 2205
3761 2204
3761 2203
3761 2202
3761 2201
3761 2200
3761 2199
3761 2198
3761 2197
3761 2196
3761 2195
3761 2194
3761 2193
3761 2192
3761 2191
3762 2190
3762 2189
3762 2188
3762 2187
3762 2186
3762 2185
3762 2184
3762 2183
3762 2182
3761 2181
3761 2180
3761 2179
3761 2178
3761 2177
3760 2176
3760 2175
3760 2174
3760 2173
3759 2172
3759 2171
3759 2170
3759 2169
3758 2168
3758 2167
3757 2166
3757 2165
3756 2164
3756 2163
3756 2162
3756 2161
3755 2160
3755 2159
3755 2158
3755 2157
3755 2156
3754 2155
3754 2154
3754 2153
3754 2152
3754 2151
3754 2150
3754 2149
3753 2148
3753 2147
3753 2146
3753 2145
3752 2144
3752 2143
3752 2142
3751 2141
3751 2140
3751 2139
3751 2138
3750 2137
3750 2136
3750 2135
3750 2134
3750 2133
3750 2132
3749 2131
3749 2130
3749 2129
3748 2128
3748 2127
3748 2126
3748 2125
3747 2124
3747 2123
3747 2122
3747 2121
3746 2120
3746 2119
3746 2118
3745 2117
3745 2116
3744 2115
3744 2114
3743 2113
3743 2112
3742 2111
3742 2110
3741 2109
3741 2108
3740 2107
3739 2106
3739 2105
3739 2104
3738 2103
3738 2102
3737 2101
3737 2100
3737 2099
3736 2098
3736 2097
3736 2096
3735 2095
3735 2094
3734 2093
3734 2092
3733 2091
3733 2090
3733 2089
3733 2088
3732 2087
3732 2086
3732 2085
3732 2084
3731 2083
3731 2082
3730 2081
3730 2080
3729 2079
3729 2078
3728 2077
3727 2076
3727 2075
3726 2074
3726 2073
3725 2072
3724 2071
3723 2070
3722 2069
3721 2068
3721 2067
3720 2066
3720 2065
3719 2064
3718 2063
3717 2062
3717 2061
3716 2060
3716 2059
3715 2058
3714 2057
3714 2056
3713 2055
3713 2054
3712 2053
3711 2052
3711 2051
3710 2050
3709 2049
3709 2048
3708 2047
3707 2046
3706 2045
3705 2044
3705 2043
3704 2042
3703 2041
3702 2040
3701 2039
3700 2038
3700 2037
3699 2036
3698 2035
3697 2034
3696 2033
3695 2032
3694 2031
3694 2030
3693 2029
3692 2028
3692 2027
3691 2026
3690 2025
3690 2024
3689 2023
3689 2022
3688 2021
3688 2020
3687 2019
3687 2018
3686 2017
3685 2016
3684 2015
3684 2014
3683 2013
3683 2012
3682 2011
3682 2010
3681 2009
3680 2008
3680 2007
3679 2006
3678 2005
3677 2004
3677 2003
3676 2002
3675 2001
3674 2000
3674 1999
3673 1998
3672 1997
3672 1996
3671 1995
3671 1994
3670 1993
3669 1992
3669 1991
3668 1990
3667 1989
3667 1988
3666 1987
3665 1986
3664 1985
3664 1984
3663 1983
3662 1982
3661 1981
3660 1980
3659 1979
3659 1978
3658 1977
3657 1976
3657 1975
3657 1974
3657 1973
3656 1972
3656 1971
3655 1970
3654 1969
3653 1968
3653 1967
3652 1966
3651 1965
3650 1964
3649 1963
3648 1962
3647 1961
3647 1960
3646 1959
3645 1959
3644 1958
3643 1957
3642 1956
3641 1955
3640 1954
3639 1953
3638 1952
3637 1951
3637 1950
3636 1949
3635 1948
3634 1947
3634 1946
3633 1945
3632 1944
3632 1943
3631 1943
3630 1942
3629 1941
3628 1941
3627 1940
3626 1939
3625 1938
3624 1937
3623 1937
3622 1936
3621 1935
3620 1934
3619 1934
3618 1933
3617 1932
3616 1931
3615 1931
3614 1930
3613 1930
3612 1929
3611 1929
3610 1929
3609 1929
3608 1928
3607 1928
3606 1928
3605 1928
3604 1927
3603 1927
3602 1926
3601 1925
3600 1924
3599 1924
3598 1923
3597 1922
3596 1922
3595 1921
3594 1921
3593 1921
3592 1920
3591 1920
3590 1919
3589 1919
3588 1919
3587 1919
3586 1918
3585 1918
3584 1918
3583 1918
3582 1918
3581 1918
3580 1917
3579 1917
3578 1917
3577 1917
3576 1917
3575 1917
3574 1917
3573 1917
3572 1916
3571 1916
3570 1916
3569 1916
3568 1916
3567 1916
3566 1916
3565 1916
3564 1915
3563 1915
3562 1915
3561 1914
3560 1914
3559 1913
3558 1913
3557 1913
3556 1912
3555 1912
3554 1912
3553 1911
3552 1911
3551 1910
3550 1910
3549 1909
3548 1909
3547 1908
3546 1908
3545 1908
3544 1907
3543 1907
3542 1907
3541 1907
3540 1906
3539 1906
3538 1906
3537 1906
3536 1906
3535 1905
3534 1905
3533 1904
3532 1904
3531 1904
3530 1903
3529 1903
3528 1903
3527 1902
3526 1902
3525 1902
3524 1902
3523 1902
3522 1901
3521 1901
3520 1901
3519 1901
3518 1901
3517 1900
3516 1900
3515 1900
3514 1900
3513 1899
3512 1899
3511 1898
3510 1898
3509 1898
3508 1897
3507 1897
3506 1897
3505 1896
3504 1896
3503 1896
3502 1896
3501 1895
3500 1895
3499 1895
3498 1895
3497 1895
3496 1895
3495 1895
3494 1895
3493 1894
3492 1894
3491 1894
3490 1894
3489 1894
3488 1894
3487 1894
3486 1894
3485 1893
3484 1892
3483 1892
3482 1891
3481 1891
3480 1891
3479 1890
3478 1890
3477 1890
3476 1889
3475 1889
3474 1889
3473 1889
3472 1889
3471 1888
3470 1888
3469 1888
3468 1887
3467 1887
3466 1886
3465 1886
3464 1886
3463 1885
3462 1885
3461 1885
3460 1885
3459 1884
3458 1884
3457 1884
3456 1884
3455 1884
3454 1884
3453 1883
3452 1883
3451 1883
3450 1882
3449 1882
3448 1881
3447 1881
3446 1881
3445 1880
3444 1880
3443 1880
3442 1879
3441 1879
3440 1879
3439 1879
3438 1878
3437 1878
3436 1877
3435 1877
3434 1876
3433 1875
3432 1875
3431 1875
3430 1874
3429 1874
3428 1874
3427 1874
3426 1873
3425 1873
3424 1873
3423 1873
3422 1873
3421 1873
3420 1872
3419 1872
3418 1872
3417 1872
3416 1872
3415 1872
3414 1871
3413 1871
3412 1871
3411 1870
3410 1870
3409 1870
3408 1869
3407 1869
3406 1868
3405 1868
3404 1868
3403 1868
3402 1868
3401 1867
3400 1867
3399 1867
3398 1867
3397 1867
3396 1867
3395 1867
3394 1866
3393 1866
3392 1865
3391 1865
3390 1864
3389 1864
3388 1864
3387 1863
3386 1863
3385 1863
3384 1862
3383 1862
3382 1862
3381 1861
3380 1860
3379 1859
3378 1858
3378 1857
3377 1856
3376 1855
3375 1854
3374 1854
3373 1853
3372 1853
3371 1852
3370 1852
3369 1851
3368 1851
3367 1850
3366 1849
3365 1849
3364 1848
3363 1848
3362 1847
3361 1847
3360 1847
3359 1846
3358 1846
3357 1845
3356 1844
3355 1843
3354 1843
3353 1843
3352 1842
3351 1842
3350 1842
3349 1841
3348 1841
3347 1840
3346 1839
3345 1838
3344 1838
3343 1837
3342 1836
3341 1836
3340 1835
3339 1834
3338 1834
3337 1834
3336 1833
3335 1833
3334 1832
3333 1832
3332 1832
3331 1831
3330 1831
3329 1830
3328 1830
3327 1829
3326 1829
3325 1828
3324 1828
3323 1827
3322 1827
3321 1826
3320 1826
3319 1826
3318 1825
3317 1825
3316 1825
3315 1825
3314 1824
3313 1824
3312 1824
3311 1824
3310 1823
3309 1822
3308 1821
3307 1820
3307 1819
3306 1818
3305 1818
3304 1817
3303 1817
3302 1816
3301 1816
3300 1816
3299 1815
3298 1815
3297 1814
3296 1814
3295 1813
3294 1813
3293 1812
3292 1812
3291 1811
3290 1811
3289 1810
3288 1809
3287 1808
3286 1807
3285 1806
3284 1806
3283 1805
3282 1804
3281 1803
3280 1802
3279 1801
3278 1801
3277 1800
3276 1799
3275 1798
3274 1798
3273 1797
3272 1797
3271 1796
3270 1796
3269 1795
3268 1795
3267 1794
3266 1793
3265 1793
3264 1792
3263 1791
3262 1791
3261 1790
3260 1790
3259 1790
3258 1789
3257 1789
3256 1789
3255 1789
3254 1788
3253 1788
3252 1788
3251 1788
3250 1788
3249 1788
3248 1787
3247 1787
3246 1787
3245 1787
3244 1786
3243 1786
3242 1785
3241 1785
3240 1784
3239 1784
3238 1784
3237 1783
3236 1783
3235 1783
3234 1783
3233 1783
3232 1783
3231 1783
3230 1782
3229 1782
3228 1782
3227 1782
3226 1782
3225 1782
3224 1782
3223 1782
3222 1782
3221 1782
3220 1782
3219 1781
3218 1781
3217 1781
3216 1781
3215 1781
3214 1781
3213 1781
3212 1781
3211 1781
3210 1781
3209 1781
3208 1781
3207 1781
3206 1781
3205 1781
3204 1781
3203 1781
3202 1781
3201 1781
3200 1781
3199 1781
3198 1780
3197 1780
3196 1780
3195 1780
3194 1780
3193 1780
3192 1780
3191 1780
3190 1780
3189 1780
3188 1780
3187 1780
3186 1780
3185 1780
3184 1780
3183 1780
3182 1780
3181 1780
3180 1780
3179 1780
3178 1780
3177 1780
3176 1780
3175 1780
3174 1780
3173 1780
3172 1780
3171 1780
3170 1780
3169 1780
3168 1780
3167 1780
3166 1780
3165 1779
3164 1779
3163 1779
3162 1779
3161 1779
3160 1779
3159 1780
3158 1780
3157 1780
3156 1781
3155 1781
3154 1781
3153 1781
3152 1782
3151 1782
3150 1782
3149 1782
3148 1782
3147 1782
3146 1782
3145 1783
3144 1783
3143 1783
3142 1783
3141 1783
3140 1783
3139 1783
3138 1783
3137 1783
3136 1783
3135 1783
3134 1783
3133 1783
3132 1783
3131 1783
3130 1783
3129 1783
3128 1783
3127 1783
3126 1783
3125 1783
3124 1783
3123 1783
3122 1783
3121 1783
3120 1783
3119 1783
3118 1783
3117 1783
3116 1783
3115 1783
3114 1783
3113 1783
3112 1783
3111 1783
3110 1783
3109 1783
3108 1783
3107 1783
3106 1783
3105 1783
3104 1783
3103 1783
3102 1783
3101 1782
3100 1782
3099 1782
3098 1782
3097 1782
3096 1782
3095 1782
3094 1782
3093 1782
3092 1782
3091 1782
3090 1782
3089 1782
3088 1782
3087 1782
3086 1782
3085 1782
3084 1782
3083 1782
3082 1782
3081 1782
3080 1782
3079 1782
3078 1782
3077 1782
3076 1782
3075 1782
3074 1782
3073 1782
3072 1782
3071 1782
3070 1781
3069 1781
3068 1781
3067 1780
3066 1780
3065 1779
3064 1779
3063 1779
3062 1778
3061 1778
3060 1778
3059 1778
3058 1777
3057 1777
3056 1777
3055 1777
3054 1777
3053 1777
3052 1776
3051 1776
3050 1776
3049 1776
3048 1776
3047 1776
3046 1776
3045 1776
3044 1776
3043 1776
3042 1776
3041 1776
3040 1776
3039 1776
3038 1776
3037 1776
3036 1776
3035 1776
3034 1776
3033 1776
