2811 1618
2810 1619
2809 1620
2808 1620
2807 1621
2806 1621
2805 1622
2804 1622
2803 1623
2802 1623
2801 1624
2800 1625
2799 1626
2798 1626
2797 1627
2796 1628
2796 1629
2795 1630
2794 1631
2793 1632
2792 1633
2791 1633
2790 1634
2789 1634
2788 1635
2787 1635
2786 1636
2785 1637
2784 1637
2783 1638
2782 1639
2781 1639
2780 1640
2779 1641
2778 1641
2777 1642
2776 1643
2775 1644
2774 1645
2773 1646
2772 1647
2771 1648
2770 1649
2769 1650
2768 1651
2767 1652
2766 1653
2766 1654
2765 1655
2764 1656
2764 1657
2763 1658
2762 1659
2761 1660
2760 1661
2759 1662
2758 1663
2757 1664
2756 1665
2755 1666
2754 1667
2753 1668
2752 1668
2751 1669
2750 1670
2749 1670
2748 1671
2747 1671
2746 1672
2745 1672
2744 1673
2743 1673
2742 1673
2741 1674
2740 1674
2739 1674
2738 1675
2737 1675
2736 1676
2735 1676
2734 1676
2733 1677
2732 1677
2731 1678
2730 1678
2729 1679
2728 1679
2727 1680
2726 1680
2725 1680
2724 1681
2723 1681
2722 1681
2721 1682
2720 1682
2719 1682
2718 1682
2717 1682
2716 1682
2715 1682
2714 1683
2713 1683
2712 1683
2711 1683
2710 1683
2709 1684
2708 1684
2707 1685
2706 1685
2705 1685
2704 1686
2703 1686
2702 1687
2701 1687
2700 1688
2699 1688
2698 1689
2697 1689
2696 1689
2695 1690
2694 1690
2693 1690
2692 1690
2691 1690
2690 1690
2689 1691
2688 1691
2687 1691
2686 1691
2685 1691
2684 1691
2683 1691
2682 1691
2681 1691
2680 1691
2679 1691
2678 1691
2677 1691
2676 1691
2675 1691
2674 1691
2673 1691
2672 1691
2671 1691
2670 1691
2669 1691
2668 1691
2667 1691
2666 1691
2665 1691
2664 1691
2663 1691
2662 1691
2661 1691
2660 1691
2659 1691
2658 1691
2657 1691
2656 1690
2655 1690
2654 1690
2653 1690
2652 1690
2651 1690
2650 1690
2649 1690
2648 1690
2647 1690
2646 1690
2645 1690
2644 1690
2643 1690
2642 1690
2641 1690
2640 1690
2639 1690
2638 1690
2637 1690
2636 1690
2635 1690
2634 1690
2633 1690
2632 1689
2631 1689
2630 1689
2629 1689
2628 1689
2627 1689
2626 1689
2625 1689
2624 1689
2623 1689
2622 1689
2621 1689
2620 1689
2619 1689
2618 1689
2617 1689
2616 1689
2615 1689
2614 1689
2613 1689
2612 1689
2611 1689
2610 1689
2609 1689
2608 1689
2607 1689
2606 1689
2605 1688
2604 1688
2603 1688
2602 1688
2601 1688
2600 1688
2599 1688
2598 1688
2597 1688
2596 1688
2595 1688
2594 1688
2593 1688
2592 1687
2591 1686
2591 1685
2590 1684
2589 1683
2588 1683
2587 1682
2586 1682
2585 1682
2584 1681
2583 1681
2582 1681
2581 1681
2581 1682
2580 1683
2579 1684
2579 1685
2578 1686
2578 1687
2577 1688
2576 1689
2576 1690
2576 1691
2575 1692
2575 1693
2574 1694
2574 1695
2574 1696
2573 1697
2573 1698
2573 1699
2572 1700
2572 1701
2572 1702
2572 1703
2572 1704
2571 1705
2571 1706
2571 1707
2571 1708
2571 1709
2571 1710
2571 1711
2570 1712
2570 1713
2570 1714
2570 1715
2570 1716
2570 1717
2570 1718
2570 1719
2570 1720
2570 1721
2570 1722
2569 1723
2569 1724
2569 1725
2569 1726
2568 1727
2568 1728
2567 1729
2567 1730
2566 1731
2566 1732
2565 1733
2565 1734
2564 1735
2564 1736
2564 1737
2563 1738
2562 1739
2562 1740
2561 1741
2560 1742
2560 1743
2559 1744
2558 1745
2558 1746
2557 1747
2557 1748
2557 1749
2556 1750
2556 1751
2555 1752
2554 1753
2553 1754
2552 1755
2551 1756
2551 1757
2550 1758
2550 1759
2549 1760
2549 1761
2548 1762
2547 1763
2546 1764
2545 1765
2544 1766
2543 1766
2542 1767
2541 1768
2540 1769
2539 1770
2538 1771
2537 1772
2536 1772
2535 1773
2534 1774
2533 1775
2532 1775
2531 1776
2530 1776
2529 1777
2528 1778
2527 1779
2526 1780
2525 1781
2524 1782
2523 1783
2522 1784
2521 1785
2520 1785
2519 1786
2518 1787
2517 1787
2516 1788
2515 1789
2514 1789
2513 1790
2512 1790
2511 1791
2510 1792
2509 1792
2508 1793
2507 1794
2506 1794
2505 1795
2504 1796
2503 1796
2502 1797
2501 1798
2500 1798
2499 1799
2498 1800
2497 1800
2496 1801
2495 1802
2494 1802
2493 1803
2492 1804
2491 1805
2490 1806
2489 1807
2488 1807
2487 1808
2486 1808
2485 1808
2484 1808
2483 1809
2482 1809
2481 1809
2480 1809
2479 1809
2478 1809
2477 1809
2476 1809
2475 1809
2474 1809
2473 1809
2472 1809
2471 1809
2470 1809
2469 1809
2468 1809
2467 1809
2466 1809
2465 1809
2464 1809
2463 1809
2462 1809
2461 1810
2460 1810
2459 1810
2458 1810
2457 1811
2456 1811
2455 1811
2454 1812
2453 1812
2452 1812
2451 1812
2450 1813
2449 1813
2448 1813
2447 1813
2446 1813
2445 1813
2444 1813
2443 1814
2442 1814
2441 1814
2440 1814
2439 1814
2438 1815
2437 1815
2436 1815
2435 1815
2434 1816
2433 1816
2432 1816
2431 1817
2430 1817
2429 1817
2428 1817
2427 1818
2426 1818
2425 1818
2424 1818
2423 1819
2422 1819
2421 1819
2420 1819
2419 1819
2418 1820
2417 1820
2416 1820
2415 1820
2414 1820
2413 1820
2412 1820
2411 1820
2410 1820
2409 1821
2408 1821
2407 1821
2406 1821
2405 1821
2404 1821
2403 1821
2402 1821
2401 1821
2400 1821
2399 1821
2398 1821
2397 1822
2396 1822
2395 1822
2394 1822
2393 1823
2392 1823
2391 1823
2390 1823
2389 1824
2388 1824
2387 1825
2386 1825
2385 1825
2384 1826
2383 1826
2382 1826
2381 1826
2380 1827
2379 1827
2378 1827
2377 1827
2376 1827
2375 1827
2374 1827
2373 1827
2372 1827
2371 1828
2370 1828
2369 1828
2368 1828
2367 1828
2366 1828
2365 1828
2364 1828
2363 1828
2362 1828
2361 1829
2360 1829
2359 1830
2358 1830
2357 1831
2356 1831
2355 1832
2354 1832
2353 1832
2352 1832
2351 1833
2350 1833
2349 1833
2348 1833
2347 1834
2346 1834
2345 1834
2344 1835
2343 1835
2342 1836
2341 1837
2340 1837
2339 1838
2338 1839
2337 1840
2336 1840
2335 1841
2334 1841
2333 1841
2332 1842
2331 1842
2330 1843
2329 1844
2328 1845
2327 1846
2327 1847
2326 1848
2325 1848
2324 1849
2323 1850
2322 1851
2321 1852
2320 1853
2320 1854
2319 1855
2319 1856
2318 1857
2318 1858
2317 1859
2316 1860
2315 1861
2314 1861
2313 1862
2312 1863
2311 1864
2310 1865
2309 1866
2308 1867
2307 1868
2306 1869
2306 1870
2305 1871
2304 1872
2304 1873
2303 1874
2302 1875
2301 1876
2301 1877
2300 1878
2299 1879
2298 1880
2297 1881
2296 1882
2295 1883
2295 1884
2294 1885
2293 1886
2293 1887
2292 1888
2291 1889
2290 1890
2289 1891
2289 1892
2288 1893
2287 1894
2287 1895
2286 1896
2285 1897
2285 1898
2284 1899
2283 1900
2283 1901
2282 1902
2281 1903
2281 1904
2280 1905
2279 1906
2279 1907
2278 1908
2277 1909
2276 1910
2275 1911
2274 1912
2273 1913
2272 1914
2271 1915
2270 1916
2269 1917
2268 1918
2267 1919
2266 1920
2266 1921
2265 1922
2264 1923
2263 1924
2263 1925
2262 1926
2261 1927
2260 1928
2259 1929
2258 1929
2257 1930
2256 1930
2255 1930
2254 1931
2253 1931
2252 1932
2251 1932
2250 1933
2249 1933
2248 1934
2247 1934
2246 1935
2245 1935
2244 1936
2243 1937
2242 1938
2241 1939
2240 1940
2239 1941
2238 1941
2237 1942
2236 1943
2235 1944
2234 1945
2233 1945
2232 1946
2231 1947
2230 1948
2229 1949
2228 1950
2227 1951
2226 1951
2225 1952
2224 1953
2223 1954
2222 1955
2222 1956
2221 1957
2220 1958
2219 1959
2218 1960
2217 1961
2216 1962
2215 1963
2214 1964
2213 1965
2212 1966
2211 1967
2211 1968
2210 1969
2209 1970
2208 1971
2207 1972
2206 1973
2205 1973
2204 1974
2203 1974
2202 1975
2201 1975
2200 1976
2199 1977
2198 1978
2197 1979
2196 1979
2195 1980
2194 1981
2193 1982
2192 1982
2191 1983
2190 1983
2189 1984
2188 1985
2187 1985
2186 1986
2185 1987
2184 1987
2183 1988
2182 1989
2181 1989
2180 1990
2179 1990
2178 1991
2177 1991
2176 1991
2175 1992
2174 1992
2173 1992
2172 1993
2171 1993
2170 1993
2169 1994
2168 1994
2167 1995
2166 1995
2165 1996
2164 1996
2163 1997
2162 1998
2161 1998
2160 1998
2159 1999
2158 1999
2157 2000
2156 2000
2155 2000
2154 2000
2153 2000
2152 2000
2151 2000
2150 2001
2149 2001
2148 2001
2147 2002
2146 2002
2145 2002
2144 2003
2143 2003
2142 2004
2141 2004
2140 2004
2139 2005
2138 2005
2137 2006
2136 2006
2135 2006
2134 2007
2133 2007
2132 2007
2131 2007
2130 2007
2129 2007
2128 2007
2127 2007
2126 2008
2125 2008
2124 2008
2123 2008
2122 2008
2121 2008
2120 2008
2119 2008
2118 2008
2117 2009
2116 2009
2115 2009
2114 2009
2113 2010
2112 2010
2111 2010
2110 2010
2109 2011
2108 2011
2107 2011
2106 2011
2105 2012
2104 2012
2103 2012
2102 2012
2101 2013
2100 2013
2099 2013
2098 2013
2097 2013
2096 2014
2095 2014
2094 2014
2093 2014
2092 2014
2091 2014
2090 2014
2089 2014
2088 2014
2087 2014
2086 2014
2085 2014
2084 2014
2083 2014
2082 2015
2081 2015
2080 2015
2079 2015
2078 2015
2077 2016
2076 2016
2075 2016
2074 2017
2073 2017
2072 2017
2071 2017
2070 2018
2069 2018
2068 2018
2067 2018
2066 2019
2065 2019
2064 2019
2063 2019
2062 2019
2061 2019
2060 2019
2059 2020
2058 2020
2057 2020
2056 2020
2055 2020
2054 2020
2053 2020
2052 2020
2051 2021
2050 2021
2049 2021
2048 2021
2047 2021
2046 2021
2045 2021
2044 2021
2043 2021
2042 2021
2041 2021
2040 2021
2039 2021
2038 2021
2037 2021
2036 2022
2035 2022
2034 2022
2033 2022
2032 2022
2031 2023
2030 2023
2029 2023
2028 2023
2027 2024
2026 2024
2025 2024
2024 2024
2023 2025
2022 2025
2021 2025
2020 2025
2019 2026
2018 2026
2017 2027
2016 2027
2015 2027
2014 2028
2013 2028
2012 2028
2011 2029
2010 2029
2009 2030
2008 2030
2007 2031
2006 2031
2005 2031
2004 2032
2003 2032
2002 2032
2001 2033
2000 2033
1999 2033
1998 2033
1997 2033
1996 2033
1995 2033
1994 2034
1993 2034
1992 2034
1991 2034
1990 2034
1989 2034
1988 2034
1987 2035
1986 2035
1985 2035
1984 2035
1983 2035
1982 2035
1981 2035
1980 2035
1979 2036
1978 2036
1977 2036
1976 2037
1975 2037
1974 2038
1973 2038
1972 2038
1971 2039
1970 2039
1969 2040
1968 2041
1967 2041
1966 2042
1965 2042
1964 2043
1963 2044
1962 2045
1961 2045
1960 2045
1959 2046
1958 2046
1957 2046
1956 2046
1955 2047
1954 2047
1953 2047
1952 2048
1951 2049
1950 2049
1949 2050
1948 2051
1947 2051
1946 2052
1945 2053
1944 2054
1943 2054
1942 2055
1941 2056
1940 2056
1939 2057
1938 2057
1937 2058
1936 2058
1935 2059
1934 2059
1933 2059
1932 2060
1931 2060
1930 2060
1929 2061
1928 2061
1927 2061
1926 2062
1925 2062
1924 2063
1923 2063
1922 2064
1921 2064
1920 2064
1919 2065
1918 2065
1917 2066
1916 2066
1915 2066
1914 2067
1913 2067
1912 2067
1911 2067
1910 2068
1909 2068
1908 2068
1907 2068
1906 2068
1905 2069
1904 2069
1903 2069
1902 2069
1901 2069
1900 2070
1899 2070
1898 2070
1897 2070
1896 2070
1895 2070
1894 2070
1893 2070
1892 2070
1891 2071
1890 2071
1889 2071
1888 2071
1887 2072
1886 2072
1885 2072
1884 2072
1883 2073
1882 2073
1881 2073
1880 2074
1879 2074
1878 2074
1877 2074
1876 2075
1875 2075
1874 2075
1873 2075
1872 2075
1871 2075
1870 2076
1869 2076
1868 2076
1867 2076
1866 2076
1865 2076
1864 2076
1863 2076
1862 2076
1861 2076
1860 2076
1859 2076
1858 2076
1857 2077
1856 2077
1855 2077
1854 2077
1853 2077
1852 2077
1851 2077
1850 2077
1849 2077
1848 2077
1847 2077
1846 2077
1845 2077
1844 2077
1843 2078
1842 2078
1841 2078
1840 2078
1839 2079
1838 2079
1837 2079
1836 2080
1835 2080
1834 2081
1833 2081
1832 2082
1831 2082
1830 2083
1829 2084
1828 2084
1827 2084
1826 2085
1825 2085
1824 2086
1823 2086
1822 2086
1821 2087
1820 2087
1819 2087
1818 2088
1817 2088
1816 2088
1815 2088
1814 2088
1813 2089
1812 2089
1811 2089
1810 2089
1809 2089
1808 2090
1807 2090
1806 2090
1805 2090
1804 2090
1803 2090
1802 2090
1801 2090
1800 2090
1799 2090
1798 2090
1797 2090
1796 2090
1795 2090
1794 2090
1793 2090
1792 2090
1791 2090
1790 2090
1789 2090
1788 2090
1787 2090
1786 2090
1785 2090
1784 2090
1783 2090
1782 2090
1781 2090
1780 2090
1779 2090
1778 2091
1777 2091
1776 2091
1775 2092
1774 2092
1773 2092
1772 2093
1771 2093
1770 2093
1769 2094
1768 2094
1767 2094
1766 2095
1765 2095
1764 2095
1763 2095
1762 2095
1761 2095
1760 2096
1759 2096
1758 2096
1757 2096
1756 2096
1755 2096
1754 2096
1753 2096
1752 2096
1751 2096
1750 2096
1749 2097
1748 2097
1747 2097
1746 2097
1745 2098
1744 2098
1743 2098
1742 2099
1741 2099
1740 2099
1739 2100
1738 2100
1737 2100
1736 2100
1735 2100
1734 2100
1733 2101
1732 2101
1731 2101
1730 2101
1729 2101
1728 2101
1727 2101
1726 2102
1725 2102
1724 2102
1723 2102
1722 2102
1721 2102
1720 2102
1719 2102
1718 2103
1717 2103
1716 2103
1715 2104
1714 2104
1713 2104
1712 2105
1711 2105
1710 2106
1709 2106
1708 2107
1707 2107
1706 2108
1705 2109
1704 2109
1703 2110
1702 2110
1701 2111
1700 2112
1699 2112
1698 2113
1697 2113
1696 2113
1695 2114
1694 2114
1693 2114
1692 2114
1691 2114
1690 2115
1689 2115
1688 2115
1687 2115
1686 2115
1685 2115
1684 2115
1683 2115
1682 2116
1681 2116
1680 2116
1679 2116
1678 2117
1677 2117
1676 2117
1675 2118
1674 2118
1673 2118
1672 2119
1671 2119
1670 2120
1669 2120
1668 2120
1667 2121
1666 2121
1665 2121
1664 2121
1663 2122
1662 2122
1661 2122
1660 2122
1659 2122
1658 2122
1657 2123
1656 2123
1655 2123
1654 2123
1653 2123
1652 2124
1651 2124
1650 2124
1649 2124
1648 2125
1647 2125
1646 2125
1645 2125
1644 2126
1643 2126
1642 2126
1641 2127
1640 2127
1639 2127
1638 2127
1637 2128
1636 2128
1635 2128
1634 2128
1633 2128
1632 2129
1631 2129
1630 2129
1629 2129
1628 2129
1627 2129
1626 2129
1625 2129
1624 2129
1623 2129
1622 2129
1621 2129
1620 2130
1619 2129
1618 2130
1617 2130
1616 2130
1615 2130
1614 2130
1613 2130
1612 2130
1611 2131
1610 2131
1609 2131
1608 2132
1607 2132
1606 2132
1605 2133
1604 2133
1603 2134
1602 2134
1601 2134
1600 2134
1599 2135
1598 2135
1597 2135
1596 2135
1595 2135
1594 2135
1593 2136
1592 2136
1591 2136
1590 2136
1589 2136
1588 2136
1587 2136
1586 2136
1585 2137
1584 2137
1583 2137
1582 2138
1581 2138
1580 2139
1579 2139
1578 2140
1577 2141
1576 2142
1575 2142
1574 2143
1573 2143
1572 2144
1571 2145
1570 2145
1569 2146
1568 2147
1567 2147
1566 2148
1565 2148
1564 2149
1563 2150
1562 2151
1561 2152
1560 2152
1559 2153
1558 2153
1557 2154
1556 2154
1555 2154
1554 2155
1553 2155
1552 2155
1551 2155
1550 2156
1549 2156
1548 2156
1547 2157
1546 2157
1545 2158
1544 2158
1543 2159
1542 2159
1541 2160
1540 2161
1539 2161
1538 2162
1537 2162
1536 2163
1535 2163
1534 2163
1533 2163
1532 2163
1531 2164
1530 2164
1529 2165
1528 2165
1527 2166
1526 2166
1525 2167
1524 2168
1523 2169
1522 2170
1521 2170
1520 2171
1519 2172
1518 2172
1517 2173
1516 2173
1515 2174
1514 2175
1513 2175
1512 2175
1511 2176
1510 2176
1509 2176
1508 2177
1507 2177
1506 2177
1505 2178
1504 2178
1503 2178
1502 2179
1501 2179
1500 2180
1499 2181
1498 2181
1497 2182
1496 2182
1495 2183
1494 2183
1493 2183
1492 2184
1491 2184
1490 2184
1489 2185
1488 2185
1487 2186
1486 2186
1485 2187
1484 2187
1483 2187
1482 2188
1481 2188
1480 2189
1479 2190
1478 2190
1477 2191
1476 2191
1475 2192
1474 2192
1473 2193
1472 2194
1471 2194
1470 2195
1469 2196
1468 2197
1467 2197
1466 2198
1465 2199
1464 2200
1463 2200
1462 2201
1461 2202
1460 2202
1459 2203
1458 2204
1457 2204
1456 2205
1455 2205
1454 2206
1453 2206
1452 2207
1451 2208
1450 2208
1449 2209
1448 2209
1447 2210
1446 2210
1445 2211
1444 2212
1443 2212
1442 2213
1441 2214
1440 2215
1439 2215
1438 2216
1437 2217
1436 2217
1435 2218
1434 2219
1433 2220
1432 2220
1431 2221
1430 2221
1429 2222
1428 2222
1427 2223
1426 2223
1425 2224
1424 2224
1423 2225
1422 2226
1421 2226
1420 2227
1419 2228
1418 2229
1417 2230
1416 2231
1415 2232
1414 2232
1413 2233
1412 2234
1411 2234
1410 2235
1409 2236
1408 2236
1407 2237
1406 2238
1405 2238
1404 2239
1403 2240
1402 2240
1401 2241
1400 2241
1399 2242
1398 2242
1397 2243
1396 2243
1395 2244
1394 2244
1393 2245
1392 2245
1391 2246
1390 2246
1389 2247
1388 2248
1387 2248
1386 2249
1385 2249
1384 2249
1383 2250
1382 2250
1381 2250
1380 2251
1379 2251
1378 2251
1377 2251
1376 2252
1375 2252
1374 2252
1373 2252
1372 2253
1371 2253
1370 2253
1369 2253
1368 2253
1367 2253
1366 2254
1365 2255
1364 2256
1363 2256
1362 2257
1361 2258
1360 2259
1359 2260
1358 2260
1357 2261
1356 2262
1355 2263
1354 2263
1353 2264
1352 2264
1351 2264
1350 2265
1349 2265
1348 2266
1347 2266
1346 2266
1345 2267
1344 2267
1343 2267
1342 2267
1341 2267
1340 2268
1339 2268
1338 2268
1337 2268
1336 2269
1335 2270
1334 2270
1333 2271
1332 2271
1331 2272
1330 2272
1329 2272
1328 2273
1327 2273
1326 2273
1325 2274
1324 2274
1323 2275
1322 2275
1321 2275
1320 2276
1319 2276
1318 2277
1317 2277
1316 2278
1315 2278
1314 2279
1313 2279
1312 2280
1311 2280
1310 2280
1309 2280
1308 2281
1307 2281
1306 2281
1305 2282
1304 2282
1303 2282
1302 2283
1301 2283
1300 2284
1299 2284
1298 2285
1297 2285
1296 2286
1295 2286
1294 2286
1293 2287
1292 2287
1291 2287
1290 2287
1289 2288
1288 2288
1287 2288
1286 2288
1285 2289
1284 2289
1283 2290
1282 2290
1281 2291
1280 2291
1279 2292
1278 2292
1277 2293
1276 2293
1275 2294
1274 2294
1273 2294
1272 2295
1271 2295
1270 2296
1269 2296
1268 2297
1267 2297
1266 2298
1265 2299
1264 2299
1263 2300
1262 2300
1261 2301
1260 2301
1259 2302
1258 2302
1257 2303
1256 2303
1255 2304
1254 2304
1253 2304
1252 2305
1251 2306
1250 2306
1249 2307
1248 2307
1247 2308
1246 2308
1245 2308
1244 2309
1243 2309
1242 2309
1241 2310
1240 2310
1239 2310
1238 2311
1237 2311
1236 2311
1235 2312
1234 2313
1233 2313
1232 2314
1231 2315
1230 2316
1229 2317
1228 2318
1227 2319
1226 2319
1225 2320
1224 2321
1223 2321
1222 2322
1221 2322
1220 2322
1219 2323
1218 2323
1217 2324
1216 2324
1215 2325
1214 2325
1213 2326
1212 2327
1211 2328
1210 2328
1209 2329
1208 2329
1207 2330
1206 2330
1205 2331
1204 2332
1203 2332
1202 2333
1201 2333
1200 2334
1199 2335
1198 2336
1197 2336
1196 2337
1195 2337
1194 2338
1193 2338
1192 2339
1191 2339
1190 2339
1189 2339
1188 2340
1187 2340
1186 2340
1185 2340
1184 2340
1183 2341
1182 2341
1181 2341
1180 2341
1179 2341
1178 2341
1177 2342
1176 2342
1175 2342
1174 2343
1173 2344
1172 2345
1171 2346
1170 2347
1169 2348
1168 2349
1167 2349
1166 2350
1165 2351
1164 2352
1163 2352
1162 2353
1161 2353
1160 2354
1159 2355
1158 2355
1157 2356
1156 2357
1155 2358
1154 2358
1153 2359
1152 2360
1151 2360
1150 2361
1149 2361
1148 2362
1147 2362
1146 2363
1145 2363
1144 2364
1143 2364
1142 2365
1141 2365
1140 2366
1139 2366
1138 2367
1137 2367
1136 2367
1135 2368
1134 2368
1133 2368
1132 2369
1131 2369
1130 2369
1129 2369
1128 2370
1127 2370
1126 2370
1125 2371
1124 2371
1123 2372
1122 2372
1121 2372
1120 2373
1119 2373
1118 2373
1117 2374
1116 2374
1115 2374
1114 2375
1113 2375
1112 2375
1111 2375
1110 2376
1109 2376
1108 2377
1107 2377
1106 2378
1105 2379
1104 2380
1103 2381
1102 2382
1101 2383
1100 2384
1099 2384
1098 2385
1097 2386
1096 2386
1095 2387
1094 2388
1093 2388
1092 2388
1091 2389
1090 2389
1089 2389
1088 2390
1087 2390
1086 2390
1085 2390
1084 2391
1083 2391
1082 2391
1081 2391
1080 2392
1079 2392
1078 2393
1077 2393
1076 2393
1075 2394
1074 2394
1073 2395
1072 2395
1071 2396
1070 2396
1069 2397
1068 2397
1067 2397
1066 2398
1065 2398
1064 2399
1063 2399
1062 2400
1061 2400
1060 2401
1059 2402
1058 2402
1057 2403
1056 2403
1055 2404
1054 2404
1053 2405
1052 2405
1051 2405
1050 2405
1049 2405
1048 2406
1047 2406
1046 2407
1045 2407
1044 2407
1043 2408
1042 2408
1041 2409
1040 2409
1039 2410
1038 2410
1037 2411
1036 2411
1035 2412
1034 2412
1033 2412
1032 2413
1031 2414
1030 2414
1029 2415
1028 2415
1027 2416
1026 2417
1025 2417
1024 2418
1023 2418
1022 2418
1021 2419
1020 2419
1019 2420
1018 2420
1017 2421
1016 2421
1015 2422
1014 2422
1013 2423
1012 2423
1011 2424
1010 2425
1009 2425
1008 2425
1007 2426
1006 2426
1005 2426
1004 2427
1003 2427
1002 2427
1001 2428
1000 2428
999 2429
998 2430
997 2430
996 2431
995 2432
994 2432
993 2433
992 2433
991 2434
990 2435
989 2435
988 2436
987 2436
986 2437
985 2438
984 2438
983 2439
982 2439
981 2439
980 2440
979 2440
978 2441
977 2441
976 2442
975 2442
974 2443
973 2443
972 2444
971 2445
970 2445
969 2446
968 2446
967 2447
966 2448
965 2448
964 2449
963 2449
962 2449
961 2449
960 2450
959 2450
958 2450
957 2451
956 2451
955 2452
954 2453
953 2454
952 2454
951 2455
950 2455
949 2456
948 2456
947 2456
946 2457
945 2457
944 2457
943 2458
942 2458
941 2459
940 2460
939 2461
938 2462
937 2462
936 2463
935 2463
934 2464
933 2464
932 2464
931 2464
930 2465
929 2465
928 2465
927 2465
926 2466
925 2467
924 2468
924 2469
923 2470
922 2471
922 2472
921 2473
921 2474
920 2475
919 2476
918 2477
917 2477
916 2478
915 2478
914 2478
913 2479
912 2479
911 2479
910 2480
909 2480
908 2481
907 2481
907 2482
906 2483
905 2484
904 2484
903 2485
902 2485
901 2486
900 2486
899 2487
898 2488
897 2489
897 2490
896 2491
895 2492
895 2493
894 2494
893 2495
892 2496
891 2497
890 2498
890 2499
889 2500
889 2501
888 2502
888 2503
887 2504
887 2505
886 2506
885 2507
885 2508
884 2509
883 2510
882 2511
882 2512
881 2513
880 2514
879 2515
878 2515
877 2516
876 2516
875 2517
874 2517
873 2518
872 2519
871 2520
870 2521
869 2522
868 2522
867 2523
866 2524
865 2525
864 2525
863 2526
862 2527
861 2528
860 2529
859 2530
859 2531
858 2532
857 2533
856 2534
856 2535
855 2536
854 2537
853 2538
853 2539
852 2540
851 2541
850 2541
849 2542
848 2543
847 2543
846 2544
845 2545
844 2546
843 2547
842 2548
841 2549
840 2549
839 2550
838 2551
837 2552
836 2553
835 2554
834 2555
833 2556
832 2557
832 2558
831 2559
831 2560
830 2561
829 2562
828 2563
828 2564
827 2565
826 2566
825 2566
824 2567
823 2568
822 2569
821 2570
820 2571
819 2572
818 2572
817 2573
816 2574
815 2574
814 2575
813 2575
812 2576
811 2576
810 2576
809 2577
808 2577
807 2577
806 2578
805 2578
804 2579
803 2580
802 2580
801 2581
800 2581
799 2582
798 2582
797 2583
796 2584
795 2585
794 2585
793 2586
792 2587
791 2588
790 2588
789 2589
788 2590
787 2590
786 2591
785 2592
784 2593
783 2594
782 2595
781 2596
780 2596
779 2597
778 2597
777 2598
776 2598
775 2599
774 2599
773 2599
772 2600
771 2600
770 2600
769 2600
768 2601
767 2601
766 2601
765 2601
764 2602
763 2602
762 2603
761 2603
760 2604
759 2604
758 2605
757 2605
756 2606
755 2606
754 2606
753 2607
752 2607
751 2608
750 2609
749 2609
748 2610
747 2610
746 2611
745 2611
744 2612
743 2612
742 2612
741 2613
740 2613
739 2613
738 2614
737 2614
736 2614
735 2614
734 2615
733 2615
732 2615
731 2616
730 2616
729 2617
728 2617
727 2617
726 2618
725 2618
724 2619
723 2619
722 2620
721 2620
720 2620
719 2621
718 2621
717 2621
716 2622
715 2622
714 2622
713 2622
712 2622
711 2622
710 2623
709 2623
708 2624
707 2624
706 2624
705 2625
704 2625
703 2626
702 2627
701 2628
700 2629
699 2630
698 2631
697 2632
696 2633
695 2634
694 2634
693 2635
692 2636
691 2636
690 2637
689 2638
688 2638
687 2639
688 2639
689 2639
690 2639
691 2640
692 2640
693 2640
694 2640
695 2640
696 2640
697 2640
698 2640
699 2640
700 2640
701 2640
702 2640
703 2640
704 2640
705 2641
706 2641
707 2641
708 2641
709 2641
710 2641
711 2641
712 2641
713 2641
714 2641
715 2641
716 2641
717 2641
718 2641
719 2641
720 2641
721 2641
722 2641
723 2640
724 2640
725 2640
726 2640
727 2639
728 2639
729 2639
730 2639
731 2639
732 2638
733 2638
734 2638
735 2638
736 2638
737 2637
738 2637
739 2637
740 2637
741 2637
742 2637
743 2637
744 2637
745 2636
746 2636
747 2636
748 2636
749 2636
750 2636
751 2636
752 2636
753 2636
754 2636
755 2636
756 2636
757 2636
758 2635
759 2635
760 2635
761 2635
762 2634
763 2634
764 2634
765 2633
766 2633
767 2633
768 2632
769 2632
770 2632
771 2632
772 2632
773 2631
774 2631
775 2631
776 2631
777 2631
778 2631
779 2631
780 2630
781 2630
782 2630
783 2630
784 2630
785 2630
786 2630
787 2630
788 2630
789 2630
790 2630
791 2630
792 2630
793 2630
794 2629
795 2629
796 2628
797 2628
798 2627
799 2627
800 2626
801 2626
802 2625
803 2625
804 2625
805 2625
806 2624
807 2624
808 2624
809 2624
810 2623
811 2623
812 2623
813 2623
814 2623
815 2623
816 2623
817 2623
818 2623
819 2623
820 2623
821 2623
822 2623
823 2622
824 2622
825 2622
826 2622
827 2621
828 2621
829 2620
830 2620
831 2620
832 2619
833 2619
834 2619
835 2618
836 2618
837 2618
838 2618
839 2618
840 2617
841 2617
842 2617
843 2617
844 2617
845 2617
846 2617
847 2617
848 2617
849 2616
850 2616
851 2615
852 2615
853 2615
854 2614
855 2614
856 2613
857 2613
858 2612
859 2611
860 2611
861 2610
862 2609
863 2608
864 2607
865 2607
866 2607
867 2606
868 2606
869 2605
870 2605
871 2604
872 2604
873 2603
874 2602
875 2602
876 2601
877 2600
878 2600
879 2599
880 2598
881 2598
882 2597
883 2597
884 2597
885 2597
886 2597
887 2596
888 2596
889 2596
890 2596
891 2596
892 2596
893 2595
894 2595
895 2594
896 2594
897 2593
898 2593
899 2592
900 2592
901 2592
902 2591
903 2591
904 2591
905 2590
906 2590
907 2589
908 2589
909 2588
910 2587
911 2587
912 2586
913 2585
914 2584
915 2583
916 2582
917 2582
918 2581
919 2580
920 2580
921 2579
922 2578
923 2578
924 2577
925 2577
926 2576
927 2576
928 2575
929 2574
930 2573
931 2572
932 2571
933 2571
934 2570
935 2570
936 2569
937 2569
938 2568
939 2568
940 2568
941 2567
942 2567
943 2567
944 2567
945 2567
946 2566
947 2566
948 2566
949 2565
950 2565
951 2564
952 2564
953 2563
954 2563
955 2562
956 2562
957 2562
958 2561
959 2561
960 2560
961 2560
962 2559
963 2558
964 2558
965 2557
966 2556
967 2555
968 2554
969 2553
970 2552
971 2552
972 2551
973 2550
974 2550
975 2549
976 2548
977 2548
978 2547
979 2546
980 2545
981 2545
982 2544
983 2543
984 2543
985 2542
986 2542
987 2541
988 2541
989 2540
990 2540
991 2540
992 2539
993 2539
994 2539
995 2538
996 2538
997 2537
998 2537
999 2536
1000 2536
1001 2535
1002 2534
1003 2534
1004 2533
1005 2533
1006 2532
1007 2532
1008 2532
1009 2531
1010 2530
1011 2530
1012 2529
1013 2529
1014 2528
1015 2528
1016 2527
1017 2527
1018 2526
1019 2526
1020 2525
1021 2525
1022 2525
1023 2524
1024 2524
1025 2523
1026 2522
1027 2522
1028 2521
1029 2520
1030 2519
1031 2519
1032 2518
1033 2518
1034 2517
1035 2517
1036 2516
1037 2516
1038 2515
1039 2515
1040 2514
1041 2513
1042 2513
1043 2512
1044 2512
1045 2511
1046 2511
1047 2510
1048 2510
1049 2510
1050 2509
1051 2509
1052 2509
1053 2508
1054 2508
1055 2508
1056 2507
1057 2507
1058 2506
1059 2506
1060 2506
1061 2505
1062 2505
1063 2504
1064 2504
1065 2503
1066 2503
1067 2502
1068 2502
1069 2501
1070 2500
1071 2500
1072 2499
1073 2498
1074 2498
1075 2497
1076 2496
1077 2495
1078 2495
1079 2494
1080 2493
1081 2492
1082 2492
1083 2491
1084 2491
1085 2490
1086 2490
1087 2489
1088 2489
1089 2489
1090 2488
1091 2488
1092 2487
1093 2487
1094 2486
1095 2486
1096 2485
1097 2484
1098 2483
1099 2483
1100 2482
1101 2482
1102 2481
1103 2481
1104 2480
1105 2480
1106 2480
1107 2479
1108 2478
1109 2478
1110 2477
1111 2476
1112 2475
1113 2475
1114 2474
1115 2474
1116 2473
1117 2473
1118 2472
1119 2472
1120 2472
1121 2472
1122 2471
1123 2471
1124 2471
1125 2471
1126 2471
1127 2470
1128 2470
1129 2469
1130 2469
1131 2468
1132 2468
1133 2468
1134 2467
1135 2467
1136 2466
1137 2466
1138 2465
1139 2465
1140 2464
1141 2463
1142 2463
1143 2462
1144 2461
1145 2461
1146 2460
1147 2459
1148 2459
1149 2458
1150 2458
1151 2458
1152 2458
1153 2458
1154 2457
1155 2457
1156 2457
1157 2457
1158 2456
1159 2456
1160 2455
1161 2455
1162 2455
1163 2454
1164 2454
1165 2453
1166 2453
1167 2453
1168 2452
1169 2452
1170 2452
1171 2451
1172 2451
1173 2451
1174 2451
1175 2450
1176 2450
1177 2449
1178 2449
1179 2448
1180 2448
1181 2447
1182 2447
1183 2446
1184 2446
1185 2445
1186 2445
1187 2444
1188 2444
1189 2444
1190 2444
1191 2443
1192 2443
1193 2442
1194 2442
1195 2441
1196 2441
1197 2440
1198 2440
1199 2439
1200 2439
1201 2438
1202 2437
1203 2437
1204 2436
1205 2435
1206 2434
1207 2434
1208 2433
1209 2432
1210 2432
1211 2431
1212 2430
1213 2430
1214 2429
1215 2429
1216 2429
1217 2429
1218 2428
1219 2428
1220 2427
1221 2427
1222 2426
1223 2426
1224 2426
1225 2425
1226 2425
1227 2424
1228 2423
1229 2423
1230 2423
1231 2422
1232 2422
1233 2422
1234 2421
1235 2421
1236 2421
1237 2421
1238 2421
1239 2421
1240 2420
1241 2420
1242 2420
1243 2420
1244 2420
1245 2420
1246 2420
1247 2420
1248 2419
1249 2419
1250 2419
1251 2418
1252 2418
1253 2418
1254 2418
1255 2417
1256 2417
1257 2417
1258 2417
1259 2416
1260 2416
1261 2416
1262 2415
1263 2415
1264 2415
1265 2415
1266 2414
1267 2414
1268 2414
1269 2414
1270 2414
1271 2414
1272 2413
1273 2413
1274 2413
1275 2413
1276 2413
1277 2413
1278 2413
1279 2413
1280 2413
1281 2413
1282 2413
1283 2413
1284 2413
1285 2413
1286 2413
1287 2412
1288 2412
1289 2412
1290 2412
1291 2412
1292 2411
1293 2411
1294 2411
1295 2411
1296 2410
1297 2410
1298 2410
1299 2409
1300 2409
1301 2409
1302 2408
1303 2408
1304 2408
1305 2408
1306 2407
1307 2407
1308 2406
1309 2406
1310 2405
1311 2405
1312 2405
1313 2404
1314 2404
1315 2403
1316 2403
1317 2403
1318 2402
1319 2402
1320 2402
1321 2402
1322 2401
1323 2401
1324 2401
1325 2401
1326 2401
1327 2401
1328 2401
1329 2400
1330 2400
1331 2400
1332 2400
1333 2400
1334 2400
1335 2400
1336 2400
1337 2400
1338 2400
1339 2400
1340 2400
1341 2399
1342 2399
1343 2399
1344 2399
1345 2399
1346 2398
1347 2398
1348 2398
1349 2397
1350 2397
1351 2396
1352 2396
1353 2396
1354 2395
1355 2395
1356 2395
1357 2395
1358 2394
1359 2394
1360 2394
1361 2394
1362 2394
1363 2394
1364 2393
1365 2393
1366 2393
1367 2393
1368 2393
1369 2393
1370 2393
1371 2392
1372 2392
1373 2392
1374 2392
1375 2391
1376 2391
1377 2391
1378 2390
1379 2390
1380 2389
1381 2389
1382 2389
1383 2389
1384 2388
1385 2388
1386 2388
1387 2388
1388 2388
1389 2388
1390 2388
1391 2387
1392 2387
1393 2387
1394 2387
1395 2387
1396 2387
1397 2387
1398 2387
1399 2387
1400 2387
1401 2387
1402 2387
1403 2386
1404 2386
1405 2386
1406 2386
1407 2386
1408 2386
1409 2386
1410 2386
1411 2386
1412 2386
1413 2385
1414 2385
1415 2385
1416 2385
1417 2384
1418 2384
1419 2384
1420 2384
1421 2383
1422 2383
1423 2383
1424 2383
1425 2382
1426 2382
1427 2382
1428 2382
1429 2382
1430 2381
1431 2381
1432 2381
1433 2381
1434 2381
1435 2381
1436 2381
1437 2381
1438 2381
1439 2380
1440 2380
1441 2380
1442 2380
1443 2380
1444 2380
1445 2380
1446 2380
1447 2380
1448 2379
1449 2379
1450 2379
1451 2378
1452 2378
1453 2378
1454 2377
1455 2377
1456 2377
1457 2376
1458 2376
1459 2376
1460 2375
1461 2375
1462 2375
1463 2374
1464 2374
1465 2373
1466 2373
1467 2372
1468 2372
1469 2371
1470 2371
1471 2370
1472 2370
1473 2370
1474 2369
1475 2369
1476 2369
1477 2369
1478 2368
1479 2368
1480 2368
1481 2368
1482 2368
1483 2368
1484 2367
1485 2367
1486 2367
1487 2367
1488 2367
1489 2367
1490 2367
1491 2367
1492 2366
1493 2366
1494 2366
1495 2366
1496 2366
1497 2366
1498 2366
1499 2366
1500 2366
1501 2366
1502 2366
1503 2366
1504 2366
1505 2366
1506 2366
1507 2366
1508 2366
1509 2366
1510 2366
1511 2366
1512 2366
1513 2366
1514 2366
1515 2366
1516 2366
1517 2366
1518 2366
1519 2366
1520 2367
1521 2367
1522 2367
1523 2367
1524 2367
1525 2367
1526 2367
1527 2367
1528 2367
1529 2367
1530 2367
1531 2367
1532 2367
1533 2367
1534 2367
1535 2367
1536 2367
1537 2367
1538 2367
1539 2367
1540 2367
1541 2367
1542 2367
1543 2367
1544 2367
1545 2367
1546 2367
1547 2368
1548 2368
1549 2368
1550 2368
1551 2368
1552 2368
1553 2368
1554 2368
1555 2368
1556 2368
1557 2368
1558 2368
1559 2368
1560 2368
1561 2368
1562 2368
1563 2368
1564 2368
1565 2368
1566 2369
1567 2369
1568 2369
1569 2369
1570 2369
1571 2369
1572 2369
1573 2369
1574 2369
1575 2369
1576 2369
1577 2369
1578 2369
1579 2369
1580 2369
1581 2369
1582 2369
1583 2369
1584 2369
1585 2369
1586 2369
1587 2369
1588 2369
1589 2369
1590 2370
1591 2370
1592 2370
1593 2370
1594 2370
1595 2370
1596 2370
1597 2370
1598 2370
1599 2370
1600 2370
1601 2370
1602 2370
1603 2370
1604 2370
1605 2370
1606 2370
1607 2370
1608 2370
1609 2370
1610 2371
1611 2371
1612 2371
1613 2371
1614 2371
1615 2371
1616 2371
1617 2371
1618 2371
1619 2371
1620 2371
1621 2371
1622 2371
1623 2371
1624 2371
1625 2371
1626 2371
1627 2371
1628 2371
1629 2371
1630 2371
1631 2371
1632 2371
1633 2371
1634 2372
1635 2372
1636 2372
1637 2372
1638 2372
1639 2372
1640 2372
1641 2372
1642 2372
1643 2372
1644 2371
1645 2371
1646 2371
1647 2371
1648 2371
1649 2370
1650 2370
1651 2370
1652 2370
1653 2369
1654 2369
1655 2369
1656 2368
1657 2368
1658 2368
1659 2368
1660 2368
1661 2367
1662 2367
1663 2367
1664 2367
1665 2367
1666 2367
1667 2367
1668 2367
1669 2367
1670 2366
1671 2366
1672 2366
1673 2366
1674 2366
1675 2366
1676 2366
1677 2366
1678 2366
1679 2366
1680 2366
1681 2366
1682 2366
1683 2367
1684 2367
1685 2367
1686 2367
1687 2367
1688 2367
1689 2367
1690 2367
1691 2367
1692 2367
1693 2367
1694 2367
1695 2367
1696 2367
1697 2367
1698 2367
1699 2367
1700 2367
1701 2367
1702 2367
1703 2367
1704 2367
1705 2367
1706 2367
1707 2367
1708 2367
1709 2367
1710 2367
1711 2367
1712 2367
1713 2367
1714 2367
1715 2367
1716 2367
1717 2367
1718 2367
1719 2367
1720 2368
1721 2368
1722 2368
1723 2368
1724 2368
1725 2368
1726 2368
1727 2368
1728 2368
1729 2368
1730 2368
1731 2368
1732 2368
1733 2368
1734 2368
1735 2368
1736 2368
1737 2368
1738 2368
1739 2368
1740 2369
1741 2369
1742 2369
1743 2369
1744 2369
1745 2369
1746 2369
1747 2369
1748 2369
1749 2369
1750 2369
1751 2369
1752 2369
1753 2369
1754 2369
1755 2369
1756 2369
1757 2369
1758 2369
1759 2369
1760 2369
1761 2369
1762 2369
1763 2370
1764 2370
1765 2370
1766 2371
1767 2371
1768 2372
1769 2373
1770 2373
1771 2373
1772 2374
1773 2374
1774 2375
1775 2375
1776 2376
1777 2376
1778 2377
1779 2378
1780 2378
1781 2379
1782 2379
1783 2380
1784 2381
1785 2382
1786 2382
1787 2383
1788 2384
1789 2385
1790 2386
1791 2386
1792 2387
1793 2388
1794 2389
1795 2389
1796 2390
1797 2390
1798 2390
1799 2391
1800 2391
1801 2391
1802 2392
1803 2392
1804 2392
1805 2392
1806 2393
1807 2393
1808 2393
1809 2393
1810 2394
1811 2394
1812 2394
1813 2394
1814 2394
1815 2394
1816 2395
1817 2395
1818 2396
1819 2397
1820 2397
1821 2398
1822 2398
1823 2399
1824 2399
1825 2400
1826 2400
1827 2400
1828 2401
1829 2401
1830 2401
1831 2402
1832 2402
1833 2402
1834 2402
1835 2403
1836 2403
1837 2403
1838 2403
1839 2403
1840 2403
1841 2404
1842 2404
1843 2405
1844 2405
1845 2406
1846 2406
1847 2407
1848 2408
1849 2409
1850 2410
1851 2411
1852 2411
1853 2412
1854 2413
1855 2414
1856 2415
1857 2416
1858 2416
1859 2417
1860 2417
1861 2418
1862 2418
1863 2418
1864 2419
1865 2419
1866 2419
1867 2419
1868 2420
1869 2420
1870 2420
1871 2420
1872 2420
1873 2421
1874 2421
1875 2421
1876 2421
1877 2421
1878 2421
1879 2421
1880 2421
1881 2422
1882 2422
1883 2422
1884 2422
1885 2422
1886 2422
1887 2422
1888 2422
1889 2422
1890 2422
1891 2422
1892 2423
1893 2423
1894 2423
1895 2423
1896 2423
1897 2423
1898 2423
1899 2423
1900 2423
1901 2424
1902 2424
1903 2424
1904 2425
1905 2425
1906 2425
1907 2426
1908 2426
1909 2426
1910 2427
1911 2427
1912 2428
1913 2428
1914 2428
1915 2429
1916 2429
1917 2429
1918 2430
1919 2430
1920 2430
1921 2430
1922 2430
1923 2430
1924 2431
1925 2431
1926 2431
1927 2431
1928 2431
1929 2431
1930 2432
1931 2432
1932 2432
1933 2433
1934 2433
1935 2434
1936 2434
1937 2435
1938 2435
1939 2435
1940 2436
1941 2436
1942 2437
1943 2437
1944 2437
1945 2438
1946 2438
1947 2438
1948 2438
1949 2439
1950 2439
1951 2439
1952 2439
1953 2440
1954 2440
1955 2440
1956 2440
1957 2440
1958 2440
1959 2441
1960 2441
1961 2441
1962 2441
1963 2441
1964 2441
1965 2441
1966 2442
1967 2442
1968 2442
1969 2442
1970 2442
1971 2442
1972 2442
1973 2442
1974 2442
1975 2442
1976 2442
1977 2442
1978 2443
1979 2443
1980 2443
1981 2443
1982 2443
1983 2443
1984 2443
1985 2443
1986 2443
1987 2443
1988 2444
1989 2444
1990 2444
1991 2444
1992 2444
1993 2444
1994 2444
1995 2444
1996 2444
1997 2444
1998 2444
1999 2444
2000 2444
2001 2444
2002 2444
2003 2444
2004 2444
2005 2444
2006 2445
2007 2445
2008 2445
2009 2445
2010 2446
2011 2446
2012 2446
2013 2447
2014 2447
2015 2447
2016 2448
2017 2448
2018 2448
2019 2449
2020 2449
2021 2449
2022 2450
2023 2450
2024 2451
2025 2451
2026 2452
2027 2452
2028 2452
2029 2453
2030 2453
2031 2454
2032 2454
2033 2455
2034 2455
2035 2456
2036 2456
2037 2456
2038 2457
2039 2457
2040 2458
2041 2458
2042 2458
2043 2459
2044 2459
2045 2459
2046 2459
2047 2460
2048 2460
2049 2460
2050 2460
2051 2460
2052 2461
2053 2461
2054 2461
2055 2461
2056 2461
2057 2461
2058 2461
2059 2462
2060 2462
2061 2462
2062 2462
2063 2463
2064 2463
2065 2464
2066 2464
2067 2465
2068 2465
2069 2466
2070 2466
2071 2466
2072 2467
2073 2467
2074 2467
2075 2468
2076 2468
2077 2468
2078 2468
2079 2469
2080 2469
2081 2469
2082 2469
2083 2470
2084 2470
2085 2470
2086 2470
2087 2470
2088 2470
2089 2471
2090 2471
2091 2471
2092 2471
2093 2471
2094 2471
2095 2471
2096 2471
2097 2472
2098 2472
2099 2472
2100 2472
2101 2472
2102 2472
2103 2472
2104 2472
2105 2472
2106 2472
2107 2472
2108 2473
2109 2473
2110 2473
2111 2474
2112 2474
2113 2474
2114 2475
2115 2475
2116 2475
2117 2476
2118 2476
2119 2476
2120 2477
2121 2477
2122 2477
2123 2478
2124 2478
2125 2478
2126 2478
2127 2479
2128 2479
2129 2479
2130 2480
2131 2480
2132 2480
2133 2480
2134 2480
2135 2481
2136 2481
2137 2481
2138 2481
2139 2481
2140 2481
2141 2481
2142 2481
2143 2482
2144 2482
2145 2482
2146 2482
2147 2482
2148 2482
2149 2482
2150 2482
2151 2482
2152 2482
2153 2482
2154 2483
2155 2483
2156 2483
2157 2483
2158 2483
2159 2483
2160 2483
2161 2483
2162 2483
2163 2483
2164 2483
2165 2484
2166 2484
2167 2484
2168 2484
2169 2484
2170 2484
2171 2484
2172 2484
2173 2484
2174 2484
2175 2485
2176 2485
2177 2485
2178 2486
2179 2486
2180 2486
2181 2487
2182 2487
2183 2487
2184 2488
2185 2488
2186 2488
2187 2488
2188 2489
2189 2489
2190 2489
2191 2490
2192 2490
2193 2490
2194 2491
2195 2491
2196 2492
2197 2492
2198 2493
2199 2494
2200 2494
2201 2495
2202 2495
2203 2496
2204 2496
2205 2497
2206 2497
2207 2497
2208 2498
2209 2498
2210 2498
2211 2498
2212 2499
2213 2499
2214 2499
2215 2499
2216 2500
2217 2500
2218 2500
2219 2500
2220 2500
2221 2500
2222 2501
2223 2501
2224 2501
2225 2502
2226 2502
2227 2502
2228 2503
2229 2503
2230 2504
2231 2504
2232 2504
2233 2505
2234 2505
2235 2506
2236 2506
2237 2506
2238 2507
2239 2507
2240 2508
2241 2508
2242 2508
2243 2509
2244 2509
2245 2509
2246 2509
2247 2509
2248 2510
2249 2510
2250 2510
2251 2510
2252 2510
2253 2511
2254 2511
2255 2511
2256 2511
2257 2511
2258 2511
2259 2512
2260 2512
2261 2512
2262 2512
2263 2512
2264 2512
2265 2512
2266 2512
2267 2513
2268 2513
2269 2514
2270 2515
2271 2516
2272 2516
2273 2517
2274 2517
2275 2517
2276 2518
2277 2518
2278 2518
2279 2519
2280 2519
2281 2519
2282 2519
2283 2519
2284 2520
2285 2520
2286 2520
2287 2520
2288 2520
2289 2521
2290 2521
2291 2521
2292 2521
2293 2521
2294 2521
2295 2521
2296 2521
2297 2521
2298 2521
2299 2521
2300 2522
2301 2522
2302 2522
2303 2522
2304 2523
2305 2523
2306 2523
2307 2524
2308 2524
2309 2525
2310 2525
2311 2525
2312 2526
2313 2526
2314 2527
2315 2527
2316 2527
2317 2527
2318 2528
2319 2528
2320 2528
2321 2529
2322 2530
2323 2530
2324 2531
2325 2532
2326 2532
2327 2533
2328 2534
2329 2535
2330 2536
2331 2537
2332 2538
2333 2539
2334 2540
2335 2540
2336 2541
2337 2542
2338 2542
2339 2543
2340 2543
2341 2544
2342 2544
2343 2544
2344 2545
2345 2545
2346 2545
2347 2546
2348 2546
2349 2547
2350 2547
2351 2548
2352 2548
2353 2549
2354 2550
2355 2551
2356 2551
2357 2552
2358 2552
2359 2552
2360 2553
2361 2553
2362 2554
2363 2555
2364 2555
2365 2556
2366 2557
2367 2557
2368 2558
2369 2559
2370 2560
2371 2560
2372 2561
2373 2561
2374 2562
2375 2563
2376 2563
2377 2564
2378 2565
2379 2566
2380 2566
2381 2567
2382 2568
2383 2568
2384 2569
2385 2569
2386 2570
2387 2570
2388 2571
2389 2571
2390 2572
2391 2573
2392 2573
2393 2574
2394 2575
2395 2576
2396 2577
2397 2578
2398 2578
2399 2578
2400 2579
2401 2580
2402 2581
2403 2582
2403 2583
2404 2584
2405 2584
2406 2585
2407 2586
2408 2586
2409 2587
2410 2587
2411 2588
2412 2588
2413 2589
2414 2589
2415 2590
2416 2591
2417 2592
2418 2593
2419 2594
2420 2595
2421 2596
2422 2596
2423 2596
2424 2597
2425 2597
2426 2598
2427 2598
2428 2598
2429 2599
2430 2599
2431 2599
2432 2599
2433 2600
2434 2601
2435 2602
2436 2603
2437 2603
2438 2604
2439 2604
2440 2605
2441 2605
2442 2606
2443 2606
2444 2607
2445 2607
2446 2608
2447 2608
2448 2609
2449 2609
2450 2609
2451 2609
2452 2609
2453 2609
2454 2609
2455 2609
2456 2609
2457 2609
2458 2609
2459 2609
2460 2610
2461 2610
2462 2610
2463 2610
2464 2610
2465 2610
2466 2610
2467 2610
2468 2610
2469 2610
2470 2610
2471 2610
2472 2610
2473 2610
2474 2610
2475 2610
2476 2610
2477 2610
2478 2610
2479 2610
2480 2610
2481 2611
2482 2611
2483 2611
2484 2611
2485 2611
2486 2611
2487 2611
2488 2611
2489 2611
2490 2611
2491 2611
2492 2611
2493 2611
2494 2611
2495 2611
2496 2611
2497 2611
2498 2611
2499 2611
2500 2611
2501 2611
2502 2611
2503 2612
2504 2612
2505 2612
2506 2612
2507 2612
2508 2612
2509 2612
2510 2612
2511 2612
2512 2612
2513 2612
2514 2612
2515 2612
2516 2612
2517 2612
2518 2612
2519 2612
2520 2612
2521 2612
2522 2612
2523 2612
2524 2613
2525 2613
2526 2614
2527 2614
2528 2615
2529 2615
2530 2616
2531 2616
2532 2616
2533 2617
2534 2617
2535 2618
2536 2618
2537 2618
2538 2619
2539 2619
2540 2619
2541 2619
2542 2620
2543 2620
2544 2620
2545 2620
2546 2620
2547 2620
2548 2621
2549 2621
2550 2621
2551 2621
2552 2621
2553 2622
2554 2622
2555 2623
2556 2623
2557 2624
2558 2625
2559 2625
2560 2626
2561 2627
2562 2627
2563 2628
2564 2628
2565 2628
2566 2628
2567 2629
2568 2629
2569 2629
2570 2629
2571 2629
2572 2629
2573 2629
2574 2630
2575 2630
2576 2630
2577 2630
2578 2630
2579 2630
2580 2630
2581 2631
2582 2631
2583 2632
2584 2632
2585 2633
2586 2633
2587 2633
2588 2634
2589 2634
2590 2635
2591 2635
2592 2635
2593 2636
2594 2636
2595 2636
2596 2637
2597 2637
2598 2637
2599 2637
2600 2637
2601 2638
2602 2638
2603 2638
2604 2638
2605 2638
2606 2638
2607 2639
2608 2639
2609 2639
2610 2639
2611 2639
2612 2639
2613 2639
2614 2639
2615 2639
2616 2640
2617 2640
2618 2640
2619 2640
2620 2640
2621 2640
2622 2640
2623 2640
2624 2640
2625 2640
2626 2640
2627 2641
2628 2641
2629 2642
2630 2642
2631 2642
2632 2643
2633 2643
2634 2644
2635 2644
2636 2644
2637 2645
2638 2645
2639 2645
2640 2646
2641 2646
2642 2646
2643 2647
2644 2647
2645 2648
2646 2648
2647 2649
2648 2650
2649 2650
2650 2651
2651 2652
2652 2652
2653 2653
2654 2653
2655 2654
2656 2654
2657 2655
2658 2655
2659 2655
2660 2656
2661 2656
2662 2656
2663 2657
2664 2658
2665 2658
2666 2659
2667 2660
2668 2660
2669 2661
2670 2662
2671 2662
2672 2662
2673 2663
2674 2664
2675 2665
2676 2665
2677 2666
2678 2667
2679 2667
2680 2668
2681 2669
2682 2669
2683 2670
2684 2670
2685 2671
2686 2671
2687 2672
2688 2672
2689 2673
2690 2674
2691 2674
2692 2675
2693 2676
2694 2676
2695 2677
2696 2678
2697 2678
2698 2679
2699 2680
2700 2681
2701 2681
2702 2682
2703 2683
2704 2683
2705 2684
2706 2684
2707 2685
2708 2686
2709 2686
2710 2687
2711 2687
2712 2687
2713 2688
2714 2688
2715 2688
2716 2689
2717 2689
2718 2690
2719 2690
2720 2691
2721 2691
2722 2692
2723 2692
2724 2693
2725 2693
2726 2694
2727 2694
2728 2695
2729 2695
2730 2696
2731 2696
2732 2697
2733 2697
2734 2698
2735 2699
2736 2699
2737 2700
2738 2701
2739 2701
2740 2702
2741 2703
2742 2703
2743 2704
2744 2705
2745 2705
2746 2706
2747 2707
2748 2708
2749 2708
2750 2709
2751 2710
2752 2710
2753 2711
2754 2712
2755 2712
2756 2713
2757 2713
2758 2714
2759 2714
2760 2715
2761 2715
2762 2716
2763 2717
2764 2717
2765 2718
2766 2719
2767 2719
2768 2720
2769 2720
2770 2721
2771 2721
2772 2722
2773 2722
2774 2723
2775 2723
2776 2724
2777 2724
2778 2724
2779 2725
2780 2725
2781 2725
2782 2725
2783 2726
2784 2726
2785 2726
2786 2727
2787 2728
2788 2728
2789 2729
2790 2729
2791 2730
2792 2730
2793 2731
2794 2732
2795 2732
2796 2733
2797 2733
2798 2734
2799 2734
2800 2734
2801 2735
2802 2735
2803 2736
2804 2736
2805 2737
2806 2737
2807 2738
2808 2738
2809 2739
2810 2740
2811 2740
2812 2741
2813 2741
2814 2742
2815 2742
2816 2742
2817 2743
2818 2743
2819 2743
2820 2744
2821 2744
2822 2744
2823 2744
2824 2745
2825 2745
2826 2746
2827 2747
2828 2747
2829 2748
2830 2749
2831 2749
2832 2749
2833 2750
2834 2750
2835 2750
2836 2751
2837 2751
2838 2751
2839 2752
2840 2752
2841 2752
2842 2752
2843 2753
2844 2753
2845 2754
2846 2754
2847 2755
2848 2755
2849 2756
2850 2757
2851 2757
2852 2758
2853 2758
2854 2759
2855 2759
2856 2760
2857 2760
2858 2761
2859 2762
2860 2762
2861 2763
2862 2764
2863 2764
2864 2765
2865 2766
2866 2766
2867 2767
2868 2768
2869 2769
2870 2769
2871 2770
2872 2771
2873 2772
2874 2772
2875 2773
2876 2774
2877 2774
2878 2775
2879 2775
2880 2776
2881 2777
2882 2778
2883 2778
2884 2779
2885 2780
2886 2781
2887 2782
2888 2783
2889 2783
2890 2784
2891 2785
2892 2786
2893 2787
2894 2788
2895 2788
2896 2789
2897 2790
2898 2790
2899 2791
2900 2792
2901 2792
2902 2793
2903 2793
2904 2794
2905 2795
2906 2795
2907 2796
2908 2797
2909 2798
2910 2799
2911 2799
2912 2800
2913 2801
2914 2802
2915 2802
2916 2803
2917 2803
2918 2804
2919 2805
2920 2806
2921 2807
2922 2808
2922 2809
2923 2810
2924 2811
2925 2812
2926 2813
2927 2814
2928 2814
2929 2814
2930 2814
2931 2814
2932 2814
2933 2814
2934 2814
2935 2815
2936 2815
2937 2815
2938 2815
2939 2815
2940 2815
2941 2815
2942 2815
2943 2815
2944 2815
2945 2815
2946 2815
2947 2815
2948 2815
2949 2816
2950 2816
2951 2816
2952 2816
2953 2816
2954 2816
2955 2816
2956 2816
2957 2816
2958 2816
2959 2816
2960 2816
2961 2816
2962 2816
2963 2816
2964 2816
2965 2816
2966 2816
2967 2816
2968 2817
2969 2817
2970 2817
2971 2817
2972 2817
2973 2817
2974 2817
2975 2817
2976 2817
2977 2817
2978 2817
2979 2817
2980 2817
2981 2817
2982 2817
2983 2818
2984 2818
2985 2818
2986 2818
2987 2818
2988 2818
2989 2818
2990 2818
2991 2818
2992 2818
2993 2818
2994 2818
2995 2818
2996 2818
2997 2818
2998 2819
2999 2819
3000 2819
3001 2820
3002 2820
3003 2820
3004 2821
3005 2821
3006 2822
3007 2822
3008 2823
3009 2823
3010 2823
3011 2823
3012 2824
3013 2824
3014 2824
3015 2824
3016 2824
3017 2825
3018 2825
3019 2825
3020 2825
3021 2825
3022 2826
3023 2826
3024 2826
3025 2826
3026 2826
3027 2826
3028 2826
3029 2827
3030 2827
3031 2827
3032 2828
3033 2828
3034 2828
3035 2829
3036 2829
3037 2830
3038 2830
3039 2831
3040 2831
3041 2832
3042 2832
3043 2832
3044 2833
3045 2833
3046 2833
3047 2834
3048 2834
3049 2834
3050 2834
3051 2834
3052 2834
3053 2835
3054 2835
3055 2835
3056 2836
3057 2836
3058 2836
3059 2837
3060 2837
3061 2838
3062 2838
3063 2838
3064 2839
3065 2839
3066 2840
3067 2840
3068 2840
3069 2841
3070 2841
3071 2841
3072 2842
3073 2842
3074 2842
3075 2843
3076 2843
3077 2843
3078 2843
3079 2843
3080 2844
3081 2844
3082 2844
3083 2844
3084 2844
3085 2844
3086 2844
3087 2845
3088 2845
3089 2845
3090 2845
3091 2846
3092 2846
3093 2846
3094 2847
3095 2847
3096 2847
3097 2848
3098 2848
3099 2849
3100 2849
3101 2849
3102 2850
3103 2850
3104 2851
3105 2851
3106 2851
3107 2851
3108 2852
3109 2852
3110 2852
3111 2852
3112 2853
3113 2853
3114 2853
3115 2853
3116 2853
3117 2853
3118 2853
3119 2854
3120 2854
3121 2854
3122 2854
3123 2854
3124 2854
3125 2855
3126 2855
3127 2855
3128 2855
3129 2855
3130 2855
3131 2855
3132 2855
3133 2855
3134 2855
3135 2856
3136 2856
3137 2856
3138 2856
3139 2856
3140 2856
3141 2856
3142 2856
3143 2856
3144 2856
3145 2856
3146 2856
3147 2856
3148 2857
3149 2857
3150 2857
3151 2857
3152 2857
3153 2857
3154 2857
3155 2857
3156 2857
3157 2858
3158 2858
3159 2858
3160 2859
3161 2859
3162 2859
3163 2859
3164 2860
3165 2860
3166 2861
3167 2861
3168 2861
3169 2862
3170 2862
3171 2862
3172 2863
3173 2863
3174 2863
3175 2863
3176 2864
3177 2864
3178 2864
3179 2864
3180 2864
3181 2865
3182 2865
3183 2865
3184 2865
3185 2865
3186 2865
3187 2865
3188 2866
3189 2866
3190 2866
3191 2867
3192 2867
3193 2868
3194 2868
3195 2869
3196 2869
3197 2870
3198 2870
3199 2871
3200 2871
3201 2871
3202 2872
3203 2872
3204 2872
3205 2873
3206 2873
3207 2873
3208 2873
3209 2874
3210 2874
3211 2875
3212 2875
3213 2876
3214 2877
3215 2877
3216 2878
3217 2879
3218 2879
3219 2879
3220 2880
3221 2880
3222 2880
3223 2881
3224 2881
3225 2881
3226 2882
3227 2882
3228 2882
3229 2882
3230 2882
3231 2883
3232 2883
3233 2883
3234 2883
3235 2883
3236 2883
3237 2884
3238 2884
3239 2884
3240 2884
3241 2884
3242 2884
3243 2885
3244 2885
3245 2886
3246 2886
3247 2887
3248 2887
3249 2888
3250 2889
3251 2889
3252 2890
3253 2890
3254 2890
3255 2891
3256 2891
3257 2891
3258 2892
3259 2892
3260 2892
3261 2892
3262 2892
3263 2893
3264 2893
3265 2893
3266 2893
3267 2893
3268 2893
3269 2894
3270 2894
3271 2894
3272 2894
3273 2894
3274 2894
3275 2895
3276 2895
3277 2895
3278 2895
3279 2895
3280 2895
3281 2895
3282 2895
3283 2895
3284 2895
3285 2895
3286 2895
3287 2895
3288 2895
3289 2895
3290 2895
3291 2896
3292 2896
3293 2896
3294 2896
3295 2896
3296 2896
3297 2896
3298 2896
3299 2896
3300 2896
3301 2896
3302 2896
3303 2896
3304 2896
3305 2896
3306 2896
3307 2896
3308 2896
3309 2896
3310 2896
3311 2896
3312 2897
3313 2897
3314 2897
3315 2897
3316 2897
3317 2897
3318 2897
3319 2897
3320 2897
3321 2897
3322 2897
3323 2897
3324 2897
3325 2897
3326 2897
3327 2897
3328 2897
3329 2897
3330 2897
3331 2897
3332 2897
3333 2897
3334 2898
3335 2898
3336 2898
3337 2898
3338 2898
3339 2898
3340 2898
3341 2898
3342 2898
3343 2898
3344 2898
3345 2898
3346 2898
3347 2898
3348 2898
3349 2898
3350 2898
3351 2898
3352 2898
3353 2898
3354 2898
3355 2898
3356 2899
3357 2899
3358 2899
3359 2899
3360 2899
3361 2899
3362 2899
3363 2899
3364 2899
3365 2899
3366 2899
3367 2899
3368 2899
3369 2899
3370 2899
3371 2899
3372 2899
3373 2899
3374 2899
3375 2899
3376 2899
3377 2900
3378 2900
3379 2900
3380 2900
3381 2900
3382 2900
3383 2900
3384 2900
3385 2900
3386 2900
3387 2900
3388 2900
3389 2900
3390 2900
3391 2900
3392 2900
3393 2900
3394 2900
3395 2900
3396 2900
3397 2900
3398 2900
3399 2900
3400 2901
3401 2901
3402 2901
3403 2901
3404 2901
3405 2901
3406 2901
3407 2901
3408 2902
3409 2902
3410 2902
3411 2903
3412 2903
3413 2903
3414 2903
3415 2904
3416 2904
3417 2904
3418 2905
3419 2905
3420 2905
3421 2905
3422 2906
3423 2906
3424 2906
3425 2907
3426 2907
3427 2907
3428 2907
3429 2908
3430 2908
3431 2908
3432 2908
3433 2908
3434 2908
3435 2909
3436 2909
3437 2909
3438 2909
3439 2909
3440 2909
3441 2909
3442 2909
3443 2909
3444 2910
3445 2910
3446 2910
3447 2910
3448 2910
3449 2910
3450 2910
3451 2910
3452 2911
3453 2911
3454 2911
3455 2912
3456 2912
3457 2912
3458 2913
3459 2913
3460 2913
3461 2914
3462 2914
3463 2915
3464 2915
3465 2915
3466 2916
3467 2916
3468 2916
3469 2917
3470 2917
3471 2917
3472 2917
3473 2918
3474 2918
3475 2918
3476 2918
3477 2918
3478 2918
3479 2918
3480 2919
3481 2919
3482 2919
3483 2920
3484 2920
3485 2921
3486 2922
3487 2922
3488 2923
3489 2923
3490 2923
3491 2924
3492 2924
3493 2924
3494 2925
3495 2925
3496 2925
3497 2926
3498 2926
3499 2926
3500 2926
3501 2927
3502 2927
3503 2927
3504 2927
3505 2927
3506 2928
3507 2928
3508 2928
3509 2928
3510 2928
3511 2928
3512 2928
3513 2928
3514 2929
3515 2929
3516 2929
3517 2929
3518 2929
3519 2930
3520 2930
3521 2931
3522 2931
3523 2931
3524 2932
3525 2932
3526 2932
3527 2933
3528 2933
3529 2934
3530 2934
3531 2934
3532 2935
3533 2935
3534 2935
3535 2936
3536 2936
3537 2936
3538 2936
3539 2937
3540 2937
3541 2937
3542 2937
3543 2937
3544 2937
3545 2938
3546 2938
3547 2938
3548 2938
3549 2938
3550 2938
3551 2938
3552 2938
3553 2938
3554 2939
3555 2939
3556 2939
3557 2939
3558 2939
3559 2939
3560 2939
3561 2939
3562 2939
3563 2939
3564 2940
3565 2940
3566 2940
3567 2940
3568 2940
3569 2940
3570 2940
3571 2940
3572 2940
3573 2940
3574 2940
3575 2940
3576 2940
3577 2940
3578 2940
3579 2940
3580 2941
3581 2941
3582 2941
3583 2941
3584 2941
3585 2941
3586 2941
3587 2941
3588 2941
3589 2941
3590 2941
3591 2941
3592 2941
3593 2941
3594 2941
3595 2941
3596 2941
3597 2941
3598 2941
3599 2941
3600 2942
3601 2942
3602 2942
3603 2942
3604 2942
3605 2942
3606 2942
3607 2942
3608 2942
3609 2942
3610 2942
3611 2942
3612 2942
3613 2942
3614 2942
3615 2942
3616 2942
3617 2942
3618 2942
3619 2943
3620 2943
3621 2943
3622 2943
3623 2943
3624 2943
3625 2943
3626 2943
3627 2943
3628 2943
3629 2943
3630 2943
3631 2943
3632 2943
3633 2943
3634 2943
3635 2943
3636 2943
3637 2943
3638 2943
3639 2943
3640 2943
3641 2944
3642 2944
3643 2944
3644 2944
3645 2944
3646 2944
3647 2944
3648 2944
3649 2944
3650 2944
3651 2944
3652 2944
3653 2944
3654 2944
3655 2944
3656 2944
3657 2944
3658 2944
3659 2944
3660 2944
3661 2945
3662 2945
3663 2945
3664 2945
3665 2945
3666 2945
3667 2945
3668 2945
3669 2945
3670 2945
3671 2945
3672 2945
3673 2945
3674 2945
3675 2945
3676 2945
3677 2945
3678 2945
3679 2945
3680 2945
3681 2945
3682 2945
3683 2945
3684 2946
3685 2946
3686 2946
3687 2946
3688 2946
3689 2946
3690 2946
3691 2946
3692 2946
3693 2946
3694 2946
3695 2946
3696 2946
3697 2946
3698 2946
3699 2946
3700 2946
3701 2946
3702 2946
3703 2946
3704 2947
3705 2947
3706 2947
3707 2947
3708 2947
3709 2947
3710 2947
3711 2947
3712 2947
3713 2947
3714 2947
3715 2947
3716 2947
3717 2947
3718 2947
3719 2947
3720 2947
3721 2947
3722 2947
3723 2947
3724 2947
3725 2947
3726 2947
3727 2948
3728 2948
3729 2948
3730 2948
3731 2948
3732 2948
3733 2948
3734 2948
3735 2948
3736 2948
3737 2948
3738 2948
3739 2948
3740 2948
3741 2948
3742 2948
3743 2948
3744 2948
3745 2948
3746 2948
3747 2949
3748 2949
3749 2949
3750 2949
3751 2949
3752 2949
3753 2949
3754 2949
3755 2949
3756 2949
3757 2949
3758 2949
3759 2949
3760 2949
3761 2949
3762 2949
3763 2949
3764 2949
3765 2949
3766 2949
3767 2949
3768 2949
3769 2949
3770 2949
3771 2949
3772 2950
3773 2950
3774 2950
3775 2950
3776 2950
3777 2950
3778 2950
3779 2950
3780 2950
3781 2950
3782 2950
3783 2950
3784 2950
3785 2950
3786 2950
3787 2950
3788 2950
3789 2950
3790 2950
3791 2950
3792 2950
3793 2950
3794 2949
3795 2949
3796 2949
3797 2948
3798 2948
3799 2948
3800 2947
3801 2947
3802 2947
3803 2946
3804 2946
3805 2946
3806 2945
3807 2945
3808 2945
3809 2944
3810 2944
3811 2943
3812 2943
3813 2943
3814 2942
3815 2942
3816 2941
3817 2941
3818 2940
3819 2940
3820 2940
3821 2940
3822 2939
3823 2939
3824 2939
3825 2938
3826 2938
3827 2937
3828 2936
3829 2935
3830 2934
3831 2934
3832 2933
3833 2933
3834 2933
3835 2932
3836 2932
3837 2931
3837 2930
3838 2929
3839 2928
3839 2927
3840 2926
3841 2926
3842 2925
3843 2925
3844 2924
3845 2923
3845 2922
3846 2921
3847 2921
3848 2920
3849 2919
3850 2918
3851 2917
3852 2916
3853 2915
3854 2914
3854 2913
3855 2912
3856 2911
3856 2910
3857 2909
3857 2908
3857 2907
3858 2906
3859 2905
3860 2904
3861 2903
3862 2903
3863 2902
3863 2901
3864 2900
3864 2899
3865 2898
3865 2897
3866 2896
3867 2895
3867 2894
3868 2893
3869 2892
3870 2891
3871 2890
3872 2889
3872 2888
3873 2887
3873 2886
3874 2885
3874 2884
3874 2883
3875 2882
3876 2881
3877 2880
3878 2879
3879 2878
3879 2877
3880 2876
3881 2875
3881 2874
3882 2873
3882 2872
3883 2871
3884 2870
3885 2869
3886 2868
3887 2867
3888 2866
3889 2866
3890 2865
3891 2864
3892 2863
3893 2862
3894 2862
3894 2861
3895 2860
3896 2859
3897 2858
3898 2857
3899 2856
3900 2855
3901 2854
3902 2853
3903 2852
3904 2851
3904 2850
3905 2849
3906 2848
3906 2847
3907 2846
3907 2845
3908 2844
3908 2843
3908 2842
3909 2841
3909 2840
3910 2839
3910 2838
3911 2837
3912 2836
3913 2835
3914 2834
3915 2833
3915 2832
3916 2831
3917 2830
3918 2829
3919 2828
3920 2827
3921 2826
3922 2825
3923 2825
3924 2824
3925 2823
3925 2822
3926 2821
3927 2820
3928 2819
3929 2818
3929 2817
3930 2816
3930 2815
3931 2814
3932 2813
3932 2812
3933 2811
3933 2810
3933 2809
3934 2808
3934 2807
3934 2806
3935 2805
3935 2804
3936 2803
3936 2802
3937 2801
3938 2800
3938 2799
3939 2798
3939 2797
3940 2796
3940 2795
3941 2794
3942 2793
3942 2792
3943 2791
3943 2790
3944 2789
3945 2788
3945 2787
3946 2786
3947 2785
3947 2784
3948 2783
3949 2782
3949 2781
3950 2780
3950 2779
3950 2778
3951 2777
3951 2776
3952 2775
3952 2774
3953 2773
3953 2772
3954 2771
3955 2770
3956 2769
3957 2769
3958 2768
3959 2767
3960 2766
3961 2765
3962 2764
3962 2763
3963 2762
3964 2761
3964 2760
3965 2759
3965 2758
3966 2757
3966 2756
3966 2755
3967 2754
3967 2753
3967 2752
3968 2751
3968 2750
3969 2749
3969 2748
3970 2747
3971 2746
3971 2745
3972 2744
3972 2743
3973 2742
3974 2741
3974 2740
3975 2739
3975 2738
3976 2737
3976 2736
3977 2735
3978 2734
3979 2733
3979 2732
3980 2731
3981 2730
3981 2729
3982 2728
3982 2727
3983 2726
3983 2725
3983 2724
3984 2723
3984 2722
3984 2721
3985 2720
3985 2719
3985 2718
3986 2717
3986 2716
3986 2715
3987 2714
3987 2713
3988 2712
3988 2711
3989 2710
3989 2709
3990 2708
3991 2707
3991 2706
3992 2705
3993 2704
3993 2703
3994 2702
3994 2701
3995 2700
3995 2699
3996 2698
3997 2697
3998 2696
3999 2695
4000 2694
4000 2693
4001 2692
4001 2691
4002 2690
4002 2689
4003 2688
4003 2687
4003 2686
4003 2685
4004 2684
4004 2683
4004 2682
4004 2681
4004 2680
4005 2679
4005 2678
4006 2677
4006 2676
4007 2675
4007 2674
4008 2673
4008 2672
4008 2671
4009 2670
4009 2669
4009 2668
4010 2667
4010 2666
4010 2665
4010 2664
4011 2663
4011 2662
4011 2661
4011 2660
4012 2659
4012 2658
4012 2657
4012 2656
4012 2655
4012 2654
4013 2653
4013 2652
4013 2651
4013 2650
4013 2649
4014 2648
4014 2647
4014 2646
4014 2645
4014 2644
4014 2643
4014 2642
4014 2641
4015 2640
4015 2639
4015 2638
4015 2637
4015 2636
4015 2635
4015 2634
4015 2633
4016 2632
4016 2631
4016 2630
4016 2629
4016 2628
4016 2627
4016 2626
4016 2625
4016 2624
4017 2623
4017 2622
4017 2621
4018 2620
4018 2619
4018 2618
4019 2617
4019 2616
4019 2615
4020 2614
4020 2613
4021 2612
4021 2611
4021 2610
4022 2609
4022 2608
4022 2607
4022 2606
4023 2605
4023 2604
4023 2603
4023 2602
4023 2601
4024 2600
4024 2599
4024 2598
4024 2597
4024 2596
4025 2595
4025 2594
4025 2593
4025 2592
4025 2591
4025 2590
4025 2589
4026 2588
4026 2587
4026 2586
4026 2585
4026 2584
4026 2583
4026 2582
4026 2581
4026 2580
4027 2579
4027 2578
4027 2577
4027 2576
4027 2575
4027 2574
4027 2573
4027 2572
4027 2571
4027 2570
4027 2569
4027 2568
4027 2567
4028 2566
4028 2565
4028 2564
4028 2563
4028 2562
4028 2561
4028 2560
4028 2559
4028 2558
4028 2557
4028 2556
4028 2555
4028 2554
4028 2553
4028 2552
4028 2551
4028 2550
4028 2549
4028 2548
4028 2547
4028 2546
4029 2545
4029 2544
4029 2543
4029 2542
4029 2541
4029 2540
4029 2539
4029 2538
4029 2537
4029 2536
4029 2535
4029 2534
4029 2533
4029 2532
4029 2531
4029 2530
4029 2529
4029 2528
4030 2527
4030 2526
4030 2525
4030 2524
4030 2523
4030 2522
4030 2521
4030 2520
4030 2519
4030 2518
4030 2517
4030 2516
4030 2515
4030 2514
4030 2513
4030 2512
4030 2511
4030 2510
4030 2509
4030 2508
4030 2507
4030 2506
4030 2505
4030 2504
4030 2503
4031 2502
4031 2501
4031 2500
4031 2499
4031 2498
4031 2497
4031 2496
4031 2495
4031 2494
4031 2493
4031 2492
4031 2491
4031 2490
4031 2489
4031 2488
4031 2487
4031 2486
4031 2485
4032 2484
4032 2483
4032 2482
4032 2481
4032 2480
4032 2479
4032 2478
4032 2477
4032 2476
4032 2475
4032 2474
4032 2473
4032 2472
4032 2471
4032 2470
4032 2469
4032 2468
4032 2467
4032 2466
4032 2465
4032 2464
4032 2463
4032 2462
4032 2461
4032 2460
4033 2459
4033 2458
4033 2457
4033 2456
4033 2455
4033 2454
4033 2453
4033 2452
4033 2451
4033 2450
4033 2449
4033 2448
4033 2447
4033 2446
4033 2445
4033 2444
4033 2443
4033 2442
4033 2441
4034 2440
4034 2439
4034 2438
4034 2437
4034 2436
4034 2435
4034 2434
4034 2433
4034 2432
4034 2431
4034 2430
4034 2429
4034 2428
4034 2427
4034 2426
4034 2425
4034 2424
4034 2423
4034 2422
4034 2421
4034 2420
4034 2419
4034 2418
4034 2417
4034 2416
4035 2415
4035 2414
4035 2413
4035 2412
4035 2411
4035 2410
4035 2409
4035 2408
4035 2407
4035 2406
4035 2405
4035 2404
4035 2403
4035 2402
4035 2401
4035 2400
4035 2399
4035 2398
4036 2397
4036 2396
4036 2395
4036 2394
4036 2393
4036 2392
4036 2391
4036 2390
4036 2389
4036 2388
4036 2387
4036 2386
4036 2385
4035 2384
4035 2383
4035 2382
4035 2381
4034 2380
4034 2379
4034 2378
4034 2377
4033 2376
4033 2375
4033 2374
4033 2373
4032 2372
4032 2371
4032 2370
4032 2369
4032 2368
4032 2367
4032 2366
4032 2365
4032 2364
4031 2363
4031 2362
4031 2361
4031 2360
4031 2359
4030 2358
4030 2357
4030 2356
4029 2355
4029 2354
4029 2353
4029 2352
4028 2351
4028 2350
4027 2349
4027 2348
4026 2347
4026 2346
4025 2345
4024 2344
4024 2343
4023 2342
4023 2341
4022 2340
4022 2339
4021 2338
4021 2337
4020 2336
4020 2335
4020 2334
4020 2333
4019 2332
4019 2331
4019 2330
4019 2329
4018 2328
4018 2327
4018 2326
4018 2325
4018 2324
4018 2323
4018 2322
4018 2321
4018 2320
4017 2319
4017 2318
4017 2317
4017 2316
4016 2315
4016 2314
4016 2313
4015 2312
4015 2311
4014 2310
4014 2309
4013 2308
4013 2307
4013 2306
4012 2305
4012 2304
4012 2303
4012 2302
4011 2301
4011 2300
4011 2299
4011 2298
4011 2297
4010 2296
4010 2295
4009 2294
4009 2293
4009 2292
4008 2291
4007 2290
4007 2289
4006 2288
4006 2287
4005 2286
4005 2285
4004 2284
4004 2283
4003 2282
4003 2281
4003 2280
4002 2279
4001 2278
4001 2277
4000 2276
4000 2275
3999 2274
3999 2273
3998 2272
3997 2271
3997 2270
3996 2269
3995 2268
3994 2267
3994 2266
3993 2265
3993 2264
3992 2263
3992 2262
3992 2261
3991 2260
3991 2259
3990 2258
3990 2257
3989 2256
3988 2255
3988 2254
3987 2253
3987 2252
3986 2251
3986 2250
3985 2249
3985 2248
3984 2247
3984 2246
3983 2245
3983 2244
3982 2243
3981 2242
3981 2241
3980 2240
3979 2239
3978 2238
3977 2237
3976 2236
3975 2235
3974 2234
3973 2233
3972 2232
3971 2231
3970 2230
3969 2229
3969 2228
3968 2227
3967 2226
3966 2225
3966 2224
3965 2223
3964 2222
3964 2221
3963 2220
3963 2219
3962 2218
3962 2217
3961 2216
3961 2215
3961 2214
3960 2213
3960 2212
3959 2211
3959 2210
3959 2209
3958 2208
3958 2207
3957 2206
3957 2205
3956 2204
3956 2203
3956 2202
3956 2201
3955 2200
3955 2199
3955 2198
3954 2197
3954 2196
3954 2195
3953 2194
3953 2193
3953 2192
3952 2191
3952 2190
3951 2189
3951 2188
3951 2187
3950 2186
3950 2185
3949 2184
3949 2183
3948 2182
3948 2181
3947 2180
3946 2179
3946 2178
3945 2177
3944 2176
3944 2175
3943 2174
3942 2173
3941 2172
3940 2171
3939 2170
3938 2169
3937 2168
3936 2167
3935 2166
3934 2165
3934 2164
3933 2163
3932 2162
3932 2161
3931 2160
3931 2159
3930 2158
3930 2157
3929 2156
3928 2155
3928 2154
3927 2153
3926 2152
3926 2151
3925 2150
3925 2149
3925 2148
3924 2147
3924 2146
3923 2145
3923 2144
3923 2143
3922 2142
3922 2141
3921 2140
3921 2139
3920 2138
3920 2137
3919 2136
3918 2135
3918 2134
3917 2133
3916 2132
3916 2131
3915 2130
3914 2129
3914 2128
3913 2127
3913 2126
3912 2125
3911 2124
3911 2123
3910 2122
3910 2121
3910 2120
3909 2119
3909 2118
3909 2117
3908 2116
3908 2115
3908 2114
3907 2113
3907 2112
3907 2111
3907 2110
3906 2109
3906 2108
3905 2107
3905 2106
3904 2105
3903 2104
3903 2103
3902 2102
3901 2101
3900 2100
3900 2099
3899 2098
3899 2097
3898 2096
3898 2095
3897 2094
3896 2093
3896 2092
3896 2091
3895 2090
3895 2089
3895 2088
3894 2087
3894 2086
3893 2085
3892 2084
3891 2083
3891 2082
3890 2081
3889 2080
3889 2079
3888 2078
3888 2077
3888 2076
3887 2075
3887 2074
3887 2073
3886 2072
3886 2071
3886 2070
3885 2069
3885 2068
3885 2067
3884 2066
3884 2065
3884 2064
3883 2063
3883 2062
3883 2061
3882 2060
3882 2059
3881 2058
3881 2057
3881 2056
3880 2055
3880 2054
3880 2053
3879 2052
3879 2051
3878 2050
3878 2049
3878 2048
3878 2047
3877 2046
3877 2045
3877 2044
3876 2043
3876 2042
3875 2041
3874 2040
3874 2039
3873 2038
3872 2037
3871 2036
3871 2035
3870 2034
3869 2033
3868 2032
3868 2031
3867 2030
3866 2029
3866 2028
3865 2027
3864 2026
3864 2025
3863 2024
3862 2023
3862 2022
3861 2021
3860 2020
3860 2019
3859 2018
3858 2017
3857 2016
3857 2015
3856 2014
3855 2013
3854 2013
3853 2012
3852 2011
3851 2010
3850 2009
3849 2008
3848 2007
3847 2007
3846 2006
3845 2005
3844 2004
3843 2004
3842 2003
3841 2002
3840 2002
3839 2001
3838 2001
3837 2000
3836 1999
3835 1999
3834 1998
3833 1998
3832 1997
3831 1997
3830 1996
3829 1995
3828 1994
3827 1994
3826 1993
3825 1992
3824 1991
3823 1990
3822 1989
3821 1988
3820 1988
3819 1987
3818 1986
3817 1986
3816 1985
3815 1984
3814 1984
3813 1983
3812 1982
3811 1982
3810 1981
3809 1980
3808 1979
3807 1979
3806 1978
3805 1977
3804 1976
3803 1976
3802 1975
3801 1974
3800 1973
3799 1972
3798 1971
3797 1971
3796 1970
3795 1969
3794 1969
3793 1968
3792 1968
3791 1967
3790 1966
3789 1966
3788 1965
3787 1964
3786 1963
3785 1962
3785 1961
3784 1960
3783 1959
3782 1958
3781 1957
3780 1956
3779 1955
3778 1954
3777 1953
3776 1952
3775 1952
3774 1951
3773 1950
3772 1949
3771 1948
3770 1948
3769 1947
3768 1946
3767 1945
3766 1944
3765 1944
3764 1943
3763 1942
3762 1942
3761 1941
3760 1941
3759 1940
3758 1940
3757 1939
3756 1939
3755 1938
3754 1938
3753 1938
3752 1937
3751 1936
3750 1936
3749 1935
3748 1935
3747 1934
3746 1933
3745 1933
3744 1932
3743 1931
3742 1931
3741 1930
3740 1930
3739 1930
3738 1929
3737 1929
3736 1928
3735 1927
3734 1927
3733 1926
3732 1925
3731 1924
3730 1923
3729 1922
3728 1922
3727 1921
3726 1920
3725 1919
3724 1919
3723 1918
3722 1917
3721 1916
3720 1915
3719 1915
3718 1914
3717 1914
3716 1913
3715 1912
3714 1912
3713 1911
3712 1910
3711 1909
3710 1908
3709 1908
3708 1907
3707 1906
3706 1905
3705 1905
3704 1904
3703 1904
3702 1903
3701 1902
3700 1901
3699 1901
3698 1900
3697 1899
3696 1898
3695 1898
3694 1897
3693 1896
3692 1896
3691 1895
3690 1895
3689 1895
3688 1894
3687 1894
3686 1894
3685 1893
3684 1893
3683 1893
3682 1892
3681 1891
3680 1891
3679 1890
3678 1889
3677 1888
3677 1887
3676 1886
3675 1885
3674 1884
3674 1883
3673 1882
3672 1881
3671 1880
3670 1880
3669 1879
3668 1879
3667 1878
3666 1878
3665 1877
3664 1876
3663 1876
3662 1875
3661 1874
3660 1874
3659 1873
3658 1872
3657 1872
3656 1871
3655 1870
3654 1870
3653 1869
3652 1869
3651 1869
3650 1868
3649 1868
3648 1868
3647 1867
3646 1867
3645 1867
3644 1867
3643 1866
3642 1866
3641 1866
3640 1866
3639 1866
3638 1866
3637 1865
3636 1865
3635 1865
3634 1865
3633 1865
3632 1864
3631 1864
3630 1864
3629 1863
3628 1863
3627 1862
3626 1862
3625 1862
3624 1861
3623 1861
3622 1860
3621 1860
3620 1860
3619 1859
3618 1859
3617 1859
3616 1858
3615 1858
3614 1858
3613 1858
3612 1857
3611 1857
3610 1857
3609 1857
3608 1857
3607 1857
3606 1856
3605 1856
3604 1856
3603 1856
3602 1856
3601 1856
3600 1856
3599 1856
3598 1855
3597 1855
3596 1855
3595 1855
3594 1854
3593 1854
3592 1853
3591 1853
3590 1853
3589 1852
3588 1852
3587 1851
3586 1850
3585 1850
3584 1849
3583 1849
3582 1848
3581 1847
3580 1847
3579 1846
3578 1846
3577 1845
3576 1845
3575 1844
3574 1844
3573 1843
3572 1843
3571 1842
3570 1842
3569 1842
3568 1841
3567 1841
3566 1841
3565 1840
3564 1840
3563 1840
3562 1840
3561 1839
3560 1839
3559 1839
3558 1839
3557 1838
3556 1838
3555 1838
3554 1838
3553 1838
3552 1838
3551 1837
3550 1837
3549 1837
3548 1837
3547 1837
3546 1837
3545 1837
3544 1836
3543 1836
3542 1836
3541 1836
3540 1835
3539 1835
3538 1835
3537 1834
3536 1834
3535 1833
3534 1833
3533 1832
3532 1832
3531 1831
3530 1831
3529 1831
3528 1831
3527 1830
3526 1830
3525 1830
3524 1830
3523 1829
3522 1829
3521 1829
3520 1829
3519 1829
3518 1828
3517 1828
3516 1828
3515 1828
3514 1828
3513 1828
3512 1828
3511 1828
3510 1827
3509 1827
3508 1827
3507 1826
3506 1826
3505 1825
3504 1825
3503 1824
3502 1823
3501 1823
3500 1823
3499 1822
3498 1822
3497 1822
3496 1821
3495 1821
3494 1821
3493 1821
3492 1821
3491 1820
3490 1820
3489 1820
3488 1820
3487 1820
3486 1819
3485 1819
3484 1819
3483 1819
3482 1819
3481 1819
3480 1819
3479 1818
3478 1818
3477 1818
3476 1818
3475 1818
3474 1818
3473 1818
3472 1818
3471 1818
3470 1818
3469 1817
3468 1817
3467 1817
3466 1817
3465 1817
3464 1817
3463 1816
3462 1816
3461 1816
3460 1815
3459 1815
3458 1815
3457 1814
3456 1814
3455 1814
3454 1813
3453 1813
3452 1813
3451 1812
3450 1812
3449 1812
3448 1811
3447 1811
3446 1811
3445 1811
3444 1810
3443 1810
3442 1810
3441 1810
3440 1809
3439 1809
3438 1809
3437 1808
3436 1808
3435 1807
3434 1807
3433 1807
3432 1806
3431 1806
3430 1806
3429 1805
3428 1805
3427 1804
3426 1804
3425 1804
3424 1803
3423 1803
3422 1803
3421 1802
3420 1802
3419 1802
3418 1801
3417 1801
3416 1801
3415 1800
3414 1800
3413 1799
3412 1799
3411 1798
3410 1798
3409 1797
3408 1797
3407 1796
3406 1796
3405 1795
3404 1795
3403 1795
3402 1794
3401 1794
3400 1794
3399 1794
3398 1793
3397 1793
3396 1793
3395 1792
3394 1792
3393 1792
3392 1792
3391 1792
3390 1792
3389 1791
3388 1791
3387 1791
3386 1791
3385 1791
3384 1791
3383 1790
3382 1790
3381 1790
3380 1790
3379 1790
3378 1790
3377 1789
3376 1789
3375 1788
3374 1788
3373 1787
3372 1787
3371 1786
3370 1786
3369 1785
3368 1785
3367 1785
3366 1785
3365 1784
3364 1784
3363 1784
3362 1784
3361 1783
3360 1783
3359 1783
3358 1783
3357 1782
3356 1782
3355 1782
3354 1782
3353 1782
3352 1782
3351 1781
3350 1781
3349 1781
3348 1781
3347 1781
3346 1781
3345 1781
3344 1780
3343 1780
3342 1780
3341 1780
3340 1779
3339 1779
3338 1779
3337 1778
3336 1778
3335 1778
3334 1777
3333 1777
3332 1776
3331 1775
3330 1774
3329 1774
3328 1773
3327 1772
3326 1772
3325 1771
3324 1771
3323 1770
3322 1770
3321 1769
3320 1769
3319 1768
3318 1768
3317 1768
3316 1767
3315 1767
3314 1766
3313 1766
3312 1766
3311 1766
3310 1765
3309 1765
3308 1765
3307 1764
3306 1764
3305 1764
3304 1764
3303 1764
3302 1763
3301 1763
3300 1763
3299 1763
3298 1763
3297 1762
3296 1762
3295 1762
3294 1761
3293 1761
3292 1760
3291 1760
3290 1760
3289 1759
3288 1759
3287 1758
3286 1758
3285 1757
3284 1757
3283 1757
3282 1756
3281 1756
3280 1756
3279 1756
3278 1755
3277 1755
3276 1755
3275 1754
3274 1754
3273 1754
3272 1753
3271 1753
3270 1752
3269 1752
3268 1752
3267 1751
3266 1751
3265 1750
3264 1750
3263 1749
3262 1749
3261 1748
3260 1748
3259 1748
3258 1747
3257 1747
3256 1747
3255 1747
3254 1746
3253 1746
3252 1746
3251 1746
3250 1745
3249 1745
3248 1745
3247 1745
3246 1744
3245 1744
3244 1744
3243 1744
3242 1744
3241 1744
3240 1743
3239 1743
3238 1743
3237 1743
3236 1743
3235 1743
3234 1743
3233 1743
3232 1742
3231 1742
3230 1742
3229 1742
3228 1742
3227 1742
3226 1741
3225 1741
3224 1740
3223 1740
3222 1740
3221 1739
3220 1739
3219 1739
3218 1738
3217 1738
3216 1737
3215 1737
3214 1737
3213 1736
3212 1736
3211 1736
3210 1736
3209 1735
3208 1735
3207 1734
3206 1734
3205 1733
3204 1733
3203 1732
3202 1732
3201 1731
3200 1731
3199 1731
3198 1730
3197 1730
3196 1729
3195 1729
3194 1729
3193 1728
3192 1728
3191 1728
3190 1727
3189 1727
3188 1727
3187 1727
3186 1726
3185 1726
3184 1726
3183 1725
3182 1725
3181 1725
3180 1724
3179 1724
3178 1723
3177 1723
3176 1722
3175 1722
3174 1721
3173 1721
3172 1721
3171 1720
3170 1720
3169 1719
3168 1719
3167 1719
3166 1718
3165 1718
3164 1718
3163 1718
3162 1717
3161 1717
3160 1717
3159 1717
3158 1716
3157 1716
3156 1716
3155 1716
3154 1716
3153 1716
3152 1715
3151 1715
3150 1715
3149 1715
3148 1715
3147 1714
3146 1714
3145 1714
3144 1713
3143 1713
3142 1713
3141 1712
3140 1712
3139 1712
3138 1711
3137 1711
3136 1710
3135 1710
3134 1710
3133 1709
3132 1709
3131 1709
3130 1709
3129 1708
3128 1708
3127 1708
3126 1707
3125 1707
3124 1707
3123 1707
3122 1707
3121 1706
3120 1706
3119 1706
3118 1706
3117 1706
3116 1705
3115 1705
3114 1705
3113 1705
3112 1705
3111 1705
3110 1705
3109 1705
3108 1704
3107 1704
3106 1704
3105 1703
3104 1703
3103 1702
3102 1702
3101 1702
3100 1701
3099 1701
3098 1701
3097 1700
3096 1700
3095 1700
3094 1699
3093 1699
3092 1698
3091 1698
3090 1697
3089 1697
3088 1697
3087 1696
3086 1696
3085 1695
3084 1695
3083 1694
3082 1694
3081 1693
3080 1693
3079 1692
3078 1692
3077 1691
3076 1691
3075 1691
3074 1690
3073 1690
3072 1690
3071 1689
3070 1689
3069 1689
3068 1689
3067 1689
3066 1688
3065 1688
3064 1688
3063 1688
3062 1688
3061 1688
3060 1687
3059 1687
3058 1687
3057 1687
3056 1687
3055 1687
3054 1686
3053 1686
3052 1686
3051 1685
3050 1685
3049 1685
3048 1684
3047 1684
3046 1683
3045 1683
3044 1682
3043 1682
3042 1681
3041 1681
3040 1681
3039 1680
3038 1680
3037 1679
3036 1679
3035 1678
3034 1677
3033 1677
3032 1676
3031 1676
3030 1675
3029 1674
3028 1674
3027 1673
3026 1672
3025 1672
3024 1671
3023 1671
3022 1670
3021 1670
3020 1669
3019 1669
3018 1668
3017 1668
3016 1667
3015 1667
3014 1666
3013 1665
3012 1665
3011 1664
3010 1664
3009 1663
3008 1662
3007 1662
3006 1661
3005 1661
3004 1660
3003 1660
3002 1659
3001 1659
3000 1658
2999 1658
2998 1657
2997 1657
2996 1656
2995 1656
2994 1656
2993 1655
2992 1655
2991 1655
2990 1654
2989 1654
2988 1654
2987 1653
2986 1653
2985 1653
2984 1652
2983 1652
2982 1651
2981 1651
2980 1650
2979 1650
2978 1649
2977 1649
2976 1648
2975 1648
2974 1647
2973 1647
2972 1646
2971 1646
2970 1646
2969 1645
2968 1645
2967 1645
2966 1645
2965 1644
2964 1644
2963 1643
2962 1643
2961 1642
2960 1642
2959 1641
2958 1640
2957 1640
2956 1639
2955 1639
2954 1638
2953 1638
2952 1637
2951 1637
2950 1637
2949 1636
2948 1636
2947 1636
2946 1635
2945 1635
2944 1635
2943 1635
2942 1634
2941 1634
2940 1634
2939 1634
2938 1634
2937 1633
2936 1633
2935 1633
2934 1633
2933 1633
2932 1633
2931 1632
2930 1632
2929 1632
2928 1632
2927 1632
2926 1632
2925 1632
2924 1632
2923 1631
2922 1631
2921 1631
2920 1631
2919 1631
2918 1631
2917 1631
2916 1631
2915 1631
2914 1631
2913 1631
2912 1631
2911 1631
2910 1631
2909 1631
2908 1631
2907 1631
2906 1631
2905 1630
2904 1630
2903 1630
2902 1630
2901 1630
2900 1630
2899 1630
2898 1630
2897 1630
2896 1630
2895 1630
2894 1630
2893 1630
2892 1630
2891 1630
2890 1630
2889 1630
2888 1630
2887 1629
2886 1629
2885 1629
2884 1629
2883 1629
2882 1629
2881 1629
2880 1629
2879 1629
2878 1629
2877 1629
2876 1629
2875 1629
2874 1629
2873 1629
2872 1629
2871 1629
2870 1629
2869 1629
2868 1629
2867 1629
2866 1628
2865 1628
2864 1628
2863 1628
2862 1628
2861 1628
2860 1628
2859 1628
2858 1628
2857 1628
2856 1628
2855 1628
2854 1628
2853 1628
2852 1628
2851 1628
2850 1628
2849 1628
2848 1628
2847 1628
2846 1628
2845 1628
2844 1628
2843 1629
2842 1629
2841 1629
2840 1629
2839 1629
2838 1630
2837 1630
2836 1630
2835 1630
2834 1631
2833 1631
2832 1631
2831 1632
2830 1632
2829 1632
2828 1632
2827 1632
2826 1632
2825 1633
2824 1633
2823 1633
2822 1633
2821 1633
2820 1633
2819 1633
2818 1632
2819 1631
2820 1631
2821 1630
2822 1630
2823 1629
2824 1629
2825 1628
2826 1628
2827 1628
2828 1627
2829 1627
2830 1626
2831 1626
2832 1625
2833 1625
2834 1625
2835 1624
2836 1624
2837 1623
2838 1623
2839 1622
2840 1622
2841 1621
2842 1621
2843 1621
2844 1620
2844 1619
2843 1619
2842 1619
2841 1619
2840 1619
2839 1619
2838 1619
2837 1619
2836 1619
2835 1619
2834 1619
2833 1619
2832 1619
2831 1619
2830 1619
2829 1619
2828 1619
2827 1619
2826 1619
2825 1619
2824 1619
2823 1619
2822 1618
2821 1618
2820 1618
2819 1618
2818 1618
2817 1618
2816 1618
2815 1618
2814 1618
2813 1618
2812 1618
2811 1618
