3067 1960
3066 1961
3066 1962
3066 1963
3065 1964
3065 1965
3065 1966
3065 1967
3065 1968
3064 1969
3063 1970
3062 1970
3061 1971
3060 1971
3059 1971
3058 1972
3057 1972
3056 1973
3055 1973
3054 1974
3053 1974
3052 1974
3051 1975
3050 1975
3049 1975
3048 1975
3047 1975
3046 1975
3045 1976
3044 1976
3043 1976
3042 1976
3041 1976
3040 1976
3039 1976
3038 1976
3037 1976
3036 1976
3035 1976
3034 1976
3033 1976
3032 1976
3031 1976
3030 1976
3029 1976
3028 1976
3027 1976
3026 1976
3025 1976
3024 1976
3023 1976
3022 1976
3021 1976
3020 1976
3019 1976
3018 1976
3017 1976
3016 1976
3015 1976
3014 1976
3013 1976
3012 1976
3011 1976
3010 1976
3009 1976
3008 1976
3007 1976
3006 1976
3005 1976
3004 1976
3003 1976
3002 1976
3001 1976
3000 1977
2999 1977
2998 1978
2997 1978
2996 1978
2995 1979
2994 1979
2993 1980
2992 1980
2991 1981
2990 1982
2989 1983
2988 1984
2987 1985
2986 1986
2985 1987
2984 1988
2983 1989
2982 1989
2981 1990
2980 1990
2979 1991
2978 1992
2977 1993
2976 1994
2975 1995
2974 1995
2973 1996
2972 1997
2971 1998
2970 1998
2969 1999
2968 1999
2967 2000
2966 2000
2965 2001
2964 2002
2963 2002
2962 2003
2961 2004
2960 2004
2959 2005
2958 2006
2957 2006
2956 2007
2955 2007
2954 2008
2953 2009
2952 2010
2951 2011
2950 2012
2949 2013
2948 2014
2947 2014
2946 2015
2945 2015
2944 2016
2943 2017
2942 2017
2941 2018
2940 2018
2939 2019
2938 2019
2937 2020
2936 2021
2935 2022
2934 2022
2933 2023
2932 2024
2931 2025
2930 2026
2929 2026
2928 2027
2927 2028
2926 2029
2925 2030
2924 2031
2923 2031
2922 2032
2921 2032
2920 2033
2920 2034
2919 2035
2918 2036
2917 2037
2916 2038
2915 2039
2914 2039
2913 2040
2912 2041
2911 2042
2910 2042
2909 2043
2908 2043
2907 2044
2906 2045
2905 2046
2904 2046
2903 2047
2902 2048
2901 2048
2900 2048
2899 2049
2898 2049
2897 2049
2896 2050
2895 2050
2894 2051
2893 2051
2892 2051
2891 2052
2890 2052
2889 2052
2888 2053
2887 2053
2886 2053
2885 2054
2884 2054
2883 2055
2882 2055
2881 2055
2880 2056
2879 2056
2878 2057
2877 2057
2876 2057
2875 2057
2874 2057
2873 2057
2872 2057
2871 2058
2870 2058
2869 2058
2868 2059
2867 2059
2866 2059
2865 2060
2864 2060
2863 2060
2862 2060
2861 2061
2860 2061
2859 2061
2858 2061
2857 2061
2856 2062
2855 2063
2854 2063
2853 2064
2852 2064
2851 2065
2850 2066
2849 2066
2848 2067
2847 2068
2846 2069
2845 2069
2844 2070
2843 2071
2842 2072
2841 2072
2840 2073
2839 2073
2838 2074
2837 2075
2836 2076
2835 2076
2834 2077
2833 2077
2832 2077
2831 2078
2830 2078
2829 2079
2828 2079
2827 2080
2826 2080
2825 2081
2824 2081
2823 2082
2822 2082
2821 2083
2820 2083
2819 2084
2818 2084
2817 2084
2816 2085
2815 2085
2814 2086
2813 2086
2812 2087
2811 2088
2810 2088
2809 2089
2808 2089
2807 2089
2806 2090
2805 2090
2804 2091
2803 2091
2802 2092
2801 2092
2800 2093
2799 2093
2798 2094
2797 2094
2796 2095
2795 2095
2794 2096
2793 2096
2792 2097
2791 2097
2790 2097
2789 2098
2788 2099
2787 2099
2786 2099
2785 2100
2784 2100
2783 2101
2782 2101
2781 2101
2780 2102
2779 2102
2778 2103
2777 2103
2776 2104
2775 2104
2774 2105
2773 2105
2772 2105
2771 2106
2770 2106
2769 2106
2768 2106
2767 2107
2766 2107
2765 2107
2764 2108
2763 2108
2762 2109
2761 2109
2760 2110
2759 2110
2758 2111
2757 2111
2756 2112
2755 2113
2754 2113
2753 2114
2752 2114
2751 2114
2750 2114
2749 2115
2748 2115
2747 2115
2746 2116
2745 2116
2744 2117
2743 2118
2742 2118
2741 2119
2740 2120
2739 2121
2738 2121
2737 2122
2736 2122
2735 2122
2734 2122
2733 2123
2732 2123
2731 2123
2730 2123
2729 2123
2728 2123
2727 2123
2726 2123
2725 2123
2724 2123
2723 2123
2722 2122
2721 2122
2720 2122
2719 2121
2718 2121
2717 2121
2716 2121
2715 2121
2714 2121
2713 2120
2712 2120
2711 2119
2710 2118
2709 2118
2708 2117
2707 2117
2706 2117
2705 2117
2704 2116
2703 2116
2702 2116
2701 2116
2700 2116
2699 2116
2698 2116
2697 2116
2696 2117
2695 2117
2695 2118
2694 2119
2693 2120
2693 2121
2692 2122
2691 2123
2690 2124
2689 2125
2688 2126
2687 2126
2686 2127
2685 2127
2684 2128
2683 2129
2682 2129
2681 2129
2680 2130
2679 2130
2678 2130
2677 2131
2676 2131
2675 2131
2674 2131
2673 2132
2672 2132
2671 2133
2670 2133
2669 2134
2668 2134
2667 2134
2666 2135
2665 2136
2664 2136
2663 2137
2662 2137
2661 2138
2660 2138
2659 2138
2658 2139
2657 2139
2656 2139
2655 2139
2654 2139
2653 2139
2652 2140
2651 2140
2650 2140
2649 2141
2648 2141
2647 2141
2646 2142
2645 2142
2644 2142
2643 2143
2642 2144
2641 2144
2640 2145
2639 2145
2638 2146
2637 2146
2636 2147
2635 2147
2634 2147
2633 2147
2632 2147
2631 2147
2630 2148
2629 2148
2628 2148
2627 2148
2626 2148
2625 2149
2624 2149
2623 2149
2622 2150
2621 2150
2620 2151
2619 2151
2618 2152
2617 2152
2616 2153
2615 2153
2614 2153
2613 2154
2612 2154
2611 2155
2610 2155
2609 2155
2608 2155
2607 2155
2606 2155
2605 2156
2604 2156
2603 2156
2602 2156
2601 2156
2600 2156
2599 2156
2598 2156
2597 2156
2596 2156
2595 2156
2594 2156
2593 2156
2592 2156
2591 2156
2590 2157
2589 2157
2588 2157
2587 2157
2586 2157
2585 2157
2584 2157
2583 2157
2582 2157
2581 2157
2580 2157
2579 2157
2578 2157
2577 2158
2576 2158
2575 2159
2574 2159
2573 2159
2572 2159
2571 2159
2570 2160
2569 2160
2568 2160
2567 2160
2566 2160
2565 2160
2564 2161
2563 2161
2562 2161
2561 2161
2560 2162
2559 2162
2558 2163
2557 2163
2556 2163
2555 2163
2554 2163
2553 2164
2552 2164
2551 2164
2550 2164
2549 2164
2548 2164
2547 2164
2546 2164
2545 2164
2544 2165
2543 2165
2542 2166
2541 2166
2540 2166
2539 2167
2538 2167
2537 2167
2536 2167
2535 2168
2534 2168
2533 2168
2532 2168
2531 2168
2530 2168
2529 2168
2528 2168
2527 2169
2526 2169
2525 2169
2524 2170
2523 2170
2522 2170
2521 2171
2520 2171
2519 2171
2518 2172
2517 2172
2516 2172
2515 2173
2514 2173
2513 2174
2512 2174
2511 2175
2510 2175
2509 2175
2508 2176
2507 2176
2506 2176
2505 2176
2504 2176
2503 2177
2502 2177
2501 2177
2500 2177
2499 2178
2498 2178
2497 2178
2496 2179
2495 2179
2494 2180
2493 2180
2492 2181
2491 2182
2490 2182
2489 2183
2488 2183
2487 2183
2486 2184
2485 2184
2484 2184
2483 2184
2482 2184
2481 2184
2480 2185
2479 2185
2478 2185
2477 2185
2476 2185
2475 2186
2474 2186
2473 2186
2472 2187
2471 2187
2470 2187
2469 2187
2468 2188
2467 2188
2466 2188
2465 2188
2464 2189
2463 2189
2462 2189
2461 2190
2460 2190
2459 2191
2458 2191
2457 2191
2456 2191
2455 2192
2454 2192
2453 2192
2452 2192
2451 2193
2450 2193
2449 2193
2448 2193
2447 2193
2446 2193
2445 2193
2444 2193
2443 2193
2442 2193
2441 2193
2440 2193
2439 2193
2438 2193
2437 2193
2436 2194
2435 2194
2434 2194
2433 2194
2432 2194
2431 2194
2430 2194
2429 2195
2428 2195
2427 2196
2426 2196
2425 2196
2424 2196
2423 2197
2422 2197
2421 2197
2420 2197
2419 2197
2418 2198
2417 2198
2416 2198
2415 2199
2414 2199
2413 2200
2412 2200
2411 2200
2410 2201
2409 2201
2408 2202
2407 2202
2406 2203
2405 2203
2404 2204
2403 2205
2402 2206
2401 2206
2400 2207
2399 2208
2398 2209
2397 2209
2396 2210
2395 2211
2394 2212
2393 2213
2392 2214
2391 2215
2390 2216
2389 2216
2388 2216
2387 2217
2386 2217
2385 2217
2384 2217
2383 2218
2382 2218
2381 2219
2380 2220
2379 2220
2378 2221
2377 2222
2376 2222
2375 2223
2374 2224
2373 2224
2372 2225
2371 2225
2370 2225
2369 2225
2368 2226
2367 2226
2366 2226
2365 2226
2364 2226
2363 2226
2362 2226
2361 2226
2360 2226
2359 2226
2358 2226
2357 2226
2356 2226
2355 2226
2354 2226
2353 2226
2352 2226
2351 2226
2350 2226
2349 2226
2348 2226
2347 2226
2346 2226
2345 2226
2344 2226
2343 2226
2342 2226
2341 2226
2340 2226
2339 2226
2338 2226
2337 2227
2336 2227
2335 2227
2334 2227
2333 2226
2332 2226
2331 2226
2330 2226
2329 2226
2328 2227
2327 2227
2326 2227
2325 2228
2324 2228
2323 2229
2322 2229
2321 2229
2320 2229
2319 2229
2318 2230
2317 2230
2316 2231
2315 2231
2314 2231
2313 2232
2312 2232
2311 2233
2310 2233
2309 2233
2308 2233
2307 2234
2306 2235
2305 2235
2304 2236
2303 2236
2302 2237
2301 2238
2300 2239
2299 2239
2298 2240
2297 2240
2296 2241
2295 2241
2294 2242
2293 2242
2292 2243
2291 2243
2290 2244
2289 2244
2288 2244
2287 2245
2286 2245
2285 2245
2284 2246
2283 2246
2282 2246
2281 2246
2280 2246
2279 2246
2278 2246
2277 2246
2276 2246
2275 2246
2274 2247
2273 2247
2272 2247
2271 2247
2270 2247
2269 2248
2268 2248
2267 2249
2266 2249
2265 2249
2264 2250
2263 2250
2262 2250
2261 2250
2260 2250
2259 2250
2258 2250
2257 2250
2256 2251
2255 2251
2254 2251
2253 2251
2252 2251
2251 2252
2250 2252
2249 2253
2248 2253
2247 2253
2246 2254
2245 2254
2244 2254
2243 2254
2242 2254
2241 2254
2240 2255
2239 2255
2238 2255
2237 2255
2236 2255
2235 2256
2234 2256
2233 2257
2232 2257
2231 2257
2230 2258
2229 2258
2228 2258
2227 2258
2226 2258
2225 2258
2224 2259
2223 2259
2222 2260
2221 2260
2220 2261
2219 2261
2218 2261
2217 2262
2216 2262
2215 2262
2214 2262
2213 2262
2212 2262
2211 2263
2210 2263
2209 2263
2208 2263
2207 2263
2206 2264
2205 2264
2204 2265
2203 2265
2202 2266
2201 2266
2200 2266
2199 2266
2198 2266
2197 2267
2196 2267
2195 2267
2194 2267
2193 2267
2192 2267
2191 2267
2190 2267
2189 2267
2188 2267
2187 2267
2186 2267
2185 2267
2184 2267
2183 2268
2182 2268
2181 2268
2180 2269
2179 2269
2178 2269
2177 2270
2176 2270
2175 2270
2174 2270
2173 2270
2172 2271
2171 2271
2170 2271
2169 2271
2168 2271
2167 2271
2166 2272
2165 2272
2164 2272
2163 2273
2162 2273
2161 2273
2160 2274
2159 2274
2158 2274
2157 2274
2156 2275
2155 2275
2154 2275
2153 2276
2152 2277
2151 2277
2150 2277
2149 2278
2148 2278
2147 2278
2146 2278
2145 2278
2144 2279
2143 2279
2142 2279
2141 2279
2140 2279
2139 2279
2138 2279
2137 2279
2136 2280
2135 2280
2134 2280
2133 2281
2132 2281
2131 2282
2130 2282
2129 2282
2128 2282
2127 2283
2126 2283
2125 2283
2124 2283
2123 2283
2122 2283
2121 2283
2120 2283
2119 2283
2118 2283
2117 2284
2116 2284
2115 2284
2114 2284
2113 2284
2112 2284
2111 2284
2110 2284
2109 2284
2108 2284
2107 2284
2106 2284
2105 2284
2104 2284
2103 2284
2102 2284
2101 2284
2100 2284
2099 2284
2098 2284
2097 2284
2096 2284
2095 2284
2094 2284
2093 2284
2092 2284
2091 2284
2090 2284
2089 2284
2088 2284
2087 2284
2086 2284
2085 2284
2084 2284
2083 2284
2082 2284
2081 2284
2080 2284
2079 2284
2078 2284
2077 2284
2076 2284
2075 2284
2074 2284
2073 2284
2072 2284
2071 2284
2070 2284
2069 2284
2068 2285
2067 2285
2066 2286
2065 2286
2064 2287
2063 2287
2062 2287
2061 2287
2060 2287
2059 2287
2058 2288
2057 2288
2056 2288
2055 2288
2054 2289
2053 2289
2052 2289
2051 2290
2050 2290
2049 2290
2048 2291
2047 2291
2046 2291
2045 2291
2044 2292
2043 2292
2042 2293
2041 2293
2040 2293
2039 2294
2038 2294
2037 2295
2036 2295
2035 2296
2034 2297
2033 2297
2032 2298
2031 2298
2030 2299
2029 2299
2028 2300
2027 2301
2026 2301
2025 2302
2024 2302
2023 2303
2022 2303
2021 2303
2020 2303
2019 2303
2018 2304
2017 2304
2016 2304
2015 2304
2014 2304
2013 2304
2012 2304
2011 2304
2010 2305
2009 2305
2008 2306
2007 2306
2006 2306
2005 2307
2004 2307
2003 2307
2002 2307
2001 2307
2000 2308
1999 2308
1998 2309
1997 2309
1996 2310
1995 2310
1994 2311
1993 2311
1992 2311
1991 2312
1990 2312
1989 2312
1988 2312
1987 2312
1986 2312
1985 2312
1984 2313
1983 2313
1982 2314
1981 2314
1980 2315
1979 2315
1978 2316
1977 2316
1976 2316
1975 2316
1974 2316
1973 2316
1972 2316
1971 2316
1970 2316
1969 2316
1968 2317
1967 2317
1966 2317
1965 2317
1964 2317
1963 2317
1962 2317
1961 2317
1960 2317
1959 2317
1958 2317
1957 2317
1956 2317
1955 2317
1954 2317
1953 2317
1952 2317
1951 2317
1950 2317
1949 2317
1948 2317
1947 2317
1946 2317
1945 2317
1944 2317
1943 2317
1942 2317
1941 2317
1940 2317
1939 2317
1938 2317
1937 2317
1936 2317
1935 2317
1934 2317
1933 2317
1932 2317
1931 2317
1930 2317
1929 2317
1928 2317
1927 2317
1926 2317
1925 2317
1924 2317
1923 2317
1922 2317
1921 2317
1920 2317
1919 2317
1918 2317
1917 2317
1916 2317
1915 2317
1914 2317
1913 2317
1912 2317
1911 2317
1910 2317
1909 2317
1908 2317
1907 2317
1906 2317
1905 2317
1904 2317
1903 2317
1902 2317
1901 2317
1900 2317
1899 2317
1898 2317
1897 2317
1896 2317
1895 2317
1894 2317
1893 2317
1892 2317
1891 2317
1890 2317
1889 2317
1888 2317
1887 2317
1886 2317
1885 2317
1884 2317
1883 2317
1882 2317
1881 2317
1880 2317
1879 2317
1878 2316
1877 2316
1876 2315
1875 2315
1874 2315
1873 2314
1872 2314
1871 2314
1870 2313
1869 2312
1868 2312
1867 2311
1866 2311
1865 2310
1864 2310
1863 2310
1862 2310
1861 2310
1860 2309
1859 2309
1858 2309
1857 2309
1856 2309
1855 2309
1854 2309
1853 2309
1852 2309
1851 2309
1850 2309
1849 2309
1848 2309
1847 2309
1846 2309
1845 2309
1844 2309
1843 2309
1842 2309
1841 2309
1840 2309
1839 2309
1838 2309
1837 2309
1836 2309
1835 2309
1834 2309
1833 2309
1832 2309
1831 2309
1830 2309
1829 2309
1828 2309
1827 2308
1826 2308
1825 2308
1824 2308
1823 2308
1822 2308
1821 2308
1820 2308
1819 2309
1818 2309
1817 2309
1816 2310
1815 2310
1814 2310
1813 2311
1812 2311
1811 2311
1810 2311
1809 2311
1808 2312
1807 2312
1806 2312
1805 2312
1804 2312
1803 2312
1802 2312
1801 2312
1800 2312
1799 2312
1798 2312
1797 2312
1796 2312
1795 2312
1794 2312
1793 2312
1792 2312
1791 2312
1790 2312
1789 2312
1788 2312
1787 2313
1786 2313
1785 2313
1784 2313
1783 2313
1782 2313
1781 2313
1780 2313
1779 2313
1778 2313
1777 2313
1776 2312
1775 2312
1774 2312
1773 2311
1772 2311
1771 2311
1770 2310
1769 2310
1768 2310
1767 2310
1766 2310
1765 2309
1764 2309
1763 2309
1762 2309
1761 2309
1760 2309
1759 2309
1758 2309
1757 2309
1756 2308
1755 2308
1754 2308
1753 2307
1752 2307
1751 2306
1750 2306
1749 2306
1748 2306
1747 2306
1746 2305
1745 2305
1744 2305
1743 2305
1742 2305
1741 2305
1740 2305
1739 2304
1738 2304
1737 2303
1736 2303
1735 2302
1734 2302
1733 2302
1732 2302
1731 2301
1730 2301
1729 2301
1728 2301
1727 2301
1726 2301
1725 2301
1724 2301
1723 2301
1722 2301
1721 2301
1720 2301
1719 2300
1718 2300
1717 2299
1716 2299
1715 2299
1714 2298
1713 2298
1712 2298
1711 2297
1710 2297
1709 2297
1708 2297
1707 2297
1706 2297
1705 2296
1704 2296
1703 2295
1702 2295
1701 2294
1700 2294
1699 2294
1698 2293
1697 2293
1696 2293
1695 2293
1694 2293
1693 2293
1692 2293
1691 2293
1690 2292
1689 2292
1688 2292
1687 2292
1686 2292
1685 2292
1684 2292
1683 2292
1682 2292
1681 2292
1680 2292
1679 2292
1678 2292
1677 2292
1676 2292
1675 2292
1674 2292
1673 2292
1672 2292
1671 2292
1670 2292
1669 2292
1668 2292
1667 2292
1666 2292
1665 2292
1664 2292
1663 2292
1662 2292
1661 2292
1660 2292
1659 2292
1658 2292
1657 2292
1656 2292
1655 2292
1654 2292
1653 2292
1652 2292
1651 2292
1650 2292
1649 2292
1648 2292
1647 2292
1646 2292
1645 2292
1644 2292
1643 2292
1642 2292
1641 2292
1640 2292
1639 2292
1638 2292
1637 2292
1636 2292
1635 2292
1634 2292
1633 2292
1632 2292
1631 2292
1630 2292
1629 2292
1628 2292
1627 2292
1626 2292
1625 2292
1624 2292
1623 2292
1622 2292
1621 2292
1620 2292
1619 2292
1618 2292
1617 2292
1616 2292
1615 2292
1614 2292
1613 2292
1612 2292
1611 2292
1610 2292
1609 2292
1608 2292
1607 2292
1606 2292
1605 2292
1604 2292
1603 2292
1602 2292
1601 2292
1600 2292
1599 2292
1598 2292
1597 2292
1596 2292
1595 2292
1594 2292
1593 2292
1592 2292
1591 2292
1590 2292
1589 2292
1588 2292
1587 2292
1586 2292
1585 2292
1584 2292
1583 2292
1582 2292
1581 2292
1580 2292
1579 2292
1578 2292
1577 2292
1576 2292
1575 2291
1574 2291
1573 2291
1572 2290
1571 2290
1570 2290
1569 2289
1568 2289
1567 2289
1566 2289
1565 2289
1564 2289
1563 2288
1562 2288
1561 2287
1560 2287
1559 2286
1558 2286
1557 2286
1556 2286
1555 2285
1554 2285
1553 2285
1552 2285
1551 2285
1550 2285
1549 2284
1548 2284
1547 2284
1546 2284
1545 2284
1544 2284
1543 2284
1542 2284
1541 2284
1540 2284
1539 2284
1538 2284
1537 2284
1536 2284
1535 2284
1534 2284
1533 2284
1532 2284
1531 2284
1530 2284
1529 2284
1528 2284
1527 2284
1526 2284
1525 2284
1524 2284
1523 2284
1522 2284
1521 2284
1520 2284
1519 2284
1518 2284
1517 2285
1516 2285
1515 2285
1514 2285
1513 2285
1512 2286
1511 2286
1510 2286
1509 2286
1508 2287
1507 2287
1506 2287
1505 2288
1504 2288
1503 2289
1502 2289
1501 2290
1500 2290
1499 2290
1498 2290
1497 2291
1496 2291
1495 2291
1494 2291
1493 2291
1492 2291
1491 2291
1490 2292
1489 2292
1488 2292
1487 2292
1486 2292
1485 2292
1484 2292
1483 2292
1482 2292
1481 2292
1480 2292
1479 2292
1478 2292
1477 2292
1476 2292
1475 2292
1474 2292
1473 2292
1472 2292
1471 2292
1470 2292
1469 2292
1468 2292
1467 2292
1466 2292
1465 2292
1464 2292
1463 2292
1462 2292
1461 2292
1460 2292
1459 2292
1458 2292
1457 2291
1456 2291
1455 2291
1454 2290
1453 2290
1452 2290
1451 2289
1450 2289
1449 2289
1448 2289
1447 2289
1446 2289
1445 2288
1444 2288
1443 2288
1442 2288
1441 2288
1440 2288
1439 2288
1438 2288
1437 2288
1436 2288
1435 2288
1434 2288
1433 2288
1432 2288
1431 2288
1430 2288
1429 2288
1428 2288
1427 2288
1426 2288
1425 2288
1424 2288
1423 2288
1422 2288
1421 2288
1420 2288
1419 2288
1418 2288
1417 2288
1416 2289
1415 2289
1414 2289
1413 2290
1412 2290
1411 2290
1410 2290
1409 2290
1408 2291
1407 2291
1406 2291
1405 2291
1404 2291
1403 2291
1402 2291
1401 2291
1400 2291
1399 2292
1398 2292
1397 2292
1396 2292
1395 2292
1394 2292
1393 2292
1392 2292
1391 2292
1390 2292
1389 2292
1388 2292
1387 2292
1386 2292
1385 2292
1384 2292
1383 2292
1382 2292
1381 2292
1380 2292
1379 2292
1378 2292
1377 2292
1376 2292
1375 2292
1374 2292
1373 2292
1372 2292
1371 2292
1370 2292
1369 2292
1368 2292
1367 2292
1366 2292
1365 2292
1364 2292
1363 2292
1362 2292
1361 2292
1360 2292
1359 2292
1358 2292
1357 2292
1356 2292
1355 2292
1354 2292
1353 2292
1352 2292
1351 2292
1350 2292
1349 2292
1348 2292
1347 2292
1346 2292
1345 2292
1344 2292
1343 2292
1342 2292
1341 2292
1340 2292
1339 2292
1338 2292
1337 2292
1336 2292
1335 2292
1334 2292
1333 2292
1332 2292
1331 2292
1330 2292
1329 2292
1328 2293
1327 2293
1326 2293
1325 2293
1324 2294
1323 2294
1322 2294
1321 2294
1320 2295
1319 2295
1318 2295
1317 2295
1316 2295
1315 2295
1314 2295
1313 2296
1312 2296
1311 2296
1310 2296
1309 2296
1308 2296
1307 2296
1306 2296
1305 2296
1304 2296
1303 2296
1302 2296
1301 2296
1300 2296
1299 2296
1298 2296
1297 2296
1296 2296
1295 2296
1294 2296
1293 2296
1292 2296
1291 2296
1290 2296
1289 2296
1288 2296
1287 2296
1286 2296
1285 2296
1284 2296
1283 2296
1282 2296
1281 2296
1280 2296
1279 2296
1278 2296
1277 2296
1276 2296
1275 2296
1274 2296
1273 2296
1272 2296
1271 2296
1270 2296
1269 2295
1268 2295
1267 2295
1266 2295
1265 2294
1264 2294
1263 2294
1262 2294
1261 2293
1260 2293
1259 2293
1258 2293
1257 2293
1256 2292
1255 2292
1254 2292
1253 2291
1252 2291
1251 2290
1250 2290
1249 2290
1248 2290
1247 2289
1246 2289
1245 2289
1244 2289
1243 2289
1242 2289
1241 2289
1240 2288
1239 2288
1238 2288
1237 2288
1236 2288
1235 2288
1234 2288
1233 2288
1232 2288
1231 2288
1230 2288
1229 2288
1228 2288
1227 2288
1226 2288
1225 2288
1224 2288
1223 2288
1222 2288
1221 2288
1220 2288
1219 2288
1218 2288
1217 2288
1216 2288
1215 2288
1214 2288
1213 2288
1212 2288
1211 2288
1210 2288
1209 2288
1208 2288
1207 2288
1206 2288
1205 2288
1204 2288
1203 2288
1204 2289
1205 2289
1206 2289
1207 2289
1208 2290
1209 2290
1210 2290
1211 2290
1212 2291
1213 2291
1214 2291
1215 2291
1216 2291
1217 2291
1218 2291
1219 2291
1220 2291
1221 2291
1222 2291
1223 2291
1224 2291
1225 2291
1226 2291
1227 2291
1228 2291
1229 2291
1230 2291
1231 2291
1232 2291
1233 2291
1234 2291
1235 2291
1236 2292
1237 2292
1238 2293
1239 2293
1240 2293
1241 2294
1242 2294
1243 2294
1244 2295
1245 2295
1246 2295
1247 2295
1248 2295
1249 2295
1250 2295
1251 2295
1252 2295
1253 2295
1254 2296
1255 2297
1256 2298
1257 2298
1258 2298
1259 2299
1260 2299
1261 2299
1262 2300
1263 2301
1264 2302
1265 2303
1266 2303
1267 2304
1268 2305
1269 2305
1270 2306
1271 2306
1272 2306
1273 2307
1274 2307
1275 2307
1276 2307
1277 2307
1278 2307
1279 2308
1280 2308
1281 2309
1282 2309
1283 2310
1284 2310
1285 2310
1286 2311
1287 2311
1288 2311
1289 2311
1290 2311
1291 2311
1292 2311
1293 2312
1294 2312
1295 2312
1296 2312
1297 2312
1298 2312
1299 2312
1300 2312
1301 2312
1302 2312
1303 2312
1304 2312
1305 2312
1306 2312
1307 2312
1308 2312
1309 2312
1310 2312
1311 2312
1312 2312
1313 2312
1314 2312
1315 2312
1316 2312
1317 2312
1318 2312
1319 2312
1320 2312
1321 2312
1322 2312
1323 2312
1324 2312
1325 2312
1326 2312
1327 2312
1328 2312
1329 2312
1330 2312
1331 2312
1332 2312
1333 2312
1334 2312
1335 2312
1336 2312
1337 2312
1338 2312
1339 2312
1340 2312
1341 2312
1342 2312
1343 2312
1344 2312
1345 2312
1346 2312
1347 2312
1348 2312
1349 2312
1350 2312
1351 2312
1352 2312
1353 2312
1354 2312
1355 2312
1356 2312
1357 2312
1358 2312
1359 2312
1360 2312
1361 2312
1362 2312
1363 2312
1364 2312
1365 2312
1366 2311
1367 2311
1368 2311
1369 2310
1370 2310
1371 2310
1372 2309
1373 2309
1374 2309
1375 2309
1376 2308
1377 2308
1378 2308
1379 2308
1380 2308
1381 2308
1382 2308
1383 2308
1384 2308
1385 2308
1386 2308
1387 2308
1388 2308
1389 2308
1390 2308
1391 2308
1392 2308
1393 2308
1394 2308
1395 2308
1396 2308
1397 2308
1398 2308
1399 2308
1400 2308
1401 2308
1402 2308
1403 2308
1404 2308
1405 2308
1406 2308
1407 2308
1408 2308
1409 2308
1410 2308
1411 2308
1412 2308
1413 2308
1414 2308
1415 2308
1416 2308
1417 2308
1418 2308
1419 2308
1420 2308
1421 2308
1422 2308
1423 2308
1424 2308
1425 2308
1426 2308
1427 2308
1428 2308
1429 2308
1430 2308
1431 2308
1432 2308
1433 2308
1434 2308
1435 2308
1436 2308
1437 2308
1438 2308
1439 2308
1440 2308
1441 2308
1442 2308
1443 2308
1444 2308
1445 2308
1446 2308
1447 2308
1448 2308
1449 2308
1450 2308
1451 2308
1452 2308
1453 2308
1454 2308
1455 2308
1456 2308
1457 2308
1458 2308
1459 2308
1460 2308
1461 2308
1462 2308
1463 2308
1464 2308
1465 2308
1466 2308
1467 2308
1468 2308
1469 2308
1470 2308
1471 2308
1472 2308
1473 2308
1474 2308
1475 2308
1476 2308
1477 2308
1478 2308
1479 2308
1480 2308
1481 2308
1482 2308
1483 2308
1484 2308
1485 2308
1486 2308
1487 2308
1488 2308
1489 2308
1490 2308
1491 2308
1492 2308
1493 2308
1494 2308
1495 2308
1496 2308
1497 2308
1498 2308
1499 2309
1500 2309
1501 2309
1502 2310
1503 2310
1504 2310
1505 2310
1506 2311
1507 2311
1508 2311
1509 2311
1510 2311
1511 2311
1512 2311
1513 2311
1514 2311
1515 2311
1516 2311
1517 2312
1518 2312
1519 2312
1520 2312
1521 2312
1522 2312
1523 2312
1524 2312
1525 2312
1526 2312
1527 2312
1528 2313
1529 2313
1530 2314
1531 2314
1532 2314
1533 2314
1534 2315
1535 2315
1536 2315
1537 2315
1538 2315
1539 2315
1540 2315
1541 2315
1542 2315
1543 2315
1544 2316
1545 2316
1546 2316
1547 2316
1548 2316
1549 2316
1550 2316
1551 2316
1552 2316
1553 2316
1554 2316
1555 2316
1556 2317
1557 2318
1558 2318
1559 2319
1560 2320
1561 2321
1562 2322
1563 2322
1564 2322
1565 2323
1566 2323
1567 2323
1568 2323
1569 2323
1570 2323
1571 2324
1572 2324
1573 2324
1574 2324
1575 2324
1576 2324
1577 2325
1578 2325
1579 2326
1580 2326
1581 2327
1582 2327
1583 2327
1584 2327
1585 2327
1586 2327
1587 2328
1588 2328
1589 2328
1590 2328
1591 2328
1592 2328
1593 2329
1594 2330
1595 2330
1596 2331
1597 2331
1598 2331
1599 2331
1600 2332
1601 2332
1602 2332
1603 2332
1604 2332
1605 2332
1606 2332
1607 2332
1608 2332
1609 2332
1610 2332
1611 2333
1612 2333
1613 2334
1614 2334
1615 2335
1616 2335
1617 2335
1618 2335
1619 2336
1620 2336
1621 2337
1622 2337
1623 2338
1624 2339
1625 2339
1626 2340
1627 2341
1628 2341
1629 2342
1630 2342
1631 2342
1632 2343
1633 2343
1634 2343
1635 2343
1636 2344
1637 2344
1638 2344
1639 2344
1640 2344
1641 2345
1642 2345
1643 2345
1644 2346
1645 2346
1646 2347
1647 2347
1648 2347
1649 2348
1650 2348
1651 2349
1652 2349
1653 2350
1654 2350
1655 2351
1656 2351
1657 2352
1658 2352
1659 2353
1660 2354
1661 2354
1662 2355
1663 2355
1664 2356
1665 2356
1666 2356
1667 2356
1668 2356
1669 2356
1670 2356
1671 2356
1672 2356
1673 2356
1674 2357
1675 2357
1676 2357
1677 2357
1678 2357
1679 2357
1680 2357
1681 2357
1682 2357
1683 2357
1684 2357
1685 2357
1686 2357
1687 2357
1688 2357
1689 2357
1690 2358
1691 2358
1692 2358
1693 2359
1694 2359
1695 2360
1696 2360
1697 2360
1698 2360
1699 2360
1700 2360
1701 2360
1702 2361
1703 2361
1704 2361
1705 2361
1706 2361
1707 2361
1708 2362
1709 2362
1710 2363
1711 2364
1712 2365
1713 2366
1714 2366
1715 2367
1716 2367
1717 2367
1718 2368
1719 2368
1720 2369
1721 2369
1722 2370
1723 2370
1724 2371
1725 2371
1726 2371
1727 2372
1728 2372
1729 2372
1730 2372
1731 2372
1732 2373
1733 2373
1734 2373
1735 2373
1736 2373
1737 2373
1738 2373
1739 2373
1740 2373
1741 2373
1742 2374
1743 2374
1744 2375
1745 2375
1746 2375
1747 2376
1748 2376
1749 2376
1750 2376
1751 2377
1752 2377
1753 2377
1754 2377
1755 2377
1756 2377
1757 2377
1758 2377
1759 2377
1760 2377
1761 2377
1762 2377
1763 2377
1764 2377
1765 2377
1766 2377
1767 2377
1768 2377
1769 2378
1770 2378
1771 2379
1772 2379
1773 2380
1774 2380
1775 2380
1776 2380
1777 2381
1778 2381
1779 2382
1779 2383
1780 2384
1781 2385
1782 2386
1782 2387
1783 2388
1784 2389
1785 2390
1786 2391
1787 2391
1788 2392
1789 2392
1790 2393
1791 2394
1792 2395
1793 2395
1794 2396
1795 2397
1796 2397
1797 2398
1798 2398
1799 2398
1800 2398
1801 2398
1802 2398
1803 2398
1804 2398
1805 2398
1806 2398
1807 2398
1808 2398
1809 2398
1810 2398
1811 2398
1812 2398
1813 2398
1814 2398
1815 2398
1816 2398
1817 2398
1818 2398
1819 2398
1820 2398
1821 2398
1822 2398
1823 2398
1824 2398
1825 2398
1826 2398
1827 2398
1828 2398
1829 2398
1830 2398
1831 2398
1832 2398
1833 2398
1834 2398
1835 2398
1836 2398
1837 2398
1838 2398
1839 2398
1840 2398
1841 2398
1842 2398
1843 2398
1844 2398
1845 2398
1846 2398
1847 2398
1848 2398
1849 2398
1850 2398
1851 2398
1852 2398
1853 2398
1854 2398
1855 2398
1856 2398
1857 2399
1858 2400
1859 2400
1860 2401
1861 2402
1862 2402
1863 2403
1864 2403
1865 2404
1866 2405
1867 2405
1868 2406
1869 2406
1870 2407
1871 2407
1872 2408
1873 2408
1874 2409
1875 2409
1876 2410
1877 2411
1878 2411
1879 2412
1880 2412
1881 2412
1882 2413
1883 2413
1884 2413
1885 2414
1886 2414
1887 2415
1888 2415
1889 2416
1890 2416
1891 2416
1892 2417
1893 2417
1894 2417
1895 2418
1896 2418
1897 2419
1898 2420
1899 2420
1900 2420
1901 2421
1902 2421
1903 2421
1904 2422
1905 2422
1906 2422
1907 2422
1908 2422
1909 2423
1910 2423
1911 2423
1912 2424
1913 2424
1914 2425
1915 2425
1916 2425
1917 2426
1918 2426
1919 2426
1920 2426
1921 2426
1922 2427
1923 2427
1924 2427
1925 2428
1926 2428
1927 2428
1928 2429
1929 2429
1930 2429
1931 2429
1932 2430
1933 2430
1934 2430
1935 2430
1936 2430
1937 2430
1938 2430
1939 2430
1940 2430
1941 2430
1942 2430
1943 2430
1944 2431
1945 2431
1946 2431
1947 2431
1948 2431
1949 2431
1950 2431
1951 2431
1952 2431
1953 2431
1954 2431
1955 2431
1956 2431
1957 2431
1958 2431
1959 2431
1960 2431
1961 2431
1962 2431
1963 2431
1964 2431
1965 2431
1966 2431
1967 2431
1968 2431
1969 2431
1970 2431
1971 2431
1972 2431
1973 2431
1974 2431
1975 2431
1976 2431
1977 2431
1978 2431
1979 2432
1980 2433
1981 2433
1982 2434
1983 2435
1984 2436
1985 2436
1986 2437
1987 2437
1988 2438
1989 2438
1990 2439
1991 2439
1992 2440
1993 2440
1994 2441
1995 2441
1996 2442
1997 2443
1998 2444
1999 2445
2000 2445
2001 2446
2002 2446
2003 2447
2004 2448
2005 2448
2006 2449
2007 2449
2008 2449
2009 2450
2010 2450
2011 2450
2012 2450
2013 2450
2014 2450
2015 2450
2016 2451
2017 2451
2018 2451
2019 2451
2020 2451
2021 2451
2022 2451
2023 2451
2024 2451
2025 2451
2026 2451
2027 2451
2028 2451
2029 2451
2030 2451
2031 2451
2032 2451
2033 2451
2034 2451
2035 2451
2036 2451
2037 2451
2038 2451
2039 2451
2040 2451
2041 2451
2042 2451
2043 2451
2044 2451
2045 2451
2046 2451
2047 2451
2048 2451
2049 2451
2050 2451
2051 2451
2052 2451
2053 2451
2054 2451
2055 2451
2056 2451
2057 2451
2058 2451
2059 2451
2060 2451
2061 2451
2062 2451
2063 2451
2064 2451
2065 2451
2066 2451
2067 2451
2068 2451
2069 2451
2070 2451
2071 2451
2072 2451
2073 2451
2074 2451
2075 2451
2076 2451
2077 2451
2078 2451
2079 2451
2080 2451
2081 2451
2082 2451
2083 2451
2084 2451
2085 2451
2086 2451
2087 2451
2088 2451
2089 2451
2090 2451
2091 2451
2092 2451
2093 2451
2094 2451
2095 2451
2096 2451
2097 2451
2098 2451
2099 2451
2100 2451
2101 2451
2102 2451
2103 2451
2104 2451
2105 2451
2106 2451
2107 2451
2108 2451
2109 2451
2110 2451
2111 2451
2112 2451
2113 2451
2114 2451
2115 2451
2116 2451
2117 2451
2118 2451
2119 2451
2120 2451
2121 2451
2122 2451
2123 2451
2124 2451
2125 2451
2126 2451
2127 2451
2128 2451
2129 2451
2130 2451
2131 2451
2132 2451
2133 2451
2134 2451
2135 2450
2136 2450
2137 2449
2138 2449
2139 2449
2140 2449
2141 2448
2142 2448
2143 2448
2144 2448
2145 2448
2146 2448
2147 2448
2148 2448
2149 2448
2150 2447
2151 2447
2152 2447
2153 2447
2154 2447
2155 2447
2156 2447
2157 2447
2158 2447
2159 2447
2160 2447
2161 2447
2162 2447
2163 2447
2164 2447
2165 2447
2166 2447
2167 2447
2168 2447
2169 2447
2170 2447
2171 2447
2172 2447
2173 2448
2174 2448
2175 2449
2176 2449
2177 2450
2178 2451
2179 2452
2180 2452
2181 2453
2182 2453
2183 2454
2184 2455
2184 2456
2185 2457
2185 2458
2185 2459
2186 2460
2187 2461
2188 2462
2189 2463
2189 2464
2190 2465
2190 2466
2190 2467
2191 2467
2192 2466
2193 2465
2194 2465
2195 2464
2196 2463
2197 2462
2198 2462
2199 2461
2200 2461
2201 2461
2202 2461
2203 2460
2204 2459
2205 2458
2205 2457
2206 2456
2207 2455
2208 2454
2209 2453
2210 2453
2211 2452
2212 2452
2213 2452
2214 2452
2215 2452
2216 2452
2217 2452
2218 2452
2219 2452
2220 2452
2221 2451
2222 2452
2223 2452
2224 2452
2225 2452
2226 2452
2227 2453
2228 2453
2229 2453
2230 2454
2231 2454
2232 2454
2233 2454
2234 2454
2235 2454
2236 2455
2237 2455
2238 2455
2239 2455
2240 2455
2241 2455
2242 2455
2243 2455
2244 2455
2245 2455
2246 2455
2247 2455
2248 2454
2249 2454
2250 2454
2251 2453
2252 2453
2253 2453
2254 2453
2255 2452
2256 2452
2257 2452
2258 2451
2259 2451
2260 2450
2261 2450
2262 2449
2263 2449
2264 2448
2265 2447
2266 2447
2267 2446
2268 2445
2269 2444
2270 2444
2271 2443
2272 2442
2273 2441
2273 2440
2274 2439
2275 2439
2276 2438
2277 2437
2278 2436
2279 2435
2280 2435
2281 2434
2282 2433
2283 2432
2284 2432
2285 2432
2286 2432
2287 2431
2288 2431
2289 2430
2290 2430
2291 2429
2292 2429
2293 2428
2294 2428
2295 2428
2296 2428
2297 2427
2298 2427
2299 2427
2300 2427
2301 2427
2302 2427
2303 2427
2304 2427
2305 2427
2306 2427
2307 2427
2308 2427
2309 2427
2310 2427
2311 2427
2312 2427
2313 2427
2314 2427
2315 2427
2316 2427
2317 2427
2318 2427
2319 2427
2320 2427
2321 2427
2322 2427
2323 2427
2324 2427
2325 2427
2326 2427
2327 2427
2328 2427
2329 2427
2330 2427
2331 2427
2332 2427
2333 2427
2334 2427
2335 2427
2336 2428
2337 2428
2338 2428
2339 2429
2340 2429
2341 2429
2342 2430
2343 2430
2344 2430
2345 2430
2346 2430
2347 2430
2348 2430
2349 2430
2350 2430
2351 2430
2352 2431
2353 2431
2354 2431
2355 2432
2356 2432
2357 2433
2358 2433
2359 2433
2360 2433
2361 2434
2362 2434
2363 2434
2364 2434
2365 2434
2366 2434
2367 2434
2368 2435
2369 2435
2370 2435
2371 2436
2372 2436
2373 2437
2374 2437
2375 2437
2376 2437
2377 2438
2378 2438
2379 2438
2380 2438
2381 2438
2382 2438
2383 2438
2384 2439
2385 2439
2386 2440
2387 2440
2388 2441
2389 2441
2390 2442
2391 2443
2392 2444
2393 2445
2394 2445
2395 2445
2396 2446
2397 2447
2398 2448
2399 2449
2400 2449
2401 2450
2402 2450
2403 2451
2404 2451
2405 2452
2406 2452
2407 2453
2408 2453
2409 2454
2410 2454
2411 2455
2412 2456
2413 2456
2414 2457
2415 2457
2416 2458
2417 2459
2418 2460
2419 2460
2420 2461
2421 2461
2422 2461
2423 2462
2424 2462
2425 2462
2426 2462
2427 2462
2428 2463
2429 2463
2430 2463
2431 2464
2432 2464
2433 2465
2434 2465
2435 2465
2436 2466
2437 2466
2438 2466
2439 2466
2440 2466
2441 2467
2442 2467
2443 2467
2444 2467
2445 2467
2446 2467
2447 2467
2448 2467
2449 2467
2450 2467
2451 2467
2452 2467
2453 2468
2454 2468
2455 2468
2456 2468
2457 2469
2458 2469
2459 2469
2460 2470
2461 2470
2462 2470
2463 2470
2464 2471
2465 2471
2466 2471
2467 2471
2468 2472
2469 2472
2470 2473
2471 2473
2472 2474
2473 2475
2474 2475
2475 2476
2476 2476
2477 2477
2478 2477
2479 2478
2480 2478
2481 2478
2482 2478
2483 2479
2484 2479
2485 2479
2486 2479
2487 2479
2488 2479
2489 2480
2490 2480
2491 2480
2492 2481
2493 2481
2494 2482
2495 2482
2496 2482
2497 2483
2498 2483
2499 2483
2500 2484
2501 2484
2502 2485
2503 2485
2504 2485
2505 2485
2506 2486
2507 2486
2508 2487
2509 2487
2510 2488
2511 2488
2512 2489
2513 2489
2514 2489
2515 2490
2516 2490
2517 2490
2518 2491
2519 2491
2520 2491
2521 2491
2522 2491
2523 2491
2524 2491
2525 2492
2526 2492
2527 2492
2528 2492
2529 2492
2530 2492
2531 2492
2532 2493
2533 2493
2534 2493
2535 2494
2536 2494
2537 2494
2538 2495
2539 2495
2540 2495
2541 2495
2542 2495
2543 2495
2544 2495
2545 2496
2546 2496
2547 2496
2548 2496
2549 2496
2550 2496
2551 2496
2552 2496
2553 2496
2554 2496
2555 2496
2556 2496
2557 2496
2558 2496
2559 2496
2560 2496
2561 2496
2562 2496
2563 2496
2564 2496
2565 2496
2566 2496
2567 2496
2568 2497
2569 2497
2570 2498
2571 2498
2572 2498
2573 2499
2574 2499
2575 2499
2576 2500
2577 2500
2578 2501
2579 2501
2580 2501
2581 2502
2582 2502
2583 2503
2584 2504
2585 2504
2586 2505
2587 2505
2588 2506
2589 2507
2590 2507
2591 2508
2592 2509
2593 2509
2594 2509
2595 2510
2596 2510
2597 2511
2598 2511
2599 2511
2600 2511
2601 2512
2602 2512
2603 2513
2604 2513
2605 2514
2606 2514
2607 2514
2608 2515
2609 2515
2610 2515
2611 2515
2612 2516
2613 2516
2614 2516
2615 2516
2616 2517
2617 2517
2618 2517
2619 2518
2620 2518
2621 2519
2622 2519
2623 2519
2624 2519
2625 2519
2626 2520
2627 2520
2628 2520
2629 2520
2630 2521
2631 2521
2632 2522
2633 2522
2634 2522
2635 2523
2636 2524
2637 2524
2638 2525
2639 2525
2640 2526
2641 2526
2642 2526
2643 2527
2644 2527
2645 2527
2646 2528
2647 2528
2648 2529
2649 2529
2650 2530
2651 2530
2652 2531
2653 2531
2654 2531
2655 2531
2656 2532
2657 2532
2658 2532
2659 2532
2660 2532
2661 2532
2662 2532
2663 2533
2664 2533
2665 2533
2666 2534
2667 2534
2668 2534
2669 2535
2670 2535
2671 2535
2672 2535
2673 2536
2674 2536
2675 2536
2676 2536
2677 2536
2678 2536
2679 2536
2680 2537
2681 2537
2682 2537
2683 2538
2684 2538
2685 2539
2686 2539
2687 2539
2688 2540
2689 2540
2690 2540
2691 2540
2692 2540
2693 2541
2694 2541
2695 2541
2696 2542
2697 2543
2698 2543
2699 2543
2700 2544
2701 2544
2702 2544
2703 2545
2704 2545
2705 2546
2706 2546
2707 2547
2708 2547
2709 2548
2710 2548
2711 2549
2712 2549
2713 2550
2714 2550
2715 2551
2716 2551
2717 2552
2718 2552
2719 2553
2720 2553
2721 2554
2722 2555
2723 2556
2724 2557
2725 2558
2726 2558
2727 2559
2728 2559
2729 2560
2730 2560
2731 2561
2732 2562
2733 2563
2734 2563
2735 2564
2736 2565
2737 2566
2738 2566
2739 2567
2740 2567
2741 2568
2742 2568
2743 2569
2744 2569
2745 2570
2746 2570
2747 2571
2748 2572
2749 2573
2750 2573
2751 2574
2752 2575
2753 2576
2754 2576
2755 2576
2756 2576
2757 2577
2758 2577
2759 2577
2760 2577
2761 2577
2762 2578
2763 2578
2764 2578
2765 2579
2766 2579
2767 2580
2768 2580
2769 2580
2770 2581
2771 2581
2772 2581
2773 2581
2774 2581
2775 2581
2776 2582
2777 2582
2778 2582
2779 2582
2780 2582
2781 2582
2782 2582
2783 2582
2784 2583
2785 2583
2786 2583
2787 2584
2788 2584
2789 2584
2790 2585
2791 2585
2792 2585
2793 2585
2794 2586
2795 2586
2796 2586
2797 2586
2798 2586
2799 2587
2800 2587
2801 2588
2802 2588
2803 2588
2804 2589
2805 2589
2806 2589
2807 2589
2808 2589
2809 2590
2810 2590
2811 2590
2812 2590
2813 2590
2814 2590
2815 2590
2816 2590
2817 2591
2818 2591
2819 2592
2820 2592
2821 2592
2822 2593
2823 2593
2824 2593
2825 2593
2826 2593
2827 2594
2828 2594
2829 2594
2830 2594
2831 2594
2832 2594
2833 2594
2834 2594
2835 2595
2836 2595
2837 2596
2838 2596
2839 2597
2840 2597
2841 2597
2842 2597
2843 2598
2844 2598
2845 2598
2846 2598
2847 2598
2848 2598
2849 2598
2850 2598
2851 2599
2852 2599
2853 2599
2854 2599
2855 2599
2856 2599
2857 2599
2858 2599
2859 2599
2860 2599
2861 2599
2862 2599
2863 2599
2864 2599
2865 2600
2866 2600
2867 2600
2868 2601
2869 2601
2870 2601
2871 2602
2872 2602
2873 2602
2874 2602
2875 2602
2876 2602
2877 2602
2878 2602
2879 2603
2880 2603
2881 2603
2882 2604
2883 2604
2884 2605
2885 2605
2886 2605
2887 2606
2888 2606
2889 2606
2890 2606
2891 2606
2892 2606
2893 2606
2894 2607
2895 2607
2896 2607
2897 2607
2898 2607
2899 2607
2900 2607
2901 2607
2902 2607
2903 2607
2904 2607
2905 2607
2906 2607
2907 2607
2908 2607
2909 2607
2910 2607
2911 2607
2912 2607
2913 2607
2914 2607
2915 2608
2916 2608
2917 2608
2918 2609
2919 2609
2920 2609
2921 2609
2922 2610
2923 2610
2924 2610
2925 2610
2926 2610
2927 2610
2928 2610
2929 2611
2930 2611
2931 2611
2932 2611
2933 2611
2934 2611
2935 2611
2936 2611
2937 2611
2938 2611
2939 2611
2940 2611
2941 2611
2942 2611
2943 2611
2944 2611
2945 2611
2946 2611
2947 2611
2948 2611
2949 2611
2950 2611
2951 2611
2952 2611
2953 2611
2954 2611
2955 2611
2956 2611
2957 2611
2958 2611
2959 2611
2960 2611
2961 2611
2962 2611
2963 2611
2964 2611
2965 2611
2966 2611
2967 2611
2968 2611
2969 2611
2970 2611
2971 2611
2972 2611
2973 2611
2974 2611
2975 2611
2976 2611
2977 2611
2978 2611
2979 2611
2980 2611
2981 2611
2982 2611
2983 2611
2984 2611
2985 2611
2986 2611
2987 2611
2988 2611
2989 2611
2990 2611
2991 2611
2992 2611
2993 2611
2994 2611
2995 2611
2996 2611
2997 2611
2998 2611
2999 2611
3000 2611
3001 2611
3002 2611
3003 2611
3004 2611
3005 2611
3006 2611
3007 2611
3008 2611
3009 2611
3010 2611
3011 2611
3012 2611
3013 2611
3014 2610
3015 2610
3016 2610
3017 2610
3018 2609
3019 2609
3020 2609
3021 2609
3022 2608
3023 2608
3024 2608
3025 2608
3026 2608
3027 2608
3028 2608
3029 2608
3030 2608
3031 2608
3032 2608
3033 2607
3034 2607
3035 2607
3036 2607
3037 2607
3038 2606
3039 2606
3040 2605
3041 2605
3042 2605
3043 2605
3044 2604
3045 2604
3046 2604
3047 2604
3048 2604
3049 2603
3050 2603
3051 2603
3052 2602
3053 2601
3054 2600
3055 2599
3056 2599
3057 2599
3057 2598
3058 2597
3059 2596
3060 2595
3061 2594
3062 2594
3063 2593
3064 2593
3065 2592
3066 2592
3067 2592
3068 2591
3069 2590
3070 2590
3071 2589
3072 2589
3073 2588
3074 2588
3075 2588
3076 2588
3077 2588
3078 2587
3079 2587
3080 2587
3081 2586
3082 2586
3083 2585
3084 2585
3085 2584
3086 2583
3087 2583
3087 2582
3088 2581
3089 2580
3090 2580
3091 2579
3092 2578
3093 2578
3094 2577
3095 2577
3096 2577
3097 2576
3098 2576
3099 2575
3100 2575
3101 2575
3102 2574
3103 2573
3104 2573
3105 2572
3106 2571
3107 2571
3108 2570
3109 2569
3110 2569
3111 2568
3112 2568
3113 2568
3114 2568
3115 2567
3116 2566
3117 2566
3117 2565
3118 2564
3119 2563
3120 2562
3121 2561
3122 2560
3123 2559
3124 2558
3125 2557
3125 2556
3126 2555
3127 2554
3128 2553
3128 2552
3129 2551
3130 2550
3131 2549
3131 2548
3132 2547
3133 2546
3133 2545
3134 2544
3135 2543
3136 2542
3136 2541
3137 2540
3138 2539
3138 2538
3139 2537
3139 2536
3140 2535
3140 2534
3141 2533
3142 2532
3142 2531
3143 2530
3144 2529
3145 2528
3145 2527
3146 2526
3147 2525
3147 2524
3148 2523
3148 2522
3149 2521
3149 2520
3150 2519
3150 2518
3151 2517
3152 2516
3152 2515
3153 2514
3154 2513
3154 2512
3155 2511
3155 2510
3155 2509
3156 2508
3156 2507
3156 2506
3156 2505
3157 2504
3157 2503
3157 2502
3157 2501
3158 2500
3158 2499
3158 2498
3159 2497
3159 2496
3159 2495
3160 2494
3160 2493
3160 2492
3160 2491
3160 2490
3161 2489
3161 2488
3161 2487
3161 2486
3161 2485
3161 2484
3161 2483
3161 2482
3162 2481
3162 2480
3162 2479
3162 2478
3163 2477
3163 2476
3163 2475
3164 2474
3164 2473
3164 2472
3164 2471
3165 2470
3165 2469
3165 2468
3165 2467
3166 2466
3166 2465
3167 2464
3167 2463
3167 2462
3168 2461
3168 2460
3168 2459
3169 2458
3169 2457
3169 2456
3169 2455
3169 2454
3169 2453
3169 2452
3169 2451
3170 2450
3170 2449
3170 2448
3171 2447
3171 2446
3171 2445
3172 2444
3172 2443
3173 2442
3173 2441
3173 2440
3174 2439
3174 2438
3175 2437
3175 2436
3176 2435
3176 2434
3177 2433
3178 2432
3178 2431
3179 2430
3179 2429
3180 2428
3180 2427
3181 2426
3181 2425
3182 2424
3182 2423
3183 2422
3183 2421
3183 2420
3184 2419
3184 2418
3184 2417
3185 2416
3185 2415
3185 2414
3186 2413
3186 2412
3187 2411
3187 2410
3188 2409
3188 2408
3188 2407
3188 2406
3189 2405
3189 2404
3189 2403
3189 2402
3190 2401
3190 2400
3191 2399
3191 2398
3192 2397
3193 2396
3194 2395
3195 2394
3195 2393
3196 2392
3196 2391
3196 2390
3197 2389
3197 2388
3197 2387
3198 2386
3198 2385
3198 2384
3199 2383
3199 2382
3200 2381
3200 2380
3201 2379
3201 2378
3202 2377
3203 2376
3203 2375
3204 2374
3204 2373
3204 2372
3205 2371
3206 2370
3206 2369
3207 2368
3207 2367
3208 2366
3208 2365
3209 2364
3209 2363
3209 2362
3210 2361
3210 2360
3210 2359
3210 2358
3210 2357
3211 2356
3211 2355
3212 2354
3213 2353
3213 2352
3214 2351
3214 2350
3215 2349
3216 2348
3216 2347
3217 2346
3218 2345
3218 2344
3219 2343
3220 2342
3220 2341
3221 2340
3221 2339
3221 2338
3221 2337
3222 2336
3222 2335
3222 2334
3223 2333
3223 2332
3223 2331
3224 2330
3224 2329
3225 2328
3225 2327
3225 2326
3226 2325
3226 2324
3226 2323
3226 2322
3226 2321
3227 2320
3227 2319
3227 2318
3227 2317
3227 2316
3227 2315
3228 2314
3228 2313
3228 2312
3229 2311
3229 2310
3229 2309
3230 2308
3230 2307
3230 2306
3230 2305
3230 2304
3230 2303
3231 2302
3231 2301
3231 2300
3231 2299
3231 2298
3231 2297
3231 2296
3231 2295
3231 2294
3231 2293
3231 2292
3231 2291
3231 2290
3231 2289
3231 2288
3231 2287
3231 2286
3231 2285
3231 2284
3231 2283
3231 2282
3231 2281
3232 2280
3232 2279
3232 2278
3232 2277
3232 2276
3232 2275
3232 2274
3232 2273
3232 2272
3232 2271
3232 2270
3232 2269
3232 2268
3232 2267
3232 2266
3232 2265
3232 2264
3232 2263
3232 2262
3232 2261
3232 2260
3232 2259
3232 2258
3232 2257
3232 2256
3232 2255
3232 2254
3232 2253
3232 2252
3232 2251
3232 2250
3232 2249
3232 2248
3232 2247
3232 2246
3232 2245
3232 2244
3232 2243
3232 2242
3232 2241
3232 2240
3232 2239
3232 2238
3232 2237
3232 2236
3232 2235
3232 2234
3232 2233
3232 2232
3232 2231
3232 2230
3232 2229
3232 2228
3232 2227
3232 2226
3232 2225
3232 2224
3232 2223
3232 2222
3232 2221
3232 2220
3232 2219
3232 2218
3232 2217
3232 2216
3232 2215
3232 2214
3232 2213
3232 2212
3233 2211
3233 2210
3233 2209
3233 2208
3233 2207
3234 2206
3234 2205
3234 2204
3234 2203
3234 2202
3234 2201
3234 2200
3235 2199
3235 2198
3235 2197
3235 2196
3235 2195
3235 2194
3235 2193
3235 2192
3235 2191
3235 2190
3235 2189
3235 2188
3235 2187
3235 2186
3235 2185
3236 2184
3236 2183
3236 2182
3236 2181
3236 2180
3236 2179
3236 2178
3236 2177
3236 2176
3236 2175
3236 2174
3236 2173
3236 2172
3236 2171
3236 2170
3236 2169
3236 2168
3236 2167
3236 2166
3236 2165
3236 2164
3236 2163
3236 2162
3236 2161
3236 2160
3236 2159
3236 2158
3236 2157
3236 2156
3236 2155
3236 2154
3236 2153
3236 2152
3236 2151
3236 2150
3236 2149
3236 2148
3236 2147
3236 2146
3236 2145
3236 2144
3236 2143
3236 2142
3236 2141
3236 2140
3236 2139
3236 2138
3236 2137
3236 2136
3236 2135
3236 2134
3236 2133
3236 2132
3236 2131
3236 2130
3236 2129
3236 2128
3236 2127
3236 2126
3236 2125
3236 2124
3236 2123
3236 2122
3236 2121
3236 2120
3236 2119
3236 2118
3236 2117
3236 2116
3236 2115
3236 2114
3236 2113
3236 2112
3236 2111
3236 2110
3236 2109
3236 2108
3236 2107
3236 2106
3236 2105
3236 2104
3236 2103
3236 2102
3236 2101
3236 2100
3236 2099
3236 2098
3236 2097
3236 2096
3236 2095
3236 2094
3236 2093
3236 2092
3236 2091
3236 2090
3236 2089
3236 2088
3236 2087
3236 2086
3236 2085
3236 2084
3236 2083
3236 2082
3236 2081
3236 2080
3236 2079
3236 2078
3236 2077
3236 2076
3236 2075
3236 2074
3236 2073
3236 2072
3236 2071
3236 2070
3236 2069
3236 2068
3236 2067
3236 2066
3236 2065
3236 2064
3236 2063
3236 2062
3236 2061
3236 2060
3236 2059
3236 2058
3236 2057
3236 2056
3236 2055
3236 2054
3236 2053
3236 2052
3236 2051
3236 2050
3236 2049
3235 2048
3235 2047
3234 2046
3234 2045
3233 2044
3233 2043
3232 2042
3231 2041
3230 2041
3229 2040
3228 2040
3227 2039
3226 2038
3225 2038
3224 2037
3223 2037
3222 2036
3221 2036
3220 2035
3219 2035
3218 2034
3217 2034
3216 2033
3215 2032
3214 2032
3213 2031
3212 2031
3211 2030
3210 2030
3209 2029
3208 2029
3207 2028
3206 2028
3205 2027
3204 2026
3203 2026
3202 2025
3201 2025
3200 2024
3199 2024
3198 2023
3197 2023
3196 2022
3195 2022
3194 2021
3193 2020
3192 2020
3191 2019
3190 2019
3189 2018
3188 2018
3187 2017
3186 2017
3185 2016
3184 2015
3183 2015
3182 2014
3181 2014
3180 2013
3179 2013
3178 2012
3177 2012
3176 2011
3175 2011
3174 2010
3173 2009
3172 2009
3171 2008
3170 2008
3169 2007
3168 2007
3167 2006
3166 2006
3165 2005
3164 2005
3163 2004
3162 2003
3161 2003
3160 2002
3159 2002
3158 2001
3157 2001
3156 2000
3155 2000
3154 1999
3153 1998
3152 1998
3151 1997
3150 1997
3149 1996
3148 1996
3147 1995
3146 1995
3145 1994
3144 1994
3143 1993
3142 1992
3141 1992
3140 1991
3139 1991
3138 1990
3137 1990
3136 1989
3135 1989
3134 1988
3133 1987
3132 1987
3131 1986
3130 1986
3129 1985
3128 1985
3127 1984
3126 1984
3125 1983
3124 1983
3123 1982
3122 1982
3121 1981
3120 1980
3119 1980
3118 1979
3117 1979
3116 1978
3115 1978
3114 1977
3113 1977
3112 1976
3111 1975
3110 1975
3109 1974
3108 1974
3107 1973
3106 1973
3105 1972
3104 1972
3103 1971
3102 1971
3101 1970
3100 1970
3099 1969
3098 1969
3097 1968
3096 1968
3095 1967
3094 1967
3093 1966
3092 1966
3091 1965
3090 1965
3089 1964
3088 1964
3087 1963
3086 1962
3085 1962
3084 1961
3083 1961
3082 1961
3081 1961
3080 1961
3079 1961
3078 1961
3077 1960
3076 1960
3075 1960
3074 1960
3073 1960
3072 1960
3071 1960
3070 1960
3069 1960
3068 1960
3067 1960
