3125 1804
3124 1805
3123 1805
3122 1805
3121 1806
3120 1806
3119 1806
3118 1806
3117 1807
3116 1807
3115 1807
3114 1807
3113 1808
3112 1809
3111 1809
3110 1810
3109 1810
3108 1811
3107 1811
3106 1812
3105 1812
3104 1813
3103 1813
3102 1814
3101 1814
3100 1815
3099 1815
3098 1816
3097 1816
3096 1817
3095 1817
3094 1818
3093 1819
3092 1819
3091 1820
3090 1820
3089 1821
3088 1821
3087 1822
3086 1822
3085 1823
3084 1823
3083 1824
3082 1824
3081 1825
3080 1825
3079 1826
3078 1826
3077 1827
3076 1827
3075 1828
3074 1828
3073 1828
3072 1829
3071 1829
3070 1830
3069 1831
3068 1831
3067 1832
3066 1832
3065 1833
3064 1833
3063 1833
3062 1834
3061 1834
3060 1835
3059 1835
3058 1836
3057 1836
3056 1837
3055 1838
3054 1839
3053 1840
3052 1840
3051 1841
3050 1842
3049 1843
3048 1843
3047 1844
3046 1845
3045 1846
3044 1847
3043 1847
3042 1848
3041 1849
3040 1849
3039 1849
3038 1850
3037 1850
3036 1851
3035 1852
3034 1852
3033 1853
3032 1853
3031 1854
3030 1854
3029 1854
3028 1855
3027 1855
3026 1855
3025 1856
3024 1856
3023 1857
3022 1857
3022 1858
3021 1859
3020 1860
3019 1861
3018 1862
3017 1862
3016 1863
3016 1864
3015 1865
3014 1866
3013 1866
3012 1867
3011 1868
3010 1868
3009 1869
3008 1869
3007 1870
3006 1870
3005 1871
3004 1871
3003 1872
3002 1872
3001 1873
3000 1873
2999 1874
2998 1875
2997 1875
2996 1876
2995 1877
2994 1878
2993 1879
2992 1880
2991 1880
2990 1881
2989 1882
2988 1883
2987 1883
2986 1884
2985 1885
2984 1885
2983 1886
2982 1886
2981 1887
2980 1887
2979 1888
2978 1888
2977 1888
2976 1889
2975 1889
2974 1890
2973 1890
2972 1891
2971 1892
2970 1892
2969 1893
2968 1893
2967 1894
2966 1895
2965 1895
2964 1896
2963 1897
2962 1898
2961 1898
2960 1899
2959 1899
2958 1900
2957 1901
2956 1901
2955 1902
2954 1902
2953 1903
2952 1904
2951 1905
2950 1905
2949 1906
2948 1907
2947 1908
2946 1908
2945 1909
2944 1909
2943 1910
2942 1911
2941 1911
2940 1912
2939 1912
2938 1913
2937 1913
2936 1913
2935 1913
2934 1914
2933 1914
2932 1914
2931 1914
2930 1914
2929 1914
2928 1914
2927 1915
2926 1915
2925 1915
2924 1915
2923 1915
2922 1914
2921 1914
2920 1914
2919 1915
2918 1915
2917 1915
2916 1915
2915 1915
2914 1916
2913 1916
2912 1916
2911 1916
2910 1917
2909 1917
2908 1917
2907 1917
2906 1917
2905 1917
2904 1918
2903 1918
2902 1918
2901 1918
2900 1918
2899 1918
2898 1919
2897 1919
2896 1919
2895 1919
2894 1919
2893 1920
2892 1920
2891 1920
2890 1921
2889 1921
2888 1921
2887 1921
2886 1922
2885 1922
2884 1922
2883 1922
2882 1922
2881 1923
2880 1923
2879 1924
2878 1924
2877 1925
2876 1925
2875 1925
2874 1926
2873 1926
2872 1926
2871 1926
2870 1926
2869 1926
2868 1926
2867 1926
2866 1926
2865 1926
2864 1926
2863 1927
2862 1927
2861 1927
2860 1927
2859 1928
2858 1928
2857 1928
2856 1929
2855 1929
2854 1929
2853 1929
2852 1929
2851 1930
2850 1930
2849 1930
2848 1930
2847 1930
2846 1930
2845 1930
2844 1930
2843 1930
2842 1930
2841 1930
2840 1930
2839 1930
2838 1930
2837 1930
2836 1930
2835 1930
2834 1931
2833 1931
2832 1931
2831 1932
2830 1932
2829 1932
2828 1932
2827 1933
2826 1933
2825 1933
2824 1933
2823 1933
2822 1934
2821 1934
2820 1934
2819 1934
2818 1934
2817 1934
2816 1934
2815 1934
2814 1934
2813 1934
2812 1934
2811 1935
2810 1935
2809 1936
2808 1936
2807 1936
2806 1937
2805 1937
2804 1937
2803 1937
2802 1938
2801 1939
2800 1939
2799 1940
2798 1940
2797 1940
2796 1941
2795 1941
2794 1941
2793 1942
2792 1942
2791 1942
2790 1942
2789 1942
2788 1942
2787 1942
2786 1942
2785 1942
2784 1942
2783 1942
2782 1943
2781 1943
2780 1943
2779 1943
2778 1943
2777 1943
2776 1943
2775 1943
2774 1943
2773 1944
2772 1944
2771 1944
2770 1945
2769 1945
2768 1945
2767 1946
2766 1946
2765 1947
2764 1947
2763 1948
2762 1949
2761 1949
2760 1950
2759 1950
2758 1950
2757 1951
2756 1951
2755 1952
2754 1953
2753 1953
2752 1954
2751 1954
2750 1955
2749 1956
2748 1957
2747 1958
2746 1958
2745 1959
2744 1960
2743 1961
2742 1962
2741 1963
2740 1963
2739 1964
2738 1964
2737 1965
2736 1965
2735 1966
2734 1966
2733 1967
2732 1967
2731 1968
2730 1968
2729 1968
2728 1969
2727 1969
2726 1970
2725 1970
2724 1971
2723 1971
2722 1972
2721 1972
2720 1972
2719 1973
2718 1974
2717 1975
2716 1976
2715 1976
2714 1977
2713 1978
2712 1978
2711 1979
2710 1979
2709 1980
2708 1980
2707 1981
2706 1982
2705 1982
2704 1983
2703 1984
2702 1984
2701 1985
2700 1985
2699 1985
2698 1985
2697 1985
2696 1985
2695 1986
2694 1986
2693 1987
2692 1987
2691 1987
2690 1988
2689 1988
2688 1989
2687 1989
2686 1990
2685 1991
2684 1992
2683 1993
2682 1993
2681 1994
2680 1995
2679 1996
2678 1997
2677 1997
2676 1997
2675 1998
2674 1998
2673 1999
2672 1999
2671 2000
2670 2000
2669 2001
2668 2002
2667 2002
2666 2002
2665 2003
2664 2004
2663 2005
2662 2005
2661 2006
2660 2007
2659 2007
2658 2008
2657 2008
2656 2008
2655 2008
2654 2009
2653 2009
2652 2009
2651 2009
2650 2009
2649 2010
2648 2010
2647 2011
2646 2011
2645 2012
2644 2012
2643 2012
2642 2013
2641 2013
2640 2014
2639 2014
2638 2015
2637 2015
2636 2016
2635 2016
2634 2016
2633 2017
2632 2017
2631 2017
2630 2018
2629 2018
2628 2019
2627 2019
2626 2020
2625 2020
2624 2021
2623 2021
2622 2022
2621 2022
2620 2022
2619 2022
2618 2022
2617 2022
2616 2022
2615 2023
2614 2023
2613 2023
2612 2023
2611 2023
2610 2023
2609 2023
2608 2023
2607 2023
2606 2024
2605 2024
2604 2024
2603 2025
2602 2025
2601 2025
2600 2025
2599 2026
2598 2026
2597 2026
2596 2026
2595 2026
2594 2026
2593 2027
2592 2027
2591 2027
2590 2027
2589 2028
2588 2028
2587 2028
2586 2029
2585 2029
2584 2029
2583 2029
2582 2030
2581 2030
2580 2030
2579 2030
2578 2030
2577 2030
2576 2031
2575 2032
2574 2032
2573 2033
2572 2033
2571 2034
2570 2035
2569 2036
2568 2037
2567 2038
2566 2038
2565 2039
2564 2040
2563 2040
2562 2041
2561 2041
2560 2042
2559 2043
2558 2043
2557 2044
2556 2044
2555 2044
2554 2045
2553 2045
2552 2045
2551 2046
2550 2046
2549 2047
2548 2047
2547 2048
2546 2049
2545 2049
2544 2049
2543 2049
2542 2049
2541 2050
2540 2050
2539 2050
2538 2050
2537 2050
2536 2050
2535 2050
2534 2050
2533 2050
2532 2050
2531 2050
2530 2050
2529 2050
2528 2050
2527 2050
2526 2050
2525 2050
2524 2050
2523 2050
2522 2050
2521 2050
2520 2050
2519 2050
2518 2050
2517 2050
2516 2050
2515 2049
2514 2049
2513 2049
2512 2049
2511 2049
2510 2049
2509 2049
2508 2049
2507 2049
2506 2049
2505 2049
2504 2049
2503 2050
2502 2050
2501 2051
2500 2052
2499 2052
2498 2053
2497 2054
2496 2054
2495 2055
2494 2056
2494 2057
2493 2058
2493 2059
2492 2060
2492 2061
2492 2062
2492 2063
2492 2064
2491 2065
2491 2066
2491 2067
2491 2068
2490 2069
2490 2070
2489 2071
2489 2072
2488 2073
2487 2074
2487 2075
2486 2076
2485 2077
2484 2078
2483 2079
2482 2080
2481 2081
2480 2082
2479 2083
2478 2084
2478 2085
2477 2086
2476 2087
2476 2088
2475 2089
2474 2090
2474 2091
2473 2092
2472 2093
2471 2093
2470 2094
2469 2095
2468 2096
2467 2096
2466 2097
2465 2098
2464 2098
2463 2099
2462 2100
2461 2100
2460 2101
2459 2101
2458 2102
2457 2103
2456 2103
2455 2104
2454 2105
2453 2105
2452 2106
2451 2107
2450 2107
2449 2108
2448 2108
2447 2109
2446 2110
2445 2110
2444 2111
2443 2112
2442 2112
2441 2113
2440 2114
2439 2115
2438 2115
2437 2116
2436 2116
2435 2117
2434 2117
2433 2118
2432 2118
2431 2119
2430 2120
2429 2120
2428 2121
2427 2121
2426 2122
2425 2123
2424 2123
2423 2124
2422 2124
2421 2125
2420 2125
2419 2126
2418 2126
2417 2127
2416 2127
2415 2127
2414 2127
2413 2127
2412 2128
2411 2128
2410 2128
2409 2128
2408 2128
2407 2128
2406 2128
2405 2128
2404 2128
2403 2128
2402 2129
2401 2129
2400 2129
2399 2129
2398 2129
2397 2130
2396 2130
2395 2130
2394 2131
2393 2131
2392 2132
2391 2132
2390 2133
2389 2133
2388 2134
2387 2135
2386 2136
2385 2137
2384 2138
2383 2138
2382 2139
2381 2140
2380 2140
2379 2141
2378 2141
2377 2141
2376 2141
2375 2141
2374 2142
2373 2142
2372 2143
2371 2143
2370 2144
2369 2144
2368 2144
2367 2145
2366 2145
2365 2145
2364 2146
2363 2146
2362 2147
2361 2147
2360 2148
2359 2149
2358 2149
2357 2150
2356 2151
2355 2151
2354 2152
2353 2153
2352 2153
2351 2154
2350 2154
2349 2155
2348 2155
2347 2155
2346 2155
2345 2156
2344 2156
2343 2157
2342 2157
2341 2158
2340 2158
2339 2158
2338 2159
2337 2159
2336 2159
2335 2160
2334 2160
2333 2160
2332 2160
2331 2160
2330 2160
2329 2160
2328 2160
2327 2160
2326 2160
2325 2160
2324 2160
2323 2161
2322 2161
2321 2161
2320 2162
2319 2162
2318 2162
2317 2163
2316 2163
2315 2163
2314 2163
2313 2164
2312 2164
2311 2164
2310 2164
2309 2164
2308 2164
2307 2164
2306 2164
2305 2164
2304 2164
2303 2164
2302 2164
2301 2164
2300 2164
2299 2164
2298 2164
2297 2164
2296 2164
2295 2164
2294 2164
2293 2164
2292 2164
2291 2164
2290 2164
2289 2164
2288 2164
2287 2164
2286 2164
2285 2164
2284 2164
2283 2164
2282 2164
2281 2164
2280 2164
2279 2163
2278 2163
2277 2163
2276 2163
2275 2163
2274 2163
2273 2163
2272 2163
2271 2163
2270 2163
2269 2163
2268 2163
2267 2163
2266 2164
2265 2164
2264 2165
2263 2165
2262 2165
2261 2165
2260 2165
2259 2165
2258 2165
2257 2166
2256 2166
2255 2166
2254 2167
2253 2167
2252 2167
2251 2168
2250 2168
2249 2168
2248 2169
2247 2169
2246 2169
2245 2169
2244 2170
2243 2170
2242 2170
2241 2170
2240 2170
2239 2171
2238 2171
2237 2171
2236 2171
2235 2171
2234 2172
2233 2172
2232 2173
2231 2174
2230 2174
2229 2175
2228 2175
2227 2176
2226 2176
2225 2177
2224 2177
2223 2178
2222 2178
2221 2178
2220 2178
2219 2179
2218 2179
2217 2179
2216 2180
2215 2180
2214 2181
2213 2181
2212 2182
2211 2182
2210 2183
2209 2183
2208 2184
2207 2185
2206 2186
2205 2187
2204 2188
2203 2189
2202 2190
2201 2191
2200 2191
2199 2192
2198 2193
2197 2194
2196 2194
2195 2195
2194 2196
2193 2196
2192 2197
2191 2197
2190 2198
2189 2198
2188 2199
2187 2199
2186 2200
2185 2200
2184 2201
2183 2202
2182 2202
2181 2202
2180 2203
2179 2203
2178 2204
2177 2204
2176 2204
2175 2205
2174 2206
2173 2207
2172 2208
2171 2209
2170 2210
2169 2211
2168 2212
2167 2212
2166 2213
2165 2214
2164 2214
2163 2215
2162 2215
2161 2216
2160 2216
2159 2217
2158 2217
2157 2217
2156 2218
2155 2219
2154 2220
2153 2221
2152 2221
2151 2222
2150 2222
2149 2222
2148 2222
2147 2223
2146 2223
2145 2223
2144 2223
2143 2224
2142 2224
2141 2224
2140 2225
2139 2225
2138 2226
2137 2226
2136 2227
2135 2228
2134 2228
2133 2229
2132 2229
2131 2230
2130 2231
2129 2232
2128 2232
2127 2233
2126 2234
2125 2234
2124 2235
2123 2235
2122 2236
2121 2236
2120 2236
2119 2236
2118 2237
2117 2237
2116 2237
2115 2237
2114 2238
2113 2238
2112 2239
2111 2239
2110 2240
2109 2240
2108 2240
2107 2241
2106 2241
2105 2241
2104 2241
2103 2241
2102 2242
2101 2242
2100 2242
2099 2242
2098 2243
2097 2243
2096 2244
2095 2245
2094 2246
2093 2246
2092 2247
2091 2248
2090 2248
2089 2249
2088 2250
2087 2251
2086 2251
2085 2252
2084 2252
2083 2253
2082 2254
2081 2254
2080 2255
2079 2255
2078 2256
2077 2256
2076 2257
2075 2257
2074 2258
2073 2259
2072 2259
2071 2260
2070 2260
2069 2260
2068 2261
2067 2261
2066 2262
2065 2263
2064 2263
2063 2264
2062 2265
2061 2266
2060 2267
2059 2268
2058 2269
2057 2270
2056 2271
2055 2271
2054 2272
2053 2272
2052 2273
2051 2273
2050 2274
2049 2275
2048 2276
2047 2276
2046 2277
2045 2278
2044 2278
2043 2279
2042 2279
2041 2280
2040 2281
2039 2282
2038 2282
2038 2283
2037 2284
2036 2285
2035 2286
2034 2287
2033 2287
2032 2288
2031 2288
2030 2289
2029 2289
2028 2290
2027 2290
2026 2291
2025 2291
2024 2292
2023 2293
2022 2293
2021 2294
2020 2294
2019 2294
2018 2295
2017 2295
2016 2296
2015 2296
2014 2297
2013 2297
2012 2298
2011 2298
2010 2299
2009 2300
2008 2300
2007 2301
2006 2301
2005 2302
2004 2303
2003 2303
2002 2304
2001 2305
2000 2305
1999 2306
1998 2306
1997 2307
1996 2307
1995 2308
1994 2309
1993 2309
1992 2310
1991 2310
1990 2311
1989 2311
1988 2312
1987 2312
1986 2313
1985 2313
1984 2314
1983 2314
1982 2315
1981 2315
1980 2316
1979 2316
1978 2317
1977 2317
1976 2318
1975 2318
1974 2319
1973 2320
1972 2320
1971 2321
1970 2322
1969 2322
1968 2323
1967 2324
1966 2325
1965 2326
1964 2326
1963 2327
1962 2328
1961 2328
1960 2329
1959 2329
1958 2330
1957 2331
1956 2331
1955 2332
1954 2332
1953 2333
1952 2334
1951 2334
1950 2335
1949 2336
1948 2336
1947 2337
1946 2337
1945 2338
1944 2338
1943 2338
1942 2338
1941 2339
1940 2339
1939 2339
1938 2339
1937 2340
1936 2340
1935 2341
1934 2341
1933 2342
1932 2342
1931 2342
1930 2343
1929 2343
1928 2343
1927 2343
1926 2344
1925 2344
1924 2345
1923 2345
1922 2346
1921 2346
1920 2347
1919 2348
1918 2348
1917 2349
1916 2350
1915 2350
1914 2350
1913 2351
1912 2351
1911 2352
1910 2352
1909 2352
1908 2353
1907 2353
1906 2354
1905 2354
1904 2355
1903 2355
1902 2356
1901 2356
1900 2356
1899 2357
1898 2357
1897 2358
1896 2358
1895 2359
1894 2359
1893 2360
1892 2360
1891 2361
1890 2361
1889 2362
1888 2362
1887 2363
1886 2364
1885 2364
1884 2365
1883 2365
1882 2366
1881 2367
1880 2367
1879 2368
1878 2368
1877 2369
1876 2369
1875 2369
1874 2370
1873 2370
1872 2371
1871 2371
1870 2372
1869 2372
1868 2373
1867 2373
1866 2374
1865 2374
1864 2374
1863 2375
1862 2375
1861 2375
1860 2376
1859 2376
1858 2376
1857 2377
1856 2377
1855 2377
1854 2378
1853 2378
1852 2378
1851 2379
1850 2379
1849 2379
1848 2380
1847 2380
1846 2381
1845 2381
1844 2381
1843 2382
1842 2382
1841 2383
1840 2383
1839 2384
1838 2384
1837 2385
1836 2385
1835 2386
1834 2386
1833 2387
1832 2387
1831 2387
1830 2388
1829 2388
1828 2389
1827 2389
1826 2389
1825 2390
1824 2390
1823 2390
1822 2390
1821 2390
1820 2391
1819 2391
1818 2391
1817 2392
1816 2392
1815 2392
1814 2393
1813 2393
1812 2393
1811 2394
1810 2394
1809 2394
1808 2394
1807 2394
1806 2395
1805 2395
1804 2395
1803 2395
1802 2395
1801 2395
1800 2396
1799 2396
1798 2396
1797 2396
1796 2396
1795 2397
1794 2397
1793 2397
1792 2397
1791 2397
1790 2397
1789 2398
1788 2398
1787 2398
1786 2398
1785 2398
1784 2399
1783 2399
1782 2399
1781 2399
1780 2400
1779 2400
1778 2400
1777 2400
1776 2400
1775 2401
1774 2401
1773 2401
1772 2401
1771 2402
1770 2402
1769 2402
1768 2402
1767 2403
1766 2403
1765 2403
1764 2403
1763 2403
1762 2404
1761 2404
1760 2404
1759 2404
1758 2405
1757 2405
1756 2405
1755 2405
1754 2406
1753 2406
1752 2406
1751 2406
1750 2406
1749 2407
1748 2407
1747 2407
1746 2407
1745 2407
1744 2407
1743 2407
1742 2408
1741 2408
1740 2408
1739 2408
1738 2409
1737 2409
1736 2409
1735 2409
1734 2409
1733 2409
1732 2410
1731 2410
1730 2410
1729 2410
1728 2410
1727 2410
1726 2411
1725 2411
1724 2411
1723 2411
1722 2411
1721 2411
1720 2411
1719 2411
1718 2411
1717 2411
1716 2412
1715 2412
1714 2412
1713 2412
1712 2413
1711 2413
1710 2413
1709 2413
1708 2413
1707 2414
1706 2414
1705 2414
1704 2414
1703 2415
1702 2415
1701 2415
1700 2416
1699 2416
1698 2416
1697 2417
1696 2417
1695 2417
1694 2417
1693 2418
1692 2418
1691 2418
1690 2418
1689 2418
1688 2418
1687 2419
1686 2419
1685 2419
1684 2419
1683 2419
1682 2419
1681 2419
1680 2419
1679 2419
1678 2419
1677 2419
1676 2419
1675 2419
1674 2419
1673 2419
1672 2419
1671 2419
1670 2419
1669 2419
1668 2419
1667 2419
1666 2419
1665 2419
1664 2419
1663 2419
1662 2419
1661 2419
1660 2419
1659 2419
1658 2419
1657 2419
1656 2419
1655 2418
1654 2418
1653 2418
1652 2418
1651 2418
1650 2418
1649 2418
1648 2419
1647 2419
1646 2419
1645 2419
1644 2419
1643 2419
1642 2419
1641 2420
1640 2420
1639 2420
1638 2420
1637 2420
1636 2420
1635 2420
1634 2420
1633 2420
1632 2421
1631 2421
1630 2421
1629 2421
1628 2421
1627 2421
1626 2421
1625 2421
1624 2421
1623 2421
1622 2421
1621 2421
1620 2421
1619 2421
1618 2421
1617 2421
1616 2421
1615 2421
1614 2422
1613 2422
1612 2422
1611 2422
1610 2422
1609 2422
1608 2422
1607 2422
1606 2423
1605 2423
1604 2423
1603 2423
1602 2423
1601 2423
1600 2424
1599 2424
1598 2424
1597 2424
1596 2424
1595 2424
1594 2424
1593 2424
1592 2424
1591 2424
1590 2424
1589 2424
1588 2424
1587 2424
1586 2424
1585 2424
1584 2424
1583 2424
1582 2424
1581 2424
1580 2424
1579 2424
1578 2424
1577 2424
1576 2424
1575 2424
1574 2425
1573 2425
1572 2425
1571 2425
1570 2425
1569 2425
1568 2425
1567 2425
1566 2426
1565 2426
1564 2426
1563 2426
1562 2426
1561 2426
1560 2426
1559 2426
1558 2426
1557 2426
1556 2426
1555 2426
1554 2426
1553 2426
1552 2427
1551 2427
1550 2427
1549 2427
1548 2427
1547 2427
1546 2427
1545 2427
1544 2428
1543 2428
1542 2428
1541 2428
1540 2428
1539 2428
1538 2428
1537 2429
1536 2429
1535 2429
1534 2429
1533 2429
1532 2429
1531 2429
1530 2429
1529 2429
1528 2430
1527 2430
1526 2430
1525 2430
1524 2430
1523 2430
1522 2430
1521 2430
1520 2430
1519 2430
1518 2430
1517 2430
1516 2430
1515 2430
1514 2430
1513 2430
1512 2430
1511 2430
1510 2430
1509 2430
1508 2430
1507 2429
1506 2429
1505 2429
1504 2429
1503 2429
1502 2429
1501 2429
1500 2429
1499 2430
1498 2430
1497 2430
1496 2430
1495 2430
1494 2431
1493 2431
1492 2431
1491 2431
1490 2431
1489 2431
1488 2432
1487 2432
1486 2432
1485 2432
1484 2432
1483 2432
1482 2432
1481 2432
1480 2432
1479 2432
1478 2432
1477 2432
1476 2432
1475 2432
1474 2432
1473 2432
1472 2432
1471 2432
1470 2432
1469 2432
1468 2432
1467 2432
1466 2432
1465 2432
1464 2432
1463 2432
1462 2431
1461 2431
1460 2431
1459 2431
1458 2431
1457 2431
1456 2431
1455 2431
1454 2431
1453 2431
1452 2431
1451 2431
1450 2431
1449 2431
1448 2432
1447 2432
1446 2432
1445 2432
1444 2432
1443 2432
1442 2432
1441 2432
1440 2433
1439 2433
1438 2433
1437 2433
1436 2433
1435 2433
1434 2433
1433 2433
1432 2433
1431 2433
1430 2433
1429 2433
1428 2433
1427 2433
1426 2433
1425 2433
1424 2433
1423 2433
1422 2433
1421 2433
1420 2433
1419 2433
1418 2433
1417 2433
1416 2433
1415 2433
1414 2433
1413 2433
1412 2433
1411 2433
1410 2433
1409 2433
1408 2433
1407 2433
1406 2433
1405 2433
1404 2433
1403 2433
1402 2433
1401 2433
1400 2433
1399 2433
1398 2433
1397 2432
1396 2432
1395 2432
1394 2432
1393 2432
1392 2432
1391 2432
1390 2432
1389 2432
1388 2432
1387 2432
1386 2432
1385 2432
1384 2433
1383 2433
1382 2433
1381 2433
1380 2433
1379 2434
1378 2434
1377 2434
1376 2435
1375 2435
1374 2435
1373 2436
1372 2436
1371 2436
1370 2436
1369 2437
1368 2437
1367 2437
1366 2437
1365 2438
1364 2438
1363 2438
1362 2438
1361 2438
1360 2438
1359 2438
1358 2438
1357 2439
1356 2439
1355 2439
1354 2439
1353 2438
1352 2439
1351 2439
1350 2439
1349 2439
1348 2439
1347 2439
1346 2439
1345 2439
1344 2439
1343 2439
1342 2439
1341 2438
1340 2438
1339 2438
1338 2438
1337 2438
1336 2438
1335 2438
1334 2438
1333 2438
1332 2438
1331 2438
1330 2438
1329 2439
1328 2439
1327 2439
1326 2439
1325 2439
1324 2440
1323 2440
1322 2440
1321 2440
1320 2440
1319 2441
1318 2441
1317 2441
1316 2441
1315 2441
1314 2441
1313 2441
1312 2441
1311 2442
1310 2442
1309 2442
1308 2442
1307 2443
1306 2443
1305 2443
1304 2443
1303 2443
1302 2444
1301 2444
1300 2444
1299 2444
1298 2444
1297 2444
1296 2444
1295 2445
1294 2445
1293 2445
1292 2445
1291 2445
1290 2445
1289 2445
1288 2445
1287 2445
1286 2445
1285 2445
1284 2445
1283 2445
1282 2445
1281 2445
1280 2445
1279 2445
1278 2445
1277 2445
1276 2445
1275 2445
1274 2445
1273 2445
1272 2445
1271 2445
1270 2445
1269 2445
1268 2445
1267 2445
1266 2446
1265 2446
1264 2446
1263 2446
1262 2446
1261 2447
1260 2447
1259 2447
1258 2447
1257 2447
1256 2447
1255 2447
1254 2447
1253 2448
1252 2448
1251 2448
1250 2448
1249 2448
1248 2448
1247 2448
1246 2448
1245 2448
1244 2448
1243 2448
1242 2448
1241 2448
1240 2448
1239 2448
1238 2448
1237 2448
1236 2448
1235 2448
1234 2448
1233 2447
1232 2447
1231 2447
1230 2447
1229 2447
1228 2447
1227 2447
1226 2447
1225 2447
1224 2447
1223 2447
1222 2447
1221 2447
1220 2447
1219 2447
1218 2447
1217 2446
1216 2446
1215 2446
1214 2446
1213 2446
1212 2446
1211 2446
1210 2446
1209 2446
1208 2446
1207 2446
1206 2446
1207 2446
1208 2446
1209 2447
1210 2447
1211 2448
1212 2448
1213 2448
1214 2449
1215 2449
1216 2449
1217 2450
1218 2450
1219 2450
1220 2450
1221 2450
1222 2451
1223 2451
1224 2451
1225 2451
1226 2451
1227 2451
1228 2451
1229 2452
1230 2452
1231 2452
1232 2452
1233 2452
1234 2452
1235 2452
1236 2453
1237 2453
1238 2453
1239 2453
1240 2453
1241 2453
1242 2454
1243 2454
1244 2455
1245 2455
1246 2456
1247 2456
1248 2456
1249 2457
1250 2457
1251 2458
1252 2458
1253 2458
1254 2458
1255 2459
1256 2459
1257 2459
1258 2459
1259 2460
1260 2460
1261 2460
1262 2460
1263 2460
1264 2460
1265 2460
1266 2460
1267 2460
1268 2460
1269 2461
1270 2461
1271 2461
1272 2461
1273 2461
1274 2461
1275 2461
1276 2461
1277 2461
1278 2461
1279 2461
1280 2462
1281 2462
1282 2462
1283 2462
1284 2462
1285 2462
1286 2462
1287 2462
1288 2462
1289 2462
1290 2462
1291 2462
1292 2462
1293 2463
1294 2463
1295 2463
1296 2463
1297 2463
1298 2463
1299 2463
1300 2463
1301 2463
1302 2463
1303 2463
1304 2463
1305 2464
1306 2464
1307 2464
1308 2464
1309 2464
1310 2464
1311 2464
1312 2464
1313 2464
1314 2464
1315 2464
1316 2464
1317 2464
1318 2464
1319 2465
1320 2465
1321 2465
1322 2465
1323 2465
1324 2465
1325 2465
1326 2465
1327 2465
1328 2465
1329 2465
1330 2465
1331 2465
1332 2466
1333 2466
1334 2466
1335 2466
1336 2466
1337 2466
1338 2466
1339 2466
1340 2466
1341 2466
1342 2466
1343 2466
1344 2466
1345 2466
1346 2467
1347 2467
1348 2467
1349 2467
1350 2467
1351 2467
1352 2468
1353 2468
1354 2468
1355 2468
1356 2469
1357 2469
1358 2469
1359 2470
1360 2470
1361 2471
1362 2471
1363 2471
1364 2472
1365 2472
1366 2472
1367 2473
1368 2473
1369 2473
1370 2473
1371 2473
1372 2473
1373 2473
1374 2474
1375 2474
1376 2474
1377 2474
1378 2474
1379 2475
1380 2475
1381 2476
1382 2476
1383 2477
1384 2477
1385 2477
1386 2478
1387 2478
1388 2478
1389 2479
1390 2479
1391 2479
1392 2480
1393 2480
1394 2480
1395 2480
1396 2480
1397 2481
1398 2481
1399 2481
1400 2481
1401 2481
1402 2481
1403 2481
1404 2481
1405 2482
1406 2482
1407 2482
1408 2482
1409 2482
1410 2482
1411 2482
1412 2482
1413 2482
1414 2482
1415 2483
1416 2483
1417 2483
1418 2483
1419 2483
1420 2483
1421 2483
1422 2483
1423 2483
1424 2483
1425 2483
1426 2483
1427 2483
1428 2483
1429 2484
1430 2484
1431 2484
1432 2484
1433 2484
1434 2484
1435 2484
1436 2484
1437 2484
1438 2484
1439 2484
1440 2484
1441 2484
1442 2485
1443 2485
1444 2485
1445 2485
1446 2485
1447 2485
1448 2485
1449 2485
1450 2485
1451 2485
1452 2485
1453 2485
1454 2485
1455 2486
1456 2486
1457 2486
1458 2486
1459 2486
1460 2486
1461 2486
1462 2486
1463 2486
1464 2486
1465 2486
1466 2486
1467 2486
1468 2486
1469 2487
1470 2487
1471 2487
1472 2487
1473 2487
1474 2487
1475 2487
1476 2487
1477 2487
1478 2487
1479 2487
1480 2487
1481 2487
1482 2488
1483 2488
1484 2488
1485 2488
1486 2488
1487 2488
1488 2488
1489 2488
1490 2489
1491 2489
1492 2490
1493 2490
1494 2490
1495 2491
1496 2491
1497 2492
1498 2492
1499 2492
1500 2493
1501 2493
1502 2493
1503 2493
1504 2493
1505 2494
1506 2494
1507 2494
1508 2494
1509 2494
1510 2494
1511 2495
1512 2495
1513 2496
1514 2496
1515 2496
1516 2497
1517 2497
1518 2498
1519 2498
1520 2498
1521 2499
1522 2499
1523 2499
1524 2500
1525 2500
1526 2500
1527 2500
1528 2501
1529 2501
1530 2501
1531 2501
1532 2501
1533 2501
1534 2501
1535 2502
1536 2502
1537 2502
1538 2502
1539 2502
1540 2502
1541 2502
1542 2503
1543 2503
1544 2503
1545 2503
1546 2503
1547 2503
1548 2503
1549 2503
1550 2503
1551 2503
1552 2503
1553 2503
1554 2504
1555 2504
1556 2504
1557 2504
1558 2504
1559 2504
1560 2504
1561 2504
1562 2504
1563 2504
1564 2504
1565 2504
1566 2505
1567 2505
1568 2505
1569 2505
1570 2505
1571 2505
1572 2505
1573 2506
1574 2506
1575 2506
1576 2507
1577 2507
1578 2507
1579 2508
1580 2508
1581 2508
1582 2509
1583 2509
1584 2509
1585 2510
1586 2510
1587 2511
1588 2511
1589 2511
1590 2512
1591 2512
1592 2513
1593 2513
1594 2514
1595 2514
1596 2515
1597 2515
1598 2516
1599 2516
1600 2516
1601 2516
1602 2517
1603 2517
1604 2517
1605 2518
1606 2518
1607 2518
1608 2519
1609 2519
1610 2520
1611 2520
1612 2521
1613 2521
1614 2521
1615 2522
1616 2522
1617 2522
1618 2522
1619 2523
1620 2523
1621 2523
1622 2524
1623 2524
1624 2524
1625 2524
1626 2524
1627 2524
1628 2525
1629 2525
1630 2525
1631 2525
1632 2525
1633 2525
1634 2525
1635 2526
1636 2526
1637 2526
1638 2526
1639 2526
1640 2526
1641 2526
1642 2526
1643 2526
1644 2527
1645 2527
1646 2527
1647 2527
1648 2527
1649 2527
1650 2527
1651 2527
1652 2527
1653 2527
1654 2528
1655 2528
1656 2528
1657 2528
1658 2528
1659 2528
1660 2528
1661 2528
1662 2528
1663 2528
1664 2528
1665 2528
1666 2529
1667 2529
1668 2529
1669 2529
1670 2529
1671 2530
1672 2530
1673 2530
1674 2531
1675 2531
1676 2532
1677 2532
1678 2532
1679 2533
1680 2533
1681 2533
1682 2533
1683 2534
1684 2534
1685 2534
1686 2534
1687 2534
1688 2535
1689 2535
1690 2535
1691 2535
1692 2535
1693 2535
1694 2536
1695 2536
1696 2536
1697 2536
1698 2536
1699 2536
1700 2536
1701 2536
1702 2536
1703 2537
1704 2537
1705 2537
1706 2537
1707 2537
1708 2537
1709 2537
1710 2537
1711 2537
1712 2537
1713 2537
1714 2537
1715 2537
1716 2538
1717 2538
1718 2538
1719 2538
1720 2538
1721 2538
1722 2538
1723 2538
1724 2538
1725 2538
1726 2538
1727 2538
1728 2538
1729 2539
1730 2539
1731 2539
1732 2539
1733 2539
1734 2539
1735 2539
1736 2539
1737 2539
1738 2539
1739 2539
1740 2539
1741 2539
1742 2540
1743 2540
1744 2540
1745 2540
1746 2540
1747 2540
1748 2540
1749 2540
1750 2540
1751 2540
1752 2540
1753 2540
1754 2540
1755 2540
1756 2541
1757 2541
1758 2541
1759 2541
1760 2541
1761 2541
1762 2541
1763 2541
1764 2541
1765 2541
1766 2541
1767 2541
1768 2541
1769 2542
1770 2542
1771 2542
1772 2542
1773 2542
1774 2542
1775 2542
1776 2542
1777 2542
1778 2542
1779 2542
1780 2542
1781 2542
1782 2542
1783 2543
1784 2543
1785 2543
1786 2543
1787 2543
1788 2543
1789 2543
1790 2543
1791 2543
1792 2543
1793 2543
1794 2543
1795 2543
1796 2544
1797 2544
1798 2544
1799 2544
1800 2544
1801 2544
1802 2544
1803 2544
1804 2544
1805 2544
1806 2544
1807 2544
1808 2544
1809 2544
1810 2545
1811 2545
1812 2545
1813 2545
1814 2545
1815 2545
1816 2545
1817 2545
1818 2545
1819 2545
1820 2545
1821 2545
1822 2545
1823 2546
1824 2546
1825 2546
1826 2546
1827 2546
1828 2546
1829 2546
1830 2546
1831 2546
1832 2546
1833 2546
1834 2546
1835 2546
1836 2546
1837 2547
1838 2547
1839 2547
1840 2547
1841 2547
1842 2547
1843 2547
1844 2547
1845 2547
1846 2547
1847 2547
1848 2547
1849 2547
1850 2548
1851 2548
1852 2548
1853 2548
1854 2548
1855 2548
1856 2548
1857 2548
1858 2548
1859 2548
1860 2548
1861 2548
1862 2548
1863 2548
1864 2549
1865 2549
1866 2549
1867 2549
1868 2549
1869 2549
1870 2549
1871 2549
1872 2549
1873 2549
1874 2549
1875 2549
1876 2549
1877 2549
1878 2550
1879 2550
1880 2550
1881 2550
1882 2550
1883 2550
1884 2550
1885 2550
1886 2551
1887 2551
1888 2551
1889 2552
1890 2552
1891 2552
1892 2553
1893 2553
1894 2553
1895 2554
1896 2554
1897 2555
1898 2556
1899 2556
1900 2556
1901 2557
1902 2557
1903 2558
1904 2558
1905 2559
1906 2559
1907 2560
1908 2560
1909 2560
1910 2561
1911 2561
1912 2561
1913 2561
1914 2562
1915 2562
1916 2562
1917 2562
1918 2563
1919 2563
1920 2563
1921 2564
1922 2564
1923 2564
1924 2565
1925 2565
1926 2565
1927 2566
1928 2566
1929 2566
1930 2567
1931 2567
1932 2568
1933 2568
1934 2568
1935 2569
1936 2569
1937 2569
1938 2569
1939 2569
1940 2570
1941 2570
1942 2571
1943 2571
1944 2571
1945 2572
1946 2572
1947 2573
1948 2573
1949 2574
1950 2574
1951 2574
1952 2574
1953 2575
1954 2575
1955 2575
1956 2575
1957 2576
1958 2576
1959 2576
1960 2576
1961 2577
1962 2577
1963 2577
1964 2577
1965 2577
1966 2577
1967 2578
1968 2578
1969 2579
1970 2579
1971 2579
1972 2580
1973 2580
1974 2581
1975 2581
1976 2582
1977 2582
1978 2582
1979 2583
1980 2583
1981 2584
1982 2584
1983 2585
1984 2585
1985 2586
1986 2586
1987 2587
1988 2588
1989 2588
1990 2588
1991 2588
1992 2589
1993 2589
1994 2589
1995 2590
1996 2590
1997 2590
1998 2590
1999 2590
2000 2591
2001 2591
2002 2591
2003 2591
2004 2592
2005 2592
2006 2592
2007 2593
2008 2594
2009 2594
2010 2595
2011 2595
2012 2595
2013 2596
2014 2596
2015 2596
2016 2597
2017 2597
2018 2597
2019 2597
2020 2597
2021 2597
2022 2598
2023 2598
2024 2598
2025 2598
2026 2598
2027 2598
2028 2599
2029 2599
2030 2599
2031 2599
2032 2599
2033 2599
2034 2599
2035 2599
2036 2599
2037 2599
2038 2600
2039 2600
2040 2600
2041 2600
2042 2601
2043 2601
2044 2601
2045 2602
2046 2602
2047 2603
2048 2603
2049 2604
2050 2604
2051 2604
2052 2605
2053 2605
2054 2605
2055 2605
2056 2605
2057 2606
2058 2606
2059 2606
2060 2606
2061 2607
2062 2607
2063 2607
2064 2608
2065 2608
2066 2608
2067 2609
2068 2610
2069 2611
2070 2611
2071 2612
2072 2613
2073 2614
2074 2614
2075 2615
2076 2615
2077 2616
2078 2617
2079 2617
2080 2618
2081 2619
2082 2619
2083 2620
2084 2620
2085 2621
2086 2621
2087 2622
2088 2623
2089 2624
2090 2624
2091 2625
2092 2626
2093 2627
2094 2628
2095 2628
2096 2629
2097 2630
2098 2630
2099 2631
2100 2632
2101 2633
2102 2634
2103 2634
2104 2634
2105 2635
2106 2635
2107 2636
2108 2636
2109 2637
2110 2638
2111 2638
2112 2639
2113 2640
2114 2640
2115 2641
2116 2642
2117 2643
2118 2644
2119 2645
2120 2646
2121 2646
2122 2647
2123 2647
2124 2648
2125 2648
2126 2649
2127 2649
2128 2650
2129 2651
2130 2652
2131 2652
2132 2653
2133 2654
2134 2655
2135 2655
2136 2656
2137 2657
2138 2658
2139 2659
2140 2659
2141 2660
2142 2661
2143 2662
2144 2662
2145 2663
2146 2664
2147 2665
2148 2666
2149 2666
2150 2667
2151 2668
2152 2669
2153 2670
2154 2670
2155 2671
2156 2671
2157 2672
2158 2672
2159 2673
2160 2674
2161 2675
2162 2676
2163 2677
2164 2678
2165 2679
2166 2679
2167 2680
2168 2681
2169 2682
2170 2682
2171 2683
2172 2683
2173 2684
2174 2684
2175 2685
2176 2685
2177 2686
2178 2687
2178 2688
2179 2689
2180 2690
2181 2691
2182 2692
2182 2693
2183 2694
2184 2695
2185 2695
2186 2696
2187 2696
2188 2697
2189 2698
2190 2698
2191 2699
2192 2699
2193 2700
2194 2700
2195 2701
2196 2701
2197 2702
2198 2702
2199 2703
2200 2703
2201 2704
2202 2705
2203 2706
2204 2707
2205 2707
2206 2708
2207 2708
2208 2709
2209 2709
2210 2709
2211 2710
2212 2710
2213 2710
2214 2710
2215 2711
2216 2711
2217 2712
2218 2713
2219 2714
2220 2715
2221 2716
2222 2717
2223 2718
2224 2719
2225 2720
2226 2720
2227 2721
2228 2721
2229 2722
2230 2722
2231 2722
2232 2723
2233 2723
2234 2724
2235 2724
2236 2725
2237 2726
2238 2727
2239 2727
2240 2728
2241 2729
2242 2730
2243 2730
2244 2731
2245 2732
2246 2732
2247 2733
2248 2734
2249 2734
2250 2735
2251 2736
2252 2737
2253 2737
2254 2738
2255 2739
2256 2739
2257 2740
2258 2741
2259 2741
2260 2742
2261 2742
2262 2742
2263 2742
2264 2742
2265 2742
2266 2743
2267 2743
2268 2743
2269 2743
2270 2743
2271 2743
2272 2743
2273 2743
2274 2743
2275 2743
2276 2743
2277 2743
2278 2743
2279 2743
2280 2744
2281 2744
2282 2744
2283 2744
2284 2744
2285 2744
2286 2744
2287 2744
2288 2744
2289 2744
2290 2744
2291 2744
2292 2744
2293 2745
2294 2745
2295 2745
2296 2745
2297 2745
2298 2745
2299 2745
2300 2745
2301 2745
2302 2745
2303 2745
2304 2745
2305 2745
2306 2745
2307 2746
2308 2746
2309 2746
2310 2746
2311 2746
2312 2746
2313 2746
2314 2746
2315 2746
2316 2746
2317 2746
2318 2746
2319 2745
2320 2745
2321 2744
2322 2744
2323 2744
2324 2744
2325 2743
2326 2743
2327 2743
2328 2743
2329 2743
2330 2743
2331 2743
2332 2743
2333 2743
2334 2743
2335 2743
2336 2743
2337 2743
2338 2743
2339 2743
2340 2742
2341 2742
2342 2742
2343 2741
2344 2741
2345 2741
2346 2740
2347 2740
2348 2740
2349 2740
2350 2740
2351 2739
2352 2739
2353 2739
2354 2739
2355 2739
2356 2739
2357 2739
2358 2739
2359 2739
2360 2739
2361 2739
2362 2739
2363 2739
2364 2738
2365 2738
2366 2738
2367 2737
2368 2737
2369 2737
2370 2736
2371 2736
2372 2736
2373 2736
2374 2736
2375 2735
2376 2735
2377 2735
2378 2735
2379 2735
2380 2735
2381 2735
2382 2735
2383 2735
2384 2735
2385 2735
2386 2735
2387 2735
2388 2735
2389 2736
2390 2736
2391 2736
2392 2736
2393 2736
2394 2736
2395 2736
2396 2736
2397 2736
2398 2736
2399 2736
2400 2736
2401 2736
2402 2736
2403 2736
2404 2736
2405 2737
2406 2737
2407 2737
2408 2737
2409 2737
2410 2737
2411 2737
2412 2737
2413 2737
2414 2737
2415 2737
2416 2737
2417 2737
2418 2737
2419 2737
2420 2738
2421 2738
2422 2738
2423 2738
2424 2738
2425 2738
2426 2738
2427 2738
2428 2738
2429 2738
2430 2738
2431 2738
2432 2738
2433 2739
2434 2739
2435 2739
2436 2739
2437 2739
2438 2739
2439 2739
2440 2739
2441 2739
2442 2739
2443 2739
2444 2739
2445 2739
2446 2739
2447 2740
2448 2740
2449 2740
2450 2740
2451 2740
2452 2740
2453 2740
2454 2740
2455 2740
2456 2740
2457 2740
2458 2740
2459 2740
2460 2741
2461 2741
2462 2741
2463 2741
2464 2741
2465 2741
2466 2741
2467 2741
2468 2741
2469 2741
2470 2741
2471 2741
2472 2741
2473 2741
2474 2742
2475 2742
2476 2742
2477 2742
2478 2742
2479 2742
2480 2742
2481 2742
2482 2743
2483 2744
2484 2744
2485 2745
2486 2746
2487 2746
2488 2747
2489 2748
2490 2749
2491 2750
2491 2751
2492 2752
2492 2753
2493 2754
2494 2755
2495 2756
2495 2757
2496 2758
2496 2759
2497 2760
2497 2761
2498 2762
2499 2763
2500 2764
2501 2765
2502 2766
2503 2767
2504 2767
2505 2768
2506 2768
2507 2769
2508 2770
2509 2770
2510 2771
2511 2772
2512 2772
2513 2773
2514 2774
2515 2775
2516 2776
2517 2777
2517 2778
2518 2779
2519 2779
2520 2780
2521 2781
2522 2782
2523 2783
2524 2784
2525 2785
2526 2785
2527 2786
2528 2787
2529 2787
2530 2788
2531 2789
2531 2790
2532 2791
2533 2792
2534 2792
2535 2793
2536 2793
2537 2794
2538 2794
2539 2795
2540 2796
2541 2797
2542 2798
2543 2798
2544 2799
2545 2799
2546 2800
2547 2801
2548 2802
2549 2803
2550 2804
2550 2805
2551 2806
2552 2807
2553 2808
2554 2809
2555 2810
2556 2811
2556 2812
2557 2812
2558 2813
2559 2814
2560 2815
2561 2816
2562 2817
2563 2818
2564 2818
2565 2819
2566 2820
2567 2821
2568 2822
2568 2823
2568 2824
2569 2825
2570 2826
2571 2827
2572 2828
2573 2829
2573 2830
2574 2831
2575 2832
2576 2833
2577 2833
2578 2834
2579 2835
2580 2836
2581 2837
2582 2838
2583 2838
2584 2839
2585 2840
2586 2840
2587 2841
2588 2841
2589 2842
2590 2843
2591 2844
2592 2845
2593 2845
2594 2846
2595 2846
2596 2847
2597 2848
2598 2849
2599 2849
2600 2850
2601 2850
2602 2851
2603 2851
2604 2852
2605 2852
2606 2852
2607 2853
2608 2853
2609 2854
2610 2854
2611 2855
2612 2856
2613 2856
2614 2857
2615 2858
2616 2859
2617 2860
2618 2861
2619 2862
2620 2863
2621 2863
2622 2864
2623 2864
2624 2865
2625 2865
2626 2866
2627 2866
2628 2866
2629 2867
2630 2867
2631 2868
2632 2868
2633 2869
2634 2870
2635 2870
2636 2871
2637 2871
2638 2871
2639 2872
2640 2872
2641 2873
2642 2874
2643 2874
2644 2875
2645 2876
2646 2876
2647 2877
2648 2877
2649 2878
2650 2878
2651 2878
2652 2879
2653 2879
2654 2879
2655 2880
2656 2880
2657 2880
2658 2881
2659 2881
2660 2882
2661 2882
2662 2883
2663 2884
2664 2884
2665 2885
2666 2886
2667 2887
2667 2888
2668 2889
2669 2889
2670 2890
2671 2890
2672 2891
2673 2891
2674 2891
2675 2891
2676 2892
2677 2892
2678 2892
2679 2892
2680 2892
2681 2893
2682 2893
2683 2893
2684 2893
2685 2893
2686 2893
2687 2894
2688 2894
2689 2894
2690 2895
2691 2895
2692 2896
2693 2896
2694 2897
2695 2897
2696 2898
2697 2898
2698 2899
2699 2899
2700 2899
2701 2899
2702 2899
2703 2900
2704 2900
2705 2900
2706 2900
2707 2901
2708 2902
2709 2903
2710 2903
2711 2904
2712 2905
2713 2906
2714 2906
2715 2907
2716 2908
2717 2908
2718 2909
2719 2909
2720 2910
2721 2910
2722 2911
2723 2911
2724 2911
2725 2911
2726 2912
2727 2912
2728 2912
2729 2912
2730 2913
2731 2913
2732 2914
2733 2914
2734 2915
2735 2916
2736 2916
2737 2917
2738 2917
2739 2917
2740 2918
2741 2918
2742 2919
2743 2919
2744 2920
2745 2921
2746 2921
2747 2922
2748 2923
2749 2923
2750 2924
2751 2924
2752 2924
2753 2925
2754 2925
2755 2925
2756 2925
2757 2925
2758 2926
2759 2926
2760 2926
2761 2926
2762 2927
2763 2927
2764 2928
2765 2928
2766 2928
2767 2929
2768 2929
2769 2929
2770 2930
2771 2930
2772 2931
2773 2932
2774 2933
2775 2934
2776 2934
2777 2935
2778 2935
2779 2936
2780 2936
2781 2937
2782 2937
2783 2938
2784 2938
2785 2938
2786 2938
2787 2939
2788 2939
2789 2940
2790 2941
2791 2941
2792 2941
2793 2942
2794 2942
2795 2943
2796 2943
2797 2944
2798 2944
2799 2944
2800 2945
2801 2945
2802 2945
2803 2945
2804 2946
2805 2946
2806 2946
2807 2946
2808 2946
2809 2946
2810 2946
2811 2946
2812 2947
2813 2947
2814 2947
2815 2947
2816 2947
2817 2947
2818 2947
2819 2947
2820 2948
2821 2948
2822 2948
2823 2948
2824 2948
2825 2948
2826 2948
2827 2948
2828 2948
2829 2948
2830 2948
2831 2949
2832 2949
2833 2949
2834 2949
2835 2949
2836 2949
2837 2949
2838 2949
2839 2949
2840 2949
2841 2949
2842 2949
2843 2949
2844 2950
2845 2950
2846 2950
2847 2950
2848 2950
2849 2950
2850 2950
2851 2950
2852 2950
2853 2950
2854 2950
2855 2950
2856 2950
2857 2950
2858 2951
2859 2951
2860 2951
2861 2951
2862 2951
2863 2951
2864 2951
2865 2951
2866 2951
2867 2951
2868 2951
2869 2951
2870 2951
2871 2952
2872 2952
2873 2952
2874 2952
2875 2952
2876 2952
2877 2952
2878 2952
2879 2952
2880 2952
2881 2952
2882 2952
2883 2952
2884 2952
2885 2953
2886 2953
2887 2953
2888 2953
2889 2953
2890 2952
2891 2952
2892 2952
2893 2952
2894 2952
2895 2952
2896 2951
2897 2951
2898 2951
2899 2951
2900 2951
2901 2951
2902 2951
2903 2950
2904 2950
2905 2950
2906 2950
2907 2950
2908 2950
2909 2950
2910 2950
2911 2950
2912 2950
2913 2950
2914 2950
2915 2950
2916 2950
2917 2949
2918 2949
2919 2949
2920 2948
2921 2948
2922 2948
2923 2948
2924 2948
2925 2947
2926 2947
2927 2947
2928 2947
2929 2947
2930 2946
2931 2946
2932 2946
2933 2946
2934 2946
2935 2946
2936 2946
2937 2946
2938 2946
2939 2945
2940 2945
2941 2945
2942 2945
2943 2944
2944 2944
2945 2944
2946 2943
2947 2943
2948 2943
2949 2943
2950 2943
2951 2943
2952 2943
2953 2942
2954 2942
2955 2942
2956 2942
2957 2942
2958 2942
2959 2942
2960 2942
2961 2942
2962 2942
2963 2942
2964 2942
2965 2942
2966 2942
2967 2943
2968 2943
2969 2943
2970 2943
2971 2943
2972 2943
2973 2943
2974 2943
2975 2943
2976 2943
2977 2943
2978 2943
2979 2943
2980 2943
2981 2943
2982 2943
2983 2942
2984 2942
2985 2942
2986 2942
2987 2941
2988 2941
2989 2941
2990 2941
2991 2941
2992 2941
2993 2941
2994 2940
2995 2940
2996 2940
2997 2940
2998 2940
2999 2940
3000 2940
3001 2940
3002 2940
3003 2940
3004 2940
3005 2940
3006 2940
3007 2940
3008 2940
3009 2940
3010 2940
3011 2940
3012 2940
3013 2940
3014 2940
3015 2940
3016 2941
3017 2941
3018 2941
3019 2941
3020 2941
3021 2941
3022 2941
3023 2941
3024 2941
3025 2941
3026 2941
3027 2941
3028 2941
3029 2941
3030 2941
3031 2941
3032 2941
3033 2942
3034 2942
3035 2942
3036 2942
3037 2942
3038 2942
3039 2942
3040 2942
3041 2942
3042 2942
3043 2942
3044 2942
3045 2942
3046 2942
3047 2943
3048 2943
3049 2943
3050 2943
3051 2943
3052 2943
3053 2943
3054 2943
3055 2943
3056 2943
3057 2943
3058 2943
3059 2943
3060 2944
3061 2944
3062 2944
3063 2944
3064 2944
3065 2944
3066 2944
3067 2944
3068 2944
3069 2944
3070 2944
3071 2944
3072 2944
3073 2944
3074 2945
3075 2945
3076 2945
3077 2945
3078 2945
3079 2945
3080 2945
3081 2945
3082 2945
3083 2945
3084 2945
3085 2945
3086 2945
3087 2946
3088 2946
3089 2946
3090 2946
3091 2946
3092 2946
3093 2946
3094 2946
3095 2946
3096 2946
3097 2946
3098 2946
3099 2946
3100 2946
3101 2947
3102 2947
3103 2947
3104 2947
3105 2947
3106 2947
3107 2947
3108 2947
3109 2947
3110 2946
3111 2946
3112 2946
3113 2946
3114 2945
3115 2945
3116 2944
3117 2944
3118 2943
3119 2943
3120 2942
3121 2942
3122 2941
3123 2941
3124 2940
3125 2940
3126 2939
3127 2939
3128 2938
3129 2938
3130 2938
3131 2937
3132 2937
3133 2936
3134 2936
3135 2935
3136 2935
3137 2934
3138 2934
3139 2933
3140 2933
3141 2932
3142 2932
3143 2931
3144 2931
3145 2930
3146 2929
3147 2928
3148 2928
3149 2927
3150 2926
3151 2926
3152 2925
3153 2924
3154 2923
3155 2923
3156 2922
3157 2921
3158 2920
3159 2919
3160 2919
3161 2918
3162 2917
3163 2917
3164 2916
3165 2915
3166 2915
3167 2915
3168 2914
3169 2914
3170 2913
3171 2913
3172 2912
3173 2912
3174 2911
3175 2911
3176 2910
3177 2910
3178 2909
3179 2908
3180 2908
3181 2907
3182 2907
3183 2906
3184 2906
3185 2905
3186 2905
3187 2904
3188 2904
3189 2903
3190 2903
3191 2902
3192 2901
3193 2901
3194 2900
3195 2900
3196 2899
3197 2898
3198 2898
3199 2897
3200 2896
3201 2896
3202 2895
3203 2895
3204 2894
3205 2894
3206 2893
3207 2893
3208 2892
3209 2892
3210 2891
3211 2891
3212 2890
3213 2889
3214 2888
3215 2887
3216 2886
3217 2886
3218 2885
3219 2884
3220 2884
3221 2883
3222 2882
3223 2881
3224 2881
3225 2880
3226 2879
3227 2879
3228 2878
3229 2878
3230 2877
3231 2876
3232 2876
3233 2875
3234 2874
3235 2874
3236 2874
3237 2873
3238 2873
3239 2872
3240 2872
3241 2872
3242 2871
3243 2871
3244 2870
3245 2870
3246 2869
3247 2869
3248 2868
3249 2868
3250 2867
3251 2866
3252 2866
3253 2865
3254 2864
3255 2864
3256 2863
3257 2863
3258 2862
3259 2862
3260 2861
3261 2861
3262 2860
3263 2860
3264 2859
3265 2859
3266 2858
3267 2858
3268 2857
3269 2857
3270 2856
3271 2856
3272 2855
3273 2855
3274 2854
3275 2854
3276 2853
3277 2853
3278 2853
3279 2853
3280 2852
3281 2852
3282 2852
3283 2852
3284 2852
3285 2852
3286 2852
3287 2852
3288 2852
3289 2852
3290 2852
3291 2852
3292 2852
3293 2852
3294 2852
3295 2851
3296 2851
3297 2850
3298 2850
3299 2850
3300 2849
3301 2849
3302 2849
3303 2849
3304 2848
3305 2848
3306 2848
3307 2847
3308 2847
3309 2847
3310 2847
3311 2846
3312 2846
3313 2845
3314 2845
3315 2845
3316 2844
3317 2844
3318 2844
3319 2844
3320 2844
3321 2844
3322 2844
3323 2844
3324 2844
3325 2843
3326 2843
3327 2843
3328 2843
3329 2842
3330 2842
3331 2841
3332 2841
3333 2841
3334 2840
3335 2840
3336 2840
3337 2840
3338 2839
3339 2839
3340 2838
3341 2837
3342 2837
3343 2836
3344 2836
3345 2836
3346 2835
3347 2835
3348 2834
3349 2834
3350 2833
3351 2833
3352 2833
3353 2832
3354 2832
3355 2831
3356 2831
3357 2831
3358 2831
3359 2831
3360 2830
3361 2830
3362 2830
3363 2829
3364 2829
3365 2828
3366 2828
3367 2827
3368 2827
3369 2826
3370 2825
3371 2825
3372 2824
3373 2823
3374 2823
3375 2822
3376 2822
3377 2822
3378 2822
3379 2822
3380 2821
3381 2820
3382 2820
3383 2819
3384 2819
3385 2818
3386 2818
3387 2817
3388 2817
3389 2817
3390 2817
3391 2816
3392 2816
3393 2816
3394 2815
3395 2815
3396 2814
3397 2814
3398 2814
3399 2813
3400 2813
3401 2812
3402 2812
3403 2812
3404 2811
3405 2811
3406 2811
3407 2810
3408 2810
3409 2809
3410 2809
3411 2809
3412 2808
3413 2808
3414 2808
3415 2807
3416 2806
3417 2806
3418 2805
3419 2804
3420 2804
3421 2804
3422 2803
3423 2803
3424 2802
3425 2802
3426 2801
3427 2801
3428 2800
3429 2800
3430 2799
3431 2799
3432 2799
3433 2798
3434 2798
3435 2797
3436 2796
3437 2796
3438 2795
3439 2794
3440 2793
3440 2792
3441 2791
3441 2790
3442 2789
3443 2788
3443 2787
3444 2786
3445 2785
3446 2785
3447 2784
3448 2783
3449 2782
3450 2781
3451 2780
3452 2779
3453 2778
3454 2777
3455 2776
3456 2775
3457 2774
3458 2773
3459 2772
3459 2771
3460 2770
3461 2769
3461 2768
3462 2767
3463 2766
3463 2765
3464 2764
3465 2763
3466 2762
3467 2761
3468 2760
3469 2759
3470 2758
3471 2757
3472 2757
3473 2756
3474 2755
3475 2754
3475 2753
3476 2752
3477 2751
3478 2750
3478 2749
3479 2748
3480 2747
3481 2746
3481 2745
3482 2744
3483 2743
3483 2742
3484 2741
3485 2740
3486 2739
3487 2738
3488 2737
3489 2736
3490 2735
3491 2734
3492 2733
3493 2732
3494 2731
3495 2730
3495 2729
3496 2728
3497 2727
3498 2726
3499 2725
3500 2724
3501 2723
3502 2722
3503 2721
3503 2720
3504 2719
3505 2718
3506 2717
3506 2716
3507 2715
3507 2714
3508 2713
3508 2712
3509 2711
3510 2710
3510 2709
3511 2708
3511 2707
3512 2706
3512 2705
3513 2704
3513 2703
3514 2702
3514 2701
3515 2700
3515 2699
3516 2698
3517 2697
3518 2696
3518 2695
3519 2694
3520 2693
3521 2692
3521 2691
3522 2690
3522 2689
3523 2688
3524 2687
3525 2686
3526 2685
3526 2684
3527 2683
3528 2682
3529 2681
3530 2680
3530 2679
3531 2678
3532 2677
3532 2676
3533 2675
3534 2674
3534 2673
3535 2672
3536 2671
3536 2670
3537 2669
3537 2668
3538 2667
3538 2666
3539 2665
3539 2664
3540 2663
3541 2662
3541 2661
3542 2660
3542 2659
3543 2658
3543 2657
3543 2656
3544 2655
3544 2654
3545 2653
3545 2652
3545 2651
3545 2650
3546 2649
3546 2648
3546 2647
3546 2646
3547 2645
3547 2644
3547 2643
3548 2642
3548 2641
3549 2640
3549 2639
3550 2638
3550 2637
3551 2636
3551 2635
3552 2634
3552 2633
3553 2632
3554 2631
3554 2630
3555 2629
3556 2628
3556 2627
3557 2626
3557 2625
3557 2624
3558 2623
3558 2622
3558 2621
3559 2620
3559 2619
3559 2618
3559 2617
3560 2616
3560 2615
3560 2614
3560 2613
3560 2612
3560 2611
3560 2610
3561 2609
3561 2608
3561 2607
3561 2606
3561 2605
3561 2604
3561 2603
3561 2602
3562 2601
3562 2600
3562 2599
3562 2598
3562 2597
3563 2596
3563 2595
3563 2594
3563 2593
3564 2592
3564 2591
3564 2590
3564 2589
3565 2588
3565 2587
3566 2586
3566 2585
3566 2584
3566 2583
3567 2582
3567 2581
3567 2580
3567 2579
3568 2578
3568 2577
3568 2576
3568 2575
3568 2574
3568 2573
3569 2572
3569 2571
3569 2570
3569 2569
3569 2568
3570 2567
3570 2566
3570 2565
3570 2564
3571 2563
3571 2562
3572 2561
3572 2560
3572 2559
3573 2558
3573 2557
3574 2556
3574 2555
3574 2554
3574 2553
3575 2552
3575 2551
3575 2550
3575 2549
3576 2548
3576 2547
3576 2546
3576 2545
3576 2544
3576 2543
3576 2542
3577 2541
3577 2540
3577 2539
3577 2538
3578 2537
3578 2536
3578 2535
3579 2534
3579 2533
3579 2532
3580 2531
3580 2530
3580 2529
3581 2528
3581 2527
3581 2526
3581 2525
3582 2524
3582 2523
3582 2522
3583 2521
3583 2520
3583 2519
3583 2518
3583 2517
3584 2516
3584 2515
3584 2514
3584 2513
3584 2512
3584 2511
3584 2510
3585 2509
3585 2508
3585 2507
3585 2506
3585 2505
3586 2504
3586 2503
3586 2502
3587 2501
3587 2500
3587 2499
3588 2498
3588 2497
3589 2496
3589 2495
3589 2494
3590 2493
3590 2492
3590 2491
3590 2490
3591 2489
3591 2488
3591 2487
3591 2486
3591 2485
3591 2484
3592 2483
3592 2482
3592 2481
3592 2480
3592 2479
3592 2478
3593 2477
3593 2476
3593 2475
3593 2474
3593 2473
3593 2472
3593 2471
3593 2470
3593 2469
3593 2468
3594 2467
3594 2466
3594 2465
3594 2464
3594 2463
3594 2462
3594 2461
3594 2460
3594 2459
3594 2458
3594 2457
3594 2456
3594 2455
3595 2454
3595 2453
3595 2452
3595 2451
3595 2450
3595 2449
3595 2448
3595 2447
3595 2446
3595 2445
3595 2444
3595 2443
3596 2442
3596 2441
3596 2440
3596 2439
3597 2438
3597 2437
3597 2436
3598 2435
3598 2434
3598 2433
3599 2432
3599 2431
3599 2430
3600 2429
3600 2428
3600 2427
3601 2426
3601 2425
3601 2424
3601 2423
3602 2422
3602 2421
3602 2420
3602 2419
3602 2418
3602 2417
3602 2416
3602 2415
3603 2414
3603 2413
3603 2412
3603 2411
3603 2410
3603 2409
3603 2408
3603 2407
3603 2406
3603 2405
3604 2404
3604 2403
3604 2402
3604 2401
3604 2400
3604 2399
3604 2398
3604 2397
3604 2396
3604 2395
3604 2394
3605 2393
3605 2392
3605 2391
3605 2390
3605 2389
3605 2388
3605 2387
3605 2386
3605 2385
3605 2384
3605 2383
3605 2382
3605 2381
3606 2380
3606 2379
3606 2378
3606 2377
3606 2376
3606 2375
3606 2374
3606 2373
3606 2372
3606 2371
3606 2370
3606 2369
3606 2368
3607 2367
3607 2366
3607 2365
3607 2364
3607 2363
3607 2362
3607 2361
3607 2360
3607 2359
3607 2358
3607 2357
3607 2356
3607 2355
3607 2354
3608 2353
3608 2352
3608 2351
3608 2350
3608 2349
3608 2348
3608 2347
3608 2346
3608 2345
3608 2344
3608 2343
3608 2342
3608 2341
3609 2340
3609 2339
3609 2338
3609 2337
3609 2336
3609 2335
3609 2334
3609 2333
3609 2332
3609 2331
3609 2330
3609 2329
3609 2328
3609 2327
3610 2326
3610 2325
3610 2324
3610 2323
3610 2322
3610 2321
3610 2320
3610 2319
3610 2318
3610 2317
3610 2316
3610 2315
3610 2314
3611 2313
3611 2312
3611 2311
3611 2310
3611 2309
3611 2308
3611 2307
3611 2306
3611 2305
3611 2304
3611 2303
3611 2302
3611 2301
3611 2300
3612 2299
3612 2298
3612 2297
3612 2296
3612 2295
3612 2294
3612 2293
3612 2292
3612 2291
3612 2290
3612 2289
3612 2288
3612 2287
3613 2286
3613 2285
3613 2284
3613 2283
3613 2282
3613 2281
3613 2280
3613 2279
3613 2278
3613 2277
3613 2276
3613 2275
3613 2274
3613 2273
3614 2272
3614 2271
3614 2270
3614 2269
3614 2268
3614 2267
3614 2266
3614 2265
3614 2264
3614 2263
3614 2262
3614 2261
3614 2260
3614 2259
3615 2258
3615 2257
3615 2256
3615 2255
3615 2254
3615 2253
3615 2252
3615 2251
3615 2250
3615 2249
3615 2248
3615 2247
3615 2246
3616 2245
3616 2244
3616 2243
3616 2242
3616 2241
3616 2240
3616 2239
3616 2238
3616 2237
3616 2236
3616 2235
3616 2234
3616 2233
3616 2232
3615 2231
3615 2230
3614 2229
3614 2228
3613 2227
3612 2226
3612 2225
3611 2224
3611 2223
3610 2222
3610 2221
3610 2220
3610 2219
3609 2218
3609 2217
3608 2216
3608 2215
3607 2214
3606 2213
3606 2212
3606 2211
3605 2210
3605 2209
3604 2208
3604 2207
3603 2206
3603 2205
3602 2204
3602 2203
3601 2202
3601 2201
3600 2200
3600 2199
3599 2198
3599 2197
3599 2196
3599 2195
3599 2194
3599 2193
3599 2192
3599 2191
3598 2190
3598 2189
3598 2188
3597 2187
3597 2186
3596 2185
3596 2184
3595 2183
3595 2182
3594 2181
3593 2180
3593 2179
3592 2178
3591 2177
3591 2176
3591 2175
3591 2174
3590 2173
3590 2172
3590 2171
3589 2170
3589 2169
3589 2168
3588 2167
3588 2166
3587 2165
3587 2164
3586 2163
3586 2162
3586 2161
3586 2160
3585 2159
3585 2158
3585 2157
3585 2156
3585 2155
3585 2154
3585 2153
3585 2152
3585 2151
3585 2150
3585 2149
3584 2148
3584 2147
3584 2146
3583 2145
3583 2144
3583 2143
3582 2142
3582 2141
3582 2140
3582 2139
3582 2138
3582 2137
3582 2136
3581 2135
3581 2134
3581 2133
3581 2132
3581 2131
3581 2130
3581 2129
3581 2128
3581 2127
3581 2126
3580 2125
3580 2124
3580 2123
3579 2122
3579 2121
3579 2120
3579 2119
3578 2118
3578 2117
3578 2116
3578 2115
3577 2114
3577 2113
3577 2112
3577 2111
3576 2110
3576 2109
3575 2108
3575 2107
3575 2106
3574 2105
3574 2104
3574 2103
3574 2102
3573 2101
3573 2100
3573 2099
3573 2098
3573 2097
3573 2096
3573 2095
3573 2094
3573 2093
3572 2092
3572 2091
3572 2090
3571 2089
3571 2088
3571 2087
3571 2086
3571 2085
3570 2084
3570 2083
3570 2082
3570 2081
3570 2080
3570 2079
3570 2078
3569 2077
3569 2076
3569 2075
3569 2074
3568 2073
3568 2072
3568 2071
3567 2070
3567 2069
3567 2068
3566 2067
3566 2066
3566 2065
3565 2064
3565 2063
3565 2062
3564 2061
3564 2060
3563 2059
3563 2058
3562 2057
3561 2056
3560 2055
3559 2054
3559 2053
3558 2052
3557 2051
3557 2050
3556 2049
3556 2048
3555 2047
3554 2046
3554 2045
3553 2044
3552 2043
3551 2042
3550 2041
3549 2040
3548 2039
3547 2038
3547 2037
3546 2036
3545 2035
3544 2034
3543 2033
3542 2032
3541 2031
3540 2030
3539 2029
3538 2028
3537 2028
3536 2027
3535 2026
3534 2025
3533 2024
3532 2023
3531 2022
3530 2021
3529 2020
3528 2019
3527 2018
3526 2017
3526 2016
3525 2015
3524 2014
3524 2013
3523 2012
3522 2011
3522 2010
3521 2009
3520 2008
3520 2007
3519 2006
3518 2005
3518 2004
3517 2003
3516 2002
3515 2001
3515 2000
3514 1999
3513 1998
3512 1997
3511 1996
3510 1995
3509 1994
3509 1993
3508 1992
3508 1991
3507 1990
3507 1989
3506 1988
3506 1987
3505 1986
3504 1985
3503 1984
3502 1983
3501 1982
3501 1981
3500 1980
3499 1979
3498 1978
3497 1977
3497 1976
3496 1975
3496 1974
3495 1973
3495 1972
3494 1971
3493 1970
3493 1969
3492 1968
3492 1967
3491 1966
3491 1965
3490 1964
3489 1963
3488 1962
3487 1961
3487 1960
3486 1959
3485 1958
3484 1957
3483 1956
3482 1955
3482 1954
3481 1953
3480 1952
3480 1951
3479 1950
3478 1949
3478 1948
3477 1947
3477 1946
3476 1945
3476 1944
3475 1943
3474 1942
3474 1941
3473 1940
3473 1939
3472 1938
3472 1937
3471 1936
3471 1935
3471 1934
3470 1933
3470 1932
3469 1931
3468 1930
3468 1929
3468 1928
3467 1927
3467 1926
3467 1925
3467 1924
3466 1923
3466 1922
3466 1921
3466 1920
3466 1919
3465 1918
3465 1917
3464 1916
3464 1915
3463 1914
3462 1913
3461 1912
3460 1911
3460 1910
3459 1909
3459 1908
3459 1907
3458 1906
3458 1905
3458 1904
3457 1903
3456 1902
3456 1901
3455 1900
3455 1899
3454 1898
3454 1897
3453 1896
3452 1895
3452 1894
3451 1893
3450 1892
3449 1891
3448 1890
3448 1889
3447 1888
3447 1887
3446 1886
3446 1885
3445 1884
3444 1883
3443 1882
3442 1881
3441 1880
3440 1879
3439 1878
3438 1877
3437 1876
3436 1876
3435 1875
3434 1875
3433 1874
3432 1874
3431 1873
3430 1872
3429 1872
3428 1871
3427 1870
3426 1870
3425 1869
3424 1869
3423 1868
3422 1868
3421 1868
3420 1867
3419 1867
3418 1867
3417 1867
3416 1866
3415 1866
3414 1866
3413 1866
3412 1866
3411 1865
3410 1865
3409 1865
3408 1865
3407 1865
3406 1864
3405 1864
3404 1864
3403 1863
3402 1863
3401 1863
3400 1862
3399 1862
3398 1861
3397 1861
3396 1860
3395 1860
3394 1859
3393 1859
3392 1858
3391 1857
3390 1857
3389 1856
3388 1856
3387 1855
3386 1855
3385 1855
3384 1854
3383 1854
3382 1853
3381 1853
3380 1853
3379 1853
3378 1852
3377 1852
3376 1852
3375 1851
3374 1851
3373 1850
3372 1850
3371 1849
3370 1849
3369 1849
3368 1848
3367 1848
3366 1847
3365 1847
3364 1847
3363 1846
3362 1846
3361 1845
3360 1845
3359 1845
3358 1845
3357 1845
3356 1844
3355 1844
3354 1844
3353 1844
3352 1844
3351 1844
3350 1844
3349 1844
3348 1843
3347 1843
3346 1843
3345 1843
3344 1843
3343 1843
3342 1843
3341 1843
3340 1843
3339 1842
3338 1842
3337 1842
3336 1842
3335 1842
3334 1842
3333 1842
3332 1842
3331 1842
3330 1842
3329 1842
3328 1841
3327 1841
3326 1841
3325 1841
3324 1841
3323 1841
3322 1841
3321 1841
3320 1841
3319 1841
3318 1840
3317 1840
3316 1840
3315 1840
3314 1840
3313 1840
3312 1840
3311 1840
3310 1840
3309 1840
3308 1840
3307 1840
3306 1840
3305 1839
3304 1839
3303 1839
3302 1839
3301 1839
3300 1839
3299 1839
3298 1839
3297 1839
3296 1839
3295 1839
3294 1839
3293 1839
3292 1839
3291 1838
3290 1838
3289 1838
3288 1838
3287 1838
3286 1838
3285 1838
3284 1838
3283 1838
3282 1838
3281 1838
3280 1838
3279 1838
3278 1837
3277 1837
3276 1837
3275 1837
3274 1837
3273 1837
3272 1837
3271 1837
3270 1837
3269 1837
3268 1837
3267 1837
3266 1837
3265 1837
3264 1836
3263 1836
3262 1836
3261 1836
3260 1836
3259 1836
3258 1836
3257 1835
3256 1835
3255 1835
3254 1835
3253 1834
3252 1834
3251 1834
3250 1833
3249 1833
3248 1833
3247 1833
3246 1832
3245 1832
3244 1832
3243 1832
3242 1831
3241 1831
3240 1831
3239 1831
3238 1830
3237 1830
3236 1830
3235 1829
3234 1829
3233 1829
3232 1828
3231 1828
3230 1828
3229 1827
3228 1827
3227 1827
3226 1826
3225 1826
3224 1825
3223 1825
3222 1825
3221 1824
3220 1824
3219 1823
3218 1823
3217 1822
3216 1822
3215 1821
3214 1821
3213 1820
3212 1820
3211 1819
3210 1819
3209 1819
3208 1818
3207 1818
3206 1818
3205 1817
3204 1817
3203 1817
3202 1816
3201 1816
3200 1816
3199 1815
3198 1815
3197 1814
3196 1814
3195 1813
3194 1813
3193 1812
3192 1812
3191 1812
3190 1811
3189 1811
3188 1811
3187 1811
3186 1811
3185 1810
3184 1810
3183 1810
3182 1810
3181 1810
3180 1810
3179 1809
3178 1809
3177 1809
3176 1809
3175 1809
3174 1809
3173 1809
3172 1808
3171 1808
3170 1808
3169 1808
3168 1808
3167 1808
3166 1808
3165 1808
3164 1808
3163 1807
3162 1807
3161 1807
3160 1807
3159 1807
3158 1807
3157 1807
3156 1807
3155 1807
3154 1807
3153 1806
3152 1806
3151 1806
3150 1806
3149 1806
3148 1806
3147 1806
3146 1806
3145 1806
3144 1806
3143 1806
3142 1806
3141 1805
3140 1805
3139 1805
3138 1805
3137 1805
3136 1805
3135 1805
3134 1805
3133 1805
3132 1805
3131 1805
3130 1805
3129 1805
3128 1805
3127 1804
3126 1804
3125 1804
