2340 1848
2339 1849
2339 1850
2338 1851
2338 1852
2338 1853
2337 1854
2337 1855
2337 1856
2337 1857
2337 1858
2336 1859
2336 1860
2335 1861
2334 1862
2333 1863
2332 1864
2331 1865
2330 1866
2330 1867
2329 1868
2328 1869
2327 1870
2326 1870
2325 1871
2324 1872
2323 1873
2322 1874
2322 1875
2322 1876
2321 1877
2320 1878
2319 1879
2318 1880
2318 1881
2317 1882
2316 1883
2315 1884
2314 1884
2314 1885
2313 1886
2312 1887
2311 1888
2310 1888
2310 1889
2309 1890
2309 1891
2308 1892
2307 1893
2306 1894
2305 1895
2305 1896
2304 1897
2303 1898
2302 1899
2301 1900
2300 1901
2299 1901
2298 1902
2297 1902
2296 1902
2295 1902
2294 1903
2293 1903
2292 1904
2291 1905
2290 1906
2289 1907
2288 1908
2287 1908
2286 1908
2285 1909
2284 1909
2283 1909
2282 1909
2281 1909
2280 1909
2279 1909
2278 1909
2277 1909
2276 1909
2275 1909
2274 1909
2273 1909
2272 1909
2271 1910
2270 1910
2269 1910
2268 1910
2267 1910
2266 1910
2265 1910
2264 1910
2263 1910
2262 1910
2261 1911
2260 1911
2259 1911
2258 1911
2257 1911
2256 1911
2255 1911
2254 1911
2253 1910
2252 1910
2251 1910
2250 1910
2249 1910
2248 1910
2247 1910
2246 1910
2245 1910
2244 1909
2243 1909
2242 1909
2241 1909
2240 1909
2239 1909
2238 1909
2237 1909
2236 1909
2235 1909
2234 1909
2233 1909
2232 1908
2231 1908
2230 1908
2229 1908
2228 1908
2227 1908
2226 1908
2225 1908
2224 1908
2223 1908
2222 1908
2221 1907
2220 1907
2219 1907
2218 1907
2217 1907
2216 1907
2215 1907
2214 1907
2213 1907
2212 1907
2211 1907
2210 1907
2209 1907
2208 1908
2207 1908
2206 1908
2205 1908
2204 1909
2203 1910
2202 1911
2201 1912
2200 1913
2199 1914
2198 1914
2197 1915
2196 1915
2195 1916
2194 1917
2194 1918
2193 1919
2192 1920
2191 1921
2190 1922
2189 1923
2188 1924
2187 1925
2186 1926
2186 1927
2185 1928
2184 1929
2183 1930
2182 1931
2181 1932
2180 1933
2179 1934
2178 1935
2178 1936
2177 1937
2177 1938
2176 1939
2175 1940
2174 1941
2174 1942
2173 1943
2173 1944
2172 1945
2171 1946
2170 1947
2169 1948
2168 1948
2167 1949
2166 1950
2165 1951
2164 1952
2163 1953
2162 1954
2161 1955
2160 1956
2160 1957
2160 1958
2159 1959
2158 1960
2157 1961
2156 1962
2156 1963
2155 1964
2154 1965
2153 1966
2152 1967
2151 1967
2150 1968
2150 1969
2149 1970
2148 1971
2148 1972
2147 1973
2147 1974
2146 1975
2146 1976
2145 1977
2144 1978
2144 1979
2143 1980
2143 1981
2142 1982
2141 1983
2140 1984
2139 1985
2139 1986
2139 1987
2138 1988
2137 1989
2136 1990
2135 1991
2134 1992
2133 1992
2132 1991
2132 1990
2131 1989
2131 1988
2131 1987
2131 1986
2131 1985
2131 1984
2131 1983
2130 1982
2130 1981
2130 1980
2130 1979
2129 1978
2129 1977
2129 1976
2129 1975
2129 1974
2128 1973
2128 1972
2128 1971
2128 1970
2128 1969
2128 1968
2128 1967
2128 1966
2128 1965
2128 1964
2128 1963
2128 1962
2128 1961
2128 1960
2128 1959
2127 1958
2127 1957
2126 1956
2125 1956
2124 1956
2123 1957
2122 1957
2121 1958
2121 1959
2120 1960
2119 1961
2119 1962
2118 1963
2118 1964
2117 1965
2116 1966
2116 1967
2115 1968
2115 1969
2114 1970
2114 1971
2114 1972
2113 1973
2113 1974
2113 1975
2113 1976
2112 1977
2112 1978
2112 1979
2112 1980
2112 1981
2112 1982
2112 1983
2111 1984
2110 1985
2110 1986
2109 1987
2108 1988
2108 1989
2107 1990
2106 1991
2105 1992
2104 1993
2103 1993
2102 1994
2102 1995
2101 1996
2100 1997
2100 1998
2099 1999
2099 2000
2099 2001
2099 2002
2098 2003
2097 2003
2097 2004
2096 2005
2096 2006
2095 2007
2095 2008
2095 2009
2094 2010
2093 2011
2092 2012
2091 2013
2091 2014
2091 2015
2090 2016
2089 2017
2088 2017
2088 2018
2087 2019
2086 2019
2085 2018
2085 2017
2085 2016
2085 2015
2085 2014
2085 2013
2085 2012
2085 2011
2084 2010
2084 2009
2084 2008
2084 2007
2084 2006
2084 2005
2084 2004
2084 2003
2084 2002
2084 2001
2084 2000
2084 1999
2084 1998
2084 1997
2084 1996
2084 1995
2084 1994
2084 1993
2084 1992
2084 1991
2085 1990
2085 1989
2085 1988
2085 1987
2085 1986
2085 1985
2085 1984
2085 1983
2085 1982
2085 1981
2085 1980
2085 1979
2086 1978
2086 1977
2086 1976
2086 1975
2085 1974
2085 1973
2085 1972
2084 1971
2084 1970
2084 1969
2084 1968
2083 1967
2083 1966
2082 1965
2081 1964
2080 1964
2080 1965
2080 1966
2079 1967
2079 1968
2079 1969
2079 1970
2079 1971
2079 1972
2079 1973
2079 1974
2079 1975
2079 1976
2080 1977
2080 1978
2080 1979
2080 1980
2080 1981
2080 1982
2080 1983
2080 1984
2080 1985
2080 1986
2080 1987
2080 1988
2080 1989
2080 1990
2080 1991
2080 1992
2080 1993
2080 1994
2080 1995
2081 1996
2081 1997
2081 1998
2081 1999
2082 2000
2082 2001
2082 2002
2082 2003
2082 2004
2082 2005
2082 2006
2082 2007
2082 2008
2082 2009
2082 2010
2082 2011
2082 2012
2082 2013
2082 2014
2082 2015
2082 2016
2082 2017
2082 2018
2082 2019
2082 2020
2082 2021
2082 2022
2082 2023
2081 2024
2081 2025
2081 2026
2081 2027
2081 2028
2081 2029
2081 2030
2081 2031
2081 2032
2081 2033
2081 2034
2081 2035
2080 2036
2080 2037
2080 2038
2080 2039
2080 2040
2080 2041
2079 2042
2078 2043
2077 2043
2076 2043
2075 2043
2074 2043
2073 2044
2072 2044
2071 2044
2070 2044
2069 2044
2068 2044
2067 2045
2066 2045
2065 2045
2064 2046
2063 2046
2062 2046
2061 2046
2060 2046
2059 2046
2058 2047
2057 2047
2056 2047
2055 2048
2054 2048
2053 2048
2052 2048
2051 2049
2050 2049
2049 2049
2048 2049
2047 2048
2046 2048
2045 2049
2044 2049
2043 2049
2042 2049
2041 2049
2040 2048
2039 2048
2038 2047
2037 2047
2036 2046
2035 2046
2034 2045
2033 2045
2032 2044
2031 2043
2030 2042
2029 2041
2028 2040
2027 2039
2026 2038
2026 2037
2026 2036
2025 2035
2025 2034
2024 2033
2023 2032
2023 2031
2023 2030
2022 2029
2022 2028
2022 2027
2021 2026
2020 2025
2019 2024
2018 2023
2017 2022
2017 2021
2016 2020
2016 2019
2016 2018
2016 2017
2015 2016
2015 2015
2015 2016
2015 2017
2015 2018
2015 2019
2014 2020
2014 2021
2014 2022
2014 2023
2014 2024
2014 2025
2014 2026
2014 2027
2014 2028
2014 2029
2013 2030
2013 2031
2013 2032
2013 2033
2013 2034
2013 2035
2013 2036
2013 2037
2013 2038
2013 2039
2013 2040
2013 2041
2012 2042
2012 2043
2012 2044
2012 2045
2012 2046
2012 2047
2012 2048
2012 2049
2012 2050
2012 2051
2012 2052
2012 2053
2012 2054
2012 2055
2013 2056
2013 2057
2013 2058
2013 2059
2013 2060
2014 2061
2014 2062
2014 2063
2014 2064
2014 2065
2014 2066
2014 2067
2014 2068
2014 2069
2013 2070
2013 2071
2014 2072
2014 2073
2014 2074
2015 2075
2015 2076
2015 2077
2015 2078
2016 2079
2016 2080
2016 2081
2016 2082
2016 2083
2016 2084
2016 2085
2016 2086
2016 2087
2016 2088
2015 2089
2015 2090
2015 2091
2015 2092
2015 2093
2015 2094
2015 2095
2015 2096
2015 2097
2015 2098
2015 2099
2015 2100
2015 2101
2015 2102
2014 2103
2014 2104
2014 2105
2014 2106
2014 2107
2014 2108
2013 2109
2012 2108
2011 2107
2011 2106
2011 2105
2010 2104
2009 2103
2009 2102
2009 2101
2008 2100
2008 2099
2008 2098
2008 2097
2008 2096
2008 2095
2007 2094
2006 2093
2006 2092
2006 2091
2005 2090
2004 2089
2003 2088
2002 2088
2001 2088
2000 2087
1999 2087
1998 2087
1997 2087
1996 2087
1995 2086
1994 2086
1993 2086
1992 2086
1991 2086
1990 2086
1989 2085
1988 2085
1987 2085
1986 2085
1985 2085
1984 2084
1983 2084
1982 2083
1981 2083
1980 2082
1979 2082
1978 2081
1977 2081
1976 2081
1975 2081
1974 2080
1973 2079
1972 2079
1971 2078
1970 2077
1970 2076
1970 2075
1969 2074
1969 2073
1969 2072
1969 2071
1969 2070
1969 2069
1969 2068
1969 2067
1969 2066
1969 2065
1969 2064
1969 2063
1969 2062
1970 2061
1970 2060
1970 2059
1970 2058
1970 2057
1970 2056
1970 2055
1970 2054
1970 2053
1970 2052
1970 2051
1970 2050
1971 2049
1971 2048
1971 2047
1972 2046
1972 2045
1972 2044
1973 2043
1973 2042
1973 2041
1974 2040
1974 2039
1974 2038
1975 2037
1975 2036
1975 2035
1975 2034
1975 2033
1975 2032
1976 2031
1976 2030
1976 2029
1976 2028
1976 2027
1976 2026
1976 2025
1976 2024
1976 2023
1976 2022
1977 2021
1977 2020
1977 2019
1977 2018
1977 2017
1977 2016
1977 2015
1977 2014
1977 2013
1977 2012
1976 2011
1976 2010
1976 2009
1975 2008
1975 2007
1974 2006
1973 2006
1972 2005
1971 2005
1970 2005
1969 2004
1969 2003
1968 2002
1967 2002
1966 2001
1965 2001
1964 2001
1963 2001
1962 2001
1961 2001
1960 2000
1959 2000
1958 2000
1957 2000
1956 2000
1955 2000
1954 2000
1953 2000
1952 2000
1951 2000
1950 2000
1949 1999
1948 1999
1947 1999
1946 1999
1945 1999
1944 1999
1945 2000
1946 2001
1947 2002
1947 2003
1948 2004
1949 2005
1949 2006
1950 2007
1950 2008
1950 2009
1951 2010
1951 2011
1951 2012
1952 2013
1952 2014
1953 2015
1953 2016
1953 2017
1953 2018
1953 2019
1954 2020
1954 2021
1954 2022
1954 2023
1954 2024
1954 2025
1954 2026
1954 2027
1954 2028
1954 2029
1953 2030
1953 2031
1953 2032
1953 2033
1953 2034
1953 2035
1953 2036
1953 2037
1953 2038
1953 2039
1953 2040
1953 2041
1953 2042
1953 2043
1952 2044
1952 2045
1952 2046
1952 2047
1952 2048
1952 2049
1953 2050
1953 2051
1953 2052
1954 2053
1954 2054
1954 2055
1954 2056
1954 2057
1954 2058
1954 2059
1954 2060
1955 2061
1955 2062
1955 2063
1956 2064
1956 2065
1956 2066
1956 2067
1957 2068
1957 2069
1958 2070
1958 2071
1959 2072
1959 2073
1959 2074
1959 2075
1960 2076
1960 2077
1960 2078
1960 2079
1960 2080
1960 2081
1960 2082
1959 2083
1958 2082
1957 2082
1956 2082
1955 2082
1954 2082
1953 2082
1952 2082
1951 2082
1950 2082
1949 2082
1948 2082
1947 2082
1946 2083
1945 2083
1944 2083
1943 2083
1942 2083
1941 2084
1940 2084
1939 2084
1938 2085
1937 2086
1936 2087
1935 2088
1934 2089
1933 2090
1932 2091
1931 2092
1930 2093
1929 2093
1928 2094
1927 2094
1926 2094
1925 2094
1924 2095
1923 2095
1922 2096
1921 2096
1920 2097
1919 2097
1918 2097
1917 2097
1916 2098
1915 2098
1914 2098
1913 2099
1912 2099
1911 2099
1910 2100
1909 2100
1908 2100
1908 2101
1907 2102
1906 2103
1906 2104
1905 2105
1904 2105
1904 2106
1903 2107
1902 2108
1901 2109
1900 2110
1899 2111
1898 2111
1897 2112
1896 2113
1895 2114
1894 2115
1893 2116
1892 2116
1891 2117
1890 2117
1889 2117
1888 2118
1887 2119
1886 2120
1885 2120
1884 2121
1883 2122
1882 2122
1881 2122
1880 2123
1879 2123
1878 2123
1877 2124
1876 2124
1875 2125
1874 2125
1873 2126
1872 2126
1871 2126
1870 2126
1869 2126
1868 2126
1867 2126
1866 2126
1865 2127
1864 2127
1863 2127
1862 2128
1861 2128
1860 2129
1859 2129
1858 2130
1857 2131
1856 2132
1855 2133
1854 2134
1853 2134
1852 2135
1851 2135
1850 2135
1849 2136
1848 2137
1847 2138
1846 2138
1845 2139
1844 2139
1843 2139
1842 2140
1841 2141
1840 2141
1839 2141
1838 2142
1837 2142
1836 2142
1835 2142
1834 2142
1833 2142
1832 2142
1831 2142
1830 2143
1829 2144
1828 2144
1827 2144
1826 2144
1825 2145
1824 2145
1823 2145
1822 2145
1821 2145
1820 2145
1819 2145
1818 2145
1817 2145
1816 2145
1815 2144
1814 2144
1813 2144
1812 2144
1811 2144
1810 2144
1809 2144
1808 2144
1807 2144
1806 2144
1805 2144
1804 2144
1803 2144
1802 2145
1801 2145
1800 2145
1799 2145
1798 2145
1797 2146
1796 2146
1795 2146
1794 2146
1793 2146
1792 2146
1791 2146
1790 2146
1789 2146
1788 2147
1787 2147
1786 2148
1785 2148
1784 2148
1783 2148
1782 2148
1781 2148
1780 2148
1779 2148
1778 2148
1777 2148
1776 2148
1775 2148
1774 2148
1773 2149
1772 2149
1771 2149
1770 2150
1769 2150
1768 2150
1767 2150
1766 2151
1765 2151
1764 2151
1763 2152
1762 2152
1761 2153
1760 2154
1759 2154
1759 2155
1758 2156
1757 2157
1756 2158
1755 2159
1754 2160
1753 2161
1752 2161
1751 2162
1750 2163
1749 2164
1749 2165
1748 2166
1747 2167
1747 2168
1747 2169
1747 2170
1746 2171
1746 2172
1746 2173
1746 2174
1746 2175
1746 2176
1746 2177
1746 2178
1746 2179
1746 2180
1745 2181
1745 2182
1745 2183
1745 2184
1745 2185
1745 2186
1745 2187
1745 2188
1745 2189
1745 2190
1744 2191
1744 2192
1744 2193
1744 2194
1744 2195
1744 2196
1744 2197
1744 2198
1744 2199
1743 2200
1742 2201
1741 2201
1740 2202
1740 2203
1739 2204
1738 2205
1737 2206
1736 2207
1735 2208
1734 2209
1733 2210
1732 2211
1731 2212
1730 2213
1729 2214
1728 2215
1727 2216
1726 2217
1725 2218
1725 2219
1724 2220
1723 2221
1722 2221
1721 2222
1720 2222
1719 2223
1718 2223
1717 2224
1716 2224
1715 2224
1714 2225
1713 2226
1712 2227
1711 2227
1710 2228
1709 2229
1708 2230
1707 2230
1706 2231
1705 2231
1704 2232
1703 2232
1702 2233
1701 2233
1700 2233
1699 2234
1698 2235
1697 2236
1696 2236
1695 2237
1694 2237
1693 2237
1692 2238
1691 2238
1690 2239
1689 2239
1688 2240
1687 2240
1686 2240
1685 2241
1684 2241
1683 2242
1682 2243
1681 2243
1680 2243
1679 2244
1678 2244
1677 2245
1676 2246
1675 2247
1674 2248
1673 2248
1672 2249
1671 2249
1670 2249
1669 2250
1668 2250
1667 2250
1666 2251
1665 2251
1664 2252
1663 2253
1662 2254
1661 2255
1660 2255
1659 2256
1658 2256
1657 2257
1656 2258
1655 2258
1654 2259
1653 2259
1652 2259
1651 2260
1650 2260
1649 2260
1648 2261
1647 2261
1646 2262
1645 2262
1644 2263
1643 2263
1642 2263
1641 2263
1640 2263
1639 2263
1638 2263
1637 2264
1636 2265
1635 2265
1635 2266
1634 2267
1633 2267
1632 2268
1631 2269
1630 2269
1629 2269
1628 2270
1627 2270
1626 2271
1625 2271
1624 2272
1623 2272
1622 2272
1621 2272
1620 2272
1619 2272
1618 2273
1617 2273
1616 2274
1615 2275
1614 2276
1613 2276
1612 2277
1611 2277
1610 2278
1609 2278
1608 2278
1607 2279
1606 2279
1605 2280
1604 2281
1603 2281
1602 2281
1601 2282
1600 2283
1599 2283
1598 2284
1597 2284
1596 2285
1595 2286
1594 2287
1593 2287
1592 2288
1591 2288
1590 2288
1589 2288
1588 2288
1587 2289
1586 2289
1585 2290
1584 2290
1583 2291
1582 2292
1581 2293
1580 2293
1579 2294
1578 2294
1577 2295
1576 2296
1575 2296
1574 2297
1573 2297
1572 2297
1571 2297
1570 2297
1569 2298
1568 2298
1567 2299
1566 2299
1565 2300
1564 2300
1563 2301
1562 2301
1561 2301
1560 2301
1559 2301
1558 2301
1557 2301
1556 2301
1555 2301
1554 2301
1553 2301
1552 2301
1551 2300
1550 2300
1549 2300
1548 2300
1547 2300
1546 2300
1545 2300
1544 2300
1543 2300
1542 2300
1541 2300
1540 2299
1539 2299
1538 2299
1537 2299
1536 2299
1535 2299
1534 2299
1533 2299
1532 2299
1531 2299
1530 2299
1529 2299
1528 2298
1527 2298
1526 2298
1525 2298
1524 2298
1523 2298
1522 2298
1521 2298
1520 2298
1519 2298
1518 2298
1517 2298
1516 2297
1515 2297
1514 2297
1513 2297
1512 2297
1511 2297
1510 2297
1509 2297
1508 2297
1507 2297
1506 2297
1505 2296
1504 2296
1503 2296
1502 2296
1501 2296
1500 2296
1499 2296
1498 2296
1497 2296
1496 2296
1495 2295
1494 2295
1493 2295
1492 2295
1491 2295
1490 2295
1489 2295
1488 2295
1487 2295
1486 2295
1485 2295
1484 2295
1483 2294
1482 2294
1481 2294
1480 2294
1479 2295
1478 2295
1477 2295
1476 2295
1475 2295
1474 2296
1473 2296
1472 2296
1471 2296
1470 2297
1469 2297
1468 2298
1467 2298
1466 2298
1465 2299
1464 2299
1463 2299
1462 2299
1461 2299
1460 2299
1459 2299
1458 2300
1457 2300
1456 2301
1455 2302
1454 2302
1453 2302
1452 2302
1451 2302
1450 2302
1449 2302
1448 2302
1447 2302
1446 2302
1445 2302
1444 2302
1443 2302
1442 2302
1441 2302
1440 2302
1439 2302
1438 2302
1437 2303
1436 2303
1435 2303
1434 2303
1433 2304
1432 2304
1431 2304
1430 2304
1429 2304
1428 2304
1427 2304
1426 2304
1425 2304
1424 2304
1423 2304
1422 2304
1421 2304
1420 2304
1419 2304
1418 2305
1417 2305
1416 2305
1415 2306
1414 2306
1413 2306
1412 2306
1411 2306
1410 2306
1409 2306
1408 2306
1407 2306
1406 2306
1405 2306
1404 2306
1403 2306
1402 2306
1401 2306
1400 2306
1399 2306
1398 2306
1397 2306
1396 2305
1395 2305
1394 2305
1393 2305
1392 2305
1391 2305
1390 2305
1389 2305
1388 2305
1387 2305
1386 2305
1385 2305
1384 2305
1383 2304
1382 2304
1381 2304
1380 2304
1379 2304
1378 2303
1377 2302
1376 2302
1375 2301
1374 2301
1373 2300
1372 2300
1371 2300
1370 2300
1369 2299
1368 2299
1367 2299
1366 2299
1365 2299
1364 2299
1363 2299
1362 2300
1361 2300
1360 2301
1359 2301
1358 2301
1357 2301
1356 2301
1355 2301
1354 2301
1353 2302
1352 2302
1351 2303
1350 2303
1349 2304
1348 2305
1347 2306
1346 2306
1345 2307
1344 2307
1343 2307
1342 2308
1341 2308
1340 2308
1339 2308
1338 2308
1337 2307
1336 2307
1335 2307
1334 2307
1333 2307
1332 2307
1331 2307
1330 2307
1329 2307
1328 2308
1327 2308
1326 2309
1325 2309
1324 2309
1323 2309
1322 2309
1321 2309
1320 2309
1319 2309
1318 2309
1317 2309
1316 2309
1315 2309
1314 2309
1313 2309
1312 2309
1311 2309
1310 2309
1309 2309
1308 2309
1307 2309
1306 2308
1305 2308
1304 2309
1303 2309
1302 2310
1301 2310
1300 2310
1299 2310
1298 2311
1297 2311
1296 2311
1295 2311
1294 2311
1293 2311
1292 2311
1291 2311
1290 2311
1289 2311
1288 2311
1287 2312
1286 2312
1285 2312
1284 2312
1283 2313
1282 2313
1281 2313
1280 2313
1279 2313
1278 2313
1277 2313
1276 2313
1275 2313
1274 2313
1273 2313
1272 2313
1271 2313
1270 2313
1269 2313
1268 2313
1267 2312
1266 2312
1265 2312
1264 2312
1263 2312
1262 2312
1261 2312
1260 2312
1259 2312
1258 2312
1257 2312
1256 2312
1255 2312
1254 2313
1253 2313
1252 2313
1251 2314
1250 2314
1249 2314
1248 2314
1247 2314
1246 2314
1245 2314
1244 2315
1243 2316
1242 2316
1241 2317
1240 2317
1239 2317
1238 2317
1237 2317
1236 2318
1235 2318
1234 2319
1233 2319
1232 2320
1231 2320
1230 2320
1229 2320
1228 2320
1227 2320
1226 2320
1225 2320
1224 2320
1223 2321
1222 2321
1221 2321
1220 2322
1219 2322
1218 2322
1217 2322
1216 2322
1215 2323
1214 2323
1213 2323
1212 2324
1211 2324
1210 2325
1209 2325
1208 2325
1207 2325
1206 2325
1205 2325
1204 2325
1203 2325
1202 2325
1201 2325
1200 2325
1199 2325
1198 2325
1197 2325
1196 2325
1195 2325
1194 2325
1193 2325
1192 2324
1191 2324
1190 2324
1189 2324
1188 2324
1187 2324
1186 2325
1185 2325
1184 2325
1183 2325
1182 2325
1181 2325
1180 2325
1179 2326
1178 2326
1177 2326
1176 2326
1175 2326
1174 2326
1173 2326
1172 2326
1171 2326
1170 2326
1169 2326
1168 2326
1167 2326
1166 2326
1165 2326
1164 2326
1163 2326
1162 2326
1161 2326
1160 2327
1159 2327
1158 2327
1157 2327
1156 2327
1155 2328
1154 2328
1153 2328
1152 2328
1151 2328
1150 2328
1149 2328
1148 2329
1147 2329
1146 2330
1145 2331
1144 2331
1143 2332
1142 2333
1141 2333
1140 2334
1139 2334
1138 2335
1137 2335
1136 2336
1135 2336
1134 2336
1133 2336
1132 2337
1131 2337
1130 2337
1129 2337
1128 2337
1127 2337
1126 2337
1125 2337
1124 2338
1123 2338
1122 2338
1121 2338
1120 2338
1119 2339
1118 2339
1117 2339
1116 2339
1115 2339
1114 2339
1113 2339
1112 2339
1111 2339
1110 2339
1109 2339
1108 2339
1107 2340
1106 2340
1105 2340
1104 2341
1103 2341
1102 2341
1101 2341
1100 2341
1099 2341
1098 2341
1097 2341
1096 2341
1095 2341
1094 2342
1093 2342
1092 2341
1091 2341
1090 2341
1089 2341
1088 2341
1087 2341
1086 2341
1085 2341
1084 2341
1083 2341
1082 2341
1081 2341
1080 2341
1079 2341
1078 2341
1077 2341
1076 2340
1075 2340
1074 2340
1073 2341
1072 2341
1071 2341
1070 2341
1069 2342
1068 2342
1067 2342
1066 2342
1065 2342
1064 2342
1063 2342
1062 2342
1061 2342
1060 2342
1059 2342
1058 2342
1057 2343
1057 2344
1058 2345
1059 2345
1060 2346
1061 2346
1062 2346
1063 2346
1064 2346
1065 2347
1066 2347
1067 2347
1068 2347
1069 2347
1070 2347
1071 2347
1072 2347
1073 2348
1074 2348
1075 2348
1076 2348
1077 2348
1078 2348
1079 2348
1080 2348
1081 2348
1082 2348
1083 2348
1084 2348
1085 2349
1086 2349
1087 2349
1088 2349
1089 2349
1090 2349
1091 2349
1092 2349
1093 2349
1094 2349
1095 2350
1096 2350
1097 2350
1098 2350
1099 2350
1100 2350
1101 2350
1102 2350
1103 2350
1104 2350
1105 2350
1106 2350
1107 2350
1108 2350
1109 2350
1110 2349
1111 2349
1112 2349
1113 2349
1114 2348
1115 2348
1116 2348
1117 2347
1118 2346
1119 2346
1120 2345
1121 2345
1122 2345
1123 2345
1124 2345
1125 2345
1126 2345
1127 2345
1128 2345
1129 2345
1130 2345
1131 2345
1132 2345
1133 2346
1134 2346
1135 2346
1136 2346
1137 2346
1138 2346
1139 2346
1140 2346
1141 2346
1142 2346
1143 2346
1144 2346
1145 2345
1146 2345
1147 2344
1148 2344
1149 2344
1150 2344
1151 2344
1152 2344
1153 2344
1154 2344
1155 2344
1156 2344
1157 2344
1158 2344
1159 2344
1160 2344
1161 2344
1162 2343
1163 2343
1164 2342
1165 2342
1166 2342
1167 2342
1168 2342
1169 2342
1170 2342
1171 2342
1172 2342
1173 2342
1174 2342
1175 2342
1176 2342
1177 2342
1178 2342
1179 2342
1180 2342
1181 2342
1182 2342
1183 2342
1184 2342
1185 2343
1186 2343
1187 2343
1188 2343
1189 2343
1190 2343
1191 2343
1192 2343
1193 2343
1194 2343
1195 2344
1196 2344
1197 2344
1198 2344
1199 2344
1200 2344
1201 2344
1202 2344
1203 2344
1204 2344
1205 2344
1206 2344
1207 2344
1208 2345
1209 2345
1210 2345
1211 2345
1212 2345
1213 2345
1214 2345
1215 2345
1216 2344
1217 2344
1218 2344
1219 2344
1220 2344
1221 2343
1222 2343
1223 2343
1224 2343
1225 2343
1226 2342
1227 2342
1228 2342
1229 2341
1230 2341
1231 2341
1232 2341
1233 2341
1234 2340
1235 2340
1236 2340
1237 2340
1238 2340
1239 2340
1240 2340
1241 2340
1242 2340
1243 2341
1244 2341
1245 2341
1246 2341
1247 2341
1248 2341
1249 2341
1250 2341
1251 2341
1252 2341
1253 2341
1254 2341
1255 2341
1256 2341
1257 2340
1258 2340
1259 2340
1260 2339
1261 2339
1262 2339
1263 2339
1264 2339
1265 2339
1266 2339
1267 2339
1268 2339
1269 2339
1270 2339
1271 2339
1272 2339
1273 2339
1274 2339
1275 2339
1276 2339
1277 2340
1278 2340
1279 2340
1280 2340
1281 2340
1282 2340
1283 2340
1284 2340
1285 2340
1286 2340
1287 2341
1288 2341
1289 2341
1290 2341
1291 2341
1292 2341
1293 2341
1294 2341
1295 2341
1296 2341
1297 2341
1298 2341
1299 2342
1300 2342
1301 2342
1302 2342
1303 2342
1304 2342
1305 2342
1306 2342
1307 2342
1308 2342
1309 2343
1310 2343
1311 2343
1312 2343
1313 2343
1314 2343
1315 2343
1316 2343
1317 2343
1318 2343
1319 2343
1320 2343
1321 2343
1322 2344
1323 2344
1324 2344
1325 2344
1326 2344
1327 2344
1328 2344
1329 2344
1330 2344
1331 2344
1332 2345
1333 2345
1334 2345
1335 2345
1336 2345
1337 2345
1338 2345
1339 2345
1340 2345
1341 2345
1342 2345
1343 2345
1344 2346
1345 2346
1346 2346
1347 2346
1348 2346
1349 2346
1350 2346
1351 2346
1352 2346
1353 2346
1354 2347
1355 2347
1356 2347
1357 2347
1358 2347
1359 2347
1360 2347
1361 2347
1362 2347
1363 2347
1364 2347
1365 2347
1366 2348
1367 2348
1368 2348
1369 2348
1370 2348
1371 2348
1372 2348
1373 2348
1374 2348
1375 2348
1376 2348
1377 2349
1378 2349
1379 2349
1380 2349
1381 2350
1382 2350
1383 2351
1384 2351
1385 2351
1386 2351
1387 2352
1388 2352
1389 2352
1390 2353
1391 2353
1392 2353
1393 2353
1394 2353
1395 2353
1396 2354
1397 2354
1398 2354
1399 2354
1400 2354
1401 2354
1402 2354
1403 2354
1404 2355
1405 2355
1406 2355
1407 2355
1408 2355
1409 2356
1410 2356
1411 2357
1412 2358
1413 2358
1414 2358
1415 2359
1416 2359
1417 2359
1418 2359
1419 2359
1420 2360
1421 2360
1422 2360
1423 2360
1424 2360
1425 2360
1426 2360
1427 2360
1428 2360
1429 2361
1430 2361
1431 2361
1432 2361
1433 2361
1434 2361
1435 2361
1436 2362
1437 2362
1438 2362
1439 2363
1440 2363
1441 2364
1442 2364
1443 2365
1444 2365
1445 2365
1446 2365
1447 2365
1448 2366
1449 2366
1450 2366
1451 2366
1452 2366
1453 2366
1454 2367
1455 2368
1456 2368
1457 2369
1458 2369
1459 2369
1460 2370
1461 2370
1462 2370
1463 2370
1464 2371
1465 2371
1466 2371
1467 2371
1468 2372
1469 2373
1470 2374
1471 2374
1472 2374
1473 2375
1474 2375
1475 2375
1476 2376
1477 2376
1478 2377
1479 2377
1480 2378
1481 2379
1482 2379
1483 2379
1484 2380
1485 2380
1486 2380
1487 2380
1488 2381
1489 2381
1490 2381
1491 2382
1492 2382
1493 2383
1494 2384
1495 2384
1496 2384
1497 2385
1498 2386
1499 2387
1500 2388
1501 2388
1502 2388
1503 2389
1504 2390
1505 2391
1506 2391
1507 2392
1508 2392
1509 2393
1510 2393
1511 2394
1512 2395
1513 2395
1514 2396
1515 2396
1516 2397
1517 2397
1518 2398
1519 2398
1520 2399
1521 2400
1522 2401
1523 2401
1524 2402
1525 2402
1526 2402
1527 2403
1528 2403
1529 2404
1530 2405
1531 2406
1532 2406
1533 2407
1534 2407
1535 2407
1536 2407
1537 2407
1538 2407
1539 2408
1540 2408
1541 2408
1542 2408
1543 2408
1544 2409
1545 2410
1546 2410
1547 2411
1548 2411
1549 2411
1550 2412
1551 2412
1552 2413
1553 2413
1554 2414
1555 2415
1556 2415
1557 2416
1558 2416
1559 2417
1560 2417
1561 2418
1562 2419
1563 2420
1564 2420
1565 2421
1566 2421
1567 2421
1568 2422
1569 2422
1570 2423
1571 2423
1572 2424
1573 2424
1574 2425
1575 2425
1576 2426
1577 2426
1578 2426
1579 2426
1580 2426
1581 2426
1582 2427
1583 2427
1584 2428
1585 2428
1586 2429
1587 2429
1588 2430
1589 2430
1590 2430
1591 2431
1592 2431
1593 2431
1594 2431
1595 2431
1596 2431
1597 2432
1598 2432
1599 2433
1600 2434
1601 2435
1601 2436
1602 2437
1603 2438
1604 2439
1605 2439
1606 2440
1607 2441
1608 2442
1609 2443
1610 2443
1611 2443
1612 2444
1613 2444
1614 2445
1614 2446
1615 2446
1616 2447
1617 2448
1618 2448
1619 2449
1620 2450
1621 2451
1622 2451
1623 2452
1624 2452
1625 2452
1626 2453
1627 2454
1628 2454
1629 2455
1630 2456
1631 2456
1632 2456
1633 2457
1634 2457
1635 2457
1636 2457
1637 2458
1638 2459
1639 2459
1640 2460
1641 2460
1642 2461
1643 2462
1644 2463
1645 2464
1646 2464
1647 2465
1648 2466
1649 2467
1650 2468
1651 2469
1652 2470
1652 2471
1653 2472
1654 2473
1655 2474
1656 2475
1657 2476
1658 2476
1659 2477
1660 2477
1661 2478
1662 2478
1663 2478
1664 2479
1665 2480
1666 2481
1667 2481
1668 2482
1669 2482
1670 2483
1671 2483
1672 2484
1673 2485
1674 2486
1674 2487
1675 2488
1675 2489
1676 2489
1677 2490
1678 2491
1679 2492
1680 2493
1680 2494
1681 2495
1682 2496
1683 2497
1684 2498
1685 2499
1686 2500
1687 2501
1688 2501
1689 2502
1690 2503
1691 2504
1692 2505
1693 2506
1694 2506
1695 2507
1695 2508
1696 2509
1697 2510
1698 2510
1699 2511
1700 2512
1701 2513
1702 2513
1703 2514
1704 2514
1705 2515
1706 2516
1707 2517
1708 2518
1709 2519
1710 2519
1711 2520
1712 2521
1713 2522
1714 2523
1715 2523
1716 2524
1716 2525
1717 2526
1718 2527
1719 2527
1720 2528
1721 2529
1722 2530
1723 2531
1724 2531
1725 2532
1726 2532
1727 2533
1728 2533
1729 2533
1730 2534
1731 2534
1732 2535
1733 2536
1734 2537
1735 2537
1736 2538
1737 2538
1738 2538
1739 2538
1740 2538
1741 2538
1742 2538
1743 2538
1744 2538
1745 2539
1746 2539
1747 2539
1748 2539
1749 2540
1750 2541
1751 2541
1752 2541
1753 2542
1754 2542
1755 2542
1756 2543
1757 2543
1758 2544
1759 2544
1760 2545
1761 2546
1762 2546
1763 2547
1764 2548
1765 2549
1766 2550
1767 2551
1768 2552
1769 2553
1770 2554
1771 2555
1772 2555
1773 2556
1774 2557
1775 2558
1776 2559
1777 2560
1778 2561
1779 2562
1780 2562
1781 2563
1782 2563
1783 2564
1784 2565
1785 2565
1786 2566
1787 2567
1788 2567
1789 2568
1790 2568
1791 2569
1792 2570
1793 2571
1794 2571
1795 2572
1796 2572
1797 2573
1798 2573
1799 2574
1800 2575
1801 2575
1802 2576
1803 2577
1804 2578
1805 2579
1806 2580
1807 2580
1808 2580
1809 2581
1810 2582
1811 2582
1812 2583
1813 2584
1814 2584
1815 2585
1816 2586
1817 2587
1818 2588
1819 2588
1820 2589
1821 2590
1822 2591
1823 2592
1824 2593
1825 2594
1826 2595
1827 2596
1828 2596
1829 2597
1830 2597
1831 2598
1832 2598
1833 2599
1834 2600
1835 2601
1836 2601
1837 2602
1838 2603
1839 2604
1840 2604
1841 2605
1842 2605
1843 2606
1844 2607
1845 2607
1846 2608
1846 2609
1847 2610
1848 2611
1849 2612
1850 2613
1851 2613
1852 2614
1853 2614
1854 2615
1855 2615
1856 2615
1857 2616
1858 2616
1859 2616
1860 2617
1861 2618
1862 2618
1863 2619
1864 2619
1865 2619
1866 2620
1867 2620
1868 2621
1869 2621
1870 2622
1871 2623
1872 2623
1873 2623
1874 2624
1875 2624
1876 2625
1877 2625
1878 2626
1879 2627
1880 2628
1880 2629
1881 2630
1882 2631
1883 2631
1884 2632
1885 2632
1886 2632
1887 2633
1888 2633
1889 2633
1890 2633
1891 2634
1892 2634
1893 2634
1894 2634
1895 2635
1896 2635
1897 2636
1898 2636
1899 2637
1900 2637
1901 2638
1902 2638
1903 2638
1904 2638
1905 2639
1906 2639
1907 2640
1908 2640
1909 2641
1910 2641
1911 2642
1912 2642
1913 2642
1914 2643
1915 2643
1916 2643
1917 2643
1918 2643
1919 2644
1920 2644
1921 2645
1922 2645
1923 2646
1924 2647
1925 2648
1926 2649
1927 2649
1928 2650
1929 2651
1930 2651
1931 2651
1932 2652
1933 2652
1934 2653
1935 2653
1936 2654
1937 2654
1938 2655
1939 2655
1940 2656
1941 2656
1942 2656
1943 2656
1944 2657
1945 2657
1946 2657
1947 2657
1948 2657
1949 2658
1950 2658
1951 2659
1952 2659
1953 2660
1954 2660
1955 2660
1956 2661
1957 2661
1958 2661
1959 2662
1960 2662
1961 2662
1962 2662
1963 2662
1964 2662
1965 2663
1966 2663
1967 2663
1968 2663
1969 2664
1970 2664
1971 2664
1972 2665
1973 2665
1974 2666
1975 2666
1976 2666
1977 2667
1978 2667
1979 2667
1980 2667
1981 2668
1982 2668
1983 2669
1984 2669
1985 2670
1986 2671
1987 2671
1988 2671
1989 2672
1990 2672
1991 2672
1992 2673
1993 2673
1994 2674
1995 2675
1996 2675
1997 2676
1998 2676
1999 2676
2000 2676
2001 2677
2002 2677
2003 2677
2004 2677
2005 2678
2006 2678
2007 2678
2008 2679
2009 2679
2010 2680
2011 2680
2012 2681
2013 2681
2014 2681
2015 2682
2016 2682
2017 2682
2018 2682
2019 2683
2020 2683
2021 2684
2022 2684
2023 2685
2024 2685
2025 2686
2026 2686
2027 2687
2028 2687
2029 2687
2030 2687
2031 2687
2032 2688
2033 2688
2034 2688
2035 2688
2036 2688
2037 2689
2038 2689
2039 2690
2040 2690
2041 2691
2042 2691
2043 2692
2044 2693
2045 2694
2046 2694
2047 2695
2048 2695
2049 2696
2050 2696
2051 2696
2052 2696
2053 2697
2054 2697
2055 2697
2056 2697
2057 2697
2058 2698
2059 2698
2060 2698
2061 2698
2062 2698
2063 2698
2064 2698
2065 2698
2066 2699
2067 2700
2068 2701
2069 2701
2070 2701
2071 2702
2072 2702
2073 2703
2074 2704
2075 2704
2076 2705
2077 2705
2078 2706
2079 2706
2080 2706
2081 2707
2082 2707
2083 2707
2084 2707
2085 2707
2086 2707
2087 2707
2088 2708
2089 2708
2090 2709
2091 2710
2092 2710
2093 2710
2094 2711
2095 2711
2096 2711
2097 2712
2098 2713
2099 2713
2100 2714
2101 2715
2102 2715
2103 2716
2104 2716
2105 2716
2106 2716
2107 2716
2108 2717
2109 2717
2110 2717
2111 2718
2112 2718
2113 2719
2114 2720
2115 2720
2116 2720
2117 2721
2118 2721
2119 2721
2120 2722
2121 2722
2122 2722
2123 2722
2124 2722
2125 2722
2126 2722
2127 2723
2128 2723
2129 2723
2130 2724
2131 2725
2132 2725
2133 2726
2134 2726
2135 2726
2136 2727
2137 2727
2138 2727
2139 2727
2140 2727
2141 2727
2142 2727
2143 2728
2144 2728
2145 2729
2146 2729
2147 2730
2148 2730
2149 2731
2150 2731
2151 2731
2152 2731
2153 2732
2154 2732
2155 2733
2156 2733
2157 2734
2158 2735
2159 2735
2160 2735
2161 2736
2162 2736
2163 2736
2164 2737
2165 2737
2166 2738
2167 2739
2168 2739
2169 2740
2170 2740
2171 2740
2172 2740
2173 2741
2174 2741
2175 2741
2176 2741
2177 2742
2178 2742
2179 2743
2180 2743
2181 2744
2182 2744
2183 2745
2184 2745
2185 2745
2186 2746
2187 2746
2188 2746
2189 2746
2190 2746
2191 2747
2192 2747
2193 2747
2194 2747
2195 2747
2196 2748
2197 2748
2198 2749
2199 2750
2200 2750
2201 2751
2202 2752
2203 2753
2204 2753
2205 2754
2206 2754
2207 2754
2208 2755
2209 2755
2210 2755
2211 2756
2212 2756
2213 2756
2214 2756
2215 2756
2216 2756
2217 2757
2218 2758
2219 2758
2220 2759
2221 2760
2222 2760
2223 2760
2224 2760
2225 2761
2226 2761
2227 2761
2228 2761
2229 2761
2230 2761
2231 2762
2232 2762
2233 2763
2234 2763
2235 2764
2236 2764
2237 2765
2238 2765
2239 2765
2240 2766
2241 2766
2242 2766
2243 2766
2244 2766
2245 2767
2246 2767
2247 2768
2248 2768
2249 2769
2250 2769
2251 2769
2252 2770
2253 2771
2254 2771
2255 2772
2256 2773
2257 2773
2258 2774
2259 2774
2260 2775
2261 2775
2262 2775
2263 2775
2264 2776
2265 2776
2266 2776
2267 2776
2268 2777
2269 2777
2270 2778
2271 2778
2272 2778
2273 2779
2274 2779
2275 2779
2276 2780
2277 2780
2278 2780
2279 2781
2280 2781
2281 2781
2282 2781
2283 2781
2284 2781
2285 2782
2286 2782
2287 2782
2288 2783
2289 2783
2290 2784
2291 2784
2292 2785
2293 2785
2294 2785
2295 2785
2296 2786
2297 2786
2298 2786
2299 2786
2300 2786
2301 2787
2302 2787
2303 2788
2304 2788
2305 2789
2306 2789
2307 2789
2308 2790
2309 2791
2310 2792
2311 2793
2312 2794
2313 2794
2314 2795
2315 2795
2316 2796
2317 2796
2318 2796
2319 2796
2320 2796
2321 2796
2322 2796
2323 2796
2324 2797
2325 2798
2326 2799
2327 2799
2328 2800
2329 2800
2330 2800
2331 2800
2332 2800
2333 2801
2334 2801
2335 2801
2336 2801
2337 2801
2338 2802
2339 2802
2340 2803
2341 2803
2342 2803
2343 2804
2344 2805
2345 2805
2346 2806
2347 2807
2348 2808
2349 2808
2350 2809
2351 2809
2352 2810
2353 2811
2354 2812
2355 2812
2356 2813
2357 2814
2358 2815
2359 2815
2360 2816
2361 2816
2362 2817
2363 2817
2364 2818
2365 2818
2366 2819
2367 2819
2368 2820
2369 2821
2370 2821
2371 2821
2372 2822
2373 2822
2374 2822
2375 2823
2376 2823
2377 2823
2378 2823
2379 2823
2380 2823
2381 2824
2382 2824
2383 2824
2384 2825
2385 2826
2386 2826
2387 2827
2388 2827
2389 2827
2390 2828
2391 2828
2392 2828
2393 2828
2394 2828
2395 2829
2396 2829
2397 2829
2398 2830
2399 2830
2400 2831
2401 2831
2402 2832
2403 2832
2404 2833
2405 2834
2406 2834
2407 2835
2408 2835
2409 2836
2410 2836
2411 2837
2412 2837
2413 2837
2414 2837
2415 2837
2416 2838
2417 2838
2418 2838
2419 2839
2420 2839
2421 2840
2422 2840
2423 2841
2424 2841
2425 2842
2426 2842
2427 2842
2428 2842
2429 2843
2430 2843
2431 2843
2432 2843
2433 2844
2434 2844
2435 2844
2436 2845
2437 2845
2438 2846
2439 2846
2440 2847
2441 2848
2442 2848
2443 2849
2444 2850
2445 2850
2446 2850
2447 2851
2448 2851
2449 2852
2450 2853
2451 2853
2452 2854
2453 2855
2454 2855
2455 2855
2456 2856
2457 2856
2458 2856
2459 2856
2460 2857
2461 2857
2462 2857
2463 2858
2464 2858
2465 2858
2466 2859
2467 2859
2468 2860
2469 2860
2470 2860
2471 2861
2472 2861
2473 2861
2474 2861
2475 2861
2476 2862
2477 2862
2478 2862
2479 2862
2480 2863
2481 2863
2482 2863
2483 2864
2484 2865
2485 2865
2486 2865
2487 2866
2488 2866
2489 2866
2490 2866
2491 2867
2492 2867
2493 2867
2494 2867
2495 2867
2496 2868
2497 2868
2498 2868
2499 2868
2500 2868
2501 2868
2502 2868
2503 2868
2504 2869
2505 2869
2506 2869
2507 2870
2508 2870
2509 2871
2510 2871
2511 2871
2512 2872
2513 2872
2514 2872
2515 2872
2516 2873
2517 2873
2518 2873
2519 2873
2520 2873
2521 2874
2522 2874
2523 2874
2524 2874
2525 2874
2526 2874
2527 2874
2528 2874
2529 2874
2530 2875
2531 2875
2532 2875
2533 2875
2534 2875
2535 2875
2536 2875
2537 2875
2538 2875
2539 2875
2540 2875
2541 2876
2542 2876
2543 2876
2544 2876
2545 2876
2546 2876
2547 2876
2548 2876
2549 2876
2550 2877
2551 2877
2552 2877
2553 2877
2554 2877
2555 2877
2556 2877
2557 2877
2558 2877
2559 2877
2560 2877
2561 2878
2562 2878
2563 2878
2564 2878
2565 2878
2566 2878
2567 2878
2568 2878
2569 2878
2570 2878
2571 2878
2572 2878
2573 2878
2574 2879
2575 2879
2576 2879
2577 2879
2578 2879
2579 2879
2580 2879
2581 2879
2582 2879
2583 2879
2584 2879
2585 2880
2586 2880
2587 2880
2588 2880
2589 2880
2590 2880
2591 2880
2592 2880
2593 2880
2594 2880
2595 2880
2596 2881
2597 2881
2598 2881
2599 2881
2600 2881
2601 2881
2602 2881
2603 2881
2604 2881
2605 2881
2606 2881
2607 2882
2608 2882
2609 2882
2610 2882
2611 2882
2612 2882
2613 2882
2614 2882
2615 2882
2616 2882
2617 2882
2618 2883
2619 2883
2620 2883
2621 2882
2622 2882
2623 2882
2624 2881
2625 2881
2626 2881
2627 2881
2628 2881
2629 2881
2630 2881
2631 2881
2632 2881
2633 2881
2634 2881
2635 2881
2636 2881
2637 2881
2638 2881
2639 2881
2640 2881
2641 2881
2642 2880
2643 2880
2644 2879
2645 2879
2646 2879
2647 2879
2648 2879
2649 2879
2650 2879
2651 2879
2652 2879
2653 2879
2654 2879
2655 2879
2656 2878
2657 2878
2658 2878
2659 2877
2660 2877
2661 2876
2662 2876
2663 2875
2664 2875
2665 2874
2666 2874
2667 2874
2668 2874
2669 2873
2670 2873
2671 2873
2672 2873
2673 2873
2674 2872
2675 2871
2676 2871
2677 2871
2678 2870
2679 2870
2680 2870
2681 2870
2682 2870
2683 2870
2684 2870
2685 2870
2686 2870
2687 2870
2688 2870
2689 2870
2690 2869
2691 2869
2692 2869
2693 2869
2694 2868
2695 2868
2696 2868
2697 2868
2698 2867
2699 2867
2700 2866
2701 2866
2702 2866
2703 2866
2704 2865
2705 2865
2706 2865
2707 2865
2708 2865
2709 2865
2710 2865
2711 2865
2712 2865
2713 2865
2714 2864
2715 2864
2716 2863
2717 2863
2718 2863
2719 2863
2720 2863
2721 2863
2722 2863
2723 2863
2724 2863
2725 2863
2726 2863
2727 2862
2728 2862
2729 2861
2730 2861
2731 2861
2732 2861
2733 2861
2734 2860
2735 2860
2736 2860
2737 2860
2738 2860
2739 2860
2740 2860
2741 2860
2742 2860
2743 2860
2744 2860
2745 2859
2746 2858
2747 2857
2748 2857
2749 2856
2750 2855
2751 2855
2752 2854
2753 2854
2754 2853
2755 2853
2756 2853
2757 2852
2758 2852
2759 2851
2760 2851
2761 2850
2762 2850
2763 2849
2764 2849
2765 2848
2766 2848
2767 2848
2768 2847
2769 2847
2770 2846
2771 2846
2772 2845
2773 2844
2774 2844
2775 2843
2776 2843
2777 2842
2778 2841
2779 2841
2780 2840
2781 2840
2782 2840
2783 2839
2784 2839
2785 2839
2786 2839
2787 2838
2788 2838
2789 2837
2790 2837
2791 2836
2792 2836
2793 2835
2794 2834
2795 2833
2796 2832
2797 2831
2798 2831
2799 2830
2800 2829
2801 2829
2802 2828
2803 2828
2804 2827
2805 2827
2806 2826
2807 2826
2808 2825
2809 2824
2810 2824
2811 2824
2812 2823
2813 2823
2814 2822
2815 2821
2816 2821
2817 2820
2817 2819
2818 2818
2818 2817
2819 2816
2820 2815
2821 2814
2822 2813
2823 2812
2824 2811
2825 2810
2826 2809
2826 2808
2827 2807
2827 2806
2828 2805
2828 2804
2829 2803
2829 2802
2830 2801
2831 2800
2832 2799
2833 2798
2834 2798
2835 2797
2836 2797
2837 2796
2838 2795
2839 2795
2840 2794
2841 2794
2842 2793
2843 2792
2844 2791
2845 2790
2846 2789
2847 2788
2847 2787
2848 2786
2849 2786
2850 2786
2851 2785
2852 2785
2853 2785
2854 2784
2855 2784
2856 2783
2857 2782
2858 2782
2859 2781
2860 2780
2861 2780
2862 2779
2863 2779
2864 2779
2865 2778
2866 2778
2867 2777
2868 2777
2869 2776
2870 2775
2871 2775
2872 2774
2873 2773
2874 2773
2875 2772
2876 2772
2877 2771
2878 2771
2879 2770
2880 2770
2881 2769
2882 2769
2883 2768
2884 2767
2885 2767
2886 2766
2886 2765
2887 2764
2888 2763
2889 2762
2890 2762
2891 2761
2892 2760
2893 2759
2894 2759
2895 2758
2896 2757
2897 2757
2897 2756
2898 2755
2899 2754
2900 2753
2901 2752
2902 2751
2903 2750
2903 2749
2904 2748
2905 2747
2906 2746
2906 2745
2907 2744
2908 2743
2909 2742
2910 2741
2911 2741
2912 2740
2913 2739
2914 2738
2915 2737
2916 2736
2917 2735
2917 2734
2918 2733
2919 2732
2920 2731
2921 2730
2922 2729
2923 2728
2923 2727
2924 2726
2924 2725
2925 2724
2926 2723
2927 2722
2928 2721
2929 2720
2930 2719
2931 2719
2931 2718
2932 2717
2933 2716
2934 2715
2935 2714
2936 2713
2936 2712
2937 2711
2938 2710
2939 2709
2940 2708
2941 2707
2941 2706
2942 2705
2943 2704
2944 2703
2945 2702
2946 2701
2947 2700
2948 2699
2949 2698
2950 2697
2951 2696
2952 2695
2953 2694
2954 2693
2955 2692
2956 2691
2957 2690
2957 2689
2958 2688
2959 2687
2960 2686
2961 2686
2962 2685
2963 2684
2964 2683
2964 2682
2965 2681
2966 2680
2966 2679
2967 2678
2968 2677
2969 2677
2970 2676
2971 2675
2972 2674
2973 2673
2973 2672
2974 2671
2975 2670
2976 2669
2976 2668
2977 2667
2978 2666
2978 2665
2979 2664
2980 2663
2981 2662
2982 2661
2983 2660
2984 2659
2985 2658
2985 2657
2986 2656
2986 2655
2987 2654
2988 2653
2989 2653
2990 2652
2991 2651
2991 2650
2992 2649
2993 2648
2993 2647
2994 2646
2995 2645
2995 2644
2996 2643
2997 2642
2998 2641
2999 2640
3000 2639
3001 2638
3002 2637
3002 2636
3003 2635
3004 2634
3005 2633
3006 2632
3007 2631
3008 2630
3009 2630
3010 2629
3011 2628
3012 2628
3013 2628
3014 2627
3015 2626
3016 2626
3017 2625
3018 2625
3019 2624
3020 2623
3021 2622
3022 2622
3023 2621
3024 2621
3025 2621
3026 2620
3027 2619
3028 2618
3029 2618
3030 2617
3031 2617
3032 2616
3033 2616
3034 2615
3035 2615
3036 2615
3037 2614
3038 2613
3039 2613
3040 2612
3041 2611
3042 2610
3043 2609
3044 2609
3045 2608
3046 2608
3046 2607
3047 2606
3048 2606
3049 2605
3050 2605
3051 2605
3052 2604
3053 2604
3054 2603
3055 2602
3056 2602
3057 2601
3058 2601
3059 2601
3060 2600
3061 2600
3062 2599
3063 2598
3064 2597
3065 2597
3066 2596
3067 2596
3068 2595
3069 2595
3070 2594
3071 2593
3072 2592
3073 2592
3074 2591
3075 2591
3076 2590
3077 2589
3078 2589
3079 2588
3080 2588
3081 2587
3082 2587
3083 2586
3084 2586
3085 2585
3086 2584
3087 2583
3088 2583
3089 2582
3090 2582
3091 2581
3092 2581
3093 2580
3094 2579
3095 2579
3096 2578
3097 2577
3098 2577
3099 2576
3100 2576
3101 2576
3102 2575
3103 2575
3104 2574
3105 2574
3106 2573
3107 2572
3108 2572
3109 2571
3110 2570
3111 2569
3112 2569
3113 2569
3114 2568
3115 2568
3116 2568
3117 2567
3118 2567
3119 2566
3120 2566
3121 2565
3122 2565
3123 2564
3124 2564
3125 2563
3126 2563
3127 2563
3128 2562
3129 2562
3130 2561
3131 2561
3132 2560
3133 2560
3134 2559
3135 2559
3136 2559
3137 2559
3138 2559
3139 2559
3140 2559
3141 2558
3142 2558
3143 2558
3144 2557
3145 2557
3146 2557
3147 2556
3148 2556
3149 2555
3150 2555
3151 2554
3152 2554
3153 2554
3154 2554
3155 2553
3156 2553
3157 2553
3158 2553
3159 2552
3160 2552
3161 2551
3162 2551
3163 2551
3164 2551
3165 2550
3166 2550
3167 2549
3168 2548
3169 2548
3170 2547
3171 2546
3172 2545
3173 2545
3174 2544
3175 2543
3176 2543
3177 2542
3178 2542
3179 2541
3180 2541
3181 2540
3182 2540
3183 2539
3184 2539
3185 2538
3186 2538
3187 2537
3188 2536
3189 2535
3190 2534
3191 2534
3192 2533
3193 2532
3194 2532
3195 2531
3196 2531
3197 2530
3198 2529
3199 2529
3200 2528
3201 2527
3202 2526
3203 2525
3204 2525
3205 2524
3206 2523
3207 2522
3208 2521
3209 2521
3209 2520
3210 2519
3211 2518
3212 2518
3213 2517
3214 2516
3215 2515
3216 2515
3217 2514
3218 2513
3219 2512
3220 2511
3221 2510
3222 2509
3223 2508
3224 2507
3224 2506
3225 2505
3225 2504
3226 2503
3227 2502
3228 2501
3229 2500
3229 2499
3230 2498
3230 2497
3230 2496
3231 2495
3231 2494
3231 2493
3231 2492
3231 2491
3231 2490
3231 2489
3231 2488
3232 2487
3232 2486
3232 2485
3232 2484
3232 2483
3232 2482
3232 2481
3233 2480
3234 2479
3234 2478
3235 2477
3235 2476
3236 2475
3236 2474
3237 2473
3238 2473
3238 2472
3239 2471
3240 2470
3241 2469
3242 2469
3243 2468
3244 2468
3245 2467
3246 2466
3247 2466
3248 2465
3249 2465
3250 2464
3251 2464
3252 2463
3253 2462
3254 2461
3254 2460
3255 2459
3256 2458
3257 2457
3258 2456
3259 2455
3260 2455
3261 2454
3262 2454
3263 2453
3264 2452
3265 2451
3266 2450
3266 2449
3267 2448
3268 2447
3269 2446
3270 2445
3271 2444
3271 2443
3272 2442
3273 2441
3274 2440
3275 2439
3276 2438
3277 2437
3278 2436
3279 2436
3280 2435
3281 2434
3282 2433
3283 2432
3284 2431
3285 2430
3286 2429
3286 2428
3287 2427
3288 2426
3288 2425
3289 2424
3289 2423
3290 2422
3291 2421
3291 2420
3292 2419
3293 2418
3294 2417
3295 2416
3296 2416
3297 2415
3298 2414
3298 2413
3299 2412
3300 2411
3300 2410
3301 2409
3301 2408
3301 2407
3302 2406
3302 2405
3302 2404
3302 2403
3303 2402
3303 2401
3303 2400
3303 2399
3303 2398
3303 2397
3303 2396
3303 2395
3303 2394
3304 2393
3304 2392
3304 2391
3304 2390
3304 2389
3303 2388
3302 2387
3302 2386
3301 2385
3300 2384
3299 2383
3298 2382
3298 2381
3298 2380
3298 2379
3297 2378
3297 2377
3296 2376
3296 2375
3296 2374
3295 2373
3295 2372
3295 2371
3295 2370
3295 2369
3295 2368
3295 2367
3295 2366
3295 2365
3295 2364
3295 2363
3295 2362
3295 2361
3295 2360
3294 2359
3294 2358
3293 2357
3293 2356
3293 2355
3293 2354
3293 2353
3293 2352
3293 2351
3293 2350
3293 2349
3293 2348
3293 2347
3293 2346
3292 2345
3292 2344
3292 2343
3291 2342
3291 2341
3291 2340
3291 2339
3291 2338
3291 2337
3291 2336
3291 2335
3291 2334
3291 2333
3290 2332
3290 2331
3290 2330
3290 2329
3289 2328
3289 2327
3289 2326
3289 2325
3289 2324
3289 2323
3289 2322
3288 2321
3288 2320
3288 2319
3288 2318
3288 2317
3288 2316
3288 2315
3288 2314
3289 2313
3289 2312
3289 2311
3289 2310
3289 2309
3289 2308
3289 2307
3289 2306
3289 2305
3289 2304
3289 2303
3289 2302
3290 2301
3290 2300
3290 2299
3290 2298
3290 2297
3290 2296
3290 2295
3290 2294
3290 2293
3290 2292
3290 2291
3290 2290
3290 2289
3289 2288
3289 2287
3289 2286
3288 2285
3288 2284
3287 2283
3287 2282
3287 2281
3287 2280
3287 2279
3286 2278
3285 2277
3284 2276
3283 2275
3282 2274
3281 2273
3281 2272
3280 2271
3279 2270
3278 2269
3277 2268
3276 2267
3275 2267
3274 2266
3273 2265
3272 2265
3271 2264
3270 2263
3269 2262
3268 2262
3267 2261
3266 2261
3265 2260
3264 2259
3263 2258
3262 2257
3261 2256
3260 2255
3259 2254
3258 2253
3257 2252
3256 2252
3255 2251
3254 2250
3253 2249
3252 2248
3251 2248
3250 2247
3249 2246
3248 2245
3247 2244
3246 2243
3246 2242
3245 2241
3244 2241
3243 2240
3242 2239
3241 2238
3240 2237
3239 2236
3238 2235
3238 2234
3237 2234
3236 2233
3235 2232
3234 2232
3233 2231
3232 2230
3231 2229
3230 2229
3229 2228
3228 2227
3227 2227
3226 2226
3225 2225
3224 2224
3223 2223
3222 2223
3221 2223
3220 2222
3219 2221
3219 2220
3219 2219
3219 2218
3219 2217
3218 2216
3218 2215
3219 2214
3219 2213
3220 2212
3221 2213
3222 2213
3223 2214
3224 2215
3225 2215
3226 2216
3227 2217
3228 2217
3229 2217
3230 2218
3231 2218
3232 2218
3233 2219
3234 2219
3235 2220
3236 2221
3237 2221
3238 2222
3239 2222
3240 2222
3241 2222
3242 2223
3243 2223
3244 2223
3245 2223
3246 2223
3247 2223
3248 2224
3249 2224
3250 2224
3251 2224
3252 2224
3253 2224
3254 2224
3255 2224
3256 2225
3257 2225
3258 2225
3259 2225
3260 2225
3261 2225
3262 2225
3263 2225
3264 2225
3265 2225
3266 2226
3267 2226
3268 2226
3268 2225
3267 2224
3267 2223
3266 2222
3266 2221
3265 2220
3265 2219
3265 2218
3264 2217
3263 2216
3263 2215
3262 2214
3261 2213
3261 2212
3261 2211
3260 2210
3260 2209
3259 2208
3259 2207
3258 2206
3258 2205
3257 2204
3256 2203
3256 2202
3256 2201
3256 2200
3255 2199
3255 2198
3255 2197
3254 2196
3254 2195
3254 2194
3254 2193
3254 2192
3254 2191
3254 2190
3255 2189
3255 2188
3255 2187
3255 2186
3255 2185
3255 2184
3255 2183
3255 2182
3255 2181
3255 2180
3255 2179
3256 2178
3256 2177
3257 2176
3258 2175
3259 2174
3260 2173
3261 2172
3261 2171
3262 2170
3263 2169
3264 2168
3265 2168
3266 2167
3266 2166
3265 2166
3264 2166
3263 2166
3262 2166
3261 2165
3260 2165
3259 2165
3258 2165
3257 2165
3256 2165
3255 2165
3254 2165
3253 2165
3252 2164
3251 2164
3250 2164
3249 2164
3248 2164
3247 2164
3246 2163
3246 2162
3246 2161
3246 2160
3246 2159
3246 2158
3246 2157
3246 2156
3246 2155
3247 2154
3247 2153
3248 2152
3248 2151
3249 2150
3250 2149
3251 2148
3252 2147
3252 2146
3253 2145
3254 2144
3255 2144
3256 2143
3256 2142
3255 2142
3254 2143
3253 2143
3252 2144
3251 2144
3250 2145
3249 2145
3248 2145
3247 2144
3248 2143
3248 2142
3249 2141
3250 2140
3251 2140
3252 2139
3253 2138
3254 2137
3254 2136
3254 2135
3253 2135
3252 2135
3251 2135
3250 2135
3249 2135
3248 2134
3247 2134
3246 2134
3245 2134
3244 2134
3243 2134
3242 2134
3241 2133
3240 2133
3239 2132
3238 2131
3237 2130
3236 2130
3235 2129
3235 2128
3235 2127
3234 2126
3234 2125
3234 2124
3234 2123
3234 2122
3234 2121
3234 2120
3235 2119
3235 2118
3235 2117
3234 2116
3233 2116
3232 2117
3231 2117
3230 2117
3229 2118
3228 2118
3227 2119
3226 2119
3225 2119
3224 2120
3223 2120
3222 2120
3221 2120
3220 2120
3219 2120
3218 2120
3217 2120
3216 2120
3215 2120
3214 2120
3213 2120
3212 2120
3211 2119
3210 2119
3209 2119
3208 2119
3207 2119
3206 2118
3206 2117
3206 2116
3207 2115
3207 2114
3208 2113
3208 2112
3209 2111
3210 2110
3210 2109
3211 2108
3212 2107
3212 2106
3213 2105
3214 2104
3215 2103
3216 2102
3217 2101
3218 2100
3219 2099
3220 2098
3221 2097
3222 2096
3223 2095
3224 2094
3224 2093
3225 2092
3225 2091
3226 2090
3226 2089
3226 2088
3226 2087
3226 2086
3226 2085
3226 2084
3226 2083
3227 2082
3227 2081
3227 2080
3227 2079
3227 2078
3227 2077
3227 2076
3227 2075
3227 2074
3227 2073
3227 2072
3228 2071
3227 2070
3226 2070
3225 2069
3224 2069
3223 2070
3222 2070
3221 2070
3220 2070
3219 2071
3218 2071
3217 2071
3216 2072
3215 2073
3214 2073
3213 2073
3212 2074
3211 2074
3210 2074
3209 2074
3208 2074
3207 2074
3206 2074
3205 2074
3204 2074
3203 2074
3202 2074
3201 2074
3200 2074
3199 2074
3198 2073
3197 2073
3196 2073
3195 2073
3194 2073
3193 2072
3192 2072
3191 2071
3190 2071
3189 2070
3188 2070
3187 2069
3186 2069
3185 2068
3184 2067
3183 2067
3182 2066
3181 2065
3180 2064
3179 2063
3178 2063
3177 2062
3176 2061
3175 2061
3174 2060
3173 2060
3172 2059
3171 2058
3170 2058
3169 2058
3168 2057
3167 2057
3166 2057
3165 2057
3164 2056
3163 2056
3162 2056
3161 2056
3160 2056
3159 2055
3158 2055
3157 2055
3156 2055
3155 2055
3154 2055
3153 2054
3152 2054
3151 2054
3150 2054
3149 2055
3148 2055
3147 2056
3146 2056
3145 2057
3145 2058
3144 2059
3143 2060
3142 2061
3141 2062
3140 2063
3140 2064
3139 2065
3139 2066
3138 2067
3137 2067
3136 2068
3135 2069
3134 2070
3133 2071
3132 2071
3131 2071
3130 2071
3129 2071
3128 2072
3127 2073
3126 2073
3125 2074
3124 2074
3123 2074
3122 2073
3121 2072
3120 2071
3119 2071
3118 2070
3117 2069
3116 2068
3116 2067
3115 2066
3114 2066
3113 2065
3112 2064
3112 2063
3111 2062
3110 2061
3110 2060
3109 2059
3108 2058
3108 2057
3107 2056
3107 2055
3106 2054
3106 2053
3105 2053
3104 2052
3103 2051
3102 2050
3101 2049
3100 2048
3099 2047
3098 2047
3097 2047
3096 2047
3095 2046
3094 2046
3093 2046
3092 2046
3091 2046
3090 2046
3089 2045
3088 2045
3087 2045
3086 2045
3085 2045
3084 2044
3083 2043
3082 2043
3081 2042
3080 2042
3079 2041
3078 2041
3077 2041
3076 2041
3075 2040
3074 2040
3073 2039
3072 2038
3071 2038
3070 2037
3069 2037
3068 2036
3067 2036
3066 2036
3065 2036
3064 2036
3063 2035
3062 2035
3061 2035
3060 2035
3059 2035
3058 2035
3057 2035
3056 2035
3055 2035
3054 2034
3053 2034
3052 2034
3051 2034
3050 2034
3049 2034
3048 2034
3047 2034
3046 2034
3045 2034
3044 2034
3043 2033
3042 2033
3041 2033
3040 2032
3039 2031
3038 2031
3037 2030
3036 2030
3035 2030
3034 2029
3033 2029
3032 2029
3031 2029
3030 2029
3029 2029
3028 2029
3027 2029
3026 2028
3025 2028
3024 2027
3023 2026
3022 2026
3021 2025
3020 2025
3019 2025
3018 2025
3017 2024
3016 2024
3015 2024
3014 2024
3013 2023
3012 2023
3011 2022
3010 2022
3009 2021
3008 2021
3007 2020
3006 2020
3005 2020
3004 2019
3003 2019
3002 2019
3001 2019
3000 2019
2999 2018
2998 2018
2997 2018
2996 2018
2995 2018
2994 2018
2993 2018
2992 2018
2991 2018
2990 2018
2989 2017
2988 2017
2987 2017
2986 2017
2985 2017
2984 2017
2983 2017
2982 2017
2981 2017
2980 2017
2979 2016
2978 2016
2977 2016
2976 2016
2975 2016
2974 2016
2973 2016
2972 2016
2971 2016
2970 2016
2969 2016
2968 2015
2967 2015
2966 2015
2965 2015
2964 2015
2963 2015
2962 2015
2961 2015
2960 2015
2959 2015
2958 2015
2957 2014
2956 2014
2955 2014
2954 2014
2953 2014
2952 2014
2951 2014
2950 2014
2949 2014
2948 2014
2947 2014
2946 2013
2945 2013
2944 2013
2943 2013
2942 2013
2941 2013
2940 2013
2939 2013
2938 2013
2937 2013
2936 2013
2935 2012
2934 2012
2933 2012
2932 2012
2931 2012
2930 2012
2929 2012
2928 2012
2927 2012
2926 2012
2925 2012
2924 2012
2923 2012
2922 2011
2921 2011
2920 2011
2919 2011
2918 2011
2917 2011
2916 2011
2915 2011
2914 2011
2913 2010
2912 2010
2911 2010
2910 2010
2909 2010
2908 2010
2907 2010
2906 2010
2905 2010
2904 2010
2903 2010
2902 2010
2901 2009
2900 2009
2899 2009
2898 2009
2897 2009
2896 2009
2895 2009
2894 2009
2893 2009
2892 2009
2891 2009
2890 2008
2889 2008
2888 2008
2887 2008
2886 2008
2885 2008
2884 2008
2883 2008
2882 2008
2881 2008
2880 2008
2879 2008
2878 2007
2877 2007
2876 2007
2875 2007
2874 2007
2873 2007
2872 2007
2871 2007
2870 2007
2869 2007
2868 2006
2867 2006
2866 2006
2865 2006
2864 2006
2863 2006
2862 2006
2861 2006
2860 2006
2859 2006
2858 2006
2857 2006
2856 2006
2855 2005
2854 2005
2853 2005
2852 2005
2851 2005
2850 2005
2849 2005
2848 2005
2847 2005
2846 2004
2845 2004
2844 2004
2843 2004
2842 2004
2841 2004
2840 2004
2839 2004
2838 2004
2837 2005
2837 2006
2837 2007
2837 2008
2836 2009
2836 2010
2835 2011
2834 2011
2833 2010
2832 2010
2831 2009
2830 2008
2829 2008
2828 2007
2827 2007
2826 2007
2825 2007
2824 2007
2823 2006
2822 2006
2821 2006
2820 2006
2819 2006
2818 2006
2817 2006
2816 2006
2815 2006
2814 2006
2813 2006
2812 2005
2811 2005
2810 2005
2809 2005
2808 2005
2807 2005
2806 2005
2805 2005
2804 2005
2803 2004
2802 2004
2801 2003
2800 2003
2799 2002
2798 2002
2797 2001
2796 2001
2795 2001
2794 2001
2793 2001
2792 2001
2791 2000
2790 2000
2789 2000
2788 2000
2787 1999
2786 1998
2786 1997
2785 1996
2784 1996
2783 1996
2782 1996
2781 1995
2780 1995
2779 1995
2778 1995
2777 1995
2776 1994
2775 1994
2774 1993
2773 1993
2772 1992
2771 1992
2770 1991
2769 1991
2768 1991
2767 1991
2766 1990
2765 1990
2764 1990
2763 1990
2762 1990
2761 1990
2760 1990
2759 1990
2758 1989
2757 1989
2756 1989
2755 1989
2754 1989
2753 1989
2752 1989
2751 1989
2750 1989
2749 1989
2748 1988
2747 1988
2746 1988
2745 1987
2744 1986
2743 1986
2742 1985
2741 1985
2740 1984
2739 1984
2738 1984
2737 1983
2736 1983
2735 1982
2734 1982
2733 1981
2732 1981
2731 1980
2730 1980
2729 1980
2728 1980
2727 1979
2726 1978
2725 1978
2724 1977
2723 1977
2722 1976
2721 1976
2720 1975
2719 1975
2718 1975
2717 1975
2716 1975
2715 1974
2714 1974
2713 1973
2712 1973
2711 1973
2710 1972
2709 1972
2708 1971
2707 1971
2706 1971
2705 1971
2704 1970
2703 1970
2702 1970
2701 1969
2700 1969
2699 1968
2698 1968
2697 1967
2696 1967
2695 1967
2694 1966
2693 1966
2692 1966
2691 1966
2690 1965
2689 1965
2688 1965
2687 1965
2686 1964
2685 1964
2684 1964
2683 1964
2682 1964
2681 1963
2680 1963
2679 1962
2678 1962
2677 1961
2676 1960
2675 1959
2674 1958
2673 1957
2672 1957
2671 1956
2670 1955
2669 1955
2668 1954
2667 1953
2666 1952
2665 1951
2664 1950
2663 1949
2662 1948
2661 1947
2660 1946
2659 1945
2658 1945
2657 1944
2656 1944
2655 1943
2654 1942
2654 1941
2653 1940
2652 1939
2651 1938
2650 1937
2649 1937
2648 1936
2647 1935
2647 1934
2646 1933
2645 1933
2644 1932
2643 1932
2642 1931
2641 1930
2640 1929
2639 1929
2638 1928
2637 1927
2636 1926
2635 1925
2635 1924
2634 1923
2633 1922
2633 1921
2632 1920
2632 1919
2631 1918
2630 1917
2629 1916
2628 1915
2628 1914
2627 1913
2626 1912
2625 1911
2624 1911
2623 1910
2622 1910
2621 1910
2620 1910
2619 1910
2618 1910
2617 1910
2616 1910
2615 1909
2614 1909
2613 1909
2612 1909
2611 1909
2610 1909
2609 1909
2608 1909
2607 1908
2606 1908
2605 1908
2604 1909
2603 1909
2602 1909
2601 1909
2600 1909
2599 1910
2598 1910
2597 1910
2596 1910
2595 1911
2594 1910
2594 1909
2594 1908
2594 1907
2594 1906
2594 1905
2594 1904
2594 1903
2595 1902
2594 1901
2593 1900
2593 1899
2592 1898
2591 1897
2591 1896
2590 1895
2590 1894
2589 1893
2588 1892
2588 1891
2587 1890
2587 1889
2586 1888
2586 1887
2585 1886
2585 1885
2584 1884
2583 1883
2583 1882
2582 1881
2582 1880
2581 1879
2581 1878
2580 1877
2580 1876
2580 1875
2580 1874
2579 1873
2579 1872
2578 1871
2577 1870
2576 1869
2575 1868
2574 1868
2573 1867
2572 1866
2571 1866
2570 1865
2569 1865
2568 1865
2567 1865
2566 1865
2565 1864
2564 1864
2563 1864
2562 1864
2561 1863
2560 1863
2559 1862
2558 1862
2557 1861
2556 1861
2555 1861
2554 1860
2553 1860
2552 1859
2551 1859
2550 1859
2549 1858
2548 1858
2547 1858
2546 1858
2545 1858
2544 1858
2543 1858
2542 1858
2541 1858
2540 1857
2539 1857
2538 1857
2537 1857
2536 1857
2535 1857
2534 1857
2533 1857
2532 1857
2531 1857
2530 1857
2529 1856
2528 1856
2527 1856
2526 1856
2525 1856
2524 1856
2523 1856
2522 1856
2521 1856
2520 1856
2519 1857
2518 1857
2517 1857
2516 1857
2515 1858
2514 1858
2513 1858
2512 1858
2511 1859
2510 1860
2509 1860
2508 1861
2507 1861
2506 1862
2505 1863
2504 1863
2503 1864
2502 1865
2501 1865
2500 1866
2499 1867
2498 1867
2497 1868
2496 1869
2495 1870
2494 1870
2493 1871
2492 1872
2491 1872
2490 1872
2489 1871
2488 1871
2487 1871
2486 1871
2485 1871
2484 1871
2483 1871
2482 1871
2481 1871
2480 1871
2479 1871
2478 1870
2477 1870
2476 1870
2475 1870
2474 1870
2473 1870
2472 1870
2471 1870
2470 1870
2469 1870
2468 1870
2467 1870
2466 1869
2465 1869
2464 1869
2463 1869
2462 1869
2461 1869
2460 1869
2459 1869
2458 1868
2457 1868
2456 1867
2455 1867
2454 1866
2453 1866
2452 1866
2451 1865
2450 1865
2449 1865
2448 1864
2447 1864
2446 1863
2445 1862
2444 1862
2443 1861
2442 1861
2441 1861
2440 1860
2439 1860
2438 1860
2437 1860
2436 1860
2435 1859
2434 1859
2433 1859
2432 1859
2431 1859
2430 1859
2429 1859
2428 1859
2427 1859
2426 1859
2425 1858
2424 1858
2423 1858
2422 1858
2421 1858
2420 1858
2419 1858
2418 1858
2417 1858
2416 1858
2415 1857
2414 1857
2413 1857
2412 1857
2411 1857
2410 1857
2409 1857
2408 1857
2407 1858
2406 1858
2405 1858
2404 1858
2403 1859
2402 1859
2401 1859
2400 1860
2399 1860
2398 1861
2397 1861
2396 1862
2395 1862
2394 1862
2393 1863
2392 1863
2391 1864
2390 1864
2389 1864
2388 1865
2387 1865
2386 1865
2385 1865
2384 1865
2383 1865
2382 1865
2381 1865
2380 1865
2379 1865
2378 1865
2377 1865
2376 1865
2375 1865
2374 1865
2373 1865
2372 1865
2371 1865
2370 1865
2369 1864
2368 1864
2367 1864
2366 1864
2365 1864
2364 1864
2363 1864
2362 1864
2361 1864
2360 1864
2359 1864
2358 1864
2357 1864
2356 1863
2355 1863
2354 1862
2353 1861
2352 1861
2351 1860
2350 1860
2349 1860
2348 1860
2347 1859
2346 1858
2345 1857
2345 1856
2344 1855
2343 1854
2342 1853
2342 1852
2342 1851
2341 1850
2341 1849
2341 1848
2340 1848
