3224 1673
3223 1674
3222 1674
3221 1675
3220 1675
3219 1676
3218 1677
3217 1678
3216 1678
3215 1678
3214 1679
3213 1679
3212 1680
3211 1680
3210 1680
3209 1680
3208 1681
3207 1681
3206 1682
3205 1682
3204 1683
3203 1683
3202 1684
3201 1684
3200 1684
3199 1684
3198 1685
3197 1685
3196 1685
3195 1685
3194 1686
3193 1686
3192 1687
3191 1687
3190 1688
3189 1688
3188 1689
3187 1689
3186 1689
3185 1690
3184 1690
3183 1690
3182 1691
3181 1691
3180 1692
3179 1692
3178 1693
3177 1693
3176 1694
3175 1694
3174 1695
3173 1696
3172 1696
3171 1697
3170 1697
3169 1698
3168 1698
3167 1699
3166 1699
3165 1699
3164 1700
3163 1700
3162 1700
3161 1701
3160 1701
3159 1701
3158 1702
3157 1702
3156 1703
3155 1703
3154 1703
3153 1704
3152 1704
3151 1704
3150 1704
3149 1705
3148 1705
3147 1705
3146 1706
3145 1706
3144 1707
3143 1707
3142 1708
3141 1708
3140 1709
3139 1709
3138 1710
3137 1710
3136 1711
3135 1711
3134 1711
3133 1711
3132 1711
3131 1711
3130 1712
3129 1712
3128 1712
3127 1712
3126 1712
3125 1712
3124 1712
3123 1713
3122 1713
3121 1713
3120 1713
3119 1714
3118 1714
3117 1714
3116 1715
3115 1715
3114 1715
3113 1716
3112 1716
3111 1716
3110 1717
3109 1717
3108 1717
3107 1718
3106 1718
3105 1719
3104 1719
3103 1719
3102 1720
3101 1720
3100 1720
3099 1720
3098 1721
3097 1721
3096 1722
3095 1722
3094 1722
3093 1722
3092 1722
3091 1723
3090 1723
3089 1722
3088 1722
3087 1723
3086 1723
3085 1723
3084 1723
3083 1723
3082 1722
3081 1723
3080 1723
3079 1723
3078 1723
3077 1722
3076 1723
3075 1723
3074 1723
3073 1723
3072 1723
3071 1723
3070 1722
3069 1722
3068 1722
3067 1723
3066 1723
3065 1723
3065 1724
3064 1725
3063 1725
3062 1726
3061 1726
3060 1727
3059 1728
3058 1728
3057 1729
3056 1729
3055 1729
3055 1730
3054 1731
3053 1731
3052 1731
3051 1732
3050 1732
3049 1732
3048 1731
3047 1731
3046 1732
3045 1732
3044 1732
3043 1731
3042 1731
3041 1732
3040 1732
3039 1732
3038 1732
3037 1732
3036 1732
3035 1732
3034 1732
3033 1733
3032 1733
3031 1733
3030 1732
3029 1731
3029 1732
3028 1733
3027 1733
3026 1732
3025 1731
3024 1732
3023 1732
3022 1732
3021 1732
3020 1732
3019 1732
3018 1732
3017 1731
3016 1731
3015 1731
3014 1731
3013 1731
3012 1731
3011 1730
3010 1731
3009 1731
3008 1731
3007 1730
3006 1730
3005 1729
3004 1729
3003 1729
3002 1728
3001 1727
3001 1726
3000 1726
2999 1727
2998 1727
2997 1727
2996 1726
2995 1726
2994 1726
2993 1726
2992 1726
2991 1725
2990 1725
2989 1725
2988 1725
2987 1725
2986 1724
2985 1724
2984 1724
2983 1724
2982 1723
2982 1722
2981 1722
2980 1722
2979 1721
2978 1720
2977 1719
2976 1719
2975 1718
2974 1717
2973 1717
2972 1716
2971 1716
2970 1715
2969 1715
2968 1715
2967 1714
2966 1714
2965 1713
2964 1713
2963 1713
2962 1713
2961 1712
2960 1712
2959 1711
2958 1711
2957 1711
2956 1711
2955 1711
2954 1711
2953 1710
2952 1710
2951 1710
2950 1710
2949 1710
2948 1710
2947 1710
2946 1710
2945 1710
2944 1709
2943 1708
2942 1708
2941 1709
2940 1708
2939 1707
2938 1707
2937 1707
2936 1706
2935 1705
2934 1705
2933 1704
2932 1703
2931 1702
2930 1702
2929 1702
2928 1701
2927 1700
2926 1700
2925 1699
2924 1698
2924 1697
2923 1697
2922 1697
2921 1696
2920 1696
2919 1695
2918 1694
2917 1693
2916 1693
2915 1692
2914 1692
2913 1692
2912 1691
2911 1691
2910 1690
2909 1689
2908 1688
2907 1688
2906 1687
2905 1686
2904 1686
2903 1686
2902 1685
2901 1685
2900 1684
2899 1684
2898 1684
2897 1684
2896 1683
2895 1683
2894 1682
2893 1682
2892 1682
2891 1682
2890 1682
2889 1681
2888 1681
2887 1681
2886 1681
2885 1681
2884 1681
2883 1682
2882 1682
2881 1683
2880 1683
2879 1684
2878 1685
2877 1685
2876 1686
2875 1687
2874 1687
2873 1687
2872 1688
2871 1688
2870 1688
2869 1689
2868 1690
2867 1690
2866 1691
2865 1692
2864 1692
2863 1693
2862 1693
2861 1694
2860 1694
2859 1695
2858 1696
2857 1696
2856 1697
2855 1698
2854 1698
2853 1698
2852 1699
2851 1699
2850 1700
2849 1700
2848 1701
2847 1702
2846 1702
2845 1703
2844 1704
2843 1705
2842 1705
2841 1706
2840 1707
2839 1707
2838 1708
2837 1708
2836 1709
2835 1709
2834 1709
2833 1710
2832 1710
2831 1711
2830 1711
2829 1712
2828 1712
2827 1713
2826 1713
2825 1713
2824 1714
2823 1714
2822 1715
2821 1715
2820 1715
2819 1716
2818 1716
2817 1716
2816 1717
2815 1718
2814 1718
2813 1719
2812 1719
2811 1720
2810 1721
2809 1721
2808 1722
2807 1722
2806 1723
2805 1724
2804 1725
2803 1726
2802 1727
2802 1728
2801 1729
2801 1730
2800 1731
2799 1732
2798 1732
2797 1732
2796 1732
2795 1732
2794 1733
2793 1733
2792 1733
2791 1733
2790 1734
2789 1734
2788 1734
2787 1735
2786 1735
2785 1735
2784 1735
2783 1735
2782 1736
2781 1736
2780 1736
2779 1736
2778 1736
2777 1736
2776 1737
2775 1737
2774 1737
2773 1737
2772 1737
2771 1737
2770 1737
2769 1737
2768 1737
2767 1737
2766 1737
2765 1737
2764 1737
2763 1737
2762 1737
2761 1737
2760 1738
2759 1738
2758 1738
2757 1738
2756 1738
2755 1738
2754 1738
2753 1738
2752 1738
2751 1738
2750 1737
2749 1737
2748 1737
2747 1737
2746 1737
2745 1737
2744 1737
2743 1737
2742 1737
2741 1737
2740 1737
2739 1737
2738 1737
2737 1737
2736 1737
2735 1737
2734 1737
2733 1737
2732 1737
2731 1737
2730 1737
2729 1737
2728 1736
2727 1736
2726 1736
2725 1736
2724 1736
2723 1736
2722 1736
2721 1736
2720 1736
2719 1736
2718 1736
2717 1736
2716 1736
2715 1736
2714 1736
2713 1736
2712 1736
2711 1735
2710 1735
2709 1735
2708 1735
2707 1735
2706 1735
2705 1735
2704 1735
2703 1735
2702 1735
2701 1735
2700 1735
2699 1735
2698 1735
2697 1735
2696 1735
2695 1734
2694 1734
2693 1734
2692 1734
2691 1734
2690 1734
2689 1734
2688 1734
2687 1734
2686 1734
2685 1734
2684 1734
2683 1734
2682 1734
2681 1734
2680 1734
2679 1734
2678 1734
2677 1734
2676 1734
2675 1734
2674 1733
2673 1733
2672 1734
2671 1733
2670 1733
2669 1733
2668 1733
2667 1733
2666 1733
2665 1733
2664 1733
2663 1733
2662 1733
2661 1733
2660 1733
2659 1733
2658 1733
2657 1733
2656 1733
2655 1732
2654 1733
2653 1733
2652 1733
2651 1733
2650 1732
2649 1733
2648 1733
2647 1732
2646 1733
2645 1733
2644 1733
2643 1733
2642 1733
2641 1733
2640 1733
2639 1733
2638 1733
2637 1733
2636 1733
2635 1732
2634 1732
2633 1732
2632 1733
2631 1733
2630 1733
2629 1733
2628 1732
2627 1732
2626 1732
2625 1732
2624 1732
2623 1732
2622 1732
2621 1732
2620 1732
2619 1732
2618 1732
2617 1732
2616 1733
2615 1733
2614 1733
2613 1733
2612 1732
2612 1731
2611 1731
2610 1731
2609 1731
2608 1731
2607 1731
2606 1732
2605 1733
2604 1733
2603 1733
2602 1733
2601 1733
2600 1733
2599 1733
2598 1732
2598 1731
2597 1731
2596 1731
2595 1731
2595 1732
2595 1733
2595 1734
2595 1735
2594 1736
2593 1736
2592 1736
2591 1736
2590 1736
2589 1735
2589 1734
2589 1733
2589 1732
2589 1731
2588 1731
2587 1730
2587 1731
2587 1732
2587 1733
2586 1734
2585 1734
2584 1734
2583 1733
2582 1732
2582 1731
2582 1730
2582 1729
2581 1729
2580 1729
2579 1729
2578 1729
2577 1729
2576 1730
2575 1730
2574 1730
2573 1731
2572 1731
2571 1731
2570 1731
2570 1732
2569 1733
2568 1733
2567 1733
2567 1734
2566 1735
2565 1735
2564 1735
2563 1735
2564 1736
2563 1737
2562 1738
2561 1738
2560 1739
2559 1739
2558 1740
2557 1741
2556 1742
2555 1743
2554 1743
2553 1743
2553 1744
2553 1745
2552 1746
2551 1746
2550 1746
2549 1746
2548 1745
2548 1746
2547 1747
2546 1748
2545 1748
2544 1749
2543 1749
2542 1749
2542 1750
2541 1751
2540 1752
2540 1753
2539 1754
2538 1754
2537 1754
2536 1753
2535 1754
2534 1755
2533 1755
2532 1755
2531 1756
2530 1757
2529 1758
2528 1758
2527 1759
2526 1759
2525 1759
2524 1759
2525 1760
2526 1761
2527 1762
2527 1763
2527 1764
2526 1765
2525 1765
2524 1765
2523 1765
2522 1765
2521 1765
2520 1765
2520 1766
2521 1767
2521 1768
2521 1769
2521 1770
2521 1771
2521 1772
2521 1773
2520 1774
2519 1774
2519 1775
2519 1776
2519 1777
2519 1778
2519 1779
2519 1780
2518 1781
2517 1781
2516 1781
2515 1781
2514 1781
2513 1781
2513 1782
2513 1783
2513 1784
2512 1785
2511 1785
2510 1785
2509 1785
2508 1784
2508 1783
2508 1782
2508 1781
2508 1780
2508 1779
2509 1778
2508 1777
2508 1776
2508 1775
2507 1774
2507 1773
2507 1772
2507 1773
2506 1774
2505 1774
2504 1774
2504 1775
2504 1776
2504 1777
2505 1778
2506 1779
2506 1780
2506 1781
2505 1782
2504 1782
2503 1782
2502 1782
2501 1781
2500 1781
2499 1781
2499 1782
2499 1783
2499 1784
2499 1785
2499 1786
2499 1787
2499 1788
2499 1789
2500 1789
2501 1790
2501 1791
2501 1792
2501 1793
2500 1794
2499 1794
2499 1795
2498 1796
2497 1796
2496 1796
2495 1795
2495 1794
2495 1793
2494 1793
2494 1794
2493 1795
2492 1795
2491 1795
2490 1795
2490 1796
2490 1797
2490 1798
2490 1799
2490 1800
2490 1801
2489 1802
2488 1802
2487 1802
2486 1801
2485 1801
2484 1801
2484 1802
2483 1803
2482 1804
2482 1805
2481 1806
2480 1806
2479 1806
2479 1807
2479 1808
2478 1809
2477 1809
2476 1809
2475 1810
2474 1810
2473 1810
2472 1811
2471 1811
2470 1811
2469 1810
2468 1811
2467 1811
2467 1812
2467 1813
2466 1814
2465 1814
2464 1814
2463 1814
2462 1813
2461 1814
2460 1814
2459 1814
2459 1815
2459 1816
2458 1817
2457 1817
2456 1817
2455 1818
2454 1818
2453 1819
2453 1820
2453 1821
2452 1822
2451 1822
2451 1823
2451 1824
2451 1825
2451 1826
2450 1827
2450 1828
2449 1829
2448 1829
2447 1830
2446 1830
2446 1831
2446 1832
2446 1833
2447 1833
2448 1834
2448 1835
2447 1836
2447 1837
2446 1838
2445 1838
2444 1839
2443 1839
2443 1840
2442 1841
2441 1841
2440 1841
2440 1842
2440 1843
2439 1844
2438 1844
2437 1844
2436 1844
2436 1845
2435 1846
2435 1847
2434 1848
2433 1848
2433 1849
2433 1850
2432 1851
2431 1852
2430 1852
2431 1853
2432 1853
2433 1854
2434 1855
2434 1856
2434 1857
2433 1858
2432 1859
2431 1859
2430 1859
2429 1858
2428 1858
2427 1858
2426 1858
2425 1858
2424 1859
2423 1859
2422 1859
2421 1859
2420 1858
2419 1858
2418 1858
2417 1858
2416 1858
2416 1859
2415 1860
2414 1860
2413 1860
2412 1860
2411 1860
2410 1860
2410 1861
2410 1862
2409 1863
2408 1863
2407 1863
2406 1862
2406 1861
2405 1861
2404 1861
2403 1861
2402 1861
2401 1861
2400 1860
2399 1860
2398 1861
2398 1862
2397 1863
2396 1863
2395 1863
2394 1863
2393 1863
2392 1862
2392 1861
2391 1862
2390 1862
2390 1863
2390 1864
2390 1865
2390 1866
2390 1867
2389 1868
2388 1868
2387 1868
2386 1868
2385 1868
2384 1867
2383 1866
2383 1865
2383 1864
2382 1864
2382 1865
2381 1866
2380 1867
2379 1867
2378 1867
2377 1866
2376 1866
2375 1866
2374 1866
2373 1867
2372 1867
2371 1867
2371 1868
2371 1869
2371 1870
2370 1871
2369 1871
2368 1871
2367 1871
2366 1871
2365 1870
2364 1871
2363 1871
2362 1871
2361 1871
2360 1871
2359 1872
2358 1873
2357 1874
2356 1874
2355 1874
2354 1875
2353 1875
2352 1876
2351 1876
2350 1877
2349 1878
2348 1878
2347 1878
2346 1879
2345 1879
2344 1880
2343 1881
2342 1881
2341 1882
2340 1882
2339 1882
2338 1882
2337 1882
2336 1882
2335 1882
2334 1882
2333 1882
2332 1883
2331 1883
2330 1883
2329 1884
2328 1884
2327 1884
2326 1885
2325 1885
2324 1885
2323 1885
2322 1885
2321 1885
2320 1885
2320 1886
2319 1887
2318 1887
2317 1887
2316 1887
2315 1887
2314 1888
2313 1888
2312 1888
2311 1888
2310 1888
2309 1888
2308 1889
2307 1889
2306 1890
2305 1890
2304 1890
2303 1890
2302 1891
2301 1891
2300 1892
2299 1892
2298 1893
2297 1893
2296 1894
2295 1894
2294 1894
2293 1895
2292 1895
2291 1896
2290 1896
2289 1897
2288 1897
2287 1897
2286 1898
2285 1898
2284 1898
2283 1898
2282 1899
2281 1899
2280 1899
2279 1899
2278 1899
2277 1899
2276 1900
2275 1900
2274 1900
2273 1901
2272 1901
2271 1902
2270 1902
2269 1902
2268 1903
2267 1903
2266 1903
2265 1903
2264 1903
2263 1903
2262 1903
2261 1904
2260 1904
2259 1904
2258 1904
2257 1904
2256 1904
2255 1904
2254 1904
2253 1905
2252 1905
2251 1905
2250 1906
2249 1906
2248 1906
2247 1907
2246 1907
2245 1907
2244 1908
2243 1909
2242 1909
2241 1910
2240 1910
2239 1911
2238 1911
2237 1911
2236 1912
2235 1912
2234 1913
2233 1913
2232 1914
2231 1914
2230 1915
2229 1916
2228 1916
2227 1917
2226 1917
2225 1918
2224 1918
2223 1919
2222 1919
2221 1920
2220 1920
2219 1921
2218 1921
2217 1922
2216 1922
2215 1923
2214 1923
2213 1923
2212 1923
2211 1923
2210 1924
2209 1924
2208 1924
2207 1924
2206 1924
2205 1925
2204 1925
2203 1925
2202 1925
2201 1926
2200 1926
2199 1926
2198 1926
2197 1927
2196 1927
2195 1927
2194 1928
2193 1928
2192 1928
2191 1928
2190 1929
2189 1929
2188 1929
2187 1930
2186 1930
2185 1930
2184 1930
2183 1931
2182 1931
2181 1931
2180 1931
2179 1932
2178 1932
2177 1932
2176 1932
2175 1933
2174 1933
2173 1933
2172 1934
2171 1934
2170 1934
2169 1935
2168 1935
2167 1935
2166 1935
2165 1936
2164 1936
2163 1936
2162 1936
2161 1937
2160 1937
2159 1937
2158 1938
2157 1938
2156 1938
2155 1938
2154 1939
2153 1939
2152 1940
2151 1940
2150 1940
2149 1940
2148 1941
2147 1941
2146 1941
2145 1942
2144 1942
2143 1942
2142 1942
2141 1943
2140 1943
2139 1943
2138 1943
2137 1943
2136 1943
2135 1944
2134 1944
2133 1944
2132 1944
2131 1945
2130 1945
2129 1946
2128 1947
2127 1947
2126 1948
2125 1949
2124 1950
2123 1951
2122 1952
2121 1953
2120 1954
2119 1954
2118 1955
2117 1956
2116 1956
2115 1957
2114 1957
2113 1958
2112 1958
2111 1959
2110 1959
2109 1959
2108 1960
2107 1960
2106 1961
2105 1961
2104 1962
2103 1962
2102 1963
2101 1963
2100 1964
2099 1965
2098 1965
2097 1966
2096 1966
2095 1967
2094 1967
2093 1968
2092 1968
2091 1969
2090 1969
2089 1969
2088 1970
2087 1970
2086 1970
2085 1970
2084 1970
2083 1971
2082 1971
2081 1971
2080 1971
2079 1972
2078 1972
2077 1972
2076 1972
2075 1973
2074 1973
2073 1973
2072 1973
2071 1973
2070 1973
2069 1974
2068 1974
2067 1974
2066 1974
2065 1975
2064 1975
2063 1975
2062 1975
2061 1975
2060 1975
2059 1975
2058 1976
2057 1976
2056 1976
2055 1976
2054 1976
2053 1977
2052 1977
2051 1977
2050 1977
2049 1977
2048 1978
2047 1978
2046 1978
2045 1978
2044 1978
2043 1979
2042 1979
2041 1979
2040 1979
2039 1979
2038 1979
2037 1979
2036 1980
2035 1980
2034 1980
2033 1980
2032 1980
2031 1980
2030 1980
2029 1980
2028 1980
2027 1980
2026 1980
2025 1980
2024 1980
2023 1981
2022 1981
2021 1981
2020 1981
2019 1981
2018 1981
2017 1981
2016 1982
2015 1982
2014 1982
2013 1982
2012 1982
2011 1983
2010 1983
2009 1983
2008 1984
2007 1984
2006 1984
2005 1985
2004 1985
2003 1985
2002 1985
2001 1986
2000 1986
1999 1986
1998 1986
1997 1987
1996 1987
1995 1987
1994 1987
1993 1987
1992 1988
1991 1988
1990 1988
1989 1988
1988 1989
1987 1989
1986 1989
1985 1989
1984 1989
1983 1990
1982 1990
1981 1990
1980 1990
1979 1990
1978 1991
1977 1991
1976 1991
1975 1991
1974 1991
1973 1992
1972 1992
1971 1992
1970 1992
1969 1992
1968 1993
1967 1993
1966 1993
1965 1993
1964 1994
1963 1994
1962 1994
1961 1994
1960 1994
1959 1994
1958 1995
1957 1995
1956 1995
1955 1995
1954 1995
1953 1995
1952 1996
1951 1995
1950 1996
1949 1996
1948 1996
1947 1996
1946 1996
1945 1997
1944 1997
1943 1997
1942 1997
1941 1998
1940 1998
1939 1997
1938 1998
1937 1998
1936 1998
1935 1998
1934 1999
1933 2000
1932 2000
1931 2000
1930 2000
1929 2000
1928 2000
1927 2001
1926 2001
1925 2001
1924 2002
1924 2003
1924 2004
1923 2005
1922 2005
1921 2005
1920 2004
1920 2005
1920 2006
1919 2007
1918 2007
1917 2007
1916 2007
1916 2008
1916 2009
1915 2010
1914 2010
1913 2010
1913 2011
1912 2012
1911 2012
1910 2012
1909 2012
1908 2012
1907 2011
1906 2011
1905 2011
1904 2011
1903 2011
1902 2011
1903 2012
1903 2013
1903 2014
1902 2015
1901 2016
1900 2016
1899 2016
1898 2017
1897 2017
1896 2017
1895 2016
1894 2017
1893 2017
1893 2018
1892 2019
1891 2019
1890 2019
1889 2020
1888 2020
1887 2021
1886 2021
1885 2021
1884 2020
1883 2020
1882 2020
1881 2021
1880 2022
1879 2022
1878 2022
1877 2022
1876 2022
1875 2022
1874 2022
1873 2023
1872 2023
1871 2023
1870 2023
1869 2024
1868 2024
1867 2025
1866 2025
1865 2025
1864 2025
1863 2025
1863 2026
1862 2027
1861 2027
1860 2027
1859 2027
1858 2028
1857 2028
1856 2028
1855 2028
1854 2029
1853 2029
1853 2030
1852 2031
1851 2031
1850 2031
1849 2031
1848 2032
1847 2032
1846 2032
1845 2033
1844 2033
1843 2034
1842 2034
1841 2034
1840 2034
1839 2034
1839 2035
1838 2036
1837 2037
1836 2037
1835 2037
1834 2037
1834 2038
1833 2039
1832 2039
1831 2039
1830 2040
1829 2040
1828 2041
1827 2041
1826 2041
1825 2041
1824 2041
1823 2041
1822 2041
1821 2041
1820 2041
1819 2042
1818 2042
1818 2043
1818 2044
1817 2045
1816 2045
1815 2045
1814 2045
1813 2046
1812 2046
1811 2046
1810 2046
1809 2046
1808 2046
1807 2046
1806 2047
1805 2047
1804 2047
1803 2047
1802 2048
1801 2049
1800 2049
1799 2050
1798 2050
1797 2050
1796 2049
1795 2049
1795 2050
1794 2051
1793 2051
1792 2051
1792 2052
1791 2053
1790 2053
1789 2053
1788 2053
1787 2053
1786 2054
1786 2055
1786 2056
1786 2057
1785 2058
1784 2059
1783 2059
1782 2059
1781 2059
1780 2058
1779 2058
1779 2059
1779 2060
1778 2061
1777 2061
1776 2062
1775 2062
1774 2062
1773 2061
1772 2061
1771 2061
1771 2062
1770 2063
1769 2064
1768 2064
1767 2064
1766 2064
1765 2064
1765 2065
1764 2066
1763 2066
1762 2066
1761 2066
1761 2067
1760 2068
1759 2068
1758 2068
1758 2069
1757 2070
1756 2070
1755 2070
1754 2070
1753 2069
1753 2070
1752 2071
1751 2071
1750 2071
1749 2072
1748 2073
1747 2073
1746 2073
1745 2073
1744 2073
1744 2074
1743 2075
1742 2075
1741 2075
1740 2075
1739 2075
1738 2076
1737 2076
1736 2077
1735 2077
1734 2077
1733 2077
1732 2077
1731 2077
1730 2078
1729 2078
1728 2079
1727 2079
1726 2079
1725 2079
1724 2079
1723 2080
1722 2081
1721 2081
1720 2080
1720 2081
1719 2082
1718 2083
1717 2083
1716 2084
1715 2085
1714 2086
1713 2087
1712 2087
1711 2087
1710 2088
1709 2089
1708 2090
1707 2090
1706 2090
1705 2090
1705 2091
1704 2092
1703 2091
1702 2092
1701 2093
1700 2094
1699 2094
1698 2094
1697 2095
1696 2096
1695 2096
1694 2097
1693 2097
1692 2097
1691 2098
1690 2099
1690 2100
1689 2101
1688 2101
1687 2101
1687 2102
1686 2103
1685 2104
1684 2104
1683 2105
1682 2106
1681 2106
1680 2107
1679 2108
1678 2108
1677 2109
1676 2109
1675 2110
1674 2110
1673 2111
1672 2111
1671 2112
1670 2113
1669 2113
1668 2114
1667 2114
1666 2115
1665 2115
1664 2116
1663 2116
1662 2117
1661 2117
1660 2118
1659 2118
1658 2119
1657 2119
1656 2120
1655 2120
1654 2121
1653 2121
1652 2122
1651 2122
1650 2123
1649 2124
1648 2124
1647 2125
1646 2125
1645 2126
1644 2127
1643 2127
1642 2128
1641 2128
1640 2129
1639 2129
1638 2130
1637 2130
1636 2131
1635 2131
1634 2132
1633 2132
1632 2132
1631 2133
1630 2133
1629 2134
1628 2134
1627 2135
1626 2135
1625 2136
1624 2136
1623 2137
1622 2137
1621 2138
1620 2138
1619 2139
1618 2140
1617 2140
1616 2141
1615 2141
1614 2142
1613 2143
1612 2143
1611 2144
1610 2145
1609 2145
1608 2146
1607 2147
1606 2147
1605 2148
1604 2148
1603 2149
1602 2150
1601 2150
1600 2151
1599 2151
1598 2152
1597 2152
1596 2153
1595 2153
1594 2154
1593 2154
1592 2155
1591 2155
1590 2156
1589 2156
1588 2157
1587 2157
1586 2158
1585 2158
1584 2159
1583 2159
1582 2159
1581 2160
1580 2160
1579 2160
1578 2161
1577 2161
1576 2161
1575 2161
1574 2162
1573 2162
1572 2163
1571 2163
1570 2164
1569 2165
1568 2165
1567 2166
1566 2167
1565 2168
1564 2168
1563 2169
1562 2170
1561 2170
1560 2171
1559 2171
1558 2172
1557 2172
1556 2173
1555 2174
1554 2174
1553 2175
1552 2175
1551 2176
1550 2176
1549 2176
1548 2177
1547 2177
1546 2177
1545 2177
1544 2178
1543 2178
1542 2178
1541 2179
1540 2179
1539 2180
1538 2180
1537 2181
1536 2181
1535 2182
1534 2182
1533 2183
1532 2184
1531 2185
1530 2185
1529 2186
1528 2187
1527 2187
1526 2188
1525 2189
1524 2189
1523 2190
1522 2190
1521 2191
1520 2191
1519 2192
1518 2192
1517 2192
1516 2193
1515 2193
1514 2193
1513 2194
1512 2194
1511 2195
1510 2195
1509 2195
1508 2196
1507 2196
1506 2196
1505 2197
1504 2197
1503 2197
1502 2198
1501 2198
1500 2198
1499 2199
1498 2199
1497 2199
1496 2200
1495 2200
1494 2201
1493 2201
1492 2202
1491 2202
1490 2203
1489 2203
1488 2204
1487 2205
1486 2205
1485 2206
1484 2206
1483 2207
1482 2208
1481 2208
1480 2209
1479 2210
1478 2211
1477 2212
1476 2212
1475 2212
1474 2213
1473 2213
1472 2213
1471 2214
1470 2214
1469 2214
1468 2215
1467 2215
1466 2216
1465 2216
1464 2217
1463 2217
1462 2218
1461 2218
1460 2218
1459 2219
1458 2219
1457 2220
1456 2220
1455 2221
1454 2221
1453 2222
1452 2222
1451 2223
1450 2223
1449 2224
1448 2224
1447 2224
1446 2225
1445 2225
1444 2225
1443 2226
1442 2226
1441 2227
1440 2227
1439 2228
1438 2228
1437 2228
1436 2229
1435 2229
1434 2229
1433 2230
1432 2230
1431 2230
1430 2231
1429 2231
1428 2232
1427 2232
1426 2233
1425 2233
1424 2233
1423 2234
1422 2234
1421 2235
1420 2235
1419 2236
1418 2236
1417 2237
1416 2237
1415 2238
1414 2238
1413 2239
1412 2239
1411 2240
1410 2240
1409 2241
1408 2241
1407 2242
1406 2242
1405 2243
1404 2243
1403 2244
1402 2244
1401 2245
1400 2245
1399 2246
1398 2246
1397 2247
1396 2248
1395 2248
1394 2249
1393 2249
1392 2250
1391 2251
1390 2251
1389 2252
1388 2253
1387 2254
1386 2255
1385 2256
1384 2257
1383 2257
1382 2258
1381 2259
1380 2259
1379 2260
1378 2260
1377 2261
1376 2261
1375 2261
1374 2262
1373 2262
1372 2262
1371 2263
1370 2263
1369 2264
1368 2265
1367 2265
1366 2266
1365 2267
1364 2268
1363 2269
1362 2270
1361 2271
1360 2271
1359 2272
1358 2273
1357 2274
1356 2274
1355 2275
1354 2275
1353 2276
1352 2276
1351 2277
1350 2277
1349 2277
1348 2278
1347 2278
1346 2278
1345 2279
1344 2279
1343 2280
1342 2280
1341 2281
1340 2281
1339 2282
1338 2282
1337 2283
1336 2284
1335 2284
1334 2285
1333 2286
1332 2286
1331 2287
1330 2288
1329 2288
1328 2289
1327 2289
1326 2289
1325 2290
1324 2290
1323 2290
1322 2290
1321 2290
1320 2291
1319 2291
1318 2291
1317 2291
1316 2291
1315 2291
1314 2291
1313 2291
1312 2291
1311 2291
1310 2292
1309 2292
1308 2292
1307 2292
1306 2292
1305 2292
1304 2293
1303 2293
1302 2294
1301 2294
1300 2295
1299 2295
1298 2296
1297 2296
1296 2297
1295 2298
1294 2298
1293 2298
1292 2299
1291 2299
1290 2299
1289 2300
1288 2300
1287 2300
1286 2301
1285 2301
1284 2302
1283 2302
1282 2302
1281 2303
1280 2303
1279 2303
1278 2304
1277 2304
1276 2304
1275 2305
1274 2305
1273 2305
1272 2306
1271 2306
1270 2307
1269 2307
1268 2308
1267 2308
1266 2309
1265 2310
1264 2310
1263 2311
1262 2312
1261 2312
1260 2313
1259 2314
1258 2315
1257 2315
1256 2316
1255 2317
1254 2317
1253 2318
1252 2318
1251 2319
1250 2319
1249 2320
1248 2320
1247 2320
1246 2321
1245 2321
1244 2321
1243 2321
1242 2321
1241 2321
1240 2322
1239 2322
1238 2323
1237 2323
1236 2324
1235 2324
1234 2324
1233 2325
1232 2325
1231 2326
1230 2326
1229 2327
1228 2327
1227 2327
1226 2328
1225 2328
1224 2328
1223 2329
1222 2329
1221 2330
1220 2330
1219 2331
1218 2331
1217 2332
1216 2332
1215 2333
1214 2333
1213 2334
1212 2334
1211 2335
1210 2335
1209 2336
1208 2336
1207 2337
1206 2337
1205 2338
1204 2338
1203 2339
1202 2339
1201 2340
1200 2340
1199 2341
1198 2341
1197 2342
1196 2342
1195 2343
1194 2343
1193 2343
1192 2344
1191 2344
1190 2345
1189 2346
1188 2346
1187 2347
1186 2348
1185 2348
1184 2349
1183 2350
1182 2350
1181 2351
1180 2351
1179 2352
1178 2352
1177 2353
1176 2353
1175 2354
1174 2354
1173 2354
1172 2355
1171 2355
1170 2356
1169 2356
1168 2357
1167 2357
1166 2358
1165 2359
1164 2359
1163 2360
1162 2360
1161 2361
1160 2362
1159 2362
1158 2363
1157 2363
1156 2364
1155 2364
1154 2365
1153 2365
1152 2366
1151 2366
1150 2367
1149 2367
1148 2367
1147 2368
1146 2368
1145 2368
1144 2368
1143 2368
1142 2369
1141 2369
1140 2369
1139 2370
1138 2370
1137 2370
1136 2371
1135 2371
1134 2372
1133 2372
1132 2373
1131 2373
1130 2373
1129 2374
1128 2374
1127 2375
1126 2375
1125 2375
1124 2376
1123 2376
1122 2376
1121 2377
1120 2377
1119 2378
1118 2378
1117 2378
1116 2379
1115 2379
1114 2380
1113 2380
1112 2381
1111 2381
1110 2382
1109 2382
1108 2383
1107 2383
1106 2384
1105 2384
1104 2385
1103 2385
1102 2386
1101 2386
1100 2387
1099 2387
1098 2388
1097 2388
1096 2389
1095 2389
1094 2390
1093 2390
1092 2391
1091 2391
1090 2392
1089 2392
1088 2393
1087 2393
1086 2394
1085 2394
1084 2395
1083 2395
1082 2396
1081 2396
1080 2397
1079 2397
1078 2398
1077 2398
1076 2399
1075 2399
1074 2400
1073 2400
1072 2400
1071 2401
1070 2401
1069 2402
1068 2403
1067 2403
1066 2404
1065 2405
1064 2406
1063 2406
1062 2407
1061 2408
1060 2409
1059 2409
1058 2410
1057 2411
1056 2411
1055 2412
1054 2412
1053 2413
1052 2413
1051 2414
1050 2414
1049 2415
1048 2415
1047 2416
1046 2416
1045 2417
1044 2417
1043 2417
1042 2418
1041 2418
1040 2419
1039 2419
1038 2420
1037 2420
1036 2421
1035 2421
1034 2421
1033 2422
1032 2422
1031 2423
1030 2423
1029 2424
1028 2424
1027 2425
1026 2425
1025 2425
1024 2426
1023 2426
1022 2427
1021 2427
1020 2428
1019 2428
1018 2429
1017 2430
1016 2430
1015 2431
1014 2431
1013 2432
1012 2432
1011 2433
1010 2434
1009 2434
1008 2435
1007 2436
1006 2436
1005 2437
1004 2438
1003 2438
1002 2439
1001 2439
1000 2440
999 2440
998 2440
997 2441
996 2441
995 2442
994 2442
993 2442
992 2443
991 2443
990 2443
989 2444
988 2444
987 2445
986 2445
985 2445
984 2446
983 2446
982 2446
981 2447
980 2447
979 2447
978 2448
977 2448
976 2448
975 2449
974 2449
973 2450
972 2450
971 2450
970 2451
969 2451
968 2452
967 2453
966 2453
965 2454
964 2454
963 2455
962 2456
961 2456
960 2457
959 2457
958 2458
957 2459
956 2459
955 2460
954 2460
953 2461
952 2461
951 2461
950 2462
949 2462
948 2463
947 2463
946 2463
945 2464
944 2464
943 2465
942 2465
941 2466
940 2466
939 2467
938 2467
937 2468
936 2468
935 2469
934 2469
933 2470
932 2470
931 2471
930 2471
929 2472
928 2472
927 2473
926 2474
925 2474
924 2475
923 2475
922 2476
921 2476
920 2477
919 2478
918 2478
917 2479
916 2479
915 2480
914 2480
913 2481
912 2481
911 2482
910 2483
909 2483
908 2484
907 2484
906 2485
905 2486
904 2486
903 2487
902 2487
901 2488
900 2488
899 2489
898 2490
897 2490
896 2491
895 2491
894 2492
893 2492
892 2492
891 2493
890 2493
889 2494
888 2494
887 2494
886 2495
885 2495
884 2495
883 2496
882 2496
881 2497
880 2497
879 2498
878 2499
877 2499
876 2500
875 2500
874 2501
873 2501
872 2502
871 2503
870 2503
869 2504
868 2504
867 2505
866 2505
865 2506
864 2506
863 2507
862 2507
861 2508
860 2508
859 2508
858 2509
857 2509
856 2510
855 2510
854 2510
853 2511
852 2511
851 2511
850 2512
849 2512
848 2513
847 2513
846 2513
845 2514
844 2514
843 2515
842 2515
841 2515
840 2516
839 2516
838 2517
837 2517
836 2518
835 2518
834 2519
833 2519
832 2519
831 2520
830 2520
829 2521
828 2521
827 2522
826 2522
825 2523
824 2523
823 2523
822 2524
821 2524
820 2525
819 2525
818 2526
817 2526
816 2526
815 2527
814 2527
813 2528
812 2528
811 2529
810 2529
809 2530
808 2530
807 2531
806 2531
805 2531
804 2532
803 2532
802 2533
801 2533
800 2534
799 2534
798 2534
797 2535
796 2535
795 2536
794 2536
793 2536
792 2537
791 2537
790 2538
789 2538
788 2538
787 2539
786 2539
785 2539
784 2540
783 2540
782 2540
781 2541
780 2541
779 2541
778 2542
777 2542
776 2543
775 2543
774 2544
773 2544
772 2545
771 2545
770 2546
769 2546
768 2546
767 2547
766 2547
765 2548
764 2548
763 2549
762 2549
761 2550
760 2550
759 2551
758 2551
757 2551
756 2551
755 2551
754 2552
753 2552
752 2552
751 2552
750 2553
749 2553
748 2553
747 2553
746 2554
745 2554
744 2554
743 2554
742 2555
741 2555
740 2555
739 2555
738 2555
737 2556
736 2556
735 2556
734 2556
733 2557
732 2557
731 2557
730 2557
729 2558
728 2558
727 2558
726 2559
725 2559
724 2559
723 2560
722 2560
721 2560
720 2561
719 2561
718 2561
717 2562
716 2562
715 2563
714 2563
713 2564
712 2564
711 2564
710 2565
709 2565
708 2566
707 2566
706 2567
705 2567
704 2567
703 2567
702 2568
701 2568
700 2568
699 2568
698 2569
697 2569
696 2570
695 2570
694 2571
693 2571
692 2572
691 2572
690 2572
689 2573
688 2573
687 2573
686 2574
685 2574
684 2574
683 2575
682 2575
681 2575
680 2575
679 2576
678 2576
677 2576
676 2576
675 2576
674 2577
673 2577
672 2577
671 2577
670 2578
669 2578
668 2579
667 2580
666 2580
665 2581
664 2582
663 2583
662 2583
661 2584
660 2584
659 2585
658 2586
657 2586
656 2587
655 2587
654 2588
653 2589
652 2589
651 2590
650 2591
649 2592
648 2592
647 2593
646 2593
645 2594
644 2595
643 2595
642 2596
641 2596
640 2597
639 2597
638 2598
637 2598
636 2599
635 2600
634 2601
633 2602
632 2603
631 2604
630 2604
629 2605
628 2606
627 2606
626 2607
625 2608
624 2608
623 2609
624 2609
625 2609
626 2610
627 2610
628 2610
629 2610
630 2610
631 2610
632 2610
633 2610
634 2610
635 2610
636 2611
637 2611
638 2611
639 2611
640 2611
641 2611
642 2611
643 2611
644 2611
645 2611
646 2611
647 2611
648 2612
649 2612
650 2612
651 2612
652 2612
653 2612
654 2612
655 2612
656 2612
657 2612
658 2612
659 2612
660 2612
661 2612
662 2612
663 2612
664 2613
665 2613
666 2613
667 2613
668 2613
669 2613
670 2613
671 2613
672 2613
673 2613
674 2613
675 2613
676 2613
677 2613
678 2613
679 2613
680 2614
681 2614
682 2614
683 2614
684 2614
685 2614
686 2614
687 2614
688 2614
689 2614
690 2614
691 2614
692 2613
693 2613
694 2613
695 2613
696 2613
697 2612
698 2612
699 2612
700 2612
701 2612
702 2612
703 2612
704 2612
705 2611
706 2611
707 2611
708 2611
709 2611
710 2611
711 2611
712 2611
713 2611
714 2610
715 2610
716 2610
717 2610
718 2609
719 2609
720 2609
721 2609
722 2609
723 2608
724 2608
725 2608
726 2608
727 2607
728 2607
729 2607
730 2607
731 2607
732 2607
733 2607
734 2607
735 2607
736 2607
737 2607
738 2607
739 2606
740 2606
741 2606
742 2606
743 2605
744 2605
745 2605
746 2605
747 2604
748 2604
749 2604
750 2604
751 2604
752 2603
753 2603
754 2603
755 2602
756 2602
757 2602
758 2601
759 2601
760 2601
761 2601
762 2600
763 2600
764 2600
765 2600
766 2599
767 2599
768 2599
769 2599
770 2599
771 2598
772 2598
773 2598
774 2598
775 2598
776 2598
777 2598
778 2598
779 2597
780 2597
781 2597
782 2597
783 2597
784 2597
785 2597
786 2597
787 2597
788 2597
789 2597
790 2597
791 2596
792 2596
793 2596
794 2596
795 2596
796 2596
797 2595
798 2595
799 2595
800 2595
801 2595
802 2595
803 2594
804 2594
805 2594
806 2594
807 2594
808 2594
809 2594
810 2594
811 2594
812 2594
813 2594
814 2594
815 2594
816 2594
817 2594
818 2594
819 2593
820 2593
821 2593
822 2593
823 2593
824 2593
825 2593
826 2593
827 2593
828 2593
829 2593
830 2594
831 2594
832 2594
833 2594
834 2594
835 2594
836 2594
837 2594
838 2594
839 2594
840 2593
841 2593
842 2593
843 2593
844 2593
845 2593
846 2593
847 2593
848 2592
849 2592
850 2592
851 2592
852 2592
853 2592
854 2592
855 2592
856 2592
857 2591
858 2591
859 2591
860 2591
861 2591
862 2591
863 2591
864 2591
865 2590
866 2591
867 2591
868 2591
869 2591
870 2590
871 2590
872 2590
873 2590
874 2590
875 2590
876 2590
877 2590
878 2590
879 2589
880 2589
881 2589
882 2589
883 2589
884 2589
885 2589
886 2589
887 2588
888 2588
889 2588
890 2588
891 2588
892 2588
893 2588
894 2588
895 2588
896 2587
897 2587
898 2587
899 2587
900 2587
901 2587
902 2587
903 2587
904 2587
905 2587
906 2587
907 2587
908 2587
909 2587
910 2587
911 2587
912 2587
913 2587
914 2587
915 2587
916 2587
917 2587
918 2587
919 2587
920 2587
921 2587
922 2587
923 2587
924 2587
925 2587
926 2587
927 2587
928 2587
929 2587
930 2587
931 2587
932 2587
933 2587
934 2587
935 2587
936 2587
937 2587
938 2587
939 2587
940 2587
941 2587
942 2587
943 2588
944 2587
945 2587
946 2587
947 2587
948 2587
949 2587
950 2587
951 2587
952 2587
953 2587
954 2587
955 2587
956 2587
957 2588
958 2588
959 2588
960 2587
961 2587
962 2587
963 2587
964 2587
965 2587
966 2587
967 2587
968 2587
969 2587
970 2586
971 2586
972 2586
973 2586
974 2586
975 2585
976 2585
977 2585
978 2585
979 2585
980 2585
981 2585
982 2585
983 2585
984 2585
985 2585
986 2584
987 2584
988 2585
989 2584
990 2584
991 2584
992 2584
993 2584
994 2584
995 2584
996 2584
997 2584
998 2584
999 2584
1000 2584
1001 2584
1002 2584
1003 2584
1004 2584
1005 2584
1006 2584
1007 2584
1008 2584
1009 2584
1010 2584
1011 2584
1012 2584
1013 2584
1014 2583
1015 2583
1016 2583
1017 2583
1018 2583
1019 2583
1020 2583
1021 2583
1022 2583
1023 2584
1024 2584
1025 2584
1026 2584
1027 2584
1028 2585
1029 2585
1030 2585
1031 2585
1032 2585
1033 2584
1034 2583
1035 2583
1036 2583
1037 2584
1037 2585
1038 2584
1039 2584
1040 2584
1041 2584
1042 2584
1043 2584
1044 2584
1045 2584
1046 2583
1047 2583
1047 2582
1047 2581
1047 2580
1047 2579
1048 2578
1049 2578
1050 2578
1051 2579
1051 2580
1051 2581
1052 2582
1052 2583
1053 2582
1054 2582
1055 2582
1056 2582
1057 2583
1056 2584
1057 2583
1058 2583
1059 2583
1060 2583
1061 2583
1062 2583
1063 2582
1064 2582
1065 2582
1066 2582
1067 2582
1067 2581
1068 2580
1069 2580
1070 2580
1071 2580
1072 2580
1073 2581
1073 2582
1074 2582
1075 2582
1076 2582
1077 2583
1077 2582
1078 2581
1079 2581
1080 2581
1081 2581
1082 2581
1083 2581
1084 2581
1085 2581
1085 2580
1085 2579
1086 2578
1087 2578
1088 2578
1089 2578
1090 2578
1091 2579
1091 2580
1091 2581
1092 2580
1093 2580
1094 2580
1095 2580
1096 2580
1097 2580
1097 2579
1097 2578
1098 2577
1099 2577
1100 2577
1101 2577
1102 2578
1102 2579
1102 2580
1103 2579
1104 2579
1105 2579
1106 2579
1107 2579
1108 2578
1109 2578
1110 2577
1111 2577
1112 2577
1112 2576
1113 2575
1114 2575
1115 2575
1116 2575
1117 2576
1118 2576
1119 2576
1120 2576
1121 2576
1122 2576
1123 2576
1124 2576
1125 2576
1126 2576
1127 2576
1128 2575
1129 2575
1130 2575
1131 2575
1132 2575
1133 2575
1134 2575
1135 2575
1136 2575
1137 2575
1138 2575
1139 2575
1140 2575
1141 2575
1142 2575
1143 2574
1144 2574
1145 2574
1146 2574
1146 2573
1147 2572
1148 2572
1149 2572
1150 2573
1151 2573
1152 2573
1153 2573
1154 2572
1155 2572
1156 2572
1157 2572
1158 2572
1159 2572
1160 2572
1161 2572
1162 2572
1163 2571
1164 2571
1165 2571
1166 2571
1167 2572
1168 2572
1169 2571
1170 2571
1171 2571
1172 2571
1173 2572
1174 2571
1175 2571
1176 2571
1177 2571
1178 2571
1179 2572
1180 2572
1181 2572
1182 2572
1183 2572
1184 2572
1185 2572
1186 2572
1187 2572
1188 2572
1189 2571
1190 2571
1191 2571
1192 2572
1192 2571
1193 2570
1194 2570
1195 2571
1196 2571
1197 2571
1198 2571
1199 2571
1200 2570
1201 2570
1202 2570
1203 2570
1204 2570
1205 2569
1206 2569
1207 2569
1208 2570
1209 2569
1210 2568
1211 2569
1212 2568
1213 2568
1214 2568
1215 2568
1216 2567
1217 2567
1218 2567
1219 2566
1220 2566
1221 2567
1222 2566
1223 2566
1224 2566
1225 2566
1226 2566
1227 2566
1228 2566
1229 2566
1230 2566
1231 2565
1232 2565
1233 2565
1234 2565
1235 2565
1236 2565
1237 2565
1238 2565
1239 2565
1240 2565
1241 2565
1242 2565
1243 2565
1244 2565
1245 2565
1246 2565
1247 2565
1248 2565
1249 2565
1250 2565
1251 2565
1252 2565
1253 2566
1254 2566
1255 2565
1256 2565
1257 2565
1258 2565
1259 2566
1260 2566
1261 2566
1262 2566
1263 2566
1264 2566
1265 2566
1266 2566
1267 2566
1268 2566
1269 2566
1270 2566
1271 2566
1272 2566
1273 2566
1274 2566
1275 2566
1276 2567
1277 2567
1278 2567
1279 2566
1280 2566
1281 2567
1282 2567
1283 2567
1284 2567
1285 2567
1286 2567
1287 2567
1288 2567
1289 2567
1290 2567
1291 2567
1292 2567
1293 2568
1294 2567
1295 2567
1296 2567
1297 2567
1298 2568
1299 2567
1300 2567
1301 2567
1302 2568
1303 2568
1304 2567
1305 2567
1306 2568
1307 2567
1308 2567
1309 2567
1310 2567
1311 2567
1312 2567
1313 2567
1314 2567
1315 2567
1316 2567
1317 2567
1318 2567
1319 2566
1320 2566
1321 2567
1322 2566
1323 2566
1324 2566
1325 2566
1326 2566
1327 2566
1328 2566
1329 2566
1330 2566
1331 2565
1332 2566
1333 2566
1334 2566
1335 2565
1336 2565
1337 2566
1338 2566
1339 2565
1340 2565
1341 2565
1342 2565
1343 2565
1344 2565
1345 2565
1346 2565
1347 2565
1348 2566
1349 2566
1350 2566
1351 2566
1352 2566
1353 2565
1354 2566
1355 2566
1356 2566
1357 2566
1358 2566
1359 2566
1360 2566
1361 2566
1362 2566
1363 2566
1364 2566
1365 2566
1366 2566
1367 2566
1368 2566
1369 2566
1370 2566
1371 2566
1372 2566
1373 2566
1374 2566
1375 2565
1376 2565
1377 2565
1378 2565
1379 2565
1380 2565
1381 2564
1382 2564
1383 2564
1384 2563
1385 2563
1386 2563
1387 2562
1388 2562
1389 2562
1390 2562
1391 2561
1392 2561
1393 2561
1394 2561
1395 2560
1396 2560
1397 2560
1398 2560
1399 2560
1400 2559
1401 2559
1402 2559
1403 2559
1404 2559
1405 2559
1406 2559
1407 2559
1408 2559
1409 2559
1410 2558
1411 2558
1412 2558
1413 2558
1414 2558
1415 2558
1416 2558
1417 2558
1418 2558
1419 2558
1420 2558
1421 2558
1422 2558
1423 2558
1424 2558
1425 2559
1426 2559
1427 2559
1428 2559
1429 2559
1430 2559
1431 2559
1432 2559
1433 2559
1434 2559
1435 2559
1436 2559
1437 2559
1438 2559
1439 2559
1440 2559
1441 2559
1442 2559
1443 2559
1444 2559
1445 2559
1446 2559
1447 2559
1448 2559
1449 2559
1450 2559
1451 2560
1452 2560
1453 2560
1454 2560
1455 2560
1456 2560
1457 2560
1458 2560
1459 2560
1460 2560
1461 2560
1462 2560
1463 2560
1464 2560
1465 2560
1466 2560
1467 2561
1468 2561
1469 2561
1470 2561
1471 2561
1472 2561
1473 2561
1474 2561
1475 2561
1476 2561
1477 2561
1478 2561
1479 2561
1480 2561
1481 2561
1482 2561
1483 2561
1484 2561
1485 2561
1486 2562
1487 2562
1488 2562
1489 2562
1490 2562
1491 2562
1492 2562
1493 2562
1494 2562
1495 2562
1496 2562
1497 2562
1498 2562
1499 2562
1500 2562
1501 2562
1502 2563
1503 2563
1504 2563
1505 2563
1506 2563
1507 2563
1508 2563
1509 2563
1510 2563
1511 2563
1512 2563
1513 2563
1514 2563
1515 2563
1516 2563
1517 2563
1518 2564
1519 2564
1520 2564
1521 2564
1522 2564
1523 2564
1524 2564
1525 2564
1526 2564
1527 2564
1528 2564
1529 2564
1530 2564
1531 2564
1532 2564
1533 2564
1534 2565
1535 2565
1536 2565
1537 2565
1538 2565
1539 2565
1540 2565
1541 2565
1542 2565
1543 2565
1544 2565
1545 2565
1546 2565
1547 2565
1548 2565
1549 2565
1550 2566
1551 2566
1552 2566
1553 2566
1554 2566
1555 2566
1556 2566
1557 2566
1558 2566
1559 2566
1560 2566
1561 2566
1562 2566
1563 2566
1564 2566
1565 2566
1566 2567
1567 2567
1568 2567
1569 2567
1570 2567
1571 2567
1572 2567
1573 2567
1574 2567
1575 2567
1576 2567
1577 2567
1578 2567
1579 2567
1580 2567
1581 2566
1582 2566
1583 2566
1584 2566
1585 2566
1586 2566
1587 2566
1588 2565
1589 2565
1590 2565
1591 2565
1592 2565
1593 2565
1594 2564
1595 2564
1596 2564
1597 2564
1598 2564
1599 2564
1600 2564
1601 2564
1602 2564
1603 2564
1604 2564
1605 2564
1606 2564
1607 2564
1608 2564
1609 2564
1610 2564
1611 2564
1612 2564
1613 2564
1614 2564
1615 2564
1616 2564
1617 2564
1618 2564
1619 2564
1620 2564
1621 2564
1622 2564
1623 2565
1624 2565
1625 2565
1626 2565
1627 2565
1628 2565
1629 2565
1630 2565
1631 2565
1632 2565
1633 2565
1634 2565
1635 2565
1636 2565
1637 2565
1638 2565
1639 2565
1640 2565
1641 2565
1642 2565
1643 2566
1644 2566
1645 2566
1646 2566
1647 2566
1648 2566
1649 2566
1650 2566
1651 2566
1652 2566
1653 2566
1654 2566
1655 2566
1656 2566
1657 2566
1658 2566
1659 2566
1660 2566
1661 2566
1662 2567
1663 2567
1664 2567
1665 2567
1666 2567
1667 2567
1668 2567
1669 2567
1670 2567
1671 2567
1672 2567
1673 2567
1674 2567
1675 2567
1676 2567
1677 2567
1678 2568
1679 2568
1680 2568
1681 2568
1682 2568
1683 2568
1684 2568
1685 2568
1686 2568
1687 2568
1688 2568
1689 2568
1690 2568
1691 2568
1692 2568
1693 2568
1694 2569
1695 2569
1696 2569
1697 2569
1698 2569
1699 2569
1700 2569
1701 2569
1702 2569
1703 2569
1704 2569
1705 2569
1706 2569
1707 2569
1708 2569
1709 2569
1710 2570
1711 2570
1712 2570
1713 2570
1714 2570
1715 2570
1716 2570
1717 2570
1718 2570
1719 2570
1720 2570
1721 2570
1722 2570
1723 2570
1724 2570
1725 2570
1726 2571
1727 2571
1728 2571
1729 2571
1730 2571
1731 2571
1732 2571
1733 2571
1734 2571
1735 2571
1736 2571
1737 2571
1738 2571
1739 2571
1740 2571
1741 2571
1742 2572
1743 2572
1744 2572
1745 2572
1746 2572
1747 2572
1748 2572
1749 2572
1750 2572
1751 2572
1752 2572
1753 2572
1754 2572
1755 2572
1756 2572
1757 2572
1758 2573
1759 2573
1760 2573
1761 2573
1762 2573
1763 2573
1764 2573
1765 2573
1766 2573
1767 2573
1768 2573
1769 2573
1770 2573
1771 2573
1772 2573
1773 2573
1774 2574
1775 2574
1776 2574
1777 2574
1778 2574
1779 2574
1780 2574
1781 2574
1782 2574
1783 2574
1784 2574
1785 2574
1786 2574
1787 2574
1788 2574
1789 2574
1790 2575
1791 2575
1792 2575
1793 2575
1794 2575
1795 2575
1796 2575
1797 2575
1798 2575
1799 2575
1800 2575
1801 2575
1802 2575
1803 2575
1804 2575
1805 2575
1806 2576
1807 2576
1808 2576
1809 2576
1810 2576
1811 2576
1812 2576
1813 2576
1814 2576
1815 2576
1816 2576
1817 2576
1818 2576
1819 2576
1820 2576
1821 2576
1822 2577
1823 2577
1824 2577
1825 2577
1826 2577
1827 2577
1828 2577
1829 2577
1830 2577
1831 2577
1832 2577
1833 2577
1834 2577
1835 2577
1836 2577
1837 2577
1838 2578
1839 2578
1840 2578
1841 2578
1842 2578
1843 2578
1844 2578
1845 2578
1846 2578
1847 2578
1848 2578
1849 2578
1850 2578
1851 2578
1852 2578
1853 2578
1854 2579
1855 2579
1856 2579
1857 2579
1858 2579
1859 2579
1860 2579
1861 2579
1862 2579
1863 2579
1864 2579
1865 2579
1866 2579
1867 2579
1868 2579
1869 2579
1870 2580
1871 2580
1872 2580
1873 2580
1874 2580
1875 2580
1876 2580
1877 2580
1878 2580
1879 2580
1880 2580
1881 2580
1882 2580
1883 2580
1884 2580
1885 2580
1886 2581
1887 2581
1888 2581
1889 2581
1890 2581
1891 2581
1892 2581
1893 2581
1894 2581
1895 2581
1896 2581
1897 2581
1898 2581
1899 2581
1900 2581
1901 2581
1902 2582
1903 2582
1904 2582
1905 2582
1906 2582
1907 2582
1908 2582
1909 2582
1910 2582
1911 2582
1912 2582
1913 2582
1914 2582
1915 2582
1916 2582
1917 2582
1918 2583
1919 2583
1920 2583
1921 2583
1922 2583
1923 2583
1924 2583
1925 2583
1926 2583
1927 2583
1928 2583
1929 2583
1930 2583
1931 2583
1932 2583
1933 2583
1934 2584
1935 2584
1936 2584
1937 2584
1938 2584
1939 2584
1940 2584
1941 2584
1942 2584
1943 2584
1944 2584
1945 2584
1946 2584
1947 2584
1948 2584
1949 2584
1950 2585
1951 2585
1952 2585
1953 2585
1954 2585
1955 2585
1956 2585
1957 2585
1958 2585
1959 2585
1960 2585
1961 2585
1962 2585
1963 2585
1964 2585
1965 2585
1966 2586
1967 2586
1968 2586
1969 2586
1970 2586
1971 2586
1972 2586
1973 2586
1974 2586
1975 2586
1976 2586
1977 2586
1978 2586
1979 2586
1980 2586
1981 2586
1982 2587
1983 2587
1984 2587
1985 2587
1986 2587
1987 2587
1988 2587
1989 2587
1990 2587
1991 2587
1992 2587
1993 2587
1994 2587
1995 2587
1996 2587
1997 2587
1998 2588
1999 2588
2000 2588
2001 2588
2002 2588
2003 2588
2004 2588
2005 2588
2006 2588
2007 2588
2008 2588
2009 2588
2010 2589
2011 2589
2012 2589
2013 2590
2014 2590
2015 2590
2016 2591
2017 2591
2018 2591
2019 2592
2020 2592
2021 2592
2022 2592
2023 2593
2024 2593
2025 2593
2026 2593
2027 2593
2028 2594
2029 2594
2030 2594
2031 2594
2032 2594
2033 2595
2034 2595
2035 2595
2036 2595
2037 2595
2038 2595
2039 2595
2040 2595
2041 2595
2042 2596
2043 2596
2044 2596
2045 2596
2046 2596
2047 2596
2048 2596
2049 2596
2050 2596
2051 2597
2052 2597
2053 2597
2054 2597
2055 2597
2056 2597
2057 2597
2058 2597
2059 2597
2060 2597
2061 2597
2062 2597
2063 2597
2064 2598
2065 2598
2066 2598
2067 2598
2068 2598
2069 2598
2070 2598
2071 2599
2072 2599
2073 2599
2074 2599
2075 2600
2076 2600
2077 2600
2078 2600
2079 2601
2080 2601
2081 2601
2082 2601
2083 2602
2084 2602
2085 2602
2086 2603
2087 2603
2088 2603
2089 2603
2090 2603
2091 2603
2092 2604
2093 2604
2094 2604
2095 2604
2096 2604
2097 2605
2098 2605
2099 2605
2100 2605
2101 2605
2102 2605
2103 2605
2104 2606
2105 2606
2106 2606
2107 2606
2108 2606
2109 2606
2110 2606
2111 2606
2112 2606
2113 2607
2114 2607
2115 2607
2116 2607
2117 2607
2118 2607
2119 2607
2120 2607
2121 2607
2122 2607
2123 2607
2124 2607
2125 2607
2126 2607
2127 2608
2128 2608
2129 2608
2130 2609
2131 2609
2132 2609
2133 2609
2134 2610
2135 2610
2136 2610
2137 2611
2138 2611
2139 2611
2140 2611
2141 2612
2142 2612
2143 2612
2144 2613
2145 2613
2146 2613
2147 2613
2148 2613
2149 2614
2150 2614
2151 2614
2152 2614
2153 2614
2154 2614
2155 2614
2156 2614
2157 2615
2158 2615
2159 2615
2160 2615
2161 2615
2162 2615
2163 2615
2164 2616
2165 2616
2166 2616
2167 2617
2168 2617
2169 2617
2170 2617
2171 2618
2172 2618
2173 2618
2174 2619
2175 2619
2176 2619
2177 2620
2178 2620
2179 2620
2180 2620
2181 2621
2182 2621
2183 2621
2184 2621
2185 2621
2186 2622
2187 2622
2188 2622
2189 2622
2190 2622
2191 2622
2192 2623
2193 2623
2194 2623
2195 2624
2196 2624
2197 2624
2198 2625
2199 2625
2200 2626
2201 2626
2202 2627
2203 2627
2204 2627
2205 2628
2206 2628
2207 2628
2208 2629
2209 2629
2210 2629
2211 2629
2212 2629
2213 2630
2214 2630
2215 2630
2216 2630
2217 2630
2218 2630
2219 2630
2220 2631
2221 2631
2222 2631
2223 2631
2224 2631
2225 2631
2226 2631
2227 2631
2228 2632
2229 2632
2230 2632
2231 2632
2232 2632
2233 2632
2234 2632
2235 2632
2236 2632
2237 2632
2238 2632
2239 2633
2240 2633
2241 2633
2242 2633
2243 2633
2244 2633
2245 2633
2246 2633
2247 2633
2248 2633
2249 2633
2250 2633
2251 2634
2252 2634
2253 2634
2254 2635
2255 2635
2256 2636
2257 2636
2258 2636
2259 2637
2260 2637
2261 2637
2262 2638
2263 2638
2264 2638
2265 2638
2266 2638
2267 2639
2268 2639
2269 2639
2270 2639
2271 2640
2272 2640
2273 2640
2274 2640
2275 2641
2276 2641
2277 2642
2278 2642
2279 2642
2280 2643
2281 2643
2282 2643
2283 2644
2284 2644
2285 2645
2286 2645
2287 2645
2288 2645
2289 2646
2290 2646
2291 2646
2292 2646
2293 2646
2294 2647
2295 2647
2296 2647
2297 2648
2298 2648
2299 2648
2300 2649
2301 2649
2302 2650
2303 2650
2304 2651
2305 2651
2306 2651
2307 2652
2308 2652
2309 2653
2310 2653
2311 2654
2312 2654
2313 2655
2314 2655
2315 2656
2316 2656
2317 2656
2318 2657
2319 2657
2320 2658
2321 2658
2322 2658
2323 2659
2324 2659
2325 2659
2326 2660
2327 2660
2328 2660
2329 2660
2330 2660
2331 2661
2332 2661
2333 2662
2334 2662
2335 2663
2336 2663
2337 2663
2338 2664
2339 2664
2340 2665
2341 2665
2342 2666
2343 2666
2344 2667
2345 2667
2346 2667
2347 2667
2348 2668
2349 2668
2350 2668
2351 2668
2352 2669
2353 2669
2354 2669
2355 2669
2356 2669
2357 2669
2358 2669
2359 2670
2360 2670
2361 2670
2362 2671
2363 2671
2364 2671
2365 2672
2366 2673
2367 2673
2368 2673
2369 2674
2370 2674
2371 2674
2372 2675
2373 2675
2374 2675
2375 2675
2376 2675
2377 2676
2378 2676
2379 2676
2380 2676
2381 2676
2382 2677
2383 2677
2384 2677
2385 2677
2386 2678
2387 2678
2388 2678
2389 2679
2390 2679
2391 2680
2392 2680
2393 2680
2394 2681
2395 2681
2396 2682
2397 2682
2398 2683
2399 2683
2400 2684
2401 2684
2402 2685
2403 2685
2404 2686
2405 2686
2406 2687
2407 2687
2408 2688
2409 2688
2410 2689
2411 2690
2412 2690
2413 2691
2414 2692
2415 2692
2416 2693
2417 2693
2418 2693
2419 2694
2420 2694
2421 2695
2422 2695
2423 2695
2424 2695
2425 2696
2426 2696
2427 2696
2428 2697
2429 2697
2430 2698
2431 2698
2432 2699
2433 2699
2434 2700
2435 2700
2436 2701
2437 2701
2438 2702
2439 2702
2440 2702
2441 2703
2442 2703
2443 2703
2444 2704
2445 2704
2446 2705
2447 2705
2448 2706
2449 2706
2450 2707
2451 2707
2452 2708
2453 2709
2454 2709
2455 2710
2456 2710
2457 2711
2458 2712
2459 2712
2460 2713
2461 2714
2462 2714
2463 2715
2464 2715
2465 2715
2466 2716
2467 2716
2468 2717
2469 2717
2470 2718
2471 2718
2472 2719
2473 2719
2474 2720
2475 2720
2476 2721
2477 2721
2478 2722
2479 2722
2480 2723
2481 2723
2482 2723
2483 2724
2484 2724
2485 2725
2486 2725
2487 2726
2488 2726
2489 2727
2490 2728
2491 2728
2492 2729
2493 2729
2494 2730
2495 2730
2496 2731
2497 2731
2498 2731
2499 2732
2500 2732
2501 2732
2502 2732
2503 2733
2504 2733
2505 2733
2506 2733
2507 2734
2508 2735
2509 2736
2510 2736
2511 2737
2512 2737
2513 2737
2514 2738
2515 2738
2516 2738
2517 2738
2518 2739
2519 2739
2520 2739
2521 2739
2522 2740
2523 2741
2524 2741
2525 2742
2526 2742
2527 2743
2528 2743
2529 2743
2530 2744
2531 2744
2532 2745
2533 2746
2534 2746
2535 2747
2536 2748
2537 2748
2538 2749
2539 2749
2540 2750
2541 2750
2542 2751
2543 2751
2544 2751
2545 2752
2546 2752
2547 2752
2548 2752
2549 2753
2550 2753
2551 2753
2552 2753
2553 2754
2554 2755
2555 2756
2556 2756
2557 2757
2558 2758
2559 2758
2560 2758
2561 2759
2562 2759
2563 2759
2564 2760
2565 2760
2566 2760
2567 2761
2568 2761
2569 2762
2570 2763
2571 2764
2572 2764
2573 2765
2574 2766
2575 2767
2576 2767
2577 2768
2578 2769
2579 2769
2580 2770
2581 2770
2582 2771
2583 2771
2584 2772
2585 2772
2586 2773
2587 2773
2588 2774
2589 2774
2590 2775
2591 2776
2592 2776
2593 2777
2594 2777
2595 2778
2596 2778
2597 2779
2598 2779
2599 2779
2600 2779
2601 2780
2602 2780
2603 2781
2604 2781
2605 2782
2606 2782
2607 2783
2608 2783
2609 2784
2610 2784
2611 2785
2612 2785
2613 2785
2614 2786
2615 2787
2616 2788
2617 2789
2618 2790
2619 2791
2620 2792
2621 2793
2622 2794
2623 2794
2624 2795
2625 2796
2626 2796
2627 2797
2628 2798
2629 2798
2630 2798
2631 2799
2632 2800
2633 2800
2634 2801
2635 2802
2636 2802
2637 2803
2638 2804
2639 2804
2640 2805
2641 2805
2642 2805
2643 2806
2644 2806
2645 2806
2646 2807
2647 2807
2648 2808
2649 2809
2650 2809
2651 2810
2652 2811
2653 2811
2654 2812
2655 2812
2656 2812
2657 2813
2658 2813
2659 2813
2660 2813
2661 2814
2662 2814
2663 2814
2664 2814
2665 2815
2666 2815
2667 2816
2668 2816
2669 2817
2670 2817
2671 2818
2672 2818
2673 2818
2674 2819
2675 2819
2676 2819
2677 2819
2678 2820
2679 2820
2680 2820
2681 2821
2682 2821
2683 2822
2684 2822
2685 2823
2686 2823
2687 2823
2688 2824
2689 2824
2690 2825
2691 2825
2692 2825
2693 2826
2694 2826
2695 2826
2696 2827
2697 2827
2698 2827
2699 2828
2700 2828
2701 2828
2702 2828
2703 2829
2704 2829
2705 2829
2706 2829
2707 2829
2708 2829
2709 2829
2710 2830
2711 2830
2712 2830
2713 2830
2714 2830
2715 2830
2716 2830
2717 2831
2718 2831
2719 2831
2720 2831
2721 2831
2722 2831
2723 2831
2724 2831
2725 2831
2726 2831
2727 2831
2728 2832
2729 2832
2730 2832
2731 2833
2732 2833
2733 2833
2734 2834
2735 2834
2736 2834
2737 2835
2738 2835
2739 2835
2740 2836
2741 2836
2742 2836
2743 2836
2744 2837
2745 2837
2746 2837
2747 2837
2748 2838
2749 2838
2750 2838
2751 2838
2752 2838
2753 2838
2754 2838
2755 2839
2756 2839
2757 2839
2758 2839
2759 2839
2760 2839
2761 2839
2762 2839
2763 2840
2764 2840
2765 2840
2766 2840
2767 2840
2768 2840
2769 2840
2770 2841
2771 2841
2772 2841
2773 2842
2774 2842
2775 2842
2776 2843
2777 2843
2778 2844
2779 2844
2780 2845
2781 2845
2782 2846
2783 2847
2784 2847
2785 2848
2786 2848
2787 2849
2788 2849
2789 2849
2790 2850
2791 2850
2792 2851
2793 2851
2794 2851
2795 2852
2796 2852
2797 2852
2798 2852
2799 2852
2800 2853
2801 2854
2802 2854
2803 2855
2804 2856
2805 2856
2806 2857
2807 2858
2808 2859
2809 2859
2810 2860
2811 2861
2812 2861
2813 2862
2814 2863
2815 2863
2816 2864
2817 2865
2818 2865
2819 2866
2820 2867
2821 2868
2822 2869
2823 2869
2824 2870
2825 2871
2826 2872
2827 2872
2828 2873
2829 2873
2830 2873
2831 2873
2832 2874
2833 2874
2834 2874
2835 2874
2836 2875
2837 2875
2838 2876
2839 2876
2840 2877
2841 2877
2842 2878
2843 2878
2844 2879
2845 2879
2846 2879
2847 2879
2848 2880
2849 2880
2850 2880
2851 2880
2852 2880
2853 2881
2854 2881
2855 2881
2856 2881
2857 2882
2858 2882
2859 2883
2860 2883
2861 2883
2862 2884
2863 2884
2864 2885
2865 2885
2866 2886
2867 2886
2868 2886
2869 2887
2870 2887
2871 2888
2872 2888
2873 2889
2874 2889
2875 2890
2876 2890
2877 2891
2878 2891
2879 2892
2880 2892
2881 2893
2882 2893
2883 2893
2884 2894
2885 2894
2886 2894
2887 2894
2888 2895
2889 2895
2890 2895
2891 2895
2892 2895
2893 2896
2894 2896
2895 2896
2896 2896
2897 2896
2898 2896
2899 2896
2900 2896
2901 2896
2902 2896
2903 2897
2904 2897
2905 2898
2906 2898
2907 2898
2908 2899
2909 2899
2910 2899
2911 2900
2912 2900
2913 2900
2914 2901
2915 2901
2916 2901
2917 2901
2918 2902
2919 2902
2920 2902
2921 2902
2922 2903
2923 2903
2924 2904
2925 2904
2926 2904
2927 2905
2928 2905
2929 2906
2930 2906
2931 2906
2932 2907
2933 2907
2934 2908
2935 2908
2936 2908
2937 2908
2938 2909
2939 2909
2940 2909
2941 2909
2942 2910
2943 2910
2944 2910
2945 2910
2946 2910
2947 2910
2948 2910
2949 2911
2950 2911
2951 2911
2952 2911
2953 2911
2954 2911
2955 2911
2956 2912
2957 2912
2958 2912
2959 2912
2960 2912
2961 2912
2962 2912
2963 2912
2964 2912
2965 2912
2966 2913
2967 2913
2968 2913
2969 2913
2970 2913
2971 2914
2972 2914
2973 2914
2974 2915
2975 2915
2976 2915
2977 2915
2978 2916
2979 2916
2980 2916
2981 2917
2982 2917
2983 2917
2984 2918
2985 2918
2986 2918
2987 2918
2988 2919
2989 2919
2990 2919
2991 2919
2992 2919
2993 2919
2994 2919
2995 2920
2996 2920
2997 2920
2998 2920
2999 2920
3000 2920
3001 2921
3002 2921
3003 2921
3004 2921
3005 2921
3006 2921
3007 2921
3008 2921
3009 2921
3010 2921
3011 2921
3012 2922
3013 2922
3014 2922
3015 2922
3016 2922
3017 2922
3018 2922
3019 2922
3020 2922
3021 2922
3022 2922
3023 2922
3024 2923
3025 2923
3026 2923
3027 2923
3028 2923
3029 2923
3030 2923
3031 2924
3032 2924
3033 2924
3034 2925
3035 2925
3036 2925
3037 2925
3038 2926
3039 2926
3040 2926
3041 2927
3042 2927
3043 2927
3044 2927
3045 2928
3046 2928
3047 2928
3048 2929
3049 2929
3050 2929
3051 2929
3052 2929
3053 2929
3054 2929
3055 2930
3056 2930
3057 2930
3058 2930
3059 2930
3060 2930
3061 2930
3062 2930
3063 2931
3064 2931
3065 2931
3066 2931
3067 2931
3068 2931
3069 2931
3070 2931
3071 2931
3072 2931
3073 2932
3074 2932
3075 2932
3076 2932
3077 2932
3078 2932
3079 2932
3080 2932
3081 2932
3082 2932
3083 2932
3084 2932
3085 2933
3086 2933
3087 2933
3088 2933
3089 2933
3090 2933
3091 2933
3092 2933
3093 2933
3094 2933
3095 2933
3096 2933
3097 2933
3098 2933
3099 2934
3100 2934
3101 2934
3102 2934
3103 2934
3104 2934
3105 2934
3106 2934
3107 2934
3108 2934
3109 2934
3110 2934
3111 2934
3112 2934
3113 2934
3114 2934
3115 2935
3116 2935
3117 2935
3118 2935
3119 2935
3120 2935
3121 2935
3122 2935
3123 2935
3124 2935
3125 2935
3126 2935
3127 2935
3128 2935
3129 2935
3130 2935
3131 2936
3132 2936
3133 2936
3134 2936
3135 2936
3136 2936
3137 2936
3138 2936
3139 2936
3140 2936
3141 2936
3142 2936
3143 2936
3144 2936
3145 2936
3146 2936
3147 2937
3148 2937
3149 2937
3150 2937
3151 2937
3152 2937
3153 2937
3154 2937
3155 2937
3156 2937
3157 2937
3158 2937
3159 2937
3160 2937
3161 2937
3162 2937
3163 2938
3164 2938
3165 2938
3166 2938
3167 2938
3168 2938
3169 2938
3170 2938
3171 2938
3172 2938
3173 2938
3174 2938
3175 2938
3176 2938
3177 2938
3178 2938
3179 2939
3180 2939
3181 2939
3182 2939
3183 2939
3184 2939
3185 2939
3186 2939
3187 2939
3188 2939
3189 2939
3190 2939
3191 2939
3192 2939
3193 2939
3194 2939
3195 2940
3196 2940
3197 2940
3198 2940
3199 2940
3200 2940
3201 2940
3202 2940
3203 2940
3204 2940
3205 2940
3206 2940
3207 2940
3208 2940
3209 2940
3210 2940
3211 2941
3212 2941
3213 2941
3214 2941
3215 2941
3216 2941
3217 2941
3218 2941
3219 2941
3220 2941
3221 2941
3222 2941
3223 2941
3224 2941
3225 2941
3226 2941
3227 2942
3228 2942
3229 2942
3230 2942
3231 2942
3232 2942
3233 2942
3234 2942
3235 2942
3236 2942
3237 2942
3238 2942
3239 2942
3240 2942
3241 2942
3242 2942
3243 2943
3244 2943
3245 2943
3246 2943
3247 2943
3248 2943
3249 2943
3250 2943
3251 2943
3252 2943
3253 2943
3254 2943
3255 2943
3256 2943
3257 2943
3258 2943
3259 2944
3260 2944
3261 2944
3262 2944
3263 2944
3264 2944
3265 2944
3266 2944
3267 2944
3268 2944
3269 2944
3270 2944
3271 2944
3272 2944
3273 2944
3274 2944
3275 2945
3276 2945
3277 2945
3278 2945
3279 2945
3280 2945
3281 2945
3282 2945
3283 2945
3284 2945
3285 2945
3286 2945
3287 2945
3288 2945
3289 2945
3290 2945
3291 2946
3292 2946
3293 2946
3294 2946
3295 2946
3296 2946
3297 2946
3298 2946
3299 2946
3300 2946
3301 2946
3302 2946
3303 2946
3304 2946
3305 2946
3306 2946
3307 2947
3308 2947
3309 2947
3310 2946
3311 2946
3312 2946
3313 2946
3314 2946
3315 2945
3316 2945
3317 2945
3318 2945
3319 2945
3320 2944
3321 2944
3322 2944
3323 2944
3324 2944
3325 2944
3326 2944
3327 2943
3328 2943
3329 2943
3330 2943
3331 2943
3332 2943
3333 2943
3334 2943
3335 2943
3336 2943
3337 2943
3338 2943
3339 2943
3340 2943
3341 2943
3342 2943
3343 2943
3344 2943
3345 2943
3346 2943
3347 2943
3348 2943
3349 2943
3350 2943
3351 2944
3352 2944
3353 2944
3354 2944
3355 2944
3356 2944
3357 2944
3358 2944
3359 2944
3360 2944
3361 2944
3362 2944
3363 2944
3364 2944
3365 2944
3366 2944
3367 2944
3368 2944
3369 2945
3370 2945
3371 2945
3372 2945
3373 2945
3374 2945
3375 2945
3376 2945
3377 2945
3378 2945
3379 2945
3380 2945
3381 2945
3382 2945
3383 2945
3384 2945
3385 2945
3386 2945
3387 2946
3388 2946
3389 2946
3390 2946
3391 2946
3392 2946
3393 2946
3394 2946
3395 2946
3396 2946
3397 2946
3398 2946
3399 2945
3400 2945
3401 2945
3402 2945
3403 2945
3404 2944
3405 2944
3406 2944
3407 2944
3408 2944
3409 2944
3410 2943
3411 2943
3412 2943
3413 2943
3414 2943
3415 2943
3416 2943
3417 2943
3418 2943
3419 2943
3420 2943
3421 2943
3422 2943
3423 2943
3424 2943
3425 2943
3426 2942
3427 2942
3428 2942
3429 2942
3430 2941
3431 2941
3432 2941
3433 2940
3434 2940
3435 2940
3436 2940
3437 2940
3438 2939
3439 2939
3440 2939
3441 2939
3442 2939
3443 2939
3444 2938
3445 2938
3446 2938
3447 2938
3448 2938
3449 2937
3450 2937
3451 2936
3452 2936
3453 2936
3454 2935
3455 2935
3456 2935
3457 2935
3458 2934
3459 2934
3460 2934
3461 2934
3462 2934
3463 2933
3464 2933
3465 2933
3466 2933
3467 2933
3468 2932
3469 2932
3470 2932
3471 2931
3472 2931
3473 2930
3474 2930
3475 2930
3476 2929
3477 2929
3478 2929
3479 2929
3480 2929
3481 2929
3482 2929
3483 2929
3484 2928
3485 2928
3486 2928
3487 2927
3488 2927
3489 2926
3490 2926
3491 2926
3492 2925
3493 2925
3494 2925
3495 2925
3496 2925
3497 2924
3498 2924
3499 2924
3500 2924
3501 2923
3502 2923
3503 2922
3504 2922
3505 2922
3506 2921
3507 2921
3508 2920
3509 2919
3510 2918
3511 2917
3512 2916
3513 2915
3514 2915
3515 2914
3516 2914
3517 2913
3518 2912
3519 2912
3520 2911
3521 2911
3522 2911
3523 2910
3524 2910
3525 2910
3526 2909
3527 2909
3528 2908
3529 2908
3530 2907
3531 2907
3532 2906
3533 2906
3534 2905
3535 2904
3536 2903
3537 2903
3538 2902
3539 2901
3540 2901
3541 2900
3542 2899
3543 2899
3544 2898
3545 2898
3546 2897
3547 2896
3548 2896
3549 2895
3550 2894
3551 2893
3552 2893
3553 2892
3554 2891
3555 2890
3556 2890
3557 2889
3558 2889
3559 2888
3560 2887
3561 2887
3562 2886
3563 2885
3564 2885
3565 2884
3566 2884
3567 2883
3568 2883
3569 2882
3570 2882
3571 2881
3572 2881
3573 2880
3574 2880
3575 2879
3576 2878
3577 2878
3578 2877
3579 2877
3580 2877
3581 2876
3582 2875
3583 2874
3584 2873
3585 2872
3586 2871
3587 2870
3587 2869
3588 2868
3589 2867
3589 2866
3590 2865
3590 2864
3591 2863
3592 2862
3593 2862
3594 2861
3595 2860
3596 2859
3597 2859
3598 2858
3599 2857
3600 2856
3601 2856
3602 2855
3603 2855
3604 2855
3605 2854
3606 2854
3607 2853
3608 2852
3609 2852
3610 2851
3611 2850
3612 2849
3613 2848
3614 2847
3615 2846
3616 2845
3617 2844
3618 2843
3619 2842
3620 2841
3621 2840
3622 2840
3623 2839
3624 2839
3625 2838
3626 2837
3627 2837
3628 2836
3629 2836
3630 2835
3631 2834
3632 2833
3633 2832
3634 2831
3635 2830
3636 2829
3637 2828
3637 2827
3638 2826
3639 2825
3640 2824
3640 2823
3641 2822
3641 2821
3642 2820
3643 2819
3644 2818
3645 2817
3645 2816
3646 2815
3646 2814
3647 2813
3647 2812
3648 2811
3649 2810
3649 2809
3650 2808
3651 2807
3652 2806
3653 2805
3654 2804
3655 2803
3656 2802
3657 2801
3658 2801
3658 2800
3659 2799
3660 2798
3661 2797
3662 2796
3663 2795
3664 2794
3664 2793
3665 2792
3666 2791
3667 2790
3667 2789
3668 2788
3668 2787
3669 2786
3670 2785
3670 2784
3671 2783
3672 2782
3672 2781
3673 2780
3674 2779
3674 2778
3675 2777
3676 2776
3676 2775
3677 2774
3678 2774
3679 2773
3680 2772
3681 2771
3682 2770
3683 2769
3684 2768
3685 2767
3685 2766
3686 2765
3686 2764
3686 2763
3687 2762
3687 2761
3688 2760
3688 2759
3689 2758
3690 2757
3690 2756
3691 2755
3692 2754
3693 2753
3694 2752
3694 2751
3695 2750
3696 2749
3697 2748
3698 2747
3699 2746
3699 2745
3700 2744
3700 2743
3701 2742
3701 2741
3701 2740
3702 2739
3702 2738
3702 2737
3703 2736
3703 2735
3704 2734
3705 2733
3705 2732
3706 2731
3707 2730
3708 2729
3709 2728
3710 2727
3711 2726
3712 2725
3712 2724
3713 2723
3714 2722
3715 2721
3716 2720
3717 2719
3717 2718
3718 2717
3718 2716
3719 2715
3719 2714
3720 2713
3720 2712
3721 2711
3721 2710
3722 2709
3723 2708
3723 2707
3724 2706
3724 2705
3725 2704
3726 2703
3726 2702
3727 2701
3727 2700
3728 2699
3729 2698
3729 2697
3730 2696
3731 2695
3731 2694
3732 2693
3733 2692
3734 2691
3735 2690
3735 2689
3736 2688
3737 2687
3737 2686
3738 2685
3739 2684
3739 2683
3740 2682
3740 2681
3741 2680
3742 2679
3742 2678
3743 2677
3744 2676
3745 2675
3745 2674
3746 2673
3747 2672
3747 2671
3748 2670
3748 2669
3749 2668
3750 2667
3750 2666
3751 2665
3751 2664
3752 2663
3752 2662
3753 2661
3753 2660
3754 2659
3754 2658
3755 2657
3756 2656
3756 2655
3757 2654
3758 2653
3759 2652
3759 2651
3760 2650
3760 2649
3761 2648
3762 2647
3762 2646
3763 2645
3764 2644
3765 2643
3765 2642
3766 2641
3766 2640
3767 2639
3767 2638
3767 2637
3768 2636
3768 2635
3768 2634
3769 2633
3769 2632
3770 2631
3770 2630
3771 2629
3771 2628
3772 2627
3773 2626
3773 2625
3774 2624
3774 2623
3774 2622
3775 2621
3775 2620
3776 2619
3776 2618
3777 2617
3777 2616
3778 2615
3778 2614
3779 2613
3780 2612
3780 2611
3781 2610
3781 2609
3782 2608
3782 2607
3783 2606
3783 2605
3783 2604
3783 2603
3784 2602
3784 2601
3784 2600
3784 2599
3784 2598
3784 2597
3784 2596
3785 2595
3785 2594
3785 2593
3785 2592
3785 2591
3786 2590
3786 2589
3787 2588
3787 2587
3788 2586
3788 2585
3789 2584
3789 2583
3790 2582
3791 2581
3792 2580
3792 2579
3793 2578
3793 2577
3794 2576
3794 2575
3795 2574
3795 2573
3795 2572
3796 2571
3796 2570
3796 2569
3796 2568
3797 2567
3797 2566
3797 2565
3797 2564
3798 2563
3798 2562
3798 2561
3798 2560
3799 2559
3799 2558
3800 2557
3800 2556
3801 2555
3801 2554
3802 2553
3802 2552
3803 2551
3803 2550
3804 2549
3805 2548
3805 2547
3806 2546
3807 2545
3807 2544
3808 2543
3809 2542
3810 2541
3811 2540
3812 2539
3812 2538
3813 2537
3814 2536
3814 2535
3815 2534
3815 2533
3816 2532
3816 2531
3816 2530
3817 2529
3817 2528
3817 2527
3818 2526
3818 2525
3818 2524
3819 2523
3820 2522
3820 2521
3821 2520
3822 2519
3822 2518
3822 2517
3823 2516
3823 2515
3824 2514
3825 2513
3825 2512
3826 2511
3827 2510
3827 2509
3828 2508
3829 2507
3830 2506
3831 2505
3831 2504
3832 2503
3833 2502
3833 2501
3834 2500
3834 2499
3835 2498
3835 2497
3836 2496
3836 2495
3836 2494
3837 2493
3837 2492
3838 2491
3839 2490
3839 2489
3840 2488
3841 2487
3842 2486
3843 2485
3844 2484
3845 2483
3846 2482
3847 2481
3848 2480
3848 2479
3849 2478
3849 2477
3850 2476
3850 2475
3851 2474
3851 2473
3851 2472
3852 2471
3852 2470
3853 2469
3853 2468
3854 2467
3855 2466
3855 2465
3856 2464
3856 2463
3857 2462
3857 2461
3858 2460
3859 2459
3859 2458
3860 2457
3861 2456
3861 2455
3862 2454
3862 2453
3863 2452
3863 2451
3864 2450
3864 2449
3865 2448
3865 2447
3866 2446
3867 2445
3868 2444
3869 2443
3870 2442
3871 2441
3872 2440
3873 2439
3874 2438
3875 2437
3876 2436
3877 2435
3878 2434
3879 2433
3880 2432
3880 2431
3881 2430
3881 2429
3882 2428
3882 2427
3883 2426
3883 2425
3884 2424
3885 2423
3885 2422
3886 2421
3887 2420
3888 2419
3888 2418
3889 2417
3890 2416
3891 2415
3892 2414
3893 2413
3894 2412
3895 2411
3895 2410
3896 2409
3896 2408
3897 2407
3897 2406
3897 2405
3898 2404
3898 2403
3899 2402
3900 2401
3900 2400
3901 2399
3902 2398
3902 2397
3903 2396
3904 2395
3905 2394
3906 2393
3907 2392
3907 2391
3908 2390
3909 2389
3910 2388
3910 2387
3911 2386
3912 2385
3912 2384
3913 2383
3913 2382
3913 2381
3914 2380
3915 2379
3915 2378
3916 2377
3917 2376
3918 2375
3919 2374
3919 2373
3919 2372
3920 2371
3921 2370
3922 2369
3923 2368
3924 2367
3925 2366
3925 2365
3925 2364
3926 2363
3927 2363
3927 2362
3928 2361
3929 2360
3929 2359
3930 2358
3931 2357
3932 2356
3932 2355
3933 2354
3934 2353
3935 2352
3936 2351
3937 2351
3937 2350
3937 2349
3937 2348
3938 2347
3939 2346
3940 2345
3941 2344
3941 2343
3942 2342
3943 2341
3944 2341
3945 2340
3945 2339
3946 2338
3946 2337
3947 2336
3947 2335
3948 2334
3949 2334
3949 2333
3949 2332
3950 2331
3951 2331
3951 2330
3951 2329
3952 2328
3952 2327
3953 2326
3954 2326
3955 2325
3954 2324
3955 2323
3956 2322
3956 2321
3956 2320
3956 2319
3956 2318
3956 2317
3957 2316
3958 2315
3959 2315
3959 2314
3959 2313
3959 2312
3959 2311
3958 2310
3958 2309
3959 2308
3959 2307
3958 2306
3958 2305
3959 2304
3960 2304
3959 2303
3959 2302
3959 2301
3959 2300
3960 2299
3959 2298
3958 2297
3958 2296
3958 2295
3958 2294
3958 2293
3959 2292
3960 2291
3960 2290
3959 2290
3958 2289
3958 2288
3957 2287
3957 2286
3957 2285
3956 2285
3955 2285
3954 2284
3954 2283
3954 2282
3953 2282
3952 2281
3952 2280
3952 2279
3952 2278
3953 2277
3952 2276
3952 2275
3952 2274
3952 2273
3953 2272
3954 2272
3955 2272
3954 2271
3955 2270
3955 2269
3954 2268
3953 2267
3953 2266
3953 2265
3953 2264
3953 2263
3952 2263
3951 2262
3951 2261
3950 2260
3950 2259
3950 2258
3950 2257
3950 2256
3951 2255
3951 2254
3952 2253
3952 2252
3952 2251
3952 2252
3951 2253
3950 2253
3949 2253
3948 2252
3948 2251
3948 2250
3948 2249
3948 2248
3948 2247
3949 2246
3949 2245
3949 2244
3949 2243
3949 2242
3949 2241
3949 2240
3949 2239
3949 2238
3948 2237
3947 2237
3946 2236
3946 2235
3945 2234
3945 2233
3945 2232
3944 2231
3943 2230
3943 2229
3942 2228
3942 2227
3942 2226
3942 2225
3942 2224
3943 2223
3942 2223
3941 2222
3941 2221
3941 2220
3941 2219
3942 2218
3941 2219
3940 2219
3939 2219
3938 2218
3937 2217
3937 2216
3937 2215
3938 2214
3939 2214
3938 2213
3938 2212
3938 2211
3938 2210
3938 2209
3939 2208
3940 2208
3939 2207
3939 2206
3939 2205
3939 2204
3939 2203
3939 2202
3939 2201
3939 2200
3938 2201
3937 2201
3936 2201
3935 2201
3934 2200
3934 2199
3934 2198
3934 2197
3935 2196
3936 2195
3937 2195
3936 2195
3935 2195
3934 2195
3933 2194
3933 2193
3933 2192
3934 2191
3935 2190
3936 2189
3936 2188
3936 2187
3935 2186
3934 2185
3934 2184
3934 2183
3934 2182
3933 2182
3932 2181
3932 2180
3932 2179
3932 2178
3932 2177
3931 2177
3930 2176
3930 2175
3930 2174
3930 2173
3930 2172
3930 2171
3929 2170
3930 2169
3930 2168
3931 2167
3931 2166
3930 2165
3929 2164
3929 2163
3929 2162
3929 2161
3929 2160
3929 2159
3929 2158
3929 2157
3929 2156
3930 2155
3930 2154
3929 2153
3929 2152
3929 2151
3929 2150
3929 2149
3929 2148
3929 2147
3928 2147
3927 2146
3927 2145
3927 2144
3927 2143
3928 2142
3928 2141
3928 2140
3928 2139
3928 2138
3928 2137
3928 2136
3928 2135
3928 2134
3928 2133
3928 2132
3927 2131
3926 2131
3925 2131
3924 2131
3923 2130
3923 2129
3923 2128
3924 2127
3925 2126
3926 2126
3925 2125
3925 2124
3924 2124
3923 2123
3923 2122
3923 2121
3924 2120
3923 2119
3922 2119
3921 2119
3920 2119
3919 2119
3918 2118
3918 2117
3918 2116
3918 2115
3917 2114
3917 2113
3917 2112
3916 2111
3915 2110
3915 2109
3915 2108
3914 2108
3913 2107
3913 2106
3913 2105
3912 2104
3911 2103
3911 2102
3910 2101
3910 2100
3910 2099
3909 2099
3908 2098
3908 2097
3908 2096
3907 2095
3907 2094
3907 2093
3906 2092
3906 2091
3905 2090
3904 2089
3904 2088
3903 2087
3902 2086
3902 2085
3901 2084
3901 2083
3900 2082
3900 2081
3899 2080
3898 2079
3898 2078
3897 2077
3896 2076
3895 2075
3894 2074
3893 2073
3892 2073
3891 2072
3890 2071
3890 2070
3889 2069
3888 2068
3888 2067
3887 2066
3887 2065
3886 2064
3885 2063
3884 2062
3883 2061
3882 2060
3881 2059
3880 2058
3879 2057
3878 2056
3877 2055
3876 2054
3875 2053
3874 2052
3873 2052
3872 2051
3871 2050
3870 2049
3869 2048
3868 2048
3867 2047
3866 2047
3865 2046
3864 2046
3863 2045
3862 2044
3861 2043
3860 2043
3859 2042
3858 2041
3857 2040
3856 2039
3855 2039
3854 2038
3853 2037
3852 2036
3851 2036
3850 2035
3849 2034
3848 2034
3847 2033
3846 2032
3845 2032
3844 2031
3843 2030
3842 2029
3841 2028
3840 2027
3839 2027
3838 2026
3837 2025
3836 2024
3835 2023
3834 2022
3833 2021
3832 2020
3831 2020
3830 2019
3829 2019
3828 2018
3827 2018
3826 2018
3825 2018
3824 2017
3823 2017
3822 2016
3821 2015
3820 2014
3819 2014
3818 2013
3817 2013
3816 2012
3815 2012
3814 2011
3813 2011
3812 2011
3811 2011
3810 2010
3809 2010
3808 2010
3807 2010
3806 2010
3805 2010
3804 2009
3803 2009
3802 2009
3801 2009
3800 2009
3799 2009
3798 2009
3797 2009
3796 2009
3795 2008
3794 2008
3793 2008
3792 2008
3791 2008
3790 2008
3789 2007
3788 2007
3787 2007
3786 2006
3785 2006
3784 2005
3783 2005
3782 2005
3781 2004
3780 2004
3779 2004
3778 2003
3777 2003
3776 2003
3775 2003
3774 2003
3773 2002
3772 2002
3771 2002
3770 2002
3769 2002
3768 2002
3767 2001
3766 2001
3765 2000
3764 2000
3763 2000
3762 1999
3761 1999
3760 1998
3759 1997
3758 1996
3757 1995
3756 1994
3755 1993
3754 1992
3753 1991
3752 1991
3751 1990
3750 1989
3749 1988
3748 1987
3747 1986
3746 1986
3745 1985
3744 1984
3743 1983
3742 1982
3741 1981
3740 1980
3739 1979
3738 1978
3737 1977
3737 1976
3736 1975
3735 1974
3735 1973
3734 1972
3733 1971
3733 1970
3732 1969
3731 1968
3731 1967
3730 1966
3729 1965
3728 1964
3727 1963
3726 1962
3725 1961
3724 1960
3723 1959
3722 1958
3721 1957
3720 1956
3719 1955
3718 1954
3717 1953
3716 1952
3715 1951
3714 1950
3713 1949
3712 1948
3712 1947
3711 1946
3710 1945
3709 1944
3709 1943
3708 1942
3707 1941
3706 1940
3705 1939
3704 1938
3704 1937
3703 1936
3702 1935
3701 1934
3701 1933
3700 1932
3699 1931
3698 1930
3697 1929
3696 1928
3695 1927
3695 1926
3694 1925
3693 1924
3692 1923
3691 1922
3690 1922
3689 1921
3688 1920
3687 1920
3686 1919
3685 1919
3684 1918
3683 1917
3682 1917
3681 1916
3680 1915
3680 1914
3679 1913
3678 1913
3677 1912
3676 1911
3675 1910
3674 1909
3673 1908
3672 1908
3671 1907
3670 1906
3670 1905
3669 1904
3669 1903
3668 1902
3667 1901
3666 1901
3665 1900
3664 1900
3663 1900
3662 1899
3661 1899
3660 1899
3659 1899
3658 1898
3657 1898
3656 1898
3655 1898
3654 1898
3653 1898
3652 1898
3651 1897
3650 1897
3649 1897
3648 1897
3647 1897
3646 1897
3645 1897
3644 1897
3643 1897
3642 1896
3641 1896
3640 1896
3639 1896
3638 1896
3637 1896
3636 1896
3635 1896
3634 1896
3633 1896
3632 1896
3631 1896
3630 1896
3629 1895
3628 1895
3627 1895
3626 1895
3625 1895
3624 1894
3623 1894
3622 1894
3621 1893
3620 1892
3619 1892
3618 1891
3617 1891
3616 1891
3615 1890
3614 1890
3613 1890
3612 1889
3611 1888
3610 1887
3609 1886
3608 1885
3607 1884
3606 1883
3605 1882
3604 1881
3603 1880
3603 1879
3602 1878
3601 1877
3600 1876
3599 1875
3599 1874
3598 1873
3597 1872
3596 1871
3595 1870
3595 1869
3595 1868
3594 1867
3593 1866
3592 1865
3591 1865
3590 1865
3589 1865
3588 1865
3587 1864
3587 1863
3587 1862
3588 1861
3587 1862
3586 1862
3585 1862
3584 1861
3583 1861
3582 1860
3581 1860
3580 1860
3579 1860
3578 1859
3578 1858
3577 1857
3576 1857
3575 1856
3575 1855
3575 1854
3575 1853
3574 1852
3574 1851
3573 1851
3573 1852
3573 1853
3573 1854
3573 1855
3572 1856
3571 1856
3570 1856
3569 1855
3568 1854
3568 1853
3568 1852
3568 1851
3567 1851
3566 1850
3565 1850
3564 1850
3563 1850
3562 1849
3561 1848
3561 1847
3560 1846
3560 1845
3559 1844
3558 1843
3557 1842
3557 1841
3557 1840
3556 1839
3556 1838
3556 1837
3556 1836
3556 1835
3555 1834
3555 1833
3555 1832
3555 1831
3555 1830
3555 1829
3554 1829
3553 1829
3552 1828
3552 1827
3551 1827
3550 1827
3549 1827
3548 1827
3547 1826
3547 1825
3547 1824
3547 1823
3546 1822
3545 1821
3544 1821
3543 1820
3542 1819
3541 1818
3540 1817
3540 1816
3539 1815
3539 1814
3538 1813
3537 1812
3536 1811
3536 1810
3535 1809
3534 1808
3533 1807
3532 1806
3531 1805
3530 1804
3529 1803
3528 1802
3527 1801
3526 1801
3525 1800
3524 1799
3523 1798
3522 1798
3521 1797
3520 1796
3519 1795
3518 1794
3517 1793
3516 1792
3516 1791
3515 1790
3514 1789
3513 1788
3512 1787
3511 1786
3511 1785
3510 1784
3510 1783
3509 1782
3509 1781
3508 1780
3508 1779
3507 1778
3506 1777
3505 1776
3504 1775
3504 1774
3503 1773
3502 1772
3501 1771
3500 1771
3499 1770
3498 1769
3498 1768
3497 1767
3497 1766
3496 1765
3496 1764
3495 1763
3495 1762
3494 1761
3493 1760
3493 1759
3492 1758
3492 1757
3491 1756
3490 1755
3489 1754
3489 1753
3488 1752
3488 1751
3487 1750
3487 1749
3486 1748
3486 1747
3485 1746
3484 1745
3484 1744
3483 1743
3482 1742
3482 1741
3481 1740
3480 1739
3479 1738
3479 1737
3478 1736
3477 1735
3476 1735
3475 1734
3475 1733
3474 1732
3473 1731
3472 1730
3471 1729
3470 1728
3469 1728
3468 1727
3467 1726
3466 1726
3465 1726
3464 1725
3463 1725
3462 1725
3461 1724
3460 1724
3459 1723
3458 1723
3457 1722
3456 1721
3455 1720
3454 1720
3453 1719
3452 1719
3451 1718
3450 1718
3449 1718
3448 1717
3447 1717
3446 1717
3445 1717
3444 1716
3443 1716
3442 1717
3441 1717
3440 1717
3439 1718
3438 1718
3437 1718
3436 1718
3435 1718
3434 1718
3433 1719
3432 1719
3431 1719
3430 1719
3429 1720
3428 1720
3427 1720
3426 1720
3425 1721
3424 1721
3423 1721
3422 1722
3421 1722
3420 1722
3419 1723
3418 1723
3417 1723
3416 1724
3415 1724
3414 1724
3413 1725
3412 1725
3411 1726
3410 1726
3409 1726
3408 1726
3407 1727
3406 1727
3405 1727
3404 1728
3403 1728
3402 1728
3401 1729
3400 1729
3399 1730
3398 1730
3397 1731
3396 1732
3395 1732
3394 1733
3393 1733
3392 1734
3391 1735
3390 1736
3389 1736
3388 1737
3387 1737
3386 1738
3385 1738
3384 1738
3383 1738
3382 1738
3381 1738
3380 1739
3379 1739
3378 1739
3377 1739
3376 1739
3375 1739
3374 1739
3373 1739
3372 1739
3371 1739
3370 1739
3369 1739
3368 1739
3367 1739
3366 1739
3365 1739
3364 1739
3363 1739
3362 1739
3361 1739
3360 1739
3359 1739
3358 1739
3357 1739
3356 1739
3355 1739
3354 1739
3353 1739
3352 1739
3351 1739
3350 1739
3349 1739
3348 1739
3347 1739
3346 1739
3345 1739
3344 1739
3343 1739
3342 1739
3341 1739
3340 1739
3339 1738
3338 1738
3337 1738
3336 1738
3335 1738
3334 1738
3333 1738
3332 1738
3331 1738
3330 1738
3329 1738
3328 1737
3327 1737
3326 1736
3325 1736
3324 1736
3323 1735
3322 1735
3321 1735
3320 1734
3319 1734
3318 1733
3317 1732
3316 1731
3316 1730
3315 1730
3314 1729
3313 1728
3313 1727
3313 1726
3312 1726
3311 1726
3310 1726
3309 1725
3309 1724
3308 1723
3307 1722
3306 1721
3305 1721
3304 1720
3303 1719
3302 1719
3301 1718
3300 1718
3299 1717
3298 1716
3297 1715
3296 1714
3295 1713
3294 1713
3293 1712
3293 1711
3292 1711
3291 1711
3290 1710
3290 1709
3289 1708
3289 1707
3288 1707
3287 1706
3286 1706
3285 1705
3284 1704
3284 1703
3283 1704
3282 1704
3281 1703
3280 1702
3279 1701
3278 1702
3277 1702
3276 1702
3275 1702
3274 1701
3274 1700
3274 1699
3274 1698
3273 1697
3272 1697
3271 1697
3270 1696
3270 1695
3269 1695
3268 1694
3267 1693
3266 1693
3265 1692
3265 1691
3264 1691
3263 1691
3262 1690
3262 1689
3261 1689
3260 1688
3260 1687
3259 1687
3258 1687
3257 1686
3257 1685
3256 1685
3255 1685
3254 1684
3253 1683
3252 1682
3251 1681
3251 1680
3250 1681
3249 1681
3248 1680
3247 1679
3247 1678
3246 1678
3245 1678
3244 1678
3243 1677
3243 1676
3242 1676
3241 1676
3240 1675
3239 1674
3238 1674
3237 1674
3236 1674
3235 1673
3234 1673
3233 1673
3232 1673
3231 1673
3230 1673
3229 1673
3228 1673
3227 1673
3226 1673
3225 1673
3224 1673
