3120 1343
3119 1344
3118 1344
3117 1344
3116 1345
3115 1345
3114 1345
3113 1346
3112 1346
3111 1346
3110 1346
3109 1347
3108 1347
3107 1347
3106 1348
3105 1348
3104 1348
3103 1349
3102 1349
3101 1349
3100 1350
3099 1350
3098 1351
3097 1351
3096 1352
3095 1352
3094 1353
3093 1353
3092 1353
3091 1354
3090 1355
3089 1355
3088 1356
3087 1356
3086 1357
3085 1357
3084 1358
3083 1359
3082 1359
3081 1360
3080 1360
3079 1360
3078 1361
3077 1361
3076 1361
3075 1362
3074 1362
3073 1362
3072 1363
3071 1363
3070 1364
3069 1364
3068 1365
3067 1365
3066 1366
3065 1366
3064 1367
3063 1367
3062 1368
3061 1369
3060 1369
3059 1370
3058 1371
3057 1372
3056 1373
3055 1374
3054 1375
3053 1376
3052 1377
3051 1378
3050 1379
3049 1379
3048 1380
3047 1381
3046 1381
3045 1382
3044 1382
3043 1383
3042 1383
3041 1384
3040 1385
3039 1386
3038 1386
3037 1387
3036 1388
3035 1389
3034 1390
3033 1390
3032 1391
3031 1391
3030 1391
3029 1392
3028 1392
3027 1392
3026 1392
3025 1393
3024 1393
3023 1393
3022 1394
3021 1394
3020 1395
3019 1396
3018 1396
3017 1397
3016 1397
3015 1398
3014 1398
3013 1398
3012 1398
3011 1399
3010 1399
3009 1400
3008 1400
3007 1401
3006 1401
3005 1402
3004 1402
3003 1403
3002 1403
3001 1404
3000 1404
2999 1405
2998 1405
2997 1405
2996 1406
2995 1406
2994 1406
2993 1406
2992 1407
2991 1407
2990 1407
2989 1407
2988 1408
2987 1408
2986 1409
2985 1409
2984 1410
2983 1410
2982 1411
2981 1411
2980 1412
2979 1412
2978 1412
2977 1412
2976 1413
2975 1413
2974 1413
2973 1413
2972 1413
2971 1414
2970 1414
2969 1414
2968 1414
2967 1414
2966 1414
2965 1414
2964 1414
2963 1415
2962 1415
2961 1415
2960 1415
2959 1415
2958 1415
2957 1415
2956 1415
2955 1415
2954 1415
2953 1415
2952 1416
2951 1416
2950 1416
2949 1416
2948 1417
2947 1417
2946 1418
2945 1418
2944 1419
2943 1419
2942 1419
2941 1419
2940 1420
2939 1420
2938 1420
2937 1420
2936 1420
2935 1421
2934 1421
2933 1421
2932 1421
2931 1421
2930 1421
2929 1421
2928 1421
2927 1421
2926 1421
2925 1421
2924 1421
2923 1422
2922 1422
2921 1422
2920 1422
2919 1422
2918 1423
2917 1423
2916 1424
2915 1424
2914 1425
2913 1425
2912 1425
2911 1426
2910 1426
2909 1426
2908 1426
2907 1427
2906 1427
2905 1428
2904 1428
2903 1429
2902 1429
2901 1430
2900 1431
2899 1431
2898 1432
2897 1433
2896 1434
2895 1435
2895 1436
2894 1437
2893 1438
2892 1439
2891 1439
2890 1440
2889 1441
2888 1441
2888 1442
2887 1443
2886 1444
2885 1445
2884 1446
2883 1447
2882 1447
2881 1448
2880 1449
2879 1449
2878 1449
2877 1450
2876 1450
2875 1451
2874 1451
2873 1452
2872 1453
2871 1454
2870 1455
2869 1455
2868 1456
2867 1456
2866 1457
2865 1457
2864 1458
2863 1458
2862 1458
2861 1459
2860 1460
2859 1461
2858 1462
2857 1463
2856 1464
2855 1465
2854 1465
2853 1466
2852 1467
2851 1467
2850 1468
2849 1468
2848 1468
2847 1469
2846 1469
2845 1469
2844 1470
2843 1470
2842 1470
2841 1471
2840 1471
2839 1471
2838 1471
2837 1471
2836 1472
2835 1472
2834 1472
2833 1472
2832 1472
2831 1472
2830 1472
2829 1472
2828 1472
2827 1473
2826 1473
2825 1473
2824 1473
2823 1474
2822 1474
2821 1474
2820 1475
2819 1475
2818 1476
2817 1477
2816 1477
2815 1477
2814 1478
2813 1478
2812 1478
2811 1478
2810 1479
2809 1479
2808 1479
2807 1479
2806 1479
2805 1479
2804 1479
2803 1480
2802 1480
2801 1480
2800 1480
2799 1480
2798 1480
2797 1480
2796 1480
2795 1480
2794 1480
2793 1480
2792 1480
2791 1481
2790 1481
2789 1481
2788 1482
2787 1482
2786 1483
2785 1483
2784 1484
2783 1484
2782 1485
2781 1486
2780 1487
2780 1488
2779 1489
2778 1490
2777 1491
2776 1491
2775 1492
2774 1492
2773 1492
2772 1493
2771 1494
2770 1495
2769 1496
2768 1496
2767 1497
2766 1498
2765 1499
2764 1499
2763 1500
2762 1500
2761 1500
2760 1501
2759 1501
2758 1502
2757 1503
2756 1504
2755 1505
2754 1506
2753 1506
2752 1507
2751 1507
2750 1507
2749 1508
2748 1508
2747 1508
2746 1508
2745 1508
2744 1509
2743 1509
2742 1509
2741 1509
2740 1510
2739 1510
2738 1510
2737 1511
2736 1511
2735 1512
2734 1512
2733 1513
2732 1513
2731 1514
2730 1514
2729 1514
2728 1514
2727 1515
2726 1515
2725 1516
2724 1516
2723 1517
2722 1517
2721 1518
2720 1518
2719 1519
2718 1519
2717 1520
2716 1520
2715 1520
2714 1521
2713 1521
2712 1522
2711 1522
2710 1522
2709 1523
2708 1523
2707 1523
2706 1523
2705 1523
2704 1523
2703 1524
2702 1524
2701 1524
2700 1524
2699 1524
2698 1524
2697 1524
2696 1524
2695 1524
2694 1524
2693 1524
2692 1524
2691 1524
2690 1524
2689 1524
2688 1524
2687 1524
2686 1524
2685 1524
2684 1524
2683 1524
2682 1524
2681 1524
2680 1524
2679 1524
2678 1524
2677 1524
2676 1524
2675 1524
2674 1524
2673 1524
2672 1524
2671 1524
2670 1524
2669 1524
2668 1524
2667 1524
2666 1524
2665 1524
2664 1524
2663 1523
2662 1523
2661 1523
2660 1523
2659 1523
2658 1523
2657 1523
2656 1523
2655 1523
2654 1523
2653 1523
2652 1523
2651 1523
2650 1523
2649 1523
2648 1523
2647 1523
2646 1523
2645 1523
2644 1523
2643 1523
2642 1523
2641 1523
2640 1523
2639 1523
2638 1522
2637 1522
2636 1522
2635 1522
2634 1522
2633 1522
2632 1522
2631 1522
2630 1522
2629 1523
2628 1523
2627 1523
2626 1523
2625 1523
2624 1523
2623 1524
2622 1524
2621 1524
2620 1525
2619 1525
2618 1525
2617 1526
2616 1526
2615 1526
2614 1527
2613 1527
2612 1527
2611 1527
2610 1527
2609 1527
2608 1528
2607 1529
2606 1529
2605 1530
2604 1531
2603 1532
2602 1533
2601 1533
2600 1533
2599 1534
2598 1534
2597 1534
2596 1535
2595 1535
2594 1535
2593 1535
2592 1535
2591 1535
2590 1535
2589 1535
2588 1535
2587 1535
2586 1535
2585 1535
2584 1535
2583 1535
2582 1535
2581 1535
2580 1535
2579 1535
2578 1535
2577 1535
2576 1535
2575 1535
2574 1535
2573 1535
2572 1535
2571 1535
2570 1535
2569 1535
2568 1535
2567 1535
2566 1535
2565 1535
2564 1535
2563 1535
2562 1535
2561 1535
2560 1535
2559 1535
2558 1535
2557 1535
2556 1535
2555 1535
2554 1535
2553 1535
2552 1535
2551 1535
2550 1535
2549 1535
2548 1535
2547 1535
2546 1535
2545 1534
2544 1534
2543 1533
2542 1533
2541 1532
2540 1532
2539 1531
2538 1531
2537 1531
2536 1530
2535 1530
2534 1529
2533 1529
2532 1529
2531 1528
2530 1528
2529 1528
2528 1528
2527 1527
2526 1527
2525 1526
2524 1525
2523 1525
2522 1524
2521 1524
2520 1523
2519 1523
2518 1523
2517 1522
2516 1522
2515 1521
2514 1521
2513 1521
2512 1521
2511 1520
2510 1520
2509 1520
2508 1520
2507 1519
2506 1519
2505 1519
2504 1519
2503 1519
2502 1519
2501 1518
2500 1518
2499 1518
2498 1518
2497 1518
2496 1518
2495 1518
2494 1517
2493 1517
2492 1517
2491 1517
2490 1517
2489 1517
2488 1517
2487 1517
2486 1517
2485 1517
2484 1517
2483 1517
2482 1517
2481 1517
2480 1516
2479 1516
2478 1516
2477 1516
2476 1516
2475 1516
2474 1516
2473 1516
2472 1516
2471 1516
2470 1516
2469 1516
2468 1516
2467 1516
2466 1516
2465 1515
2464 1515
2463 1515
2462 1515
2461 1515
2460 1515
2459 1515
2458 1515
2457 1515
2456 1515
2455 1515
2454 1515
2453 1515
2452 1515
2451 1515
2450 1515
2449 1515
2448 1515
2447 1515
2446 1515
2445 1514
2444 1514
2443 1514
2442 1514
2441 1514
2440 1514
2439 1514
2438 1514
2437 1514
2436 1514
2435 1514
2434 1514
2433 1514
2432 1514
2431 1514
2430 1514
2429 1514
2428 1515
2427 1516
2426 1517
2425 1518
2424 1519
2423 1520
2422 1521
2421 1522
2420 1523
2419 1523
2418 1524
2417 1525
2416 1526
2415 1526
2414 1527
2413 1528
2412 1529
2412 1530
2411 1531
2410 1532
2410 1533
2409 1534
2409 1535
2408 1536
2407 1537
2406 1538
2405 1539
2404 1540
2403 1541
2402 1542
2402 1543
2401 1544
2401 1545
2400 1546
2399 1547
2398 1547
2397 1548
2396 1549
2395 1550
2394 1551
2394 1552
2393 1553
2393 1554
2392 1555
2392 1556
2391 1557
2391 1558
2390 1559
2389 1560
2388 1561
2387 1562
2386 1563
2385 1564
2384 1565
2383 1566
2382 1567
2381 1568
2380 1568
2379 1569
2378 1570
2377 1571
2376 1572
2375 1573
2374 1574
2373 1575
2372 1576
2372 1577
2371 1578
2370 1579
2370 1580
2369 1581
2368 1582
2367 1583
2366 1584
2365 1585
2364 1586
2363 1587
2363 1588
2362 1589
2361 1590
2361 1591
2360 1592
2359 1593
2359 1594
2358 1595
2357 1595
2356 1596
2355 1596
2354 1596
2353 1597
2352 1598
2351 1599
2350 1600
2349 1601
2348 1602
2347 1603
2346 1604
2345 1605
2344 1606
2343 1607
2342 1608
2341 1609
2341 1610
2340 1611
2339 1612
2338 1613
2337 1614
2336 1615
2335 1616
2334 1617
2333 1617
2332 1618
2331 1619
2330 1620
2329 1621
2328 1621
2327 1622
2326 1623
2325 1623
2324 1623
2323 1624
2322 1624
2321 1625
2320 1625
2319 1626
2318 1626
2317 1627
2316 1628
2315 1628
2314 1629
2313 1629
2312 1630
2311 1631
2310 1631
2309 1632
2308 1632
2307 1633
2306 1633
2305 1634
2304 1634
2303 1635
2302 1636
2301 1636
2300 1637
2299 1637
2298 1638
2297 1639
2296 1639
2295 1640
2295 1641
2294 1642
2293 1643
2292 1644
2291 1645
2290 1646
2289 1647
2288 1648
2287 1649
2286 1650
2285 1651
2284 1652
2283 1653
2282 1653
2281 1654
2280 1655
2279 1655
2278 1656
2277 1656
2276 1657
2276 1658
2275 1659
2275 1660
2275 1661
2274 1662
2274 1663
2274 1664
2274 1665
2274 1666
2274 1667
2274 1668
2273 1669
2273 1670
2273 1671
2273 1672
2273 1673
2273 1674
2273 1675
2273 1676
2272 1677
2272 1678
2271 1679
2270 1680
2269 1681
2269 1682
2268 1683
2268 1684
2267 1685
2267 1686
2266 1687
2265 1688
2264 1689
2263 1690
2262 1691
2261 1692
2260 1693
2259 1694
2258 1695
2257 1696
2256 1697
2255 1697
2254 1698
2253 1699
2252 1699
2251 1700
2250 1701
2249 1701
2248 1702
2247 1702
2246 1703
2245 1703
2244 1704
2243 1704
2242 1705
2241 1706
2240 1706
2239 1707
2238 1708
2237 1709
2236 1710
2236 1711
2235 1712
2235 1713
2234 1714
2233 1714
2232 1715
2231 1716
2230 1716
2229 1717
2228 1718
2227 1719
2226 1720
2225 1721
2224 1722
2223 1723
2222 1723
2221 1724
2220 1725
2219 1726
2218 1727
2218 1728
2217 1729
2217 1730
2216 1731
2216 1732
2215 1733
2215 1734
2214 1735
2213 1736
2212 1737
2211 1738
2210 1738
2209 1739
2208 1740
2207 1740
2206 1741
2205 1742
2204 1743
2203 1744
2202 1745
2202 1746
2201 1747
2200 1747
2199 1748
2198 1748
2197 1749
2196 1749
2195 1750
2194 1751
2193 1752
2193 1753
2192 1754
2192 1755
2191 1756
2190 1757
2189 1757
2188 1758
2187 1758
2186 1759
2185 1760
2184 1761
2183 1761
2182 1761
2181 1762
2180 1762
2179 1762
2178 1763
2177 1763
2176 1764
2175 1764
2174 1765
2173 1765
2172 1766
2171 1766
2170 1767
2169 1767
2168 1768
2167 1769
2166 1770
2165 1770
2164 1771
2163 1772
2162 1773
2161 1774
2160 1775
2159 1776
2158 1776
2157 1777
2156 1777
2155 1778
2154 1778
2153 1779
2152 1780
2151 1781
2150 1782
2149 1782
2148 1783
2147 1783
2146 1784
2145 1784
2144 1784
2143 1785
2142 1786
2141 1786
2140 1787
2139 1788
2138 1789
2137 1789
2136 1790
2135 1790
2134 1791
2133 1791
2132 1792
2131 1793
2130 1793
2129 1793
2128 1794
2127 1794
2126 1794
2125 1795
2124 1795
2123 1795
2122 1796
2121 1796
2120 1797
2119 1797
2118 1798
2117 1798
2116 1799
2115 1799
2114 1799
2113 1800
2112 1800
2111 1800
2110 1801
2109 1801
2108 1802
2107 1802
2106 1803
2105 1803
2104 1804
2103 1804
2102 1804
2101 1805
2100 1805
2099 1805
2098 1806
2097 1806
2096 1806
2095 1807
2094 1807
2093 1808
2092 1809
2091 1809
2090 1810
2089 1810
2088 1811
2087 1811
2086 1812
2085 1812
2084 1813
2083 1813
2082 1813
2081 1814
2080 1814
2079 1814
2078 1815
2077 1815
2076 1815
2075 1816
2074 1816
2073 1816
2072 1816
2071 1816
2070 1816
2069 1817
2068 1817
2067 1817
2066 1817
2065 1817
2064 1817
2063 1817
2062 1817
2061 1817
2060 1817
2059 1817
2058 1817
2057 1817
2056 1817
2055 1818
2054 1818
2053 1818
2052 1819
2051 1819
2050 1820
2049 1820
2048 1820
2047 1821
2046 1821
2045 1821
2044 1822
2043 1822
2042 1822
2041 1822
2040 1823
2039 1823
2038 1823
2037 1823
2036 1823
2035 1823
2034 1823
2033 1823
2032 1823
2031 1823
2030 1823
2029 1824
2028 1824
2027 1824
2026 1824
2025 1824
2024 1824
2023 1824
2022 1824
2021 1824
2020 1824
2019 1824
2018 1824
2017 1824
2016 1824
2015 1824
2014 1824
2013 1824
2012 1824
2011 1824
2010 1824
2009 1824
2008 1824
2007 1824
2006 1824
2005 1824
2004 1824
2003 1824
2002 1824
2001 1824
2000 1824
1999 1824
1998 1823
1997 1824
1996 1823
1995 1823
1994 1823
1993 1823
1992 1823
1991 1823
1990 1823
1989 1823
1988 1823
1987 1823
1986 1823
1985 1823
1984 1823
1983 1823
1982 1823
1981 1823
1980 1823
1979 1823
1978 1823
1977 1823
1976 1823
1975 1823
1974 1823
1973 1823
1972 1823
1971 1823
1970 1823
1969 1823
1968 1823
1967 1822
1966 1822
1965 1822
1964 1822
1963 1822
1962 1822
1961 1822
1960 1822
1959 1823
1958 1823
1957 1823
1956 1824
1955 1824
1954 1825
1953 1825
1952 1826
1951 1826
1950 1827
1949 1828
1948 1828
1947 1829
1946 1829
1945 1829
1944 1829
1943 1829
1942 1829
1941 1829
1940 1829
1939 1829
1938 1829
1937 1829
1936 1829
1935 1829
1934 1829
1933 1829
1932 1829
1931 1829
1930 1829
1929 1829
1928 1829
1927 1829
1926 1829
1925 1829
1924 1828
1923 1828
1922 1828
1921 1828
1920 1828
1919 1828
1918 1828
1917 1828
1916 1828
1915 1828
1914 1828
1913 1828
1912 1828
1911 1828
1910 1828
1909 1828
1908 1828
1907 1828
1906 1828
1905 1828
1904 1828
1903 1828
1902 1828
1901 1828
1900 1828
1899 1828
1898 1828
1897 1828
1896 1828
1895 1827
1894 1827
1893 1827
1892 1827
1891 1827
1890 1827
1889 1827
1888 1827
1887 1827
1886 1827
1885 1827
1884 1827
1883 1827
1882 1827
1881 1827
1880 1827
1879 1827
1878 1827
1877 1827
1876 1827
1875 1827
1874 1827
1873 1827
1872 1827
1871 1827
1870 1826
1869 1826
1868 1826
1867 1826
1866 1826
1865 1826
1864 1826
1863 1826
1862 1826
1861 1826
1860 1826
1859 1826
1858 1826
1857 1826
1856 1826
1855 1826
1854 1826
1853 1826
1852 1826
1851 1826
1850 1826
1849 1826
1848 1826
1847 1826
1846 1825
1845 1825
1844 1825
1843 1825
1842 1825
1841 1825
1840 1825
1839 1825
1838 1825
1837 1825
1836 1825
1835 1825
1834 1825
1833 1825
1832 1825
1831 1825
1830 1825
1829 1825
1828 1825
1827 1825
1826 1825
1825 1825
1824 1825
1823 1825
1822 1824
1821 1824
1820 1824
1819 1824
1818 1824
1817 1824
1816 1824
1815 1824
1814 1824
1813 1824
1812 1824
1811 1824
1810 1824
1809 1824
1808 1824
1807 1824
1806 1824
1805 1824
1804 1824
1803 1824
1802 1824
1801 1824
1800 1824
1799 1824
1798 1823
1797 1823
1796 1823
1795 1823
1794 1823
1793 1823
1792 1823
1791 1823
1790 1823
1789 1823
1788 1823
1787 1823
1786 1823
1785 1823
1784 1823
1783 1823
1782 1823
1781 1823
1780 1823
1779 1823
1778 1823
1777 1823
1776 1823
1775 1823
1774 1822
1773 1822
1772 1822
1771 1822
1770 1822
1769 1822
1768 1822
1767 1822
1766 1822
1765 1822
1764 1822
1763 1822
1762 1822
1761 1822
1760 1822
1759 1822
1758 1822
1757 1822
1756 1822
1755 1822
1754 1822
1753 1822
1752 1822
1751 1822
1750 1821
1749 1821
1748 1821
1747 1821
1746 1821
1745 1821
1744 1821
1743 1821
1742 1821
1741 1821
1740 1821
1739 1821
1738 1821
1737 1821
1736 1821
1735 1821
1734 1821
1733 1821
1732 1821
1731 1821
1730 1821
1729 1821
1728 1821
1727 1821
1726 1820
1725 1820
1724 1820
1723 1820
1722 1820
1721 1820
1720 1820
1719 1820
1718 1820
1717 1820
1716 1820
1715 1820
1714 1820
1713 1820
1712 1820
1711 1820
1710 1820
1709 1820
1708 1820
1707 1820
1706 1820
1705 1820
1704 1820
1703 1820
1702 1819
1701 1819
1700 1819
1699 1819
1698 1819
1697 1819
1696 1819
1695 1819
1694 1819
1693 1819
1692 1819
1691 1819
1690 1819
1689 1819
1688 1819
1687 1819
1686 1819
1685 1819
1684 1819
1683 1819
1682 1819
1681 1819
1680 1819
1679 1819
1678 1818
1677 1818
1676 1818
1675 1818
1674 1818
1673 1818
1672 1818
1671 1818
1670 1818
1669 1818
1668 1818
1667 1818
1666 1818
1665 1818
1664 1818
1663 1818
1662 1818
1661 1818
1660 1818
1659 1818
1658 1818
1657 1818
1656 1818
1655 1818
1654 1818
1653 1818
1652 1819
1651 1819
1650 1820
1649 1820
1648 1820
1647 1821
1646 1821
1645 1821
1644 1822
1643 1822
1642 1822
1641 1822
1640 1822
1639 1823
1638 1823
1637 1823
1636 1823
1635 1823
1634 1823
1633 1823
1632 1823
1631 1823
1630 1824
1629 1824
1628 1825
1627 1826
1626 1826
1625 1827
1624 1827
1623 1828
1622 1828
1621 1828
1620 1829
1619 1829
1618 1829
1617 1829
1616 1830
1615 1830
1614 1830
1613 1830
1612 1830
1611 1830
1610 1831
1609 1831
1608 1831
1607 1831
1606 1831
1605 1831
1604 1831
1603 1831
1602 1831
1601 1831
1600 1831
1599 1831
1598 1831
1597 1831
1596 1831
1595 1831
1594 1831
1593 1831
1592 1831
1591 1831
1590 1831
1589 1831
1588 1831
1587 1832
1586 1832
1585 1833
1584 1834
1583 1834
1583 1835
1582 1836
1581 1837
1581 1838
1580 1839
1580 1840
1580 1841
1579 1842
1579 1843
1579 1844
1579 1845
1578 1846
1578 1847
1578 1848
1578 1849
1578 1850
1578 1851
1577 1852
1577 1853
1577 1854
1577 1855
1577 1856
1577 1857
1576 1858
1575 1859
1574 1859
1573 1859
1572 1859
1571 1859
1570 1860
1569 1860
1568 1860
1567 1860
1566 1860
1565 1860
1564 1860
1563 1860
1562 1860
1561 1860
1560 1860
1559 1860
1558 1860
1557 1860
1556 1860
1555 1860
1554 1860
1553 1860
1552 1860
1551 1860
1550 1860
1549 1860
1548 1860
1547 1860
1546 1860
1545 1860
1544 1860
1543 1860
1542 1860
1541 1860
1540 1860
1539 1860
1538 1860
1537 1860
1536 1860
1535 1860
1534 1860
1533 1860
1532 1860
1531 1860
1530 1860
1529 1860
1528 1860
1527 1860
1526 1860
1525 1860
1524 1860
1523 1860
1522 1860
1521 1860
1520 1860
1519 1860
1518 1860
1517 1860
1516 1860
1515 1860
1514 1860
1514 1861
1513 1862
1512 1863
1511 1864
1510 1865
1509 1866
1509 1867
1508 1868
1507 1869
1507 1870
1506 1871
1506 1872
1505 1873
1505 1874
1504 1875
1503 1876
1502 1877
1501 1878
1501 1879
1500 1880
1500 1881
1499 1882
1499 1883
1498 1884
1497 1885
1496 1886
1495 1886
1494 1887
1493 1887
1492 1888
1491 1889
1491 1890
1490 1891
1490 1892
1489 1893
1488 1894
1487 1894
1486 1895
1485 1895
1484 1896
1483 1896
1482 1896
1481 1897
1480 1897
1479 1898
1478 1898
1477 1899
1476 1899
1475 1899
1474 1900
1473 1900
1472 1901
1471 1901
1470 1902
1469 1902
1468 1902
1467 1903
1466 1903
1465 1904
1464 1905
1463 1905
1462 1906
1461 1907
1460 1908
1459 1909
1458 1910
1457 1910
1456 1911
1455 1912
1454 1913
1453 1914
1452 1914
1451 1915
1450 1916
1449 1917
1448 1917
1447 1918
1446 1919
1445 1919
1444 1920
1443 1921
1442 1921
1441 1922
1440 1923
1439 1923
1438 1924
1437 1924
1436 1925
1435 1926
1434 1926
1433 1927
1432 1928
1431 1929
1430 1930
1429 1931
1428 1932
1427 1933
1426 1934
1425 1935
1424 1935
1423 1936
1422 1937
1421 1937
1420 1938
1419 1939
1418 1939
1417 1940
1417 1941
1416 1942
1416 1943
1415 1944
1415 1945
1414 1946
1414 1947
1413 1948
1412 1949
1411 1950
1410 1951
1409 1952
1408 1953
1407 1954
1406 1954
1405 1955
1404 1955
1403 1956
1402 1957
1401 1958
1400 1959
1400 1960
1399 1961
1398 1962
1397 1963
1396 1964
1395 1964
1394 1964
1393 1964
1392 1965
1391 1965
1390 1966
1389 1967
1388 1967
1388 1968
1387 1969
1386 1970
1385 1971
1385 1972
1384 1973
1383 1974
1383 1975
1382 1976
1382 1977
1381 1978
1380 1979
1379 1980
1378 1981
1377 1982
1376 1983
1375 1984
1374 1984
1373 1985
1372 1985
1371 1986
1370 1986
1369 1987
1368 1987
1367 1988
1366 1989
1365 1989
1364 1990
1363 1991
1362 1991
1361 1992
1361 1993
1360 1994
1359 1995
1358 1996
1357 1997
1356 1998
1355 1999
1354 2000
1353 2000
1352 2001
1351 2001
1350 2002
1349 2003
1349 2004
1349 2005
1348 2006
1347 2006
1346 2007
1345 2007
1344 2008
1343 2008
1342 2008
1341 2008
1340 2009
1339 2009
1338 2009
1337 2009
1336 2010
1335 2010
1334 2010
1333 2010
1332 2011
1331 2011
1330 2012
1329 2012
1328 2013
1327 2013
1326 2014
1325 2014
1324 2015
1323 2015
1322 2015
1321 2016
1320 2016
1319 2016
1318 2016
1317 2017
1316 2017
1315 2017
1314 2017
1313 2017
1312 2017
1311 2017
1310 2017
1309 2018
1308 2018
1307 2018
1306 2018
1305 2018
1304 2018
1303 2018
1302 2018
1301 2018
1300 2018
1299 2018
1298 2018
1297 2018
1296 2018
1295 2018
1294 2018
1293 2018
1292 2018
1291 2018
1290 2018
1289 2018
1288 2018
1287 2018
1286 2018
1286 2019
1285 2020
1285 2021
1284 2022
1284 2023
1283 2024
1283 2025
1283 2026
1283 2027
1283 2028
1282 2029
1282 2030
1282 2031
1282 2032
1282 2033
1282 2034
1282 2035
1281 2036
1281 2037
1281 2038
1281 2039
1281 2040
1281 2041
1281 2042
1281 2043
1281 2044
1280 2045
1280 2046
1280 2047
1280 2048
1280 2049
1280 2050
1280 2051
1280 2052
1280 2053
1280 2054
1280 2055
1280 2056
1280 2057
1280 2058
1280 2059
1279 2060
1278 2061
1277 2061
1276 2062
1275 2062
1274 2062
1273 2062
1272 2062
1271 2063
1270 2063
1269 2063
1268 2063
1267 2063
1266 2063
1265 2063
1264 2063
1263 2063
1262 2063
1261 2063
1260 2063
1259 2064
1258 2064
1257 2064
1256 2064
1255 2064
1254 2064
1253 2064
1252 2064
1251 2064
1250 2064
1249 2064
1248 2064
1247 2064
1246 2064
1245 2064
1244 2064
1243 2064
1242 2064
1241 2064
1240 2064
1239 2064
1238 2064
1237 2063
1236 2062
1235 2061
1234 2061
1233 2060
1232 2060
1231 2059
1230 2059
1229 2058
1228 2058
1227 2057
1226 2057
1225 2057
1225 2058
1225 2059
1224 2060
1224 2061
1224 2062
1224 2063
1224 2064
1224 2065
1224 2066
1224 2067
1224 2068
1223 2069
1223 2070
1223 2071
1223 2072
1223 2073
1223 2074
1223 2075
1223 2076
1223 2077
1223 2078
1223 2079
1223 2080
1223 2081
1223 2082
1223 2083
1222 2084
1222 2085
1222 2086
1222 2087
1221 2088
1220 2089
1219 2090
1218 2091
1217 2091
1216 2091
1215 2092
1214 2092
1213 2093
1212 2093
1211 2094
1210 2094
1209 2095
1208 2095
1207 2095
1206 2096
1205 2096
1204 2096
1203 2097
1202 2097
1201 2098
1200 2098
1199 2098
1198 2099
1197 2099
1196 2099
1195 2100
1194 2100
1193 2100
1192 2101
1191 2101
1190 2101
1189 2101
1188 2102
1187 2102
1186 2103
1185 2103
1184 2103
1183 2104
1182 2104
1181 2105
1180 2105
1179 2105
1178 2105
1177 2106
1176 2106
1175 2106
1174 2106
1173 2106
1172 2107
1171 2107
1170 2107
1169 2107
1168 2107
1167 2107
1166 2107
1165 2107
1164 2107
1163 2107
1162 2107
1161 2108
1160 2108
1159 2108
1158 2108
1157 2108
1156 2108
1155 2108
1154 2108
1153 2108
1152 2108
1151 2108
1150 2108
1149 2108
1148 2108
1147 2108
1146 2108
1145 2108
1144 2109
1144 2110
1143 2111
1143 2112
1143 2113
1143 2114
1143 2115
1142 2116
1142 2117
1142 2118
1142 2119
1142 2120
1142 2121
1142 2122
1142 2123
1141 2124
1141 2125
1141 2126
1141 2127
1141 2128
1141 2129
1141 2130
1141 2131
1141 2132
1141 2133
1140 2134
1140 2135
1139 2136
1139 2137
1138 2138
1138 2139
1137 2140
1136 2141
1136 2142
1136 2143
1135 2144
1135 2145
1134 2146
1134 2147
1133 2148
1132 2149
1132 2150
1131 2151
1130 2152
1130 2153
1129 2154
1129 2155
1128 2156
1128 2157
1128 2158
1127 2159
1127 2160
1126 2161
1126 2162
1125 2163
1125 2164
1124 2165
1124 2166
1123 2167
1123 2168
1122 2169
1121 2170
1121 2171
1120 2172
1120 2173
1119 2174
1119 2175
1118 2176
1118 2177
1118 2178
1117 2179
1117 2180
1116 2181
1116 2182
1115 2183
1114 2184
1113 2185
1112 2186
1112 2187
1111 2188
1111 2189
1110 2190
1109 2191
1108 2192
1108 2193
1107 2194
1106 2194
1105 2195
1104 2196
1103 2196
1102 2197
1101 2197
1100 2198
1099 2199
1098 2199
1097 2200
1096 2201
1095 2201
1094 2202
1093 2203
1092 2203
1091 2204
1090 2204
1089 2205
1088 2205
1087 2206
1086 2206
1085 2207
1084 2208
1083 2208
1082 2209
1081 2209
1080 2210
1079 2211
1078 2211
1077 2212
1076 2212
1075 2212
1074 2213
1073 2213
1072 2213
1071 2213
1070 2214
1069 2214
1068 2215
1067 2215
1066 2216
1065 2216
1064 2217
1063 2218
1062 2219
1061 2220
1060 2221
1059 2222
1058 2223
1057 2224
1056 2224
1055 2225
1054 2226
1053 2226
1052 2227
1051 2227
1050 2228
1049 2228
1048 2229
1047 2230
1046 2230
1045 2231
1044 2231
1043 2232
1042 2233
1041 2233
1040 2233
1039 2234
1038 2234
1037 2234
1036 2235
1035 2235
1034 2236
1033 2237
1032 2238
1031 2239
1030 2240
1029 2241
1028 2242
1027 2242
1026 2243
1025 2243
1024 2243
1023 2244
1022 2244
1021 2244
1020 2245
1019 2245
1018 2246
1017 2247
1016 2248
1015 2248
1014 2249
1013 2249
1012 2250
1011 2251
1010 2251
1009 2252
1008 2252
1007 2253
1006 2254
1005 2254
1004 2255
1003 2256
1002 2257
1001 2258
1000 2258
999 2259
998 2260
997 2261
996 2261
995 2262
994 2263
993 2263
992 2264
991 2264
990 2265
989 2265
988 2266
988 2267
987 2268
986 2269
985 2270
984 2271
983 2272
982 2272
981 2273
980 2273
979 2274
978 2274
977 2275
976 2275
975 2275
974 2276
973 2276
972 2277
971 2277
970 2277
969 2278
968 2279
967 2279
966 2280
965 2280
964 2281
963 2281
962 2282
961 2283
960 2284
959 2285
958 2286
957 2287
956 2288
955 2289
954 2289
953 2290
952 2291
951 2292
950 2292
949 2293
948 2294
947 2294
946 2295
945 2296
944 2296
943 2297
942 2298
941 2298
940 2299
939 2300
938 2300
937 2301
936 2301
935 2302
934 2302
933 2303
932 2303
931 2304
930 2304
929 2305
928 2306
928 2307
927 2308
926 2309
925 2309
924 2310
923 2310
922 2311
921 2312
920 2313
919 2314
918 2315
917 2316
916 2317
915 2318
915 2319
914 2320
914 2321
913 2322
913 2323
912 2324
911 2325
911 2326
910 2327
909 2328
908 2329
907 2330
906 2331
905 2332
904 2333
903 2334
902 2335
901 2336
900 2337
899 2338
898 2339
897 2340
896 2341
895 2342
895 2343
894 2344
894 2345
894 2346
894 2347
893 2348
893 2349
892 2350
891 2351
891 2352
890 2353
890 2354
889 2355
888 2356
887 2357
886 2358
885 2359
884 2360
883 2361
882 2361
881 2362
881 2363
880 2364
880 2365
879 2366
879 2367
878 2368
878 2369
877 2370
877 2371
877 2372
876 2373
875 2374
875 2375
874 2376
873 2377
872 2378
871 2378
870 2379
869 2379
868 2380
867 2381
866 2381
865 2382
864 2383
864 2384
863 2385
862 2386
861 2387
860 2388
859 2389
858 2390
857 2391
856 2392
855 2393
854 2393
853 2394
852 2394
851 2395
850 2395
849 2396
848 2397
848 2398
847 2399
846 2399
845 2400
844 2401
843 2401
842 2402
841 2403
840 2403
839 2404
838 2405
837 2405
836 2406
835 2407
834 2407
833 2408
832 2409
831 2409
830 2410
829 2411
828 2411
827 2412
826 2412
825 2413
824 2413
823 2414
822 2415
821 2415
820 2416
819 2416
818 2417
817 2417
816 2418
815 2419
814 2420
813 2421
812 2421
811 2422
810 2422
809 2423
808 2423
807 2424
806 2424
805 2425
804 2425
803 2426
802 2426
801 2426
800 2427
799 2427
798 2428
797 2428
796 2429
795 2430
794 2430
793 2431
792 2431
791 2432
790 2433
789 2433
788 2434
787 2434
786 2435
785 2435
784 2436
783 2436
782 2437
781 2437
780 2438
779 2438
778 2439
777 2439
776 2440
775 2440
774 2441
773 2441
772 2442
771 2442
770 2443
769 2444
768 2444
767 2445
766 2446
765 2447
764 2448
763 2449
762 2449
761 2450
760 2451
759 2452
758 2453
757 2453
756 2454
755 2454
754 2455
753 2456
752 2457
751 2458
750 2459
749 2459
748 2460
747 2460
746 2461
745 2461
744 2462
743 2462
742 2462
741 2463
740 2463
739 2464
738 2464
737 2465
736 2465
735 2466
734 2467
733 2468
732 2468
731 2469
730 2469
729 2470
728 2471
727 2471
726 2472
725 2473
724 2474
723 2474
722 2475
721 2475
720 2476
719 2477
718 2477
717 2478
716 2478
715 2479
714 2480
713 2480
712 2481
711 2481
710 2482
709 2482
708 2483
707 2483
706 2484
705 2484
704 2485
703 2485
702 2486
701 2487
700 2487
699 2488
698 2489
697 2489
696 2490
695 2491
694 2491
693 2492
692 2492
691 2493
690 2493
689 2494
688 2495
687 2496
686 2497
685 2498
684 2499
683 2500
682 2500
681 2501
680 2502
679 2502
678 2503
677 2503
676 2504
675 2505
674 2505
673 2506
672 2506
671 2507
670 2507
669 2508
668 2509
667 2509
666 2510
665 2510
664 2511
663 2512
662 2512
661 2513
660 2514
659 2514
658 2515
657 2516
656 2516
655 2517
654 2517
653 2518
652 2519
651 2519
650 2520
649 2521
648 2521
647 2522
646 2522
645 2522
644 2523
643 2523
642 2524
641 2524
640 2525
639 2525
638 2525
637 2526
637 2527
637 2528
637 2529
636 2530
636 2531
636 2532
636 2533
636 2534
636 2535
636 2536
635 2537
635 2538
635 2539
635 2540
635 2541
635 2542
635 2543
635 2544
635 2545
635 2546
635 2547
635 2548
635 2549
635 2550
635 2551
634 2552
634 2553
635 2554
636 2554
637 2555
638 2556
639 2556
640 2556
641 2556
642 2557
643 2557
644 2557
645 2557
646 2557
647 2558
648 2558
649 2559
650 2559
651 2560
652 2560
653 2561
654 2561
655 2562
656 2562
657 2563
658 2563
659 2564
660 2564
661 2564
662 2564
663 2565
664 2565
665 2565
666 2565
667 2565
668 2565
669 2566
670 2566
671 2567
672 2567
673 2568
674 2569
675 2569
676 2570
677 2570
678 2571
679 2571
680 2572
681 2572
682 2572
683 2573
684 2573
685 2573
686 2573
687 2574
688 2574
689 2574
690 2574
691 2574
692 2574
693 2575
694 2575
695 2575
696 2575
697 2575
698 2576
699 2576
700 2576
701 2576
702 2576
703 2576
704 2576
705 2576
706 2576
707 2576
708 2577
709 2577
710 2577
711 2577
712 2577
713 2577
714 2578
715 2578
716 2579
717 2579
718 2580
719 2580
720 2581
721 2582
722 2582
723 2583
724 2583
725 2583
726 2584
727 2584
728 2584
729 2584
730 2584
731 2584
732 2585
733 2585
734 2585
735 2585
736 2585
737 2585
738 2585
739 2585
740 2585
741 2586
742 2586
743 2586
744 2586
745 2586
746 2586
747 2586
748 2586
749 2586
750 2586
751 2586
752 2587
753 2587
754 2587
755 2587
756 2587
757 2587
758 2587
759 2587
760 2587
761 2587
762 2587
763 2587
764 2587
765 2587
766 2587
767 2587
768 2587
769 2587
770 2588
771 2588
772 2588
773 2588
774 2588
775 2588
776 2588
777 2588
778 2588
779 2588
780 2588
781 2588
782 2588
783 2588
784 2588
785 2588
786 2588
787 2588
788 2588
789 2588
790 2588
791 2588
792 2587
793 2587
794 2586
795 2585
796 2585
797 2584
798 2584
799 2583
800 2582
801 2582
802 2581
803 2580
804 2579
805 2579
806 2578
807 2578
808 2577
809 2577
810 2577
811 2576
812 2576
813 2576
814 2575
815 2575
816 2575
817 2575
818 2574
819 2574
820 2574
821 2573
822 2573
823 2572
824 2572
825 2571
826 2571
827 2571
828 2570
829 2570
830 2570
831 2570
832 2570
833 2570
834 2569
835 2569
836 2569
837 2569
838 2569
839 2569
840 2569
841 2569
842 2569
843 2569
844 2569
845 2569
846 2569
847 2568
848 2568
849 2568
850 2568
851 2568
852 2568
853 2567
854 2567
855 2567
856 2566
857 2565
858 2565
859 2564
860 2563
861 2563
862 2562
863 2562
864 2562
865 2562
866 2561
867 2561
868 2561
869 2561
870 2561
871 2561
872 2561
873 2561
874 2561
875 2561
876 2561
877 2561
878 2561
879 2561
880 2561
881 2561
882 2560
883 2560
884 2560
885 2559
886 2559
887 2559
888 2559
889 2558
890 2558
891 2558
892 2557
893 2557
894 2557
895 2556
896 2556
897 2556
898 2556
899 2555
900 2555
901 2555
902 2554
903 2554
904 2554
905 2554
906 2553
907 2553
908 2553
909 2552
910 2552
911 2552
912 2551
913 2551
914 2551
915 2550
916 2550
917 2550
918 2550
919 2550
920 2550
921 2549
922 2549
923 2549
924 2549
925 2549
926 2549
927 2548
928 2548
929 2548
930 2548
931 2548
932 2548
933 2548
934 2548
935 2548
936 2548
937 2548
938 2548
939 2548
940 2548
941 2548
942 2548
943 2548
944 2548
945 2548
946 2548
947 2547
948 2547
949 2546
950 2545
951 2544
952 2544
953 2543
954 2543
955 2543
956 2542
957 2542
958 2542
959 2542
960 2542
961 2541
962 2541
963 2541
964 2541
965 2541
966 2541
967 2541
968 2541
969 2541
970 2540
971 2540
972 2539
973 2539
974 2538
975 2537
976 2537
977 2537
978 2536
979 2536
980 2535
981 2535
982 2535
983 2535
984 2534
985 2534
986 2533
987 2533
988 2532
989 2531
990 2530
991 2529
992 2528
993 2527
994 2527
995 2526
996 2525
997 2524
998 2523
999 2523
1000 2522
1001 2522
1002 2521
1003 2520
1004 2520
1005 2519
1006 2519
1007 2518
1008 2518
1009 2517
1010 2516
1011 2516
1012 2516
1013 2515
1014 2515
1015 2515
1016 2514
1017 2514
1018 2514
1019 2513
1020 2512
1021 2511
1022 2510
1023 2509
1024 2509
1025 2508
1026 2508
1027 2507
1028 2507
1029 2506
1030 2506
1031 2505
1032 2505
1033 2504
1034 2504
1035 2504
1036 2504
1037 2504
1038 2504
1039 2504
1040 2504
1041 2504
1042 2504
1043 2504
1044 2504
1045 2504
1046 2504
1047 2504
1048 2504
1049 2504
1050 2504
1051 2504
1052 2504
1053 2504
1054 2504
1055 2504
1056 2504
1057 2504
1058 2504
1059 2504
1060 2504
1061 2504
1062 2504
1063 2504
1064 2504
1065 2504
1066 2504
1067 2504
1068 2504
1069 2504
1070 2504
1071 2504
1072 2504
1073 2504
1074 2504
1075 2504
1076 2505
1077 2505
1078 2505
1079 2505
1080 2505
1081 2505
1082 2505
1083 2505
1084 2505
1085 2505
1086 2505
1087 2505
1088 2505
1089 2505
1090 2505
1091 2505
1092 2505
1093 2505
1094 2505
1095 2505
1096 2505
1097 2505
1098 2505
1099 2505
1100 2505
1101 2505
1102 2505
1103 2506
1104 2506
1105 2506
1106 2506
1107 2506
1108 2506
1109 2506
1110 2506
1111 2506
1112 2506
1113 2506
1114 2506
1115 2506
1116 2506
1117 2506
1118 2506
1119 2506
1120 2506
1121 2506
1122 2506
1123 2506
1124 2506
1125 2506
1126 2506
1127 2507
1128 2507
1129 2507
1130 2507
1131 2507
1132 2507
1133 2507
1134 2507
1135 2507
1136 2507
1137 2507
1138 2507
1139 2507
1140 2507
1141 2507
1142 2507
1143 2507
1144 2507
1145 2507
1146 2507
1147 2507
1148 2507
1149 2507
1150 2507
1151 2508
1152 2508
1153 2508
1154 2508
1155 2508
1156 2508
1157 2508
1158 2508
1159 2508
1160 2508
1161 2508
1162 2508
1163 2508
1164 2508
1165 2508
1166 2508
1167 2508
1168 2508
1169 2509
1170 2509
1171 2509
1172 2509
1173 2510
1174 2510
1175 2511
1176 2511
1177 2511
1178 2512
1179 2512
1180 2513
1181 2513
1182 2513
1183 2514
1184 2514
1185 2514
1186 2515
1187 2515
1188 2515
1189 2515
1190 2515
1191 2516
1192 2516
1193 2516
1194 2516
1195 2516
1196 2516
1197 2516
1198 2517
1199 2517
1200 2517
1201 2517
1202 2517
1203 2517
1204 2517
1205 2517
1206 2517
1207 2518
1208 2518
1209 2518
1210 2518
1211 2518
1212 2518
1213 2519
1214 2519
1215 2520
1216 2520
1217 2521
1218 2521
1219 2522
1220 2522
1221 2523
1222 2523
1223 2524
1224 2524
1225 2524
1226 2525
1227 2525
1228 2526
1229 2526
1230 2527
1231 2527
1232 2528
1233 2528
1234 2529
1235 2529
1236 2530
1237 2530
1238 2531
1239 2531
1240 2531
1241 2532
1242 2532
1243 2532
1244 2532
1245 2533
1246 2533
1247 2533
1248 2533
1249 2534
1250 2534
1251 2534
1252 2534
1253 2534
1254 2535
1255 2535
1256 2535
1257 2535
1258 2535
1259 2536
1260 2536
1261 2537
1262 2537
1263 2537
1264 2538
1265 2538
1266 2539
1267 2539
1268 2540
1269 2540
1270 2541
1271 2541
1272 2541
1273 2542
1274 2542
1275 2542
1276 2542
1277 2543
1278 2543
1279 2543
1280 2543
1281 2543
1282 2544
1283 2544
1284 2544
1285 2544
1286 2544
1287 2544
1288 2544
1289 2544
1290 2544
1291 2545
1292 2545
1293 2545
1294 2545
1295 2545
1296 2545
1297 2545
1298 2545
1299 2545
1300 2546
1301 2546
1302 2547
1303 2547
1304 2548
1305 2548
1306 2549
1307 2550
1308 2550
1309 2551
1310 2551
1311 2551
1312 2552
1313 2552
1314 2552
1315 2553
1316 2553
1317 2553
1318 2553
1319 2553
1320 2553
1321 2554
1322 2554
1323 2554
1324 2554
1325 2554
1326 2554
1327 2555
1328 2555
1329 2555
1330 2556
1331 2556
1332 2556
1333 2557
1334 2557
1335 2558
1336 2558
1337 2559
1338 2559
1339 2559
1340 2560
1341 2560
1342 2560
1343 2561
1344 2561
1345 2561
1346 2562
1347 2562
1348 2563
1349 2563
1350 2564
1351 2565
1352 2565
1353 2566
1354 2567
1355 2568
1356 2568
1357 2569
1358 2570
1359 2570
1360 2571
1361 2572
1362 2573
1363 2574
1364 2575
1365 2575
1366 2576
1367 2577
1368 2578
1369 2579
1370 2580
1371 2581
1372 2582
1372 2583
1373 2583
1374 2584
1375 2585
1376 2585
1377 2585
1378 2586
1379 2586
1380 2587
1381 2587
1382 2588
1383 2588
1384 2589
1385 2589
1386 2589
1387 2589
1388 2589
1389 2589
1390 2588
1391 2588
1392 2587
1393 2587
1394 2586
1395 2586
1396 2586
1397 2585
1398 2585
1399 2585
1400 2585
1401 2584
1402 2584
1403 2584
1404 2584
1405 2584
1406 2584
1407 2584
1408 2583
1409 2583
1410 2582
1411 2581
1411 2580
1412 2579
1413 2578
1414 2577
1415 2576
1415 2575
1416 2574
1417 2574
1418 2573
1419 2572
1420 2572
1421 2571
1422 2571
1423 2570
1424 2570
1425 2569
1426 2569
1427 2568
1428 2567
1428 2566
1429 2565
1430 2564
1431 2563
1432 2562
1433 2561
1434 2561
1435 2561
1436 2561
1437 2561
1438 2562
1439 2562
1440 2563
1441 2563
1442 2564
1443 2565
1444 2566
1444 2567
1445 2568
1446 2569
1447 2570
1448 2570
1449 2571
1449 2572
1450 2573
1451 2574
1451 2575
1452 2576
1453 2577
1454 2578
1455 2578
1456 2579
1457 2580
1458 2581
1459 2582
1460 2583
1460 2584
1461 2585
1462 2586
1462 2587
1463 2588
1463 2589
1464 2590
1465 2590
1466 2590
1467 2591
1468 2592
1468 2593
1469 2594
1469 2595
1470 2596
1471 2597
1471 2598
1472 2598
1473 2598
1474 2597
1475 2596
1475 2595
1476 2594
1477 2593
1477 2592
1478 2591
1478 2590
1479 2589
1479 2588
1479 2587
1479 2586
1480 2585
1480 2584
1480 2583
1480 2582
1481 2581
1481 2580
1482 2579
1483 2579
1484 2579
1485 2580
1486 2581
1486 2582
1487 2583
1487 2584
1487 2585
1488 2586
1488 2587
1489 2588
1490 2589
1491 2590
1492 2591
1493 2592
1493 2593
1493 2594
1493 2595
1494 2596
1494 2597
1494 2598
1494 2599
1495 2600
1495 2601
1495 2602
1495 2603
1495 2604
1496 2605
1496 2606
1496 2607
1496 2608
1497 2609
1498 2609
1499 2609
1500 2609
1501 2609
1502 2609
1503 2609
1504 2609
1505 2608
1506 2608
1507 2607
1508 2606
1509 2606
1510 2606
1511 2605
1512 2605
1513 2605
1514 2605
1515 2605
1516 2604
1517 2604
1518 2603
1519 2603
1520 2602
1521 2601
1522 2600
1523 2600
1524 2599
1525 2598
1526 2597
1527 2596
1528 2595
1529 2594
1530 2593
1531 2593
1532 2593
1533 2592
1534 2592
1535 2591
1536 2591
1537 2590
1538 2590
1539 2589
1540 2588
1541 2587
1542 2586
1543 2585
1544 2584
1545 2584
1546 2583
1547 2582
1547 2581
1548 2580
1549 2579
1550 2578
1551 2577
1552 2576
1553 2576
1554 2576
1555 2575
1556 2575
1557 2575
1558 2574
1559 2574
1560 2574
1561 2574
1562 2574
1563 2574
1564 2574
1565 2574
1566 2574
1567 2574
1568 2574
1569 2574
1570 2574
1571 2574
1572 2574
1573 2574
1574 2574
1575 2574
1576 2574
1577 2574
1578 2574
1579 2574
1580 2574
1581 2574
1582 2574
1583 2574
1584 2574
1585 2574
1586 2574
1587 2574
1588 2574
1589 2574
1590 2574
1591 2574
1592 2574
1593 2574
1594 2574
1595 2574
1596 2574
1597 2574
1598 2574
1599 2575
1600 2576
1600 2577
1601 2578
1602 2579
1603 2579
1604 2580
1605 2581
1606 2582
1606 2583
1607 2584
1607 2585
1607 2586
1608 2587
1608 2588
1609 2589
1610 2589
1611 2589
1612 2590
1613 2590
1614 2590
1615 2590
1616 2590
1617 2590
1618 2590
1619 2590
1620 2591
1621 2591
1622 2591
1623 2591
1624 2590
1625 2590
1626 2589
1627 2589
1628 2588
1629 2588
1630 2588
1631 2587
1632 2587
1633 2587
1634 2587
1635 2586
1636 2586
1637 2586
1638 2585
1639 2585
1640 2585
1641 2584
1642 2584
1643 2584
1644 2584
1645 2584
1646 2584
1647 2585
1648 2585
1649 2586
1650 2586
1651 2587
1652 2587
1653 2588
1654 2589
1655 2590
1656 2590
1657 2591
1658 2592
1659 2593
1660 2593
1661 2594
1662 2595
1663 2595
1664 2595
1665 2596
1666 2596
1667 2597
1668 2598
1669 2598
1670 2599
1671 2600
1672 2601
1673 2602
1674 2603
1675 2604
1676 2605
1677 2605
1678 2606
1679 2606
1680 2607
1681 2607
1682 2607
1683 2608
1684 2608
1685 2609
1686 2609
1687 2609
1688 2610
1689 2611
1690 2612
1691 2613
1692 2614
1693 2615
1694 2616
1695 2617
1696 2618
1697 2618
1698 2618
1699 2618
1700 2618
1701 2618
1702 2618
1703 2618
1704 2619
1705 2619
1706 2619
1707 2619
1708 2620
1709 2620
1710 2621
1711 2621
1712 2622
1713 2622
1714 2623
1715 2623
1716 2624
1717 2624
1718 2625
1719 2625
1720 2626
1721 2626
1722 2627
1723 2627
1724 2628
1725 2629
1726 2629
1727 2630
1728 2630
1729 2631
1730 2631
1731 2632
1732 2632
1733 2632
1734 2633
1735 2633
1736 2634
1737 2635
1738 2636
1739 2637
1740 2638
1741 2639
1742 2640
1743 2641
1744 2642
1745 2643
1745 2644
1746 2645
1747 2646
1748 2646
1749 2647
1750 2648
1751 2648
1752 2649
1753 2650
1754 2651
1755 2652
1756 2653
1757 2654
1757 2655
1758 2655
1759 2656
1760 2657
1761 2657
1762 2658
1763 2659
1763 2660
1764 2661
1765 2662
1766 2663
1767 2664
1768 2665
1769 2666
1770 2667
1770 2668
1771 2669
1771 2670
1772 2671
1772 2672
1773 2673
1774 2674
1774 2675
1775 2676
1776 2677
1777 2678
1777 2679
1778 2680
1779 2681
1780 2682
1780 2683
1781 2684
1782 2685
1783 2686
1784 2687
1784 2688
1785 2689
1786 2690
1787 2691
1788 2692
1788 2693
1789 2694
1790 2695
1791 2696
1791 2697
1792 2698
1793 2699
1794 2700
1794 2701
1795 2702
1796 2703
1797 2704
1798 2705
1798 2706
1799 2707
1799 2708
1800 2709
1800 2710
1801 2711
1801 2712
1802 2713
1802 2714
1803 2715
1804 2716
1805 2717
1805 2718
1806 2719
1807 2720
1807 2721
1808 2722
1809 2722
1810 2723
1811 2724
1812 2725
1813 2726
1813 2727
1814 2728
1815 2729
1816 2730
1817 2731
1817 2732
1818 2733
1819 2734
1820 2735
1821 2736
1822 2737
1822 2738
1823 2739
1824 2740
1825 2741
1826 2742
1827 2743
1827 2744
1828 2745
1828 2746
1829 2747
1830 2748
1831 2749
1831 2750
1832 2751
1833 2752
1834 2753
1835 2754
1836 2754
1837 2755
1838 2756
1839 2757
1840 2758
1841 2759
1842 2760
1843 2761
1844 2762
1845 2763
1846 2763
1847 2764
1848 2765
1849 2766
1850 2767
1851 2768
1852 2769
1853 2770
1854 2771
1855 2772
1855 2773
1856 2774
1857 2775
1858 2776
1859 2777
1860 2778
1860 2779
1861 2780
1862 2781
1863 2782
1863 2783
1863 2784
1864 2785
1864 2786
1865 2787
1865 2788
1866 2789
1866 2790
1867 2791
1867 2792
1868 2793
1869 2794
1870 2795
1871 2796
1872 2797
1873 2798
1874 2799
1875 2800
1876 2801
1877 2802
1878 2803
1879 2804
1880 2804
1881 2805
1882 2806
1883 2807
1884 2808
1885 2809
1886 2810
1887 2810
1888 2811
1889 2812
1890 2813
1891 2814
1892 2815
1893 2816
1894 2817
1895 2818
1896 2819
1897 2820
1898 2821
1899 2822
1900 2823
1901 2824
1902 2825
1903 2826
1904 2827
1905 2828
1906 2829
1906 2830
1907 2831
1908 2832
1909 2832
1910 2833
1911 2833
1912 2834
1913 2835
1914 2836
1915 2837
1916 2838
1917 2839
1918 2839
1919 2840
1920 2840
1921 2841
1922 2841
1923 2842
1924 2843
1924 2844
1925 2845
1926 2846
1927 2846
1928 2847
1929 2848
1930 2849
1931 2849
1932 2850
1933 2851
1934 2852
1935 2852
1936 2852
1937 2852
1938 2852
1939 2852
1940 2852
1941 2853
1942 2853
1943 2853
1944 2853
1945 2853
1946 2852
1947 2852
1948 2852
1949 2852
1950 2851
1951 2851
1952 2850
1953 2850
1954 2849
1955 2849
1956 2849
1957 2849
1958 2848
1959 2848
1960 2848
1961 2848
1962 2848
1963 2848
1964 2848
1965 2847
1966 2847
1967 2847
1968 2846
1969 2846
1970 2845
1970 2844
1971 2843
1972 2842
1973 2841
1974 2840
1975 2839
1976 2838
1977 2837
1978 2836
1979 2835
1980 2834
1981 2833
1982 2833
1983 2833
1984 2832
1985 2831
1986 2830
1987 2829
1988 2828
1988 2827
1989 2826
1990 2825
1991 2825
1992 2824
1993 2824
1994 2824
1995 2824
1996 2824
1997 2824
1998 2824
1999 2824
2000 2824
2001 2824
2002 2824
2003 2824
2004 2824
2005 2824
2006 2824
2007 2824
2008 2824
2009 2824
2010 2824
2011 2824
2012 2824
2013 2824
2014 2824
2015 2825
2016 2825
2017 2825
2018 2826
2019 2826
2020 2827
2021 2827
2022 2828
2023 2828
2024 2828
2025 2829
2026 2829
2027 2829
2028 2830
2029 2830
2030 2830
2031 2830
2032 2831
2033 2832
2034 2833
2035 2834
2035 2835
2036 2836
2037 2837
2038 2838
2038 2839
2038 2840
2039 2841
2039 2842
2039 2843
2038 2844
2038 2845
2038 2846
2038 2847
2038 2848
2038 2849
2038 2850
2038 2851
2038 2852
2038 2853
2038 2854
2038 2855
2038 2856
2038 2857
2038 2858
2038 2859
2038 2860
2038 2861
2038 2862
2038 2863
2038 2864
2038 2865
2038 2866
2038 2867
2038 2868
2038 2869
2038 2870
2038 2871
2038 2872
2038 2873
2038 2874
2038 2875
2038 2876
2038 2877
2038 2878
2038 2879
2038 2880
2038 2881
2038 2882
2038 2883
2038 2884
2038 2885
2038 2886
2038 2887
2038 2888
2038 2889
2037 2890
2037 2891
2037 2892
2037 2893
2037 2894
2037 2895
2037 2896
2037 2897
2037 2898
2037 2899
2037 2900
2037 2901
2037 2902
2037 2903
2037 2904
2037 2905
2037 2906
2037 2907
2037 2908
2037 2909
2037 2910
2037 2911
2037 2912
2037 2913
2037 2914
2036 2915
2036 2916
2037 2917
2038 2918
2039 2918
2040 2919
2041 2919
2042 2919
2043 2919
2044 2919
2045 2919
2046 2919
2047 2919
2048 2919
2049 2918
2050 2918
2051 2918
2052 2917
2053 2917
2054 2917
2055 2917
2056 2917
2057 2916
2058 2916
2059 2915
2060 2914
2061 2913
2062 2912
2063 2911
2064 2910
2065 2909
2066 2908
2067 2907
2068 2907
2069 2906
2070 2905
2071 2904
2072 2903
2073 2902
2074 2901
2075 2900
2076 2899
2077 2898
2078 2897
2079 2896
2080 2895
2081 2894
2082 2894
2083 2893
2084 2893
2085 2893
2086 2892
2087 2892
2088 2892
2089 2892
2090 2892
2091 2892
2092 2892
2093 2892
2094 2891
2095 2891
2096 2891
2097 2891
2098 2892
2099 2891
2100 2891
2101 2891
2102 2892
2103 2892
2104 2892
2105 2892
2106 2893
2107 2893
2108 2893
2109 2893
2110 2894
2111 2894
2112 2895
2113 2895
2114 2896
2115 2897
2116 2897
2117 2898
2118 2898
2119 2899
2120 2899
2121 2900
2122 2900
2123 2901
2124 2901
2125 2902
2126 2903
2127 2903
2128 2904
2129 2904
2130 2905
2131 2906
2132 2906
2133 2907
2134 2907
2135 2908
2136 2909
2137 2909
2138 2910
2139 2911
2140 2911
2141 2912
2142 2913
2143 2914
2144 2915
2145 2916
2146 2916
2147 2917
2148 2918
2149 2919
2150 2920
2151 2921
2152 2922
2153 2923
2154 2924
2154 2925
2154 2926
2155 2927
2155 2928
2155 2929
2155 2930
2155 2931
2155 2932
2155 2933
2155 2934
2155 2935
2155 2936
2155 2937
2155 2938
2155 2939
2155 2940
2155 2941
2156 2942
2156 2943
2157 2944
2157 2945
2158 2946
2158 2947
2159 2948
2159 2949
2160 2950
2160 2951
2160 2952
2161 2953
2161 2954
2162 2955
2162 2956
2162 2957
2163 2958
2164 2958
2165 2959
2166 2960
2166 2961
2167 2962
2168 2962
2169 2963
2170 2964
2170 2965
2171 2966
2172 2967
2173 2967
2174 2968
2175 2969
2176 2970
2177 2971
2178 2972
2179 2972
2180 2973
2181 2974
2182 2974
2183 2975
2184 2975
2185 2976
2186 2976
2187 2977
2188 2977
2189 2978
2190 2978
2191 2978
2192 2979
2193 2979
2194 2979
2195 2980
2196 2980
2197 2980
2198 2981
2199 2981
2200 2981
2201 2982
2202 2982
2203 2982
2204 2982
2205 2983
2206 2983
2207 2984
2208 2985
2209 2986
2210 2986
2211 2987
2212 2988
2213 2988
2214 2989
2215 2989
2216 2989
2217 2989
2218 2990
2219 2990
2220 2990
2221 2990
2222 2990
2223 2991
2224 2991
2225 2991
2226 2991
2227 2991
2228 2991
2229 2992
2230 2992
2231 2992
2232 2992
2233 2992
2234 2992
2235 2992
2236 2992
2237 2992
2238 2992
2239 2992
2240 2992
2241 2992
2242 2993
2243 2993
2244 2993
2245 2993
2246 2993
2247 2993
2248 2993
2249 2993
2250 2993
2251 2993
2252 2993
2253 2993
2254 2993
2255 2993
2256 2993
2257 2993
2258 2994
2259 2994
2260 2994
2261 2994
2262 2994
2263 2994
2264 2994
2265 2994
2266 2994
2267 2994
2268 2994
2269 2994
2270 2994
2271 2994
2272 2994
2273 2994
2274 2994
2275 2995
2276 2995
2277 2995
2278 2996
2279 2996
2280 2996
2281 2997
2282 2997
2283 2997
2284 2998
2285 2998
2286 2999
2287 2999
2288 2999
2289 3000
2290 3000
2291 3000
2292 3001
2293 3001
2294 3002
2295 3003
2296 3003
2297 3004
2298 3005
2299 3006
2300 3007
2301 3007
2302 3008
2303 3009
2304 3009
2305 3010
2306 3010
2307 3011
2308 3012
2309 3012
2310 3013
2311 3014
2312 3015
2313 3016
2314 3017
2315 3017
2316 3018
2317 3019
2318 3020
2319 3020
2320 3021
2321 3022
2322 3022
2323 3023
2324 3024
2325 3025
2326 3025
2327 3026
2328 3027
2329 3028
2330 3028
2331 3029
2332 3030
2333 3031
2334 3031
2335 3032
2336 3033
2337 3033
2338 3034
2339 3035
2340 3036
2341 3036
2342 3037
2343 3038
2344 3038
2345 3039
2346 3040
2347 3040
2348 3041
2349 3042
2350 3042
2351 3043
2352 3043
2353 3044
2354 3045
2355 3045
2356 3046
2357 3046
2358 3047
2359 3047
2360 3048
2361 3048
2362 3049
2363 3049
2364 3050
2365 3050
2366 3051
2367 3051
2368 3051
2369 3052
2370 3052
2371 3053
2372 3053
2373 3054
2374 3054
2375 3055
2376 3056
2377 3057
2378 3058
2379 3059
2380 3060
2381 3060
2382 3060
2383 3061
2384 3061
2385 3061
2386 3061
2387 3061
2388 3062
2389 3062
2390 3062
2391 3062
2392 3062
2393 3062
2394 3062
2395 3063
2396 3063
2397 3063
2398 3063
2399 3063
2400 3063
2401 3063
2402 3063
2403 3063
2404 3063
2405 3063
2406 3063
2407 3063
2408 3064
2409 3064
2410 3064
2411 3064
2412 3064
2413 3064
2414 3064
2415 3064
2416 3064
2417 3065
2418 3065
2419 3065
2420 3066
2421 3066
2422 3067
2423 3067
2424 3068
2425 3068
2426 3068
2427 3069
2428 3069
2429 3070
2430 3070
2431 3071
2432 3071
2433 3072
2434 3073
2435 3073
2436 3074
2437 3074
2438 3075
2439 3076
2440 3076
2441 3077
2442 3077
2443 3078
2444 3078
2445 3078
2446 3078
2447 3079
2448 3079
2449 3079
2450 3079
2451 3080
2452 3080
2453 3080
2454 3080
2455 3080
2456 3080
2457 3080
2458 3081
2459 3081
2460 3081
2461 3081
2462 3081
2463 3081
2464 3082
2465 3082
2466 3083
2467 3083
2468 3084
2469 3084
2470 3085
2471 3085
2472 3086
2473 3086
2474 3087
2475 3087
2476 3087
2477 3088
2478 3088
2479 3088
2480 3089
2481 3089
2482 3089
2483 3089
2484 3090
2485 3090
2486 3090
2487 3090
2488 3090
2489 3090
2490 3090
2491 3091
2492 3091
2493 3091
2494 3091
2495 3091
2496 3091
2497 3091
2498 3091
2499 3091
2500 3091
2501 3091
2502 3092
2503 3092
2504 3092
2505 3093
2506 3093
2507 3093
2508 3094
2509 3094
2510 3095
2511 3095
2512 3096
2513 3096
2514 3096
2515 3097
2516 3097
2517 3097
2518 3097
2519 3098
2520 3098
2521 3098
2522 3098
2523 3099
2524 3099
2525 3099
2526 3099
2527 3099
2528 3100
2529 3100
2530 3100
2531 3100
2532 3100
2533 3100
2534 3100
2535 3101
2536 3101
2537 3101
2538 3101
2539 3101
2540 3102
2541 3102
2542 3102
2543 3102
2544 3103
2545 3103
2546 3103
2547 3104
2548 3104
2549 3105
2550 3105
2551 3106
2552 3106
2553 3106
2554 3107
2555 3107
2556 3107
2557 3108
2558 3108
2559 3108
2560 3108
2561 3108
2562 3109
2563 3109
2564 3109
2565 3109
2566 3109
2567 3109
2568 3109
2569 3109
2570 3110
2571 3110
2572 3110
2573 3110
2574 3111
2575 3111
2576 3111
2577 3112
2578 3112
2579 3113
2580 3113
2581 3114
2582 3114
2583 3115
2584 3115
2585 3116
2586 3116
2587 3116
2588 3117
2589 3117
2590 3118
2590 3119
2591 3120
2592 3120
2593 3121
2594 3122
2595 3122
2596 3123
2597 3124
2598 3124
2599 3124
2600 3125
2601 3125
2602 3125
2603 3126
2604 3126
2605 3127
2606 3128
2607 3128
2608 3129
2609 3129
2610 3130
2611 3131
2612 3132
2613 3132
2614 3132
2615 3133
2616 3133
2617 3133
2618 3134
2619 3134
2620 3134
2621 3134
2622 3134
2623 3135
2624 3135
2625 3135
2626 3135
2627 3135
2628 3135
2629 3136
2630 3136
2631 3136
2632 3136
2633 3136
2634 3136
2635 3137
2636 3137
2637 3138
2638 3138
2639 3138
2640 3139
2641 3139
2642 3140
2643 3140
2644 3141
2645 3141
2646 3141
2647 3141
2648 3142
2649 3142
2650 3142
2651 3143
2652 3143
2653 3143
2654 3143
2655 3144
2656 3144
2657 3144
2658 3144
2659 3144
2660 3145
2661 3145
2662 3145
2663 3145
2664 3145
2665 3145
2666 3145
2667 3146
2668 3146
2669 3146
2670 3146
2671 3146
2672 3146
2673 3146
2674 3147
2675 3147
2676 3148
2677 3148
2678 3148
2679 3149
2680 3149
2681 3149
2682 3150
2683 3150
2684 3150
2685 3151
2686 3151
2687 3151
2688 3152
2689 3152
2690 3152
2691 3152
2692 3153
2693 3153
2694 3153
2695 3153
2696 3153
2697 3154
2698 3154
2699 3154
2700 3154
2701 3154
2702 3155
2703 3155
2704 3155
2705 3155
2706 3156
2707 3156
2708 3157
2709 3158
2710 3158
2711 3159
2712 3160
2713 3160
2714 3160
2715 3161
2716 3161
2717 3161
2718 3162
2719 3162
2720 3162
2721 3162
2722 3163
2723 3163
2724 3163
2725 3163
2726 3164
2727 3164
2728 3164
2729 3165
2730 3165
2731 3166
2732 3166
2733 3167
2734 3167
2735 3168
2736 3168
2737 3169
2738 3169
2739 3170
2740 3170
2741 3170
2742 3171
2743 3171
2744 3172
2745 3172
2746 3173
2747 3173
2748 3173
2749 3174
2750 3174
2751 3175
2752 3176
2753 3176
2754 3177
2755 3177
2756 3178
2757 3178
2758 3178
2759 3179
2760 3179
2761 3179
2762 3179
2763 3180
2764 3180
2765 3180
2766 3180
2767 3181
2768 3181
2769 3181
2770 3181
2771 3182
2772 3182
2773 3182
2774 3182
2775 3182
2776 3182
2777 3182
2778 3183
2779 3183
2780 3183
2781 3183
2782 3184
2783 3184
2784 3184
2785 3185
2786 3185
2787 3186
2788 3186
2789 3187
2790 3187
2791 3188
2792 3188
2793 3189
2794 3189
2795 3190
2796 3190
2797 3190
2798 3190
2799 3191
2800 3191
2801 3191
2802 3191
2803 3191
2804 3191
2805 3191
2806 3192
2807 3192
2808 3192
2809 3192
2810 3192
2811 3192
2812 3192
2813 3192
2814 3192
2815 3192
2816 3192
2817 3193
2818 3193
2819 3193
2820 3193
2821 3193
2822 3193
2823 3193
2824 3193
2825 3193
2826 3193
2827 3193
2828 3193
2829 3193
2830 3193
2831 3193
2832 3193
2833 3193
2834 3194
2835 3194
2836 3194
2837 3194
2838 3194
2839 3194
2840 3194
2841 3194
2842 3194
2843 3194
2844 3194
2845 3194
2846 3194
2847 3194
2848 3194
2849 3194
2850 3194
2851 3194
2852 3194
2853 3194
2854 3194
2855 3194
2856 3195
2857 3195
2858 3195
2859 3195
2860 3195
2861 3195
2862 3195
2863 3195
2864 3195
2865 3195
2866 3195
2867 3195
2868 3195
2869 3195
2870 3195
2871 3195
2872 3195
2873 3195
2874 3195
2875 3195
2876 3195
2877 3195
2878 3195
2879 3195
2880 3196
2881 3196
2882 3196
2883 3196
2884 3196
2885 3196
2886 3196
2887 3196
2888 3196
2889 3196
2890 3196
2891 3196
2892 3196
2893 3196
2894 3196
2895 3196
2896 3196
2897 3196
2898 3196
2899 3196
2900 3196
2901 3197
2902 3197
2903 3197
2904 3197
2905 3197
2906 3197
2907 3197
2908 3197
2909 3197
2910 3197
2911 3197
2912 3197
2913 3197
2914 3197
2915 3197
2916 3197
2917 3197
2918 3197
2919 3197
2920 3197
2921 3197
2922 3197
2923 3197
2924 3197
2925 3197
2926 3198
2927 3198
2928 3198
2929 3198
2930 3198
2931 3198
2932 3198
2933 3198
2934 3198
2935 3198
2936 3198
2937 3198
2938 3198
2939 3198
2940 3198
2941 3198
2942 3198
2943 3198
2944 3198
2945 3198
2946 3198
2947 3198
2948 3198
2949 3199
2950 3199
2951 3199
2952 3199
2953 3199
2954 3199
2955 3199
2956 3199
2957 3199
2958 3199
2959 3199
2960 3199
2961 3199
2962 3199
2963 3199
2964 3199
2965 3199
2966 3199
2967 3199
2968 3199
2969 3199
2970 3199
2971 3199
2972 3199
2973 3199
2974 3200
2975 3200
2976 3200
2977 3200
2978 3200
2979 3200
2980 3200
2981 3200
2982 3200
2983 3200
2984 3200
2985 3200
2986 3200
2987 3200
2988 3200
2989 3200
2990 3200
2991 3200
2992 3200
2993 3200
2994 3200
2995 3200
2996 3200
2997 3201
2998 3201
2999 3201
3000 3201
3001 3201
3002 3201
3003 3201
3004 3201
3005 3201
3006 3201
3007 3201
3008 3201
3009 3201
3010 3201
3011 3201
3012 3201
3013 3201
3014 3201
3015 3201
3016 3201
3017 3201
3018 3201
3019 3201
3020 3201
3021 3202
3022 3202
3023 3202
3024 3202
3025 3202
3026 3202
3027 3202
3028 3202
3029 3202
3030 3202
3031 3202
3032 3202
3033 3202
3034 3202
3035 3202
3036 3202
3037 3202
3038 3202
3039 3202
3040 3202
3041 3202
3042 3202
3043 3202
3044 3202
3045 3202
3046 3203
3047 3203
3048 3203
3049 3203
3050 3203
3051 3203
3052 3203
3053 3203
3054 3203
3055 3203
3056 3203
3057 3203
3058 3203
3059 3203
3060 3203
3061 3203
3062 3203
3063 3203
3064 3203
3065 3203
3066 3203
3067 3202
3068 3202
3069 3202
3070 3202
3071 3202
3072 3202
3073 3201
3074 3201
3075 3201
3076 3201
3077 3200
3078 3200
3079 3200
3080 3200
3081 3200
3082 3199
3083 3199
3084 3199
3085 3199
3086 3199
3087 3199
3088 3199
3089 3199
3090 3199
3091 3199
3092 3198
3093 3198
3094 3198
3095 3198
3096 3198
3097 3198
3098 3198
3099 3198
3100 3198
3101 3198
3102 3198
3103 3198
3104 3198
3105 3197
3106 3197
3107 3197
3108 3197
3109 3196
3110 3196
3111 3196
3112 3195
3113 3195
3114 3194
3115 3194
3116 3194
3117 3193
3118 3193
3119 3193
3120 3193
3121 3192
3122 3192
3123 3192
3124 3192
3125 3192
3126 3192
3127 3191
3128 3191
3129 3191
3130 3191
3131 3191
3132 3191
3133 3191
3134 3191
3135 3191
3136 3191
3137 3191
3138 3191
3139 3191
3140 3191
3141 3191
3142 3191
3143 3191
3144 3191
3145 3191
3146 3191
3147 3191
3148 3191
3149 3191
3150 3191
3151 3191
3152 3191
3153 3191
3154 3191
3155 3191
3156 3191
3157 3191
3158 3191
3159 3191
3160 3191
3161 3192
3162 3192
3163 3192
3164 3192
3165 3192
3166 3192
3167 3192
3168 3192
3169 3192
3170 3192
3171 3192
3172 3192
3173 3192
3174 3192
3175 3192
3176 3192
3177 3192
3178 3192
3179 3192
3180 3192
3181 3192
3182 3192
3183 3192
3184 3192
3185 3192
3186 3192
3187 3192
3188 3192
3189 3193
3190 3193
3191 3193
3192 3193
3193 3193
3194 3193
3195 3193
3196 3193
3197 3193
3198 3193
3199 3193
3200 3193
3201 3193
3202 3193
3203 3193
3204 3193
3205 3193
3206 3193
3207 3193
3208 3193
3209 3193
3210 3193
3211 3193
3212 3193
3213 3192
3214 3192
3215 3191
3216 3191
3217 3190
3218 3189
3219 3188
3220 3187
3221 3186
3222 3185
3223 3184
3224 3183
3225 3183
3226 3182
3227 3182
3228 3182
3229 3182
3230 3181
3231 3181
3232 3181
3233 3181
3234 3180
3235 3180
3236 3180
3237 3179
3238 3179
3239 3178
3240 3178
3241 3177
3242 3177
3243 3176
3244 3176
3245 3175
3246 3175
3247 3175
3248 3174
3249 3174
3250 3174
3251 3173
3252 3173
3253 3172
3254 3172
3255 3171
3256 3170
3257 3170
3258 3169
3259 3169
3260 3169
3261 3168
3262 3168
3263 3167
3264 3167
3265 3166
3266 3166
3267 3165
3268 3165
3269 3165
3270 3164
3271 3163
3272 3163
3273 3162
3274 3161
3275 3160
3276 3160
3276 3159
3277 3158
3278 3157
3279 3156
3280 3155
3281 3154
3282 3154
3283 3153
3284 3153
3285 3152
3286 3152
3287 3152
3288 3151
3289 3151
3290 3150
3291 3149
3292 3148
3293 3147
3294 3147
3295 3146
3296 3146
3297 3145
3298 3145
3299 3145
3300 3145
3301 3145
3302 3144
3303 3144
3304 3144
3305 3144
3306 3144
3307 3143
3308 3143
3309 3142
3310 3142
3311 3142
3312 3141
3313 3140
3314 3140
3315 3139
3316 3139
3317 3138
3318 3138
3319 3138
3320 3137
3321 3137
3322 3136
3323 3135
3324 3134
3325 3134
3326 3133
3327 3132
3328 3131
3329 3131
3330 3130
3331 3130
3332 3130
3333 3130
3334 3129
3335 3129
3336 3129
3337 3129
3338 3129
3339 3128
3340 3128
3341 3127
3342 3127
3343 3126
3344 3126
3345 3125
3346 3125
3347 3125
3348 3124
3349 3124
3350 3124
3351 3123
3352 3123
3353 3123
3354 3123
3355 3123
3356 3122
3357 3122
3358 3122
3359 3122
3360 3122
3361 3122
3362 3122
3363 3122
3364 3121
3365 3121
3366 3121
3367 3121
3368 3121
3369 3121
3370 3121
3371 3121
3372 3121
3373 3121
3374 3121
3375 3121
3376 3120
3377 3120
3378 3120
3379 3119
3380 3119
3381 3118
3382 3118
3383 3117
3384 3117
3385 3117
3386 3116
3387 3116
3388 3116
3389 3115
3390 3115
3391 3115
3392 3114
3393 3114
3394 3114
3395 3113
3396 3113
3397 3112
3398 3112
3399 3112
3400 3111
3401 3111
3402 3110
3403 3110
3404 3110
3405 3109
3406 3109
3407 3109
3408 3109
3409 3108
3410 3108
3411 3108
3412 3108
3413 3108
3414 3108
3415 3108
3416 3108
3417 3107
3418 3107
3419 3107
3420 3106
3421 3106
3422 3105
3423 3104
3424 3104
3425 3103
3426 3103
3427 3102
3428 3102
3429 3101
3430 3101
3431 3100
3432 3100
3433 3099
3434 3099
3435 3098
3436 3097
3437 3097
3438 3096
3439 3096
3440 3095
3441 3094
3442 3094
3443 3094
3444 3094
3445 3094
3446 3093
3447 3093
3448 3092
3449 3091
3449 3090
3450 3089
3451 3089
3452 3088
3453 3088
3454 3087
3455 3087
3456 3086
3457 3085
3458 3084
3458 3083
3459 3082
3460 3082
3461 3081
3462 3081
3463 3080
3464 3080
3465 3080
3466 3079
3467 3079
3468 3079
3469 3079
3470 3079
3471 3078
3472 3077
3473 3076
3474 3075
3475 3074
3476 3073
3477 3072
3478 3071
3479 3070
3480 3069
3481 3068
3482 3068
3483 3067
3484 3067
3485 3066
3486 3066
3487 3065
3488 3064
3489 3064
3490 3063
3491 3062
3492 3062
3493 3062
3494 3061
3495 3061
3496 3060
3497 3060
3498 3059
3499 3058
3500 3057
3501 3057
3502 3056
3503 3056
3504 3055
3505 3054
3506 3054
3507 3053
3508 3053
3509 3052
3510 3052
3511 3052
3512 3051
3513 3051
3514 3050
3515 3050
3516 3050
3517 3050
3518 3049
3519 3049
3520 3049
3521 3048
3522 3048
3523 3047
3524 3047
3525 3046
3526 3045
3527 3045
3528 3044
3529 3043
3530 3042
3531 3042
3532 3041
3533 3040
3534 3039
3535 3038
3536 3038
3537 3037
3538 3036
3539 3035
3540 3034
3541 3034
3542 3033
3543 3032
3544 3031
3545 3030
3546 3030
3547 3029
3548 3029
3549 3028
3550 3027
3551 3027
3552 3026
3553 3025
3554 3025
3555 3024
3556 3023
3557 3023
3558 3022
3559 3022
3560 3022
3561 3021
3562 3021
3563 3021
3564 3021
3565 3020
3566 3020
3567 3020
3568 3020
3569 3019
3570 3019
3571 3018
3572 3018
3573 3017
3574 3016
3575 3016
3576 3015
3577 3014
3578 3014
3579 3013
3580 3013
3581 3012
3582 3012
3583 3011
3584 3011
3585 3011
3586 3010
3587 3010
3588 3009
3589 3009
3590 3008
3591 3007
3592 3006
3593 3006
3594 3005
3594 3004
3595 3003
3596 3002
3597 3001
3598 3000
3599 3000
3600 2999
3601 2998
3602 2997
3603 2997
3604 2996
3605 2995
3606 2995
3607 2994
3608 2993
3609 2993
3610 2992
3611 2991
3612 2990
3613 2990
3614 2989
3615 2988
3616 2988
3617 2987
3618 2987
3619 2986
3620 2986
3621 2985
3622 2984
3623 2984
3624 2983
3625 2983
3626 2982
3627 2982
3628 2981
3629 2980
3630 2980
3631 2979
3632 2978
3633 2977
3634 2977
3635 2976
3636 2975
3637 2975
3638 2974
3639 2973
3640 2972
3641 2972
3642 2971
3643 2970
3644 2969
3645 2969
3646 2968
3647 2967
3648 2966
3649 2965
3650 2965
3651 2964
3652 2963
3653 2962
3654 2962
3655 2961
3656 2961
3657 2960
3658 2960
3659 2959
3660 2958
3661 2958
3662 2957
3663 2956
3664 2956
3665 2955
3666 2954
3667 2954
3668 2953
3669 2952
3670 2952
3671 2951
3672 2950
3673 2949
3674 2948
3675 2947
3676 2947
3677 2946
3678 2945
3679 2944
3680 2943
3681 2942
3682 2941
3683 2941
3684 2940
3685 2939
3685 2938
3686 2937
3686 2936
3687 2935
3687 2934
3688 2933
3688 2932
3689 2931
3689 2930
3689 2929
3690 2928
3691 2927
3692 2926
3693 2925
3694 2924
3695 2923
3696 2922
3697 2921
3697 2920
3697 2919
3698 2918
3698 2917
3699 2916
3699 2915
3699 2914
3699 2913
3700 2912
3700 2911
3700 2910
3701 2909
3702 2908
3703 2907
3704 2906
3705 2905
3705 2904
3706 2903
3706 2902
3707 2901
3707 2900
3707 2899
3707 2898
3708 2897
3708 2896
3709 2895
3709 2894
3710 2893
3711 2892
3712 2891
3712 2890
3713 2889
3713 2888
3714 2887
3714 2886
3714 2885
3715 2884
3715 2883
3715 2882
3716 2881
3716 2880
3716 2879
3717 2878
3717 2877
3717 2876
3717 2875
3717 2874
3718 2873
3718 2872
3718 2871
3718 2870
3718 2869
3718 2868
3718 2867
3718 2866
3719 2865
3719 2864
3719 2863
3719 2862
3719 2861
3719 2860
3720 2859
3720 2858
3721 2857
3721 2856
3722 2855
3723 2854
3723 2853
3724 2852
3724 2851
3724 2850
3725 2849
3725 2848
3726 2847
3726 2846
3727 2845
3728 2844
3729 2843
3729 2842
3730 2841
3731 2840
3732 2839
3732 2838
3733 2837
3733 2836
3734 2835
3735 2834
3735 2833
3736 2832
3737 2831
3738 2830
3739 2830
3740 2829
3741 2829
3742 2828
3743 2827
3744 2827
3745 2826
3746 2825
3747 2824
3748 2823
3748 2822
3749 2821
3749 2820
3750 2819
3750 2818
3750 2817
3751 2816
3751 2815
3752 2814
3753 2813
3754 2813
3755 2812
3756 2812
3757 2811
3758 2810
3759 2809
3760 2808
3761 2807
3762 2806
3763 2806
3764 2805
3765 2805
3766 2805
3767 2804
3768 2804
3769 2803
3770 2803
3771 2802
3772 2802
3773 2801
3774 2801
3775 2800
3776 2800
3777 2799
3778 2799
3779 2798
3780 2798
3781 2798
3782 2797
3783 2797
3784 2797
3785 2796
3786 2796
3787 2795
3788 2794
3789 2793
3790 2792
3791 2791
3792 2790
3793 2790
3794 2789
3795 2789
3796 2789
3797 2788
3798 2788
3799 2787
3800 2786
3801 2785
3802 2784
3803 2783
3804 2782
3805 2781
3806 2780
3806 2779
3807 2778
3808 2777
3808 2776
3809 2775
3810 2775
3811 2774
3812 2774
3813 2773
3814 2772
3815 2771
3816 2770
3817 2770
3818 2769
3819 2769
3820 2768
3821 2767
3822 2767
3823 2766
3824 2765
3824 2764
3825 2763
3825 2762
3826 2761
3826 2760
3826 2759
3827 2758
3827 2757
3828 2756
3828 2755
3829 2754
3830 2753
3830 2752
3831 2751
3831 2750
3832 2749
3833 2748
3833 2747
3833 2746
3834 2745
3834 2744
3834 2743
3834 2742
3835 2741
3835 2740
3835 2739
3835 2738
3835 2737
3836 2736
3836 2735
3836 2734
3836 2733
3836 2732
3836 2731
3836 2730
3836 2729
3837 2728
3837 2727
3837 2726
3837 2725
3837 2724
3837 2723
3837 2722
3837 2721
3837 2720
3837 2719
3837 2718
3838 2717
3838 2716
3838 2715
3838 2714
3838 2713
3838 2712
3838 2711
3838 2710
3838 2709
3838 2708
3838 2707
3838 2706
3838 2705
3838 2704
3838 2703
3838 2702
3838 2701
3838 2700
3838 2699
3838 2698
3838 2697
3839 2696
3839 2695
3839 2694
3839 2693
3839 2692
3839 2691
3839 2690
3839 2689
3839 2688
3839 2687
3839 2686
3839 2685
3839 2684
3839 2683
3839 2682
3839 2681
3839 2680
3839 2679
3839 2678
3839 2677
3839 2676
3839 2675
3839 2674
3839 2673
3840 2672
3840 2671
3840 2670
3840 2669
3840 2668
3840 2667
3840 2666
3840 2665
3840 2664
3840 2663
3840 2662
3840 2661
3840 2660
3840 2659
3840 2658
3840 2657
3840 2656
3840 2655
3840 2654
3840 2653
3840 2652
3840 2651
3840 2650
3840 2649
3841 2648
3841 2647
3841 2646
3841 2645
3841 2644
3841 2643
3841 2642
3841 2641
3841 2640
3841 2639
3841 2638
3841 2637
3841 2636
3841 2635
3841 2634
3841 2633
3841 2632
3841 2631
3841 2630
3841 2629
3841 2628
3841 2627
3841 2626
3841 2625
3842 2624
3842 2623
3842 2622
3842 2621
3842 2620
3842 2619
3842 2618
3843 2617
3843 2616
3844 2615
3845 2614
3845 2613
3846 2612
3847 2611
3848 2610
3848 2609
3849 2608
3850 2607
3851 2606
3852 2605
3853 2604
3854 2603
3855 2602
3856 2601
3857 2600
3858 2599
3858 2598
3859 2597
3859 2596
3860 2595
3861 2594
3861 2593
3862 2592
3862 2591
3863 2590
3863 2589
3864 2588
3864 2587
3864 2586
3865 2585
3866 2584
3866 2583
3867 2582
3868 2581
3869 2580
3870 2579
3871 2578
3872 2577
3873 2576
3874 2575
3875 2575
3876 2574
3877 2573
3878 2572
3879 2571
3880 2570
3881 2569
3881 2568
3881 2567
3882 2566
3882 2565
3883 2564
3883 2563
3884 2562
3885 2561
3886 2560
3886 2559
3887 2558
3888 2557
3889 2556
3890 2555
3891 2554
3892 2554
3893 2553
3894 2553
3895 2552
3896 2551
3896 2550
3897 2549
3898 2548
3899 2547
3900 2546
3900 2545
3901 2544
3902 2543
3902 2542
3903 2541
3904 2540
3904 2539
3905 2538
3905 2537
3905 2536
3906 2535
3906 2534
3906 2533
3907 2532
3907 2531
3908 2530
3908 2529
3909 2528
3909 2527
3910 2526
3911 2525
3911 2524
3912 2523
3912 2522
3913 2521
3913 2520
3914 2519
3914 2518
3915 2517
3915 2516
3915 2515
3915 2514
3916 2513
3917 2512
3917 2511
3918 2510
3919 2509
3920 2508
3921 2507
3921 2506
3922 2505
3923 2504
3923 2503
3924 2502
3925 2501
3926 2500
3926 2499
3927 2498
3928 2497
3928 2496
3929 2495
3929 2494
3930 2493
3930 2492
3931 2491
3931 2490
3931 2489
3932 2488
3932 2487
3932 2486
3933 2485
3933 2484
3933 2483
3934 2482
3935 2481
3935 2480
3936 2479
3937 2478
3937 2477
3938 2476
3939 2475
3939 2474
3940 2473
3940 2472
3941 2471
3941 2470
3941 2469
3942 2468
3942 2467
3942 2466
3942 2465
3942 2464
3942 2463
3943 2462
3943 2461
3943 2460
3943 2459
3943 2458
3944 2457
3944 2456
3944 2455
3944 2454
3944 2453
3944 2452
3944 2451
3944 2450
3945 2449
3945 2448
3945 2447
3945 2446
3945 2445
3945 2444
3945 2443
3945 2442
3945 2441
3945 2440
3945 2439
3946 2438
3946 2437
3947 2436
3947 2435
3947 2434
3948 2433
3948 2432
3949 2431
3949 2430
3950 2429
3950 2428
3950 2427
3951 2426
3951 2425
3951 2424
3951 2423
3952 2422
3952 2421
3952 2420
3952 2419
3952 2418
3952 2417
3953 2416
3953 2415
3953 2414
3953 2413
3953 2412
3953 2411
3953 2410
3954 2409
3954 2408
3954 2407
3954 2406
3954 2405
3954 2404
3954 2403
3954 2402
3954 2401
3954 2400
3954 2399
3955 2398
3955 2397
3955 2396
3955 2395
3955 2394
3955 2393
3955 2392
3955 2391
3955 2390
3955 2389
3955 2388
3955 2387
3955 2386
3956 2385
3956 2384
3957 2383
3958 2383
3959 2382
3959 2381
3960 2380
3960 2379
3960 2378
3961 2377
3961 2376
3961 2375
3962 2374
3962 2373
3962 2372
3963 2371
3963 2370
3963 2369
3964 2368
3964 2367
3965 2366
3965 2365
3965 2364
3966 2363
3966 2362
3967 2361
3967 2360
3968 2359
3968 2358
3968 2357
3969 2356
3969 2355
3969 2354
3969 2353
3970 2352
3970 2351
3970 2350
3970 2349
3971 2348
3971 2347
3971 2346
3972 2345
3972 2344
3973 2343
3973 2342
3974 2341
3974 2340
3975 2339
3975 2338
3976 2337
3976 2336
3976 2335
3977 2334
3977 2333
3978 2332
3979 2331
3979 2330
3980 2329
3981 2328
3981 2327
3982 2326
3983 2325
3984 2324
3984 2323
3985 2322
3986 2321
3986 2320
3987 2319
3987 2318
3988 2317
3988 2316
3988 2315
3989 2314
3989 2313
3989 2312
3989 2311
3989 2310
3990 2309
3990 2308
3990 2307
3990 2306
3990 2305
3990 2304
3990 2303
3990 2302
3991 2301
3991 2300
3991 2299
3991 2298
3991 2297
3991 2296
3991 2295
3991 2294
3991 2293
3991 2292
3991 2291
3992 2290
3992 2289
3992 2288
3992 2287
3992 2286
3992 2285
3992 2284
3992 2283
3992 2282
3992 2281
3992 2280
3992 2279
3992 2278
3992 2277
3992 2276
3992 2275
3992 2274
3992 2273
3992 2272
3992 2271
3992 2270
3992 2269
3992 2268
3993 2267
3993 2266
3993 2265
3993 2264
3993 2263
3993 2262
3993 2261
3993 2260
3993 2259
3993 2258
3993 2257
3993 2256
3993 2255
3993 2254
3993 2253
3993 2252
3993 2251
3993 2250
3993 2249
3993 2248
3993 2247
3993 2246
3993 2245
3994 2244
3994 2243
3994 2242
3994 2241
3994 2240
3994 2239
3994 2238
3994 2237
3994 2236
3994 2235
3994 2234
3994 2233
3994 2232
3994 2231
3994 2230
3994 2229
3994 2228
3994 2227
3994 2226
3994 2225
3994 2224
3994 2223
3994 2222
3994 2221
3995 2220
3995 2219
3995 2218
3995 2217
3995 2216
3995 2215
3995 2214
3995 2213
3995 2212
3995 2211
3995 2210
3995 2209
3995 2208
3995 2207
3995 2206
3995 2205
3995 2204
3995 2203
3995 2202
3995 2201
3995 2200
3995 2199
3995 2198
3995 2197
3996 2196
3996 2195
3996 2194
3996 2193
3996 2192
3996 2191
3996 2190
3996 2189
3996 2188
3996 2187
3996 2186
3996 2185
3996 2184
3996 2183
3996 2182
3996 2181
3996 2180
3996 2179
3996 2178
3997 2177
3998 2176
3998 2175
3999 2174
3999 2173
4000 2172
4001 2171
4001 2170
4001 2169
4001 2168
4002 2167
4002 2166
4002 2165
4002 2164
4003 2163
4004 2162
4004 2161
4005 2160
4006 2159
4007 2158
4008 2157
4009 2156
4010 2155
4011 2154
4012 2153
4013 2152
4014 2151
4015 2150
4016 2149
4016 2148
4017 2147
4018 2146
4018 2145
4019 2144
4020 2143
4021 2142
4021 2141
4022 2140
4022 2139
4023 2138
4023 2137
4024 2136
4024 2135
4025 2134
4025 2133
4026 2132
4026 2131
4026 2130
4027 2129
4027 2128
4028 2127
4028 2126
4029 2125
4029 2124
4030 2123
4031 2122
4031 2121
4032 2120
4032 2119
4033 2118
4033 2117
4034 2116
4034 2115
4035 2114
4035 2113
4036 2112
4036 2111
4037 2110
4037 2109
4038 2108
4039 2107
4040 2106
4041 2105
4041 2104
4042 2103
4043 2102
4044 2101
4045 2100
4045 2099
4046 2098
4047 2097
4048 2096
4048 2095
4049 2094
4049 2093
4050 2092
4051 2091
4051 2090
4052 2089
4052 2088
4052 2087
4053 2086
4053 2085
4054 2084
4054 2083
4055 2082
4055 2081
4055 2080
4056 2079
4056 2078
4056 2077
4056 2076
4056 2075
4056 2074
4056 2073
4056 2072
4057 2071
4057 2070
4057 2069
4057 2068
4057 2067
4057 2066
4057 2065
4057 2064
4057 2063
4057 2062
4057 2061
4056 2060
4056 2059
4056 2058
4056 2057
4056 2056
4055 2055
4055 2054
4054 2053
4054 2052
4054 2051
4053 2050
4053 2049
4053 2048
4053 2047
4052 2046
4052 2045
4052 2044
4052 2043
4052 2042
4052 2041
4052 2040
4051 2039
4051 2038
4051 2037
4051 2036
4051 2035
4051 2034
4051 2033
4051 2032
4050 2031
4050 2030
4050 2029
4050 2028
4049 2027
4049 2026
4048 2025
4048 2024
4047 2023
4046 2022
4046 2021
4045 2020
4045 2019
4044 2018
4044 2017
4043 2016
4042 2015
4042 2014
4041 2013
4040 2012
4039 2011
4038 2011
4037 2010
4036 2009
4035 2008
4034 2007
4033 2006
4033 2005
4033 2004
4032 2003
4032 2002
4031 2001
4031 2000
4030 1999
4029 1998
4029 1997
4028 1996
4028 1995
4027 1994
4026 1993
4026 1992
4026 1991
4025 1990
4025 1989
4024 1988
4024 1987
4024 1986
4023 1985
4022 1984
4022 1983
4021 1982
4020 1981
4020 1980
4020 1979
4019 1978
4019 1977
4019 1976
4019 1975
4018 1974
4018 1973
4017 1972
4017 1971
4016 1970
4016 1969
4015 1968
4014 1967
4014 1966
4013 1965
4013 1964
4012 1963
4012 1962
4011 1961
4010 1960
4010 1959
4009 1958
4009 1957
4008 1956
4008 1955
4008 1954
4007 1953
4007 1952
4006 1951
4006 1950
4005 1949
4005 1948
4004 1947
4004 1946
4004 1945
4004 1944
4003 1943
4003 1942
4003 1941
4002 1940
4002 1939
4002 1938
4002 1937
4002 1936
4001 1935
4001 1934
4001 1933
4001 1932
4001 1931
4001 1930
4000 1929
4000 1928
4000 1927
4000 1926
4000 1925
4000 1924
4000 1923
4000 1922
4000 1921
4000 1920
4000 1919
4000 1918
4000 1917
4000 1916
4000 1915
4000 1914
4000 1913
4000 1912
4000 1911
4000 1910
4000 1909
4000 1908
4000 1907
4000 1906
4000 1905
4000 1904
4000 1903
4000 1902
4000 1901
4000 1900
4000 1899
4000 1898
4000 1897
4000 1896
4000 1895
4000 1894
4000 1893
4000 1892
4000 1891
4000 1890
4000 1889
4000 1888
4000 1887
4000 1886
3999 1885
3999 1884
3999 1883
3998 1882
3998 1881
3997 1880
3997 1879
3997 1878
3997 1877
3996 1876
3996 1875
3996 1874
3996 1873
3996 1872
3996 1871
3995 1870
3995 1869
3995 1868
3995 1867
3995 1866
3995 1865
3994 1864
3994 1863
3994 1862
3994 1861
3993 1860
3993 1859
3992 1858
3991 1857
3990 1856
3990 1855
3990 1854
3989 1853
3989 1852
3988 1851
3988 1850
3987 1850
3986 1849
3985 1849
3984 1848
3983 1848
3982 1847
3981 1847
3980 1846
3979 1845
3978 1844
3977 1843
3976 1842
3976 1841
3975 1840
3974 1839
3973 1838
3973 1837
3972 1836
3971 1835
3970 1834
3969 1833
3968 1832
3967 1832
3966 1831
3965 1830
3964 1829
3963 1828
3962 1827
3961 1826
3961 1825
3960 1824
3959 1823
3958 1822
3958 1821
3957 1820
3956 1819
3955 1818
3954 1817
3953 1816
3952 1815
3951 1815
3950 1814
3949 1813
3948 1812
3948 1811
3947 1810
3947 1809
3946 1808
3946 1807
3945 1806
3944 1805
3944 1804
3943 1803
3942 1802
3942 1801
3941 1800
3941 1799
3940 1798
3940 1797
3939 1796
3938 1795
3938 1794
3937 1793
3937 1792
3936 1791
3936 1790
3935 1789
3935 1788
3934 1787
3934 1786
3933 1785
3933 1784
3933 1783
3932 1782
3932 1781
3931 1780
3931 1779
3931 1778
3930 1777
3930 1776
3929 1775
3929 1774
3928 1773
3928 1772
3927 1771
3927 1770
3926 1769
3926 1768
3925 1767
3924 1767
3923 1766
3922 1765
3921 1765
3920 1764
3919 1763
3918 1762
3917 1761
3916 1760
3915 1759
3914 1758
3913 1757
3912 1757
3911 1756
3910 1755
3909 1754
3908 1753
3908 1752
3907 1751
3907 1750
3906 1749
3905 1748
3905 1747
3904 1746
3904 1745
3904 1744
3903 1743
3902 1742
3902 1741
3901 1740
3900 1739
3900 1738
3899 1737
3898 1736
3898 1735
3897 1734
3896 1733
3895 1732
3894 1732
3893 1731
3892 1730
3891 1729
3890 1728
3889 1727
3888 1726
3887 1725
3886 1724
3885 1723
3884 1722
3883 1721
3882 1720
3881 1719
3880 1718
3879 1717
3878 1716
3877 1715
3876 1714
3875 1713
3874 1712
3873 1711
3872 1710
3872 1709
3871 1708
3870 1707
3869 1706
3868 1705
3867 1704
3866 1703
3865 1702
3864 1701
3863 1700
3862 1699
3861 1698
3860 1697
3859 1696
3858 1695
3857 1694
3856 1693
3856 1692
3855 1691
3854 1690
3853 1689
3853 1688
3853 1687
3852 1686
3851 1685
3850 1684
3849 1684
3848 1683
3847 1682
3846 1681
3845 1680
3845 1679
3844 1678
3844 1677
3844 1676
3843 1675
3842 1674
3841 1673
3840 1672
3839 1671
3839 1670
3838 1669
3837 1668
3836 1667
3835 1666
3834 1666
3833 1665
3832 1664
3831 1664
3830 1663
3829 1662
3828 1661
3827 1661
3826 1660
3825 1659
3824 1659
3823 1658
3822 1657
3821 1656
3820 1655
3819 1655
3818 1654
3817 1653
3816 1652
3815 1651
3814 1651
3813 1650
3812 1649
3811 1648
3810 1647
3809 1647
3808 1646
3807 1645
3806 1644
3805 1643
3804 1642
3803 1642
3802 1641
3801 1640
3800 1639
3799 1639
3798 1638
3797 1637
3796 1636
3795 1635
3794 1634
3793 1633
3792 1632
3791 1632
3790 1631
3789 1631
3788 1630
3787 1630
3786 1629
3785 1628
3785 1627
3784 1626
3783 1625
3783 1624
3782 1623
3781 1623
3780 1622
3779 1622
3778 1621
3777 1621
3776 1620
3775 1620
3774 1620
3773 1620
3772 1619
3771 1619
3770 1618
3769 1618
3768 1617
3767 1616
3766 1616
3765 1615
3764 1614
3763 1613
3762 1613
3761 1612
3760 1611
3759 1610
3758 1609
3757 1608
3756 1607
3755 1606
3754 1605
3753 1605
3752 1604
3751 1603
3750 1602
3749 1601
3748 1600
3747 1599
3746 1599
3745 1598
3744 1598
3743 1597
3742 1597
3741 1597
3740 1596
3739 1596
3738 1596
3737 1595
3736 1595
3735 1594
3734 1593
3733 1592
3732 1591
3731 1590
3730 1589
3729 1588
3728 1588
3727 1587
3726 1587
3725 1587
3724 1587
3723 1586
3722 1586
3721 1586
3720 1586
3719 1585
3718 1585
3717 1585
3716 1584
3715 1584
3714 1583
3713 1582
3712 1581
3711 1580
3710 1579
3709 1578
3708 1577
3708 1576
3707 1575
3706 1574
3705 1573
3704 1572
3703 1572
3702 1571
3701 1571
3700 1570
3699 1569
3698 1569
3697 1568
3696 1568
3695 1567
3694 1566
3693 1565
3692 1564
3691 1563
3690 1562
3689 1562
3688 1561
3687 1560
3686 1559
3685 1558
3684 1557
3683 1556
3682 1555
3681 1554
3680 1554
3679 1554
3678 1553
3677 1552
3676 1552
3675 1551
3674 1550
3673 1549
3672 1548
3671 1548
3670 1547
3669 1546
3668 1545
3667 1544
3667 1543
3666 1542
3666 1541
3665 1540
3664 1539
3663 1539
3662 1538
3661 1537
3660 1536
3659 1536
3658 1535
3657 1535
3656 1535
3655 1535
3654 1534
3653 1534
3652 1534
3651 1533
3650 1532
3650 1531
3649 1530
3648 1530
3647 1529
3646 1528
3645 1528
3644 1527
3643 1526
3642 1526
3641 1525
3640 1524
3639 1523
3638 1522
3637 1522
3636 1521
3635 1521
3634 1520
3633 1520
3632 1519
3631 1519
3630 1518
3629 1518
3628 1517
3627 1516
3626 1515
3625 1515
3624 1514
3623 1513
3622 1512
3621 1511
3620 1510
3619 1509
3618 1509
3617 1508
3616 1507
3615 1507
3614 1506
3613 1505
3612 1505
3611 1504
3610 1504
3609 1503
3608 1503
3607 1502
3606 1501
3605 1500
3604 1499
3603 1498
3603 1497
3602 1497
3601 1496
3600 1495
3599 1495
3598 1494
3597 1493
3596 1493
3595 1492
3594 1492
3593 1491
3592 1490
3591 1489
3590 1488
3589 1487
3588 1486
3587 1486
3586 1485
3585 1485
3584 1485
3583 1484
3582 1484
3581 1483
3580 1482
3579 1481
3578 1480
3577 1479
3576 1478
3575 1478
3574 1477
3573 1476
3572 1475
3571 1474
3570 1473
3569 1472
3568 1471
3567 1470
3566 1469
3565 1468
3564 1467
3563 1466
3562 1466
3561 1465
3560 1464
3559 1463
3558 1463
3557 1462
3556 1461
3555 1461
3554 1460
3553 1459
3552 1459
3551 1458
3550 1457
3549 1456
3548 1455
3547 1455
3546 1454
3545 1454
3544 1453
3543 1453
3542 1452
3541 1451
3540 1451
3539 1450
3538 1449
3537 1448
3537 1447
3536 1446
3535 1445
3534 1445
3533 1444
3532 1444
3531 1443
3530 1443
3529 1442
3528 1442
3527 1441
3526 1440
3525 1439
3524 1438
3523 1437
3523 1436
3522 1435
3521 1434
3521 1433
3520 1432
3520 1431
3519 1430
3518 1429
3517 1428
3516 1427
3515 1427
3514 1426
3513 1425
3512 1425
3511 1424
3510 1423
3509 1422
3508 1421
3507 1420
3506 1419
3506 1418
3505 1417
3504 1416
3503 1415
3502 1414
3501 1413
3500 1412
3499 1411
3498 1410
3497 1409
3496 1408
3495 1408
3494 1407
3493 1406
3492 1405
3491 1404
3490 1403
3490 1402
3489 1401
3489 1400
3489 1399
3488 1398
3487 1397
3486 1396
3485 1395
3485 1394
3484 1393
3483 1392
3482 1391
3482 1390
3481 1389
3481 1388
3480 1387
3479 1387
3478 1386
3477 1386
3476 1385
3475 1384
3474 1384
3473 1383
3472 1383
3471 1383
3470 1382
3469 1381
3468 1380
3467 1380
3466 1379
3465 1379
3464 1378
3463 1378
3462 1377
3461 1376
3460 1375
3459 1375
3458 1374
3457 1373
3456 1373
3455 1372
3454 1371
3453 1371
3452 1370
3451 1370
3450 1369
3449 1369
3448 1368
3447 1368
3446 1368
3445 1367
3444 1367
3443 1367
3442 1366
3441 1366
3440 1365
3439 1365
3438 1364
3437 1363
3436 1362
3435 1362
3434 1361
3433 1360
3432 1360
3431 1359
3430 1359
3429 1359
3428 1358
3427 1358
3426 1358
3425 1357
3424 1357
3423 1357
3422 1357
3421 1357
3420 1356
3419 1356
3418 1356
3417 1356
3416 1356
3415 1356
3414 1356
3413 1356
3412 1355
3411 1355
3410 1355
3409 1355
3408 1355
3407 1355
3406 1355
3405 1355
3404 1355
3403 1355
3402 1355
3401 1355
3400 1355
3399 1355
3398 1355
3397 1355
3396 1354
3395 1354
3394 1354
3393 1354
3392 1354
3391 1354
3390 1354
3389 1354
3388 1354
3387 1354
3386 1354
3385 1354
3384 1354
3383 1354
3382 1355
3381 1355
3380 1355
3379 1355
3378 1356
3377 1356
3376 1357
3375 1357
3374 1357
3373 1358
3372 1358
3371 1358
3370 1358
3369 1359
3368 1359
3367 1359
3366 1359
3365 1359
3364 1359
3363 1360
3362 1360
3361 1360
3360 1360
3359 1361
3358 1361
3357 1361
3356 1362
3355 1362
3354 1363
3353 1363
3352 1364
3351 1364
3350 1364
3349 1365
3348 1365
3347 1365
3346 1365
3345 1366
3344 1366
3343 1366
3342 1366
3341 1366
3340 1367
3339 1368
3338 1368
3337 1369
3336 1370
3335 1370
3334 1371
3333 1371
3332 1372
3331 1372
3330 1372
3329 1373
3328 1373
3327 1373
3326 1373
3325 1373
3324 1373
3323 1373
3322 1374
3321 1374
3320 1374
3319 1374
3318 1374
3317 1374
3316 1374
3315 1374
3314 1374
3313 1374
3312 1374
3311 1374
3310 1374
3309 1374
3308 1374
3307 1374
3306 1374
3305 1374
3304 1374
3303 1374
3302 1374
3301 1374
3300 1374
3299 1374
3298 1374
3297 1374
3296 1374
3295 1374
3294 1374
3293 1374
3292 1374
3291 1374
3290 1374
3289 1374
3288 1374
3287 1374
3286 1374
3285 1374
3284 1373
3283 1373
3282 1373
3281 1373
3280 1373
3279 1373
3278 1373
3277 1373
3276 1373
3275 1373
3274 1373
3273 1372
3272 1372
3271 1371
3270 1371
3269 1370
3268 1370
3267 1369
3266 1369
3265 1369
3264 1368
3263 1368
3262 1368
3261 1367
3260 1367
3259 1367
3258 1367
3257 1367
3256 1366
3255 1366
3254 1366
3253 1366
3252 1366
3251 1366
3250 1365
3249 1365
3248 1365
3247 1365
3246 1365
3245 1365
3244 1365
3243 1365
3242 1364
3241 1364
3240 1364
3239 1364
3238 1364
3237 1364
3236 1364
3235 1364
3234 1364
3233 1363
3232 1363
3231 1362
3230 1362
3229 1361
3228 1361
3227 1360
3226 1360
3225 1360
3224 1359
3223 1359
3222 1358
3221 1358
3220 1358
3219 1357
3218 1357
3217 1357
3216 1357
3215 1356
3214 1356
3213 1356
3212 1355
3211 1354
3211 1353
3210 1353
3209 1352
3208 1351
3207 1351
3206 1350
3205 1350
3204 1349
3203 1349
3202 1349
3201 1349
3200 1348
3199 1348
3198 1348
3197 1348
3196 1347
3195 1347
3194 1347
3193 1347
3192 1347
3191 1347
3190 1347
3189 1347
3188 1346
3187 1346
3186 1346
3185 1346
3184 1346
3183 1346
3182 1346
3181 1346
3180 1346
3179 1346
3178 1346
3177 1346
3176 1345
3175 1345
3174 1345
3173 1345
3172 1345
3171 1345
3170 1345
3169 1345
3168 1345
3167 1345
3166 1345
3165 1345
3164 1345
3163 1345
3162 1345
3161 1345
3160 1345
3159 1344
3158 1344
3157 1344
3156 1344
3155 1344
3154 1344
3153 1344
3152 1344
3151 1344
3150 1344
3149 1344
3148 1344
3147 1344
3146 1344
3145 1344
3144 1344
3143 1344
3142 1344
3141 1344
3140 1344
3139 1344
3138 1344
3137 1343
3136 1343
3135 1343
3134 1343
3133 1343
3132 1343
3131 1343
3130 1343
3129 1343
3128 1343
3127 1343
3126 1343
3125 1343
3124 1343
3123 1343
3122 1343
3121 1343
3120 1343
