2634 2080
2634 2081
2634 2082
2634 2083
2634 2084
2633 2085
2633 2086
2632 2087
2631 2087
2630 2087
2629 2087
2628 2086
2628 2085
2628 2084
2627 2084
2626 2084
2625 2084
2624 2083
2623 2082
2623 2083
2622 2084
2621 2085
2620 2085
2619 2085
2619 2086
2618 2087
2617 2087
2616 2087
2615 2087
2614 2087
2613 2087
2612 2087
2611 2088
2610 2088
2609 2087
2609 2086
2608 2086
2608 2087
2607 2088
2606 2089
2605 2089
2604 2090
2603 2091
2602 2091
2601 2091
2600 2090
2600 2089
2601 2088
2600 2089
2599 2089
2598 2089
2597 2090
2596 2091
2595 2091
2594 2091
2593 2090
2592 2090
2591 2090
2591 2091
2590 2092
2589 2092
2588 2092
2587 2092
2586 2092
2585 2092
2584 2092
2583 2092
2582 2093
2581 2093
2580 2093
2579 2094
2578 2094
2577 2094
2576 2094
2575 2094
2574 2095
2573 2095
2572 2095
2571 2096
2570 2096
2569 2096
2568 2097
2567 2098
2566 2098
2565 2098
2564 2099
2563 2099
2562 2099
2561 2100
2560 2100
2559 2100
2558 2101
2557 2101
2556 2102
2555 2102
2554 2103
2553 2103
2552 2104
2551 2104
2550 2105
2549 2105
2548 2106
2547 2106
2546 2107
2545 2107
2544 2108
2543 2108
2542 2109
2541 2110
2540 2111
2539 2112
2538 2113
2537 2114
2536 2114
2535 2115
2534 2115
2533 2116
2532 2117
2531 2117
2530 2118
2529 2119
2528 2119
2527 2119
2526 2120
2525 2120
2524 2120
2523 2121
2522 2121
2521 2122
2520 2123
2519 2124
2518 2124
2517 2125
2516 2125
2515 2126
2514 2127
2513 2128
2512 2129
2511 2130
2510 2130
2509 2131
2508 2132
2507 2132
2506 2133
2505 2133
2504 2134
2503 2134
2502 2134
2501 2135
2500 2135
2499 2135
2498 2135
2497 2135
2496 2136
2495 2136
2494 2136
2493 2137
2492 2137
2491 2138
2490 2138
2489 2139
2488 2139
2487 2139
2486 2139
2485 2139
2484 2139
2483 2139
2482 2140
2481 2140
2480 2140
2479 2140
2478 2140
2477 2141
2476 2141
2475 2142
2474 2142
2473 2143
2472 2143
2471 2144
2470 2145
2469 2145
2468 2146
2467 2146
2466 2147
2465 2148
2464 2149
2463 2149
2462 2149
2461 2150
2460 2151
2459 2152
2458 2152
2457 2153
2456 2153
2455 2153
2454 2154
2453 2154
2452 2155
2451 2155
2450 2156
2449 2157
2448 2158
2447 2159
2446 2159
2445 2160
2444 2160
2443 2160
2442 2161
2441 2161
2440 2162
2439 2162
2438 2163
2437 2163
2436 2163
2435 2164
2434 2164
2433 2164
2432 2164
2431 2164
2430 2165
2429 2165
2428 2165
2427 2165
2426 2165
2425 2165
2424 2166
2423 2166
2422 2167
2421 2167
2420 2168
2419 2168
2418 2169
2417 2170
2416 2171
2415 2172
2414 2173
2413 2173
2412 2174
2411 2175
2410 2175
2409 2175
2408 2176
2407 2177
2406 2177
2405 2178
2404 2178
2403 2179
2402 2179
2401 2179
2400 2179
2399 2180
2398 2180
2397 2180
2396 2180
2395 2181
2394 2181
2393 2182
2392 2182
2391 2182
2390 2183
2389 2183
2388 2183
2387 2183
2386 2183
2385 2184
2384 2184
2383 2185
2382 2185
2381 2186
2380 2186
2379 2186
2378 2187
2377 2188
2376 2188
2375 2189
2374 2189
2373 2190
2372 2190
2371 2191
2370 2192
2369 2193
2368 2193
2367 2193
2366 2193
2365 2194
2364 2194
2363 2195
2362 2195
2361 2196
2360 2196
2359 2197
2358 2197
2357 2198
2356 2198
2355 2199
2354 2200
2353 2200
2352 2201
2351 2201
2350 2201
2349 2201
2348 2202
2347 2202
2346 2203
2345 2203
2344 2204
2343 2204
2342 2204
2341 2204
2340 2205
2339 2205
2338 2205
2337 2205
2336 2205
2335 2206
2334 2206
2333 2207
2332 2207
2331 2207
2330 2208
2329 2208
2328 2208
2327 2208
2326 2208
2325 2209
2324 2209
2323 2210
2322 2210
2321 2211
2320 2211
2319 2211
2318 2212
2317 2212
2316 2213
2315 2213
2314 2214
2313 2214
2312 2215
2311 2215
2310 2216
2309 2217
2308 2217
2307 2218
2306 2219
2305 2219
2304 2220
2303 2221
2302 2221
2301 2222
2300 2222
2299 2222
2298 2223
2297 2223
2296 2223
2295 2224
2294 2224
2293 2225
2292 2225
2291 2226
2290 2226
2289 2226
2288 2227
2287 2227
2286 2227
2285 2227
2284 2227
2283 2228
2282 2228
2281 2228
2280 2228
2279 2228
2278 2228
2277 2228
2276 2228
2275 2228
2274 2228
2273 2228
2272 2228
2271 2229
2270 2229
2269 2229
2268 2229
2267 2230
2266 2230
2265 2231
2264 2231
2263 2232
2262 2232
2261 2233
2260 2233
2259 2234
2258 2234
2257 2234
2256 2234
2255 2235
2254 2235
2253 2235
2252 2236
2251 2236
2250 2237
2249 2237
2248 2237
2247 2237
2246 2238
2245 2238
2244 2238
2243 2238
2242 2238
2241 2239
2240 2239
2239 2239
2238 2239
2237 2240
2236 2240
2235 2240
2234 2241
2233 2241
2232 2241
2231 2242
2230 2242
2229 2242
2228 2242
2227 2242
2226 2243
2225 2243
2224 2243
2223 2244
2222 2244
2221 2245
2220 2245
2219 2246
2218 2246
2217 2247
2216 2248
2215 2248
2214 2248
2213 2249
2212 2249
2211 2249
2210 2250
2209 2250
2208 2251
2207 2251
2206 2252
2205 2252
2204 2252
2203 2253
2202 2253
2201 2253
2200 2253
2199 2253
2198 2253
2197 2254
2196 2254
2195 2254
2194 2255
2193 2255
2192 2256
2191 2256
2190 2256
2189 2257
2188 2257
2187 2257
2186 2257
2185 2258
2184 2258
2183 2258
2182 2258
2181 2258
2180 2258
2179 2258
2178 2258
2177 2259
2176 2259
2175 2260
2174 2260
2173 2260
2172 2261
2171 2261
2170 2261
2169 2262
2168 2263
2167 2264
2166 2265
2165 2266
2164 2267
2163 2267
2162 2268
2161 2268
2160 2268
2159 2268
2158 2269
2157 2269
2156 2269
2155 2269
2154 2269
2153 2269
2152 2269
2151 2269
2150 2269
2149 2269
2148 2269
2147 2269
2146 2269
2145 2269
2144 2269
2143 2269
2142 2270
2141 2270
2140 2270
2139 2271
2138 2271
2137 2271
2136 2272
2135 2272
2134 2272
2133 2273
2132 2273
2131 2273
2130 2273
2129 2273
2128 2273
2127 2274
2126 2274
2125 2275
2124 2275
2123 2275
2122 2276
2121 2276
2120 2276
2119 2276
2118 2276
2117 2277
2116 2277
2115 2277
2114 2277
2113 2277
2112 2278
2111 2278
2110 2279
2109 2279
2108 2279
2107 2280
2106 2280
2105 2280
2104 2280
2103 2280
2102 2281
2101 2281
2100 2281
2099 2281
2098 2281
2097 2281
2096 2281
2095 2281
2094 2281
2093 2281
2092 2281
2091 2281
2090 2281
2089 2281
2088 2281
2087 2281
2086 2282
2085 2282
2084 2281
2083 2281
2082 2281
2081 2281
2080 2280
2079 2280
2078 2280
2077 2280
2076 2280
2075 2280
2074 2280
2073 2280
2072 2280
2071 2279
2070 2279
2069 2279
2068 2279
2067 2279
2066 2279
2065 2279
2064 2279
2063 2279
2062 2279
2061 2279
2060 2278
2059 2278
2058 2278
2057 2277
2056 2277
2055 2277
2054 2277
2053 2277
2052 2277
2051 2276
2050 2276
2049 2276
2048 2276
2047 2275
2046 2275
2045 2275
2044 2274
2043 2274
2042 2274
2041 2274
2040 2274
2039 2274
2038 2274
2037 2274
2036 2274
2035 2274
2034 2274
2033 2274
2032 2274
2031 2274
2030 2274
2029 2274
2028 2274
2027 2273
2026 2274
2025 2274
2024 2273
2023 2274
2022 2274
2021 2274
2020 2274
2019 2274
2018 2274
2017 2274
2016 2274
2015 2274
2014 2274
2013 2274
2012 2274
2011 2274
2010 2274
2009 2274
2008 2274
2007 2274
2006 2274
2005 2274
2004 2274
2003 2274
2002 2274
2001 2274
2000 2274
1999 2274
1998 2274
1997 2274
1996 2274
1995 2274
1994 2274
1993 2274
1992 2274
1991 2274
1990 2274
1989 2275
1988 2275
1987 2275
1986 2275
1985 2275
1984 2275
1983 2275
1982 2275
1981 2275
1980 2275
1979 2275
1978 2275
1977 2275
1976 2275
1975 2275
1974 2275
1973 2275
1972 2275
1971 2275
1970 2275
1969 2275
1968 2275
1967 2275
1966 2275
1965 2275
1964 2275
1963 2275
1962 2275
1961 2275
1960 2275
1959 2275
1958 2276
1957 2276
1956 2276
1955 2276
1954 2276
1953 2276
1952 2276
1951 2276
1950 2276
1949 2276
1948 2276
1947 2276
1946 2276
1945 2276
1944 2276
1943 2276
1942 2276
1941 2276
1940 2276
1939 2276
1938 2276
1937 2276
1936 2276
1935 2276
1934 2276
1933 2276
1932 2276
1931 2276
1930 2276
1929 2276
1928 2276
1927 2276
1926 2275
1925 2275
1924 2275
1923 2275
1922 2275
1921 2275
1920 2275
1919 2274
1918 2274
1917 2274
1916 2274
1915 2273
1914 2273
1913 2273
1912 2272
1911 2272
1910 2272
1909 2272
1908 2272
1907 2272
1906 2271
1905 2271
1904 2271
1903 2271
1902 2271
1901 2271
1900 2271
1899 2271
1898 2271
1897 2271
1896 2270
1895 2270
1894 2270
1893 2270
1892 2269
1891 2269
1890 2269
1889 2269
1888 2268
1887 2268
1886 2268
1885 2267
1884 2267
1883 2267
1882 2267
1881 2266
1880 2266
1879 2266
1878 2266
1877 2266
1876 2265
1875 2265
1874 2265
1873 2265
1872 2264
1871 2264
1870 2264
1869 2263
1868 2263
1867 2263
1866 2263
1865 2263
1864 2263
1863 2262
1862 2262
1861 2262
1860 2262
1859 2261
1858 2261
1857 2261
1856 2260
1855 2260
1854 2260
1853 2260
1852 2260
1851 2260
1850 2260
1849 2260
1848 2259
1847 2259
1846 2259
1845 2259
1844 2259
1843 2259
1842 2259
1841 2259
1840 2259
1839 2258
1838 2258
1837 2258
1836 2258
1835 2258
1834 2257
1833 2257
1832 2257
1831 2257
1830 2256
1829 2256
1828 2256
1827 2256
1826 2255
1825 2255
1824 2255
1823 2255
1822 2255
1821 2255
1820 2254
1819 2254
1818 2254
1817 2254
1816 2254
1815 2254
1814 2254
1813 2254
1812 2254
1811 2254
1810 2254
1809 2254
1808 2254
1807 2254
1806 2254
1805 2253
1804 2253
1803 2253
1802 2252
1801 2252
1800 2252
1799 2252
1798 2251
1797 2251
1796 2251
1795 2251
1794 2251
1793 2251
1793 2252
1794 2253
1794 2254
1795 2255
1796 2256
1796 2257
1797 2258
1797 2259
1798 2260
1798 2261
1799 2262
1799 2263
1800 2264
1801 2265
1802 2266
1802 2267
1803 2267
1804 2268
1805 2269
1806 2270
1807 2271
1808 2272
1809 2273
1810 2274
1811 2275
1812 2276
1813 2277
1814 2278
1815 2279
1815 2280
1816 2281
1817 2282
1818 2283
1819 2284
1820 2285
1821 2286
1822 2287
1823 2287
1824 2288
1825 2289
1826 2290
1827 2291
1828 2292
1829 2293
1830 2293
1831 2294
1832 2294
1833 2295
1834 2295
1835 2296
1836 2297
1837 2298
1838 2299
1839 2300
1840 2300
1841 2301
1842 2301
1843 2302
1844 2302
1845 2303
1846 2304
1847 2304
1848 2305
1849 2306
1850 2307
1851 2307
1852 2308
1853 2308
1854 2309
1855 2309
1856 2310
1857 2310
1858 2311
1859 2312
1860 2312
1861 2313
1862 2313
1863 2314
1864 2315
1865 2315
1866 2316
1867 2316
1868 2317
1869 2318
1870 2318
1871 2319
1872 2319
1873 2320
1874 2321
1875 2321
1876 2322
1877 2322
1878 2323
1879 2323
1880 2324
1881 2324
1882 2325
1883 2326
1884 2326
1885 2327
1886 2327
1887 2328
1888 2328
1889 2329
1890 2330
1891 2330
1892 2331
1893 2331
1894 2332
1895 2333
1896 2333
1897 2334
1898 2334
1899 2335
1900 2335
1901 2336
1902 2336
1903 2336
1904 2337
1905 2337
1906 2337
1907 2338
1908 2338
1909 2339
1910 2339
1911 2340
1912 2341
1913 2342
1914 2342
1915 2343
1916 2343
1917 2344
1918 2344
1919 2344
1920 2345
1921 2346
1922 2346
1923 2346
1924 2347
1925 2347
1926 2347
1927 2348
1927 2349
1928 2349
1929 2350
1930 2351
1931 2351
1932 2351
1933 2351
1934 2352
1935 2352
1936 2352
1937 2352
1938 2353
1939 2353
1940 2353
1941 2354
1942 2354
1943 2354
1944 2355
1945 2355
1946 2356
1947 2355
1948 2356
1949 2356
1950 2356
1951 2356
1952 2356
1953 2357
1954 2357
1955 2357
1956 2357
1957 2357
1958 2358
1959 2358
1960 2358
1961 2358
1962 2358
1963 2359
1964 2359
1965 2359
1966 2359
1967 2360
1968 2360
1969 2361
1970 2361
1971 2362
1972 2363
1973 2363
1974 2364
1975 2364
1976 2365
1977 2365
1978 2366
1979 2366
1980 2367
1981 2367
1982 2367
1983 2367
1984 2368
1985 2368
1986 2369
1987 2369
1988 2369
1989 2369
1990 2370
1991 2370
1992 2371
1993 2371
1994 2371
1995 2372
1996 2372
1997 2372
1998 2373
1999 2373
2000 2374
2001 2375
2002 2375
2003 2376
2004 2376
2005 2377
2006 2377
2007 2377
2008 2378
2009 2379
2010 2380
2011 2380
2012 2381
2013 2382
2014 2383
2015 2384
2016 2384
2017 2384
2018 2385
2019 2386
2019 2387
2020 2387
2021 2388
2022 2388
2023 2389
2024 2389
2025 2390
2026 2391
2027 2391
2028 2392
2029 2392
2030 2393
2031 2394
2032 2395
2033 2396
2034 2396
2035 2397
2036 2397
2037 2398
2037 2399
2038 2400
2039 2400
2040 2400
2041 2401
2042 2402
2043 2402
2044 2403
2045 2404
2046 2404
2047 2404
2048 2405
2049 2406
2050 2407
2051 2406
2052 2407
2053 2408
2053 2409
2054 2409
2055 2410
2056 2410
2057 2411
2058 2411
2059 2412
2060 2412
2061 2413
2062 2414
2063 2414
2064 2414
2065 2415
2066 2415
2067 2416
2068 2416
2069 2417
2070 2417
2071 2417
2072 2418
2073 2419
2073 2420
2074 2420
2075 2420
2076 2421
2076 2422
2077 2422
2078 2422
2079 2423
2080 2423
2081 2424
2082 2424
2083 2424
2084 2425
2085 2425
2086 2426
2087 2426
2088 2427
2089 2428
2090 2428
2091 2429
2092 2430
2093 2431
2094 2432
2095 2432
2096 2432
2097 2433
2098 2433
2099 2434
2100 2434
2101 2435
2102 2435
2103 2436
2104 2437
2105 2437
2106 2437
2107 2437
2108 2438
2109 2438
2110 2439
2111 2439
2112 2439
2113 2440
2113 2441
2114 2441
2115 2441
2116 2442
2117 2442
2118 2443
2119 2443
2120 2444
2121 2444
2122 2445
2123 2445
2124 2446
2125 2446
2126 2447
2127 2447
2128 2448
2129 2447
2130 2447
2131 2447
2132 2448
2132 2449
2132 2450
2133 2450
2134 2450
2135 2451
2136 2452
2137 2452
2138 2452
2139 2452
2140 2453
2141 2453
2142 2453
2143 2454
2144 2455
2145 2455
2146 2455
2147 2456
2148 2457
2149 2458
2150 2458
2151 2458
2152 2458
2153 2458
2154 2459
2155 2460
2155 2461
2156 2461
2157 2461
2158 2462
2159 2462
2160 2463
2161 2464
2162 2464
2163 2465
2164 2465
2165 2465
2166 2465
2167 2465
2168 2466
2169 2466
2170 2467
2171 2466
2172 2466
2173 2466
2174 2467
2175 2468
2176 2468
2177 2468
2178 2468
2179 2469
2180 2470
2181 2470
2182 2470
2183 2471
2184 2471
2185 2471
2186 2472
2187 2472
2188 2472
2189 2472
2190 2473
2191 2473
2192 2474
2193 2474
2194 2475
2195 2476
2196 2476
2197 2476
2198 2477
2199 2477
2200 2478
2200 2479
2201 2478
2202 2479
2203 2479
2204 2480
2205 2481
2206 2481
2207 2481
2208 2481
2209 2482
2210 2483
2211 2483
2212 2483
2213 2484
2214 2485
2215 2485
2216 2485
2217 2485
2218 2485
2219 2485
2220 2485
2221 2485
2222 2486
2223 2487
2224 2487
2225 2487
2226 2488
2227 2488
2228 2488
2229 2489
2230 2489
2231 2490
2232 2490
2233 2491
2234 2492
2235 2492
2236 2492
2237 2492
2238 2493
2239 2494
2240 2494
2241 2494
2242 2495
2243 2495
2244 2495
2245 2496
2246 2496
2247 2496
2248 2496
2249 2497
2250 2497
2251 2497
2252 2498
2253 2498
2254 2498
2255 2499
2256 2499
2257 2499
2258 2500
2259 2500
2260 2500
2261 2500
2262 2500
2263 2501
2264 2501
2265 2501
2266 2501
2267 2502
2268 2502
2269 2502
2270 2502
2271 2502
2272 2503
2273 2503
2274 2503
2275 2504
2276 2504
2277 2504
2278 2504
2279 2505
2280 2506
2281 2506
2282 2506
2283 2506
2284 2507
2285 2507
2286 2507
2287 2507
2288 2507
2289 2507
2290 2507
2291 2508
2292 2508
2293 2508
2294 2509
2295 2509
2296 2509
2297 2509
2298 2510
2299 2510
2300 2510
2301 2510
2302 2510
2303 2510
2304 2510
2305 2511
2306 2511
2307 2511
2308 2512
2309 2512
2310 2512
2311 2513
2312 2513
2313 2513
2314 2513
2315 2514
2316 2514
2317 2514
2318 2515
2319 2515
2320 2515
2321 2516
2322 2516
2323 2515
2324 2516
2325 2516
2326 2517
2327 2517
2328 2517
2329 2518
2330 2518
2331 2518
2332 2518
2333 2518
2334 2519
2335 2519
2336 2519
2337 2519
2338 2519
2339 2520
2340 2519
2341 2520
2342 2520
2343 2520
2344 2520
2345 2520
2346 2521
2347 2521
2348 2522
2349 2522
2350 2522
2351 2522
2352 2522
2353 2523
2354 2523
2355 2523
2356 2523
2357 2523
2358 2523
2359 2523
2360 2523
2361 2523
2362 2523
2363 2523
2364 2523
2365 2523
2366 2523
2367 2523
2368 2523
2369 2523
2370 2524
2371 2524
2372 2524
2373 2524
2374 2525
2375 2525
2376 2525
2377 2525
2378 2525
2379 2525
2380 2526
2381 2526
2382 2526
2383 2526
2384 2527
2385 2527
2386 2528
2387 2528
2388 2528
2389 2528
2390 2529
2391 2530
2392 2530
2393 2531
2394 2531
2395 2531
2396 2532
2397 2532
2398 2532
2399 2532
2400 2532
2401 2532
2402 2532
2403 2532
2404 2532
2405 2533
2406 2533
2407 2533
2408 2534
2409 2534
2410 2534
2411 2534
2412 2534
2413 2535
2414 2535
2415 2535
2416 2535
2417 2535
2418 2535
2419 2535
2420 2536
2421 2536
2422 2536
2423 2537
2424 2537
2425 2537
2426 2537
2427 2538
2428 2538
2429 2538
2430 2538
2431 2538
2432 2538
2433 2538
2434 2538
2435 2539
2436 2539
2437 2539
2438 2539
2439 2540
2440 2540
2441 2540
2442 2541
2443 2541
2444 2542
2445 2542
2446 2542
2447 2543
2448 2543
2449 2543
2450 2543
2451 2543
2452 2544
2453 2544
2454 2544
2455 2544
2456 2545
2457 2545
2458 2545
2459 2545
2460 2546
2461 2546
2462 2546
2463 2546
2464 2546
2465 2546
2466 2547
2467 2547
2468 2547
2469 2547
2470 2548
2471 2548
2472 2548
2473 2549
2474 2549
2475 2549
2476 2550
2477 2550
2478 2550
2479 2551
2480 2551
2481 2552
2482 2552
2483 2553
2484 2554
2485 2554
2486 2555
2487 2555
2488 2556
2489 2557
2490 2557
2491 2558
2492 2558
2493 2558
2494 2559
2495 2559
2496 2559
2497 2560
2498 2560
2499 2560
2500 2560
2501 2561
2502 2561
2503 2561
2504 2561
2505 2561
2506 2562
2507 2562
2508 2562
2509 2562
2510 2562
2511 2562
2512 2562
2513 2562
2514 2562
2515 2562
2516 2562
2517 2562
2518 2563
2519 2563
2520 2563
2521 2563
2522 2563
2523 2564
2524 2564
2525 2564
2526 2565
2527 2565
2528 2566
2529 2566
2530 2566
2531 2567
2532 2567
2533 2567
2534 2567
2535 2567
2536 2568
2537 2568
2538 2568
2539 2568
2540 2568
2541 2568
2542 2568
2543 2568
2544 2568
2545 2568
2546 2568
2547 2568
2548 2568
2549 2568
2550 2568
2551 2569
2552 2569
2553 2569
2554 2569
2555 2569
2556 2570
2557 2570
2558 2570
2559 2570
2560 2571
2561 2571
2562 2571
2563 2571
2564 2572
2565 2572
2566 2572
2567 2572
2568 2572
2569 2573
2570 2573
2571 2573
2572 2573
2573 2574
2574 2574
2575 2574
2576 2575
2577 2575
2578 2575
2579 2576
2580 2576
2581 2576
2582 2576
2583 2576
2584 2577
2585 2577
2586 2577
2587 2577
2588 2577
2589 2577
2590 2577
2591 2577
2592 2577
2593 2577
2594 2577
2595 2578
2596 2578
2597 2578
2598 2578
2599 2579
2600 2579
2601 2579
2602 2579
2603 2579
2604 2579
2605 2579
2606 2579
2607 2579
2608 2580
2609 2580
2610 2580
2611 2580
2612 2580
2613 2580
2614 2581
2615 2581
2616 2581
2617 2581
2618 2582
2619 2582
2620 2582
2621 2582
2622 2583
2623 2583
2624 2583
2625 2583
2626 2584
2627 2584
2628 2584
2629 2584
2630 2584
2631 2584
2632 2585
2633 2585
2634 2585
2635 2585
2636 2585
2637 2585
2638 2585
2639 2585
2640 2585
2641 2585
2642 2585
2643 2585
2644 2585
2645 2585
2646 2585
2647 2585
2648 2585
2649 2585
2650 2585
2651 2585
2652 2585
2653 2585
2654 2585
2655 2585
2656 2585
2657 2585
2658 2585
2659 2585
2660 2585
2661 2585
2662 2585
2663 2585
2664 2585
2665 2585
2666 2585
2667 2585
2668 2585
2669 2585
2670 2585
2671 2585
2672 2585
2673 2585
2674 2585
2675 2585
2676 2585
2677 2585
2678 2585
2679 2585
2680 2585
2681 2584
2682 2584
2683 2584
2684 2584
2685 2584
2686 2584
2687 2584
2688 2584
2689 2584
2690 2584
2691 2584
2692 2584
2693 2584
2694 2584
2695 2584
2696 2584
2697 2584
2698 2584
2699 2584
2700 2584
2701 2584
2702 2584
2703 2584
2704 2584
2705 2584
2706 2584
2707 2584
2708 2584
2709 2584
2710 2584
2711 2583
2712 2583
2713 2583
2714 2583
2715 2583
2716 2583
2717 2583
2718 2583
2719 2583
2720 2583
2721 2583
2722 2583
2723 2582
2724 2582
2725 2582
2726 2581
2727 2581
2728 2581
2729 2580
2730 2580
2731 2579
2732 2579
2733 2578
2734 2578
2735 2577
2736 2577
2737 2576
2738 2576
2739 2575
2740 2574
2741 2574
2742 2573
2743 2573
2744 2572
2745 2571
2746 2570
2747 2569
2748 2569
2749 2568
2750 2567
2751 2567
2752 2566
2753 2565
2754 2564
2755 2564
2756 2563
2756 2562
2757 2561
2758 2561
2759 2561
2760 2560
2761 2560
2762 2559
2763 2558
2764 2557
2765 2557
2766 2556
2767 2556
2768 2555
2769 2554
2770 2553
2771 2552
2771 2551
2772 2550
2773 2549
2774 2549
2775 2548
2776 2547
2777 2547
2778 2546
2779 2545
2780 2545
2781 2544
2782 2543
2783 2542
2784 2542
2785 2541
2786 2540
2787 2539
2788 2538
2789 2537
2790 2536
2791 2536
2792 2535
2793 2534
2793 2533
2794 2532
2795 2531
2796 2530
2796 2529
2797 2528
2798 2527
2798 2526
2799 2525
2800 2524
2800 2523
2801 2522
2801 2521
2802 2520
2803 2519
2804 2518
2805 2518
2806 2517
2807 2516
2807 2515
2808 2514
2808 2513
2809 2512
2809 2511
2809 2510
2810 2509
2810 2508
2811 2507
2811 2506
2812 2505
2812 2504
2812 2503
2813 2502
2813 2501
2813 2500
2813 2499
2813 2498
2814 2497
2814 2496
2814 2495
2814 2494
2814 2493
2814 2492
2814 2491
2814 2490
2814 2489
2814 2488
2814 2487
2815 2486
2815 2485
2815 2484
2815 2483
2816 2482
2816 2481
2816 2480
2817 2479
2817 2478
2818 2477
2818 2476
2819 2475
2819 2474
2819 2473
2819 2472
2819 2471
2820 2470
2820 2469
2820 2468
2820 2467
2820 2466
2820 2465
2820 2464
2820 2463
2820 2462
2820 2461
2821 2460
2821 2459
2821 2458
2822 2457
2822 2456
2822 2455
2822 2454
2822 2453
2822 2452
2822 2451
2823 2450
2823 2449
2823 2448
2823 2447
2823 2446
2824 2445
2824 2444
2824 2443
2824 2442
2825 2441
2825 2440
2825 2439
2825 2438
2825 2437
2825 2436
2825 2435
2825 2434
2825 2433
2826 2432
2826 2431
2826 2430
2826 2429
2826 2428
2826 2427
2827 2426
2827 2425
2827 2424
2828 2423
2828 2422
2828 2421
2828 2420
2828 2419
2828 2418
2829 2417
2829 2416
2830 2415
2830 2414
2830 2413
2831 2412
2831 2411
2831 2410
2831 2409
2831 2408
2831 2407
2831 2406
2832 2405
2832 2404
2832 2403
2832 2402
2833 2401
2833 2400
2834 2399
2834 2398
2834 2397
2834 2396
2834 2395
2834 2394
2834 2393
2834 2392
2834 2391
2834 2390
2834 2389
2834 2388
2834 2387
2834 2386
2834 2385
2834 2384
2834 2383
2834 2382
2834 2381
2834 2380
2834 2379
2834 2378
2834 2377
2834 2376
2834 2375
2834 2374
2834 2373
2834 2372
2834 2371
2834 2370
2834 2369
2834 2368
2834 2367
2834 2366
2834 2365
2834 2364
2834 2363
2834 2362
2834 2361
2833 2360
2833 2359
2833 2358
2832 2357
2832 2356
2831 2355
2831 2354
2831 2353
2831 2352
2830 2351
2830 2350
2830 2349
2829 2348
2828 2347
2828 2346
2828 2345
2827 2344
2827 2343
2827 2342
2827 2341
2827 2340
2827 2339
2827 2338
2827 2337
2826 2336
2826 2335
2826 2334
2826 2333
2826 2332
2826 2331
2826 2330
2826 2329
2826 2328
2826 2327
2826 2326
2826 2325
2826 2324
2826 2323
2826 2322
2826 2321
2826 2320
2826 2319
2826 2318
2826 2317
2825 2316
2825 2315
2825 2314
2825 2313
2825 2312
2825 2311
2825 2310
2825 2309
2825 2308
2825 2307
2825 2306
2825 2305
2825 2304
2825 2303
2825 2302
2825 2301
2825 2300
2825 2299
2824 2298
2824 2297
2824 2296
2824 2295
2824 2294
2824 2293
2824 2292
2824 2291
2824 2290
2824 2289
2824 2288
2824 2287
2824 2286
2824 2285
2823 2284
2823 2283
2823 2282
2823 2281
2823 2280
2823 2279
2823 2278
2823 2277
2823 2276
2823 2275
2822 2274
2821 2273
2821 2272
2821 2271
2820 2270
2820 2269
2820 2268
2819 2268
2818 2267
2818 2266
2817 2265
2816 2264
2816 2263
2815 2262
2814 2261
2813 2260
2812 2259
2811 2258
2811 2257
2810 2256
2809 2255
2808 2254
2808 2253
2807 2252
2806 2251
2805 2250
2804 2249
2803 2249
2802 2248
2801 2247
2800 2246
2799 2246
2798 2245
2798 2244
2798 2243
2797 2242
2796 2241
2795 2240
2794 2239
2794 2238
2793 2237
2792 2236
2791 2235
2790 2234
2789 2233
2788 2232
2787 2231
2786 2230
2786 2229
2785 2228
2784 2227
2783 2226
2783 2225
2782 2224
2781 2223
2781 2222
2780 2221
2780 2220
2780 2219
2779 2218
2778 2217
2777 2216
2777 2215
2776 2214
2776 2213
2776 2212
2776 2211
2775 2210
2775 2209
2775 2208
2775 2207
2774 2206
2774 2205
2773 2204
2773 2203
2773 2202
2772 2201
2771 2200
2771 2199
2771 2198
2771 2197
2770 2196
2770 2195
2770 2194
2769 2193
2769 2192
2768 2191
2768 2190
2768 2189
2768 2188
2768 2187
2767 2186
2767 2185
2766 2184
2765 2183
2764 2182
2764 2181
2764 2180
2763 2179
2763 2178
2762 2177
2762 2176
2761 2175
2760 2174
2760 2173
2759 2173
2758 2172
2757 2171
2756 2170
2756 2169
2755 2168
2755 2167
2754 2166
2754 2165
2754 2164
2753 2163
2753 2162
2752 2162
2751 2161
2750 2160
2749 2159
2748 2159
2747 2158
2746 2157
2745 2156
2745 2155
2744 2154
2744 2153
2743 2152
2743 2151
2743 2150
2743 2149
2743 2148
2742 2147
2742 2146
2742 2145
2741 2144
2741 2143
2741 2142
2740 2141
2740 2140
2740 2139
2739 2138
2739 2137
2739 2136
2738 2135
2738 2134
2738 2133
2737 2132
2737 2131
2736 2130
2736 2129
2736 2128
2736 2127
2736 2126
2735 2125
2735 2124
2735 2123
2734 2122
2733 2121
2732 2121
2731 2120
2730 2119
2729 2118
2728 2117
2727 2116
2727 2115
2726 2114
2726 2113
2725 2112
2724 2111
2723 2110
2722 2109
2721 2109
2720 2108
2719 2107
2718 2107
2717 2106
2717 2105
2717 2104
2717 2103
2716 2102
2715 2101
2714 2100
2714 2099
2713 2098
2712 2099
2711 2099
2710 2099
2709 2098
2708 2098
2708 2099
2708 2100
2707 2101
2706 2101
2705 2101
2704 2100
2704 2099
2704 2098
2704 2097
2704 2096
2703 2096
2702 2096
2701 2095
2701 2094
2701 2093
2700 2093
2699 2092
2698 2093
2697 2093
2696 2093
2695 2093
2694 2092
2694 2091
2693 2090
2693 2089
2693 2088
2692 2088
2691 2088
2690 2088
2689 2088
2689 2089
2689 2090
2688 2091
2687 2092
2686 2093
2685 2093
2684 2093
2683 2093
2682 2093
2681 2092
2681 2091
2681 2090
2680 2090
2680 2091
2679 2092
2678 2093
2677 2093
2676 2092
2676 2091
2676 2090
2675 2090
2674 2090
2673 2090
2672 2089
2672 2088
2672 2087
2672 2086
2672 2085
2672 2086
2672 2087
2671 2088
2670 2088
2669 2088
2668 2087
2667 2088
2666 2089
2665 2089
2664 2089
2663 2088
2662 2088
2661 2088
2660 2088
2659 2087
2659 2086
2658 2085
2657 2085
2656 2085
2655 2086
2654 2086
2653 2086
2652 2085
2651 2085
2651 2086
2651 2087
2650 2088
2649 2088
2648 2088
2647 2087
2646 2086
2646 2085
2646 2084
2646 2083
2646 2082
2646 2083
2645 2084
2644 2084
2643 2084
2642 2084
2642 2085
2642 2086
2641 2087
2641 2088
2640 2089
2639 2089
2638 2089
2637 2088
2637 2087
2637 2086
2637 2085
2637 2084
2637 2083
2636 2083
2635 2082
2635 2081
2635 2080
2634 2080
