3057 1617
3057 1618
3056 1619
3056 1620
3056 1621
3055 1622
3055 1623
3055 1624
3055 1625
3055 1626
3055 1627
3055 1628
3055 1629
3055 1630
3054 1631
3054 1632
3053 1633
3053 1634
3052 1635
3052 1636
3051 1637
3051 1638
3051 1639
3051 1640
3050 1641
3050 1642
3050 1643
3050 1644
3050 1645
3050 1646
3050 1647
3049 1648
3049 1649
3048 1650
3047 1651
3046 1652
3045 1652
3044 1653
3043 1654
3042 1655
3042 1656
3042 1657
3041 1658
3041 1659
3040 1660
3039 1661
3038 1662
3037 1663
3037 1664
3036 1665
3036 1666
3036 1667
3035 1668
3035 1669
3034 1670
3033 1671
3032 1672
3031 1673
3030 1674
3029 1674
3028 1674
3027 1674
3026 1674
3025 1674
3024 1675
3023 1675
3022 1675
3021 1675
3020 1675
3019 1675
3018 1675
3017 1675
3016 1674
3016 1673
3015 1672
3015 1671
3014 1670
3013 1669
3013 1668
3012 1667
3012 1666
3011 1665
3011 1664
3011 1663
3010 1662
3010 1661
3010 1660
3010 1659
3009 1658
3009 1657
3008 1656
3007 1655
3006 1654
3005 1653
3004 1652
3004 1651
3003 1650
3002 1649
3001 1648
3001 1649
3000 1650
3000 1651
3000 1652
3000 1653
3000 1654
3000 1655
3000 1656
2999 1657
2998 1658
2998 1659
2997 1660
2997 1661
2996 1662
2996 1663
2996 1664
2995 1665
2994 1666
2993 1667
2992 1668
2992 1669
2992 1670
2991 1671
2991 1672
2991 1673
2990 1674
2990 1675
2990 1676
2990 1677
2990 1678
2989 1679
2988 1680
2987 1680
2987 1681
2986 1682
2985 1683
2984 1683
2983 1684
2982 1684
2981 1685
2980 1686
2979 1687
2978 1688
2977 1689
2977 1690
2977 1691
2976 1692
2975 1693
2974 1693
2973 1693
2972 1693
2971 1694
2970 1694
2969 1694
2968 1694
2967 1694
2966 1695
2965 1695
2964 1696
2963 1697
2962 1697
2961 1697
2960 1698
2959 1698
2958 1699
2957 1699
2956 1699
2955 1699
2954 1699
2953 1700
2952 1700
2951 1699
2950 1698
2949 1698
2948 1697
2948 1696
2947 1695
2946 1694
2946 1693
2945 1694
2945 1695
2945 1696
2945 1697
2945 1698
2945 1699
2945 1700
2945 1701
2945 1702
2945 1703
2945 1704
2945 1705
2945 1706
2945 1707
2945 1708
2945 1709
2945 1710
2945 1711
2945 1712
2945 1713
2945 1714
2945 1715
2945 1716
2945 1717
2944 1718
2944 1719
2943 1720
2942 1721
2941 1722
2940 1722
2939 1723
2938 1723
2937 1724
2936 1724
2935 1725
2934 1725
2933 1726
2932 1727
2931 1728
2930 1729
2929 1730
2928 1731
2927 1732
2926 1732
2925 1733
2924 1733
2923 1734
2922 1734
2922 1735
2921 1736
2920 1736
2919 1737
2918 1738
2917 1738
2916 1739
2915 1739
2914 1740
2913 1740
2912 1741
2911 1741
2910 1742
2909 1742
2908 1743
2907 1743
2906 1743
2905 1743
2904 1744
2903 1744
2902 1744
2901 1744
2900 1744
2899 1745
2898 1745
2897 1745
2896 1745
2895 1745
2894 1746
2893 1746
2892 1747
2891 1747
2890 1748
2889 1748
2888 1748
2887 1748
2886 1749
2885 1749
2884 1749
2883 1749
2882 1749
2881 1749
2880 1749
2879 1750
2878 1750
2877 1750
2876 1750
2875 1749
2874 1748
2873 1747
2872 1746
2872 1745
2871 1744
2870 1743
2869 1742
2868 1741
2867 1740
2867 1739
2867 1738
2866 1737
2866 1736
2866 1735
2865 1734
2864 1733
2863 1732
2862 1731
2861 1732
2860 1733
2859 1734
2859 1735
2858 1736
2857 1737
2857 1738
2857 1739
2857 1740
2857 1741
2856 1742
2856 1743
2855 1744
2855 1745
2854 1746
2854 1747
2853 1748
2852 1749
2851 1750
2850 1750
2850 1751
2849 1752
2849 1753
2848 1754
2847 1755
2846 1756
2845 1757
2844 1758
2843 1758
2842 1758
2841 1758
2840 1759
2839 1759
2838 1760
2837 1761
2836 1761
2835 1762
2834 1763
2833 1763
2832 1764
2831 1764
2830 1764
2829 1764
2828 1764
2827 1764
2826 1763
2825 1763
2824 1762
2823 1761
2823 1760
2822 1759
2822 1758
2822 1757
2822 1756
2821 1755
2821 1754
2821 1753
2821 1752
2821 1751
2821 1750
2821 1749
2821 1748
2820 1747
2820 1746
2820 1745
2820 1744
2820 1743
2819 1743
2818 1742
2817 1741
2816 1742
2816 1743
2815 1744
2814 1745
2814 1746
2814 1747
2813 1748
2813 1749
2813 1750
2812 1751
2812 1752
2812 1753
2812 1754
2812 1755
2812 1756
2812 1757
2811 1758
2811 1759
2810 1760
2809 1761
2809 1762
2808 1763
2807 1764
2806 1765
2805 1766
2804 1767
2804 1768
2803 1769
2803 1770
2802 1771
2801 1772
2800 1773
2799 1773
2798 1774
2798 1775
2797 1776
2797 1777
2797 1778
2796 1779
2795 1779
2794 1779
2793 1778
2792 1778
2791 1777
2790 1777
2789 1776
2788 1776
2787 1776
2786 1776
2785 1775
2784 1775
2783 1775
2782 1775
2781 1775
2780 1775
2779 1775
2778 1775
2777 1775
2776 1775
2775 1775
2774 1775
2773 1775
2772 1775
2771 1775
2770 1775
2769 1775
2768 1775
2767 1775
2766 1775
2765 1775
2764 1775
2763 1775
2762 1775
2761 1775
2760 1775
2759 1775
2758 1775
2757 1775
2756 1775
2755 1775
2754 1775
2753 1775
2752 1775
2751 1775
2750 1775
2749 1775
2748 1775
2747 1775
2746 1775
2745 1775
2744 1776
2743 1777
2742 1778
2741 1778
2740 1779
2739 1779
2738 1779
2737 1779
2736 1778
2735 1777
2734 1777
2733 1776
2732 1775
2731 1774
2730 1773
2729 1772
2728 1772
2727 1771
2726 1770
2725 1770
2724 1769
2723 1768
2722 1768
2721 1767
2720 1767
2719 1766
2718 1766
2717 1765
2716 1766
2715 1766
2715 1767
2714 1768
2713 1769
2712 1770
2712 1771
2711 1772
2710 1773
2710 1774
2709 1775
2708 1775
2707 1776
2707 1777
2706 1778
2705 1779
2705 1780
2704 1781
2704 1782
2704 1783
2703 1784
2703 1785
2703 1786
2703 1787
2703 1788
2702 1789
2702 1790
2701 1791
2701 1792
2700 1793
2700 1794
2699 1795
2699 1796
2699 1797
2698 1798
2698 1799
2698 1800
2698 1801
2698 1802
2698 1803
2697 1804
2697 1805
2696 1806
2696 1807
2695 1808
2695 1809
2694 1810
2694 1811
2693 1812
2692 1813
2691 1813
2690 1813
2689 1814
2688 1814
2687 1814
2686 1815
2685 1816
2684 1816
2683 1817
2682 1817
2681 1817
2680 1818
2679 1818
2678 1819
2677 1819
2676 1819
2675 1819
2674 1819
2673 1819
2672 1819
2671 1819
2670 1819
2669 1819
2668 1820
2667 1820
2666 1821
2665 1822
2664 1822
2663 1822
2662 1823
2661 1823
2660 1823
2659 1823
2658 1824
2657 1824
2656 1824
2655 1824
2654 1824
2653 1824
2652 1824
2651 1824
2650 1824
2649 1824
2648 1824
2647 1824
2646 1824
2645 1824
2644 1824
2643 1824
2642 1824
2641 1824
2640 1824
2639 1823
2638 1822
2637 1822
2636 1821
2635 1820
2634 1819
2634 1818
2633 1817
2633 1816
2633 1815
2633 1814
2632 1813
2632 1812
2632 1811
2631 1810
2631 1809
2630 1808
2629 1807
2628 1806
2628 1807
2628 1808
2627 1809
2626 1810
2626 1811
2625 1812
2625 1813
2624 1814
2623 1815
2622 1816
2621 1817
2621 1818
2620 1819
2620 1820
2619 1821
2618 1822
2617 1823
2616 1823
2615 1823
2614 1822
2613 1822
2612 1821
2611 1821
2610 1820
2609 1820
2608 1820
2608 1821
2608 1822
2608 1823
2608 1824
2608 1825
2608 1826
2608 1827
2608 1828
2608 1829
2608 1830
2608 1831
2608 1832
2608 1833
2608 1834
2608 1835
2607 1836
2607 1837
2607 1838
2607 1839
2607 1840
2607 1841
2607 1842
2607 1843
2606 1844
2606 1845
2606 1846
2605 1847
2605 1848
2604 1849
2604 1850
2604 1851
2604 1852
2603 1853
2603 1854
2602 1855
2602 1856
2601 1857
2601 1858
2600 1859
2600 1860
2599 1861
2599 1862
2599 1863
2599 1864
2598 1865
2598 1866
2598 1867
2597 1868
2596 1869
2595 1869
2594 1869
2593 1869
2592 1869
2591 1870
2590 1871
2589 1871
2588 1872
2587 1873
2586 1873
2585 1874
2584 1875
2583 1876
2582 1877
2582 1878
2581 1879
2580 1879
2579 1880
2578 1881
2577 1881
2576 1882
2575 1883
2574 1884
2573 1884
2572 1885
2571 1886
2570 1887
2569 1888
2569 1889
2569 1890
2568 1891
2567 1892
2566 1893
2565 1893
2564 1894
2563 1895
2562 1896
2561 1896
2560 1897
2559 1897
2558 1897
2557 1898
2556 1898
2555 1898
2554 1898
2553 1898
2552 1898
2551 1897
2550 1896
2549 1895
2549 1894
2548 1893
2548 1892
2548 1891
2547 1890
2546 1889
2546 1888
2545 1887
2544 1887
2543 1886
2542 1886
2541 1885
2540 1885
2539 1885
2538 1886
2537 1887
2537 1888
2536 1889
2536 1890
2536 1891
2535 1892
2535 1893
2534 1894
2534 1895
2534 1896
2534 1897
2534 1898
2534 1899
2533 1900
2533 1901
2532 1902
2531 1902
2530 1903
2529 1903
2528 1903
2527 1903
2526 1903
2525 1903
2524 1903
2523 1902
2522 1901
2521 1900
2521 1899
2520 1898
2519 1898
2518 1897
2517 1896
2516 1895
2515 1894
2514 1893
2514 1892
2513 1892
2512 1891
2511 1890
2510 1889
2510 1888
2509 1887
2508 1886
2508 1885
2507 1884
2506 1883
2505 1882
2504 1881
2504 1880
2504 1881
2504 1882
2503 1883
2503 1884
2503 1885
2503 1886
2503 1887
2503 1888
2503 1889
2503 1890
2503 1891
2503 1892
2503 1893
2503 1894
2503 1895
2503 1896
2503 1897
2503 1898
2503 1899
2503 1900
2503 1901
2503 1902
2503 1903
2503 1904
2502 1905
2501 1906
2500 1907
2499 1908
2498 1909
2497 1910
2496 1911
2496 1912
2496 1913
2495 1914
2495 1915
2494 1916
2494 1917
2494 1918
2494 1919
2493 1920
2493 1921
2492 1922
2491 1923
2491 1924
2490 1925
2490 1926
2490 1927
2489 1928
2489 1929
2489 1930
2489 1931
2489 1932
2488 1933
2487 1934
2486 1935
2486 1936
2485 1937
2485 1938
2485 1939
2484 1940
2484 1941
2484 1942
2483 1943
2482 1944
2481 1945
2480 1946
2479 1946
2478 1947
2477 1947
2476 1947
2475 1948
2475 1949
2474 1950
2473 1951
2472 1951
2471 1951
2470 1951
2469 1950
2468 1950
2467 1949
2466 1948
2466 1947
2465 1946
2464 1945
2463 1944
2462 1943
2461 1942
2460 1941
2459 1940
2458 1939
2457 1938
2456 1937
2455 1936
2454 1935
2453 1934
2452 1933
2452 1932
2451 1931
2450 1930
2449 1930
2449 1931
2449 1932
2449 1933
2449 1934
2449 1935
2449 1936
2449 1937
2449 1938
2449 1939
2449 1940
2449 1941
2449 1942
2449 1943
2449 1944
2449 1945
2449 1946
2449 1947
2449 1948
2449 1949
2449 1950
2449 1951
2449 1952
2449 1953
2449 1954
2449 1955
2448 1956
2448 1957
2448 1958
2448 1959
2448 1960
2448 1961
2448 1962
2448 1963
2448 1964
2448 1965
2448 1966
2448 1967
2448 1968
2448 1969
2448 1970
2448 1971
2448 1972
2448 1973
2447 1974
2447 1975
2446 1976
2446 1977
2446 1978
2445 1979
2445 1980
2444 1981
2444 1982
2444 1983
2443 1984
2442 1984
2441 1985
2440 1985
2439 1986
2438 1986
2437 1986
2436 1987
2435 1988
2434 1988
2433 1989
2432 1990
2431 1990
2430 1991
2429 1992
2428 1993
2427 1994
2426 1995
2425 1996
2424 1996
2423 1997
2422 1997
2421 1997
2420 1997
2419 1998
2418 1998
2417 1998
2416 1997
2415 1997
2414 1997
2413 1996
2412 1995
2411 1995
2410 1994
2409 1993
2408 1992
2407 1991
2406 1990
2405 1989
2405 1988
2405 1987
2404 1986
2404 1985
2403 1984
2402 1983
2402 1982
2401 1981
2401 1980
2400 1979
2400 1978
2399 1977
2398 1977
2397 1976
2396 1975
2395 1974
2395 1975
2394 1976
2394 1977
2394 1978
2394 1979
2394 1980
2394 1981
2394 1982
2394 1983
2394 1984
2394 1985
2394 1986
2394 1987
2393 1988
2392 1988
2391 1988
2390 1988
2389 1988
2388 1988
2387 1988
2386 1988
2385 1988
2384 1987
2383 1986
2382 1986
2381 1985
2380 1985
2379 1985
2378 1984
2377 1983
2376 1982
2376 1981
2375 1980
2375 1979
2375 1978
2374 1977
2374 1976
2374 1975
2373 1974
2372 1974
2371 1975
2370 1975
2369 1976
2368 1977
2368 1978
2367 1979
2366 1980
2365 1981
2364 1982
2363 1983
2363 1984
2362 1985
2362 1986
2362 1987
2361 1988
2361 1989
2360 1990
2360 1991
2359 1992
2358 1993
2357 1994
2356 1995
2356 1996
2356 1997
2355 1998
2354 1999
2354 2000
2353 2001
2352 2002
2352 2003
2351 2004
2351 2005
2350 2006
2350 2007
2349 2008
2349 2009
2348 2010
2347 2011
2347 2012
2346 2013
2346 2014
2345 2015
2344 2016
2344 2017
2343 2018
2343 2019
2342 2020
2342 2021
2341 2022
2341 2023
2340 2024
2339 2025
2338 2025
2337 2026
2336 2027
2335 2027
2334 2027
2333 2027
2332 2027
2331 2027
2330 2027
2329 2027
2328 2028
2327 2028
2326 2028
2325 2028
2324 2028
2323 2028
2322 2028
2321 2028
2320 2028
2319 2027
2318 2026
2317 2025
2316 2024
2315 2023
2314 2022
2313 2021
2312 2020
2311 2019
2310 2018
2309 2018
2308 2017
2307 2016
2306 2015
2305 2014
2304 2013
2303 2012
2302 2011
2301 2010
2300 2009
2299 2008
2298 2007
2297 2006
2296 2005
2295 2004
2294 2003
2293 2002
2292 2001
2291 2000
2290 1999
2290 2000
2290 2001
2290 2002
2290 2003
2290 2004
2290 2005
2290 2006
2290 2007
2290 2008
2290 2009
2290 2010
2290 2011
2289 2012
2289 2013
2288 2014
2287 2015
2287 2016
2286 2017
2286 2018
2286 2019
2285 2020
2284 2021
2283 2022
2282 2023
2282 2024
2282 2025
2281 2026
2281 2027
2281 2028
2280 2029
2279 2030
2278 2031
2277 2031
2277 2032
2276 2033
2275 2034
2274 2034
2273 2035
2273 2036
2272 2037
2272 2038
2271 2039
2270 2040
2269 2040
2268 2041
2267 2041
2266 2041
2265 2042
2264 2042
2263 2042
2262 2042
2261 2043
2260 2044
2259 2045
2258 2045
2258 2046
2257 2047
2256 2048
2255 2049
2254 2050
2253 2050
2252 2051
2251 2052
2251 2053
2251 2054
2250 2055
2250 2056
2249 2057
2248 2057
2247 2057
2246 2057
2245 2057
2244 2057
2243 2057
2242 2057
2241 2057
2240 2057
2239 2057
2238 2057
2237 2057
2236 2057
2235 2058
2234 2058
2233 2058
2232 2058
2231 2059
2230 2059
2229 2059
2228 2060
2227 2060
2226 2060
2225 2061
2224 2061
2223 2061
2222 2061
2221 2061
2220 2062
2219 2062
2218 2062
2217 2062
2216 2062
2215 2062
2214 2062
2213 2062
2212 2063
2211 2063
2210 2064
2209 2064
2208 2064
2207 2065
2206 2065
2205 2065
2204 2066
2203 2066
2202 2066
2201 2066
2200 2066
2199 2067
2198 2067
2197 2067
2196 2067
2195 2067
2194 2067
2193 2067
2192 2068
2191 2068
2190 2068
2189 2069
2188 2069
2187 2069
2186 2070
2185 2070
2184 2071
2183 2071
2182 2071
2181 2071
2180 2072
2179 2073
2178 2074
2177 2074
2176 2075
2175 2075
2174 2076
2173 2076
2172 2076
2171 2076
2170 2076
2169 2077
2168 2077
2167 2077
2166 2078
2165 2079
2164 2079
2163 2080
2162 2080
2161 2080
2160 2081
2159 2081
2158 2081
2157 2081
2156 2081
2155 2082
2154 2082
2153 2082
2152 2082
2151 2082
2150 2082
2149 2082
2148 2082
2147 2082
2146 2082
2145 2082
2144 2082
2143 2082
2142 2082
2141 2082
2140 2082
2139 2082
2138 2082
2137 2082
2136 2082
2135 2082
2134 2082
2133 2082
2132 2082
2131 2082
2130 2082
2129 2082
2128 2082
2127 2082
2126 2082
2125 2082
2124 2082
2123 2082
2122 2082
2121 2082
2120 2082
2119 2082
2118 2082
2117 2082
2116 2082
2115 2082
2114 2082
2113 2082
2112 2082
2111 2082
2110 2082
2109 2082
2108 2082
2107 2082
2106 2082
2105 2082
2104 2082
2103 2082
2102 2082
2101 2082
2100 2082
2099 2082
2098 2082
2097 2082
2096 2082
2095 2082
2094 2082
2093 2082
2092 2082
2091 2082
2090 2082
2089 2082
2088 2082
2087 2082
2086 2082
2085 2082
2084 2082
2083 2082
2082 2082
2081 2082
2080 2082
2079 2082
2078 2082
2077 2082
2076 2082
2075 2082
2074 2082
2073 2082
2072 2082
2071 2082
2070 2082
2069 2082
2068 2082
2067 2082
2066 2082
2065 2082
2064 2082
2063 2082
2062 2082
2061 2082
2060 2082
2059 2082
2058 2082
2057 2082
2056 2082
2055 2082
2054 2082
2053 2082
2052 2082
2051 2082
2050 2082
2049 2082
2048 2082
2047 2082
2046 2082
2045 2082
2044 2082
2043 2082
2042 2082
2041 2082
2040 2082
2039 2082
2038 2082
2037 2082
2036 2082
2035 2082
2034 2082
2033 2082
2032 2082
2031 2082
2030 2082
2029 2083
2028 2084
2027 2084
2026 2085
2025 2085
2024 2086
2023 2086
2022 2086
2021 2086
2020 2086
2019 2087
2018 2087
2017 2088
2016 2089
2015 2089
2014 2090
2013 2090
2012 2091
2011 2091
2010 2091
2009 2091
2008 2091
2007 2092
2006 2092
2005 2092
2004 2092
2003 2092
2002 2092
2001 2092
2000 2092
1999 2092
1998 2092
1997 2092
1996 2092
1995 2092
1994 2092
1993 2092
1992 2092
1991 2093
1991 2094
1990 2095
1989 2096
1989 2097
1988 2098
1988 2099
1987 2100
1986 2101
1985 2101
1984 2102
1984 2103
1983 2104
1982 2105
1981 2105
1980 2106
1979 2106
1978 2106
1977 2106
1976 2106
1975 2106
1974 2106
1973 2107
1972 2106
1971 2106
1970 2106
1969 2106
1968 2106
1967 2105
1966 2105
1965 2105
1964 2105
1963 2104
1962 2104
1961 2104
1960 2104
1959 2104
1958 2103
1957 2103
1956 2103
1955 2102
1954 2102
1953 2101
1952 2101
1951 2101
1950 2100
1949 2100
1948 2100
1947 2100
1946 2099
1945 2099
1944 2099
1943 2099
1942 2098
1941 2098
1940 2098
1939 2098
1938 2098
1937 2098
1936 2098
1935 2098
1934 2098
1933 2098
1932 2098
1931 2098
1930 2098
1929 2098
1928 2097
1927 2097
1926 2097
1925 2097
1924 2097
1923 2097
1922 2097
1921 2097
1920 2098
1919 2099
1918 2099
1917 2100
1916 2100
1915 2101
1914 2101
1913 2101
1912 2102
1911 2103
1910 2103
1909 2104
1908 2104
1907 2105
1906 2105
1905 2105
1904 2106
1903 2106
1902 2106
1901 2107
1900 2108
1900 2109
1899 2110
1898 2110
1897 2110
1896 2111
1895 2111
1894 2111
1893 2111
1892 2111
1891 2111
1890 2111
1889 2111
1888 2112
1887 2112
1886 2112
1885 2112
1884 2112
1883 2112
1882 2112
1881 2112
1880 2112
1879 2112
1878 2112
1877 2112
1876 2112
1875 2112
1874 2112
1873 2112
1872 2112
1871 2112
1870 2112
1869 2112
1868 2112
1867 2111
1866 2111
1865 2110
1864 2110
1863 2109
1862 2109
1861 2109
1860 2108
1859 2108
1858 2108
1858 2109
1858 2110
1857 2111
1856 2112
1855 2113
1855 2114
1854 2115
1854 2116
1854 2117
1853 2118
1853 2119
1852 2120
1851 2121
1850 2121
1849 2121
1848 2121
1847 2121
1846 2121
1845 2121
1844 2121
1843 2121
1842 2121
1841 2122
1840 2122
1839 2122
1838 2122
1837 2122
1836 2122
1835 2122
1834 2122
1833 2122
1832 2122
1831 2122
1830 2122
1829 2122
1828 2122
1827 2122
1826 2122
1825 2122
1824 2122
1823 2122
1822 2121
1821 2120
1820 2120
1819 2119
1818 2118
1817 2118
1816 2117
1816 2116
1815 2115
1814 2114
1813 2115
1813 2116
1812 2117
1812 2118
1811 2119
1810 2120
1810 2121
1810 2122
1809 2123
1809 2124
1809 2125
1809 2126
1808 2127
1808 2128
1808 2129
1807 2130
1806 2130
1805 2130
1804 2131
1803 2131
1802 2131
1801 2131
1800 2131
1799 2131
1798 2131
1797 2131
1796 2131
1795 2131
1794 2131
1793 2131
1792 2132
1791 2132
1790 2132
1789 2132
1788 2132
1787 2132
1786 2132
1785 2132
1784 2132
1783 2132
1782 2132
1781 2132
1780 2132
1779 2131
1778 2131
1777 2130
1776 2129
1775 2129
1774 2129
1773 2128
1772 2128
1771 2128
1770 2128
1769 2128
1769 2129
1769 2130
1769 2131
1769 2132
1769 2133
1768 2134
1768 2135
1767 2136
1767 2137
1766 2138
1765 2139
1764 2140
1763 2140
1762 2140
1761 2141
1760 2141
1759 2142
1758 2142
1757 2143
1756 2144
1755 2144
1754 2145
1753 2145
1752 2145
1751 2146
1750 2147
1749 2148
1748 2149
1747 2149
1746 2150
1745 2150
1744 2150
1743 2151
1742 2152
1741 2152
1740 2153
1739 2154
1738 2154
1737 2155
1736 2155
1735 2155
1734 2155
1733 2156
1732 2156
1731 2156
1730 2156
1729 2157
1728 2157
1727 2158
1726 2158
1725 2159
1724 2159
1723 2159
1722 2160
1721 2160
1720 2160
1719 2160
1718 2160
1717 2161
1716 2161
1715 2161
1714 2161
1713 2161
1712 2161
1711 2161
1710 2161
1709 2161
1708 2161
1707 2161
1706 2161
1705 2161
1704 2161
1703 2161
1702 2161
1701 2161
1700 2161
1699 2162
1698 2162
1697 2162
1696 2162
1695 2162
1694 2162
1693 2162
1692 2162
1691 2162
1690 2162
1689 2162
1688 2162
1687 2162
1686 2162
1685 2162
1684 2162
1683 2162
1682 2162
1681 2162
1680 2162
1679 2162
1678 2162
1677 2162
1676 2162
1675 2162
1674 2162
1673 2162
1672 2162
1671 2162
1670 2162
1669 2162
1668 2162
1667 2162
1666 2162
1665 2162
1664 2162
1663 2162
1662 2162
1661 2162
1660 2162
1659 2162
1658 2162
1657 2162
1656 2162
1655 2162
1654 2162
1653 2162
1652 2162
1651 2162
1650 2162
1649 2162
1648 2162
1647 2162
1646 2162
1645 2162
1644 2162
1643 2162
1642 2162
1641 2162
1640 2162
1639 2162
1638 2162
1637 2162
1636 2162
1635 2162
1634 2162
1633 2162
1632 2162
1631 2162
1630 2162
1629 2162
1628 2162
1627 2162
1626 2162
1625 2162
1624 2162
1623 2162
1622 2162
1621 2162
1620 2162
1619 2162
1618 2162
1617 2162
1616 2162
1615 2162
1614 2162
1613 2162
1612 2162
1611 2162
1610 2162
1609 2162
1608 2162
1607 2162
1606 2162
1605 2162
1604 2162
1603 2162
1602 2162
1601 2162
1600 2162
1599 2162
1598 2162
1597 2162
1596 2162
1595 2162
1594 2162
1593 2162
1592 2162
1591 2162
1590 2162
1589 2162
1588 2162
1587 2162
1586 2162
1585 2162
1584 2162
1583 2162
1582 2162
1581 2162
1580 2162
1579 2162
1578 2162
1577 2162
1576 2162
1575 2162
1574 2162
1573 2162
1572 2162
1571 2162
1570 2162
1569 2162
1568 2162
1567 2162
1566 2162
1565 2162
1564 2162
1563 2162
1562 2162
1561 2162
1560 2162
1559 2162
1558 2162
1557 2162
1556 2162
1555 2163
1554 2163
1553 2164
1552 2164
1551 2164
1550 2165
1549 2165
1548 2165
1547 2165
1546 2165
1545 2166
1544 2166
1543 2166
1542 2166
1541 2166
1540 2166
1539 2166
1538 2166
1537 2166
1536 2166
1535 2166
1534 2166
1533 2166
1532 2167
1531 2167
1530 2167
1529 2168
1528 2168
1527 2168
1526 2169
1525 2169
1524 2169
1523 2170
1522 2170
1521 2170
1520 2170
1519 2170
1518 2170
1517 2171
1516 2171
1515 2171
1514 2171
1513 2171
1512 2172
1511 2172
1510 2172
1509 2173
1508 2173
1507 2174
1506 2174
1505 2174
1504 2174
1503 2175
1502 2175
1501 2175
1500 2175
1499 2175
1498 2175
1497 2175
1496 2176
1495 2176
1494 2176
1493 2176
1492 2176
1491 2176
1490 2176
1489 2176
1488 2176
1487 2176
1486 2176
1485 2176
1484 2176
1483 2176
1482 2177
1481 2177
1480 2177
1479 2177
1478 2177
1477 2178
1476 2178
1475 2178
1474 2179
1473 2179
1472 2179
1471 2179
1470 2180
1469 2180
1468 2180
1467 2181
1466 2181
1465 2181
1464 2182
1463 2182
1462 2183
1461 2183
1460 2183
1459 2184
1458 2184
1457 2184
1456 2184
1455 2184
1454 2185
1453 2185
1452 2185
1451 2185
1450 2185
1449 2185
1448 2185
1447 2186
1446 2186
1445 2186
1444 2186
1443 2186
1442 2186
1441 2186
1440 2186
1439 2186
1438 2186
1437 2186
1436 2186
1435 2186
1434 2186
1433 2186
1432 2186
1431 2186
1430 2186
1429 2186
1428 2186
1427 2186
1426 2186
1425 2186
1424 2186
1423 2186
1422 2186
1421 2186
1420 2186
1419 2186
1418 2186
1417 2186
1416 2186
1415 2186
1414 2186
1413 2186
1412 2186
1411 2186
1410 2186
1409 2186
1408 2186
1407 2186
1406 2186
1405 2186
1404 2186
1403 2186
1402 2186
1401 2186
1400 2186
1399 2186
1398 2186
1397 2186
1396 2187
1395 2187
1394 2187
1393 2187
1392 2187
1391 2187
1390 2187
1389 2187
1388 2187
1387 2187
1386 2187
1385 2187
1384 2187
1383 2187
1382 2187
1381 2187
1380 2187
1379 2187
1378 2187
1377 2187
1376 2187
1375 2187
1374 2187
1373 2187
1372 2187
1371 2187
1370 2187
1369 2187
1368 2187
1367 2187
1366 2187
1365 2187
1364 2187
1363 2187
1362 2187
1361 2187
1360 2187
1359 2187
1358 2187
1357 2187
1356 2187
1355 2187
1354 2187
1353 2187
1352 2187
1351 2187
1350 2187
1349 2187
1348 2187
1347 2187
1346 2187
1345 2187
1344 2187
1343 2187
1342 2187
1341 2187
1340 2187
1339 2187
1338 2187
1337 2187
1336 2187
1335 2187
1334 2187
1333 2187
1332 2187
1331 2187
1330 2187
1329 2187
1330 2188
1331 2188
1332 2189
1333 2189
1334 2189
1335 2189
1336 2189
1337 2190
1338 2190
1339 2190
1340 2190
1341 2191
1342 2191
1343 2191
1344 2192
1345 2192
1346 2193
1347 2193
1348 2193
1349 2193
1350 2194
1351 2194
1352 2194
1353 2194
1354 2194
1355 2194
1356 2195
1357 2195
1358 2195
1359 2195
1360 2195
1361 2195
1362 2195
1363 2195
1364 2195
1365 2195
1366 2195
1367 2195
1368 2195
1369 2195
1370 2195
1371 2195
1372 2195
1373 2195
1374 2195
1375 2195
1376 2195
1377 2195
1378 2195
1379 2195
1380 2195
1381 2195
1382 2195
1383 2195
1384 2195
1385 2195
1386 2195
1387 2195
1388 2195
1389 2196
1390 2196
1391 2196
1392 2196
1393 2196
1394 2196
1395 2196
1396 2196
1397 2196
1398 2196
1399 2196
1400 2196
1401 2196
1402 2196
1403 2196
1404 2196
1405 2196
1406 2196
1407 2196
1408 2196
1409 2196
1410 2196
1411 2196
1412 2196
1413 2196
1414 2196
1415 2196
1416 2196
1417 2196
1418 2196
1419 2196
1420 2196
1421 2196
1422 2196
1423 2196
1424 2196
1425 2196
1426 2196
1427 2196
1428 2196
1429 2196
1430 2196
1431 2196
1432 2196
1433 2196
1434 2196
1435 2196
1436 2197
1437 2197
1438 2197
1439 2198
1440 2198
1441 2198
1442 2199
1443 2199
1444 2200
1445 2200
1446 2201
1447 2201
1448 2201
1449 2202
1450 2202
1451 2202
1452 2203
1453 2203
1454 2203
1455 2203
1456 2203
1457 2203
1458 2204
1459 2204
1460 2204
1461 2205
1462 2205
1463 2205
1464 2206
1465 2206
1466 2206
1467 2207
1468 2207
1469 2207
1470 2208
1471 2208
1472 2208
1473 2208
1474 2209
1475 2209
1476 2209
1477 2210
1478 2210
1479 2211
1480 2211
1481 2211
1482 2212
1483 2212
1484 2213
1485 2213
1486 2213
1487 2213
1488 2214
1489 2214
1490 2214
1491 2214
1492 2214
1493 2214
1494 2214
1495 2214
1496 2215
1497 2215
1498 2215
1499 2216
1500 2216
1501 2217
1502 2217
1503 2218
1504 2218
1505 2218
1506 2218
1507 2218
1508 2219
1509 2219
1510 2219
1511 2219
1512 2219
1513 2219
1514 2219
1515 2219
1516 2219
1517 2219
1518 2220
1519 2220
1520 2220
1521 2220
1522 2220
1523 2220
1524 2220
1525 2220
1526 2220
1527 2220
1528 2220
1529 2220
1530 2220
1531 2220
1532 2220
1533 2220
1534 2220
1535 2220
1536 2220
1537 2221
1538 2221
1539 2221
1540 2222
1541 2222
1542 2222
1543 2223
1544 2223
1545 2223
1546 2223
1547 2223
1548 2224
1549 2224
1550 2224
1551 2224
1552 2224
1553 2224
1554 2224
1555 2224
1556 2225
1557 2225
1558 2225
1559 2226
1560 2226
1561 2226
1562 2227
1563 2227
1564 2227
1565 2228
1566 2228
1567 2228
1568 2228
1569 2228
1570 2229
1571 2229
1572 2229
1573 2229
1574 2229
1575 2229
1576 2229
1577 2229
1578 2230
1579 2230
1580 2230
1581 2230
1582 2230
1583 2230
1584 2230
1585 2230
1586 2230
1587 2230
1588 2230
1589 2230
1590 2230
1591 2230
1592 2230
1593 2230
1594 2230
1595 2230
1596 2230
1597 2230
1598 2230
1599 2230
1600 2230
1601 2230
1602 2230
1603 2230
1604 2230
1605 2230
1606 2230
1607 2230
1608 2230
1609 2230
1610 2230
1611 2230
1612 2230
1613 2230
1614 2230
1615 2230
1616 2230
1617 2230
1618 2230
1619 2230
1620 2230
1621 2230
1622 2230
1623 2230
1624 2230
1625 2230
1626 2230
1627 2230
1628 2230
1629 2230
1630 2230
1631 2230
1632 2230
1633 2230
1634 2230
1635 2230
1636 2230
1637 2230
1638 2230
1639 2230
1640 2230
1641 2230
1642 2230
1643 2230
1644 2230
1645 2230
1646 2230
1647 2230
1648 2230
1649 2230
1650 2230
1651 2230
1652 2230
1653 2230
1654 2230
1655 2230
1656 2230
1657 2230
1658 2230
1659 2230
1660 2230
1661 2230
1662 2230
1663 2230
1664 2230
1665 2231
1666 2231
1667 2231
1668 2231
1669 2232
1670 2232
1671 2232
1672 2232
1673 2233
1674 2233
1675 2233
1676 2233
1677 2233
1678 2234
1679 2234
1680 2234
1681 2234
1682 2234
1683 2234
1684 2234
1685 2235
1686 2235
1687 2235
1688 2235
1689 2236
1690 2236
1691 2237
1692 2237
1693 2237
1694 2238
1695 2238
1696 2238
1697 2238
1698 2239
1699 2239
1700 2239
1701 2239
1702 2240
1703 2240
1704 2241
1705 2242
1706 2242
1707 2243
1708 2243
1709 2243
1710 2243
1711 2244
1712 2244
1713 2244
1714 2244
1715 2244
1716 2244
1717 2244
1718 2245
1719 2245
1720 2245
1721 2245
1722 2245
1723 2245
1724 2245
1725 2245
1726 2245
1727 2245
1728 2245
1729 2245
1730 2245
1731 2245
1732 2246
1733 2246
1734 2246
1735 2247
1736 2247
1737 2248
1738 2248
1739 2248
1740 2248
1741 2249
1742 2249
1743 2249
1744 2249
1745 2249
1746 2249
1747 2249
1748 2250
1749 2250
1750 2250
1751 2250
1752 2250
1753 2250
1754 2250
1755 2250
1756 2250
1757 2250
1758 2250
1759 2250
1760 2250
1761 2250
1762 2250
1763 2250
1764 2250
1765 2250
1766 2250
1767 2250
1768 2250
1769 2250
1770 2250
1771 2250
1772 2250
1773 2250
1774 2250
1775 2250
1776 2250
1777 2250
1778 2250
1779 2250
1780 2250
1781 2250
1782 2250
1783 2250
1784 2251
1785 2252
1786 2253
1787 2254
1788 2255
1789 2255
1790 2255
1791 2255
1792 2255
1793 2255
1794 2255
1795 2255
1796 2255
1797 2255
1798 2255
1799 2255
1800 2255
1801 2255
1802 2255
1803 2255
1804 2255
1805 2255
1806 2255
1807 2255
1808 2255
1809 2255
1810 2255
1811 2255
1812 2255
1813 2255
1814 2255
1815 2255
1816 2255
1817 2255
1818 2255
1819 2255
1820 2255
1821 2255
1822 2255
1823 2255
1824 2255
1825 2255
1826 2256
1827 2256
1828 2256
1829 2257
1830 2257
1831 2257
1832 2258
1833 2258
1834 2259
1835 2259
1836 2259
1837 2260
1838 2260
1839 2261
1840 2261
1841 2261
1842 2262
1843 2262
1844 2262
1845 2263
1846 2263
1847 2263
1848 2264
1849 2264
1850 2264
1851 2265
1852 2265
1853 2266
1854 2266
1855 2267
1856 2267
1857 2268
1858 2269
1859 2270
1860 2270
1861 2271
1862 2272
1863 2272
1864 2273
1865 2274
1866 2274
1867 2275
1868 2276
1869 2276
1870 2277
1871 2277
1872 2277
1873 2278
1874 2278
1875 2278
1876 2278
1877 2279
1878 2279
1879 2279
1880 2280
1881 2280
1882 2280
1883 2281
1884 2281
1885 2282
1886 2282
1887 2283
1888 2283
1889 2283
1890 2283
1891 2284
1892 2284
1893 2284
1894 2284
1895 2284
1896 2284
1897 2284
1898 2284
1899 2284
1900 2285
1901 2285
1902 2285
1903 2286
1904 2286
1905 2287
1906 2287
1907 2288
1908 2288
1909 2288
1910 2288
1911 2289
1912 2289
1913 2290
1914 2290
1915 2291
1916 2291
1917 2292
1918 2292
1919 2292
1920 2293
1921 2293
1922 2293
1923 2293
1924 2293
1925 2294
1926 2294
1927 2294
1928 2294
1929 2294
1930 2294
1931 2294
1932 2294
1933 2294
1934 2294
1935 2294
1936 2294
1937 2294
1938 2294
1939 2295
1940 2295
1941 2295
1942 2296
1943 2296
1944 2296
1945 2297
1946 2297
1947 2297
1948 2298
1949 2298
1950 2298
1951 2298
1952 2298
1953 2299
1954 2299
1955 2299
1956 2299
1957 2299
1958 2299
1959 2299
1960 2299
1961 2299
1962 2299
1963 2299
1964 2300
1965 2300
1966 2300
1967 2300
1968 2300
1969 2300
1970 2300
1971 2300
1972 2300
1973 2300
1974 2300
1975 2300
1976 2300
1977 2300
1978 2300
1979 2300
1980 2300
1981 2300
1982 2300
1983 2300
1984 2300
1985 2300
1986 2300
1987 2300
1988 2300
1989 2300
1990 2300
1991 2301
1992 2302
1993 2302
1994 2303
1995 2303
1996 2303
1997 2304
1998 2304
1999 2304
2000 2304
2001 2304
2002 2304
2003 2305
2004 2306
2005 2307
2005 2308
2005 2309
2005 2310
2006 2311
2006 2312
2006 2313
2006 2314
2006 2315
2006 2316
2006 2317
2006 2318
2006 2319
2006 2320
2006 2321
2006 2322
2006 2323
2006 2324
2005 2325
2005 2326
2005 2327
2004 2328
2004 2329
2003 2330
2003 2331
2003 2332
2003 2333
2003 2334
2002 2335
2002 2336
2002 2337
2002 2336
2003 2335
2004 2334
2005 2333
2006 2333
2007 2332
2008 2331
2009 2330
2010 2329
2011 2329
2012 2328
2013 2327
2014 2327
2015 2326
2016 2326
2017 2325
2017 2324
2018 2323
2019 2322
2020 2321
2021 2321
2022 2321
2023 2321
2024 2321
2025 2321
2026 2320
2027 2320
2028 2320
2029 2320
2030 2320
2031 2320
2032 2320
2033 2320
2034 2320
2035 2320
2036 2320
2037 2320
2038 2320
2039 2320
2040 2320
2041 2320
2042 2320
2043 2320
2044 2320
2045 2320
2046 2320
2047 2320
2048 2320
2049 2320
2050 2320
2051 2320
2052 2321
2053 2322
2054 2322
2055 2323
2056 2323
2057 2323
2058 2323
2059 2324
2060 2324
2061 2324
2062 2324
2063 2324
2064 2324
2065 2324
2066 2325
2067 2325
2068 2326
2069 2326
2070 2327
2071 2327
2072 2328
2072 2329
2073 2330
2074 2331
2075 2331
2076 2332
2077 2332
2078 2333
2079 2334
2080 2335
2081 2336
2082 2336
2083 2337
2084 2338
2085 2339
2085 2340
2085 2341
2085 2342
2085 2343
2086 2344
2086 2345
2086 2346
2086 2347
2086 2348
2086 2349
2086 2350
2086 2351
2086 2352
2086 2353
2086 2354
2086 2355
2086 2356
2086 2357
2086 2358
2086 2359
2086 2360
2086 2361
2086 2362
2086 2363
2086 2364
2086 2365
2086 2366
2086 2367
2086 2368
2086 2369
2086 2370
2086 2371
2086 2372
2086 2373
2086 2372
2087 2371
2087 2370
2088 2369
2088 2368
2089 2367
2090 2366
2091 2365
2092 2365
2093 2365
2094 2365
2095 2365
2096 2365
2097 2364
2098 2363
2099 2363
2100 2362
2101 2362
2102 2361
2103 2361
2104 2361
2105 2360
2106 2360
2107 2360
2108 2360
2109 2360
2110 2360
2111 2360
2112 2360
2113 2360
2114 2360
2115 2360
2116 2360
2117 2360
2118 2360
2119 2360
2120 2360
2121 2359
2122 2359
2123 2359
2124 2359
2125 2359
2126 2359
2127 2359
2128 2359
2129 2359
2130 2359
2131 2359
2132 2359
2133 2359
2134 2359
2135 2359
2136 2359
2137 2359
2138 2359
2139 2359
2140 2359
2141 2359
2142 2359
2143 2359
2144 2359
2145 2359
2146 2359
2147 2359
2148 2359
2149 2359
2150 2359
2151 2359
2152 2359
2153 2359
2154 2359
2155 2360
2156 2361
2157 2362
2158 2362
2159 2363
2160 2363
2161 2363
2162 2364
2163 2364
2164 2365
2165 2366
2166 2366
2167 2367
2168 2367
2169 2368
2170 2368
2171 2368
2172 2368
2173 2368
2174 2369
2175 2369
2176 2369
2177 2369
2178 2370
2179 2370
2180 2371
2181 2372
2182 2372
2183 2373
2184 2374
2185 2374
2186 2374
2187 2374
2188 2374
2189 2374
2190 2374
2191 2374
2192 2374
2193 2375
2194 2375
2195 2375
2196 2376
2197 2376
2198 2376
2199 2377
2200 2377
2201 2378
2202 2378
2203 2378
2204 2378
2205 2378
2206 2378
2207 2378
2208 2378
2209 2379
2210 2379
2211 2379
2212 2379
2213 2379
2214 2379
2215 2379
2216 2380
2217 2381
2218 2382
2219 2382
2220 2382
2221 2383
2222 2383
2223 2383
2224 2384
2225 2384
2226 2384
2227 2385
2228 2385
2229 2386
2230 2386
2231 2386
2232 2387
2233 2387
2234 2387
2235 2388
2236 2388
2237 2388
2238 2388
2239 2389
2240 2390
2241 2391
2242 2392
2243 2392
2244 2393
2245 2393
2246 2393
2247 2394
2248 2395
2249 2395
2250 2396
2251 2396
2252 2396
2253 2397
2254 2397
2255 2398
2256 2398
2257 2399
2258 2400
2259 2400
2260 2401
2261 2402
2262 2403
2263 2404
2264 2404
2265 2405
2266 2406
2267 2407
2268 2408
2269 2409
2270 2410
2271 2411
2272 2412
2273 2413
2274 2414
2275 2415
2276 2416
2277 2417
2278 2417
2279 2417
2280 2418
2281 2418
2282 2418
2283 2418
2284 2419
2285 2419
2286 2420
2287 2420
2288 2421
2289 2421
2290 2422
2291 2422
2292 2423
2293 2423
2294 2424
2295 2424
2296 2425
2297 2425
2298 2426
2299 2427
2300 2428
2301 2429
2302 2430
2302 2431
2303 2431
2304 2432
2305 2433
2306 2434
2307 2434
2308 2435
2309 2436
2310 2436
2311 2436
2312 2437
2313 2437
2314 2437
2315 2437
2316 2438
2317 2438
2318 2438
2319 2439
2320 2439
2321 2440
2322 2440
2323 2441
2324 2441
2325 2442
2326 2442
2327 2442
2328 2443
2329 2443
2330 2444
2331 2445
2332 2446
2333 2446
2334 2447
2335 2447
2336 2448
2337 2449
2338 2450
2339 2450
2340 2451
2341 2451
2342 2452
2343 2452
2344 2452
2345 2452
2346 2452
2347 2453
2348 2453
2349 2453
2350 2454
2351 2454
2352 2455
2353 2456
2354 2456
2355 2456
2356 2456
2357 2457
2358 2457
2359 2457
2360 2457
2361 2457
2362 2458
2363 2458
2364 2459
2365 2459
2366 2460
2367 2460
2368 2461
2369 2461
2370 2461
2371 2462
2372 2462
2373 2462
2374 2462
2375 2462
2376 2462
2377 2463
2378 2463
2379 2463
2380 2463
2381 2463
2382 2463
2383 2463
2384 2463
2385 2463
2386 2463
2387 2463
2388 2463
2389 2463
2390 2463
2391 2463
2392 2464
2393 2465
2394 2466
2395 2466
2396 2467
2397 2468
2398 2468
2399 2469
2400 2469
2401 2470
2402 2470
2403 2470
2404 2471
2405 2471
2406 2472
2407 2472
2408 2473
2409 2473
2410 2474
2411 2474
2412 2475
2413 2475
2414 2476
2415 2476
2416 2476
2417 2476
2418 2477
2419 2477
2420 2477
2421 2477
2422 2477
2423 2478
2424 2478
2425 2479
2426 2479
2427 2479
2428 2480
2429 2480
2430 2480
2431 2481
2432 2481
2433 2481
2434 2481
2435 2482
2436 2482
2437 2482
2438 2482
2439 2482
2440 2483
2441 2483
2442 2484
2443 2484
2444 2485
2445 2485
2446 2485
2447 2486
2448 2486
2449 2486
2450 2486
2451 2487
2452 2487
2453 2487
2454 2487
2455 2487
2456 2487
2457 2487
2458 2487
2459 2488
2460 2488
2461 2488
2462 2488
2463 2488
2464 2488
2465 2488
2466 2488
2467 2488
2468 2488
2469 2488
2470 2488
2471 2488
2472 2488
2473 2488
2474 2488
2475 2488
2476 2488
2477 2488
2478 2488
2479 2488
2480 2488
2481 2488
2482 2488
2483 2488
2484 2488
2485 2488
2486 2488
2487 2488
2488 2488
2489 2488
2490 2488
2491 2488
2492 2488
2493 2488
2494 2488
2495 2488
2496 2488
2497 2488
2498 2488
2499 2488
2500 2488
2501 2488
2502 2488
2503 2488
2504 2488
2505 2488
2506 2488
2507 2488
2508 2488
2509 2488
2510 2488
2511 2488
2512 2488
2513 2488
2514 2488
2515 2488
2516 2488
2517 2488
2518 2488
2519 2488
2520 2488
2521 2488
2522 2488
2523 2488
2524 2488
2525 2488
2526 2489
2527 2489
2528 2489
2529 2490
2530 2490
2531 2490
2532 2491
2533 2491
2534 2491
2535 2491
2536 2491
2537 2492
2538 2492
2539 2492
2540 2492
2541 2492
2542 2492
2543 2492
2544 2493
2545 2493
2546 2493
2547 2493
2548 2493
2549 2493
2550 2493
2551 2493
2552 2493
2553 2493
2554 2494
2555 2494
2556 2494
2557 2495
2558 2495
2559 2495
2560 2496
2561 2496
2562 2496
2563 2496
2564 2497
2565 2497
2566 2497
2567 2497
2568 2497
2569 2497
2570 2497
2571 2497
2572 2498
2573 2498
2574 2498
2575 2498
2576 2498
2577 2498
2578 2498
2579 2498
2580 2498
2581 2498
2582 2499
2583 2499
2584 2499
2585 2500
2586 2500
2587 2500
2588 2500
2589 2501
2590 2501
2591 2501
2592 2501
2593 2501
2594 2502
2595 2502
2596 2503
2597 2503
2598 2503
2599 2504
2600 2504
2601 2505
2602 2505
2603 2505
2604 2505
2605 2506
2606 2506
2607 2506
2608 2506
2609 2506
2610 2507
2611 2507
2612 2507
2613 2508
2614 2508
2615 2508
2616 2509
2617 2509
2618 2509
2619 2510
2620 2510
2621 2510
2622 2511
2623 2511
2624 2511
2625 2511
2626 2511
2627 2511
2628 2512
2629 2512
2630 2512
2631 2512
2632 2512
2633 2512
2634 2512
2635 2512
2636 2512
2637 2512
2638 2512
2639 2513
2640 2513
2641 2513
2642 2513
2643 2513
2644 2513
2645 2514
2646 2515
2647 2515
2648 2516
2649 2516
2650 2517
2651 2517
2652 2517
2653 2517
2654 2518
2655 2518
2656 2518
2657 2518
2658 2518
2659 2518
2660 2518
2661 2518
2662 2518
2663 2518
2664 2518
2665 2518
2666 2518
2667 2518
2668 2518
2669 2517
2670 2517
2671 2516
2672 2516
2673 2515
2674 2515
2675 2514
2676 2514
2677 2514
2678 2514
2679 2514
2680 2513
2681 2513
2682 2513
2683 2513
2684 2513
2685 2513
2686 2513
2687 2513
2688 2513
2689 2513
2690 2513
2691 2513
2692 2513
2693 2513
2694 2513
2695 2513
2696 2513
2697 2513
2698 2512
2699 2512
2700 2512
2701 2512
2702 2511
2703 2511
2704 2511
2705 2511
2706 2510
2707 2510
2708 2509
2709 2509
2710 2508
2711 2508
2712 2507
2713 2507
2714 2507
2715 2506
2716 2506
2717 2506
2718 2505
2719 2505
2720 2505
2721 2505
2722 2505
2723 2504
2724 2504
2725 2504
2726 2504
2727 2504
2728 2504
2729 2504
2730 2504
2731 2504
2732 2504
2733 2504
2734 2504
2735 2504
2736 2504
2737 2504
2738 2504
2739 2503
2740 2503
2741 2503
2742 2503
2743 2503
2744 2503
2745 2503
2746 2503
2747 2503
2748 2503
2749 2503
2750 2503
2751 2503
2752 2503
2753 2503
2754 2503
2755 2503
2756 2503
2757 2503
2758 2503
2759 2503
2760 2503
2761 2503
2762 2503
2763 2503
2764 2503
2765 2503
2766 2503
2767 2503
2768 2503
2769 2503
2770 2503
2771 2503
2772 2503
2773 2503
2774 2503
2775 2503
2776 2503
2777 2503
2778 2503
2779 2503
2780 2503
2781 2503
2782 2503
2783 2503
2784 2503
2785 2503
2786 2503
2787 2503
2788 2503
2789 2503
2790 2503
2791 2503
2792 2503
2793 2503
2794 2503
2795 2503
2796 2503
2797 2503
2798 2503
2799 2503
2800 2503
2801 2503
2802 2503
2803 2503
2804 2503
2805 2503
2806 2503
2807 2503
2808 2503
2809 2503
2810 2503
2811 2503
2812 2503
2813 2503
2814 2503
2815 2503
2816 2503
2817 2503
2818 2503
2819 2503
2820 2503
2821 2503
2822 2503
2823 2503
2824 2503
2825 2503
2826 2503
2827 2503
2828 2503
2829 2503
2830 2503
2831 2503
2832 2503
2833 2503
2834 2503
2835 2503
2836 2503
2837 2503
2838 2503
2839 2503
2840 2503
2841 2503
2842 2503
2843 2503
2844 2503
2845 2503
2846 2503
2847 2503
2848 2503
2849 2503
2850 2503
2851 2503
2852 2503
2853 2503
2854 2503
2855 2503
2856 2503
2857 2503
2858 2503
2859 2503
2860 2503
2861 2503
2862 2503
2863 2503
2864 2503
2865 2503
2866 2503
2867 2503
2868 2503
2869 2503
2870 2503
2871 2503
2872 2503
2873 2503
2874 2503
2875 2503
2876 2503
2877 2503
2878 2503
2879 2503
2880 2503
2881 2503
2882 2503
2883 2503
2884 2503
2885 2503
2886 2503
2887 2503
2888 2503
2889 2503
2890 2503
2891 2503
2892 2502
2893 2502
2894 2502
2895 2502
2896 2501
2897 2501
2898 2501
2899 2500
2900 2500
2901 2500
2902 2500
2903 2500
2904 2500
2905 2499
2906 2499
2907 2499
2908 2499
2909 2499
2910 2499
2911 2498
2912 2498
2913 2498
2914 2497
2915 2497
2916 2497
2917 2497
2918 2496
2919 2496
2920 2496
2921 2496
2922 2495
2923 2495
2924 2495
2925 2495
2926 2495
2927 2495
2928 2494
2929 2494
2930 2494
2931 2494
2932 2494
2933 2493
2934 2493
2935 2493
2936 2492
2937 2492
2938 2492
2939 2491
2940 2491
2941 2491
2942 2491
2943 2490
2944 2490
2945 2490
2946 2489
2947 2489
2948 2488
2949 2488
2950 2487
2951 2487
2952 2487
2953 2486
2954 2486
2955 2486
2956 2485
2957 2485
2958 2485
2959 2485
2960 2485
2961 2484
2962 2484
2963 2484
2964 2483
2965 2483
2966 2482
2967 2482
2968 2482
2969 2481
2970 2481
2971 2481
2972 2480
2973 2480
2974 2480
2975 2480
2976 2480
2977 2480
2978 2480
2979 2480
2980 2479
2981 2479
2982 2479
2983 2479
2984 2479
2985 2479
2986 2478
2987 2478
2988 2478
2989 2477
2990 2477
2991 2477
2992 2477
2993 2476
2994 2476
2995 2476
2996 2476
2997 2475
2998 2475
2999 2475
3000 2475
3001 2475
3002 2475
3003 2475
3004 2474
3005 2473
3006 2472
3007 2472
3008 2471
3009 2470
3010 2469
3011 2469
3012 2468
3013 2468
3014 2467
3015 2467
3016 2466
3017 2466
3018 2466
3019 2465
3020 2464
3021 2464
3022 2463
3023 2463
3024 2462
3025 2462
3026 2461
3027 2461
3028 2460
3029 2460
3030 2459
3031 2459
3032 2458
3033 2458
3034 2457
3035 2457
3036 2456
3037 2455
3038 2455
3039 2454
3040 2453
3041 2453
3042 2452
3043 2451
3044 2451
3045 2450
3046 2449
3047 2449
3048 2448
3049 2447
3050 2446
3051 2445
3052 2444
3053 2443
3054 2442
3055 2441
3056 2440
3057 2440
3058 2439
3059 2438
3060 2437
3061 2437
3062 2436
3063 2436
3064 2435
3065 2435
3066 2434
3067 2434
3068 2433
3069 2432
3070 2431
3070 2430
3071 2429
3071 2428
3072 2427
3073 2426
3074 2425
3075 2424
3075 2423
3076 2422
3077 2422
3078 2421
3079 2421
3080 2420
3081 2419
3081 2418
3082 2417
3083 2416
3084 2415
3084 2414
3085 2413
3085 2412
3086 2411
3086 2410
3087 2409
3087 2408
3087 2407
3088 2406
3088 2405
3089 2404
3090 2403
3090 2402
3091 2401
3092 2400
3093 2399
3094 2398
3095 2397
3095 2396
3096 2395
3097 2394
3098 2393
3099 2392
3099 2391
3100 2390
3101 2389
3101 2388
3101 2387
3102 2386
3103 2385
3104 2384
3105 2383
3105 2382
3106 2381
3107 2380
3108 2379
3108 2378
3109 2377
3110 2376
3110 2375
3111 2374
3111 2373
3111 2372
3112 2371
3112 2370
3113 2369
3114 2368
3115 2367
3115 2366
3116 2365
3117 2364
3118 2363
3119 2362
3119 2361
3120 2360
3121 2359
3121 2358
3122 2357
3123 2356
3124 2355
3124 2354
3125 2353
3125 2352
3125 2351
3126 2350
3126 2349
3127 2348
3127 2347
3127 2346
3128 2345
3128 2344
3129 2343
3129 2342
3130 2341
3130 2340
3131 2339
3132 2338
3133 2337
3133 2336
3134 2335
3135 2334
3136 2333
3137 2332
3138 2331
3138 2330
3139 2329
3140 2328
3140 2327
3141 2326
3141 2325
3141 2324
3141 2323
3142 2322
3142 2321
3143 2320
3143 2319
3144 2318
3145 2317
3145 2316
3145 2315
3146 2314
3146 2313
3146 2312
3146 2311
3147 2310
3147 2309
3147 2308
3148 2307
3148 2306
3149 2305
3149 2304
3150 2303
3150 2302
3150 2301
3151 2300
3151 2299
3151 2298
3151 2297
3152 2296
3152 2295
3152 2294
3152 2293
3152 2292
3152 2291
3152 2290
3152 2289
3152 2288
3152 2287
3153 2286
3153 2285
3154 2284
3154 2283
3155 2282
3155 2281
3155 2280
3156 2279
3156 2278
3157 2277
3157 2276
3158 2275
3158 2274
3158 2273
3159 2272
3159 2271
3160 2270
3160 2269
3160 2268
3160 2267
3161 2266
3161 2265
3161 2264
3161 2263
3161 2262
3162 2261
3162 2260
3162 2259
3162 2258
3162 2257
3162 2256
3163 2255
3163 2254
3163 2253
3164 2252
3164 2251
3164 2250
3164 2249
3165 2248
3165 2247
3165 2246
3165 2245
3166 2244
3166 2243
3166 2242
3166 2241
3166 2240
3166 2239
3167 2238
3167 2237
3167 2236
3167 2235
3167 2234
3167 2233
3167 2232
3167 2231
3167 2230
3167 2229
3167 2228
3167 2227
3167 2226
3167 2225
3167 2224
3168 2223
3168 2222
3168 2221
3168 2220
3169 2219
3169 2218
3169 2217
3169 2216
3170 2215
3170 2214
3170 2213
3170 2212
3171 2211
3171 2210
3171 2209
3171 2208
3171 2207
3171 2206
3171 2205
3172 2204
3172 2203
3172 2202
3172 2201
3172 2200
3172 2199
3172 2198
3173 2197
3173 2196
3173 2195
3174 2194
3174 2193
3174 2192
3175 2191
3175 2190
3175 2189
3175 2188
3176 2187
3176 2186
3176 2185
3177 2184
3177 2183
3178 2182
3178 2181
3178 2180
3179 2179
3179 2178
3179 2177
3180 2176
3180 2175
3180 2174
3180 2173
3181 2172
3181 2171
3181 2170
3181 2169
3181 2168
3181 2167
3182 2166
3182 2165
3182 2164
3182 2163
3182 2162
3182 2161
3182 2160
3182 2159
3182 2158
3182 2157
3183 2156
3183 2155
3183 2154
3183 2153
3184 2152
3184 2151
3185 2150
3185 2149
3185 2148
3185 2147
3186 2146
3186 2145
3186 2144
3186 2143
3186 2142
3186 2141
3186 2140
3187 2139
3187 2138
3187 2137
3187 2136
3187 2135
3187 2134
3187 2133
3187 2132
3187 2131
3187 2130
3187 2129
3187 2128
3187 2127
3187 2126
3187 2125
3187 2124
3187 2123
3187 2122
3187 2121
3187 2120
3187 2119
3187 2118
3187 2117
3187 2116
3188 2115
3188 2114
3188 2113
3188 2112
3188 2111
3188 2110
3188 2109
3188 2108
3188 2107
3188 2106
3188 2105
3188 2104
3188 2103
3188 2102
3188 2101
3188 2100
3188 2099
3188 2098
3188 2097
3188 2096
3188 2095
3188 2094
3188 2093
3188 2092
3188 2091
3188 2090
3188 2089
3188 2088
3188 2087
3188 2086
3188 2085
3188 2084
3188 2083
3188 2082
3188 2081
3188 2080
3188 2079
3188 2078
3188 2077
3188 2076
3188 2075
3188 2074
3188 2073
3188 2072
3188 2071
3188 2070
3188 2069
3188 2068
3188 2067
3188 2066
3188 2065
3188 2064
3188 2063
3188 2062
3188 2061
3188 2060
3188 2059
3188 2058
3188 2057
3188 2056
3188 2055
3188 2054
3188 2053
3188 2052
3188 2051
3188 2050
3188 2049
3188 2048
3188 2047
3188 2046
3188 2045
3188 2044
3188 2043
3188 2042
3188 2041
3188 2040
3188 2039
3188 2038
3188 2037
3188 2036
3188 2035
3188 2034
3188 2033
3188 2032
3188 2031
3188 2030
3188 2029
3188 2028
3188 2027
3188 2026
3188 2025
3188 2024
3188 2023
3188 2022
3188 2021
3188 2020
3188 2019
3188 2018
3188 2017
3188 2016
3188 2015
3188 2014
3188 2013
3188 2012
3188 2011
3188 2010
3188 2009
3188 2008
3188 2007
3187 2006
3187 2005
3187 2004
3187 2003
3187 2002
3186 2001
3186 2000
3186 1999
3186 1998
3185 1997
3185 1996
3185 1995
3185 1994
3184 1993
3184 1992
3184 1991
3184 1990
3184 1989
3184 1988
3184 1987
3184 1986
3184 1985
3183 1984
3183 1983
3183 1982
3183 1981
3183 1980
3183 1979
3183 1978
3183 1977
3183 1976
3183 1975
3183 1974
3183 1973
3183 1972
3183 1971
3183 1970
3183 1969
3183 1968
3183 1967
3183 1966
3183 1965
3183 1964
3183 1963
3183 1962
3183 1961
3183 1960
3183 1959
3183 1958
3183 1957
3182 1956
3182 1955
3182 1954
3182 1953
3182 1952
3181 1951
3181 1950
3181 1949
3181 1948
3180 1947
3180 1946
3180 1945
3180 1944
3180 1943
3180 1942
3179 1941
3179 1940
3179 1939
3179 1938
3178 1937
3178 1936
3178 1935
3177 1934
3177 1933
3177 1932
3177 1931
3176 1930
3176 1929
3176 1928
3176 1927
3175 1926
3175 1925
3175 1924
3175 1923
3175 1922
3174 1921
3174 1920
3174 1919
3174 1918
3174 1917
3174 1916
3174 1915
3174 1914
3174 1913
3174 1912
3174 1911
3173 1910
3173 1909
3173 1908
3173 1907
3173 1906
3173 1905
3173 1904
3173 1903
3172 1902
3172 1901
3172 1900
3172 1899
3171 1898
3171 1897
3171 1896
3171 1895
3170 1894
3170 1893
3170 1892
3170 1891
3169 1890
3169 1889
3169 1888
3169 1887
3169 1886
3169 1885
3169 1884
3169 1883
3169 1882
3169 1881
3169 1880
3168 1879
3168 1878
3168 1877
3168 1876
3168 1875
3168 1874
3168 1873
3168 1872
3168 1871
3168 1870
3168 1869
3168 1868
3168 1867
3168 1866
3168 1865
3168 1864
3168 1863
3168 1862
3168 1861
3168 1860
3168 1859
3168 1858
3168 1857
3168 1856
3168 1855
3168 1854
3168 1853
3168 1852
3168 1851
3168 1850
3168 1849
3168 1848
3168 1847
3168 1846
3168 1845
3168 1844
3168 1843
3168 1842
3168 1841
3168 1840
3168 1839
3168 1838
3168 1837
3168 1836
3168 1835
3168 1834
3168 1833
3168 1832
3168 1831
3168 1830
3168 1829
3168 1828
3168 1827
3168 1826
3168 1825
3168 1824
3168 1823
3168 1822
3168 1821
3168 1820
3168 1819
3168 1818
3168 1817
3168 1816
3168 1815
3168 1814
3168 1813
3168 1812
3168 1811
3168 1810
3168 1809
3168 1808
3168 1807
3168 1806
3168 1805
3168 1804
3168 1803
3168 1802
3168 1801
3168 1800
3168 1799
3168 1798
3168 1797
3168 1796
3168 1795
3168 1794
3168 1793
3168 1792
3168 1791
3168 1790
3168 1789
3167 1788
3167 1787
3167 1786
3167 1785
3167 1784
3166 1783
3166 1782
3166 1781
3165 1780
3165 1779
3164 1778
3164 1777
3163 1776
3163 1775
3162 1774
3162 1773
3162 1772
3161 1771
3161 1770
3161 1769
3160 1768
3160 1767
3160 1766
3160 1765
3160 1764
3159 1763
3159 1762
3159 1761
3158 1760
3158 1759
3157 1758
3157 1757
3157 1756
3157 1755
3156 1754
3156 1753
3156 1752
3156 1751
3155 1750
3155 1749
3155 1748
3155 1747
3155 1746
3155 1745
3154 1744
3154 1743
3154 1742
3154 1741
3154 1740
3153 1739
3153 1738
3153 1737
3152 1736
3152 1735
3152 1734
3152 1733
3151 1732
3151 1731
3151 1730
3150 1729
3150 1728
3149 1727
3149 1726
3148 1725
3148 1724
3147 1723
3147 1722
3146 1721
3146 1720
3145 1719
3145 1718
3145 1717
3145 1716
3144 1715
3144 1714
3144 1713
3144 1712
3144 1711
3144 1710
3144 1709
3144 1708
3143 1707
3143 1706
3143 1705
3143 1704
3142 1704
3141 1703
3141 1702
3140 1701
3140 1700
3140 1699
3139 1698
3138 1697
3138 1696
3137 1695
3136 1694
3136 1693
3135 1692
3135 1691
3134 1690
3133 1689
3132 1688
3131 1687
3130 1687
3129 1686
3128 1685
3129 1684
3129 1683
3129 1682
3130 1681
3130 1680
3131 1679
3131 1678
3131 1677
3132 1676
3132 1675
3133 1674
3133 1673
3133 1672
3134 1671
3134 1670
3135 1669
3135 1668
3135 1667
3136 1666
3136 1665
3136 1664
3137 1663
3137 1662
3138 1661
3137 1661
3136 1661
3135 1661
3134 1661
3133 1661
3132 1661
3131 1661
3130 1661
3129 1661
3128 1661
3127 1661
3126 1661
3125 1661
3124 1661
3123 1661
3122 1661
3121 1661
3120 1661
3119 1661
3118 1661
3117 1661
3116 1660
3115 1659
3114 1658
3113 1658
3112 1657
3111 1656
3110 1655
3110 1654
3109 1653
3109 1652
3109 1651
3109 1650
3109 1649
3109 1648
3109 1647
3109 1646
3109 1645
3108 1644
3108 1643
3108 1642
3108 1641
3108 1640
3108 1639
3108 1638
3108 1637
3107 1636
3106 1635
3106 1634
3105 1633
3104 1632
3103 1631
3102 1630
3101 1629
3101 1628
3100 1627
3100 1626
3099 1625
3099 1624
3099 1625
3098 1626
3097 1627
3097 1628
3097 1629
3096 1630
3096 1631
3096 1632
3095 1633
3095 1634
3095 1635
3095 1636
3095 1637
3095 1638
3095 1639
3095 1640
3095 1641
3094 1642
3094 1643
3093 1644
3092 1645
3092 1646
3091 1647
3090 1647
3089 1648
3088 1648
3087 1649
3086 1649
3085 1649
3084 1649
3083 1650
3082 1650
3081 1650
3080 1650
3079 1650
3078 1650
3077 1650
3076 1650
3075 1650
3074 1649
3073 1648
3073 1647
3072 1646
3071 1645
3071 1644
3071 1643
3070 1642
3069 1641
3069 1640
3068 1639
3067 1638
3067 1637
3066 1636
3066 1635
3065 1634
3064 1633
3063 1632
3062 1631
3062 1630
3061 1629
3060 1628
3060 1627
3060 1626
3060 1625
3060 1624
3059 1623
3059 1622
3059 1621
3059 1620
3059 1619
3059 1618
3058 1617
3057 1617
