2677 2137
2676 2138
2675 2138
2674 2138
2673 2138
2672 2139
2671 2139
2670 2139
2669 2139
2668 2139
2667 2139
2666 2140
2665 2140
2664 2140
2663 2141
2662 2141
2661 2141
2660 2142
2659 2142
2658 2142
2657 2143
2656 2143
2655 2143
2654 2143
2653 2143
2652 2143
2651 2143
2650 2143
2649 2142
2648 2142
2647 2142
2646 2142
2645 2142
2644 2142
2643 2142
2642 2142
2641 2142
2640 2142
2639 2142
2638 2142
2637 2141
2636 2141
2635 2141
2634 2141
2633 2141
2632 2141
2631 2141
2630 2141
2629 2141
2628 2141
2627 2140
2626 2140
2625 2140
2624 2140
2623 2140
2622 2140
2621 2140
2620 2140
2619 2140
2618 2139
2617 2139
2616 2140
2615 2140
2614 2141
2613 2141
2612 2142
2611 2142
2610 2142
2609 2142
2608 2143
2607 2143
2606 2144
2605 2144
2604 2145
2603 2145
2602 2145
2601 2146
2600 2146
2599 2146
2598 2146
2597 2147
2596 2148
2595 2149
2594 2149
2593 2149
2592 2150
2591 2150
2590 2150
2589 2150
2588 2150
2587 2150
2586 2150
2585 2150
2584 2150
2583 2150
2582 2150
2581 2150
2580 2150
2579 2149
2578 2149
2577 2149
2576 2149
2575 2149
2574 2149
2573 2149
2572 2149
2571 2149
2570 2149
2569 2149
2568 2149
2567 2149
2566 2148
2565 2148
2564 2148
2563 2148
2562 2148
2561 2148
2560 2148
2559 2148
2558 2148
2557 2147
2556 2147
2555 2147
2554 2147
2553 2147
2552 2147
2551 2147
2550 2147
2549 2147
2548 2147
2547 2147
2546 2147
2545 2148
2544 2148
2543 2148
2542 2148
2541 2149
2540 2149
2539 2149
2538 2149
2537 2149
2536 2149
2535 2149
2534 2149
2533 2149
2532 2149
2531 2149
2530 2149
2529 2149
2528 2149
2527 2149
2526 2150
2525 2150
2524 2150
2523 2151
2522 2151
2521 2151
2520 2151
2519 2151
2518 2151
2517 2151
2516 2151
2515 2152
2514 2152
2513 2152
2512 2152
2511 2152
2510 2152
2509 2152
2508 2152
2507 2152
2506 2152
2505 2153
2504 2153
2503 2153
2502 2153
2501 2153
2500 2154
2499 2154
2498 2154
2497 2154
2496 2154
2495 2154
2494 2154
2493 2154
2492 2154
2491 2154
2490 2154
2489 2154
2488 2154
2487 2154
2486 2154
2485 2154
2484 2154
2483 2154
2482 2154
2481 2155
2480 2155
2479 2156
2478 2156
2477 2156
2476 2156
2475 2157
2474 2157
2473 2157
2472 2157
2471 2157
2470 2157
2469 2157
2468 2157
2467 2157
2466 2157
2465 2157
2464 2156
2463 2156
2462 2156
2461 2156
2460 2156
2459 2156
2458 2156
2457 2156
2456 2156
2455 2156
2454 2156
2453 2156
2452 2155
2451 2155
2450 2155
2449 2154
2448 2153
2447 2152
2446 2152
2445 2151
2444 2151
2443 2150
2443 2149
2442 2148
2442 2147
2441 2146
2441 2145
2440 2144
2439 2143
2438 2142
2438 2141
2437 2140
2436 2140
2435 2139
2434 2139
2433 2140
2432 2140
2431 2141
2430 2141
2429 2141
2428 2142
2427 2143
2426 2144
2425 2144
2424 2145
2423 2145
2422 2146
2421 2147
2420 2147
2419 2148
2418 2149
2417 2149
2416 2149
2415 2150
2414 2150
2413 2150
2412 2150
2411 2150
2410 2150
2409 2151
2408 2151
2407 2151
2406 2152
2405 2152
2404 2152
2403 2152
2402 2152
2401 2153
2400 2153
2399 2153
2398 2153
2397 2153
2396 2154
2395 2154
2394 2155
2393 2155
2392 2156
2391 2156
2390 2156
2389 2156
2388 2157
2387 2157
2386 2157
2385 2157
2384 2157
2383 2157
2382 2157
2381 2157
2380 2157
2379 2157
2378 2157
2377 2157
2376 2157
2375 2157
2374 2156
2373 2156
2372 2157
2371 2157
2370 2157
2369 2158
2368 2158
2367 2158
2366 2158
2365 2158
2364 2159
2363 2159
2362 2159
2361 2159
2360 2159
2359 2159
2358 2159
2357 2159
2356 2159
2355 2160
2354 2160
2353 2161
2352 2161
2351 2162
2350 2162
2349 2162
2348 2162
2347 2162
2346 2163
2345 2163
2344 2164
2343 2164
2342 2165
2341 2166
2340 2167
2339 2168
2338 2168
2337 2169
2336 2169
2335 2170
2334 2170
2333 2170
2332 2170
2331 2171
2330 2172
2329 2173
2328 2174
2327 2174
2326 2174
2325 2175
2324 2175
2323 2175
2322 2175
2321 2176
2320 2176
2319 2177
2318 2177
2317 2177
2316 2177
2315 2177
2314 2178
2313 2178
2312 2178
2311 2178
2310 2179
2309 2179
2308 2180
2307 2180
2306 2181
2305 2181
2304 2182
2303 2183
2302 2184
2301 2185
2300 2185
2299 2185
2298 2186
2297 2186
2296 2186
2295 2186
2294 2186
2293 2186
2292 2186
2291 2186
2290 2186
2289 2186
2288 2186
2287 2186
2286 2186
2285 2186
2284 2186
2283 2186
2282 2186
2281 2186
2280 2186
2279 2186
2278 2186
2277 2186
2276 2186
2275 2185
2274 2185
2273 2185
2272 2185
2271 2185
2270 2185
2269 2185
2268 2185
2267 2185
2266 2184
2265 2184
2264 2184
2263 2184
2262 2184
2261 2184
2260 2184
2259 2184
2258 2183
2257 2183
2256 2183
2255 2183
2254 2184
2253 2184
2252 2184
2251 2184
2250 2185
2249 2185
2248 2185
2247 2185
2246 2185
2245 2185
2244 2186
2243 2186
2242 2186
2241 2187
2240 2187
2239 2188
2238 2188
2237 2188
2236 2189
2235 2189
2234 2189
2233 2189
2232 2189
2231 2189
2230 2189
2229 2189
2228 2189
2227 2190
2226 2190
2225 2190
2224 2191
2223 2192
2222 2193
2221 2194
2220 2195
2219 2196
2218 2196
2217 2197
2216 2198
2215 2198
2214 2199
2213 2200
2212 2200
2211 2200
2210 2200
2209 2201
2208 2201
2207 2201
2206 2201
2205 2202
2204 2202
2203 2203
2202 2204
2201 2204
2200 2205
2199 2205
2198 2206
2197 2207
2196 2207
2195 2208
2194 2208
2193 2208
2192 2209
2191 2210
2190 2210
2189 2211
2188 2211
2187 2212
2186 2213
2185 2214
2184 2214
2183 2215
2182 2215
2181 2216
2180 2216
2179 2217
2178 2218
2177 2218
2176 2219
2175 2219
2174 2220
2173 2220
2172 2220
2171 2221
2170 2221
2169 2222
2168 2222
2167 2223
2166 2223
2165 2224
2164 2224
2163 2224
2162 2225
2161 2225
2160 2225
2159 2225
2158 2225
2157 2225
2156 2226
2155 2226
2154 2226
2153 2226
2152 2226
2151 2227
2150 2227
2149 2227
2148 2228
2147 2228
2146 2228
2145 2228
2144 2229
2143 2229
2142 2229
2141 2229
2140 2229
2139 2229
2138 2229
2137 2229
2136 2230
2135 2230
2134 2231
2133 2231
2132 2231
2131 2232
2130 2232
2129 2232
2128 2232
2127 2232
2126 2232
2125 2232
2124 2232
2123 2232
2122 2232
2121 2232
2120 2232
2119 2232
2118 2232
2117 2232
2116 2232
2115 2232
2114 2232
2113 2232
2112 2232
2111 2232
2110 2232
2109 2231
2108 2231
2107 2231
2106 2231
2105 2231
2104 2231
2103 2231
2102 2231
2101 2231
2100 2231
2099 2230
2098 2230
2097 2230
2096 2230
2095 2230
2094 2230
2093 2230
2092 2230
2091 2230
2090 2230
2089 2230
2088 2229
2087 2229
2086 2229
2085 2229
2084 2229
2083 2229
2082 2229
2081 2228
2080 2228
2079 2228
2078 2228
2077 2228
2076 2228
2075 2228
2074 2228
2073 2228
2072 2228
2071 2227
2070 2227
2069 2227
2068 2227
2067 2227
2066 2227
2065 2227
2064 2227
2063 2227
2062 2226
2061 2226
2060 2226
2059 2226
2058 2226
2057 2226
2056 2225
2055 2225
2054 2224
2053 2224
2052 2223
2051 2222
2050 2222
2049 2221
2048 2221
2047 2221
2046 2221
2045 2220
2044 2220
2043 2220
2042 2220
2041 2219
2040 2219
2039 2219
2038 2219
2037 2219
2036 2219
2035 2219
2034 2219
2033 2218
2032 2219
2031 2219
2030 2219
2029 2219
2028 2219
2027 2220
2026 2220
2025 2220
2024 2220
2023 2220
2022 2220
2021 2220
2020 2221
2019 2221
2018 2221
2017 2222
2016 2223
2015 2223
2014 2224
2013 2224
2012 2225
2011 2225
2010 2226
2009 2226
2008 2227
2007 2227
2006 2227
2005 2227
2004 2228
2003 2228
2002 2229
2001 2229
2000 2230
1999 2231
1998 2232
1997 2232
1996 2233
1995 2234
1994 2235
1993 2236
1992 2237
1991 2238
1990 2238
1989 2239
1988 2239
1987 2240
1986 2240
1985 2241
1984 2241
1983 2242
1982 2242
1981 2243
1980 2243
1979 2243
1978 2244
1977 2244
1976 2244
1975 2245
1974 2245
1973 2246
1972 2246
1971 2247
1970 2247
1969 2248
1968 2248
1967 2249
1966 2249
1965 2250
1964 2250
1963 2251
1962 2251
1961 2251
1960 2251
1959 2252
1958 2252
1957 2252
1956 2253
1955 2253
1954 2254
1953 2254
1952 2255
1951 2255
1950 2256
1949 2256
1948 2256
1947 2256
1946 2256
1945 2256
1944 2256
1943 2257
1942 2257
1941 2257
1940 2257
1939 2257
1938 2257
1937 2257
1936 2257
1935 2257
1934 2256
1933 2256
1932 2256
1931 2256
1930 2256
1929 2256
1928 2256
1927 2256
1926 2256
1925 2256
1924 2255
1923 2255
1922 2255
1921 2255
1920 2255
1919 2255
1918 2255
1917 2255
1916 2255
1915 2255
1914 2254
1913 2254
1912 2254
1911 2254
1910 2254
1909 2254
1908 2254
1907 2254
1906 2254
1905 2253
1904 2253
1903 2253
1902 2253
1901 2253
1900 2253
1899 2253
1898 2253
1897 2253
1896 2252
1895 2252
1894 2252
1893 2252
1892 2252
1891 2252
1890 2252
1889 2252
1888 2252
1887 2251
1886 2251
1885 2251
1884 2251
1883 2251
1882 2252
1881 2252
1880 2252
1879 2252
1878 2252
1877 2253
1876 2253
1875 2253
1874 2253
1873 2253
1872 2253
1871 2253
1870 2253
1869 2253
1868 2254
1867 2254
1866 2255
1865 2255
1864 2255
1863 2255
1862 2256
1861 2256
1860 2256
1859 2257
1858 2257
1857 2258
1856 2258
1855 2258
1854 2259
1853 2259
1852 2260
1851 2260
1850 2260
1849 2261
1848 2261
1847 2262
1846 2263
1845 2263
1844 2264
1843 2264
1842 2264
1841 2264
1840 2264
1839 2265
1838 2265
1837 2266
1836 2266
1835 2267
1834 2267
1833 2267
1832 2268
1831 2268
1830 2269
1829 2269
1828 2270
1827 2270
1826 2271
1825 2271
1824 2271
1823 2272
1822 2273
1821 2273
1820 2274
1819 2274
1818 2275
1817 2275
1816 2275
1815 2275
1814 2276
1813 2276
1812 2276
1811 2276
1810 2277
1809 2277
1808 2278
1807 2278
1806 2278
1805 2279
1804 2279
1803 2279
1802 2280
1801 2280
1800 2280
1799 2280
1798 2280
1797 2280
1796 2280
1795 2280
1794 2280
1793 2280
1792 2280
1791 2281
1790 2281
1789 2281
1788 2281
1787 2281
1786 2282
1785 2282
1784 2282
1783 2283
1782 2283
1781 2283
1780 2283
1779 2284
1778 2284
1777 2284
1776 2285
1775 2285
1774 2285
1773 2286
1772 2286
1771 2286
1770 2286
1769 2286
1768 2286
1767 2286
1766 2287
1765 2287
1764 2287
1763 2287
1762 2288
1761 2288
1760 2289
1759 2289
1758 2289
1757 2289
1756 2289
1755 2290
1754 2290
1753 2290
1752 2290
1751 2290
1750 2290
1749 2290
1748 2290
1747 2290
1746 2290
1745 2290
1744 2290
1743 2291
1742 2291
1741 2291
1740 2292
1739 2292
1738 2292
1737 2292
1736 2292
1735 2292
1734 2292
1733 2292
1732 2293
1731 2293
1730 2293
1729 2293
1728 2293
1727 2293
1726 2293
1725 2294
1724 2294
1723 2294
1722 2295
1721 2295
1720 2295
1719 2295
1718 2296
1717 2296
1716 2296
1715 2296
1714 2297
1713 2297
1712 2298
1711 2298
1710 2299
1709 2299
1708 2300
1707 2301
1706 2302
1705 2303
1705 2304
1704 2305
1703 2306
1702 2307
1701 2308
1700 2309
1700 2310
1699 2311
1698 2312
1697 2313
1696 2314
1695 2315
1694 2316
1693 2316
1692 2317
1691 2317
1690 2318
1689 2319
1688 2320
1687 2320
1686 2320
1685 2320
1684 2321
1683 2321
1682 2322
1681 2322
1680 2323
1679 2323
1678 2324
1677 2324
1676 2325
1675 2326
1674 2326
1673 2327
1672 2328
1671 2328
1670 2328
1669 2329
1668 2329
1667 2329
1666 2330
1665 2330
1664 2331
1663 2331
1662 2331
1661 2332
1660 2332
1659 2332
1658 2332
1657 2333
1656 2333
1655 2333
1654 2333
1653 2333
1652 2333
1651 2333
1650 2333
1649 2334
1648 2334
1647 2334
1646 2333
1645 2333
1644 2333
1643 2333
1642 2333
1641 2333
1640 2333
1639 2333
1638 2333
1637 2333
1636 2333
1635 2333
1634 2333
1633 2332
1632 2332
1631 2332
1630 2332
1629 2332
1628 2332
1627 2332
1626 2332
1625 2332
1624 2331
1623 2331
1622 2331
1621 2331
1620 2331
1619 2331
1618 2331
1617 2331
1616 2331
1615 2331
1614 2330
1613 2330
1612 2330
1611 2330
1610 2330
1609 2330
1608 2330
1607 2330
1606 2330
1605 2329
1604 2329
1603 2329
1602 2329
1601 2329
1600 2329
1599 2329
1598 2329
1597 2329
1596 2328
1595 2328
1594 2328
1593 2328
1592 2328
1591 2328
1590 2328
1589 2328
1588 2328
1587 2327
1586 2327
1585 2327
1584 2327
1583 2327
1582 2327
1581 2327
1580 2327
1579 2326
1578 2326
1577 2326
1576 2326
1575 2326
1574 2326
1573 2326
1572 2326
1571 2326
1570 2325
1569 2325
1568 2325
1567 2325
1566 2325
1565 2325
1564 2325
1563 2325
1562 2325
1561 2325
1560 2324
1559 2324
1558 2324
1557 2324
1556 2324
1555 2324
1554 2324
1553 2324
1552 2323
1551 2323
1550 2323
1549 2323
1548 2323
1547 2323
1546 2323
1545 2323
1544 2323
1543 2322
1542 2322
1541 2322
1540 2322
1539 2322
1538 2322
1537 2322
1536 2322
1535 2322
1534 2321
1533 2321
1532 2321
1531 2321
1530 2321
1529 2321
1528 2321
1527 2321
1526 2321
1525 2321
1524 2321
1523 2321
1522 2322
1521 2322
1520 2322
1519 2322
1518 2323
1517 2323
1516 2324
1515 2325
1514 2325
1513 2326
1512 2326
1511 2326
1510 2326
1509 2327
1508 2327
1507 2328
1506 2328
1505 2329
1504 2330
1503 2330
1502 2330
1501 2331
1500 2331
1499 2332
1498 2333
1497 2334
1497 2335
1496 2336
1496 2337
1495 2338
1494 2339
1493 2340
1493 2341
1492 2342
1491 2343
1490 2344
1490 2345
1489 2346
1488 2347
1487 2348
1487 2349
1486 2350
1485 2351
1484 2352
1483 2353
1482 2354
1481 2355
1480 2355
1479 2356
1478 2357
1477 2358
1476 2359
1475 2360
1474 2361
1473 2362
1472 2362
1471 2363
1470 2364
1470 2365
1469 2366
1468 2367
1467 2368
1466 2369
1465 2370
1464 2371
1463 2372
1462 2372
1461 2373
1460 2374
1459 2375
1458 2376
1457 2377
1456 2378
1455 2379
1454 2380
1453 2381
1452 2382
1452 2383
1451 2384
1450 2385
1449 2386
1448 2387
1447 2388
1446 2389
1445 2390
1444 2390
1443 2391
1442 2391
1441 2392
1440 2392
1439 2393
1438 2394
1437 2394
1436 2395
1435 2396
1434 2397
1433 2397
1432 2397
1431 2398
1430 2398
1429 2398
1428 2398
1427 2398
1426 2398
1425 2398
1424 2399
1423 2399
1422 2400
1421 2400
1420 2401
1419 2401
1418 2401
1417 2401
1416 2401
1415 2401
1414 2401
1413 2401
1412 2401
1411 2401
1410 2401
1409 2401
1408 2401
1407 2401
1406 2401
1405 2402
1404 2402
1403 2402
1402 2402
1401 2403
1400 2403
1399 2403
1398 2403
1397 2403
1396 2404
1395 2404
1394 2405
1393 2405
1392 2406
1391 2406
1390 2406
1389 2407
1388 2407
1387 2408
1386 2408
1385 2408
1384 2409
1383 2409
1382 2410
1381 2410
1380 2411
1379 2411
1378 2411
1377 2412
1376 2412
1375 2413
1374 2413
1373 2414
1372 2414
1371 2414
1370 2415
1369 2415
1368 2415
1367 2416
1366 2416
1365 2417
1364 2418
1363 2419
1362 2420
1361 2421
1360 2422
1359 2422
1358 2423
1357 2423
1356 2424
1355 2424
1354 2424
1353 2425
1352 2425
1351 2426
1350 2426
1349 2427
1348 2427
1347 2427
1346 2428
1345 2428
1344 2429
1343 2429
1342 2430
1341 2430
1340 2431
1339 2431
1338 2432
1337 2433
1336 2434
1335 2434
1334 2435
1333 2435
1332 2436
1331 2436
1330 2436
1329 2437
1328 2437
1327 2438
1326 2439
1325 2440
1324 2441
1323 2441
1322 2442
1321 2443
1320 2444
1319 2444
1318 2445
1318 2446
1319 2446
1320 2446
1321 2445
1322 2445
1323 2445
1324 2445
1325 2445
1326 2445
1327 2444
1328 2444
1329 2444
1330 2444
1331 2444
1332 2444
1333 2444
1334 2444
1335 2444
1336 2444
1337 2444
1338 2444
1339 2444
1340 2445
1341 2445
1342 2445
1343 2445
1344 2445
1345 2445
1346 2445
1347 2445
1348 2445
1349 2445
1350 2445
1351 2445
1352 2444
1353 2444
1354 2444
1355 2444
1356 2443
1357 2443
1358 2443
1359 2443
1360 2443
1361 2443
1362 2443
1363 2443
1364 2443
1365 2443
1366 2443
1367 2443
1368 2443
1369 2443
1370 2443
1371 2443
1372 2443
1373 2443
1374 2443
1375 2443
1376 2443
1377 2443
1378 2444
1379 2444
1380 2444
1381 2444
1382 2444
1383 2444
1384 2444
1385 2444
1386 2444
1387 2445
1388 2445
1389 2445
1390 2445
1391 2445
1392 2445
1393 2445
1394 2445
1395 2445
1396 2445
1397 2446
1398 2446
1399 2446
1400 2446
1401 2446
1402 2446
1403 2446
1404 2446
1405 2447
1406 2447
1407 2447
1408 2447
1409 2447
1410 2447
1411 2447
1412 2447
1413 2447
1414 2447
1415 2448
1416 2448
1417 2448
1418 2448
1419 2448
1420 2448
1421 2448
1422 2448
1423 2448
1424 2447
1425 2447
1426 2446
1427 2446
1428 2446
1429 2446
1430 2446
1431 2446
1432 2446
1433 2446
1434 2446
1435 2446
1436 2446
1437 2446
1438 2446
1439 2446
1440 2445
1441 2445
1442 2445
1443 2445
1444 2444
1445 2444
1446 2444
1447 2444
1448 2444
1449 2444
1450 2444
1451 2443
1452 2443
1453 2443
1454 2443
1455 2443
1456 2443
1457 2443
1458 2443
1459 2443
1460 2443
1461 2442
1462 2442
1463 2442
1464 2441
1465 2441
1466 2440
1467 2440
1468 2439
1469 2438
1470 2438
1471 2437
1472 2437
1473 2437
1474 2437
1475 2437
1476 2436
1477 2436
1478 2436
1479 2436
1480 2436
1481 2436
1482 2436
1483 2436
1484 2436
1485 2435
1486 2435
1487 2435
1488 2434
1489 2434
1490 2434
1491 2434
1492 2433
1493 2432
1494 2431
1495 2431
1496 2430
1497 2430
1498 2429
1499 2429
1500 2429
1501 2429
1502 2429
1503 2429
1504 2428
1505 2428
1506 2428
1507 2427
1508 2427
1509 2426
1510 2426
1511 2426
1512 2426
1513 2425
1514 2425
1515 2425
1516 2425
1517 2425
1518 2425
1519 2425
1520 2425
1521 2425
1522 2425
1523 2425
1524 2425
1525 2425
1526 2425
1527 2425
1528 2425
1529 2426
1530 2426
1531 2426
1532 2426
1533 2426
1534 2426
1535 2426
1536 2426
1537 2426
1538 2427
1539 2427
1540 2427
1541 2427
1542 2427
1543 2427
1544 2427
1545 2426
1546 2426
1547 2426
1548 2425
1549 2425
1550 2425
1551 2425
1552 2424
1553 2424
1554 2424
1555 2424
1556 2424
1557 2424
1558 2424
1559 2424
1560 2425
1561 2424
1562 2424
1563 2424
1564 2424
1565 2424
1566 2424
1567 2423
1568 2423
1569 2423
1570 2423
1571 2422
1572 2422
1573 2422
1574 2422
1575 2422
1576 2422
1577 2422
1578 2422
1579 2422
1580 2422
1581 2422
1582 2422
1583 2422
1584 2422
1585 2422
1586 2422
1587 2423
1588 2423
1589 2423
1590 2423
1591 2423
1592 2423
1593 2423
1594 2423
1595 2423
1596 2423
1597 2423
1598 2423
1599 2424
1600 2424
1601 2424
1602 2424
1603 2424
1604 2424
1605 2424
1606 2424
1607 2424
1608 2424
1609 2425
1610 2425
1611 2425
1612 2425
1613 2425
1614 2425
1615 2425
1616 2425
1617 2424
1618 2424
1619 2424
1620 2424
1621 2424
1622 2423
1623 2423
1624 2423
1625 2423
1626 2423
1627 2423
1628 2423
1629 2423
1630 2423
1631 2423
1632 2423
1633 2423
1634 2423
1635 2423
1636 2423
1637 2423
1638 2423
1639 2423
1640 2424
1641 2424
1642 2424
1643 2424
1644 2424
1645 2424
1646 2424
1647 2424
1648 2424
1649 2424
1650 2424
1651 2423
1652 2423
1653 2423
1654 2422
1655 2422
1656 2422
1657 2422
1658 2421
1659 2421
1660 2420
1661 2420
1662 2420
1663 2419
1664 2419
1665 2419
1666 2419
1667 2419
1668 2419
1669 2418
1670 2418
1671 2418
1672 2418
1673 2418
1674 2418
1675 2418
1676 2418
1677 2417
1678 2417
1679 2417
1680 2416
1681 2416
1682 2416
1683 2415
1684 2415
1685 2415
1686 2415
1687 2415
1688 2415
1689 2415
1690 2415
1691 2415
1692 2415
1693 2415
1694 2415
1695 2415
1696 2415
1697 2415
1698 2415
1699 2415
1700 2415
1701 2415
1702 2415
1703 2414
1704 2414
1705 2413
1706 2413
1707 2413
1708 2413
1709 2413
1710 2412
1711 2412
1712 2412
1713 2412
1714 2412
1715 2412
1716 2412
1717 2412
1718 2412
1719 2411
1720 2411
1721 2410
1722 2409
1723 2408
1724 2408
1725 2407
1726 2406
1727 2406
1728 2406
1729 2405
1730 2405
1731 2404
1732 2404
1733 2404
1734 2403
1735 2403
1736 2402
1737 2402
1738 2401
1739 2401
1740 2401
1741 2400
1742 2400
1743 2399
1744 2398
1745 2398
1746 2397
1747 2397
1748 2397
1749 2397
1750 2397
1751 2397
1752 2397
1753 2397
1754 2397
1755 2397
1756 2397
1757 2397
1758 2397
1759 2397
1760 2397
1761 2397
1762 2397
1763 2397
1764 2397
1765 2397
1766 2397
1767 2397
1768 2398
1769 2399
1770 2400
1770 2401
1770 2402
1770 2403
1770 2404
1770 2405
1770 2406
1770 2407
1770 2408
1770 2409
1770 2410
1770 2411
1770 2412
1769 2413
1768 2414
1767 2415
1766 2416
1765 2417
1764 2417
1763 2418
1762 2418
1761 2418
1760 2419
1759 2420
1758 2421
1757 2422
1756 2423
1755 2424
1754 2425
1753 2425
1752 2426
1751 2427
1750 2427
1749 2428
1748 2428
1747 2428
1746 2429
1745 2429
1745 2430
1746 2430
1747 2429
1748 2429
1749 2429
1750 2429
1751 2429
1752 2428
1753 2428
1754 2428
1755 2428
1756 2427
1757 2427
1758 2426
1759 2426
1760 2425
1761 2425
1762 2424
1763 2424
1764 2424
1765 2423
1766 2423
1767 2422
1768 2422
1769 2421
1770 2421
1771 2420
1772 2420
1773 2420
1774 2419
1775 2418
1776 2417
1776 2416
1777 2415
1778 2414
1779 2413
1780 2412
1781 2411
1782 2410
1782 2409
1783 2408
1784 2407
1785 2407
1786 2406
1787 2405
1788 2404
1789 2403
1790 2403
1791 2402
1792 2402
1793 2402
1794 2402
1795 2402
1796 2401
1797 2401
1798 2400
1799 2400
1800 2399
1801 2399
1802 2399
1803 2398
1804 2398
1805 2398
1806 2398
1807 2398
1808 2398
1809 2398
1810 2398
1811 2398
1812 2398
1813 2398
1814 2398
1815 2398
1816 2398
1817 2398
1818 2398
1819 2398
1820 2399
1821 2399
1822 2399
1823 2399
1824 2399
1825 2399
1826 2399
1827 2399
1828 2399
1829 2399
1830 2400
1831 2400
1832 2400
1833 2400
1834 2400
1835 2400
1836 2400
1837 2400
1838 2400
1839 2401
1840 2401
1841 2401
1842 2401
1843 2401
1844 2401
1845 2401
1846 2401
1847 2401
1848 2401
1849 2402
1850 2402
1851 2402
1852 2402
1853 2402
1854 2402
1855 2402
1856 2402
1857 2403
1858 2403
1859 2403
1860 2403
1861 2403
1862 2403
1863 2403
1864 2403
1865 2404
1866 2404
1867 2404
1868 2404
1869 2404
1870 2404
1871 2404
1872 2404
1873 2404
1874 2404
1875 2405
1876 2405
1877 2405
1878 2405
1879 2405
1880 2405
1881 2405
1882 2405
1883 2406
1884 2406
1885 2406
1886 2406
1887 2406
1888 2406
1889 2406
1890 2406
1891 2406
1892 2407
1893 2407
1894 2407
1895 2407
1896 2407
1897 2407
1898 2407
1899 2407
1900 2407
1901 2407
1902 2408
1903 2408
1904 2408
1905 2408
1906 2408
1907 2408
1908 2408
1909 2408
1910 2409
1911 2409
1912 2409
1913 2409
1914 2409
1915 2409
1916 2409
1917 2409
1918 2409
1919 2410
1920 2410
1921 2410
1922 2410
1923 2410
1924 2410
1925 2410
1926 2410
1927 2410
1928 2411
1929 2411
1930 2411
1931 2411
1932 2411
1933 2411
1934 2411
1935 2411
1936 2411
1937 2412
1938 2412
1939 2412
1940 2412
1941 2412
1942 2412
1943 2412
1944 2412
1945 2413
1946 2413
1947 2413
1948 2413
1949 2413
1950 2413
1951 2413
1952 2413
1953 2413
1954 2413
1955 2414
1956 2414
1957 2414
1958 2414
1959 2414
1960 2414
1961 2414
1962 2415
1963 2415
1964 2416
1965 2416
1966 2417
1967 2417
1968 2417
1969 2418
1970 2418
1971 2418
1972 2419
1973 2419
1974 2419
1975 2420
1976 2420
1977 2420
1978 2420
1979 2420
1980 2421
1981 2421
1982 2421
1983 2422
1984 2423
1985 2423
1986 2424
1987 2424
1988 2425
1989 2426
1990 2426
1991 2427
1992 2427
1993 2427
1994 2427
1995 2428
1996 2428
1997 2428
1998 2428
1999 2428
2000 2428
2001 2429
2002 2429
2003 2429
2004 2429
2005 2429
2006 2429
2007 2429
2008 2429
2009 2429
2010 2430
2011 2430
2012 2430
2013 2430
2014 2430
2015 2430
2016 2430
2017 2431
2018 2431
2019 2431
2020 2431
2021 2431
2022 2431
2023 2431
2024 2431
2025 2431
2026 2432
2027 2432
2028 2432
2029 2432
2030 2432
2031 2432
2032 2432
2033 2432
2034 2432
2035 2433
2036 2433
2037 2433
2038 2433
2039 2433
2040 2433
2041 2433
2042 2433
2043 2434
2044 2434
2045 2434
2046 2434
2047 2434
2048 2434
2049 2434
2050 2434
2051 2434
2052 2435
2053 2435
2054 2435
2055 2435
2056 2435
2057 2435
2058 2435
2059 2435
2060 2435
2061 2436
2062 2436
2063 2436
2064 2436
2065 2436
2066 2436
2067 2436
2068 2436
2069 2436
2070 2437
2071 2437
2072 2437
2073 2437
2074 2437
2075 2437
2076 2437
2077 2437
2078 2438
2079 2438
2080 2438
2081 2438
2082 2438
2083 2438
2084 2438
2085 2438
2086 2437
2087 2437
2088 2437
2089 2437
2090 2437
2091 2437
2092 2437
2093 2436
2094 2436
2095 2436
2096 2436
2097 2436
2098 2436
2099 2436
2100 2436
2101 2436
2102 2436
2103 2436
2104 2436
2105 2436
2106 2436
2107 2437
2108 2437
2109 2437
2110 2437
2111 2437
2112 2437
2113 2437
2114 2437
2115 2437
2116 2437
2117 2437
2118 2437
2119 2438
2120 2438
2121 2438
2122 2438
2123 2438
2124 2438
2125 2438
2126 2438
2127 2438
2128 2438
2129 2438
2130 2438
2131 2439
2132 2439
2133 2439
2134 2439
2135 2439
2136 2439
2137 2439
2138 2439
2139 2439
2140 2439
2141 2440
2142 2440
2143 2441
2144 2442
2145 2442
2146 2443
2147 2443
2148 2444
2149 2445
2150 2445
2151 2446
2152 2447
2153 2448
2154 2448
2155 2449
2156 2449
2157 2449
2158 2450
2159 2450
2160 2451
2161 2451
2162 2451
2163 2451
2164 2452
2165 2452
2166 2452
2167 2452
2168 2452
2169 2453
2170 2453
2171 2453
2172 2453
2173 2453
2174 2453
2175 2453
2176 2454
2177 2454
2178 2454
2179 2454
2180 2454
2181 2454
2182 2454
2183 2454
2184 2454
2185 2455
2186 2455
2187 2455
2188 2455
2189 2455
2190 2456
2191 2456
2192 2457
2193 2457
2194 2458
2195 2458
2196 2459
2197 2459
2198 2459
2199 2460
2200 2460
2201 2460
2202 2461
2203 2461
2204 2461
2205 2461
2206 2461
2207 2462
2208 2462
2209 2462
2210 2462
2211 2462
2212 2463
2213 2463
2214 2463
2215 2463
2216 2463
2217 2463
2218 2463
2219 2464
2220 2464
2221 2465
2222 2466
2223 2466
2224 2467
2225 2467
2226 2468
2227 2468
2228 2468
2229 2469
2230 2469
2231 2469
2232 2469
2233 2469
2234 2470
2235 2470
2236 2471
2237 2471
2238 2471
2239 2472
2240 2472
2241 2473
2242 2473
2243 2474
2244 2474
2245 2474
2246 2475
2247 2475
2248 2476
2249 2477
2250 2477
2251 2478
2252 2478
2253 2479
2254 2479
2255 2480
2256 2480
2257 2481
2258 2481
2259 2481
2260 2482
2261 2482
2262 2482
2263 2482
2264 2483
2265 2483
2266 2483
2267 2483
2268 2483
2269 2484
2270 2484
2271 2484
2272 2484
2273 2484
2274 2484
2275 2485
2276 2485
2277 2485
2278 2485
2279 2485
2280 2485
2281 2485
2282 2485
2283 2486
2284 2486
2285 2486
2286 2486
2287 2486
2288 2486
2289 2486
2290 2486
2291 2487
2292 2487
2293 2487
2294 2487
2295 2487
2296 2487
2297 2487
2298 2487
2299 2487
2300 2487
2301 2488
2302 2488
2303 2488
2304 2488
2305 2488
2306 2488
2307 2488
2308 2489
2309 2489
2310 2489
2311 2489
2312 2489
2313 2489
2314 2489
2315 2489
2316 2489
2317 2490
2318 2490
2319 2491
2320 2491
2321 2491
2322 2492
2323 2492
2324 2493
2325 2493
2326 2493
2327 2494
2328 2494
2329 2494
2330 2495
2331 2495
2332 2495
2333 2495
2334 2496
2335 2496
2336 2496
2337 2496
2338 2496
2339 2497
2340 2497
2341 2497
2342 2497
2343 2497
2344 2497
2345 2497
2346 2498
2347 2498
2348 2498
2349 2498
2350 2498
2351 2498
2352 2498
2353 2498
2354 2499
2355 2499
2356 2499
2357 2499
2358 2499
2359 2499
2360 2499
2361 2500
2362 2500
2363 2500
2364 2500
2365 2500
2366 2500
2367 2500
2368 2500
2369 2500
2370 2500
2371 2501
2372 2501
2373 2501
2374 2501
2375 2501
2376 2501
2377 2501
2378 2501
2379 2501
2380 2502
2381 2502
2382 2502
2383 2502
2384 2502
2385 2502
2386 2502
2387 2502
2388 2503
2389 2503
2390 2503
2391 2503
2392 2503
2393 2503
2394 2503
2395 2503
2396 2503
2397 2504
2398 2504
2399 2504
2400 2504
2401 2504
2402 2504
2403 2504
2404 2504
2405 2504
2406 2504
2407 2505
2408 2505
2409 2505
2410 2505
2411 2505
2412 2505
2413 2505
2414 2506
2415 2506
2416 2506
2417 2506
2418 2506
2419 2506
2420 2506
2421 2506
2422 2506
2423 2507
2424 2507
2425 2507
2426 2507
2427 2507
2428 2507
2429 2507
2430 2507
2431 2507
2432 2507
2433 2508
2434 2508
2435 2508
2436 2508
2437 2508
2438 2508
2439 2508
2440 2509
2441 2509
2442 2509
2443 2509
2444 2509
2445 2509
2446 2509
2447 2509
2448 2509
2449 2509
2450 2510
2451 2510
2452 2510
2453 2510
2454 2510
2455 2510
2456 2510
2457 2510
2458 2510
2459 2510
2460 2511
2461 2511
2462 2511
2463 2511
2464 2511
2465 2511
2466 2512
2467 2513
2468 2513
2469 2514
2470 2514
2471 2514
2472 2515
2473 2515
2474 2515
2475 2516
2476 2516
2477 2516
2478 2517
2479 2517
2480 2517
2481 2517
2482 2517
2483 2518
2484 2518
2485 2519
2486 2519
2487 2520
2488 2520
2489 2520
2490 2521
2491 2521
2492 2522
2493 2522
2494 2523
2495 2524
2496 2524
2497 2525
2498 2525
2499 2526
2500 2527
2501 2527
2502 2528
2503 2528
2504 2529
2505 2529
2506 2529
2507 2529
2508 2530
2509 2530
2510 2530
2511 2530
2512 2531
2513 2531
2514 2531
2515 2531
2516 2531
2517 2532
2518 2532
2519 2532
2520 2532
2521 2532
2522 2532
2523 2532
2524 2533
2525 2533
2526 2533
2527 2533
2528 2533
2529 2533
2530 2533
2531 2534
2532 2534
2533 2534
2534 2534
2535 2534
2536 2534
2537 2534
2538 2534
2539 2535
2540 2535
2541 2535
2542 2535
2543 2535
2544 2535
2545 2535
2546 2535
2547 2536
2548 2536
2549 2536
2550 2536
2551 2536
2552 2536
2553 2536
2554 2536
2555 2536
2556 2537
2557 2537
2558 2537
2559 2537
2560 2537
2561 2537
2562 2537
2563 2537
2564 2537
2565 2538
2566 2538
2567 2538
2568 2538
2569 2538
2570 2538
2571 2538
2572 2538
2573 2539
2574 2539
2575 2539
2576 2539
2577 2539
2578 2539
2579 2539
2580 2539
2581 2539
2582 2540
2583 2540
2584 2540
2585 2540
2586 2540
2587 2540
2588 2540
2589 2540
2590 2540
2591 2540
2592 2541
2593 2541
2594 2541
2595 2541
2596 2541
2597 2541
2598 2541
2599 2541
2600 2542
2601 2542
2602 2542
2603 2542
2604 2542
2605 2542
2606 2542
2607 2542
2608 2542
2609 2543
2610 2543
2611 2543
2612 2543
2613 2543
2614 2543
2615 2543
2616 2543
2617 2543
2618 2544
2619 2544
2620 2544
2621 2544
2622 2544
2623 2544
2624 2544
2625 2544
2626 2545
2627 2545
2628 2545
2629 2545
2630 2545
2631 2545
2632 2545
2633 2545
2634 2545
2635 2545
2636 2546
2637 2546
2638 2546
2639 2546
2640 2546
2641 2546
2642 2546
2643 2546
2644 2546
2645 2547
2646 2547
2647 2547
2648 2547
2649 2547
2650 2547
2651 2547
2652 2547
2653 2548
2654 2548
2655 2548
2656 2548
2657 2548
2658 2548
2659 2548
2660 2548
2661 2548
2662 2549
2663 2549
2664 2549
2665 2549
2666 2549
2667 2549
2668 2549
2669 2549
2670 2549
2671 2550
2672 2550
2673 2550
2674 2550
2675 2550
2676 2550
2677 2550
2678 2550
2679 2551
2680 2551
2681 2551
2682 2551
2683 2551
2684 2551
2685 2551
2686 2551
2687 2551
2688 2551
2689 2552
2690 2552
2691 2552
2692 2552
2693 2552
2694 2552
2695 2552
2696 2552
2697 2552
2698 2553
2699 2553
2700 2553
2701 2553
2702 2553
2703 2553
2704 2553
2705 2553
2706 2554
2707 2554
2708 2554
2709 2554
2710 2554
2711 2554
2712 2554
2713 2554
2714 2554
2715 2555
2716 2555
2717 2555
2718 2555
2719 2555
2720 2555
2721 2555
2722 2555
2723 2555
2724 2556
2725 2556
2726 2556
2727 2556
2728 2556
2729 2556
2730 2556
2731 2556
2732 2557
2733 2557
2734 2557
2735 2557
2736 2557
2737 2557
2738 2557
2739 2557
2740 2557
2741 2557
2742 2558
2743 2558
2744 2558
2745 2558
2746 2558
2747 2558
2748 2558
2749 2558
2750 2558
2751 2559
2752 2559
2753 2559
2754 2559
2755 2559
2756 2559
2757 2559
2758 2559
2759 2560
2760 2560
2761 2560
2762 2560
2763 2560
2764 2560
2765 2560
2766 2560
2767 2560
2768 2561
2769 2561
2770 2561
2771 2561
2772 2561
2773 2561
2774 2561
2775 2561
2776 2561
2777 2561
2778 2562
2779 2562
2780 2562
2781 2562
2782 2562
2783 2562
2784 2562
2785 2563
2786 2563
2787 2563
2788 2563
2789 2563
2790 2563
2791 2563
2792 2563
2793 2563
2794 2563
2795 2564
2796 2564
2797 2564
2798 2564
2799 2564
2800 2564
2801 2564
2802 2564
2803 2564
2804 2565
2805 2565
2806 2565
2807 2565
2808 2565
2809 2565
2810 2565
2811 2565
2812 2566
2813 2566
2814 2566
2815 2566
2816 2566
2817 2566
2818 2566
2819 2566
2820 2566
2821 2567
2822 2567
2823 2567
2824 2567
2825 2567
2826 2567
2827 2567
2828 2567
2829 2567
2830 2567
2831 2568
2832 2568
2833 2568
2834 2568
2835 2568
2836 2568
2837 2568
2838 2569
2839 2569
2840 2569
2841 2569
2842 2569
2843 2569
2844 2569
2845 2569
2846 2569
2847 2569
2848 2570
2849 2570
2850 2570
2851 2570
2852 2570
2853 2570
2854 2570
2855 2570
2856 2570
2857 2571
2858 2571
2859 2571
2860 2571
2861 2571
2862 2571
2863 2571
2864 2571
2865 2572
2866 2572
2867 2572
2868 2572
2869 2572
2870 2572
2871 2572
2872 2572
2873 2572
2874 2572
2875 2573
2876 2573
2877 2573
2878 2573
2879 2573
2880 2573
2881 2573
2882 2573
2883 2573
2884 2574
2885 2574
2886 2574
2887 2574
2888 2574
2889 2574
2890 2574
2891 2574
2892 2575
2893 2575
2894 2575
2895 2575
2896 2575
2897 2575
2898 2574
2899 2574
2900 2574
2901 2574
2902 2573
2903 2573
2904 2573
2905 2573
2906 2573
2907 2573
2908 2573
2909 2573
2910 2573
2911 2573
2912 2573
2913 2573
2914 2573
2915 2573
2916 2573
2917 2573
2918 2573
2919 2573
2920 2573
2921 2573
2922 2573
2923 2573
2924 2573
2925 2573
2926 2573
2927 2574
2928 2574
2929 2574
2930 2574
2931 2574
2932 2574
2933 2574
2934 2574
2935 2574
2936 2574
2937 2575
2938 2575
2939 2575
2940 2575
2941 2575
2942 2575
2943 2575
2944 2576
2945 2576
2946 2576
2947 2576
2948 2576
2949 2576
2950 2576
2951 2576
2952 2577
2953 2577
2954 2577
2955 2578
2956 2578
2957 2578
2958 2579
2959 2579
2960 2580
2961 2580
2962 2580
2963 2581
2964 2581
2965 2581
2966 2582
2967 2582
2968 2582
2969 2582
2970 2583
2971 2583
2972 2583
2973 2583
2974 2583
2975 2583
2976 2584
2977 2584
2978 2584
2979 2584
2980 2584
2981 2584
2982 2584
2983 2585
2984 2585
2985 2585
2986 2585
2987 2585
2988 2585
2989 2585
2990 2585
2991 2586
2992 2586
2993 2586
2994 2586
2995 2586
2996 2586
2997 2586
2998 2587
2999 2587
3000 2587
3001 2587
3002 2587
3003 2587
3004 2587
3005 2587
3006 2587
3007 2588
3008 2588
3009 2588
3010 2588
3011 2588
3012 2588
3013 2588
3014 2588
3015 2588
3016 2588
3017 2589
3018 2589
3019 2589
3020 2589
3021 2589
3022 2589
3023 2589
3024 2590
3025 2590
3026 2590
3027 2590
3028 2590
3029 2590
3030 2590
3031 2590
3032 2590
3033 2590
3034 2590
3035 2590
3036 2590
3037 2589
3038 2589
3039 2589
3040 2589
3041 2588
3042 2588
3043 2588
3044 2588
3045 2588
3046 2588
3047 2588
3048 2588
3049 2588
3050 2588
3051 2588
3052 2588
3053 2587
3054 2587
3055 2587
3056 2587
3057 2587
3058 2586
3059 2586
3060 2586
3061 2586
3062 2586
3063 2586
3064 2586
3065 2586
3066 2586
3067 2586
3068 2586
3069 2586
3070 2586
3071 2586
3072 2586
3073 2585
3074 2585
3075 2585
3076 2585
3077 2585
3078 2585
3079 2585
3080 2584
3081 2584
3082 2584
3083 2584
3084 2584
3085 2584
3086 2584
3087 2584
3088 2584
3089 2584
3090 2584
3091 2584
3092 2584
3093 2583
3094 2583
3095 2583
3096 2583
3097 2583
3098 2583
3099 2582
3100 2582
3101 2582
3102 2582
3103 2582
3104 2582
3105 2582
3106 2582
3107 2581
3108 2581
3109 2581
3110 2580
3111 2580
3112 2580
3113 2579
3114 2579
3115 2579
3116 2578
3117 2578
3118 2578
3119 2578
3120 2578
3121 2577
3122 2577
3123 2577
3124 2577
3125 2576
3126 2576
3127 2576
3128 2575
3129 2575
3130 2575
3131 2575
3132 2574
3133 2574
3134 2574
3135 2574
3136 2574
3137 2574
3138 2574
3139 2574
3140 2574
3141 2574
3142 2574
3143 2574
3144 2574
3145 2574
3146 2574
3147 2574
3148 2574
3149 2573
3150 2573
3151 2573
3152 2573
3153 2573
3154 2572
3155 2572
3156 2572
3157 2572
3158 2572
3159 2572
3160 2571
3161 2571
3162 2571
3163 2571
3164 2571
3165 2571
3166 2571
3167 2571
3168 2571
3169 2570
3170 2570
3171 2569
3172 2569
3173 2569
3174 2569
3175 2568
3176 2568
3177 2568
3178 2568
3179 2568
3180 2567
3181 2567
3182 2566
3183 2566
3184 2565
3185 2564
3186 2564
3187 2563
3188 2562
3189 2562
3190 2561
3191 2561
3192 2560
3193 2559
3194 2559
3195 2558
3196 2557
3197 2557
3198 2556
3199 2556
3200 2555
3201 2554
3202 2554
3203 2553
3204 2552
3205 2552
3206 2551
3207 2551
3208 2550
3209 2549
3210 2549
3211 2548
3212 2547
3213 2547
3214 2546
3215 2545
3216 2544
3217 2543
3218 2542
3219 2541
3220 2540
3221 2539
3222 2538
3223 2537
3224 2536
3225 2535
3225 2534
3226 2533
3227 2532
3228 2531
3229 2530
3230 2529
3231 2528
3232 2527
3233 2526
3234 2526
3235 2525
3236 2524
3237 2524
3238 2523
3239 2522
3240 2521
3241 2520
3242 2519
3243 2519
3244 2518
3245 2518
3246 2518
3247 2517
3248 2517
3249 2516
3250 2516
3250 2515
3251 2514
3252 2514
3253 2513
3254 2513
3255 2513
3256 2513
3257 2513
3258 2512
3259 2511
3260 2510
3261 2509
3261 2508
3262 2507
3262 2506
3263 2505
3263 2504
3264 2503
3265 2502
3266 2501
3267 2500
3267 2499
3268 2498
3268 2497
3269 2496
3269 2495
3269 2494
3270 2493
3270 2492
3270 2491
3270 2490
3270 2489
3271 2488
3271 2487
3271 2486
3271 2485
3271 2484
3271 2483
3271 2482
3271 2481
3272 2480
3272 2479
3272 2478
3272 2477
3272 2476
3272 2475
3272 2474
3272 2473
3272 2472
3273 2471
3273 2470
3273 2469
3273 2468
3273 2467
3273 2466
3273 2465
3272 2464
3272 2463
3272 2462
3272 2461
3272 2460
3271 2459
3271 2458
3271 2457
3270 2456
3270 2455
3269 2454
3269 2453
3269 2452
3268 2451
3268 2450
3268 2449
3267 2448
3267 2447
3267 2446
3267 2445
3266 2444
3266 2443
3265 2442
3264 2441
3264 2440
3264 2439
3263 2438
3263 2437
3263 2436
3263 2435
3263 2434
3263 2433
3263 2432
3263 2431
3262 2430
3262 2429
3262 2428
3261 2427
3261 2426
3260 2425
3260 2424
3260 2423
3260 2422
3260 2421
3260 2420
3260 2419
3260 2418
3259 2417
3259 2416
3258 2415
3258 2414
3258 2413
3257 2412
3257 2411
3257 2410
3256 2409
3256 2408
3256 2407
3255 2406
3255 2405
3254 2404
3254 2403
3253 2402
3253 2401
3253 2400
3252 2399
3252 2398
3251 2397
3251 2396
3250 2395
3250 2394
3249 2393
3249 2392
3248 2391
3247 2390
3247 2389
3246 2388
3246 2387
3246 2386
3245 2385
3245 2384
3245 2383
3244 2382
3244 2381
3243 2380
3242 2379
3241 2378
3240 2377
3239 2376
3238 2375
3237 2374
3236 2373
3235 2372
3235 2371
3234 2370
3233 2369
3232 2368
3231 2367
3230 2366
3229 2365
3228 2364
3228 2363
3228 2362
3227 2361
3227 2360
3226 2359
3226 2358
3226 2357
3225 2356
3225 2355
3224 2354
3223 2353
3222 2352
3221 2351
3221 2350
3220 2349
3220 2348
3219 2347
3218 2346
3218 2345
3217 2344
3216 2343
3215 2342
3215 2341
3214 2340
3213 2339
3213 2338
3212 2337
3211 2336
3211 2335
3210 2334
3209 2333
3209 2332
3208 2331
3208 2330
3207 2329
3207 2328
3206 2327
3206 2326
3206 2325
3205 2324
3205 2323
3204 2322
3203 2321
3203 2320
3202 2319
3202 2318
3201 2317
3200 2316
3199 2315
3198 2314
3197 2313
3196 2312
3195 2311
3194 2310
3193 2309
3192 2308
3192 2307
3191 2306
3191 2305
3191 2304
3190 2303
3190 2302
3190 2301
3189 2300
3188 2299
3187 2298
3186 2297
3186 2296
3185 2295
3184 2294
3183 2293
3182 2292
3181 2291
3180 2291
3179 2290
3178 2289
3177 2288
3176 2287
3175 2286
3174 2285
3173 2284
3172 2283
3171 2282
3171 2281
3170 2280
3169 2279
3168 2278
3168 2277
3167 2276
3166 2276
3165 2275
3164 2274
3163 2274
3162 2273
3161 2273
3160 2272
3159 2272
3158 2272
3157 2272
3156 2271
3155 2271
3154 2271
3153 2271
3152 2270
3151 2270
3150 2269
3149 2268
3148 2267
3147 2267
3146 2266
3145 2265
3144 2265
3143 2264
3142 2263
3141 2262
3140 2262
3139 2261
3138 2261
3137 2260
3136 2260
3135 2259
3134 2259
3133 2259
3132 2259
3131 2258
3130 2258
3129 2258
3128 2258
3127 2258
3126 2257
3125 2257
3124 2257
3123 2257
3122 2257
3121 2257
3120 2257
3119 2256
3118 2256
3117 2256
3116 2256
3115 2256
3114 2255
3113 2255
3112 2255
3111 2255
3110 2255
3109 2255
3108 2255
3107 2255
3106 2254
3105 2254
3104 2254
3103 2254
3102 2254
3101 2254
3100 2254
3099 2254
3098 2254
3097 2253
3096 2253
3095 2253
3094 2253
3093 2252
3092 2252
3091 2251
3090 2251
3089 2250
3088 2250
3087 2250
3086 2249
3085 2249
3084 2249
3083 2248
3082 2248
3081 2248
3080 2247
3079 2247
3078 2247
3077 2247
3076 2247
3075 2247
3074 2246
3073 2246
3072 2246
3071 2246
3070 2246
3069 2246
3068 2245
3067 2245
3066 2244
3065 2244
3064 2243
3063 2242
3062 2242
3061 2242
3060 2241
3059 2241
3058 2240
3057 2240
3056 2240
3055 2240
3054 2239
3053 2239
3052 2239
3051 2239
3050 2239
3049 2239
3048 2238
3047 2238
3046 2238
3045 2238
3044 2238
3043 2238
3042 2238
3041 2237
3040 2237
3039 2237
3038 2237
3037 2236
3036 2236
3035 2235
3034 2235
3033 2234
3032 2234
3031 2233
3030 2232
3029 2231
3028 2231
3027 2230
3026 2229
3025 2229
3024 2228
3023 2228
3022 2227
3021 2227
3020 2226
3019 2226
3018 2226
3017 2226
3016 2225
3015 2225
3014 2225
3013 2225
3012 2224
3011 2224
3010 2224
3009 2224
3008 2224
3007 2224
3006 2223
3005 2223
3004 2223
3003 2223
3002 2222
3001 2222
3000 2221
2999 2221
2998 2220
2997 2220
2996 2219
2995 2219
2994 2219
2993 2218
2992 2218
2991 2218
2990 2218
2989 2217
2988 2217
2987 2217
2986 2217
2985 2216
2984 2216
2983 2216
2982 2216
2981 2216
2980 2216
2979 2215
2978 2215
2977 2215
2976 2215
2975 2215
2974 2214
2973 2214
2972 2214
2971 2213
2970 2212
2969 2212
2968 2211
2967 2211
2966 2211
2965 2210
2964 2210
2963 2210
2962 2209
2961 2209
2960 2208
2959 2207
2958 2206
2957 2205
2956 2205
2955 2205
2954 2204
2953 2204
2952 2203
2951 2203
2950 2203
2949 2202
2948 2201
2947 2201
2946 2200
2945 2199
2944 2199
2943 2198
2942 2198
2941 2198
2940 2197
2939 2197
2938 2197
2937 2197
2936 2196
2935 2196
2934 2196
2933 2195
2932 2195
2931 2195
2930 2195
2929 2194
2928 2193
2927 2193
2926 2192
2925 2192
2924 2191
2923 2191
2922 2190
2921 2190
2920 2190
2919 2190
2918 2189
2917 2189
2916 2189
2915 2189
2914 2188
2913 2188
2912 2188
2911 2188
2910 2188
2909 2188
2908 2188
2907 2187
2906 2187
2905 2187
2904 2187
2903 2187
2902 2187
2901 2186
2900 2186
2899 2186
2898 2186
2897 2186
2896 2186
2895 2186
2894 2186
2893 2186
2892 2185
2891 2185
2890 2185
2889 2185
2888 2185
2887 2185
2886 2185
2885 2185
2884 2185
2883 2184
2882 2184
2881 2184
2880 2184
2879 2184
2878 2184
2877 2184
2876 2184
2875 2183
2874 2183
2873 2183
2872 2183
2871 2183
2870 2183
2869 2183
2868 2183
2867 2182
2866 2182
2865 2182
2864 2182
2863 2182
2862 2182
2861 2182
2860 2182
2859 2182
2858 2182
2857 2181
2856 2181
2855 2181
2854 2181
2853 2181
2852 2181
2851 2180
2850 2180
2849 2180
2848 2179
2847 2178
2846 2178
2845 2177
2844 2177
2843 2177
2842 2176
2841 2176
2840 2176
2839 2175
2838 2175
2837 2175
2836 2175
2835 2174
2834 2174
2833 2174
2832 2174
2831 2174
2830 2174
2829 2174
2828 2173
2827 2173
2826 2173
2825 2173
2824 2173
2823 2173
2822 2172
2821 2172
2820 2172
2819 2172
2818 2172
2817 2172
2816 2172
2815 2172
2814 2172
2813 2171
2812 2171
2811 2171
2810 2171
2809 2170
2808 2169
2807 2169
2806 2168
2805 2167
2805 2166
2804 2165
2804 2164
2803 2164
2802 2163
2802 2162
2801 2161
2801 2160
2800 2159
2799 2158
2798 2157
2797 2157
2796 2156
2795 2155
2794 2156
2794 2157
2794 2158
2793 2159
2792 2160
2791 2161
2790 2162
2789 2163
2788 2164
2787 2165
2786 2165
2785 2166
2784 2166
2783 2166
2782 2167
2781 2168
2780 2169
2779 2169
2778 2169
2777 2170
2776 2170
2775 2170
2774 2170
2773 2170
2772 2170
2771 2170
2770 2170
2769 2170
2768 2170
2767 2170
2766 2170
2765 2170
2764 2170
2763 2170
2762 2170
2761 2170
2760 2170
2759 2170
2758 2170
2757 2170
2756 2170
2755 2170
2754 2170
2753 2170
2752 2169
2751 2169
2750 2169
2749 2169
2748 2169
2747 2169
2746 2169
2745 2169
2744 2169
2743 2168
2742 2168
2741 2168
2740 2168
2739 2168
2738 2168
2737 2168
2736 2168
2735 2168
2734 2167
2733 2167
2732 2167
2731 2166
2730 2166
2729 2165
2728 2164
2727 2164
2726 2163
2725 2162
2724 2161
2723 2160
2722 2159
2721 2158
2721 2157
2721 2156
2720 2155
2719 2154
2718 2153
2717 2152
2716 2151
2715 2150
2714 2149
2713 2149
2712 2148
2711 2147
2710 2147
2709 2146
2708 2146
2707 2145
2706 2144
2705 2143
2704 2142
2703 2141
2702 2141
2701 2140
2700 2140
2699 2140
2698 2139
2697 2139
2696 2139
2695 2139
2694 2138
2693 2138
2692 2138
2691 2138
2690 2138
2689 2138
2688 2137
2687 2137
2686 2137
2685 2137
2684 2137
2683 2137
2682 2137
2681 2137
2680 2137
2679 2137
2678 2137
2677 2137
